1447
14
13222
13806
7425
5762
4535
5230
8217
6656
6166
10478
4940
292
9451
6875
8304
7525
8552
12843
2848
7574
8612
43
12251
8910
9538
3429
13440
6774
9294
8954
1487
5812
8716
8359
2076
5127
8121
9329
11450
3046
3360
5139
6581
12602
2312
7854
70
425
14867
3109
7819
2311
4898
1044
13363
5672
5024
10675
5756
85
525
14101
8793
13471
10121
6397
4805
1469
1437
12257
1241
4599
1524
9150
12961
21
10897
8044
11183
1785
8631
400
6146
4005
10315
14033
14700
2660
13048
14146
9129
9797
5230
4940
10507
6210
12046
48
6147
9705
3952
8931
8802
6431
7330
9552
8631
2344
11700
14645
5592
14941
2801
13666
13320
14086
6015
7206
10172
12248
13774
6130
145
9487
1323
8649
1727
13234
14464
7034
13519
10033
9234
13781
10749
2546
1406
12604
2348
1122
10095
10322
9979
741
7120
10610
609
931
10174
5302
9336
1494
768
13811
1419
8573
10949
12191
14578
13200
13419
3808
10610
189
7280
8910
4275
9925
10315
2166
5236
11500
1294
207
3674
10796
11782
201
9121
4049
5756
14595
1861
99
9374
6791
13069
3855
6411
7330
544
7435
4964
2223
4333
2107
8237
3024
6257
14295
11971
13441
10072
9008
2311
3217
5017
8786
7542
1259
1869
3645
2569
10580
6292
10833
9025
1374
2268
3509
3896
10072
6290
6572
2106
11333
13202
5712
10672
6976
9286
12257
8030
10884
155
313
1623
10317
255
12078
14056
6759
1566
14885
6412
7383
14368
2698
7302
5758
970
14047
14262
14728
11488
274
3711
3475
4325
854
7120
4098
1988
691
5486
7504
4171
7715
10104
2023
10209
1487
9334
7770
3885
6577
14604
309
8927
12375
2868
2335
12178
1610
13966
8855
8403
7435
2601
9067
4819
9801
7668
2605
394
2534
6146
14966
10383
9444
422
14178
566
2203
7254
12885
1703
12215
9531
1107
9502
10123
14010
13651
8498
5988
2236
12961
13095
10965
2139
6034
7766
13576
940
10775
1899
13191
6251
201
4250
14367
1683
1010
11712
2848
2240
7485
2866
10033
8631
4696
561
3304
13868
4955
4005
2358
5271
12863
783
13185
7746
9350
1454
9034
13854
14135
13907
7110
1447
11333
5193
6572
6796
3145
2866
10334
5523
12349
603
7461
2171
13910
10577
2929
6150
239
5149
13572
3322
9991
419
7086
2546
10075
13168
429
5789
11861
13803
4005
139
9622
10292
8403
8376
14321
5672
10750
14047
3879
2312
5230
5478
3361
9359
12756
5486
395
7674
4798
3098
12662
5525
9100
5986
11268
11438
6581
5532
3411
660
2427
7300
1201
12705
14365
14033
3220
3713
12257
14987
474
8682
5538
11027
7170
12705
8954
2539
14367
13238
4818
3832
3400
9006
1449
683
1481
6888
5079
14387
7578
7435
5653
9827
4049
5687
5270
1524
7308
1419
14584
8221
3008
8237
9420
11603
10886
931
6839
14511
9242
1321
99
5071
11027
5190
4250
2046
11393
6420
13702
12576
3885
8125
2259
700
12210
12847
11394
7919
7942
1406
14987
4875
4070
3375
8631
3109
3508
4940
12898
9516
6645
6699
603
2534
554
8954
3322
8089
3586
4940
12784
10196
12573
10283
12248
12471
12583
11029
9218
575
7525
11493
10738
1122
3796
9196
582
4352
11686
586
5237
7477
12190
10788
4587
6150
4038
5732
14541
5302
6135
11258
4510
9883
14868
11042
931
14149
8954
12996
7051
14931
7484
8119
1294
3475
12145
12237
7782
5093
2773
11607
5169
5547
10020
7978
5645
10997
7136
10344
8546
10428
5390
4333
135
2866
1869
10300
643
2917
7779
8430
1613
7170
7170
4535
13557
8121
2045
11588
653
1294
13827
10718
2341
3489
9979
9208
6832
11346
9925
3628
11158
12533
4158
11909
1103
1878
2822
11333
11604
10478
11458
4558
8910
2106
12623
6005
5400
679
143
4953
6033
13687
12658
12417
10949
3395
13652
13549
8806
1426
691
1099
7760
2687
4204
1092
14427
3375
1610
5078
12996
365
12946
6759
10257
8221
707
4250
8939
11164
10104
1503
10997
10418
12987
7942
10141
12994
455
1401
11603
14164
4005
9900
12515
3628
10209
8602
9609
11284
6839
4452
3322
14157
10749
1042
14274
8338
6029
731
11790
6950
3645
12419
7041
11371
10242
1103
1105
11183
10072
1369
9296
5237
3046
13811
13684
726
13200
10718
8869
13608
577
1952
8453
4067
7880
11898
5476
12847
4163
4941
10577
14526
8762
5390
12901
763
2460
8612
5898
1294
12812
7149
5563
7880
7525
14400
4546
8474
9530
7722
14119
5853
12768
4772
582
10632
10677
2080
5851
4994
10579
12629
11898
11371
5523
8799
8229
2951
8110
12758
14871
6824
1406
11607
12060
13419
11869
14941
702
13089
12791
12329
9301
1566
1161
9691
6842
248
394
14948
310
10773
2448
10062
9905
14295
6170
12986
7677
10851
13827
7877
2836
5951
14107
14475
1426
8954
3482
12784
10457
6644
7479
4953
1712
12100
7990
10755
10037
13222
9604
4906
5961
9129
7919
3676
773
3711
11541
10866
12248
688
7668
4721
14033
12882
339
12583
10503
13441
6950
9190
1487
8568
9667
13862
9265
968
3020
6130
8854
4928
3808
2822
1283
7947
6932
13800
885
109
3217
9033
12337
11638
3488
9399
13519
11907
10061
9811
7782
14830
5959
3837
3989
5547
1044
7892
13319
8650
13061
5645
9283
3983
6839
7650
9061
7674
2403
6645
14709
12190
3913
7094
2122
12515
201
11225
684
9265
11353
13811
6800
14932
13594
4752
14830
4547
6813
7120
9057
365
8474
10395
381
13346
8519
8498
4369
4746
5237
2228
10117
702
4316
13089
8316
395
13497
14164
7330
7168
955
3980
9366
14387
10188
6882
14646
13708
12952
7206
963
11052
9904
7488
1044
13980
11181
10858
12655
13572
566
8625
8598
3047
14018
3732
10174
4696
3475
994
3531
3197
5116
13693
11042
3174
2082
7559
6875
6783
4730
5399
4692
4869
3437
3349
4396
9931
10379
4906
4401
13640
4707
1002
10303
5133
10686
13757
10309
5717
3498
3935
12470
14949
6703
9006
5533
9129
5460
4603
11143
6918
11018
3751
13944
5118
891
7129
6029
653
773
4906
9496
14893
736
6852
3018
14337
2927
6812
3498
3815
1089
14475
4174
4333
5301
10257
3214
13313
11297
1626
8359
2138
14171
12629
13594
4143
7915
5947
8707
14146
14987
5735
12434
12576
6185
400
3197
1451
14541
12784
4813
1420
7800
6306
8154
499
10120
6431
11661
14633
5339
9444
3361
13811
5230
9121
6347
3808
1077
707
6277
5193
7760
6199
10738
7813
1086
14164
13642
4102
7542
6403
6029
9900
10323
1862
6010
5330
10040
8568
4137
14164
4106
1469
1103
8003
1161
14773
1105
3497
3061
92
5717
8737
8775
1321
4535
8533
2975
13300
8863
586
4158
12984
13828
8300
14555
13130
13018
8535
135
357
621
14
6077
490
10496
8295
3700
3520
7672
5230
4243
8521
12145
9561
13225
14256
13640
8762
8098
11405
617
2738
1869
14928
7477
9827
6516
6531
1059
5118
1567
7204
3024
7716
5986
8474
8466
2335
14011
12521
12505
11255
14805
10153
5237
14849
1201
5787
13614
9925
7461
4352
5071
12860
3509
1412
9211
4943
2881
11861
13910
7090
2897
14651
3429
6029
13583
5554
7766
6702
6926
13130
597
13014
5649
2003
7574
255
8142
6166
7972
7166
3191
2082
1215
12515
14711
8286
14266
11971
10965
7951
1899
2421
10579
5592
7435
5029
9442
455
11969
14135
3209
14033
13702
1899
12068
13841
14631
1850
5986
6029
8154
7892
3509
8667
13336
10033
10514
2350
10241
5037
3718
3495
10140
8028
13854
11027
13234
9764
7326
14586
6449
13423
1258
10000
9098
717
8446
554
6332
10330
8978
14958
12510
9374
9305
3358
3935
8743
8030
13642
3751
9811
13949
8044
14033
5857
3109
10419
4875
9944
3837
8644
8474
12077
12886
5533
818
5949
1291
3530
3354
6705
10720
1736
612
9502
9883
1850
10901
6800
11655
3820
717
11529
1447
10946
6674
13336
14284
14042
6257
2401
726
7085
4382
1319
5230
3037
10315
13160
1447
11501
9527
2131
1438
13569
1370
1328
1329
8635
12414
837
7297
1959
11861
11684
1322
1869
6631
4158
9705
1898
4070
2240
9744
4968
2223
3360
7508
3278
1347
3105
2496
912
11375
14011
2009
13583
1347
11299
2533
12382
8934
7235
6996
11717
13655
2096
4531
12267
1082
12533
8486
1369
1370
9907
13683
169
8830
9854
1374
1765
5686
12763
3645
9628
1954
13558
11866
561
10563
3210
10632
5653
8712
995
10906
9308
8508
5542
14464
1557
13642
5894
13234
13475
10768
10811
1406
14776
4456
8028
9357
525
12257
12652
10686
1420
1626
5756
12400
7435
5149
7034
10580
3463
9960
9058
10140
8221
4174
1426
3718
13130
6290
7078
7805
8175
1774
2107
9115
4123
7020
700
9063
7677
7990
1438
205
4599
5076
2139
14274
3286
3527
12510
1447
13222
14018
5875
4186
5046
7942
10646
11463
8316
11333
7112
10823
12947
4543
2002
6774
1463
1463
3508
8065
14173
630
8737
8595
12840
11158
11770
2160
1447
5988
643
4892
5758
12351
4134
12387
5763
9827
1419
14604
6290
1092
2533
9265
11810
11829
10720
14612
11625
10636
5700
5888
9647
6782
7942
8953
11027
43
9046
5093
11248
8700
3024
8762
11015
7972
4027
14011
14346
2849
4701
14584
14187
1042
12225
541
11493
12194
4508
9450
7766
2138
1623
4928
2277
7720
9319
10123
10438
2702
8207
7280
7504
3196
6782
7905
10115
1557
2933
1610
702
5190
8965
3645
11268
1567
11367
6089
12626
13519
6596
12178
8593
6918
7461
6577
194
1582
8825
14039
7166
3018
9761
2605
3601
5149
7461
2738
8394
9595
7477
9115
717
11880
14173
11458
11861
10419
8921
13939
4186
4998
10104
2605
6631
6411
4606
12473
11969
13621
8245
12337
455
4798
12756
10328
3989
10720
3719
2546
4517
1623
9948
4818
1626
4316
8641
14056
13461
9744
3497
12380
10744
3037
3355
10371
5763
14776
1493
5756
6172
1042
155
8504
4516
3579
1269
9378
1458
14173
13185
9761
1656
10355
11715
1419
3304
10248
1317
124
14477
9006
5306
3561
688
7051
8122
11284
6525
11603
8632
9705
10452
12322
4747
2702
4883
14360
8149
3196
14879
14459
9063
3719
1847
6415
2391
2344
12843
14867
3400
10330
12583
255
12947
1370
3498
12561
6577
4571
6533
13750
5554
8914
5024
2538
6705
14325
6840
13821
11043
12349
14686
13
10949
1712
891
7198
773
5676
13912
14387
6068
6469
8237
4883
5686
4091
10186
6423
9170
3749
3191
6431
3098
8004
365
13336
2106
12763
6763
3071
13774
1850
12661
7956
7656
2348
11987
10390
3234
13611
1026
12616
9751
2765
10189
1750
4038
6708
6703
1369
10439
1897
13949
11879
11604
7143
3885
6800
12633
2124
10946
3037
11540
10997
2030
1765
11557
2139
5954
7942
11859
8120
8762
11512
6005
1774
4580
11021
8628
11143
6832
1777
11731
554
5959
12046
717
1032
6941
6941
6796
7425
984
3628
3392
5853
7853
43
5947
3751
10503
12858
9129
8486
14173
1799
2897
12766
6644
4561
14033
14256
14459
7665
10115
7574
726
9708
8092
10472
13068
2822
13454
9047
12543
1412
1325
14033
13572
871
6778
12652
4158
11424
8098
13519
7978
10949
7889
6571
2106
12145
9988
1832
6431
1835
2824
9852
10371
543
2533
13640
13910
3037
3975
3286
6042
10582
1727
6256
10579
1438
14845
13829
11512
9063
4038
9129
11371
10847
13426
9153
11731
6734
6693
1869
592
13273
6832
1360
4994
8319
9852
13844
4818
9046
3196
1880
10780
4333
4174
1212
7166
10788
2106
2082
10439
5787
12178
8125
14922
10606
10864
4550
1899
12874
837
6199
13684
3628
3837
582
9862
14741
702
10478
6344
7443
14501
3815
8942
8793
5291
10800
7435
4798
9121
3360
4141
10123
13856
1613
9229
1328
506
3151
3196
4021
13856
11518
4552
3375
4875
4705
4883
9923
1259
11555
5119
11052
12316
2868
6210
9100
1451
12874
3395
8349
2901
4655
1949
6644
2107
7090
14830
14647
12429
1954
5190
11315
3474
6644
10037
8035
14
6348
12178
4517
7891
3354
2062
1862
14498
5001
9025
12576
14510
3624
1976
2522
1853
13222
3196
9314
10435
14039
1703
13089
4428
194
13868
8065
12400
546
3498
14928
8762
7813
6606
3020
10221
10058
8644
13222
1321
6294
2223
6572
7120
169
6116
14647
3639
2188
124
14767
14028
1947
14885
660
3628
2533
9609
11684
5888
7274
11396
6172
5949
4086
979
2030
3349
6332
7574
3217
7078
9897
8466
8064
12685
1107
11874
274
3109
3927
2082
1847
6259
8593
12208
13873
5676
13056
8667
3559
99
1047
3098
12419
7490
14805
2542
1712
5119
11284
13658
6577
10735
13854
394
1043
9470
8543
7003
1321
7435
4461
11469
14330
11562
5377
3234
3688
13434
4134
1010
5197
8978
10862
14337
1447
10309
8349
12600
499
14068
6510
13652
11437
8217
145
6247
7429
8628
14879
11161
10470
7204
12380
2107
13188
5483
274
1582
6015
4325
4385
6951
3151
3286
8943
5676
10122
12178
11866
4249
7223
12719
1785
4656
8716
7558
10322
10186
8474
5789
6510
12561
4611
10062
4268
3674
4692
2344
2139
14776
4311
12149
12855
8712
7766
12623
4696
7722
3178
5215
9742
8934
14586
12258
4158
4707
14776
14566
7308
2408
688
9296
13426
2167
12983
10643
170
9150
13821
10032
6610
14360
5046
13320
798
1425
610
11315
10552
5037
3775
8635
8942
12956
2949
10352
9687
2270
11111
4289
2192
9530
13829
8743
1215
4875
5715
455
5259
12812
630
3645
7525
10427
5071
9190
11297
2975
5758
7346
10514
11762
12219
2907
13099
13628
13640
8114
10241
7235
2224
12967
5199
6420
2548
2951
11018
13939
8612
5808
6734
9604
5237
2901
13663
5987
13910
170
5542
6416
11810
12293
1103
12911
13099
4401
8654
4546
12679
612
9761
11124
1161
10844
8474
3905
5024
8543
3998
6305
13089
2270
12344
3051
2652
12628
11898
5789
12550
12515
2798
13339
11158
8971
12882
13222
12189
4584
1807
5756
7832
8044
2609
7095
5732
13051
9687
9960
8338
8319
2295
5398
8543
4705
14880
4461
4250
11603
5071
1481
10371
6763
14598
13085
575
8876
2533
2702
4584
630
12436
1451
7443
7602
12623
7558
5127
13503
11677
11027
1294
12685
1107
2549
3862
3314
11018
3447
2334
3975
6347
14429
5700
3803
11121
2461
14643
2699
14541
1623
9782
169
2350
2216
14387
14531
10395
5509
12827
5459
763
9805
4772
12417
9960
2358
13708
12267
14566
2076
3775
1259
1898
13130
11105
5329
11969
2773
3718
3123
3820
5480
11620
14510
13621
13952
12573
4650
3975
9761
10949
7672
4457
5071
9359
6901
11018
2388
8813
6882
3624
14892
9128
12505
1861
7308
7300
4316
2082
14103
11204
10997
2240
6900
3151
931
14412
11501
2412
4158
5110
12066
10143
6763
8618
9531
9314
5894
5535
3066
11770
10672
2312
1161
14918
4752
13392
12652
11723
12637
9891
7713
13165
582
2270
7722
11437
14164
2448
8120
8799
3775
12850
1213
1356
13123
9151
1850
2461
8674
3140
3985
11756
11037
566
9029
8647
9487
3487
6019
10793
11375
5523
12178
14977
14647
11876
3254
11869
6606
3808
516
2738
2160
13803
2487
4955
2160
1213
1884
3742
4390
4599
4346
5303
1215
2498
14949
12543
1181
1358
6332
7191
13419
7862
10379
10365
9067
13569
9304
9190
2726
8236
8011
962
10341
14566
12700
11971
3214
2240
1524
1484
139
12623
9628
2533
5432
11709
8674
3645
2335
2539
5954
6348
2716
1727
332
14393
8109
170
9060
8602
2548
11692
3013
1447
9602
1321
322
14
12219
13945
7086
12626
9176
13168
3984
1447
854
7722
14830
11876
3775
310
8245
14360
8237
3429
1158
2738
4005
10864
4386
5306
5121
2009
2546
7677
586
3850
6782
4955
10033
7302
143
532
6467
5454
9744
7429
2601
7766
5560
4799
4141
4091
9948
10713
10458
3355
14643
4522
7085
9857
3508
5789
3719
11540
9954
2622
11493
8110
6941
9451
2629
10428
7766
11790
3229
6571
10010
1358
184
1758
12661
11258
13778
773
4174
10127
13195
2549
12094
14048
11371
1436
2288
679
14377
8098
11018
9336
11158
6782
3586
11327
14556
5447
6029
8019
2801
5483
6774
11274
2667
7732
194
2339
14846
184
8845
718
12669
3429
13160
4838
12754
7972
7367
6950
3145
6541
10224
12984
13758
2687
8568
8030
8030
5113
3018
2694
13827
6374
14139
5532
10672
3749
11607
13806
691
11987
292
10274
2240
702
6603
9009
6420
1449
7880
2716
10769
2605
2236
4617
7274
13583
12252
14773
8533
9609
11586
4038
10666
14580
11909
6416
2731
12178
13569
6423
7321
11027
2738
8386
12550
10560
2297
8430
2595
643
14164
12195
6070
2548
11299
2746
9305
7766
8011
3917
9502
3742
7143
14262
5076
2927
11493
4176
6199
14204
11515
4571
13130
2072
2765
12190
5140
10965
7443
3631
12802
5554
9218
14646
14337
8319
6584
11529
2782
4988
11371
13685
11560
14941
1267
7359
13
10847
9454
12178
11021
2801
6325
2531
4767
2848
3074
8217
8403
6081
7768
871
9622
9900
3263
1426
6861
8543
12761
2113
2608
12436
14469
3605
352
8533
13250
2096
5432
5906
12351
4813
2558
5197
3506
6699
3098
9552
10140
2716
124
9502
14776
11349
12208
13336
6147
11869
2846
11438
2312
4158
4362
194
2335
14000
12581
4005
489
9940
4558
2782
1458
7168
2312
4845
11258
8182
1899
2166
4991
8376
6426
4599
4170
8030
3487
5667
6631
1650
1560
3559
12060
7880
4218
12984
4941
14549
2595
419
4399
2881
2875
4617
887
922
4146
10775
691
14886
7819
11029
6921
9515
4968
8356
2045
12257
7367
11032
1092
4991
5653
422
8927
4143
4543
14859
8114
7280
6908
2906
14270
9308
2951
7230
684
8625
8716
10579
11700
6895
12178
11225
2916
10309
565
10610
8125
543
3073
14039
9769
2927
1121
11164
5329
2932
1666
9689
14859
3498
13803
5686
2319
12538
14274
2539
3048
8833
1347
1623
2003
3506
3098
2947
10037
2949
1758
11327
7915
7470
12583
3987
10121
12375
11948
12874
10152
5758
10660
9998
666
5600
4452
13908
8833
6691
11603
8188
9689
5339
4778
6822
124
9151
4254
12190
11770
10788
7667
12417
9632
5002
1294
10342
12487
4928
12626
13774
8352
14645
11971
2991
10645
7972
9208
14204
5441
3506
5078
1610
7445
9769
14295
7090
9515
14365
11143
13827
3782
3008
4316
586
11027
7978
10928
5756
11158
11333
14119
11255
3018
14711
10123
8931
6290
8533
5780
9923
7202
3027
11655
6812
11029
8700
10341
8030
12814
11183
10997
2096
1042
10878
3497
8338
4991
6225
11456
10457
1002
9927
3048
6397
6347
3355
11493
12643
5001
1525
5012
3314
10672
3411
1954
12669
7383
10635
11790
8543
1727
2166
8943
541
4640
3073
1666
3075
8032
666
6077
11746
532
3600
9515
4767
4531
10040
11912
10153
4474
128
14033
8498
14553
955
2569
10452
5808
11604
5932
10672
13
3098
7168
11437
9063
516
5849
582
10121
6306
10317
9319
32
1660
7971
3109
10120
11244
2347
1059
13061
4216
11258
14346
6622
14014
43
106
4311
13794
2448
5432
4158
8593
963
3046
3688
2546
9334
11790
11015
12768
13
6525
5904
14798
6994
1712
7202
6557
8631
10186
3145
2702
3676
4862
13800
6247
12417
5809
1230
1042
10334
6708
7574
10470
239
201
1387
13923
12178
4264
3431
9435
7677
6950
4510
11226
4538
2222
6632
8612
4316
13130
10847
8786
4466
3115
3178
2702
6130
7326
7541
5949
8786
4940
1447
9366
8793
3321
9034
1213
3192
5645
9334
14604
3196
4091
10107
11898
11667
12473
12602
9143
3542
13296
1141
1862
7755
3210
3214
2595
10921
1158
3098
955
3074
5323
3220
13985
12436
4158
14096
3719
13234
10470
7009
1089
955
11124
531
2634
394
2951
2320
3239
14487
2311
14283
10749
9305
2240
12119
85
2531
2311
4636
4227
3456
9705
6774
6204
12350
12996
10610
5762
7477
12257
13353
7155
8914
8207
1899
3711
8044
11723
4467
3109
8632
7749
2975
2139
2108
5480
8882
8237
2533
8501
4386
14418
3561
6305
2269
9046
3051
11869
7677
6301
11121
14022
12886
3304
7665
11469
4724
11323
10878
2009
13082
1365
2334
4316
691
3046
10051
9170
7477
516
11182
7574
3322
10452
4256
13569
3267
6932
4696
12404
13426
3334
14020
13827
12652
3212
1683
582
6908
3341
12874
1481
2790
7749
9923
99
9420
4873
9487
4322
5497
6766
3349
6332
14603
6192
7446
3456
5190
7755
3358
8030
7577
512
13877
7924
13130
1566
14010
7672
4254
14553
4606
12181
1876
1089
9286
13588
9502
8425
10552
14645
5762
10577
12505
7280
6403
9883
13497
6511
2916
10960
13336
12761
9601
8182
3382
5538
11620
11037
8762
3098
506
1420
1107
2824
9696
3392
13051
2220
12874
501
10636
13130
3400
7862
1563
12344
3509
8217
6708
3605
14262
5850
11772
10556
3196
4188
12700
14959
12471
7299
12996
13614
10174
3899
4869
12381
4067
14866
9218
2605
7359
3426
12882
13687
2139
4067
7877
490
6213
7601
13951
11723
13250
3178
7574
12613
7425
5802
6420
4234
8121
9900
10606
3478
14096
4767
14464
13640
10037
1158
12332
11969
8543
10072
4053
14928
6433
5197
10478
9744
3461
3462
13966
9292
5662
13903
4227
8114
7308
14133
541
2477
13585
7141
9502
4599
854
5270
12208
3478
14239
7832
13258
11909
9818
9319
5921
3489
864
3098
10196
9515
9628
13630
3495
5734
3497
700
7924
11611
1799
3719
7112
5110
5215
544
14393
7778
1042
12547
5600
10472
4333
4906
3514
8122
10467
14103
1623
4898
14892
5348
4168
6941
3375
1613
2605
1987
7066
13265
11821
10033
7677
13666
3314
4443
3388
4977
14274
9359
14470
5613
5140
359
13468
4352
4359
9897
4067
5772
10196
13440
3497
6041
3561
4359
6978
2249
7429
3400
11876
13522
7942
2605
14018
5636
11184
3779
4376
5890
10532
14803
612
582
12178
11948
3586
3628
5316
309
8962
5508
13827
6925
5037
1557
9911
4799
5728
4571
11516
10000
3303
1759
14608
1643
6328
13258
14776
666
9059
7451
14645
3123
4385
13462
12763
10931
14086
3614
4968
4601
3520
10467
12874
3498
4452
13511
11661
1964
11130
14941
14667
736
14657
79
5270
4767
13829
7143
6606
11131
2698
14799
6774
7490
12847
13666
4953
14501
611
3307
8934
1711
8883
9197
3782
231
1103
7003
10957
5466
8175
3663
8712
10310
4227
14814
8806
5199
3341
3559
13944
99
984
8207
12178
13354
2259
2751
11405
14239
5642
11297
4385
10579
7854
2106
2203
6081
5093
12848
12983
10610
7168
10072
4170
3531
3698
5127
3071
4550
14604
3304
6343
10610
7971
773
13693
3098
14325
4953
7216
12381
11371
3719
6449
2705
11607
3721
297
12387
3197
4369
3045
3304
2849
11655
1494
6091
5621
13130
4399
11500
8533
1736
3742
4692
1141
3074
9063
14294
3749
5700
7429
12531
14154
3400
3586
643
2626
2236
13847
6691
7732
6253
9058
8319
425
5002
14796
14068
8952
6656
6257
3760
10383
4168
12824
10139
5483
14054
12778
10749
2122
13549
7800
11800
12956
12059
10503
10419
9761
5645
3786
14919
11657
5679
10352
6606
8844
4747
10833
11607
12547
13056
9129
4906
6431
9979
3478
7041
4316
7810
13468
4655
2866
13061
8558
13396
6147
4311
6489
3820
11111
995
8447
10117
3047
1959
4174
12180
4838
3830
13628
13952
5118
13456
12344
9374
9595
7892
968
6705
11676
726
4038
1317
7574
14619
13827
12062
5679
2270
12866
4382
12626
8633
6994
5988
6431
3191
2595
12637
14350
4968
7942
7435
1861
13811
8110
8128
12178
7768
1447
4198
1487
14033
7677
7386
13778
2358
6150
13549
9078
4353
12860
6010
2838
3546
11928
11374
4943
13
6259
12523
9451
4038
9204
14172
2538
3935
2335
14269
1824
3837
13652
3905
3586
9414
14846
1005
8474
12784
1213
4311
4559
2122
8122
9265
13419
14047
2975
2312
10675
12005
14797
13419
4323
12078
9696
9251
9025
4884
3267
10344
5079
14598
12628
1321
9863
12850
10334
8122
1849
5093
8825
11126
14886
5542
584
8501
1537
2140
5307
5936
2160
9708
7481
9243
11105
9292
2220
4102
536
5667
5645
2341
9850
3975
159
8649
9558
5694
5542
155
3980
10153
395
13247
6296
3983
3984
4767
3364
499
7525
11674
12984
4531
4552
9744
5024
4656
8316
9553
3980
2694
887
2833
8558
8207
4005
3098
9897
9744
11493
4708
11333
6577
10610
3355
11315
2521
3600
653
9414
3580
14262
4027
11861
1323
8116
876
5538
14797
612
13627
4038
543
10205
1032
11541
8672
5756
779
7437
5190
6516
1576
205
6374
1255
11429
1949
1847
11458
14464
3696
8382
13549
2687
10084
12257
4070
4071
1481
4558
1258
8632
8533
4749
9061
12972
12337
12190
1967
10037
13583
4086
11393
10470
1468
5235
11617
14270
13787
1082
13519
14941
13296
13912
1369
6135
6010
388
2122
14536
11029
12550
13819
9870
8084
5081
14711
454
5649
6596
11898
13869
4634
1610
11874
8573
4204
10514
6708
2107
12634
3905
4123
6521
575
6708
3808
3639
10292
11971
9415
4134
6325
3426
6431
4943
8028
11429
2236
12381
1451
6577
11226
7495
8910
5237
9827
7972
5459
4883
3579
7602
12869
717
10579
9886
5687
14107
4163
11971
14830
13966
14614
7204
3334
10579
4171
4279
4174
12886
4176
4198
7283
11131
13222
10560
5621
3600
2106
14157
5434
11516
5576
11928
4188
1988
14647
11556
14204
4067
13075
12100
6246
10729
1215
11607
3304
12678
14262
7782
8286
10859
14867
5809
4474
4210
2605
10473
7094
6344
5560
4216
11164
4218
4953
11562
4678
6431
13426
10242
4913
3600
4227
13234
1582
9366
1623
4091
1748
7731
4236
310
6888
7443
12190
11021
724
6446
8122
5190
11526
2076
4250
14239
1610
13203
931
4254
4158
4256
14892
571
10775
14557
2401
6015
1982
10257
597
1748
4254
2901
14578
7760
12077
6734
309
4800
5230
12059
11254
7720
8498
14235
14384
3605
1469
13781
11441
9555
4705
13774
12062
8582
4297
5727
5303
8035
4250
6450
9105
2426
2341
7906
4746
14072
2023
10645
9357
4234
3837
11854
823
2222
11438
8554
3779
2790
4322
5093
4324
4389
12062
12196
12208
14604
10405
6693
9914
9897
12947
2240
14157
10139
12600
4696
14645
603
13713
9315
2312
7478
3663
8138
7525
11021
5133
7794
8478
4670
143
10174
8799
313
13594
11512
7302
4352
5728
3474
4355
7760
1651
2676
4358
11692
4174
11161
4361
4362
14377
4928
9745
4369
5304
9744
6073
6884
13873
14651
12850
14187
4382
14995
9744
4381
11638
6839
8716
13693
9526
5618
4389
10186
6325
3514
6412
5752
6305
1454
11284
13168
3498
14086
3495
5071
4772
5190
13398
13685
14810
12344
6269
10107
8845
14556
1988
8622
1876
3217
6708
14948
8188
14886
9960
6778
4106
4506
6400
13441
4428
5480
12583
5887
5856
10156
4805
13464
6703
8833
6266
7656
1896
10847
4176
13652
13411
5447
205
8579
2140
455
12145
6185
10896
14163
2801
11607
8845
14426
7220
1044
6820
4474
3314
6611
5734
14608
4038
1610
4474
13346
6257
1370
4399
7435
9601
10503
12190
6900
425
3521
5772
1610
7760
5787
13800
10552
12600
13827
6531
2358
4355
9247
1866
8051
9296
4510
14646
6661
13471
11756
4516
1258
5756
14485
4522
1640
8743
10702
14754
7555
2875
5649
12375
8555
6925
3514
5460
9499
4535
4346
712
11441
2846
8533
1712
11928
10997
9118
14710
6699
9530
7800
1765
12350
6734
4552
8632
5242
3719
7124
5483
4559
4561
332
12005
9170
1643
2660
10823
4227
11284
3559
1323
1420
14885
14643
3983
8836
5850
13061
10107
4579
4580
14608
5517
11969
5533
4396
14421
4587
912
13757
2605
13589
11284
2897
12866
12344
1005
10428
7280
11085
5882
3645
9544
8626
6644
4603
7983
4667
4606
2223
5303
4767
4611
561
13463
422
712
14107
4617
8844
6750
1736
10257
8386
7722
11105
600
5476
5994
12076
10344
8072
10635
7574
4289
14421
10117
7677
611
4636
1426
14171
10196
12543
7461
14407
3220
3688
1225
7288
6172
1503
2546
1267
1441
912
7009
3611
6852
9963
9531
8338
726
201
12996
5024
9350
11428
3645
4234
6852
4158
5932
14647
8927
968
13352
7299
7094
4670
2140
6610
6206
3564
11456
10062
10309
9218
10534
8242
7813
7942
11405
6978
3073
11405
5071
9274
8573
2822
617
13336
9378
625
3556
2412
5542
3808
155
6575
9502
14096
2116
3027
10553
1228
8478
660
357
10666
9070
9017
4352
13549
1949
14226
4143
9451
7485
6347
9308
8050
4721
2139
4724
5432
9350
11674
11526
14405
4731
3559
12882
6204
6925
5857
6900
4559
4776
6353
313
7956
13225
5560
2072
5342
14566
4747
4056
10993
10972
8844
5532
10165
5951
12824
8030
6150
3109
9359
8978
9233
12662
13811
4799
6833
12547
4790
4767
11261
2634
11885
10579
3830
12827
9012
12190
9033
5763
4776
6918
8965
11429
9308
7090
6433
1370
12253
3927
2270
277
14831
10994
4752
10058
1557
5951
4798
6812
4800
10610
12014
10341
7435
8446
2499
6703
8128
3109
4813
1866
12382
14989
12055
9415
14556
14020
8855
3676
7461
1799
2683
653
4824
11461
11515
3516
310
4143
5127
4158
4819
13944
365
4218
3063
3987
12561
5454
14856
5377
5399
5653
4845
3383
9303
1982
70
8107
613
13319
10283
3187
8927
13670
4038
13018
6343
3105
13708
14776
9925
11588
11394
4696
5518
5932
566
10672
9805
12267
610
2270
14667
9129
10471
4884
10636
4158
4696
13445
10130
2817
6950
9549
109
5744
3322
2634
13522
6256
11465
597
1581
4941
11782
4254
24
9063
11928
8236
11928
5139
10022
13163
10503
12208
3098
5645
11671
7425
4614
13336
11929
13222
14578
14501
14250
14604
14412
2951
5986
9527
8674
11456
6960
14495
12119
566
12669
7446
6918
13419
4443
8641
205
1259
4940
4941
3506
6800
10072
13185
4316
8806
9869
6541
6610
4953
8700
4955
14226
12062
395
2836
2062
4434
3113
8130
14696
7889
10153
13781
1566
2277
12248
6246
1899
13456
5762
14813
9622
2107
2538
14412
4977
6350
8554
7216
10577
8712
14797
8217
8664
1878
10172
8321
7755
10274
5302
5215
8637
12195
13468
1370
4998
7583
6569
8030
6029
5002
10051
5151
12538
12320
10355
13165
14503
3862
10946
5230
5508
4311
11676
14262
6041
14604
10997
11254
14646
5236
8748
8655
5024
5024
7942
7425
13110
12700
1317
1099
311
12062
13169
7435
8842
9502
9454
11620
4323
781
10579
7990
6641
5046
11181
14133
12473
12215
6247
14010
1899
666
14274
2023
5306
7425
7020
12625
10153
14686
3478
3550
4399
12404
1863
12901
5071
7732
8748
1360
6932
6118
5758
2203
12581
14323
14163
10188
6269
4143
5758
11983
14094
12855
1869
9104
9284
2297
1511
11297
6572
7208
8844
1158
7800
10419
1891
1785
9764
9900
5613
3018
8112
1449
11666
5110
13168
14511
5306
13594
10830
12901
14407
779
1438
6097
2608
1420
13811
9538
637
5127
12576
543
7972
14107
7542
4767
11607
1425
683
5138
5139
2113
10574
13666
8486
12062
14699
2522
7722
14393
5149
6800
9602
1576
9544
10713
10552
10034
9211
10000
5893
14928
7266
612
10221
3808
2107
6901
5009
11264
14346
12625
6603
10375
13089
8598
3437
5758
8953
6039
7143
13419
9761
14863
14633
13106
13396
10010
13049
6148
4617
5215
768
14941
5480
499
4038
712
4580
7297
4517
10159
5849
12762
7223
14107
4141
3304
5756
14103
1898
5976
2426
8636
12961
8297
5740
2798
13471
13328
9628
4389
6912
13874
2225
1959
11518
10800
10729
4216
2030
11562
6044
12058
6301
1712
9623
9336
3514
11458
5236
6431
13203
11607
872
14412
13827
3734
6287
6055
3197
7403
603
10365
10306
14667
1560
5242
11329
996
5151
2228
4456
1899
7942
5694
7612
1835
2108
7566
4087
8806
4656
7956
12996
3530
6759
3234
5302
5271
9057
12768
13832
10672
3239
4813
2167
2605
8625
155
6033
4289
2790
2319
11516
13792
7525
6734
5291
12679
13440
5070
2347
11607
11969
7041
11987
4005
11861
1618
8474
10344
637
11078
11290
13549
9153
691
5306
10418
13349
8631
8432
1420
10439
9933
10589
9374
5190
4900
9104
11074
8942
9863
9451
4239
5687
5466
10186
13195
11928
2122
1899
9559
7034
5328
2236
14103
2139
2800
14346
10965
12875
14797
4385
731
10216
4158
617
14033
531
1365
10557
5480
6734
4352
12697
11770
2391
9308
4718
201
11099
9098
12875
10965
9552
10122
5357
8621
9782
7470
4799
7583
6293
422
1623
575
9062
64
1959
10062
6796
4968
10159
8188
8555
6978
10533
13468
10646
9432
10622
10713
14871
14119
9628
11456
5528
13097
610
6784
11438
13683
13163
11438
155
1884
9046
5390
12756
14360
10983
11607
3399
4873
9975
5399
5400
2062
11161
14477
6206
9006
5405
7964
4385
14459
8240
7274
12471
1161
9761
9897
13440
10330
14173
9897
2822
4798
603
10833
7120
5017
14860
9470
8806
12436
12145
14026
274
6041
1626
2660
11463
5888
13300
14226
13924
13519
5441
1924
9925
4955
14498
11674
4630
11151
9304
4432
11969
11759
9190
5456
8568
6750
32
5460
7204
3515
995
700
7235
12629
9058
6774
12543
5756
2801
2849
3048
7191
11183
9061
6511
14266
13354
2609
2072
5483
2312
2122
9314
8581
10610
2387
10037
7931
1785
12678
6839
6842
3113
13086
13089
5535
5667
2138
1451
14164
4705
6921
577
143
4070
10574
8592
14270
7883
4813
6290
425
12628
621
2448
1225
2798
1414
11863
13220
3209
6571
12136
7718
10341
5497
8051
5535
5538
13497
4374
8533
9008
3803
5898
170
1259
11346
6077
3278
170
837
9689
3899
8229
8806
9381
14566
10058
5995
1557
12381
617
5562
768
7748
4467
12533
9053
8322
7677
3815
14152
566
2609
12248
11164
12190
10979
4799
8154
839
8842
7124
11674
13966
14274
11078
5536
2223
10316
13165
13250
12094
516
12100
1952
13552
5600
683
9661
12058
5603
7172
7110
5206
4802
3808
7667
6822
7325
3355
9850
6359
2933
12054
637
7143
14266
4579
3748
21
11022
325
14526
1032
1610
3663
14337
5149
7794
9496
6763
8112
6996
2947
2427
12957
9057
4892
11759
8506
1377
4188
4869
11158
12658
10720
9063
7297
12685
1746
4141
9450
4875
10186
3267
5662
582
11184
12405
5215
14568
14355
10675
9318
14365
11333
12576
14963
12703
9499
2897
7574
8931
5676
11254
3013
1982
3850
14859
8543
1387
13440
12882
9191
5686
8323
8236
8737
14863
13844
11782
14949
12405
5478
5694
12257
9274
455
4067
79
5215
5483
2259
14635
5456
11270
10428
11782
6027
8242
6750
7574
2605
5715
6029
8931
1158
274
2192
5722
12293
5724
12761
6978
1563
5727
11147
1228
9111
3286
11861
5732
332
7862
12740
9039
2577
9473
12712
10156
8114
5936
11516
11022
4061
13471
6412
12761
2339
9502
13866
7445
11347
3098
12056
4906
10061
5304
10960
6791
5763
14054
12295
14586
13018
14323
12521
4718
8716
5771
3985
5772
11315
12875
798
11971
5149
2822
8721
544
2626
10034
5931
11441
6644
11620
5789
14880
3975
14096
12140
3782
6256
4311
8114
13877
10257
2868
5802
8737
10949
10507
6446
8237
5954
1291
8844
5809
11972
12789
284
14700
8824
9251
6582
9009
3976
11184
12946
2660
6820
9425
8349
12180
8176
12515
13583
14464
13046
7359
6068
7905
2838
3046
4845
5476
14797
2460
9705
10844
7478
13522
4352
11541
12946
2341
5721
12061
2558
14470
3508
9033
14495
4143
8612
3098
325
3360
9907
12112
14173
8338
7951
3630
14302
10428
13856
2933
1563
7078
683
9920
9150
3191
8356
3322
1862
13356
9555
2131
13440
6766
1414
14039
10087
11151
13346
1215
12257
871
5883
9927
6596
3341
5888
1328
11288
10344
3628
6656
13576
5893
5894
691
10263
10901
541
10341
8940
5017
5903
3105
2311
6960
12136
5003
9689
4898
5913
11557
6838
4668
5110
11022
10791
3718
9265
11516
11541
11043
10622
8910
3304
12051
4049
2848
5932
798
284
10375
2683
10738
12844
9435
12911
5483
10972
4747
3778
7297
5947
4143
5949
14646
5951
13234
6842
14867
4056
8145
1059
14443
14375
359
10316
422
6348
8474
10972
8211
9284
6344
10257
4316
10755
8716
14338
4098
13924
3151
1500
8635
11516
170
11131
4552
109
6708
9744
9061
9552
3411
81
5988
779
506
4818
3983
1824
7103
6840
7942
7668
10472
12062
3998
6312
14966
6005
5076
7674
184
10496
9304
11269
3613
6499
11789
12472
12164
305
12135
9336
5215
9029
8549
6400
1576
12874
5270
13265
8124
6976
6762
13188
3098
13854
1392
5156
8364
10689
10159
11865
4358
6448
2660
3803
5686
1347
10072
1481
14284
13660
248
2150
13628
4174
11723
8649
14625
14033
14584
9286
6901
11869
1009
1421
9960
2681
14867
357
6060
8030
6063
383
7143
13165
7719
2660
9208
8843
10823
5329
9294
14859
5259
425
9264
11515
6077
7766
566
5452
10788
14831
6081
3935
11676
609
1656
5547
876
3719
14885
7718
6091
13640
13641
3899
6185
10241
13
6918
818
2477
3885
6551
8214
7170
9499
10965
13046
4757
6796
14055
11863
8486
2270
81
9487
5922
11255
12322
6292
184
13642
13924
4038
12905
9374
4091
13589
5230
9061
6888
9305
14810
11667
255
13549
9628
1843
3604
9294
3045
11469
4158
9115
4883
6146
6147
9959
3851
8252
717
2726
3830
11674
5600
9487
3046
10577
9555
11799
10263
7353
6908
6160
11030
12855
9451
4875
8478
10344
1765
6408
4868
2897
13417
5860
5523
7740
1712
1463
5921
12847
612
14867
2401
1325
6505
9696
400
14387
10282
3913
9153
13933
11469
10972
10946
7971
14867
5562
11493
2782
1365
6204
9925
2225
9129
1598
477
4279
4531
4452
10735
3202
10000
523
1847
12934
13608
14647
4284
8618
14860
5190
544
10120
10669
14814
12600
7245
14226
14393
1988
14103
13854
7477
14993
9002
5535
12613
8149
13
9687
9603
5003
6247
1043
8535
14048
5024
6416
14506
64
8612
6839
5330
2558
12405
1582
8084
12912
12237
13636
6266
7942
8242
10878
8830
7041
10375
7078
1626
14966
8806
6801
2539
6277
1259
9029
793
14651
5645
6838
277
10690
4956
7971
7353
13
6763
10909
6571
6290
3719
6292
5734
14510
2652
5917
10528
10141
4474
13519
9764
2448
14033
5694
13700
10580
11043
11261
11667
7120
9648
7672
3734
7330
13440
9301
8110
12934
1121
12946
8092
603
10241
5024
1712
7041
14346
9544
13396
10823
525
4927
1125
2540
8478
7722
10186
6332
818
4640
3063
9883
2335
1693
8802
10375
7811
12583
13554
12293
9211
6344
5230
6873
700
2263
135
5486
13942
1712
6353
9927
9925
12417
8806
1346
2785
12858
5002
7942
6116
4401
14805
12652
8762
13693
11929
10838
7479
4091
6374
11441
8543
6251
13656
9555
11131
6380
2836
13441
2866
12521
9325
1225
13168
4546
14249
4943
5471
11790
7429
6396
4656
11433
11824
8667
7746
8356
12337
10856
5121
6900
6409
3360
4873
10194
5458
9959
5763
6416
10037
12429
13549
8236
12623
1441
7451
13800
5336
6431
5535
6433
6434
5078
11607
7095
3676
4056
13421
5138
12337
6449
6450
3234
4381
12122
3115
12576
2203
3395
6459
4124
6774
7330
7978
1449
10471
13454
1924
8727
4636
613
11790
5853
13944
14269
5888
6150
6027
14948
6431
8114
14711
4452
4746
6015
14526
9303
2595
1201
11438
8028
8221
2225
12337
1213
12257
4656
2521
6813
11111
12419
612
13866
1192
6510
10532
6147
154
6516
1103
151
8664
818
8625
3605
7120
12625
1861
13589
3187
5721
2833
14172
13434
11790
2106
11437
6533
13554
7155
5568
955
7947
14262
5071
9046
8064
7243
14030
4325
4071
14776
12860
13680
5740
12046
6549
14326
6551
10750
11603
1215
6571
3803
12094
8160
8403
13944
12180
10478
10072
6489
10330
5122
7326
1451
12293
9443
1215
6575
11147
6578
5458
10221
13363
12337
14164
4599
3600
8973
9296
4227
8610
11371
5947
7461
7431
1283
5206
11021
4741
6596
5868
9933
4401
5738
7243
1365
13075
7668
13933
7367
9818
8242
5069
9623
2131
5339
4123
4805
14646
13572
13758
3229
14032
13403
13417
11869
11620
12811
4546
8543
6888
9637
9061
12521
10186
1987
10702
11158
6643
531
6343
8914
7574
3478
1866
5306
12829
13828
14321
9522
2358
1623
9314
7574
6661
4747
5252
12761
3475
14178
3059
5116
8316
14949
582
14667
14941
14283
6863
6674
3917
13878
4123
8778
13549
7418
11258
10334
11043
14886
13727
12661
8207
12634
10000
6691
3220
6674
3780
14711
7975
11493
6702
4636
4311
6656
1566
6708
1626
6317
612
7300
4818
3214
2140
9742
11588
10090
9659
12429
4614
3039
10878
511
8743
2682
1181
6842
4275
7274
3482
4611
10507
11790
4290
6932
6763
8175
277
14459
6033
9415
9558
8535
5679
7920
4545
10635
14173
9251
10257
9852
3048
10196
4686
10636
9129
14146
4218
4772
1869
3506
14226
2533
8315
5563
9555
8376
5348
6766
10534
4198
5768
12905
6489
1377
6773
6774
11971
12337
13713
13522
11353
9531
11840
4730
14810
3645
8478
13680
962
3123
506
6791
12756
7451
7254
4333
7906
14885
4538
1870
8716
7294
6800
12429
3478
6804
12576
2608
10080
9174
13652
11557
11226
7942
4373
6812
4375
13642
11744
11269
11022
2817
11022
14835
12152
2096
4953
6824
14368
11333
7435
10257
1438
4049
1862
3234
14083
12814
8050
1899
11714
381
13582
6838
6839
6840
4643
2801
6147
5307
13391
6753
6060
10972
2046
6077
9063
11315
2139
12784
10851
10328
10966
3375
12189
11327
10718
11674
4362
1216
1451
9211
6863
3051
8806
14010
12687
2901
6869
9558
6875
12387
12389
575
13576
9046
13758
11969
10309
9588
11762
10672
7235
201
8965
2203
11089
6888
5947
6150
12994
13923
9059
8064
6708
4875
6294
1712
6901
10439
9937
12195
8382
4862
7931
13644
13475
12633
7924
8598
5302
4143
7942
7208
1322
6918
7558
5237
9308
12337
13462
1959
13711
13081
5127
1869
6374
11200
6932
13461
9988
7577
3024
3323
14313
14107
341
6931
1976
8323
2881
575
5434
5029
8322
6842
11132
4256
10720
14173
14441
4819
11607
1291
4749
12190
12802
8793
7041
12697
11194
3982
3952
10997
2171
4236
11261
9010
6976
4977
499
11628
10481
3509
4745
5071
1436
13339
12993
13827
4767
3355
10355
603
14146
6994
3515
3037
6997
4005
12863
10666
5405
2605
6290
3234
11456
12145
726
823
7155
14
10329
6031
116
14274
11315
6912
3786
3855
9039
6802
3279
7051
4250
1640
140
5197
5852
5532
10666
5803
2765
11674
11886
2106
9637
6015
1463
10666
9998
12861
8130
13130
8386
4543
7051
12257
10672
2080
11456
8034
12561
6150
5932
10040
9009
9516
8030
12858
9294
13827
7066
6856
7120
3145
6396
13519
13203
10037
9047
1880
13222
11183
10467
11887
1225
13168
429
6511
7085
7086
5953
2224
2002
5951
7508
7667
13644
7094
7095
3024
5377
2876
43
8775
2023
13526
13993
7103
14327
1230
8110
1954
6301
12317
6377
1487
7889
11686
239
2325
5951
12561
1365
3808
7766
11258
6005
13185
352
7555
7668
1727
499
10113
571
5712
9900
9630
14270
13666
6791
10729
6901
9063
9988
3613
5323
10263
7120
1537
14566
10478
7470
2220
3559
5931
8004
7155
7156
2107
2577
12515
7120
2546
2312
10034
6832
2454
5458
8954
9883
12404
7172
11021
4376
7873
7120
1651
4311
9292
5936
8474
12572
6147
8145
13527
9061
1802
189
13168
8602
11410
7418
1269
14229
1414
12521
7199
12946
4322
11030
9336
13966
5302
8833
13354
7208
11715
6374
6416
8030
8921
7006
11433
10556
6325
7216
7199
7220
14651
1481
12723
2951
14773
14635
7172
6900
13750
3879
9251
9272
6353
1255
11723
9696
10120
2106
7704
8188
5995
3613
8700
9549
7308
7245
7090
7120
2592
2269
7251
11347
5947
2046
3352
12893
4672
8607
12058
1010
12848
8762
9979
14157
8793
5151
489
1127
6802
8011
2683
11315
10949
4144
3905
8315
6081
7280
13482
7283
10127
9414
9242
7704
11477
11029
4358
7877
11300
11826
5756
10864
5069
8926
7300
13737
7302
8426
912
11022
12669
1525
4396
6782
2166
3885
9526
6269
9555
2195
7141
13856
2259
7316
3742
14146
1454
12712
13683
12729
11045
4146
10303
7023
13559
4470
3191
6900
4656
6216
7330
876
4289
5452
7041
8125
9527
6801
4552
9118
12094
5459
8474
2785
6287
6147
10478
13652
6434
7461
14503
14226
2927
12901
7353
5122
7355
9153
7873
7359
1107
9561
2113
10766
5618
5197
8833
7956
10117
10738
7883
11105
6251
4964
1103
536
5756
13875
4778
11826
3749
8806
184
10579
4170
14643
10556
8844
7479
14169
11195
8020
1043
5441
10193
10851
2886
12576
7477
2325
9502
10557
13716
8403
11126
5306
6465
212
11607
10481
2062
1044
609
4158
4172
2906
2334
2499
9150
292
3046
7418
13417
13828
8154
7280
7425
13741
4143
5302
621
11865
6200
13966
3360
13827
8533
9691
2023
14784
14367
13892
3322
1511
7905
12337
7445
5787
6839
11723
3698
2930
611
14200
3278
14355
2366
7456
8674
5809
7574
7461
12223
5069
12059
2614
7168
7467
6884
12293
14880
8144
7906
13426
8319
6782
7297
7477
5456
13106
12583
14368
11692
7454
10775
11984
8105
7488
3700
12434
6431
14239
2932
1606
9473
2801
6644
3885
3508
4656
10957
7504
7505
5988
9801
8628
9960
8762
2917
4290
5328
5642
7516
11529
490
12180
975
4143
4324
8650
4234
13944
3392
1294
5459
9063
13230
13666
11715
10960
13641
7533
8032
7915
5603
14867
2577
5758
1765
7541
7542
10557
4358
10096
6919
6135
2620
1463
5528
2403
9927
10972
7555
5949
13656
7558
12078
5756
5237
2334
8799
3217
11927
5190
11340
9009
14941
6932
4218
3399
6374
10653
582
12705
7577
13868
2216
10274
4547
4655
3556
9604
13411
6773
43
2595
400
3851
1383
14553
11512
6912
2421
8394
10121
724
7597
7297
6873
14868
7602
13163
4875
4599
4143
4386
9234
630
13589
7481
2773
2866
7425
7612
14173
159
8965
603
10482
7722
6611
5110
4678
13663
2927
2030
9544
8504
9402
8740
5523
7041
13388
4813
7941
12436
2160
2790
6724
12847
10482
352
13652
14728
3375
9368
7110
13966
14172
5542
9008
11603
14557
13636
10211
3450
8978
9833
7665
12533
14266
14262
5302
10000
4862
12359
7672
3586
11625
5151
9558
8727
14031
7677
14375
2122
5894
10075
5898
12078
3927
11482
13144
5568
13319
13051
3210
7282
11840
7297
5949
4552
13803
11042
8110
1560
3515
7748
1447
14459
8394
13583
1954
5662
14326
7713
7715
8748
7467
5860
5339
4146
6415
12487
7722
691
11776
13075
14096
6976
8011
5339
12472
5157
7732
13554
2951
1582
7736
6210
7223
1294
7740
6377
201
10622
6147
12046
8533
9883
4092
4818
7749
1606
11603
14033
3450
3980
8242
6703
1567
10333
5303
13157
14459
12600
14608
9558
7766
11130
10194
7769
9452
13441
4748
3676
6328
7467
14948
10935
6824
13162
10156
12043
3935
4353
6774
7942
4913
7788
4396
1576
10282
7206
10022
8474
7978
4805
7794
4027
6997
11424
4561
429
13737
14399
7853
9009
1082
13068
1086
3098
1971
13253
4249
7719
7813
5079
6029
7816
4808
4416
10306
14262
3109
2919
12515
311
13827
12968
6791
8700
9368
11058
12860
7832
13471
10211
7023
4434
106
9857
11441
12104
2401
7843
11939
7845
13652
14238
8501
7488
14154
4452
3407
7854
2833
11757
12059
14711
4236
7437
11029
7862
5904
10309
8910
14485
10096
10744
2106
8447
9833
357
7862
170
12030
7876
14226
10299
4316
454
13363
7883
14412
8573
13957
11260
5649
13939
2347
13811
13821
8263
13741
14700
1777
11141
9733
9708
7308
3601
12505
7597
12035
9286
7228
10381
5592
1853
666
6996
5342
10346
5458
8762
143
12215
12678
12257
13051
7230
872
9072
10189
5732
10346
12337
4236
6070
6919
7930
12863
2086
13163
10579
12770
10534
11928
10909
8653
7942
7941
3098
10010
14146
8825
3263
13163
8999
1564
8952
12860
3815
2773
2456
13702
7120
1967
9925
3522
6813
2288
5139
7245
6705
4824
2866
3817
5022
6691
13128
4056
9448
10437
13191
5600
12190
7978
2116
10292
11562
14580
4611
5803
14988
8927
12946
4747
3527
4038
984
13614
7993
10788
13
4544
3564
2915
12419
6705
11078
2348
8003
7788
13636
9764
13165
12658
6888
13082
10080
6204
12947
7722
8799
4547
9211
10494
683
12628
4424
2608
8237
12267
8610
7009
8027
14135
7720
7574
11769
10117
8034
8035
6068
11987
3063
702
5159
14880
14033
5998
2620
7235
312
12840
3109
2542
9105
8051
610
12994
11284
887
8304
9883
12515
1524
9991
11770
7602
1010
793
11607
2259
6900
14941
7090
2660
12957
2683
11620
1454
4693
7929
11512
12756
14746
8084
1216
11667
6269
13426
10866
7574
10811
4705
2568
10433
3043
9188
3696
10037
8067
12868
2023
4667
12178
10209
10690
6842
11347
2569
6444
8110
10243
14154
13234
10140
13966
4861
1322
11441
6572
7346
643
2726
6931
11840
11823
8128
8300
5721
13246
6820
2542
7155
10965
13811
1947
13194
5856
4361
10140
10610
10657
8965
8144
8145
14948
7484
12181
996
5528
8154
9927
612
5149
1360
7228
12661
14778
8161
10669
1077
9188
12045
11928
8585
2897
3676
14928
8171
11604
6253
1215
1215
9416
4636
7924
11290
13082
14851
7667
12729
14730
14470
11865
14555
4325
8188
1765
14087
12583
9063
425
13527
717
5789
8019
10195
14918
2925
11987
12329
13061
6247
6510
11790
3382
8207
13652
14885
8519
11290
6089
9292
4873
8214
12124
11108
8217
3853
11269
9286
14922
1412
11628
8221
450
9705
5466
3495
8226
6077
3364
3482
783
10482
4767
12322
201
13660
10622
8237
679
9486
6353
10324
11826
11603
7481
11854
7456
12332
2546
8250
6075
8252
12996
11111
14556
4892
3426
2211
3027
21
11518
4630
14187
7057
11112
10556
1365
5542
14209
11607
5600
8504
10675
3488
2626
12754
13758
7481
12393
14526
3027
3061
12882
10610
10935
11611
14429
12863
9029
5906
11371
2608
9944
11044
12215
3742
11161
7732
8296
8297
8813
13527
6403
8300
13944
10940
3639
2676
13910
1613
12905
6583
12947
14773
14266
3700
2848
8315
12267
11684
13827
9374
8320
611
2487
8323
6301
4253
4571
10864
5071
10553
14619
9115
2558
7800
13057
5995
9744
13750
10691
12662
9891
10994
1759
8217
7435
10946
11611
9742
10596
14765
14350
10156
13758
13827
14367
7920
2848
8352
6397
643
17
6033
6436
9705
6703
3046
9805
6528
7558
5802
5762
13320
14871
12051
8296
1582
8373
6839
7300
8376
1798
8160
9948
8815
4786
14054
12561
8382
8237
11298
6031
1455
12623
10844
8612
3913
11130
10439
2348
10130
2477
11650
8394
3561
9976
9969
14813
9296
9190
2838
11909
4249
13222
13179
8403
10438
6210
3109
14849
10317
10482
11848
6918
6842
6070
8092
7782
4977
10993
2076
10949
1618
8349
7355
5937
5613
11270
14010
2268
4845
8430
6705
12191
5303
12700
2030
13169
7462
6434
8089
9204
10772
7230
4640
5906
7208
1374
13101
9286
10000
7732
8084
612
11493
2249
4640
5017
10340
12623
5932
13554
11441
5456
6800
1458
1451
5618
8466
9063
2268
10497
7451
4021
3515
14932
1436
14443
3808
8474
4005
11667
9144
13363
5667
155
5927
3437
3278
10209
1358
7660
8610
10248
4346
14657
6569
13708
7202
4141
12956
5712
8737
5724
6571
7930
7971
8533
2838
3248
6908
612
11027
9234
2408
7760
4399
9622
6407
7736
3073
8519
13945
5738
12700
14469
9170
10481
8504
11297
9555
12055
3775
13966
14241
10690
8320
10482
12337
4196
8535
8020
6172
6259
3388
14393
8128
3748
3515
612
9609
7435
8546
11290
2341
8549
592
12389
14866
1370
2283
1103
11841
8558
11671
11027
1499
9382
13666
14313
14995
13059
4438
10863
5078
14727
7435
12223
10948
13693
3322
8217
1650
600
13878
2923
8653
3364
4818
9381
4435
8286
7732
2660
2932
8338
11264
6734
8592
10686
2848
8543
2830
13642
10622
10738
9708
8478
8471
8035
1005
3234
4049
12947
5037
8610
14175
8612
6010
10153
12200
14139
6762
922
7449
5986
14645
10635
2195
13826
11396
5399
5348
3790
3098
10317
8631
8632
10937
14475
10948
8636
1392
9744
6266
10257
8641
3473
11131
9604
566
8373
14902
8650
3008
9804
11254
2312
8654
13685
11790
2848
4188
7198
13278
9025
13558
14709
984
297
8666
2045
8044
1503
13874
8176
8672
14784
6185
2195
3043
9046
7748
9744
12840
14135
10315
6813
11353
5987
14459
6632
9552
13711
13042
9628
5687
2138
8188
1458
9053
8694
10557
8927
14871
14405
2094
13160
9630
10316
4456
9553
11258
8707
6327
3516
4333
13844
12278
12633
7531
7951
8716
2450
10675
931
4416
7732
3322
2664
5758
13095
7165
6044
2634
12679
1581
12784
4805
9555
13461
9496
8182
12389
1269
8740
4562
12393
7667
13827
13462
4559
10196
11971
1952
702
2249
5034
6499
11546
3178
8215
6796
3688
6306
8762
12661
3808
12719
13866
5936
13873
3624
9927
4606
5252
6029
13445
10037
310
4817
7583
4087
13594
8780
13945
14485
2334
11731
7800
741
10496
4955
1451
8762
10755
5302
3145
9531
11759
4005
1441
2131
4210
9764
8939
4757
9502
7983
1322
8806
11611
8084
2601
13320
7876
5756
9296
3361
11315
3323
1241
2481
11546
8214
12868
8316
10731
10315
7431
5936
11861
612
4875
124
5116
4382
13018
8833
1524
9374
5903
10552
7110
4772
8839
8240
99
8842
92
8844
11746
3605
13300
2171
10690
11394
8854
2082
4399
4399
6015
11557
3815
8870
14291
9211
2607
8573
14459
8869
11441
2312
8430
781
7920
1947
9911
310
10000
8533
3700
9012
5690
546
8942
1323
8886
9661
13095
14886
670
11126
6578
6332
8316
7479
11512
11323
4580
259
717
8844
9862
12901
2366
12309
12190
6068
2348
5904
13567
4875
14020
6820
8910
10896
2849
4724
8914
2487
1798
11441
14949
3073
8762
7805
8921
5116
7856
5042
14033
7960
8927
9381
7120
11437
8762
14608
9251
395
8910
10718
2801
9058
9191
5291
5538
8942
4275
10830
12375
12947
3586
1322
4968
9499
14635
523
3952
425
14498
11450
1582
6839
14987
10344
4158
292
6117
9744
2951
10360
1627
1748
4038
11184
14209
13
8973
10202
12877
3775
9661
2460
8322
332
4748
9558
13497
14796
11226
7574
13503
8985
394
4767
7461
4516
4667
9029
12961
10685
12847
7330
14941
10830
7429
7165
5140
8120
1746
10557
9006
14586
10579
6044
10033
3561
8628
11015
11512
10772
24
13441
9017
1032
3564
10205
7873
10096
13002
14610
9121
9025
1869
2558
143
4558
9661
14360
6029
9034
10470
1557
7931
5483
9067
11759
3109
4745
8607
13628
12858
9046
8296
8607
4216
24
13832
6856
7120
7749
14042
8237
10470
11461
4355
437
9061
9062
9063
14018
8217
6073
2499
6449
1567
9338
9070
12812
1213
2325
684
4760
12616
2830
6225
8674
170
3202
2236
717
8142
388
10666
11603
2667
12655
13655
2139
14412
2236
8902
9098
5110
383
11908
8653
4102
6305
13758
11346
12626
1576
3713
5445
1259
4668
10478
5480
7863
11655
1431
6259
9450
2350
10381
14867
9174
8914
8188
13828
536
14096
9128
13939
12984
11655
4991
12961
10470
7085
9527
8954
12634
14365
5122
5480
2203
7505
13670
1727
7160
9960
9148
5029
9150
8712
7120
13165
9850
7880
4913
14949
9761
4396
10467
184
4324
10666
8533
2848
2801
2249
4790
14393
3487
1988
1524
3474
6776
10672
7722
14163
2601
11349
12505
8607
612
823
3321
12007
10896
14908
12060
9191
13992
4906
12320
6510
9444
11905
2660
5029
7021
9487
6416
12349
541
14365
5763
5903
10534
10993
1120
7308
6043
2461
7094
8883
3529
5476
11121
14209
4988
6800
13396
14283
10858
13644
10000
11394
9170
4381
6528
9708
14400
13878
14928
170
9233
1325
11876
12655
3174
10793
12877
12089
12987
6815
3039
11790
14503
8568
12089
11762
6170
11700
9251
10033
718
13522
8122
6674
3191
9010
14178
1869
14868
14830
5434
9264
7871
13319
10577
10610
2312
14055
9272
8799
6557
11030
7068
8555
4603
712
13222
8953
10196
11541
14799
9063
14830
11741
6782
6579
603
13992
3815
13908
9292
6374
12956
5536
10121
1640
6408
3975
2800
14931
14323
5988
9628
9303
4692
8319
10738
10993
3487
7302
1401
9308
1713
9696
10425
3815
13892
10579
9314
9315
3830
14135
311
9319
7508
9781
9274
14326
3323
1047
702
7597
9329
5936
6875
14995
9334
10328
4143
6019
9338
13468
3393
13567
1103
12406
1317
14709
12195
11254
1383
10643
9927
9350
3098
10921
14405
9502
8447
8687
10358
7274
11715
10381
3497
6259
14297
85
4174
5452
9366
297
7204
979
1832
5672
9372
11541
13549
12669
3579
9066
14852
4941
14028
9869
9854
10438
1241
11132
11441
13693
14988
3515
4123
12351
10037
3803
6073
9925
3048
3098
8003
5122
12952
9399
8627
11746
4686
14851
12572
9274
6344
8598
6200
8573
7559
1043
12576
2624
9954
5613
9414
1259
13727
13476
7674
14966
9420
11518
9496
1976
14988
1656
4172
14549
4198
3914
14239
7220
7072
10365
9432
5890
13194
11804
10496
2548
3113
11438
7009
5483
5888
12100
13863
13273
14614
169
10159
8824
10193
7919
8144
9452
691
9454
12634
2927
10793
5727
14568
8044
8154
3393
10556
11243
7435
3279
13869
3645
6353
4547
12818
9104
9473
3375
9623
135
4558
10669
5554
8674
11790
2391
9487
5478
4873
9009
12046
9247
7612
6116
3431
13497
12637
7102
14684
9115
10528
4818
10000
5717
3935
4696
6774
6031
8267
9509
6549
2150
4906
3355
6225
474
9744
8019
10355
6225
14367
14028
3596
7198
12066
6290
9530
9601
12855
12705
14893
3520
5118
9283
10738
12077
7668
11371
2660
14646
3474
9059
7321
8653
9078
11042
1449
8602
5476
634
9555
6603
8349
9559
14610
10482
14469
4552
9301
14963
1988
6734
2335
6433
6019
10557
2838
11029
6643
116
5081
3711
14417
4747
10186
2534
11465
13554
12140
3008
3360
13562
12375
9588
4636
7749
14867
8116
10183
3456
9595
5642
5329
6839
3917
7437
9601
7325
10503
9605
5959
5780
2738
4243
544
1463
7722
789
2311
6800
11181
7446
6420
8267
9622
9272
13519
4817
8641
6774
660
3098
14966
9630
3456
9632
6277
12913
3382
2003
6912
11607
612
14773
14418
4385
10582
7481
13585
5961
5486
9647
2605
1393
11258
5857
12322
2023
14495
13081
1971
4940
14269
12190
11428
11074
5985
9661
575
9630
10949
11493
9667
14586
6294
13497
3126
6912
10702
9940
10037
2866
4264
9531
3751
11124
2522
10130
7230
12419
1451
525
10033
9687
6031
7477
2160
13085
11518
5377
1484
10972
10691
9299
2542
9696
12402
13396
1454
9700
3482
14288
8236
12604
9705
13896
2824
6569
6450
12860
4543
12317
14274
12669
11655
8552
12661
9338
9150
13660
4461
14871
4005
13122
4898
8762
5949
1525
12215
9927
3803
14568
10306
8338
8554
8598
12766
13354
3279
10330
12946
7302
8207
9744
3352
2391
8321
12190
8876
625
11865
11286
12300
5009
2833
11677
6246
14322
3286
4546
5002
14146
9243
9764
14103
11158
13475
6097
11493
13878
12322
8558
7191
7863
11456
8793
2311
3962
12643
4071
5508
5398
9782
13827
12827
5988
7863
872
12697
11488
9538
5937
10352
11607
5441
12295
6077
11027
7951
357
13349
2682
9053
10096
3497
5758
9061
2930
2917
12811
13122
14549
8699
11611
8581
13441
4056
4452
10863
506
14871
12869
10062
9827
5717
14254
11441
11790
9833
5533
4571
24
1610
10096
6912
13829
12195
13339
2577
3935
9296
7748
14039
7488
4603
9850
6348
4765
2540
9687
9854
13110
4316
4778
13549
1369
3098
11677
8364
6005
1447
8593
9628
4474
43
12400
9870
1042
2107
3913
10274
8316
10552
11226
12178
6029
11126
4158
4606
8843
2139
6611
6240
9886
9467
6150
12023
1606
1952
4432
4137
5122
11603
9897
4522
13246
12135
9900
5986
10309
4452
8721
11396
7112
8105
14235
12293
4721
7845
7919
4290
9914
9911
931
2295
3286
3515
11410
10478
4163
13503
9925
9374
9637
14846
12388
12178
8830
9420
13821
7639
7531
14405
2901
1032
14796
8240
9630
9940
684
14940
8934
135
2726
7425
2626
8971
7720
11619
1365
13658
922
624
12756
13185
11736
2107
9190
1406
9963
9965
11804
13594
13051
12858
12823
5390
7041
117
9975
9976
309
5476
1971
14716
6521
3808
3322
5737
13803
5316
2228
12257
2601
968
8215
525
9925
14645
14389
9057
3197
2896
9299
4071
2622
8161
763
12436
9991
12472
3779
3855
3474
11619
12789
9761
4055
5110
4875
4355
14683
9308
9948
2779
3913
13144
2138
6901
1377
11292
12219
9308
4906
10309
14459
10032
4067
7641
12337
7443
10037
6796
3478
6577
7315
1099
4070
8122
3498
13137
14799
10049
13130
13827
12253
3985
13572
13179
7461
10057
6750
6970
12947
1843
4579
10062
13862
586
3474
14269
2295
13417
10309
4714
14959
11928
3392
12005
10075
6068
798
13829
10080
14176
13942
10083
10365
2189
7983
4443
13862
11349
13421
7230
13130
2855
14072
14414
10096
14163
6301
6773
8573
4392
11861
14941
11821
2833
12604
10107
14039
6077
8446
239
2629
1610
7220
10115
9114
1774
12215
6763
13122
3489
13137
4452
297
10425
6077
4991
2838
10127
14428
11141
7566
6645
10312
6783
832
683
13781
4883
7906
9176
10140
10141
11549
1835
13411
1897
11757
6932
4466
10735
14584
8866
10153
5772
2477
11526
3962
6166
13526
5070
8598
543
13454
14043
10589
8345
14261
13943
2801
5735
12203
10457
12473
3428
13089
3431
1421
9940
10672
12195
4322
6042
13511
14407
1759
10188
14094
4046
3098
10582
10193
10194
10195
10196
541
8533
13222
14270
81
3098
14048
14059
10205
4353
6611
8089
7876
5159
3411
2297
135
10257
5070
13279
6972
2263
1467
5756
10221
3522
13503
5121
6409
10438
565
13441
4124
683
6377
8122
6583
13287
5762
14686
6068
3796
10240
10241
10772
8815
10478
6578
612
5093
14400
14631
10553
6763
4611
1567
14157
10470
11908
11880
4545
10884
10000
9897
1451
11560
9769
10844
5947
8942
4991
11871
10965
11744
14645
10274
6039
13162
3115
2605
12860
11650
3803
1905
7274
4176
10193
4466
9628
10669
6643
7559
541
10292
11686
9761
9561
1897
10856
3522
11261
13957
4428
3046
3998
12761
8799
6247
425
4900
12758
14173
4696
7051
3126
13611
624
12655
10315
10371
12874
13734
9852
9761
6406
6584
3613
10323
10324
2836
14797
14645
10328
6216
9296
2131
4656
383
10334
14501
11676
10337
9296
10340
9850
11469
13779
11089
3197
6941
10800
10342
6431
10738
2927
5252
3178
12661
10355
3983
9191
10358
12062
2855
14368
968
14
12703
6444
8667
11665
8112
14591
6444
14835
6900
3837
3606
9691
11829
7282
11500
8072
4906
5447
7445
8044
6434
4143
13750
4257
9595
13419
7435
1364
4196
11909
14294
64
6312
8682
7266
9314
8242
8876
10402
5017
10428
7853
4457
512
13839
10096
394
11469
10666
6763
2595
5447
5932
2499
14643
13162
4361
3935
5921
5936
9689
1225
1869
14056
12200
10427
10352
6782
4396
14555
14173
10433
14178
10435
10221
3047
1862
2240
7090
8144
2609
5336
11861
10927
2334
14283
3304
12200
1847
11021
5119
10323
13234
11869
666
10457
10458
13095
4070
9336
11477
8672
1563
4998
8740
10467
12215
10469
10470
14919
12863
11532
3674
4428
339
12417
10478
7346
5875
10481
10482
3522
6450
5215
5078
9211
4385
8607
3473
12195
5006
4745
4900
1323
7924
8067
8304
7854
7942
12561
12094
3043
612
8780
11482
7782
10507
3899
3663
8965
717
4289
9059
14813
3395
6015
3075
3506
7574
8716
10579
13280
8965
4158
3782
8237
6005
11254
6160
1082
6824
9555
5787
10532
4646
10534
13684
2533
3498
7300
1500
13522
5600
854
2901
5237
12860
11602
12267
2094
5509
5237
7383
5271
10552
8338
9274
9904
9515
5037
2497
9502
5149
8478
6269
7485
10670
6206
3039
7346
2824
582
7202
4049
14173
11159
7166
7198
1947
1420
10579
10438
10580
400
2947
10972
1447
3071
11477
1759
10588
10589
8217
10591
6075
10594
14379
10596
394
10330
109
9308
10563
10653
2927
10990
1511
11586
13388
2975
10606
7020
13827
13349
13222
5998
6533
9975
13246
1850
10948
11495
5480
4824
10654
5390
12190
4538
11371
7460
11526
14269
12705
11872
3556
11971
1584
4390
10632
1103
13859
10635
10636
10439
9057
9801
12515
11899
7504
13741
10645
12784
9191
4149
12056
4146
3605
603
10653
8116
13278
11429
10230
13554
1876
10660
1468
10478
13552
6763
7929
1576
12860
12372
10669
10670
8482
3037
4239
643
14928
13018
10677
75
10534
20
769
8636
523
8971
10560
2335
10130
13910
10793
12961
5486
6581
2107
11756
8114
8602
14645
3487
10643
3043
14393
6118
1713
14868
854
5139
14591
13179
7810
5399
4415
11557
10713
2800
11124
8881
8552
10718
3220
2139
12703
3098
14146
7533
12947
1082
7770
10729
5547
3192
4875
6148
10689
6603
1862
4038
10315
313
14746
10780
10993
10533
6611
2664
12429
9366
10749
12754
7110
11759
14603
10433
2568
3355
6762
885
1365
9604
7800
3395
11160
10763
6921
13239
8564
10768
13854
7578
7120
5976
10773
6472
7774
5193
592
12152
3358
512
3734
12523
4746
7057
13081
2694
5732
14928
8942
10790
5987
12583
14
11458
10796
9863
5937
3383
10800
4601
9705
3721
13774
2822
1862
6327
2605
9687
12899
9628
11912
8802
12877
7667
7810
6839
3234
11353
4516
11258
13160
4714
9304
12309
5535
7386
10738
11657
10831
6888
13046
643
3196
12812
13651
13827
10838
634
10574
10842
10120
10844
12766
11983
10847
2930
1103
8474
13353
10851
14288
1494
5762
4352
8819
8252
3018
11717
8843
8300
10862
4155
13803
506
10866
1807
14026
1494
10870
13811
8011
7086
4943
11886
10013
8886
1503
5809
12510
12946
8754
5037
9628
12843
12149
736
7355
6192
5471
8478
10533
14646
11863
6472
10897
11971
10381
2546
13569
3742
3815
9072
1891
9292
13594
5190
7732
11746
14598
7116
3862
3046
8806
5562
1092
3109
3390
3586
10921
5662
4798
3196
3361
2344
14526
5722
10928
4158
2687
11762
11958
13468
6147
8568
4611
10937
9628
5127
10939
9805
10591
10965
8182
2171
10213
10946
5768
5987
455
7504
6055
5927
12068
455
13658
10033
10957
12643
3497
9818
984
1986
9191
9006
5533
10965
1213
10569
14619
1192
5006
8881
10972
9609
9296
12375
5303
5157
4053
10979
13391
4324
6043
2538
7199
11374
7353
5547
6908
6978
20
4137
10990
13160
10324
11882
3734
13018
2568
12984
5724
11052
3262
8446
13651
5116
4778
11405
8806
871
9042
9661
11010
12257
4606
14375
8844
3214
14643
13081
575
13234
11021
6516
7403
3411
2216
4434
305
13222
3645
7172
11029
14054
8824
4438
10315
12886
13122
1500
11037
11872
13658
9105
85
10340
11042
3307
6916
12188
5291
2925
10507
8882
1567
8598
11126
7942
2166
6251
516
3196
10322
13082
3456
5002
11021
5022
9002
12404
9863
1259
7166
7481
872
5517
1323
2142
2129
11078
8098
14603
9143
422
4046
4517
5022
566
10935
6466
2335
8602
1566
4845
854
13336
154
11713
14651
13137
6703
670
7124
7929
6204
8598
13985
11108
2592
5399
11300
11532
12190
9637
11886
8543
1141
13713
10622
9769
12089
6572
6073
8237
11126
1401
12473
1623
2240
3463
8999
85
5803
5772
11728
9954
12625
12898
1651
11374
450
10553
3322
1401
7889
2115
3803
14506
8121
7056
2626
5156
10123
8843
11158
8881
14119
11160
3713
11728
7057
5302
8175
10344
2790
7905
7282
7665
4614
5988
13280
13827
8064
10552
10720
43
3382
6800
11270
12470
5302
8649
3631
13693
13774
11790
8142
2927
5291
2881
3018
885
11195
3962
14026
8654
11501
2951
1683
14882
8122
11714
2062
13527
13873
1660
11210
10274
5456
12191
2785
1759
763
3812
798
7782
6431
5662
4900
2614
11225
11226
85
11228
4461
13980
6433
14931
11556
5329
6396
14173
8825
13419
4798
9852
8598
11242
11243
11244
5734
14557
14700
14169
14229
7667
7251
2563
2171
11254
6118
13169
6431
9366
11260
3579
6448
10317
13621
10371
14059
4697
7800
8653
10823
12473
6359
11043
13048
13106
7891
12702
2790
3706
9467
10087
3531
14059
8653
13636
6170
11078
4802
9786
13877
6644
11288
3917
11290
2460
10669
8217
9243
477
14459
11297
11298
4941
4087
11301
7774
6469
11854
6584
7975
922
13411
4708
5667
4767
1393
10769
11315
13606
12341
8044
1269
11323
11292
11393
8926
3178
11789
10660
643
6521
5441
8003
1215
4055
8552
5460
9338
11340
3109
2949
1866
10755
9059
1656
7155
1878
8035
4692
6200
13598
8965
2350
5307
3048
128
837
2901
8027
2779
12061
6312
14267
7975
2605
995
584
9286
9628
11371
5732
10557
13957
4386
8546
12253
10470
13555
10193
12253
3497
4640
4818
4692
2595
8644
12885
4603
5849
11512
6077
14032
3187
6863
11371
10072
13811
13554
6708
6247
6172
11405
2496
1861
12259
7086
9959
10948
624
5912
4102
10107
8122
6875
154
511
7956
8627
6901
299
9494
4466
3522
6005
4086
248
10921
6029
12637
9399
6597
10104
11438
6578
9705
8128
3899
7794
12655
4428
1876
12014
5727
5237
11450
5789
12380
13527
207
11047
3837
11456
10365
773
609
14477
11463
10395
10729
12255
10104
571
6674
7931
3989
3286
11049
9047
10174
11258
11575
7566
7766
8382
14288
11482
6801
4845
1121
7315
14367
7166
2325
12100
1291
8065
6705
6557
11495
10469
6130
6359
11500
5927
5903
11503
9060
14107
3721
3051
10309
10402
10972
12814
11512
9318
13800
10104
4640
12705
11518
5149
14633
9919
8953
9919
184
8793
1606
571
984
14849
5129
11532
13658
14860
9700
13583
14556
1329
506
14399
3515
11810
13246
14541
5662
9243
14851
4249
11790
4005
7315
2569
5523
1693
5532
14377
11736
10310
194
12380
3719
11560
5653
9827
7446
5986
5046
9432
11207
12515
11750
3495
6895
602
14334
11574
11575
12719
4927
3862
8403
4216
13300
11111
1880
14810
12051
14417
11516
7166
2916
8221
9630
10729
4636
8068
5159
14549
13234
9558
10115
11602
11603
9883
8666
5447
3098
6150
10718
1582
5906
1835
4928
2929
9196
12337
6577
11617
3837
11619
11620
14338
7541
4686
13569
11625
14346
11270
8469
13702
4643
11030
5016
7782
6256
8152
11030
10033
8110
9292
7660
11268
1412
1666
8762
8474
1451
1215
10315
11526
14730
14495
7880
11709
1431
11650
7443
6916
9885
4168
11655
2391
5693
7930
4098
1982
9128
12295
4747
10653
11182
2499
7425
13130
3037
4571
11671
4239
10242
1524
10503
11676
8971
11928
5959
13168
7066
8740
1799
11684
12208
7294
13562
10013
4143
6147
4279
7136
5024
2546
9857
12583
6705
7116
4892
11122
14056
8667
86
12643
9744
8154
11709
5667
13919
14322
4928
11715
8504
10591
1455
2461
5330
1785
2139
2790
6773
2683
7843
3358
11728
4884
14101
11731
4176
4216
3515
10909
7251
11400
11723
12761
4158
2716
11741
3808
8011
10104
2896
11746
10749
13896
13827
11750
8581
3286
13663
11756
4768
11099
11759
4155
10433
6192
10635
5903
575
5316
6774
6450
6521
6436
2023
14716
10467
13185
9931
11731
10083
9188
9948
14612
14928
5917
7143
2594
11790
3611
13222
7120
3808
11065
8295
12288
11939
11799
7051
6150
8453
13549
11804
11254
11746
7202
4174
14836
996
6305
9628
14135
11607
4170
14831
8300
5235
7358
9357
14266
11823
14506
11672
2408
14239
10588
11829
9296
13944
14619
8121
394
6256
5237
5936
6353
1537
3349
8743
6448
3631
6997
13461
2142
7425
10574
14860
7021
12961
6582
6708
3497
11854
9072
10467
11607
4415
8360
12986
9538
454
536
2320
1494
7370
12248
5127
11869
6499
72
13118
2927
14578
13943
12186
11876
13589
8533
6771
2499
13682
10653
14
365
6293
4124
11477
2951
14830
9350
12543
5459
6420
274
10496
11898
5870
12059
4038
1392
7854
11905
10979
11907
13163
12766
9920
12200
7843
7086
14863
4686
10949
4579
14556
10847
10972
14173
9174
11922
9100
8240
14237
1878
8295
11928
48
2824
7481
6869
12189
2919
12005
3985
10306
8870
2876
5789
11928
6895
6200
586
14604
11405
13195
2440
14417
9927
9609
10928
9098
10826
853
7204
9609
11958
9029
4805
6380
7302
5127
8478
9072
12899
717
5768
11969
8793
8934
11972
8035
7906
4611
14835
8582
12194
8160
7905
8064
12124
14269
14173
12833
11985
10428
10670
10457
14852
12387
3267
9854
12521
6610
14696
6838
9105
6166
12316
11981
5712
4940
12257
11258
12868
1458
13445
11131
10826
8806
7086
12014
8118
6466
3061
10010
3361
7294
7766
12023
582
7668
11886
8533
9797
12679
10851
5339
9359
12031
12059
9661
7120
4197
6641
4516
9925
12219
14173
2009
5756
12043
8836
11981
1711
5001
10901
5459
14270
11495
5471
5722
7116
3745
3090
14152
6840
12059
4435
3178
12062
7748
1421
1213
12066
1463
12068
8011
3145
10344
4236
13185
1650
9378
5144
5621
12078
6843
6192
11540
2124
8762
2216
14308
3830
12968
8622
7294
14020
4772
9292
12094
11292
5307
11503
6350
13611
2531
5271
3613
9730
7749
11374
10882
12758
9622
2933
609
600
6921
6780
10061
5330
1370
9552
7418
14799
10645
159
14270
12122
6033
2259
3896
4456
1988
7873
11790
5024
14172
8533
13628
12136
8535
9374
12905
12140
14146
7316
2923
10320
13328
11130
11298
10507
995
8999
419
12152
13087
11018
11047
11329
2188
1425
11909
2546
4562
3803
11869
11690
5270
7254
13652
5081
313
4621
3202
2107
6433
5001
7110
11347
2790
1215
13792
24
11181
717
8664
13627
12453
12472
11769
4863
7316
798
14066
13002
266
10186
6563
3145
10435
8762
7555
1843
8836
2325
12567
14009
1420
546
1712
506
13110
613
11604
3341
11604
5694
12215
2408
3304
2534
12219
3358
6572
1213
11666
10906
6978
6256
4516
11690
14213
13781
9382
10780
10037
6256
9927
2951
12237
12144
1032
4531
4186
7915
11255
14229
3885
9070
12247
2139
7461
10072
12251
7929
12253
2131
12255
13018
12257
12258
12861
14830
2991
3914
4289
8483
10241
6800
12267
1469
1449
12984
1971
12655
2335
6089
10324
10320
7871
6147
13522
9782
8592
5888
839
5959
4692
13002
13002
2176
10858
9059
6359
5641
5070
12215
12626
7066
5737
10217
8914
14710
12754
7819
11228
13296
12190
8598
4143
12309
2240
6408
11790
5726
9544
9552
2968
2176
11880
5129
10189
2546
10990
12322
10127
3718
7531
5330
10589
13253
6797
8598
6266
5006
12077
12333
2549
3395
5732
6021
6431
6296
10371
9296
12341
10632
8474
12344
1627
4155
13557
5071
4913
12350
11100
6043
5687
1454
13832
7114
13519
17
75
8250
5903
11047
14464
14042
11301
10346
3830
3495
12046
9047
13787
10072
8501
12068
109
742
4940
8430
3698
12380
9969
14836
10425
1765
10928
13708
13826
4898
10263
3046
14711
12393
7425
9118
10630
6466
12687
5998
13398
14931
6343
4550
12404
12405
454
9531
6359
9852
1401
12893
11269
577
12414
14039
3098
7574
11540
12419
2195
5641
10735
2790
13652
13118
7116
1047
6708
6631
6916
5763
1405
8360
6403
8667
10337
9100
8144
4038
5921
8300
5641
14407
14119
11314
12628
3234
10775
13656
1213
3980
7160
1158
14647
6350
1419
8245
13606
10886
2224
13957
6256
10428
13445
13992
9414
2751
8226
10172
10395
12470
6783
13354
11686
11327
8145
566
10896
10800
4535
1564
854
2442
10122
10322
9286
8682
10403
1436
5903
14584
12043
154
11143
12812
7577
3696
2288
9121
10557
10034
4353
3145
11776
3008
12505
7429
5078
14418
14175
2681
8727
12512
13002
12818
12515
13554
7051
8446
7302
11512
4842
10720
1005
8944
3674
8824
14536
9208
10333
6780
6415
12531
12066
12533
6213
12628
4361
14867
12538
10300
2932
12248
9558
14421
5458
5947
13048
2944
3542
7488
12550
3461
13396
13874
4316
9012
7462
4678
5868
12719
726
5771
12255
2538
1267
10738
10481
7931
13652
12382
12545
10189
1987
14393
8027
11503
12576
5667
1005
3713
2348
5293
1032
12583
9310
1847
13445
2421
8064
12350
5803
4358
1451
14146
7639
14730
12994
1412
5592
9243
14379
9966
10299
12604
14993
437
8142
14283
3098
6643
12610
643
7495
3775
1412
5931
11164
14610
14882
4798
6449
2139
6246
7168
13750
12625
12626
8802
12628
14880
9708
10972
9927
4741
4913
5649
5849
14334
13939
2595
13246
5700
13228
14366
8175
5001
2782
1158
10990
5789
3109
9863
11958
968
1291
7446
9197
12658
6643
1437
12661
14614
299
8297
8824
1899
4772
14667
12669
10579
4752
6631
13305
1142
4767
12626
2245
1537
14009
2263
565
8508
9061
3579
1899
4516
12687
9105
14042
1086
4092
4571
6296
10403
9891
7449
14254
10157
2563
3803
12702
7198
11428
12705
12860
10773
6800
13526
3354
12316
6581
14489
12628
6941
11922
8628
1436
12719
10672
9897
11405
9311
10164
13056
4053
3063
8188
159
13471
1047
8121
2833
7230
9700
763
3586
6941
12877
5752
12740
12930
8555
4328
7429
6753
231
2975
9336
14503
7109
14012
8035
12754
798
10866
13336
6317
2082
7220
2522
12762
8172
11085
2716
14879
13974
2288
14511
13048
12679
11045
6569
11429
11315
11756
14846
8712
6063
4144
3236
3045
305
12784
6406
962
9286
12789
4158
4449
7485
2726
561
10534
6150
3775
3375
2542
1862
14012
7041
49
5903
592
4883
9761
9925
609
455
389
12812
13652
11790
12191
1861
12818
11298
9059
13800
4655
2366
11161
8019
12679
9623
1317
14256
14845
10946
13642
970
10329
14030
6763
14686
5951
11756
12840
8028
13497
12843
5985
7722
12846
11477
9311
9661
6021
5780
8778
2833
9558
12855
4456
3850
12858
4708
12860
12861
7942
6070
9211
14667
13702
9782
12868
14241
11315
12679
3645
11353
6908
546
12875
14776
12877
143
4646
7877
14014
12882
7978
3073
12885
169
773
14988
4571
12194
7166
9098
6010
14604
10309
8883
12388
1383
6042
9047
9544
10775
11160
7206
12905
12119
3698
10242
8644
9211
10690
9976
12912
5913
11488
12387
3431
11790
7719
2790
3514
5888
5592
14172
13014
14987
1618
6753
10095
13287
7760
7816
12930
11876
4516
10557
13278
2798
9336
5330
4106
8682
12940
13757
4102
14367
13859
6166
12946
6839
9381
6916
7941
3098
11556
12952
11184
1215
8028
6147
4152
10994
7769
1471
12961
14604
5756
10642
3700
4274
8448
8721
6290
7034
3614
12972
8940
9630
2391
10653
9502
3214
10205
11405
10365
11450
7235
1862
6644
13057
12389
1618
12855
5568
2933
10514
2150
12993
14796
6469
12996
1824
6041
14501
3024
13002
6063
13841
11829
10738
5190
10257
7832
6804
12531
6511
11015
13014
14531
6583
13912
13018
691
5307
3975
3074
11790
8188
7929
7346
12561
13827
5307
14283
565
13165
8297
14710
2614
9211
12429
14056
1869
3700
11367
4692
12030
14295
13046
9204
7154
8071
7149
4906
10557
10979
1086
6873
5921
13057
1567
13608
8674
6511
3497
1421
14598
12056
14475
5694
6656
14400
5988
13680
7143
10589
2833
13075
763
7467
12628
11607
7650
14028
7308
8721
3837
11292
12405
13086
13087
1436
13089
14291
9628
12320
13018
8122
13095
12655
13097
2798
13099
3334
9920
9960
13737
10334
12210
5542
3178
5951
8737
6791
9925
8533
13113
13528
2139
2834
4218
7220
12472
10096
13018
7862
12225
783
10471
1727
13652
853
8819
1291
5046
4274
4204
13519
425
1454
2738
455
4743
1469
14412
7085
5480
9944
11030
1377
5456
14087
10390
6150
14239
5046
14173
14330
4385
14469
14886
12473
2925
13157
205
9515
12824
14568
13162
9923
4352
14784
4611
10983
425
11425
3145
10884
2533
1606
1451
680
14323
7103
968
3098
13179
1120
7574
3046
2577
12600
13185
506
12944
5169
12055
5547
10685
4374
13526
8165
3976
14269
11126
6287
2848
12512
6269
798
13202
1576
10240
8694
10425
10193
2540
3521
9314
13827
14377
4399
10172
6075
4143
781
7656
533
10750
1758
3355
8653
8585
12393
1971
13082
13228
8474
13230
1026
14988
1640
13234
4253
3478
9549
14489
11159
8474
9473
8122
8483
2160
4517
8621
9100
5460
12545
3914
14928
7779
7064
11987
4353
9604
14880
9170
14379
1976
9059
14039
11108
5009
7370
4218
2245
4552
4186
4055
4555
7479
5949
8019
6509
9647
6081
11841
9531
9402
11410
8793
2203
6557
8316
341
4550
9245
14360
8610
11861
10547
6467
7003
3478
9284
13296
2115
11948
4396
1847
11790
7120
10083
11518
13305
3786
10104
7228
1454
876
8030
12819
10670
13572
13220
12333
6116
14400
11164
13320
8973
11306
11602
11112
6941
14031
9509
10242
5156
8927
3286
11603
7120
1847
11516
7574
962
1759
1824
4046
11876
9218
3279
5744
7449
10040
13346
1537
9414
10791
13933
8649
6021
1713
13354
12550
10213
4365
5230
14580
3046
13685
10315
11437
7112
3109
12623
8161
4344
1122
9319
13372
13966
4845
14026
9522
9359
13069
117
13380
7574
13652
6691
10738
2622
13087
6582
11638
14011
92
13391
2391
10052
12968
11254
1481
2667
2968
3364
613
11770
7094
13403
10772
14799
13949
12059
798
10547
1447
9314
10152
2716
8558
6344
3975
13417
1406
13419
12196
6505
12705
5562
4250
3531
10769
13641
8145
10240
14297
7230
5937
6693
2765
4289
12940
9442
11410
14048
3803
11909
10211
5151
9628
13445
13774
4198
4650
13966
9350
7811
8598
6186
13057
4098
13225
13457
11782
12583
10831
11969
5850
8830
2456
8969
10532
14294
9927
13469
5789
6031
6423
11746
13222
2746
13476
931
2907
5547
2129
5744
13482
4416
4005
8592
523
14810
13313
10552
12629
5951
3307
3447
8175
8286
9804
13497
2549
6312
4693
6888
617
13503
940
12062
4227
8430
6869
10428
10174
13511
11194
12333
14784
10020
1356
13641
5471
741
1141
13522
6762
2160
9350
13526
13527
7513
4988
3322
9628
13532
12604
5291
14047
12768
12679
1259
11887
3556
14830
757
13234
7204
9745
12510
13827
4611
13549
13018
5348
3262
9114
13554
3406
12402
13557
13602
13559
2150
13993
13562
12059
8466
4670
582
13567
8064
8067
14055
10473
13392
9399
9991
5732
11770
3109
8145
5987
11562
5302
13434
3073
2107
6552
5808
7810
5763
9444
8083
359
11023
12247
14178
6804
9303
13800
10639
8674
3531
9630
13602
4385
10358
8954
13966
8855
13608
4396
11463
6075
6919
429
13614
4352
13203
13089
3286
4805
717
3411
8241
14269
2726
5307
2609
2176
4124
13641
13628
14568
13049
5116
14993
11676
1758
9234
13636
9359
4284
12868
14568
9558
13642
2798
5535
11715
8207
12947
13279
5483
13873
13651
13652
13841
11762
2896
14172
13658
5740
6043
7149
12059
1323
3390
6970
13666
14365
11276
12350
13670
12523
2798
11284
13475
2549
14993
8207
13811
13680
8098
13682
13683
4149
13222
1412
2540
14852
8056
4438
4875
14813
5768
4614
11619
1468
14028
13246
4818
13700
12058
13099
7449
13519
14405
6629
11723
2228
9366
12299
12984
13713
1862
3429
13716
14193
8910
14699
8120
14700
8448
3832
10309
4571
6791
3927
10230
13398
6631
11790
11876
14778
1560
13734
3248
4467
609
5307
4721
11841
12382
2699
2461
2106
10316
3830
2601
3178
14619
9891
9303
4589
9098
11458
11164
13781
3706
13758
3917
7282
14068
525
11371
7755
3837
11496
7166
4517
6081
4686
603
5906
4461
7445
1954
13774
8953
10142
14365
7964
13779
475
13781
724
1525
8716
5857
5690
12512
12877
8447
3514
14776
13792
12078
13794
11909
6597
10469
1269
10993
8030
9067
10749
14867
12434
10034
1230
10928
12337
9555
14270
10211
10788
13081
12219
1651
9900
3600
7905
13819
10937
8674
12359
11790
11244
6392
8263
13827
4842
13829
13830
12877
789
11607
13398
14941
1374
9998
10960
13839
8602
3605
8471
14384
11515
11653
5016
13847
6416
6908
3719
14782
11029
2798
12984
726
4071
2107
3018
12124
1181
11928
9927
8320
3178
8533
1774
7768
13068
7155
11526
5071
7467
14918
5076
3236
7880
310
13878
10427
6431
13305
12814
201
422
4767
13336
12055
12372
6584
13614
8207
11671
13892
4218
11159
7386
13896
3803
7057
11357
9530
7541
12740
10563
1212
10037
12629
8250
6091
14932
13910
4328
13912
13230
9208
6861
6583
10972
9403
9605
6578
10196
11882
13923
14578
6407
310
5006
8004
9761
10735
1426
3196
13933
9940
4606
724
4218
11160
13939
712
5029
9595
11333
3411
13945
12094
13792
11458
8685
13464
7103
13952
8432
13708
6551
13957
14852
381
12288
13640
885
11297
7166
12550
13966
8252
8568
4670
11607
3487
13966
8743
13974
11603
5649
5006
6656
12082
1626
14696
13497
9350
9372
3018
768
10897
13014
3862
9467
6919
1241
4038
14039
1421
1626
9063
9294
13778
11759
798
975
2731
12604
12616
2344
12178
5998
14010
8453
14012
5001
6926
11969
7880
13222
14018
5306
10087
8999
14022
8595
3676
13247
13042
691
14028
11859
1967
14882
10494
6800
13463
5006
8349
10058
14940
14039
7749
14229
8598
14042
14699
1406
13781
4216
14047
14048
5508
12031
9700
9705
2901
14054
6034
14056
14557
13122
14059
1712
6287
1125
1032
11463
603
14557
4875
3360
12613
4956
1598
14072
14047
12145
11790
13503
8847
10051
11790
9308
489
11700
14083
11269
4868
4373
312
14297
7443
12248
9516
6997
12471
14094
1454
7880
4172
14580
4531
12100
9544
14101
12869
14103
14104
14987
506
14107
9448
8098
4268
5129
1241
6210
2107
10680
13992
13692
14119
11021
6216
14428
612
7346
1727
14932
14066
12846
3234
9609
13456
2949
11044
8674
1213
14136
7443
11023
7876
266
6571
6296
11655
10780
4143
12145
14146
10122
12829
13187
14711
14054
11823
2521
14154
8323
11299
11126
10718
11715
4731
7280
10052
14163
14164
8026
10800
2249
2259
10346
14171
11715
12190
8245
10842
2440
3234
14178
763
14928
12350
13522
11327
6861
8694
14133
3279
5480
2923
3254
506
11607
14193
11052
13866
12035
3734
11854
12860
10090
11394
717
14203
14204
11085
13641
5129
12893
8466
7731
4474
8712
14213
3611
12740
11969
9850
501
13526
14782
955
11731
3354
582
10090
11574
4106
11790
2933
14229
11971
4134
5787
10738
10966
5291
8026
8592
14238
14239
561
14241
7120
14327
2259
10437
14557
5029
14033
9733
11230
11029
3487
13194
6327
6005
12453
70
4640
12543
3304
14261
14384
3515
14412
9960
4325
2698
7274
14269
14270
9502
10773
6166
11021
4461
8775
13908
9452
8521
7650
12705
10403
14283
14284
8152
10569
13425
14288
4964
13165
14782
14291
13118
1759
12190
6815
7574
14297
201
8161
8944
14604
7990
7254
11854
14254
4580
14284
13372
12178
13519
12705
2608
2481
11756
4243
322
1693
6303
700
8953
14321
4697
11244
1054
1455
14556
10547
7746
6294
14330
4210
5151
10532
12186
14928
9058
14337
11032
14505
2002
4842
3286
12855
10931
3354
14346
4143
4731
10457
12190
8296
10186
2223
6774
12007
2211
12382
7873
312
14360
1059
13557
8654
2773
14365
14366
6699
7066
8035
7166
12818
8250
5307
7470
11908
12679
14377
12046
490
7072
2539
7782
10037
14871
11899
3982
1511
9063
14389
11790
7143
14867
6571
11876
8124
9211
4297
12014
14797
14400
6796
1438
7216
5237
14377
4070
10153
11909
4149
9308
13160
14412
7206
3952
475
201
14417
10882
1987
1283
11772
8593
7956
7172
3428
832
9751
6418
3614
5291
4873
12543
8188
741
7880
11677
14568
14796
8118
14119
3899
7862
1077
10107
12046
5118
2765
11108
14449
14010
4358
4390
8349
7906
6192
5215
11292
1656
12626
4921
6581
2601
14578
14464
8793
1451
4210
5306
14469
3531
10438
8825
14010
1807
3962
8003
10796
12164
12840
248
3322
6882
9368
11333
11301
11607
14487
8297
11744
13336
11821
12389
13425
4721
14584
10811
3098
3355
2160
14469
14501
1414
14503
7956
4457
48
5480
9552
14513
4752
14511
4453
3426
13828
14515
12145
1463
13830
5206
3046
3254
6426
9742
8554
10577
5136
10122
10749
6708
10107
4316
1524
2605
4143
2798
3815
14269
12089
6301
10115
1321
11183
14294
2539
6411
8863
11269
13480
10316
14549
6204
11200
742
1843
5037
14555
13957
9496
6822
4579
6702
14513
5302
1230
13059
4373
14566
3980
6033
14526
5726
6327
5888
9496
12947
885
2822
7172
14578
6431
14580
14799
4158
2836
14584
14048
11821
6783
2944
5961
11672
1401
10439
10123
7880
14547
5694
8836
6029
2176
10851
8482
9628
2542
14604
2838
7446
2901
14608
1774
14610
4176
13641
10896
14101
7942
12005
10928
13475
14619
1986
14269
14711
4921
4603
14625
7905
1092
11958
9272
10241
14631
2497
9294
6400
5017
5937
6216
2224
12628
11969
10221
10020
3975
512
14645
14580
11575
541
8625
10768
3917
3071
7905
14654
1666
14377
10242
12194
8694
4968
9630
1971
2347
6135
2968
603
10120
12043
13137
6204
4672
7574
6200
10256
13336
10346
10856
10143
12886
4137
12823
8855
14683
12259
10718
14686
6699
3899
10051
13114
4466
5563
2822
10140
12877
14696
8555
32
1746
14700
14814
6950
3089
11969
3140
968
11248
3059
7920
14710
4275
13636
9659
7873
5809
12762
14947
14068
14009
14867
1652
11441
9066
2075
5237
1346
6039
13085
11204
14730
5662
13866
1122
14096
11790
13923
10744
2800
6759
3718
11896
3098
9552
1576
9745
5113
2849
2220
7479
2605
8352
454
10937
2991
14966
6622
1964
13179
3611
4778
9515
43
14763
4234
14355
3515
9359
14710
14710
7467
10217
12436
14773
14056
7170
14647
3393
1405
11328
3885
6950
7971
9129
2592
1640
9700
506
10749
8072
13549
5758
7095
2549
9314
11274
11684
7120
7245
14799
4786
14940
3214
2692
9009
8521
4927
14449
5906
4124
14810
2705
2923
13368
14814
13313
14859
13018
1431
3178
5230
3191
11667
7462
135
9998
13057
565
11985
9308
14830
14831
4234
6116
14556
14835
10471
12203
5724
506
5001
12257
9883
5947
9561
9671
13866
14709
5727
955
5237
6509
10851
543
4323
13642
4614
13122
9061
10949
12952
10020
4070
10766
8240
536
6842
14867
6392
8236
12633
8469
11928
11653
2824
13160
8542
4092
14400
3321
14880
7782
1499
2896
14948
14885
3546
1880
4425
9496
4275
14417
14892
837
1847
11896
7294
14267
8107
586
7165
7095
9754
4842
10213
2822
9009
6606
14908
4621
14604
6019
11715
10324
4061
3020
3406
10037
14918
3536
11097
5894
14922
1192
3808
4038
6060
6472
14928
6569
6021
14931
14932
6645
1142
2601
501
1086
9029
9487
10755
14941
7574
4550
13828
13250
8618
14237
394
14949
8882
11340
4617
4234
12882
6900
7971
9781
14958
10666
13445
12905
9148
1598
2391
4176
14966
10965
8098
1481
3234
13018
3400
13868
7353
14387
12337
14977
11526
475
7915
8843
8149
4650
4467
12697
2311
13336
14988
10642
4617
8934
7216
8598
9850
11773
1557
14997
