461
570
461
570
570
570
570
164
164
164
464
464
184
292
184
309
25
309
309
1502
1239
1114
1132
1132
865
865
865
865
1304
1304
1304
641
1437
1437
1437
1437
1437
2913
2314
1437
1689
1623
2314
1623
1617
2293
2293
2921
2288
1609
1980
2655
2651
24686
1976
1977
2926
3517
17003
17003
18068
18068
19253
3472
3413
3449
3402
3517
3501
3501
3238
17003
8408
17003
3683
3455
3455
19253
14421
22347
22366
23397
22991
22783
22232
22610
22516
22724
22724
24277
24277
5806
5806
15922
5806
5806
3789
3789
3789
6193
6193
6193
6193
6193
6193
6193
6141
6141
6162
6162
6162
47846
48294
48262
47662
48001
48294
48274
47717
47883
47883
48267
48212
47652
47521
48206
47236
46969
47544
46964
47232
46964
46969
47027
47004
47027
46961
46997
46996
47726
47230
47230
47726
47230
47867
47312
46968
46968
47043
47043
47242
47662
46925
46920
47652
47216
46925
47216
46917
47010
46934
47114
47027
46981
47010
47114
46856
47114
46925
46949
47212
47212
47265
47222
46930
46916
46930
47136
47265
46956
47706
46956
46951
46951
48116
47265
47219
47228
47219
47228
46944
46954
46978
47228
46978
46944
46978
47119
46945
47219
46945
47135
47119
47119
46944
46878
47033
47081
47081
45696
45696
45564
46057
46057
46051
46051
45978
45545
45644
45978
45644
46077
46077
46071
45968
45896
45968
45892
45892
45896
46071
46066
45530
45530
45532
46066
45532
45564
45564
45545
45669
45545
46561
45593
45644
45596
45593
45986
45593
45596
45971
45971
45522
45971
45522
45522
45956
45524
45290
45290
45286
45292
45292
45530
45530
45532
45286
45279
44471
45292
44445
44448
44495
44448
44469
44469
44469
44469
44710
44710
133
130
44495
44710
44448
44710
44551
44936
44936
44703
44936
44618
44615
44615
44891
44551
130
44618
44940
44793
44613
45279
45278
45278
45279
45278
44463
45278
45278
45276
45276
44466
44466
44463
44463
44429
44463
44865
44432
44432
44788
44429
44429
44865
44489
44865
44938
44940
44948
44788
44788
44716
44938
44489
44481
130
121
570
461
570
461
570
570
570
570
570
570
118
118
570
111
112
111
44534
44795
44948
44555
44555
112
112
44555
44555
112
44529
118
118
118
118
118
118
570
118
118
570
570
118
164
184
184
250
250
250
250
112
118
112
250
112
112
44555
185
44529
185
44529
44546
112
185
112
185
185
44546
36
44546
44546
44948
44716
44438
44714
44714
44438
44438
44438
44571
44714
44602
44602
44714
44714
44714
44644
44644
44602
44602
44644
44601
44644
44601
44645
44645
44546
44645
44601
250
9
250
261
11
261
27
5
11
44
44
36
36
36
187
187
20
44
36
36
187
20
20
20
191
1519
681
680
27
797
37
795
754
37
754
970
793
754
970
790
792
682
16
754
995
995
16
17
20
18
17
790
995
919
919
977
977
977
19
19
919
935
756
756
44645
44645
44605
189
44605
44605
189
44816
191
18
193
263
263
13
663
865
865
865
641
981
641
663
861
663
978
614
925
2106
981
932
984
978
924
924
965
925
965
941
941
944
986
944
942
901
909
909
2098
2114
2152
942
942
2114
2115
947
2115
641
861
1437
861
630
620
620
1585
861
1437
617
620
2157
1762
1762
2107
2157
2106
2132
2114
2114
2034
2034
2128
2072
2115
2132
2028
2031
2128
2128
2072
2034
2034
2072
2057
1733
617
617
2913
1758
1758
2215
1575
2914
2217
1689
2215
1689
2215
1741
2095
1575
1743
2162
1741
2190
2162
2162
2031
2031
2162
2001
2082
2082
1995
2063
2063
2001
2001
2001
1995
1995
1995
2093
1690
24979
24971
1741
24985
24938
2222
24763
2221
24763
24749
24765
24835
24830
25025
2192
2190
1753
25014
2001
25474
24816
24849
24868
1773
24865
25474
25450
2083
1995
2083
2083
1995
25418
25418
24897
25453
2083
24804
24804
25419
26067
1610
24788
24765
25479
25458
1609
24688
24789
25431
24789
24849
24851
25456
25456
24865
24417
24873
24646
24648
24647
25466
24761
24665
25469
25469
24664
25469
24877
24651
24651
24472
25466
25363
25466
25466
24638
25366
24472
24740
25366
25809
24634
24644
24795
24686
25092
24795
24772
1976
25094
25112
25093
25109
25092
25097
25102
25502
25502
25502
24772
24747
24742
24746
24663
24663
25805
25809
24603
24742
24670
24797
24599
24370
24457
24630
25363
25377
24625
24629
25382
24610
24632
24632
25650
25805
25378
25559
25571
25650
24605
25409
25571
25679
24405
25671
25671
26263
25546
25575
25673
25610
25698
26342
25700
26058
26059
26028
26174
26218
26342
26173
26340
26058
25943
26155
26340
26321
26115
26200
26115
26170
25963
25963
26149
26155
26018
26018
26017
26807
26739
25966
26119
25966
26108
26100
26133
26018
26115
26122
26155
26108
26737
26805
26807
26803
26727
26807
26749
26749
4307
3169
3077
1825
25102
2941
3164
3213
1820
1964
25372
1964
24798
2951
3146
2944
1831
3132
1965
1831
2228
24798
24669
24797
1702
1702
24685
24617
24674
24685
25340
24659
24682
1594
1594
1630
1778
1605
1593
25326
24580
24584
1630
24584
8388
7196
6726
3617
3106
3028
3156
3156
3144
2984
3037
7220
3055
3055
6783
7706
6718
7326
7220
7229
7680
7215
7215
7197
7202
2963
3199
3203
1845
3047
3237
1843
1608
1843
3069
3002
1843
3048
3048
3126
7197
3584
3719
3581
3022
3005
3022
3567
3042
25340
25520
24574
25725
25520
25620
25868
24571
24575
25772
24570
24585
24565
24589
24568
25868
25767
25314
25615
25700
25783
25868
25767
25810
26336
26336
25825
26271
8855
7591
13457
6608
22783
23391
12582
10943
12547
11949
3895
7599
7599
6770
13830
13836
13830
13830
8415
4405
4405
7432
6677
10651
6987
11137
11137
5315
6767
6649
6739
3949
6739
6918
4006
4458
6111
7481
10399
4458
4591
3041
3717
4460
4377
4377
7481
9872
9834
9662
10231
9934
9619
9640
9619
10088
9813
5912
11137
11412
6864
3949
6052
3936
6843
6052
6052
6918
4547
4547
12552
5714
3895
6864
8625
8625
12835
6843
12835
12840
12835
6217
6217
6132
6132
6183
6094
4977
9757
9757
5068
6132
6132
6132
10173
10192
10133
5055
6250
6132
6132
6132
24319
6183
4394
24319
4403
6155
4394
6155
6234
26271
26149
26205
5806
4521
4524
4521
3789
6193
4521
4524
4557
12990
12990
6213
4520
5712
4557
6213
4520
6137
6235
6235
4520
6135
6231
6167
6235
6167
6235
5712
5712
6141
6149
6149
6149
6149
5709
6169
6137
6235
461
461
461
461
44409
48761
48761
44678
44678
44678
49359
44694
44694
44694
44694
44692
44692
44690
45083
888
888
845
736
153
45083
45249
45099
44659
153
606
44931
44931
44931
108
736
1038
1038
1038
1005
1005
668
844
659
658
1537
1537
1282
1918
1730
1924
1946
1946
1545
1922
1547
1916
2591
1915
1912
1883
1891
1891
1540
1891
1902
1793
1552
1890
1884
1884
1884
2956
3051
16226
16227
14623
14623
14623
14621
14621
14621
6019
14621
6019
6019
6029
6029
24312
6029
24312
4419
4419
3788
5936
4421
24312
5936
46895
47020
46981
46981
46856
46843
47022
46899
46895
46895
46175
47158
47206
47158
46911
47158
47158
47158
47158
47191
47190
46199
46641
46212
46906
46906
46840
47004
47001
46991
46991
46993
47008
47022
47045
46999
47047
47204
47046
46974
46975
47065
47057
47066
47194
47065
47101
46981
47020
47135
47079
47135
47079
47129
47101
47131
47077
47131
46874
47160
47202
47146
47146
47194
47039
47149
47052
47182
47182
47083
47071
47095
47197
47087
47087
47201
47179
47089
47089
46886
47178
46840
46886
46886
46868
46868
46886
47077
47197
47098
46874
46869
47201
47178
47178
46976
47065
47065
47122
47124
47119
47119
47122
47122
47129
46139
46215
46828
46828
46175
46828
46310
46184
46310
46130
46125
46125
46130
46125
46641
46212
46212
46117
46123
46117
46158
46117
46159
46817
46831
46831
46817
46831
46379
46379
46831
46158
46790
46159
46856
46878
46853
46853
46878
46880
46853
46090
46880
46090
46880
46146
46645
46645
47136
47079
47079
47171
47079
47171
46184
46144
46190
46169
46645
46168
46169
46381
46637
46111
46637
46111
46644
46851
46117
46111
47171
46869
46100
46100
46151
46151
46217
46217
46217
46663
46168
46389
46627
46161
46188
46164
46676
46161
46388
46151
46193
46193
46164
46193
46384
46344
46346
46344
46306
46821
46821
46821
46790
46354
46676
46676
46385
46379
46316
46790
46358
46358
46347
46347
46821
46306
46321
46318
46835
46313
46315
46358
46318
46381
46382
46663
46336
46336
46330
46336
46326
46335
46326
46663
46376
46376
46389
46663
46376
46676
46676
46389
46388
46682
46389
46389
46682
46374
46369
46369
46682
46682
46389
46369
46360
46358
46335
46344
46343
46333
46332
46342
46332
46332
46321
46299
46299
46302
46835
46290
46347
46343
46313
46313
46349
46358
46356
46349
46275
46356
46356
46299
46294
46294
46262
46774
46258
46302
46258
46256
46268
46313
46326
46333
46333
46333
46333
46332
46322
46527
46374
46651
46651
46322
46374
46651
46682
46360
46365
46365
46356
46365
46363
46360
46688
46322
46683
46683
46683
46688
46688
46700
46720
46733
46342
46718
46718
46716
46720
46716
46720
46720
46802
46460
46718
46718
46460
46258
46262
46258
46720
46263
46263
46263
46263
46256
46256
46783
46547
46547
46257
46277
46783
46301
46301
46257
46547
46255
46545
46779
46332
46332
46713
46713
46713
46454
46454
46527
46527
46683
46683
46685
46700
46700
46700
46685
46713
46685
46685
46241
46700
46526
46526
46282
46275
46273
46275
46275
46760
46243
46243
46286
46240
46760
46286
46685
46441
46441
46445
46445
46441
45372
46736
46736
45372
45372
45357
45820
45818
45818
45823
45604
45560
45623
45676
46065
45818
45686
45686
45452
45640
45357
45435
45370
45435
45370
45370
45435
45434
45348
45348
45349
45352
45352
46733
46471
46464
46464
46471
46464
46460
46464
46454
46464
46464
46452
46452
46471
46436
46804
46436
46462
46418
46449
46473
46473
46301
46257
46545
46543
46779
46445
46543
46778
46762
46543
46762
46454
46454
46728
46393
46393
46728
46452
46393
46505
46505
46728
46241
46282
46741
46550
46525
46741
46525
46392
46393
46392
46743
46738
46743
46252
46550
46530
46252
45823
45604
45360
46432
45311
46398
46425
46418
46410
46594
46410
46476
46590
45604
46590
46594
46576
46590
46580
46476
46576
46561
46576
45854
45667
45404
46541
46798
46798
46762
46762
45435
46540
46764
46288
46530
46530
46522
46288
46532
46522
46523
45349
46765
46288
46540
46765
46737
45416
45414
45910
45910
46505
46510
46510
45404
45404
46738
46738
45395
46737
46737
46743
46252
45395
45394
45910
45910
46761
46244
46240
46244
46536
46532
46251
46241
46251
45452
46060
45623
45640
45640
46060
46065
46082
46082
46082
46077
46072
45982
45984
46072
45984
45964
45984
45708
45703
45434
45458
45349
45488
45458
45458
46765
45708
45985
46010
45486
45481
45736
45486
45479
46072
45893
45649
45893
45964
45515
45649
45524
45893
45524
45290
45524
45649
45537
45515
45985
45985
46010
45486
45486
45481
45486
45989
45512
45512
45513
45510
45510
45667
45667
45669
45669
45904
45854
45920
45639
45904
45639
45904
45904
45586
45920
45920
46534
46765
46534
45416
45736
46007
45394
45436
45436
45924
45427
45476
46007
45733
45479
45733
45748
45748
45471
45471
45924
45772
45394
45394
45956
45986
45656
45656
45986
45584
45656
45899
45935
45935
45586
45586
45953
45534
45534
45953
45899
45899
45543
45953
45953
45950
45898
45497
45476
45655
45654
45655
46001
46001
45654
45939
45939
45501
45499
45505
45506
45499
45950
44471
44471
45309
45291
45309
44861
44450
45309
44450
44450
45537
45291
45290
45537
45537
45514
45538
44471
45528
45513
45528
46008
45528
45310
45529
45529
45992
45507
46008
45539
45505
45529
45310
45539
45997
45997
45541
44471
44445
48479
160
160
44447
44450
44447
160
44409
44409
44409
48479
44447
48479
44447
44508
44523
44523
44508
44508
44670
44673
44494
48760
44508
45310
44508
44860
44860
45305
44504
45299
44501
45303
44505
44984
44984
44681
44883
45164
45168
45164
45276
45543
45543
45288
45898
45543
45542
45542
45276
44865
45288
44458
44458
45542
45298
45298
45501
45950
45887
45887
45505
45541
45521
45517
45517
45301
45301
45517
45294
44458
44458
44483
44458
45298
45298
45298
44512
44512
44483
44481
44481
44475
44512
44491
44475
45294
44504
44504
44504
44964
44415
44964
44417
44415
44417
44417
160
48479
461
48479
461
48760
48758
133
461
44409
461
461
461
461
461
461
461
461
48758
48758
48761
48761
48758
48758
44681
48758
48758
48761
44681
45055
45014
48761
48758
44678
44678
48761
44678
49359
45055
44678
44696
44695
45048
45014
45027
45027
45027
45218
45168
45168
45165
45008
45165
45048
45048
45031
45031
44798
44798
45031
45163
45008
45163
44678
49359
49359
44694
44693
45039
45210
45156
45156
45156
45024
45042
44634
44634
45059
45075
45075
45059
44695
44693
44693
44695
44810
44698
44809
44692
44698
44690
44698
45079
44698
44808
45242
44810
44796
45051
45227
45045
45171
45197
45197
45186
45169
45184
44491
44438
44488
44491
45133
45133
44631
44631
44491
44488
45133
44420
44417
44516
45133
44424
45133
44517
44516
45163
44517
44517
44631
44631
44631
44763
45054
44420
44420
44601
44604
45073
45135
45054
45138
45073
45138
45138
45073
45136
45136
45024
45136
45136
45024
44634
44634
45135
45138
45138
45075
45094
45145
44635
44635
45094
45131
44600
45147
45112
44600
45147
45127
273
883
882
882
275
700
44773
271
45127
271
223
44767
226
226
45147
270
272
270
272
780
272
778
773
226
775
775
775
773
773
45092
45242
45099
45238
44749
44744
45230
44747
45267
44753
44760
45123
44737
44735
45085
45087
45169
45087
45110
44738
45110
44773
44774
108
236
44760
277
44604
44604
44607
44608
44608
44608
45117
44607
44816
44607
44765
44765
44765
45117
44608
44608
44767
44767
45117
45131
44765
193
13
877
44767
877
226
877
13
877
769
769
268
773
773
883
1050
856
1042
856
882
765
763
856
717
716
1041
717
1016
1042
1016
721
770
989
770
989
899
771
990
771
990
990
1037
899
899
1037
1037
899
1037
894
993
784
994
778
780
775
994
1045
993
993
993
1045
721
710
1034
1021
711
1019
1018
1716
727
667
654
1027
646
653
991
664
664
664
1997
894
2115
1997
2165
2165
1719
1719
2167
2040
2034
2140
2040
2057
2040
2040
2087
1018
1719
1731
1731
655
657
655
654
653
651
653
1728
1727
1730
1728
851
651
1725
1688
2167
2169
1722
2040
2063
2093
2140
1982
1982
1982
2093
2122
2122
1981
1981
1981
2122
2169
1722
1722
1725
1643
1643
1667
1659
1953
1727
1648
1953
1650
24733
1659
25249
1948
24733
24733
2093
25419
1643
1981
26007
1981
1643
2122
2122
25419
26007
25428
26007
1688
1650
25428
24741
24741
24735
24741
25428
24481
25419
25419
24692
1937
1932
1932
1939
1932
24350
25252
25252
24350
2348
1553
1676
1677
1916
1669
25252
24353
26007
24481
24481
24741
24735
24741
25248
24700
24481
24699
24333
24333
24329
24331
24331
24331
24486
24486
24491
24331
1916
1916
1670
1655
24723
24353
1672
24721
24727
24351
1915
1916
1806
1672
24737
1665
24737
25047
24717
25274
25274
24351
24487
24492
25260
25259
25274
25294
24709
25294
24705
25260
25260
25273
25259
26067
25419
25419
24692
24460
24692
25419
24460
24460
24460
24460
26318
24460
24481
24481
25829
24692
25829
24322
25546
25680
25546
26061
26263
26061
25829
24692
26007
24481
24486
24692
26060
25680
25589
26042
26141
1981
25419
24481
24481
2122
2093
1981
2122
24486
25546
25546
24481
1981
24481
24487
24487
24492
24487
25259
24487
24486
24486
24488
24487
26042
26018
26017
25966
25963
25981
2122
1981
25886
25886
1981
25981
25963
25966
25981
25981
25886
2122
25885
25959
25428
24486
26007
24481
24487
26007
24482
25829
26178
25832
25981
25963
25987
26388
25966
25963
25963
25981
25885
25981
25959
26162
26422
25987
26388
26388
26640
26126
25987
27018
26388
26427
26436
26609
25959
26002
25829
25958
26431
26131
26002
26237
25880
26640
26640
26709
26709
26814
26633
26638
26617
26609
26712
26619
26714
26742
26714
26714
26741
26741
26625
26710
26733
26627
26680
27026
26619
26654
25997
26133
26713
26701
27028
26445
26375
26723
26928
26721
26723
26537
26524
26538
26537
26538
26526
26517
26526
26527
26517
26494
26733
26817
26717
26733
26733
26725
26725
26980
26712
26980
26781
26717
26532
26717
26727
26539
26539
26527
26735
26157
26115
26157
26982
26784
26782
26778
26462
26698
26699
26984
26661
26749
26749
26749
26749
26781
26774
26889
26777
26774
26524
26524
26532
26719
26523
26532
26527
26591
26962
26516
26494
26523
26513
26522
26518
26589
26595
26508
26588
26588
26718
26788
26747
26746
26770
26540
26520
26531
26746
26910
26578
26590
26585
26585
26540
26587
26541
26586
26545
26543
26483
26483
26962
26959
26511
26502
26501
26508
26451
26592
26494
26451
26487
26487
26824
26959
26451
26831
28596
26954
26968
26520
26519
26521
26519
26581
26934
26565
26936
26553
26937
26575
27434
26577
26575
26454
26837
26567
26837
26563
26560
26450
26823
26853
26843
26563
26455
26547
26556
26840
26455
26860
26999
27503
28621
27102
27508
28248
27508
28248
27399
27501
27075
27121
29987
28700
28679
29883
30133
28641
28766
28444
28862
27501
27508
27434
27532
26454
28627
27121
27864
27441
27532
27441
28498
27223
28511
28222
27490
28810
27177
29194
27532
27490
27381
27490
28586
27427
27223
27223
27322
27441
27441
31495
31574
29183
31461
29273
31501
29186
29186
29206
29186
29660
29314
29186
29660
29314
29314
29660
38848
38848
38848
30286
31540
31293
30133
27648
27864
31167
29947
28314
30381
33721
30028
32570
31471
32570
29186
31461
32266
32462
33619
29314
29314
29379
27774
32263
27223
33372
27489
31461
32266
33610
33610
33466
38823
29255
30367
37794
28400
29379
29757
30028
38823
37115
38445
37062
39152
28400
39152
27441
27223
27322
27322
27381
28400
27490
28400
38823
39091
28400
28400
29186
29186
29186
29186
38848
29660
29660
29660
29186
33466
29186
29186
29757
29660
29660
29757
29757
29757
29757
29757
29757
29757
29757
31461
29757
33466
33466
33466
29757
33610
39091
33466
39091
33466
29757
38713
29757
29757
39152
38848
38713
29757
29757
29757
29757
29757
29757
29757
38965
29757
29757
38965
38965
38965
39091
39091
39152
1898
1890
1902
1795
1792
1795
1904
1801
1911
1895
1890
1790
1791
25076
25047
25047
25077
25075
1900
1790
25060
25067
25054
1597
1644
25056
25056
25056
1630
1597
1626
1626
24588
24591
24520
24553
24710
24547
24560
24520
24716
25300
24709
24709
25273
24709
24532
24709
24710
24532
25048
25075
25054
24547
1836
1786
1872
1873
1873
1784
1841
1783
1644
1841
1786
3008
1784
1780
2956
1868
3007
2972
3015
2970
1778
1644
1780
1597
1644
1644
24557
24557
24557
24555
24710
24537
24550
24550
24552
24559
26359
24525
25323
25321
24504
24550
24357
25273
25260
24532
24532
25272
25260
24501
24488
24501
24529
25810
24503
24507
26347
26269
25785
25785
26353
25828
24507
25827
25792
25792
25792
25865
25864
26090
25762
26089
26277
25762
26359
25760
24495
24488
24495
3710
6034
3712
6036
3791
3791
4479
4479
4409
3569
4378
4501
4413
4413
4477
4412
4476
4482
6225
4461
4465
4498
5033
4503
6251
4484
10303
4476
4492
5708
4481
4446
6251
6250
6253
6250
4482
4453
4453
6242
4427
6221
4439
6155
6221
6242
6246
6221
26167
26167
25839
26166
26275
25788
25841
25840
26165
26165
26183
26183
26149
26136
26265
26205
26265
26205
26119
26133
26200
26239
25877
25954
25877
25876
25954
26416
26417
25877
26442
26376
26108
26882
26247
26260
26903
26385
26881
26871
26661
26990
26759
26764
26988
26896
26896
26793
26770
26908
26914
26753
26756
26762
26908
26911
26768
26550
5709
6178
6178
6178
4439
6177
6177
6169
47550
47867
48362
47326
48004
47812
47744
48128
48128
48128
47803
48116
47597
48129
48129
48129
47803
48128
47301
47846
47589
47532
48076
48076
47606
48437
47597
48471
47301
47301
48457
47954
48063
48457
47855
47528
47575
47936
47575
47895
47597
48455
47444
48063
47337
47706
530
292
292
1114
1059
34718
3434
15922
6193
52329
52451
51780
51322
51322
52343
51757
51830
51812
52324
51973
51742
52279
51992
51059
51051
51117
51830
51054
51051
51053
51117
51094
51081
51094
51050
51088
51095
51830
51320
51047
51891
51320
52171
52263
51044
51134
51134
51065
51059
51326
51024
51332
52279
51009
51024
51012
51039
51117
51100
51100
51094
51072
51072
51072
51073
51204
51205
51205
51301
51301
51312
51007
51020
51006
51171
51226
52263
51046
51796
51044
51041
51041
51352
51352
52206
51309
51355
51034
51209
51065
51068
51309
51026
51034
51209
51209
51035
51035
51020
51225
51209
51209
51209
51204
51204
51123
51171
49786
50665
49639
50142
49639
49706
49706
49734
49706
49734
50070
49634
50057
50163
50171
49734
49985
49734
49985
49985
49981
50156
50156
49621
50166
49621
49374
49981
49639
49643
49639
49685
49634
49642
50066
50051
50066
49685
49686
49685
49686
50051
50047
49981
50047
49978
50047
50047
50156
49379
48535
49374
49374
48592
49374
49621
49375
49375
49369
48592
48558
48536
48558
48558
48558
48953
48953
48953
48953
48800
48985
48796
461
48588
48592
48585
48585
48793
48953
48524
48588
48520
48707
48704
48792
48882
48796
411
48707
49030
49030
48882
49981
49978
49978
49369
49369
48554
49365
49978
49624
49366
48554
48554
49365
49365
48552
49365
49377
48520
48520
48552
49365
49365
49377
48572
49377
48572
48520
48879
48526
48552
48719
48571
48551
48577
461
461
461
461
461
461
461
461
399
461
461
570
392
392
399
48981
48624
392
48646
49030
48885
48647
48647
48624
48624
48619
48619
48623
48734
399
399
399
399
399
399
570
399
530
399
399
399
464
399
530
530
530
530
530
48623
392
48623
393
48623
48623
48617
48617
48734
48617
48691
48734
393
511
393
48617
48617
48734
48637
48734
48637
48879
48879
48571
48719
48692
48577
48530
48530
48657
48813
48813
48813
48691
48691
48813
48695
48694
48694
48713
48694
48710
48695
48698
48734
48695
469
48695
48698
540
294
540
393
317
325
294
288
288
325
393
317
317
48637
48637
469
509
317
317
48637
48637
303
509
509
509
1237
1233
1122
309
1236
294
318
288
1195
1195
288
1234
1195
1410
1435
1233
1412
299
299
300
303
303
300
303
473
296
1412
1435
1435
1417
1417
296
1417
296
508
1375
302
1347
1347
48695
48906
48698
48906
48698
48857
48906
473
473
473
48857
473
508
1210
1124
1122
1312
1305
1312
1104
1303
1312
1071
1071
1418
1055
1055
1055
1104
1394
1422
1394
1372
1372
2772
1394
2772
2779
1405
1348
1429
1350
1350
1377
2772
2778
2775
2778
1403
1403
2814
2778
2708
2814
2708
1303
1076
1059
1061
1055
2263
2263
2784
1059
1058
1061
2263
2784
2263
2251
2784
2831
2775
2703
2807
2807
2734
2708
2708
2757
2708
2802
2703
2677
2802
2668
2668
2734
2734
2738
2734
2438
1058
2440
2411
2438
2252
2417
2252
2314
2890
2302
34985
2890
34980
2867
2837
2831
2423
2676
2423
2863
2861
2676
2677
2674
2677
2674
2674
2738
2750
2738
2738
2674
2674
34929
2750
2769
2769
35451
2295
2896
35000
35047
35011
34971
2896
2895
2291
35513
34820
35520
34862
34788
34910
2863
2861
34996
34922
34929
35482
34841
34888
34896
34903
34888
34903
34903
34929
35458
34929
34929
35458
35458
35458
34904
34903
35515
35515
35458
35458
35458
34818
34818
35520
34820
34788
34718
34723
34726
34788
34821
34862
34862
35490
34874
34896
34874
34903
34898
34905
34680
34905
34821
35490
34874
34678
34670
34670
34909
34683
34909
34836
34909
34683
34683
34683
34670
34683
34684
35458
34675
34675
34675
34684
34723
35143
34827
34827
34804
2652
35143
35144
35125
35141
35143
34804
2501
35148
35129
35130
34824
34824
34804
34803
34670
34670
34675
34667
34803
35121
34817
34817
34817
34707
34817
34674
34670
34670
34670
35752
34670
35749
34675
35392
35398
34464
34664
34453
34435
35595
34452
34707
34648
35372
35595
35595
35595
35704
35616
34654
34648
35657
35648
35588
35648
36377
36296
36377
36377
35648
36296
35672
35647
36377
35892
36335
35647
36363
35892
36092
36057
36370
36057
36191
36370
36335
35973
35969
36640
36832
36829
35969
36292
35969
36204
36130
36191
35967
35977
36292
36153
36146
36799
36799
36703
36702
36799
36933
36700
36280
18321
3297
3480
2899
35148
3515
3434
3243
2647
2647
2501
2640
2501
2238
3486
2240
2640
2650
2643
2525
2901
35390
34817
35390
2645
34813
2264
34707
34648
34813
35478
35478
2266
2264
2905
2264
2241
2241
2454
34686
2266
2266
2272
2266
16965
18650
14249
3685
3287
3686
3336
3444
3398
3301
3683
3686
3695
3442
17018
14484
14249
17485
17427
17482
17780
17379
17425
17444
14326
3442
3267
3415
3372
3353
3375
2901
2518
2901
3391
3262
3375
3654
17397
3262
14681
14681
3621
3621
3326
3350
3350
14668
3346
34605
34605
34686
34605
35755
35755
34604
34686
2906
35358
35358
2273
2310
35358
34611
34611
34611
34620
35657
35652
35574
34605
34604
35574
35647
35855
35802
36134
23766
18634
14838
18847
15935
16668
17136
21127
22728
17056
14103
18716
24002
24002
24024
16823
14211
17493
24024
17333
17622
17493
23155
23189
21764
23220
21232
17204
16823
16823
14211
17083
18774
17591
23179
14666
17662
15099
20655
15081
20012
3640
14678
14666
14678
14676
20540
14039
19854
19714
15208
24114
19886
20375
20219
20266
15138
16120
23464
18746
23119
17204
23040
17560
23056
17599
17599
17560
17599
17599
22728
15922
14103
23119
14117
14117
23014
23056
23014
23016
14735
16398
17599
17560
24314
16371
23179
19942
15276
20308
24315
16284
24314
24315
15265
16434
14611
14611
14611
24314
24314
14602
24315
14602
14602
16345
14611
16419
14602
16345
14649
36368
36370
36130
15922
14729
23948
14729
14729
15920
14729
23948
16377
14735
14735
14757
14757
15920
16377
16420
16377
16327
16325
16325
16325
16325
16356
16347
16347
16358
16420
15920
16328
6141
16328
16328
6162
15917
15917
16358
16327
16420
44694
1527
45249
49340
606
1526
1537
1883
14621
3788
24312
51113
51098
51073
51073
51075
50988
51089
51112
51113
51113
50901
51248
51293
51236
51248
51236
51248
51232
51232
51112
51240
51281
51001
50999
51247
51247
50997
51081
51106
51084
51081
51083
51106
51092
51135
51092
51136
51131
51136
51064
51214
51155
51147
51156
51157
51157
51193
51081
51106
51225
51169
51225
51169
51219
51191
51216
51167
51216
51167
51293
51131
51144
51144
51132
51161
51232
51162
51247
51174
51174
51161
51160
51192
51163
51194
51179
51174
51179
51177
51270
51270
50996
50972
50972
50977
50976
50976
51188
51287
51291
50981
51291
51185
51270
51270
51214
51155
51156
51219
51211
51211
51211
51211
51219
51219
50231
50989
50901
50228
50228
50758
50758
50280
50473
50901
51280
51280
50220
50289
50731
50997
50997
50996
50731
50215
50215
50731
50297
50918
50220
50907
50918
50907
50400
50474
50921
50921
50921
50276
51075
50983
50984
50984
50983
50969
51265
51265
50969
51265
50936
51261
50185
50185
50969
50969
51261
50964
50964
51261
50259
50236
50236
50183
50183
50283
50258
50258
50929
50297
50972
50929
50928
50928
50297
50309
50981
51277
50981
50293
50960
50293
50284
50720
50293
50480
50768
50479
50175
50276
50251
50175
50276
50251
50766
50284
50768
50768
50196
50768
50473
50425
50426
50425
50400
50474
50436
50426
50915
50921
50921
50276
50468
50468
50410
50761
50468
50405
50436
50434
50436
50398
50434
50437
50410
50406
50410
50406
50437
50754
50472
50754
50421
50420
50421
50419
50421
50416
50741
50480
50466
50480
50479
50479
50466
50881
50881
50196
50766
50448
50766
50766
50448
50466
50771
50771
50444
50448
50478
50771
50447
50444
50416
50425
50428
50423
50422
50433
50423
50423
50437
50433
50384
50437
50411
50394
50434
50433
50408
50408
50925
50405
50403
50403
50380
50438
50876
50384
50432
50433
50864
50432
50864
50384
50394
50392
50392
50408
50419
50419
50741
50419
50417
50412
50464
50617
50741
50772
50772
50464
50455
50455
50438
50447
50451
50451
50360
50451
50450
50447
50464
50453
50450
50441
50441
50453
50453
50453
50560
50551
50422
50422
50782
50546
50551
50486
50560
50560
50555
50550
50544
50546
50544
50864
50864
50384
50560
50864
50355
50864
50355
50352
50348
50346
50353
50353
50637
50346
50346
50355
50895
50353
50353
50347
50813
50347
50412
50412
50617
50790
50777
50486
50545
50777
50777
50450
50365
50376
50777
50775
50775
50450
50372
50376
50334
50330
50775
50372
50842
50775
50876
50360
50876
50328
50345
50328
50345
50873
50850
50345
50365
50365
50391
50895
50895
50561
50391
50894
50561
50535
50894
50894
49434
49401
49402
49778
49905
49694
49691
49691
49694
49713
49451
50123
50151
50151
49713
49461
49461
50894
49461
49462
49462
49462
49437
49451
49778
49437
49439
49439
50555
50554
50821
50554
50554
50548
50550
50542
50545
50821
50542
50542
50483
50554
50526
50526
50548
50548
50539
50595
50590
50593
50895
50813
50813
50391
50813
50554
50535
50826
50635
50535
50381
50545
50545
50801
50482
50482
50800
50483
50482
50595
50830
50372
50626
50330
50639
50639
50840
50840
50840
50800
50815
50815
50839
50828
50620
50620
50626
50622
50610
50488
50662
50522
50514
49401
50488
50509
50590
50566
50501
50501
49494
50686
49694
50665
50662
50665
50316
50316
50566
50665
49642
49945
49494
49858
49494
50535
50527
50527
50868
50381
49462
50535
50888
50854
50852
50852
50610
50854
50868
50610
50612
49460
50630
50855
50631
50630
50612
50623
50623
49506
49517
50830
50593
49492
49483
49858
50828
50828
50828
50613
50613
50620
50612
49492
49526
50000
49504
50635
50869
50850
50345
50869
50852
50851
50334
50334
50151
49542
49691
50148
49717
50148
49713
50162
50070
50056
50057
50162
50073
50143
50073
50073
50073
50075
49542
49542
50109
49439
49439
49799
50630
50630
50630
50075
50075
49740
49799
49576
50855
49576
49570
50056
50056
49739
50114
50073
50114
49605
50163
49627
50163
49380
49627
49605
49628
49605
49739
49602
49740
50084
49600
49596
50084
50083
49604
49602
49604
50098
50082
49850
50001
49850
49643
49992
49858
50001
49685
49992
49737
49845
49845
49561
49561
49561
50855
50630
50855
50855
50855
50855
49526
49517
49518
50014
49506
49587
49826
50097
49826
50097
50013
50013
50029
50014
49566
49838
49838
49526
49686
49737
49737
50027
50028
50028
50027
49674
49845
49680
49679
49679
49680
50045
50028
49674
50045
49989
49989
49680
49674
49976
49976
49587
49745
49589
50038
50038
49570
49594
49594
49562
49680
49591
50038
49595
49597
49589
50040
48535
48534
49383
49380
45291
48951
44447
49399
44861
44447
49627
49380
49380
49627
49628
49605
49628
48536
49618
49619
49619
50098
49618
49399
49619
49396
50082
49597
49629
49616
49631
49399
49399
49397
49390
49397
49390
48537
48536
48496
413
48499
48534
48534
358
413
414
461
414
44409
358
44409
358
44450
48479
44447
48678
48678
48678
48678
48760
48760
48597
48597
48584
48597
48543
48596
48594
48948
49049
48948
49049
48543
49105
49066
48876
49053
48515
49049
49624
49989
49624
49633
49976
49989
49976
49606
49624
49366
49633
49366
49387
49606
49606
49385
49610
50040
49608
49608
49595
49610
49389
49608
49608
49389
49389
49608
49385
48957
49387
48551
48957
49385
49606
48567
48567
48957
48551
48577
48577
48564
48567
48564
48564
49386
48503
48503
49386
48515
48505
48507
48507
48505
48507
48564
461
44409
461
461
461
48479
48758
461
461
461
461
461
461
461
461
461
461
44409
461
48758
48761
48761
48758
48760
49105
48758
48758
48761
49105
49145
49145
49145
48761
49145
49145
48761
49145
49145
49145
49145
49139
48786
48900
49105
48876
49118
49118
48902
49297
49297
49112
49284
49284
49139
49322
49324
49322
49129
49314
49112
49260
49115
49260
49145
49359
48786
48785
48785
49314
49129
49130
49260
49130
49131
49135
49153
49288
49288
48727
49259
49292
48785
48783
48899
48900
48900
48783
48899
48783
48783
48788
48788
49182
48788
49337
49336
48892
49154
48892
49154
49316
49288
49168
49168
49180
49180
49292
49094
48577
48529
49094
48564
49094
48713
48529
49094
48529
48608
49225
48513
48608
48608
49090
48513
48608
48608
49260
49128
49128
48713
48529
48713
48710
48714
48608
49225
48710
48710
49184
49133
48714
49184
49184
49235
48725
48714
49128
49128
49128
49133
49128
49153
49153
49133
49133
49235
49235
49259
48727
49176
48862
48862
49217
49217
49217
49217
48826
49216
49216
48863
1328
1441
1135
552
48846
552
48822
479
479
479
479
474
49217
494
48863
555
1141
1147
1321
1448
1147
1485
550
549
1318
1318
1434
1216
1216
49189
49336
49340
48841
49179
48838
49329
49344
49357
49021
49021
49344
48850
49321
48838
49192
49176
49176
49199
49212
48827
48822
48822
611
391
516
48850
48710
48710
48857
48690
48690
48690
48725
49221
48857
48710
49221
48857
501
49237
49237
474
474
501
48725
49217
48857
501
1209
546
501
1214
474
1214
1347
1209
1214
1214
1214
549
1214
1441
1288
1173
1488
1173
1298
1298
1204
1288
1478
1152
1157
1535
1466
1456
1166
1458
1429
1429
1430
1429
1386
1430
1477
1434
1469
1477
1334
2814
2792
2796
1334
2792
2694
2839
2661
1170
1164
1485
1321
1485
1468
1163
1105
2839
1431
1105
1105
1154
1108
1467
1169
1088
2394
2394
1109
1168
1095
1293
2394
2410
2661
2840
2733
2762
2720
2694
2694
2694
2661
2661
2762
2763
2657
2817
2720
2817
2763
2734
2720
2763
2763
2397
2762
2400
2762
1168
2408
1098
2401
1087
2402
2410
2407
2629
2359
2337
2325
2403
34765
34766
2657
2656
2843
2817
2769
2797
2658
2658
2658
2657
35453
2797
2797
2656
2843
35461
2656
2400
2410
2400
2403
2321
2843
2359
2337
2337
2329
34765
2618
34765
35281
2613
35281
35284
34765
34767
35451
35453
35460
35461
34728
35461
35460
35453
34725
35453
34725
34728
34728
34729
34773
2321
34729
34731
34382
34729
34729
34518
35451
35451
35451
2613
2615
2622
2354
2607
34382
35284
35284
34368
1547
2355
2583
2348
2583
34375
34384
34728
34518
34518
35280
34364
34731
34363
34524
34518
34524
34366
34361
34360
34360
34363
35306
34524
34524
34524
35291
2357
2357
2342
34754
34760
34750
34768
34760
34769
34748
2485
2357
2485
2484
2484
2573
2483
35115
35115
34737
34737
34739
35312
35306
34360
35330
35332
35079
35083
35084
35105
35330
34741
35332
34741
34494
35453
34725
34725
36030
34725
34728
34724
34494
34725
34724
34684
34494
34513
34518
34519
34513
34513
34667
35713
34494
35715
34452
35636
34452
35312
34494
34513
34513
35315
34494
35723
35713
35723
35723
35719
34513
35446
34513
34515
35834
36381
35834
34494
35311
35636
36296
34527
35834
35825
34525
35310
35308
35290
34355
35294
35858
34537
34566
34534
36338
35841
36338
35841
36096
36096
36340
36211
36030
36212
36211
36046
36046
35840
36105
36001
36173
36340
36041
36211
35834
35825
35862
35825
34539
35862
35859
35824
35874
35859
36046
36046
35958
36046
35840
36073
36073
35998
36173
35999
36041
36211
36041
35958
35934
35973
35934
35973
36002
36004
35939
35998
36173
36264
35889
35889
35872
35889
36193
35880
35879
36035
36194
35974
36426
36634
36833
35974
35928
36631
36675
36159
36675
36017
36835
36842
36818
36823
36769
36769
36635
36844
36842
36668
36017
35923
36021
36468
36165
36298
36656
36434
37050
36454
36463
36759
36760
36820
36759
36749
36751
36749
36749
36759
36563
36564
36564
36564
36556
36544
36760
36779
36779
36848
36846
36760
36848
36847
36671
36846
36848
36803
36750
36800
36803
36849
36771
36849
36848
36451
36141
36909
36655
36658
36742
36658
36654
36650
36711
36660
36711
36910
36796
37022
36796
36771
36744
36719
36773
36744
36563
36553
36610
36800
36610
36610
36749
36960
36536
36544
36544
36552
36611
36597
36564
36564
36753
36544
36564
36564
36852
36793
36921
36928
36920
36757
36941
36582
36785
36809
36572
36753
36569
36569
36766
36958
36956
36756
36571
36571
36543
36534
36535
36521
36611
36489
36614
36545
36534
40264
36534
40167
37265
36489
37326
36534
36534
38774
37689
37539
37147
36582
36572
36599
36788
36966
36628
36622
36627
36621
36549
36599
36591
36585
36964
36549
36581
36617
37124
36569
36569
40186
40264
40271
40264
36558
40264
36549
36549
38826
38992
38992
37468
36858
37257
38346
37413
38566
37522
37307
37340
36888
37945
38267
43402
37413
38318
37382
41431
39742
37340
38566
41431
36487
38618
36986
38280
36982
37124
38265
38233
37274
38629
37211
37217
37274
40290
39656
39232
39742
39788
39661
39868
38933
38914
38409
38419
38412
39375
39661
38933
38318
37217
37859
38500
38346
38346
41432
41197
41187
41222
41187
39904
40019
27247
40090
40019
27247
27930
27930
40243
27049
27049
42230
42315
42315
37382
42230
37585
42230
43463
41431
39742
38346
39742
37859
42315
37859
41331
37859
42230
38346
41432
39922
40121
40174
37945
38318
38318
38346
38318
37859
42230
38346
38346
37859
41431
39661
39857
39892
39868
39205
40290
41432
39205
39857
39242
39239
39223
39417
39237
38318
38318
39868
39868
39788
39394
39868
39656
39394
39394
39394
39394
41187
41331
41187
41188
39969
27930
41187
40019
41188
41138
41187
41187
27930
27930
27930
39969
27015
39969
27930
39969
39969
39922
39969
37859
41187
41138
39922
39325
39325
41138
39783
39783
39783
41138
40264
40186
40187
40187
39951
40243
40271
40177
40271
40271
40187
39325
39325
39216
39216
39969
39325
39325
39325
39216
39325
39325
39325
2566
2480
2567
2482
2578
2471
2471
2471
1552
2575
2566
2602
2575
2572
35096
35096
2469
2579
2480
2469
2479
2474
2470
2454
2462
2580
2461
35117
2272
2272
2273
2466
2272
2323
2323
35077
35088
2458
2461
2323
35110
35096
35092
35087
35334
35083
35084
35092
35087
35088
35096
2579
35117
35077
1884
2559
2956
2543
2543
2515
2516
2246
2518
2549
2512
2545
2515
2471
3051
3281
3261
3281
3344
3346
2241
2462
2462
2241
2466
2462
34624
2457
2303
2457
2457
2457
2457
2303
34623
34624
34551
34553
34551
34553
34593
2303
34553
34743
35334
35088
34744
34592
35334
34743
34563
34579
34593
35759
34581
34558
36116
35899
36116
36386
34555
36392
34589
36391
35797
36123
36121
34602
34549
35759
34621
34549
36386
35346
34548
35347
34579
34562
34557
3641
16227
3705
14704
14623
14623
14699
14699
14704
14585
14713
14702
14685
14685
14697
14684
14690
14690
20590
14673
14673
14711
16434
14711
16435
14697
16434
14690
14700
16138
14689
14654
16435
16432
14700
16434
14701
16433
16433
14661
14634
16406
16365
16406
16365
14661
14654
16432
36313
36380
35842
36302
36301
36116
36299
35820
36301
36307
36303
36302
36303
36221
36302
36236
35883
36236
36181
36298
36150
36165
36165
36188
36150
36232
36132
35947
36271
35912
36029
36476
36133
37060
35907
36913
36500
35903
36689
36717
36652
36689
36689
36689
36816
36734
36815
36730
36730
36806
36812
36815
36766
36809
36810
36814
36921
36623
5936
16369
16367
16144
14634
16356
16356
16367
51830
52181
51990
51301
52329
51807
51891
51945
51370
51405
52561
52206
51683
52563
52563
51416
51402
52510
51581
52433
51683
51816
51581
51581
52026
52555
51985
51967
52505
52505
51607
51607
51581
51607
51529
51608
51611
51608
51611
51985
52357
52555
51683
51581
52181
51893
