4452
4555
4452
4643
4643
4643
4555
4976
4976
4976
5413
5262
5282
6066
5282
6264
6059
6406
6516
6883
7112
7369
7592
7592
7822
7770
7822
7822
8110
8110
8110
8274
8373
8373
8373
8373
8588
8792
9012
8588
9186
9079
9012
9079
9419
9674
9789
9664
10124
10202
10267
10275
10335
10267
10335
10383
10429
10472
11276
11276
11257
11315
11341
10756
10652
10908
11029
10472
10557
10557
10558
11170
11126
11170
11126
11118
11131
11429
11429
11549
11574
11685
11728
11784
11875
11958
12107
12157
12157
12245
12245
12361
12361
12332
12361
12361
12426
12426
12426
12467
12467
12467
12467
12467
12467
12467
12470
12470
12480
12480
12480
101
196
101
90
361
196
101
620
361
361
526
54
54
4
90
80
4
570
542
314
542
4
7
164
7
4
3
7
693
592
592
693
592
701
7
12
12
3
3
486
90
4
565
54
4
4
4
1
694
4
666
7
360
694
666
885
666
4
592
4
4
3
3
575
662
575
649
3
612
666
612
662
662
777
3
662
575
662
575
575
511
484
575
193
575
193
193
575
662
575
397
193
484
575
875
662
718
718
2963
2963
3077
3075
3075
3091
3091
3116
3128
3207
3116
3207
3201
3201
3342
3241
3341
3241
3317
3317
3341
3342
3421
3454
3454
3462
3421
3462
3077
3077
3128
3096
3128
2988
3185
3207
3285
3185
3279
3185
3285
3379
3379
3441
3379
3441
3441
3376
3373
3463
3463
3529
3635
3635
3454
3454
3462
3529
3555
3605
3635
3783
3763
3873
3763
3670
3670
3670
3670
3846
3913
4258
4279
3873
3846
3763
3846
4010
3879
3879
3908
3879
4031
4159
4064
4293
4010
4045
4031
4124
4234
4137
3555
3615
3615
3555
3615
3793
3615
3615
3710
3710
3742
3742
3793
3793
4023
3793
3857
3938
3938
4148
4023
4023
3857
4093
3857
4215
4124
4383
4148
4148
4376
4215
4093
4346
4279
4325
4540
4452
4540
4452
4540
4540
4540
4540
4540
4540
4766
4766
4540
4456
4483
4414
4442
4175
4383
4470
4598
4483
4483
4828
4828
4483
4740
4702
4722
4702
4722
4702
4722
4540
4766
4766
4540
4540
4766
4976
4954
4954
5165
4972
4972
4972
4483
4766
5026
4972
5026
5026
4828
5055
4948
5055
4948
5279
5026
5055
5026
5055
5055
5279
5381
5279
5279
4383
4376
4393
4615
4615
4393
4393
4393
4446
4755
4592
4592
4755
4755
4755
5094
5094
5034
5034
5094
5204
5094
5204
5375
5375
5279
5375
5204
5165
6094
5165
5203
5921
5203
6359
6400
6292
5434
5434
5381
5890
5381
5836
5836
6047
5951
5890
5890
5836
6047
6047
6318
6152
7215
7470
7295
6526
7112
6233
6938
6624
6433
6818
6700
7194
6818
6700
7202
7211
7420
6344
6624
6631
6631
6344
6539
6318
6479
6539
7202
6898
7187
7187
6978
6978
6978
6714
6714
6978
7113
7089
7089
5375
5375
5576
5585
5576
5576
5585
6081
6152
6479
6401
6617
6617
6794
7711
7770
7770
7822
8049
7717
8049
8052
8049
8052
7931
8225
7850
8199
7717
7768
7576
7931
7460
7460
7661
7850
7661
7703
7703
7522
7205
7522
7823
7491
7850
7850
8144
8106
7954
7823
7823
8106
7823
7672
7937
8274
8049
8373
8373
8295
8440
8440
8381
8373
8588
8552
8440
8597
8537
8537
8308
8523
8199
8256
8106
8106
7937
7984
8214
8214
7937
8256
8475
8477
8214
8214
8214
7937
7937
8214
8367
8631
8552
8552
8792
8850
8850
8936
8711
8926
8973
9186
8936
9186
8936
8726
8608
8711
8704
8600
8726
8773
8695
8695
8477
8477
8600
8529
8424
8424
8710
8567
8567
8582
8658
8582
8710
8710
8710
8734
9450
9520
9348
8929
9520
9008
9504
9683
9892
9776
10019
9601
9435
9581
9052
8773
8773
8695
8892
8658
8812
9262
9341
9242
8966
9497
8960
9107
8819
8710
8819
8819
8710
8889
8889
9097
9387
8972
9111
8977
8734
9160
10140
10019
9743
10031
9926
10211
10147
10099
9987
10204
9435
9560
9707
9926
9376
9815
9387
9591
9387
9591
9565
9987
10062
9815
9815
10030
9864
9232
9175
9320
9515
9566
9662
9566
9566
9609
9408
9515
9204
9408
9542
9778
9690
10252
10267
10398
10252
10303
10322
10450
10518
10402
10516
10398
10303
10516
10488
10488
10488
10303
10126
10343
10204
10126
10169
9761
9542
10205
10343
10358
10381
10169
10232
10317
9662
9851
10030
9934
9798
9851
10075
9741
9741
9918
9761
9741
10080
10171
9918
10139
10093
10171
10277
9891
9972
9972
9658
9897
10250
10080
10266
10047
9806
10130
9378
9660
9378
9660
9965
9806
9873
9966
9378
9243
9506
9966
9870
9329
9145
9146
9732
8862
8862
9523
9506
8627
8627
8434
8450
8173
8698
9025
8925
9198
9202
8925
8724
8777
9198
8725
8736
8275
8036
8450
8665
8240
8450
8432
8432
11297
10873
10749
10546
10516
10511
10640
10571
10594
10666
10568
10668
10479
10681
10689
10594
10684
10888
10709
10801
10801
10479
10498
10381
10737
10743
10631
10342
10503
10635
10423
10648
10646
10840
10840
10842
10948
10916
10840
10485
10792
10793
10842
10793
11157
11139
11197
11125
10997
11086
10950
10950
10846
10969
11089
11148
11113
11074
11242
11314
11134
11275
11148
11205
11303
11176
11176
11225
11266
11049
10944
10867
10853
11049
10895
10965
11018
10965
10985
10934
10965
11114
11114
10984
11225
11168
11217
11186
11060
11077
11060
11169
11081
10382
10368
10544
10493
10283
10353
10293
10549
10712
10392
10501
10776
10525
10614
10332
10293
10293
10466
10248
10130
10137
10293
10293
10179
9872
9872
10066
9656
11371
11508
11402
11669
11784
11637
11803
11953
12133
12059
12260
11403
11328
11403
11320
11383
11521
11312
11266
11264
11312
11523
11556
11764
11795
11863
11911
11857
11543
11763
11521
11884
11691
11964
11603
11223
11292
11405
11416
11292
11342
11234
11261
11223
11380
11380
11523
11436
11501
11628
11793
11414
11877
11663
11772
11833
11696
12008
11946
12031
12170
12072
12072
11865
12120
12202
12202
12138
12189
12208
12255
12348
12260
12219
12327
12327
12258
12202
12258
12304
12258
12284
12284
12087
12148
12208
11931
11940
11915
11927
11833
12087
12087
12051
11775
11851
11927
12074
12014
12108
12108
12108
12139
12208
12213
12095
12074
12180
12213
12160
12204
9656
9523
9200
12361
12436
12379
12436
12426
12467
12436
12379
12421
12325
12325
12301
12343
12465
12421
12301
12343
12405
12253
12253
12343
12337
12175
12324
12253
12324
12253
12465
12465
12470
12459
12459
12459
12459
12430
12393
12405
12253
4452
4452
4452
4452
4119
4391
4391
4554
4554
4554
4670
4729
4729
4729
4729
5039
5039
5188
5415
7232
7232
7338
7332
6442
5415
6263
5729
6413
6442
6785
6947
6947
6947
7115
7100
7384
7384
7384
7589
7589
7966
8008
8353
7966
8167
8167
8492
8492
8353
8852
8995
8995
9100
9229
9796
9942
10082
10309
10309
11054
10902
10902
10691
10902
11001
10946
10453
10691
11082
11140
11140
11226
11256
11352
11352
11386
11386
11386
11491
11491
11491
11686
11491
11686
11686
11886
11886
12174
11886
12174
12382
12382
12257
12391
12223
12174
12391
843
480
360
360
885
957
464
732
843
843
1141
746
498
746
852
567
567
567
567
744
813
972
987
978
865
865
1078
164
207
75
75
151
480
464
151
482
237
190
25
17
15
29
27
27
26
29
308
360
480
397
800
397
800
475
308
475
725
475
873
438
383
57
57
18
18
142
57
780
780
358
18
337
624
468
468
796
674
857
857
1001
868
1078
1001
1001
949
949
943
725
624
624
873
955
796
868
868
15
29
29
397
15
193
193
397
397
475
1106
1021
1266
1266
1141
1266
1383
1225
1383
1169
1172
1172
1169
1198
987
978
978
1199
1157
1167
1286
1167
1260
1242
1284
1284
1242
1284
1355
1405
1273
1286
1363
1260
885
875
1012
1012
875
820
1012
1004
820
1004
820
1103
1196
1196
649
800
800
1032
800
1032
1225
1104
1233
1248
1196
1312
1248
1379
1069
1151
1069
1151
1123
1153
1199
1151
1032
955
1051
1051
1156
1156
1180
1180
1180
1338
1312
1374
1182
1274
1326
1263
1395
1274
1395
1156
1263
1263
1263
1263
1349
1590
1469
1590
1496
1513
1513
1469
1363
1385
1395
1395
1385
1363
1442
1363
1480
1466
1552
1552
1513
1496
1611
1610
1596
1577
1483
1480
1610
1379
1301
1338
1443
1443
1476
1443
1544
1543
1544
1338
1497
1497
1374
1338
1497
1395
1395
1397
1395
1482
1397
1397
1495
1557
1488
1488
1482
1482
1374
1488
1632
1466
1543
1590
1730
1706
1916
1860
1916
1916
1611
1787
1787
1692
1596
1656
1552
1730
1577
1577
1574
1480
1556
1574
1695
1591
1556
1787
1755
1755
1868
1950
1880
1692
1880
1882
1671
1577
1544
1774
1774
1706
1774
1976
1752
1899
1557
1624
1624
1752
1557
1624
1482
1632
1632
1632
1591
1632
1727
1632
1727
1752
1704
1704
1704
1727
1727
1869
2058
2251
1860
2050
2050
2083
2038
2083
2058
2058
2271
2197
2050
2050
2197
1880
1868
1880
2058
2048
2048
2048
2048
1882
1882
1853
2072
2072
1999
1739
1893
2196
2196
1999
2072
1975
2159
2160
1976
1976
2141
2141
2141
2191
2191
1899
1899
1704
1704
1864
1869
1869
1869
1910
2141
1910
1864
2059
1869
2097
2097
2085
1695
1699
1695
1695
1968
1829
1829
1842
2057
1968
1842
1864
2181
2181
2296
2296
2181
2475
2319
2319
2475
2475
2649
2702
2694
2694
2800
2928
3013
2915
2830
2939
2694
2844
2844
2862
3055
2649
2582
2411
2582
2411
2411
2588
2683
2722
2722
2726
2753
2753
2251
2351
2350
2350
2351
2350
2197
2373
2191
2373
2373
2407
2407
2351
2483
2480
2483
2511
2596
2526
2662
2662
2196
1999
2159
2304
2160
2296
2304
2287
2252
2304
2252
2191
2191
2223
2421
2421
2223
2407
2421
2524
2524
2223
2059
2085
2171
2269
2207
2171
2207
2344
2421
2344
2423
2542
2423
2324
2269
2277
2324
2800
2928
2569
2571
2632
2646
2600
2596
2674
2837
2674
2810
2893
2928
2893
2837
2945
2893
2831
2810
2945
2988
2945
2873
2951
2751
2461
2425
2425
2252
2252
2588
2604
2462
2381
2277
2277
2451
2381
2321
2451
2451
2581
2560
2381
2604
2560
2513
2552
2623
2687
2687
2524
2699
2699
2751
2751
2542
2542
2701
2513
2513
2423
2324
2701
2791
2687
2687
2103
2000
2057
2000
2111
2321
2228
2059
2228
2862
2921
2915
3055
3055
2921
2939
3094
3094
3094
3201
3142
3005
3061
3142
3061
3158
3061
2947
2806
2683
2828
2785
2913
2828
2768
2637
2947
3135
3099
2913
3025
2790
2913
2964
3142
3218
3136
3218
3158
3367
3136
3373
3218
3373
3463
3373
3136
3433
3367
3135
3135
3099
3138
3138
3081
3138
3240
3179
3179
3297
3168
3168
2951
2951
3096
3096
3062
2873
2933
3178
3062
3178
3062
3062
3064
2933
2933
2675
2637
2585
2691
2790
2908
2791
2731
2731
2842
2710
2973
2908
2917
2999
2917
2895
2895
3063
3063
2960
2914
2791
2791
3376
3279
3226
3226
3279
3352
3226
3381
3234
3234
3064
3064
3356
3540
3540
3356
3381
3381
3624
3356
3356
3289
3460
3120
3145
3283
3233
3283
3081
3081
3233
3152
3152
3357
3230
3401
3275
3230
3289
3605
3605
3561
3573
3561
3651
3707
3561
3707
3707
3433
3573
3463
3433
3433
3249
3432
3605
3398
3297
3398
3293
3398
3640
3489
3489
3360
3389
3293
3567
3401
3489
3640
3567
3478
3478
3510
3727
3783
12498
4119
4119
3786
3707
3786
4119
4119
4119
4119
12498
3786
12498
3786
3725
3814
3814
3725
3725
4218
4298
3984
4321
3725
3640
3725
3843
3843
3645
3766
3665
3837
3571
3829
4004
4004
4328
3943
3829
4055
3829
3710
3624
3624
3723
3460
3624
3637
3637
3710
3857
3723
3900
3900
3637
3785
3785
3357
3289
3551
3551
3401
3510
3512
3620
3620
3597
3597
3620
3771
3900
3900
4053
3900
3785
3785
3785
3937
3937
4053
4346
4346
4034
3937
4289
4034
3771
3766
3766
3766
3909
3966
3909
4140
3966
4140
4140
4119
12498
4452
12498
4452
4321
4321
4258
4452
4119
4452
4452
4452
4452
4452
4452
4452
4452
4321
4321
4391
4391
4321
4321
4328
4321
4321
4391
4328
4419
4193
4391
4321
4554
4554
4391
4554
4670
4419
4554
4484
4541
4404
4193
4386
4386
4386
4257
4055
4055
4222
4424
4222
4404
4404
4409
4409
4519
4519
4409
4309
4424
4309
4554
4670
4670
4729
4715
4693
4507
4549
4549
4342
4690
4735
4991
4991
4935
5190
5190
4935
4541
4715
4715
4541
4518
4970
4637
5039
4970
5188
4970
5082
4970
4790
5042
4518
4792
4611
5001
4775
4756
4952
4952
5504
5164
4820
4289
4393
4524
4289
4335
4335
4741
4741
4289
4524
4335
4583
4140
4136
4335
4038
4335
4460
4136
4309
4460
4460
4741
4741
4741
5012
4666
4583
4583
5204
5430
5048
5006
4666
5046
5048
5046
5046
5048
4608
4608
4690
4608
4608
4690
4991
4991
5006
5046
5046
5190
5775
5338
5783
5783
5775
6191
6183
6715
6273
6183
6715
6713
7308
7308
7298
7298
7029
7152
6975
7042
6713
7042
6829
6399
6748
6748
6715
7018
7222
7018
7222
7317
7222
7331
7004
7004
7125
7125
7213
7004
6928
5729
5042
5729
5853
5693
5963
6416
6390
6889
6958
6923
6756
6603
6976
5787
5967
5164
5967
6287
6396
6287
6975
6554
7115
7100
7049
6959
5430
5430
5747
5642
5642
5642
5779
5747
6081
5747
6174
6174
6174
5779
6107
6107
6399
6399
5779
6191
6174
6522
6794
6676
6399
6676
6748
6676
6794
6676
6807
6807
6553
6928
6928
7308
7550
7379
7581
7379
7298
7390
7448
7418
7654
7743
7680
7690
7809
7581
7809
7809
7155
7328
7155
7328
7510
7148
7353
7148
7353
7353
7507
7784
7784
7827
7507
7784
7827
7911
7666
7412
7480
7331
7317
7213
7357
7626
7582
7666
7582
7626
7809
7795
7979
7753
7880
7884
7874
7994
7991
7991
8121
7948
8062
8366
7919
7838
7838
7838
8071
7911
7937
8071
8109
8109
8105
8105
8267
8357
7937
8572
8357
8367
8357
8357
8268
7874
8105
8181
8181
8332
8185
8332
8121
8366
8488
8366
8443
8332
8353
8443
8399
8488
8488
8783
8267
8551
8544
8357
8567
8734
8572
8396
8396
8396
8734
8714
8714
8629
8629
8629
8714
8551
8544
8544
8366
8727
8727
8764
8702
8540
8332
8574
8540
8781
8964
8702
8987
8942
8964
8964
8734
8734
8727
8629
9080
8629
8727
8714
8714
8734
9080
9197
9080
8783
8781
9197
8998
8781
8964
8998
9197
9197
8734
8734
9344
8912
9221
9221
9147
9221
9210
9128
9128
9210
9536
9796
9370
9351
9796
9548
9319
9409
9080
9197
9197
8781
8964
8998
9189
9131
9197
8998
9353
9353
9409
9353
9215
9353
9287
9287
9131
9215
10022
10022
9632
9454
9885
9528
9885
9900
9996
9528
10064
10022
10276
10022
9997
9997
9996
10036
10037
9544
9544
9528
9287
9131
9532
9532
9544
9878
10008
9878
9742
9532
9532
9544
9532
9160
8734
8734
9344
9543
9344
8734
9543
9543
9543
9543
9673
9543
9197
9197
9509
9344
9509
9897
9786
9569
9786
9494
9658
9494
9509
9344
9080
9197
9287
9344
9366
9569
9571
9151
9064
8629
8734
9197
9197
8714
8734
8629
8714
9287
9897
9897
9197
8629
9197
9287
9287
9131
9287
9532
9287
9287
9287
9456
9287
9151
9037
9164
9164
8731
8731
8714
8629
8676
8676
8629
8731
8731
9164
8731
8548
8676
8714
8703
8774
9197
9287
9080
9197
9287
9080
9507
9509
9218
9529
8731
8731
8628
8870
9164
8870
8862
8548
8703
8548
8774
8826
8584
8628
8701
8701
8451
8646
8628
8512
8563
8521
8562
8521
8826
9031
9509
8826
8584
8953
9031
8886
8749
8451
8451
8340
8340
8659
8392
8451
8370
8521
8162
8414
8372
8182
8372
8372
8182
8182
8345
8223
8070
8337
8652
8652
8414
8456
8798
9019
8202
8321
8596
8740
8647
7835
7870
7835
7835
7686
7869
7686
7686
7686
7500
7310
7500
7546
7310
7323
8070
8031
7895
8070
8070
7691
7691
8107
8162
8107
7670
7895
7710
7990
8240
7591
7591
7546
7854
8607
8691
8533
7999
8230
7832
7906
8527
8193
8408
8026
8224
8432
8273
8273
8273
7670
7881
8081
7758
7881
7500
7500
7710
7926
7616
7804
7546
7628
7475
7376
7323
7616
7496
7616
7393
7264
7399
7241
7300
7300
7926
8151
8151
7861
8244
7570
7724
7804
7861
7638
7701
7399
7337
7337
7605
7632
7477
7433
7329
7514
7322
7322
7475
7067
7372
7372
7203
7241
7174
7174
7323
6922
7067
7088
6940
6922
7174
6922
6719
6822
6647
7724
7586
7682
7586
7276
7514
7528
7373
7182
7235
7085
6706
7085
7085
7146
6842
7185
7032
7118
6937
7015
6937
6744
6906
7107
7056
7123
7021
6797
7056
6893
6940
6882
6645
6288
6429
6561
6645
6561
6303
6312
5957
5821
5583
6216
6288
5574
5374
5959
5915
6100
6100
6568
6523
6679
6663
7149
6800
5805
5608
6155
6473
6473
5919
5877
6711
6411
6586
5733
6151
5837
5751
6550
6402
6717
6893
6663
6328
6078
6424
6087
6156
5037
5268
4962
4875
5025
4956
4888
4956
5005
4888
4888
4849
4888
4888
4849
4849
4888
4853
4853
4853
5102
4955
5052
5309
5063
5608
5047
5306
5210
5433
5210
5433
4886
4907
4886
4888
4886
5025
4888
4888
4849
4853
4909
5268
5236
5656
5069
5175
4886
5025
5038
4992
4854
5077
5550
5570
5647
5647
4891
4890
5277
5109
5255
5027
5132
5077
5534
5077
6087
5656
5679
5679
5315
5442
5658
5442
5077
5077
5442
5442
4888
4888
4888
4888
4853
4888
4888
4888
4888
4854
4888
4888
4854
4888
4888
4854
4854
4854
4854
4854
4854
4854
4854
4886
4854
4854
4854
4854
4854
4992
5077
4854
5077
4854
4890
4853
4890
4890
5027
4853
4853
4854
4854
4890
4854
4854
4854
4854
4998
4854
4854
4998
4998
4998
5077
5077
5077
10824
10584
10899
10946
11000
10829
10844
10623
10285
10412
10584
10397
10584
10200
10180
10036
10323
10273
10623
10412
10369
10592
10554
10957
10930
10621
10621
10621
10842
10919
10785
10920
10849
10719
10573
10416
10347
10427
10664
10573
9915
10071
10071
10071
9544
10008
10136
10071
10347
10136
10273
10273
10458
10427
11039
11000
11133
11078
11078
10844
11018
10973
10972
11051
11020
11094
10844
10813
11185
11128
11141
11230
11156
11190
10962
10972
10813
10948
10930
10930
10362
10441
10362
10573
10347
10314
10304
10301
10332
10362
10195
10239
10175
10221
9932
10304
10239
9544
9532
10069
10069
9899
9532
9760
9456
9760
10069
10066
9932
9827
9826
9775
9775
9969
9711
9999
9935
9817
9887
9817
9622
10144
10109
9985
9985
10081
9969
9999
10125
10081
9563
9456
9563
11267
11354
11278
11300
11423
11423
11418
11417
11408
11265
11331
11408
11528
11528
11551
11656
11774
11659
11505
11505
11572
11674
11793
11695
11846
11516
11833
11774
11872
11942
11929
12046
11846
11893
11860
11900
11659
12104
12104
12020
12211
12048
12146
12160
12129
12020
12011
12048
9337
9337
9381
9337
9464
9699
9607
9431
9285
9285
9255
9255
9429
9091
9161
9190
9161
9190
9171
9019
9002
8886
8851
8915
8934
8836
8915
8744
8744
8851
8718
8546
8736
8472
8614
8376
8376
8556
8318
8510
8224
8143
8318
8042
8184
7982
7982
8092
8252
7867
7946
7953
7715
7831
7867
7715
7860
7692
12430
12326
12326
12326
12146
12216
12216
12393
603
701
54
7
377
523
694
736
736
736
666
777
368
736
798
736
777
736
742
101
526
667
617
617
526
617
526
736
742
742
628
701
617
32
701
628
54
54
54
54
368
617
526
617
742
666
5207
5954
5954
7565
8431
10256
10768
12332
12467
122
572
72
72
72
330
122
72
86
519
531
531
699
538
153
76
217
72
30
76
22
217
178
287
178
30
38
38
100
28
50
106
28
169
607
136
70
70
70
153
112
638
615
699
731
638
722
789
217
522
522
178
533
533
533
450
863
805
805
702
702
688
692
713
734
817
801
607
50
106
136
166
166
621
621
132
312
441
518
591
70
267
312
431
518
591
591
659
659
713
776
639
639
639
863
863
855
817
3020
2962
3122
3113
3122
3196
3196
3265
3196
3265
3195
3264
3219
3471
3429
3265
3449
3265
3449
3449
3577
3550
3550
3538
3466
3538
3579
3577
3122
3098
3122
3255
3264
3001
3301
3475
3301
3255
3348
3255
3348
3475
3456
3577
3456
3591
3456
3456
3550
3634
3737
3579
3579
3682
3579
3538
3671
3671
3659
3682
3746
3844
3746
3746
3746
3810
3810
3810
3810
3964
4065
4142
4370
3866
3682
3855
3855
3975
3810
3953
3866
4006
4096
4151
4012
4185
4142
4370
4096
4146
4146
4185
3577
3591
3591
3659
3659
3751
3658
3591
3574
3774
3751
3751
3658
3912
3971
3658
3872
4006
4006
3971
3912
3912
3872
4110
3872
4110
4006
4358
4264
3971
4357
4242
4115
4217
4505
4370
4505
4452
4427
4427
4453
4453
4707
4505
4505
4558
4581
4581
4707
4260
4672
4402
4462
4146
4330
4600
4600
4672
4672
4813
4813
4806
4662
4671
4671
4671
4671
4671
4671
4555
4707
4957
4671
4707
4707
5070
4671
4957
5207
4957
4957
4957
4806
4581
4806
4885
4806
4806
5017
5017
4662
5017
4941
5116
4885
5224
4885
5017
5017
5116
5509
5116
5509
4358
4358
4242
4357
4749
4217
4619
4619
4571
4746
4746
4746
4941
4941
4746
5461
5057
5057
4725
5057
5406
5461
5227
5116
5461
5680
5461
5227
5567
6086
5567
4885
6115
5594
6368
6468
6468
5594
4885
5548
5548
5509
5509
5680
5891
6115
6105
5797
5797
6306
5891
6352
5891
7154
7221
7622
6687
6883
6447
6817
6837
6856
6856
6837
7256
7075
6970
7166
7221
7343
6534
6534
6903
6534
6306
6903
6534
6639
6753
7343
7166
7166
7166
7166
7076
7166
7076
6897
7504
7301
7319
7319
5461
5975
5227
5975
5227
6025
5975
6498
6498
6639
6563
6639
6897
7028
7615
7622
7735
7657
7735
7915
8229
7735
8033
8033
7915
8126
8179
8179
7915
7639
7639
7980
7620
7620
7871
7980
7871
7726
7540
7486
7497
7602
7602
7653
7960
7995
8125
7995
7744
7744
7820
7995
7972
7820
8067
8229
8132
8431
8525
8126
8463
8463
8397
8431
8671
8525
8463
8397
8463
8463
8397
8528
8125
8221
8050
8050
8166
7972
8131
8222
8067
8186
8221
8433
8186
8579
8579
8422
8422
8573
8422
8849
8671
8525
8849
8849
8708
8775
8708
9012
9117
9140
9150
9117
9105
8762
8448
8686
8807
8733
9009
9009
8815
8733
8433
8746
8433
8746
8746
8573
8923
8573
8573
8746
8746
8908
8923
8759
8759
8928
9533
9533
9540
9060
9553
9192
9391
9869
9959
9869
10103
9821
9718
9947
9360
9009
8976
8976
9300
8908
9073
9603
9555
9567
9426
9665
9517
9517
9032
9029
9032
9032
9029
9029
9231
9334
9517
9209
9209
9231
9029
9231
9959
10146
9947
10103
10143
10225
10225
10143
10092
10161
9603
9807
9799
9919
9567
9807
9517
9772
9733
9733
9733
10092
10000
9919
9884
9984
9930
9517
9386
9517
9538
9517
9692
9386
9692
9896
9386
9538
9231
9689
9689
9689
9538
10279
10356
10279
10242
10307
10429
10387
10356
10405
10473
10387
10307
10510
10510
10387
10490
10230
10000
10251
10131
9984
9984
9689
9824
10131
10438
10312
10396
10312
10311
10312
9692
9896
9984
9896
9914
9896
10110
9689
9914
9689
9834
9751
9990
9990
9797
10168
10206
10060
10315
9886
9990
9960
9990
9797
10201
10060
10192
10112
10042
10112
9602
9828
9602
9602
10112
9828
9829
10074
9602
9478
9602
10074
10023
9478
9336
9144
9889
9005
9178
9889
9602
9005
8861
8673
8720
8635
9005
9390
9005
9588
9644
9178
8866
9043
9390
9220
9390
8347
8347
8664
8856
8429
8578
8769
9125
11453
10964
10808
10532
10510
10532
10768
10650
10613
10605
10562
10663
10562
10733
10942
10773
10663
10789
10891
10755
10915
10530
10389
10530
10663
10530
10704
10401
10389
10530
10595
10491
10786
10704
10929
10704
10995
10995
10860
10717
10786
10786
10860
10786
11188
11203
11252
11153
11095
11231
11083
11152
11104
11084
11131
11231
11184
11208
11279
11318
11247
11374
11247
11324
11406
11289
11343
11343
11420
11208
11117
11071
11070
11194
11106
10915
11045
10992
11151
11191
11067
11313
11323
11191
11410
11410
11298
11298
11216
11222
11222
11287
11243
10492
10417
10595
10492
10315
10315
10569
10595
10697
10683
10851
10872
10937
10851
10798
10798
10798
10892
10244
10306
10324
10417
10748
10411
10135
10341
10325
10253
11432
11626
11630
11699
11807
11807
11783
11922
12289
12165
12259
11502
11454
11593
11616
11789
11616
11563
11563
11397
11503
11647
11847
11928
11920
11928
11930
12045
11789
11787
11868
11904
12089
12089
11969
11384
11662
11708
11731
11407
11589
11322
11412
11422
11412
11524
11903
11565
11736
11639
11855
11639
11952
11666
11850
11933
11825
12078
12056
12137
12278
12088
12210
12089
12137
12221
12221
12221
12221
12215
12289
12332
12259
12278
12358
12358
12252
12220
12252
12310
12350
12274
12300
12178
12178
12254
11983
11979
11933
11960
12101
12144
12144
12114
11912
11956
11997
12101
12099
12178
12199
12199
12172
12199
12230
12116
12099
12250
12230
12116
12169
10052
9881
9644
12332
12418
12408
12418
12418
12457
12418
12408
12415
12350
12350
12349
12349
12457
12415
12290
12415
12422
12363
12363
12363
12363
12272
12320
12320
12371
12290
12457
12478
12470
12478
12478
12480
12432
12432
12371
12422
12290
4729
7377
6263
6543
6955
7220
8167
11082
11491
12257
12174
779
487
450
450
954
916
465
766
779
779
1124
528
144
96
528
96
528
113
113
766
711
730
830
909
569
569
895
287
225
143
239
269
225
266
225
266
183
44
183
143
150
82
116
324
177
159
324
287
225
776
899
776
899
506
499
819
771
819
771
144
66
96
34
44
37
113
34
569
405
405
83
227
305
165
165
802
405
705
525
745
745
1132
945
945
970
995
995
795
795
874
932
874
555
745
745
150
302
324
506
708
708
708
708
506
506
1100
930
1124
1082
1082
1202
1202
1187
1359
1124
911
961
1171
1148
961
895
895
1132
1137
1137
1137
1137
1193
1254
1171
1231
1254
1231
1341
1345
1246
1275
1246
1275
954
967
997
997
967
956
1028
1028
956
1028
1026
1075
1209
1209
956
956
1075
892
892
1075
1206
1109
1109
1114
1114
1250
1245
1245
1133
1193
945
1133
1092
1125
1193
1228
932
926
932
1102
1029
1102
1219
1204
1102
1396
1289
1400
1224
1275
1297
1224
1275
1351
1409
1219
1289
1289
1297
1289
1359
1589
1473
1589
1341
1345
1464
1473
1390
1246
1275
1275
1417
1352
1460
1392
1417
1553
1464
1626
1464
1432
1626
1621
1516
1455
1516
1455
1621
1346
1388
1346
1474
1472
1474
1605
1474
1602
1633
1396
1504
1396
1400
1400
1504
1377
1377
1297
1409
1462
1393
1393
1457
1504
1437
1437
1553
1462
1393
1450
1623
1553
1602
1589
1716
1777
1871
1680
1777
1777
1621
1680
1691
1621
1555
1719
1626
1680
1593
1593
1613
1553
1606
1606
1637
1600
1703
1691
1879
1680
1885
1879
1885
1691
1719
1659
1659
1593
1605
1605
1633
1605
1747
1936
1737
1938
1633
1524
1524
1737
1601
1601
1600
1623
1623
1623
1728
1623
1696
1623
1737
1707
1696
1759
1759
1696
1696
1707
2053
1985
1871
1871
1905
1989
1985
2098
2053
2053
2193
2235
2195
1989
2195
1885
1885
1691
2053
1885
1973
1885
1973
1892
1866
1861
1971
1971
1998
1861
1861
1973
2288
1971
1971
1925
2185
1925
1936
1936
1938
2104
1907
2098
2285
1907
1907
1696
1856
1858
1907
1872
1872
1696
2063
1858
2015
2028
1872
2063
2043
1872
1703
1728
1703
1873
2020
1873
2020
1870
1958
2020
1856
1856
2175
2288
2288
2323
2175
2471
2323
2346
2471
2471
2625
2705
2804
2835
2824
2970
3027
3027
2970
3036
2727
2919
2993
2993
3036
2629
2629
2471
2629
2531
2439
2531
2720
2727
2835
2720
2664
2664
2193
2336
2402
2336
2336
2482
2235
2359
2285
2402
2359
2359
2438
2336
2521
2521
2482
2482
2533
2518
2681
2747
2288
2185
2185
2175
2185
2336
2346
2355
2136
2346
2311
2285
2285
2289
2392
2392
2267
2438
2392
2518
2520
2063
2167
2028
2208
2208
2241
2241
2241
2267
2356
2356
2284
2489
2358
2358
2167
2261
2404
2738
2827
2660
2657
2705
2738
2565
2681
2879
2761
2761
2857
2941
2970
2962
2827
2962
2795
2795
2879
2962
3001
2916
2857
2980
2857
2346
2455
2455
2212
2311
2531
2420
2400
2468
2278
2278
2404
2468
2212
2404
2437
2541
2508
2530
2589
2508
2437
2573
2573
2563
2677
2520
2747
2717
2820
2980
2489
2489
2489
2534
2534
2358
2437
2717
2765
2619
2563
2136
2108
1958
2020
2108
2278
2150
2015
2015
2993
2912
3027
3072
3069
3072
3036
3164
3195
3286
3219
3164
3137
3034
3137
3137
3137
3082
2912
2912
2801
2839
2839
2918
2869
2707
2707
3082
3082
3058
2918
3003
2814
2909
2949
3286
3286
3224
3270
3137
3270
3298
3471
3394
3471
3630
3492
3298
3414
3298
3224
3143
3058
3117
3189
3296
3089
3232
3318
3143
3318
3246
3312
3011
3038
3011
3098
3110
2980
3038
3255
3110
3269
3197
3197
3087
3087
3087
2667
2707
2530
2667
2665
2667
2765
2677
2729
2874
2729
3056
2848
2858
2848
2841
2938
2938
3076
2874
3051
3010
3010
2765
3348
3269
3269
3243
3351
3351
3243
3446
3197
3278
3130
3130
3278
3502
3351
3446
3502
3465
3465
3278
3446
3423
3423
3188
3229
3247
3262
3262
3029
3307
3307
3163
3278
3353
3262
3324
3324
3247
3388
3737
3805
3612
3630
3573
3679
3786
3578
3651
3786
3394
3630
3630
3492
3414
3298
3414
3844
3414
3474
3474
3246
3414
3572
3474
3631
3312
3324
3518
3438
3486
3572
3572
3754
3663
3754
3663
3905
3844
12499
4100
4077
3805
3805
12499
4100
4313
4332
4290
4119
12499
4119
12499
3707
12498
3786
4123
4123
4123
4123
4321
4321
3690
3690
3878
3690
4116
3809
3867
3868
3988
3868
3988
4116
4308
4227
4255
4190
4043
3988
3574
3465
3574
3619
3522
3465
3522
3726
3574
3774
3619
3774
3711
3726
3726
3845
3511
3388
3498
3498
3324
3511
3681
3618
3618
3681
3681
3618
3845
3990
3711
4115
3990
3845
3726
3992
3992
3990
4115
4217
4217
4044
3992
4044
4044
3894
3941
3941
3894
4043
4071
4201
4201
4071
4201
4044
4452
4119
4452
4452
4452
12498
4321
4398
4332
4332
4398
4452
4452
4427
4452
4452
4452
4119
4452
4321
4391
4391
4321
4321
4308
4321
4321
4391
4308
4408
4408
4408
4391
4488
4488
4391
4488
4488
4488
4488
4552
4584
4738
4308
4255
4407
4407
4280
4250
4250
4389
4435
4435
4552
4577
4664
4577
4706
4860
4389
4602
4566
4602
4488
4670
4584
4734
4734
4860
4706
4711
4602
4711
4846
4869
5114
5141
5141
6230
5625
5349
4734
4838
4933
4738
4738
4838
4933
4838
4838
5167
5167
5695
5167
5131
5754
4905
5237
4905
5237
5202
5141
5842
5842
6013
6013
5349
4314
4217
4612
4314
4044
4314
4725
4612
4314
4612
4527
4678
4349
4432
4527
4336
4349
4432
4432
4602
4669
4669
4725
4612
4725
5406
4904
4527
4678
5406
5406
5603
4863
4904
5603
5603
5454
6160
4904
4669
4795
4669
4863
4795
5114
5114
4863
4863
5454
5454
5625
6230
6222
6628
6628
6672
6867
6867
6867
6919
6840
6840
7139
7315
7435
7231
7350
7195
7350
7014
7262
6972
7262
6972
6636
6867
7047
7139
7184
7309
7184
7442
7524
7184
7534
7047
7059
7204
7204
7382
7342
7342
5866
5754
6543
6345
6084
6463
6543
6832
6828
6974
6974
6832
7014
7035
6463
6590
6222
6222
6579
6857
6904
7014
7014
7147
7145
7197
7160
5709
5709
6025
6240
6240
6240
6160
6360
6025
5709
6360
6025
6616
6530
6530
6636
6636
6616
6160
6672
6563
6813
6966
6745
6616
7068
7059
7068
7319
7225
7271
7271
7068
7059
7271
7435
7640
7530
7629
7530
7435
7350
7562
7640
7530
7725
7725
7836
7737
7806
7934
7858
7351
7497
7381
7497
7777
7381
7560
7382
7523
7560
7797
7820
7888
7894
7797
7888
8059
7910
7963
7658
7637
7534
7442
7534
7679
7765
7762
7910
7794
7876
7876
7688
7863
7909
8000
8076
8234
8176
8000
8115
8197
8152
8108
8503
7963
8019
8300
8311
8300
8059
8059
8059
7963
7963
8311
8327
8471
8416
8300
8416
8327
8422
8300
8327
8327
8037
8311
8409
8311
8115
8161
8161
8462
8108
8557
8503
8576
8313
8576
8789
8462
8557
8696
8619
8471
8641
8860
8416
8605
8641
8564
8564
8564
8471
8723
8641
8641
8641
8860
8828
8641
8409
8516
8409
8557
8619
8860
8576
8789
8789
8634
8696
9011
8696
8983
8954
8983
9283
8696
8813
8928
8723
8890
8828
8993
8828
8890
8723
9126
8723
9126
8993
8993
8883
8813
8619
8883
9066
9078
8883
8883
9083
8928
8928
8928
8954
9112
9095
9326
9302
9078
9283
9283
9322
9796
9397
9537
9770
9537
9250
9695
8993
9083
9230
9247
9115
9066
9559
9236
9083
9236
9453
9559
9704
9704
9559
9493
9236
9236
9236
9498
9770
9770
9537
9702
9880
9695
10024
10049
10024
10102
10187
10187
10336
10262
10262
10013
10141
10214
10214
9856
9856
10010
9498
9493
9704
9840
10278
10240
10316
10278
10181
9958
10079
10278
10079
9274
8723
9126
9126
9291
9126
8993
9245
9274
9126
9245
9538
9274
9230
9230
9230
9230
9414
9824
9757
9274
9757
9886
9920
9886
9455
9274
9230
9414
9592
9274
9712
9757
9712
9712
9655
9230
9399
9414
9757
9921
9471
9921
9274
9727
9920
9828
9819
9921
9823
9592
9587
9587
9866
10079
10011
10067
10068
10213
10224
9641
9641
9641
9641
9305
9305
9365
9511
9291
9356
9511
9246
9246
9478
9208
9123
9168
9526
9352
9511
9921
9823
9861
9823
10067
9861
10216
10067
10017
10216
8996
8996
9041
9246
9478
8996
8996
9076
9265
9108
9352
9511
9352
9041
8863
9041
8863
8996
9041
8931
8917
9154
9265
9088
9511
9511
10078
9511
9251
9759
9937
9748
9251
8786
8743
8693
8661
8847
8931
8827
8924
9122
8797
8980
8435
8526
8577
8558
8360
8360
8748
8674
8520
8697
8968
9141
8833
9109
9546
9812
8499
8657
8867
9462
9206
8010
8177
8060
8010
7965
7856
7965
7965
8010
7678
7772
7772
7776
7714
7413
8177
8348
8137
8303
8403
8177
8303
8591
8621
8403
8338
8128
7856
8054
8205
8030
8135
8030
8338
9139
9220
8922
8341
8539
8349
8539
8599
8776
9021
8539
9021
8922
8429
8654
8205
8096
8539
8790
8283
8539
7678
7667
7898
8054
7898
7981
8030
8082
7484
7413
7413
7593
7642
7631
7776
7776
8065
7413
7776
7776
8444
8444
8609
8342
8654
8142
8227
8017
8485
8142
7859
8065
7837
7837
8310
8209
8209
7837
7837
7837
7541
7493
7544
7261
7642
7186
7324
7413
7493
5809
7493
6057
7101
7186
6757
7493
7493
6560
6538
6757
6415
8079
7971
7693
8204
7944
7859
7705
7705
7577
7584
7693
7404
7518
7778
7584
7476
7577
6917
7837
7837
5888
5888
5425
5888
7713
6063
7584
7584
6507
6565
6565
6969
7224
6418
6304
6575
6415
6692
6428
6601
7053
6541
6749
6217
6432
6387
6489
6268
6364
6654
6293
6202
7176
6884
7150
6839
7290
6917
6902
6592
6712
7073
6844
6751
6611
6165
6248
6404
6030
6185
6199
5982
6503
6507
6503
6780
6780
6519
6519
6503
6486
6503
5907
5907
5762
5990
5844
5611
5490
5681
5556
5303
5360
5258
5402
5360
5284
5258
5303
5258
5244
5244
6139
5794
6065
6217
6065
6374
6065
6022
6268
6268
5844
5861
5611
5872
5790
5490
5611
5991
5762
5632
5556
5385
5301
6497
6258
6474
5798
6474
5611
5991
5798
5798
5611
5803
6014
6027
6030
5925
5476
5414
5703
5703
5776
5495
5612
5487
5706
5612
6486
6524
5995
5995
5798
5703
5995
5706
5703
5590
5590
5590
5360
5490
5360
5360
5301
5258
5360
5303
5360
5303
5360
5360
5258
5258
5258
5303
5303
5303
5258
5303
5303
5373
5303
5611
5360
5303
5373
5487
5487
5373
5703
5703
5703
5303
5194
5196
5194
5337
5337
5244
5191
5303
5191
5191
5214
5487
5487
5590
5487
5244
5487
5590
5590
5590
5590
5590
5590
10524
10843
11013
10922
10953
10979
10979
10979
10285
10567
10524
10453
10524
10391
10629
10476
10567
10629
10817
10567
10783
10817
11002
10860
11002
10871
10994
10871
10860
10860
10833
10989
10860
10940
10940
10852
10619
10994
10994
10940
10338
10629
10500
10734
10189
10316
10440
10500
10734
10619
10629
10629
10819
10852
11123
11075
11215
11124
11105
11031
11031
11025
11045
11124
11102
11175
10979
10979
11259
11248
11232
11212
11262
11280
10995
10994
11002
10995
11010
10994
10905
10955
10939
10951
10951
10951
10951
10939
10905
10905
10815
10812
10815
10812
10711
10939
10812
10340
10213
10771
10440
10642
10213
10340
10295
10505
10597
10499
10386
10428
10337
10418
10337
10517
10330
10636
10428
10384
10439
10413
10413
10634
10815
10499
10682
10815
10517
10572
10711
10752
10367
10224
10295
11307
11340
11317
11368
11400
11400
11411
11411
11368
11373
11513
11534
11541
11541
11547
11612
11715
11715
11765
11702
11702
11687
11937
11687
11823
11547
11937
11715
11802
11906
11874
12021
11823
11986
11802
11937
11682
12079
12079
12043
12186
12143
12156
12143
12156
12043
12021
11986
10253
10162
10370
10156
10302
10378
10302
10222
10246
10078
9982
10156
9982
9854
10156
9895
9982
9895
9756
9812
9765
9546
9546
9402
9765
9449
9402
9480
9546
9395
9395
9294
9312
9148
9233
8823
9014
9393
9081
9194
8909
9081
9081
9081
8581
8994
8251
8879
8879
8390
8755
8251
8243
8142
8441
8233
8630
7859
12391
12359
12334
12177
12186
12272
12272
12334
100
313
582
702
122
119
106
388
126
327
292
481
535
327
607
388
481
563
329
119
535
180
329
329
180
200
535
703
563
563
453
453
329
453
563
453
582
453
100
550
535
453
535
329
313
181
