137443
137480
87450
137480
50207
41156
118781
41094
41142
40946
40986
100982
50974
41102
40946
49972
145610
137494
49972
85151
137443
145610
85183
137480
148640
125361
42431
85183
148640
137494
125361
42431
130555
130555
49972
49991
145610
145610
145610
130555
145610
45233
130555
130555
130555
42381
85015
49956
86048
163046
126250
148500
148500
101011
100975
100975
125361
125361
148500
125361
101025
148500
42431
148500
148500
86048
163046
42336
44922
44922
44922
42431
44922
44922
42381
130555
44922
44922
44003
42972
42431
44922
42431
42454
42454
44922
42431
42454
148500
42431
44922
9761
48602
84397
41429
87411
87411
41177
41177
41177
51133
118572
41528
41200
41090
41542
118549
86009
41429
87411
147412
51133
41501
41501
41307
165528
152047
125317
42381
118549
45233
45148
80520
125317
44923
45052
44923
85015
44923
45148
130555
85015
85015
45075
148500
86009
143829
143829
101012
45075
43309
45075
43309
86006
123365
45075
148500
86048
42094
42281
42281
44998
42336
42336
44998
44059
42094
44923
44059
44059
43247
44998
44998
42094
42336
44998
44998
44003
44003
42972
44003
43227
42634
43317
123365
44931
42492
42492
44931
42972
42492
148500
42994
42920
43036
44003
44931
42492
42470
44003
44931
41528
41916
121085
121085
121085
121085
130166
42254
41997
165528
165528
45258
136472
152047
164481
130166
130166
45258
45092
136472
136472
136472
121085
118593
136472
118593
100529
118593
118593
118593
118593
118593
100529
45148
118549
100529
100529
45148
118593
126536
126536
161167
101012
126536
140418
126536
126536
126536
126536
143829
86039
126536
126536
143829
126536
42094
42003
42241
42094
42056
42056
42241
42241
42241
42241
43497
42241
42241
42094
42241
42094
42094
42094
42241
42094
42241
42241
43497
42094
44003
42844
42844
42920
43044
42844
42844
42492
42844
42492
42492
42492
42844
42492
42844
42844
42920
42994
41592
41322
41227
143539
147412
41436
41335
41853
41592
41771
121085
121085
42254
41592
41799
41799
41799
41799
44996
121085
121085
121085
121085
121085
121085
121085
41592
121085
136472
164481
130166
121085
118593
118593
118593
118593
118593
126536
126536
126536
126536
126536
45111
45789
42056
42215
42215
42187
42094
42094
42094
42241
42094
42094
42094
42094
42094
42241
42241
42241
42094
44059
43497
42094
42094
42241
42241
44003
42094
42972
42492
42844
42844
42844
42492
42492
42844
42844
42492
42844
42844
42844
42492
43826
42920
42492
42844
42844
42844
42492
41771
41441
41788
45111
45064
45789
42094
42094
43906
42187
42241
42241
42094
42094
43933
42492
42844
43585
42578
42844
42578
42492
43227
43497
43247
43265
43036
42896
43036
43072
18948
130183
35202
121976
167610
128575
43352
43265
43265
43009
43072
42215
43352
42880
10046
50627
47730
47417
47730
167378
167378
128513
119160
160241
132750
128448
165301
162894
165301
162894
123254
164729
160247
160247
118215
164729
118265
118313
167509
164729
117822
118186
118199
118464
123254
123232
123261
118223
118215
165301
165341
160151
148757
118493
166235
166235
136935
136930
160168
166256
117797
117734
117745
118013
118026
119056
118100
118026
123226
118511
123255
131393
160115
123379
161068
123217
162257
166333
160184
141744
167014
118501
141744
166310
167456
166319
162098
166467
162098
167456
167456
167456
167456
167247
160247
167538
167538
160218
167538
141744
166274
166288
166274
166467
165469
165701
166467
167133
167538
8285
6591
8285
8285
6591
6591
6683
8002
7553
9540
8285
7377
7099
7521
6213
9666
17791
6974
97724
96662
97783
99127
8002
35771
35771
9540
9761
9540
6391
10908
35771
31518
18521
7787
5841
96325
167379
5254
97662
164043
6811
95463
96847
96681
95947
99127
95674
96807
97549
126321
120537
148681
97729
129089
97854
97854
118885
129089
97955
129089
125611
125611
125611
98564
153298
94737
128754
128025
95965
129089
97646
97493
98124
98300
91746
90447
90354
10325
10006
10587
31546
31151
31151
7329
8870
7329
7329
8870
5398
5254
6529
6811
153530
8870
96305
95226
95400
95226
10429
96282
10188
34662
95054
95931
95135
96223
94566
94751
97615
93977
94428
94501
93930
93058
95728
92622
92116
91997
91993
105381
105361
91025
90526
91118
89909
90584
91754
91478
91076
90280
90779
90781
89921
90781
94387
95931
94103
96910
96910
93943
98226
106617
92293
105724
92479
91754
91720
90279
90800
79908
79865
79853
35051
35098
79826
100177
35039
157701
46039
143539
162623
136341
41678
46216
41441
46039
41497
41441
41846
41788
49162
43999
45789
43999
45064
42241
43980
42578
42806
48898
49860
50159
49016
45979
81325
45979
42094
45426
42844
134120
158644
161071
157250
41708
166107
45965
134120
143623
45965
81391
49080
159231
123290
48975
81325
45979
81325
42094
49080
166107
48975
149815
51055
51055
81325
133259
51055
133259
133259
133259
45058
47028
48049
48049
43980
43906
43933
43933
43585
43801
43980
44103
44149
43634
10267
19010
19091
10220
18569
138363
130690
132750
137876
128448
128421
19795
130675
159999
137876
137876
128477
133259
45058
44604
43634
44473
44396
44604
44627
43671
44627
79418
128692
128171
19143
19255
10250
19255
81421
162328
84371
10267
100019
123130
147816
141775
130450
147225
123130
81421
123130
128721
148017
128680
128666
134120
46943
48625
136517
156988
157944
158661
159878
165121
34481
46921
138210
130059
133317
149815
51055
51055
51055
51055
51055
51055
45340
45340
45340
45340
148703
117594
138224
138225
138210
151930
151930
117594
117594
138225
138250
138224
49182
138315
50403
49182
51055
51055
51055
51055
51055
51055
51055
51055
51055
51055
51055
45710
44473
45340
45340
45340
45340
45340
45340
45340
45340
45340
34481
46941
34481
156988
35560
156988
157944
138261
159276
159276
161255
34472
138295
151358
138300
151364
138278
138261
159276
117342
117342
138300
48732
48732
161255
161255
48732
48732
151358
121635
48732
35435
151930
159276
35435
121635
34472
138225
117351
151930
117351
121635
125950
117351
121635
117351
164813
117594
121635
138225
100487
138225
138225
85206
34472
164813
117351
162212
117351
117351
125950
125950
128052
125962
138304
121635
138294
121635
117351
125950
121635
125962
138225
100487
126542
84354
130106
49505
156305
49566
166121
84354
84378
122907
116860
84354
83275
83215
83792
83500
162657
147909
122907
116860
84354
45710
44456
78545
78488
44617
44638
50712
44578
44567
44499
123130
123130
123109
79418
128692
128666
78545
123023
128277
44473
78597
78488
44567
123081
123072
123109
78806
78553
121753
121753
78545
78553
78553
78806
128692
128277
78545
50037
128277
45571
48638
45944
45474
45523
45944
45944
128277
76959
19255
18125
83305
83973
84276
81411
81421
123081
117264
117230
117230
128560
108724
78695
78494
123072
78711
121753
121753
121753
78711
78610
81298
117264
78610
78710
78610
83253
83249
81223
122911
82327
83981
83773
87490
82439
117811
118188
117811
118243
167605
118477
118393
118478
118439
165359
118439
136897
136897
136896
165341
136896
166254
166254
117811
131542
123255
131542
131272
162244
162251
162244
162270
162257
166381
166333
118499
118289
164828
167521
136907
165355
165355
136942
167558
165363
166254
160588
166382
166960
167615
131424
131559
131542
162211
162251
131272
131606
162225
165159
117724
125147
117661
118087
117699
118012
125147
136946
136946
166467
166466
165701
165701
165673
165663
165663
165673
162266
167470
160588
136946
165663
165700
166972
164959
165701
165663
165663
166972
164959
165663
163586
121849
166479
164802
164836
166094
166094
164846
164836
164836
164846
164855
167250
154842
167558
164281
164280
164284
166734
167615
131424
131606
131215
131215
131714
131566
131355
121849
163586
160649
164764
155295
159636
159636
167371
163727
166992
165060
159656
164777
131215
131714
131566
117884
85744
80170
117869
117847
117620
117628
118738
131354
117935
118055
118063
80117
118102
80070
80151
80048
118728
166318
80105
131122
161377
166771
164783
164959
164959
166771
164959
164783
164959
164959
164959
164959
164959
164959
164783
164773
164777
164773
164773
164773
136618
121818
166372
164794
164794
167048
167053
167348
167053
131623
167371
167290
166043
167348
167348
166037
167348
165993
167290
167371
166037
167371
166111
166435
166435
166992
167371
166111
131202
131175
131487
131322
131122
160542
160542
165975
165975
161212
165392
167290
165993
167580
166031
166002
166021
166424
166049
166049
166424
166440
166432
166440
166432
166111
131455
159503
131142
131078
117961
117995
85566
79884
138088
80010
156846
131270
166629
131122
130082
118081
126546
125159
80097
80105
131498
131031
80109
80048
166992
166992
166992
166992
166992
166992
166992
166992
121905
121908
129561
166009
167580
166004
166004
165991
166009
166002
166021
131501
160733
159486
129561
121905
131513
129388
129388
129427
131718
131513
118376
118357
126550
100218
80097
131005
131011
131048
120863
120863
118414
130964
130964
159045
130965
120933
79969
79936
79908
134114
139483
156445
139483
153114
157594
157853
51842
51842
144085
51842
95091
94821
96196
94958
10424
79746
18354
138811
50954
140860
94762
94796
95306
102385
101755
94242
94192
94307
94307
160655
106759
102229
92130
92130
161390
152872
96492
96046
107809
102152
126215
99331
51989
96227
141095
96118
95776
95865
129702
140947
151393
118780
96844
95837
98472
98472
121925
116627
108490
95830
167389
166152
119249
98940
98803
119083
40862
134154
28698
29577
51133
119083
80604
40862
41102
122923
47095
46309
81276
40835
140418
157547
122024
44668
46308
46308
46308
122024
48107
42705
44120
80604
140418
130613
126536
157547
161167
48107
48107
45075
43317
161326
161326
130613
46308
42844
42659
42560
42844
42736
42560
42578
50837
51175
40763
128941
40663
85682
45167
46309
46257
46308
46308
45167
46257
46308
46308
46257
46308
44286
46308
46308
46308
46308
46308
46308
46308
46309
46308
161167
161167
46308
157547
44308
43440
42750
42896
42578
42744
45759
45900
45759
44259
42744
44855
128575
79634
130581
29762
42806
29236
29577
48770
139597
29407
29377
28977
50733
46402
28253
28253
35578
29391
28905
28253
28896
48184
29466
85211
28218
35578
29215
35578
7871
28292
88438
88104
29215
28698
29215
48593
27764
151886
28411
28218
28698
28379
28661
28656
88300
118519
137343
97550
87968
87926
121672
93188
100264
89145
88780
88964
98243
93509
88855
92409
27518
27717
27717
78454
28606
28606
49821
98514
88038
88189
87853
118713
28561
35461
78191
98683
88241
87799
108651
88622
116885
89448
93537
88604
88463
89354
89427
89513
91203
91477
89876
89651
89581
89695
89968
115394
111513
111583
88299
126246
92800
88996
89377
91738
110447
91251
90925
90925
114025
110130
109714
109623
152870
152826
152870
160780
161123
160780
163719
165384
86695
86695
86695
163580
164356
157747
167625
86794
86795
126353
86678
161275
147711
164353
86897
166373
161271
147715
149192
167109
86822
166373
147760
162889
166373
157723
152870
157723
152814
164852
167221
159560
165867
165847
165847
157723
155157
162929
167207
165866
155157
149491
157757
167207
167625
149308
149294
149294
149491
149402
149417
161138
157757
167222
167223
151024
162294
165535
167222
165555
162650
165555
165548
162650
149308
149308
152782
149391
167221
149565
167221
151742
149498
151742
151742
99206
128941
51179
40624
40663
99206
40663
45900
44374
45759
44855
43431
44853
43431
43431
45525
44374
84532
44838
44853
43431
85627
46201
118758
40624
85627
136316
40591
162573
122179
162580
47028
44838
45426
45426
45426
122179
118758
44838
77196
47028
47028
48049
48049
43833
43585
165275
128369
29026
139584
128332
128953
29276
29026
28612
46429
48049
123023
166990
128521
128264
29503
84518
158876
158876
142155
148579
29415
84518
140920
47472
39108
38997
85627
46663
47447
46663
152585
136316
121550
40591
46089
46089
166839
77196
45340
121550
121927
87320
87306
46089
162518
87579
121927
119200
87320
87339
87320
77196
87339
45340
45444
76869
76869
40517
40517
152585
152585
47602
129504
87298
87579
129501
129501
157929
87306
87579
87579
150855
150855
150855
87579
150855
87579
121651
121927
129501
87306
87579
87579
129504
157929
87306
160514
87306
87320
45359
144084
121651
87579
164917
116717
87579
129472
129472
129455
129455
121651
121651
87551
129504
129472
87583
129474
121651
87566
121651
130590
129504
87553
117494
87306
87566
87566
130590
129504
129504
140226
140226
140226
140226
129504
130590
157929
87306
80436
50712
142155
142155
123023
50712
45816
142165
142108
123023
121558
142165
78004
85786
78004
29415
39499
39138
39691
38036
143839
45340
45327
45816
142071
121558
48638
48638
45680
48083
85814
138106
48791
45359
142055
46131
142071
48083
85814
136412
157468
85786
38854
39691
38588
39003
39499
37826
38665
39531
125132
150838
143839
38602
39591
78331
38733
121107
38588
38508
38504
36694
165117
121107
78331
36741
38683
39780
36478
126267
48253
48270
40347
77272
84432
48278
160741
78988
51295
51295
51295
47374
93196
88424
121049
87619
39093
126654
78353
78353
78258
78353
93266
93577
93663
98010
142019
88922
97982
114010
114010
111448
109968
109980
117518
152675
98450
108623
116406
111240
109862
115815
78328
78331
141684
99719
154166
87745
93335
93335
78338
141832
117500
84473
123806
100418
124342
124091
97998
152657
167065
125442
146104
123560
133501
133465
119144
108654
86407
122688
86327
86618
86839
86542
86897
161271
86920
161275
86615
157845
160042
164353
149233
162889
162999
162999
166373
149255
161276
166373
86542
161940
86935
86907
108855
166455
158622
158610
162922
164649
149233
149061
162922
121762
86757
159226
167109
161754
165847
161754
165847
165847
149539
149439
149480
165847
149456
165866
167221
161754
167331
159226
165848
164637
164926
152736
164637
165866
165657
164645
165651
164645
162931
149480
165671
165737
165734
151742
165671
165671
165671
165671
165671
165651
165682
165682
165733
165737
165657
165671
165671
165671
165657
165690
165671
165671
86516
86438
136567
86784
86513
144039
148358
148429
86371
86935
86932
121762
149105
149006
149221
158610
149358
165602
164688
100605
87196
86516
86327
148358
144039
157455
126890
167079
149595
86943
149026
149338
149363
157245
166927
162512
149430
167331
166927
166927
167331
167331
167331
164612
149470
164612
164612
164582
164637
164639
167332
161027
164628
164628
164617
161027
164637
165016
164582
165021
165621
165651
165702
165690
165657
165657
165690
165702
165702
165690
165690
165690
165690
165671
165690
165702
165702
165702
165702
165690
86065
86435
154544
123389
86256
79474
86873
86065
108654
86079
86234
86318
48452
122115
141781
141781
116713
108667
86079
86129
99849
164930
86324
87227
87207
144019
100885
153903
157245
165618
149595
165618
149595
148903
148984
149027
148903
165956
87284
108654
100885
156975
158493
167079
148844
148844
148953
148953
148872
148872
157245
167332
167332
158920
149182
149158
164989
161027
161027
160890
167240
167240
167332
160890
161027
161027
160919
167670
166858
165000
164989
166858
167557
166858
158493
160890
164130
164130
161027
167575
165000
160923
164130
160919
165000
166858
165000
165000
164989
166858
166858
166858
166858
166858
165787
166858
166858
166858
166858
166858
166858
121689
132900
154182
144030
153797
160858
151202
159952
149554
148971
160897
148953
154182
154203
154201
154201
100006
165179
149559
154292
154252
160858
167195
149139
149139
160884
167575
160923
160923
160890
160932
167366
165000
105829
105080
103301
103606
105246
102915
92866
103420
104714
104000
103892
103769
107579
104499
105022
104166
102023
106608
105581
90791
90800
90308
140791
160379
160379
160379
107328
112250
105596
108339
104055
116917
112190
105238
105238
104370
104265
160491
160502
160489
160491
160502
160502
160491
167738
167738
167738
160502
161004
154826
154826
167738
153742
161149
167738
154826
167738
167738
160504
160502
160502
145526
163784
167738
163863
160489
145526
163863
160504
160502
163784
160504
160502
160504
167733
160504
167728
160504
157795
167738
155659
155624
154826
162120
162120
167738
155644
155644
155624
155644
155624
155644
157795
157795
157795
154826
154826
155624
162120
162120
167738
167738
164365
160504
160502
164365
160504
162120
167733
167734
167728
167732
167738
155644
155644
155644
155644
155624
155644
157793
155644
155644
155624
154826
157793
155644
155644
155644
155644
157793
157952
155644
157793
165556
165100
164513
164365
166583
167739
167298
167298
164507
102056
101959
101582
102588
123299
97675
113517
160379
113517
113517
123299
123299
123299
106987
107656
104174
104055
104111
130376
130146
130146
130146
130146
114198
115783
115783
130146
157963
113197
123299
123299
130146
115783
101913
107594
130649
112592
59051
115208
137053
148435
112784
112847
107873
106727
107958
104320
105470
104427
104979
130747
107873
108097
107462
105524
104866
126873
160530
126134
132578
138653
101589
101267
101056
102415
159677
159677
159677
159677
159677
159677
159669
159669
159669
159522
159677
159672
159677
159672
129446
57666
129446
159672
129446
159669
129446
130296
129446
159672
61277
61277
159672
125500
129446
159684
125500
125500
125500
125500
159684
71478
159684
71478
71478
106558
108257
57189
58627
116387
113068
57144
57555
70209
115381
106174
108124
106255
161227
114701
58428
115526
132721
160530
160069
138626
133225
132513
138712
132495
106354
106449
161340
59083
127014
153634
158154
57775
57837
131752
158904
157890
132596
161038
158372
140452
140452
138632
131916
131916
137251
131813
127058
131897
157793
157793
157793
157952
157793
157952
157795
157952
157952
166250
164513
166250
164507
166583
167298
167298
163830
167732
166578
164365
163830
155659
157793
155644
164365
155659
155659
157795
155644
157952
167738
167738
163830
160504
167734
167732
160489
167741
166578
138563
138162
146123
131983
132675
131996
132040
132240
132617
132617
132077
145512
145512
163839
166640
167738
164365
162120
161004
145109
145109
155616
167738
160504
160491
160502
160502
160491
167741
160489
165935
157902
165151
166909
152162
163307
145109
155616
158789
144944
158789
158789
158789
160502
160502
160501
155257
155239
163112
111517
113148
111662
114992
114168
111913
110348
109244
109149
114532
113871
111955
113027
115825
115304
110627
114010
113438
109087
109050
111042
116020
113567
111006
115715
115554
111147
116327
163532
166679
163532
163511
163527
167735
163527
167735
163479
163555
167735
163479
163479
167735
163527
167737
167737
167737
167730
163479
167737
163479
167735
163555
167737
163555
167735
167735
163469
163555
163460
163557
167687
167687
167737
167737
167737
167737
167737
167737
167735
167736
166520
163479
167736
163479
163479
167736
166520
163391
163434
163391
167687
167737
167687
167687
167687
167737
167737
167692
167736
167685
167685
167686
167685
167686
167687
167697
167687
167692
167687
167687
167686
167692
167692
167692
167692
167697
162455
166520
166520
167345
163367
166165
167653
167688
167688
167686
167686
167686
167688
167686
167686
167686
167686
165770
167653
167653
167653
167686
167653
167688
167686
167686
167697
113401
113401
113401
113401
112616
112942
114139
110798
110823
113401
113401
109488
109019
115905
115849
111766
113647
114895
113331
141840
116010
114817
138749
141840
115865
115887
139246
114920
130354
153443
113319
139105
139147
139169
139197
113917
114601
116495
153804
158775
125451
130354
116289
129008
139172
153368
139287
142205
153674
139326
143402
142226
122703
138456
140958
156731
147248
142243
142243
142226
143071
151008
154477
139326
141371
151008
141371
142730
163485
166071
162445
163510
163510
163339
163759
167654
167654
167654
167654
167653
167502
166071
163759
165770
167439
167502
167502
164207
166073
163533
167500
163533
163533
163339
167439
167439
167654
167069
163544
163190
163239
167439
166508
167439
164424
167069
166354
142340
142340
142340
143075
142506
142506
143173
142878
142818
165146
142917
164698
164198
163279
163130
166106
166103
166103
162821
164207
162849
166106
166103
166103
163112
163544
162821
162821
162831
162849
163279
164198
164949
165774
162782
162807
162848
162782
164698
162782
165607
165607
166101
164287
162791
161244
79810
34927
79808
81045
80194
34856
165329
157788
49738
50946
81264
161873
34909
40465
49738
156042
148804
161323
79823
34979
84923
100868
99703
34769
34770
160032
35168
35106
51231
100868
108732
80682
80677
15213
15213
34897
79478
100569
99403
80763
15191
18538
48495
15151
79200
100150
34005
35704
34532
157944
158661
155600
165121
85752
129533
85752
151364
138300
151364
151364
138300
164813
48732
151364
138295
138278
138278
138300
138300
138295
151364
151364
151364
151364
138300
138300
117342
138300
151364
138300
138300
151364
138300
48732
138261
117351
34031
162212
138278
117351
125950
138304
122390
34031
35252
117421
79692
85230
100489
34005
35704
145529
145529
155556
155600
162188
129533
32956
34352
32956
33098
46399
133963
126127
34318
133903
127509
129325
82206
82143
49655
49618
35916
35137
49423
160345
156525
81602
126790
126719
130241
130241
82292
83054
147909
122911
82020
81677
122911
166925
122907
122911
81903
82057
81965
82254
49693
35165
34713
166542
166758
157954
147909
81117
157954
122911
87490
83599
117323
117264
82812
128110
128127
128127
164914
117323
143633
78684
78650
81298
78740
78710
78828
78740
82477
129702
133306
157106
164712
152529
143633
143633
82812
143530
157106
167606
136793
152508
152508
78726
78789
108944
125845
153746
81117
47066
32956
130720
158391
130459
33002
32917
32832
84623
117185
127796
32883
33157
33954
33604
127381
127276
158397
127276
84870
165913
85365
46459
47357
108693
49348
32054
32077
32622
118960
51563
32355
81854
143530
81884
84204
81959
82610
154773
47319
82613
133383
166191
167451
81834
81116
166925
130029
130029
130029
13084
13084
13148
13215
13195
14732
14732
14550
14821
31655
130029
13586
139552
116852
130489
143530
136793
136793
166556
128009
167606
152508
140436
13118
136793
146054
166556
152496
152482
156284
108954
153403
130273
127708
127692
127697
127309
127309
127272
127462
31655
13118
130393
153227
152482
130393
17366
14747
128033
127980
140477
140477
127692
140514
127697
127751
136218
136218
133364
127751
127893
127923
127893
127893
127923
19454
130489
16985
12255
120756
120871
120711
120807
166531
158028
121515
120682
161990
120646
120864
130542
120687
120669
166053
100866
125860
156445
157650
165113
157670
156679
157693
157693
100758
157670
164465
100702
116610
161737
152631
116615
163059
100814
100797
100659
80900
80951
100708
167384
166377
167319
167337
80886
80958
126784
130198
116622
156316
149766
164787
154892
154892
152284
164737
155287
97084
98284
98642
98472
97152
125175
125175
133554
119797
119508
119830
120149
127204
130896
121276
125264
60484
121274
133707
60484
119808
119744
119744
75659
121771
167272
166985
157836
156355
18072
125445
156218
98569
47577
99764
119508
125739
119976
119987
119959
129221
166478
166852
125792
129211
132855
119987
120130
99240
8682
162682
167613
128610
120280
160314
124872
156217
125792
164997
141144
134115
147854
124936
119692
61225
119889
137105
140843
147949
130033
153150
153150
125762
138988
130873
130017
55630
126627
74762
125835
72745
139635
139635
140698
150795
157001
157770
139635
138008
140698
152799
55564
60637
80848
130133
79104
15199
79248
100385
15199
79060
79038
121740
50811
152261
50749
32202
32202
32301
126814
33895
32143
32235
33339
15255
157836
165166
119220
14576
18721
14667
13784
15386
130489
13046
13553
12980
15272
15101
17327
139552
13784
15096
14465
100335
15237
126911
19420
78070
13817
14579
13344
15349
15401
14704
13545
14608
13991
13934
12939
15450
140477
127945
140477
15450
50503
15563
15617
127980
137687
133364
127861
127906
127906
137658
132743
137092
129000
12783
12783
12595
12160
19618
51626
81059
46401
129929
15563
12691
15563
15563
17241
15809
78978
16162
15978
49776
11478
16253
8242
4838
3354
87418
49279
5055
119259
2768
3569
3627
9389
50316
100258
79285
153931
8682
99214
120218
116641
124955
17993
4476
2820
120410
5217
120324
120355
4226
76818
2546
629
121940
4356
2676
75969
133612
76945
138008
141909
141909
76338
54129
53824
61685
77227
76245
75411
75411
128135
63096
53648
74903
61685
61685
61685
75936
75936
73319
61806
61806
8982
129984
73118
54197
74920
74903
74903
63618
75524
63169
62839
152605
152612
34240
34240
76534
156695
152612
140226
117494
121651
34263
140840
116717
87583
87583
87583
122616
122616
122616
122616
130590
122616
140226
122616
87566
87553
87553
122616
122616
155306
122616
122616
140226
122616
87566
87566
130590
126673
34163
140840
140840
78942
122616
122616
155306
122616
122616
87566
127587
147534
156695
159938
34163
34243
156695
100942
36045
85703
36045
51188
162470
157229
34263
85291
127652
147539
121078
141260
121078
142055
164373
122223
136412
45894
136412
158189
122223
136412
143422
99491
37469
100109
147661
147660
143422
38686
76723
37367
37687
137191
39591
38588
36741
141260
47514
158189
136709
136412
137522
127587
151772
141344
136709
100109
122795
147700
37244
38181
37310
39560
116873
122795
137154
154944
122795
121182
141832
137191
38588
36660
165117
164884
167593
37281
38207
36823
39376
165117
99481
36395
36523
36364
36624
36523
36611
164594
36624
85143
46748
39735
36195
40182
39762
36587
78338
167524
141832
167151
36322
36364
36257
36156
36156
155285
100942
36052
125137
34068
33765
33524
133560
33682
161832
48185
33843
48158
47381
153859
159216
127553
156180
153881
141344
127533
150845
127533
127589
156180
153881
159216
21560
137154
122795
154944
154944
21737
37082
21757
39271
21737
21560
21560
154944
126733
121182
120615
120618
120618
156610
145589
129280
34664
137383
129280
137383
140851
145589
21560
26625
21458
21458
21585
21409
35693
21409
34664
21706
27289
85612
121182
20585
20631
26558
39943
38280
37030
100222
39666
141684
99481
167161
167157
39360
48205
48205
48205
36139
21832
78396
22028
22339
22820
100876
26964
50197
25392
26327
26326
40397
40239
40215
40437
84428
46746
40367
77283
78393
99571
77918
40239
81334
81334
80421
100250
78017
77494
77981
77949
77733
80315
81336
77369
77464
77416
80260
77733
80224
77645
77571
137191
30716
126680
39873
123646
123435
124035
125131
99482
118748
123989
123885
124700
124239
159774
36587
167318
123319
167269
140630
158438
74308
126155
123749
123452
74807
123720
123667
148033
74353
74313
99270
140676
25760
48580
85443
130091
25668
30509
123885
124296
124516
141079
124465
154875
119336
119341
47392
30252
155347
153282
124771
152451
124785
124594
164409
163075
167115
166348
167584
167113
150820
167276
159271
159828
124189
154605
148234
133095
148059
124221
136769
74253
74836
66329
147812
117082
141059
130307
74414
79736
117082
121048
74116
74636
67690
64307
122115
150403
165167
159937
86231
160739
86164
99973
136609
99792
99831
163982
86200
154110
155043
154519
160085
86200
121629
99904
99811
147786
157025
121614
152974
160988
99831
119298
161007
99991
159749
154533
119335
126119
130842
158764
156908
122873
159061
100182
77867
79381
33775
117169
140851
34664
145589
117169
140390
23881
25596
147170
21249
21409
21361
21249
23076
22942
25535
26558
39943
21249
21459
26754
21643
21649
24678
23270
24686
20389
47137
48384
24871
47204
9544
26213
48709
24420
3736
26213
24113
24204
983
998
27033
24352
21206
21516
26132
23166
21061
25043
20801
25309
49125
22795
84982
26359
165428
80243
87441
22866
27332
26686
128574
80390
122844
159252
150820
152840
25043
23723
21905
22696
25271
25981
23501
23501
22355
25838
24555
48821
25229
24666
49802
50931
117012
122855
18417
11353
141375
108913
80249
125719
34577
19738
124911
46833
128631
9782
4476
47303
128631
124951
2125
47949
17572
5148
4241
1224
137403
74015
74633
75465
74566
75018
65882
148327
73922
74801
64182
11336
73757
73659
72667
62495
63922
62605
62090
62294
128900
144076
122301
108349
81260
159684
165134
81260
76407
71478
159684
121461
76407
57275
58753
69959
58753
108477
161780
157923
57210
57210
57059
56992
69637
69464
107435
106354
133766
138764
57951
159536
58166
160848
157890
140452
157764
145982
127087
132252
58372
163621
132252
131879
148321
143710
53005
56908
58662
69274
68740
57982
58229
68712
68718
139445
157764
145982
138051
133925
70959
159908
141461
144118
70959
102305
149753
74946
74946
63636
60209
57761
70245
70157
76462
58792
58792
59550
70383
70325
70383
76122
70325
56610
55794
136268
136268
58802
73451
53150
52965
53160
60005
56845
71018
69165
58689
68514
55130
156232
159011
60286
58354
68834
58467
71327
76379
58546
122269
71327
55980
53171
52169
55309
52734
59263
68100
56583
54970
56583
55306
59938
54850
60504
55719
56742
56710
54663
55452
55524
58734
60428
70839
59316
59041
58835
58903
152733
145981
153900
146123
154131
160808
160808
135630
131996
132174
132174
135581
132164
156594
156594
156594
132303
132303
147983
132312
132312
158951
154976
154976
141122
136057
141122
132390
132390
152733
145981
154131
160808
160808
132252
134448
140648
143010
143010
132164
157511
157511
151179
147648
158951
158951
154846
154846
151178
151178
134223
134223
134671
134671
132403
134207
151179
144944
157902
157331
165502
150935
134964
151761
135226
159602
163837
163837
134629
134629
165502
164351
164351
135226
157331
145089
157330
134964
150935
156125
163745
163307
158789
144959
158789
144818
144926
160501
160501
155257
155239
163699
161524
144926
164091
144924
145095
151793
163837
134972
134602
134602
145089
134939
134964
160714
161156
151793
134658
134658
160425
157330
134939
135193
160609
161401
144926
144747
166964
147827
167740
167629
164091
164090
156126
163703
164432
167740
167740
167199
167629
156125
159690
161429
164437
156232
155125
137547
156097
156097
135976
137274
159908
161215
161215
163706
134253
134253
159445
160521
154846
155754
154846
157416
151917
156016
151917
156016
134207
151143
134507
134281
134507
161304
151143
153339
137210
159445
134507
134469
161304
162639
56710
143495
76379
164655
164655
135941
160293
135852
135852
155531
155955
155548
139995
155548
134350
157856
134350
157856
140854
140854
135262
161304
157098
157098
145095
144849
145420
161791
144154
145143
144849
145143
134503
134658
160425
134939
136117
160425
166824
145143
134897
134897
134503
160422
136117
135511
160590
160461
144747
145018
147827
145018
167740
167740
140781
147379
161431
161452
144709
167740
167199
141273
167199
167199
147350
153378
164437
161469
161459
145394
145183
144154
144499
144499
135272
151263
144517
136141
136157
136188
144370
144370
135272
134588
159409
145248
145394
136188
136157
136157
155344
167740
144554
167740
156435
156421
156416
161469
161469
155344
166119
166119
166119
154065
147350
161469
53743
128584
61452
72787
72787
61619
63479
61286
61286
52331
52755
52385
54402
55002
54059
54539
59254
53247
52598
52598
55360
53184
56480
52492
54460
53184
52118
55707
59783
55898
151720
61242
61176
59146
58903
158590
55569
58912
61521
122268
61549
58912
85492
53117
55967
61663
61663
61870
54165
56491
141138
129522
141513
141513
136305
135895
161328
161328
135757
155904
139995
145877
140071
140051
139908
135262
139517
159419
155531
134705
135788
134739
155808
155442
140071
135089
134705
134739
155432
155432
156278
151720
143761
143761
135757
155808
138950
85486
135297
135804
140051
141626
138515
135481
135481
140013
135414
135425
135087
136069
147402
135297
136069
147402
140071
144373
144272
135499
135272
135137
144373
166577
144462
151413
152570
140906
140071
135414
144297
145046
145046
135089
135137
144498
145232
145046
144373
146005
144415
144541
145174
155344
145800
145758
151413
160261
160261
144558
152131
157439
166119
156296
122268
138515
153089
138926
85492
135320
138893
135320
125304
72816
66145
136852
66122
148162
159609
147599
149782
154477
153767
142432
142676
153767
142484
154452
141371
66006
147599
65630
148362
156386
164255
156386
65780
74910
63657
64843
64992
64741
64784
71826
65228
67167
67274
164255
67274
74709
65108
67243
65650
71328
67484
65298
67539
71120
68067
68068
66621
66643
68890
66802
66802
68387
75512
75512
66717
67239
68890
125462
67055
143075
143075
142617
142607
142853
142853
143122
142961
165146
142853
142617
152706
150609
153708
143173
149842
143122
153708
151129
151063
150609
149842
150101
150320
149941
158170
153457
151129
158170
143231
148126
143061
151063
148126
150683
157389
151143
151179
150054
159102
153339
151143
149978
150207
149978
157389
150076
163949
164158
164951
163745
161156
166620
160716
163949
150324
150324
150320
159102
159155
158063
158063
153457
159155
167444
164158
166768
160714
165607
166101
162791
162755
162791
162733
162776
165607
162776
150207
166768
150290
160714
159129
159102
166948
159080
161957
160485
166768
166339
166339
166339
162776
162733
162755
163681
166339
164437
164437
163681
133052
158736
156266
151675
151675
150144
150144
153991
156266
147121
149702
149702
153991
133039
153684
153684
146834
159235
159102
159235
159080
158235
158235
161957
160461
160422
154177
159235
160031
163681
166339
158014
163680
164593
163681
166339
161496
166339
163681
163016
154177
146983
159409
165605
151503
163070
162547
162547
147618
147618
146836
151209
162082
151209
151432
151503
162547
163070
163070
163022
163027
164593
163027
161469
163016
163027
163027
161469
161512
70558
70558
64551
65605
64638
75382
72572
68128
74908
73502
66459
73559
66149
125375
73705
67899
71100
67410
67375
67746
79650
70878
70696
65379
66757
67239
68953
68358
67239
67239
69045
84962
71343
73589
67089
73048
75251
64068
71816
63705
64014
137869
137869
147021
154791
146368
147021
159345
146718
146680
159345
146493
146493
140212
122341
140212
146987
155359
155359
155845
155979
146406
146406
146523
146680
162075
162075
159485
159485
147817
147820
147820
146261
146261
153302
146783
146812
146812
160783
160783
164045
151526
151623
151623
161585
161534
161648
146723
160783
146990
164045
146990
160783
160783
151598
155099
151528
151528
154283
151623
151665
167117
163019
161469
162307
161595
163592
163019
151638
166851
162307
161469
154152
154152
156969
148222
145715
150731
146172
156969
147817
