199
36325
28035
28672
28831
22496
16130
2339
16087
37172
39130
27753
21664
12690
12363
4199
11833
2410
9964
10001
20654
20652
24503
24286
4500
29788
29785
18009
4743
4678
16079
16153
2361
19918
15706
302
6573
32965
28496
29488
29533
20278
20280
16261
28618
29760
29727
8851
29523
29060
26565
16933
16933
4754
24748
24878
5472
7432
6794
9345
38140
9278
5970
27512
33800
28264
6592
6418
25882
37478
26474
25864
27458
36921
36924
1545
20506
21268
35427
35779
8554
20701
20700
3565
6810
40313
23996
4650
24416
24333
4629
2200
962
24576
24642
24456
19834
14752
14
2033
11769
14683
6592
31095
7262
36952
2394
11872
1125
23640
970
17489
19986
19943
12203
16178
16162
16169
21645
21625
3912
12599
12622
1281
27381
27389
25941
15504
38721
38600
38604
28382
28370
29311
6867
6870
5882
29684
11987
16408
2223
15504
3348
21060
29332
33116
6848
33740
35979
782
16289
31867
31893
20920
20814
39186
9190
39006
4614
7498
6291
32148
11736
988
11221
1009
38045
25306
6646
28415
18882
38796
38910
38707
3739
8250
8245
8250
9362
28757
31916
34597
39591
24730
24981
37674
20890
38910
9211
10856
1009
9285
9119
35854
5485
22071
22042
10358
3290
11439
13191
34824
6993
34256
6993
16711
1859
13915
2137
15207
1101
20971
34552
8209
35675
19311
17797
26970
2728
2728
2719
2138
12235
14710
34520
8572
12760
1196
3287
1215
12325
34015
6072
8017
30935
30583
30632
8035
30101
7044
37891
795
25141
38898
39027
9457
13805
1812
37152
30755
30081
40961
40293
9821
17302
2592
2594
15164
31840
37731
31568
33304
8340
4853
38341
6215
34395
7005
26530
13864
18749
17169
2589
25205
34819
8222
8255
8491
13220
3302
13320
9337
38106
15262
1120
35520
12143
18009
962
23404
14369
14369
35391
8251
34741
3784
33955
5760
1507
34553
3579
26629
39364
6816
6885
36919
12147
12231
1097
2589
2165
1414
29532
29527
7005
7482
10856
1009
6720
29140
21650
15456
6234
5847
34698
34654
34672
34633
26829
30681
34473
34763
9079
38735
39077
6088
7038
38510
9321
12138
234
1598
1486
31635
29977
37088
26602
6209
11467
7177
6251
20919
30966
11146
5793
15569
16315
17926
17982
16866
14918
10946
19329
2402
34815
34780
34778
1454
37145
30140
11708
8198
34749
34868
34882
7538
34736
8220
2462
33434
34293
9200
38844
19691
11859
3515
18677
21731
19949
6114
6097
6084
23582
12925
11568
16413
5513
34000
26727
17797
17797
30938
38803
38154
42931
34029
18097
35205
17166
22577
2675
2671
7116
6250
8057
30107
30116
40941
40873
39231
27073
27096
35834
35204
1342
39200
39200
26760
7144
6708
26109
37306
29120
29034
11187
34793
11221
31531
31521
37687
27051
8123
6900
33598
25569
31541
37695
7239
31678
21785
39003
38997
39052
8859
15231
16514
39132
9474
38842
23736
973
2731
11221
10856
17316
39840
6635
2571
31413
23281
34063
7308
1849
31335
39837
36189
39786
40994
34788
39403
38157
28110
26158
29928
19437
988
12766
38930
9199
39024
38754
38172
26694
8400
35474
29975
6901
29568
39665
30803
31684
37884
30792
21171
42944
42250
20322
12549
35069
29678
32113
21588
21587
21560
39837
32881
12582
23291
12924
3926
7308
7308
37445
38873
11422
18087
34774
37671
20766
20965
21185
12848
12888
20473
18601
26811
5009
29554
21607
5010
7183
6978
32230
3129
7025
1223
12973
4201
16203
41228
34175
13169
1591
11459
40408
37397
13513
10241
9960
26215
33553
6043
8403
24823
1708
4761
21029
20469
20415
10368
11586
23025
4227
23106
5760
6041
15594
15596
39319
8417
7131
30485
33528
29822
5758
35226
35083
37075
39665
39679
2172
15319
17757
7311
8993
31301
31527
37617
28652
6027
6554
8672
11303
20399
30725
16681
6734
30749
4953
7140
18973
15021
16342
12505
15118
26300
23746
17151
17836
1596
314
16352
32285
7179
37102
37370
3979
21838
3053
8193
2801
15106
2130
13085
25702
36343
31319
34347
31927
31959
37617
7353
39403
6223
26536
29857
20724
15684
16129
19295
34356
40408
25503
10524
29605
17852
872
19771
11606
9859
7392
14816
11096
14988
34046
38898
19694
3036
16006
19888
1362
1362
1708
11482
2253
2255
42809
9883
34871
35761
30659
19259
11587
20300
1708
7173
16168
2043
10323
41444
1862
1712
40137
31499
30659
6131
7180
41715
34834
22723
14934
36269
8891
13226
22083
22087
32157
286
39599
10033
40570
40116
31523
24822
22091
30025
11594
2095
30565
20950
23695
11547
11572
4795
15567
12975
17797
3793
25721
33694
20084
22103
1644
229
11531
13114
5100
34435
26320
1176
11306
20086
13432
10210
32525
1259
1158
13099
13039
27461
36030
27461
26772
30438
24614
4522
34432
30333
28031
26008
27269
32926
25928
6089
37096
30273
5899
34039
680
10419
23897
41173
41259
18201
24961
6036
41397
10455
19559
18949
11430
1055
2003
39191
38891
26642
34438
17312
17166
11326
10438
22118
41752
8063
34793
8239
20709
24638
24212
41338
30470
37370
6477
24835
17275
34313
33934
8897
20657
27993
19438
41338
253
24515
18412
10419
18053
17166
25754
1264
13621
13689
4416
23974
13510
32489
1635
13114
1102
2284
25664
25059
11337
22190
3093
11059
24795
8693
14164
22368
2294
36132
27266
25894
41085
27207
27238
6350
19524
27236
27205
27298
36580
2149
38657
17146
2173
33388
35853
19519
24217
13579
34533
7113
27960
19783
18089
13714
32881
41586
1726
13539
5949
17166
40780
41586
17166
17146
27326
16430
24370
24452
26409
11688
12060
1298
11154
25983
19288
12290
3086
1130
11412
19094
32808
32778
37166
4836
36051
27538
24849
24605
4537
30341
27777
37822
3448
12291
25662
27516
10419
23415
2496
2225
18816
2221
1445
35216
34529
1374
36228
27960
5345
9944
12385
1294
19295
12387
20474
9773
39985
40041
17982
1463
1451
15754
15747
15724
22993
37397
35962
1302
36256
24008
12317
34225
8659
2804
20524
8202
20646
24529
24697
20661
7267
16728
20150
7715
14325
22999
41440
39778
33263
39098
20281
508
18089
2275
33264
40036
9805
10341
7953
31135
2265
6504
10573
8556
1312
35966
25727
42364
27854
36281
22368
33654
27828
11370
35708
27783
1904
34607
26127
8178
7659
30334
36264
37202
11370
6135
25593
38186
23369
17219
16987
35330
34568
37429
15411
2196
15416
2195
15440
2004
15101
15177
15430
6272
18710
11201
14958
1950
1065
17570
16938
33832
24652
7950
15120
15129
4528
25001
20760
22496
4783
3504
3512
4696
6558
31118
42698
10770
15311
19320
25842
20639
20676
20528
3540
20518
1112
2188
2040
15443
42070
10545
39076
20678
42784
4127
20659
25916
15134
4727
20529
37541
42957
20584
42207
37744
2267
21227
43040
33806
33811
16930
20072
40803
25802
3526
20500
35737
3205
19276
3572
16950
2544
6941
26072
23055
6280
36008
36008
26653
25494
25040
24576
30111
37140
22871
4540
38612
20659
12078
11985
11985
15856
24757
20092
23089
15872
9379
20579
36075
36057
1782
17590
15093
38214
26991
16146
15502
20593
16146
12436
25062
26381
22249
4791
38994
38962
14063
16916
14789
23374
38793
15732
2283
28386
14359
25824
24743
9237
2148
15197
7498
16408
16228
7484
33787
27026
4696
27026
8845
29351
24777
42344
6429
6903
33565
29616
5891
33970
29799
29796
6971
29460
29757
36936
29462
29081
37028
3592
29779
9713
3551
20609
3549
33597
3560
20740
1348
12457
16112
16112
16112
1318
16079
2347
16130
2253
16130
15653
15653
22955
22955
22955
11987
2339
2339
11987
16146
16087
16153
16087
1318
37191
37172
37195
37180
37170
37166
37170
34331
36269
36272
37198
8891
38728
39118
39132
38765
38765
38765
38956
39098
8895
37189
36228
37204
37180
26409
12722
21071
21071
12703
21012
21008
21064
21064
21664
21663
20474
20474
3898
1543
12722
21681
18119
27052
27026
27026
12703
12703
4199
12363
4199
12363
12363
20281
12366
3348
12366
15596
15596
4199
12360
12360
780
11966
2233
11959
11959
15569
11833
15567
11833
3350
15653
15653
15650
15650
2407
16352
16390
16390
16390
16408
16408
11987
40757
10044
40798
9696
39723
40717
40722
20652
20652
20654
34793
20652
20657
20657
20657
20654
20654
20654
20654
20639
20639
20646
20646
2811
2811
34788
34788
34793
34793
24406
24034
24515
24034
4741
24627
24702
24697
24697
24520
24520
24515
4495
4629
4625
4629
24340
24281
4614
24265
24384
23996
24487
4508
962
6898
29785
29487
29487
29489
29487
29533
29788
29532
29799
29785
37038
6971
18201
15426
15426
962
18009
18009
18009
22786
18008
958
4508
24730
24627
24627
24981
4650
4650
4650
24456
24642
24629
24629
2361
16079
2360
2347
2254
2284
16153
15502
2361
2361
12436
12436
12436
12436
15504
2360
16137
1316
19918
15706
1312
19915
15567
15571
15571
1355
11974
1359
11978
15705
16348
2404
2404
2267
3365
3365
1315
11841
19873
302
1312
28513
5360
31102
28527
28529
6574
28370
28202
28183
28383
32966
25207
5802
36580
37157
28183
32881
32881
6646
28470
6650
6579
7277
33221
37564
28512
31118
31115
7268
18194
29488
29472
29488
29489
29489
29533
36962
16238
16264
20278
16277
2386
23200
1351
22938
1351
12436
22938
15589
15589
4201
16236
16238
16228
12356
12356
12337
12356
11919
31221
4921
8578
35916
35876
35858
35854
25384
25254
4921
31221
29761
29761
29727
8851
37028
6914
29752
29323
6963
29734
37020
6810
5012
36804
29054
29070
33041
25537
33425
29512
33425
29757
6970
6970
29064
6061
26573
33985
29546
36959
29551
26472
33981
26565
26486
6199
34347
6199
29493
1864
16933
1864
16933
2540
23474
16950
16936
18749
2589
17169
2589
2589
2589
2589
17166
16933
16933
16933
16938
24877
24878
24880
24595
24878
24757
24757
24777
24777
4707
24748
4750
24748
25062
4791
24593
24888
4528
4528
24592
4516
7432
6830
36835
29160
29140
25330
6867
36890
36886
29484
29479
29478
4853
4853
18053
4853
10806
14660
25227
37663
31890
36651
6722
36774
31848
30830
31859
29160
38291
38634
38536
9278
9321
38657
9348
38852
38180
9172
9345
38531
9313
38154
9138
38036
37977
38036
38291
9278
9278
27486
27491
36036
27480
27480
6412
27479
27239
5970
27235
27235
27484
6416
27514
6418
33846
25882
5953
5972
6431
27544
27552
25802
5973
28264
6634
36458
28204
6633
35892
35894
35888
27181
28383
28383
6577
28137
6592
28338
6361
27266
27434
27434
37383
27742
27742
36222
6471
6471
25901
6434
37488
31563
31767
8771
37763
37771
31413
7205
33187
28827
31330
7320
8993
31353
31328
29113
29610
29812
29609
33528
6408
6408
6407
6407
33758
25857
25845
25864
33790
25770
27460
36030
39403
9514
9523
39403
36931
36924
5859
37849
32071
36923
32065
29260
36879
36924
36928
21667
27089
21681
27096
3791
21246
3736
2800
2801
20533
20524
20518
20518
20518
20507
21109
21109
21260
21228
21122
3740
3788
35417
35431
35389
35802
35803
8550
27163
28338
27163
28303
35883
35773
35768
35762
34829
34863
34871
8264
34862
34529
34528
35777
34525
8551
35805
35878
8553
8582
20700
20697
20705
20740
20701
20593
20709
20709
20709
18087
20705
20705
18097
20693
3879
20700
20689
21620
3565
3603
29714
36799
29039
32931
29035
6800
26454
9693
9819
40866
40094
40116
39723
39237
9853
40957
40967
40977
41029
39790
40233
39231
39449
39449
39347
9583
24190
23860
24119
23869
23995
23949
23995
24370
4650
24456
24333
4645
4645
24416
24520
24416
24529
24416
4696
4645
4604
24102
4604
4831
4604
24333
15426
18009
15426
18201
18201
1009
18201
18201
15106
2200
2200
2200
22890
22890
15101
15101
15430
15430
15430
24456
24642
24576
24452
24576
4699
24648
24648
24648
24645
24645
24645
24638
14
1286
14767
19428
19834
12141
1285
15262
4138
187
14746
14767
43
11201
17757
18770
17737
2047
2047
3079
1111
2028
11769
2029
15335
2185
2190
14692
2188
1112
2036
22658
14713
20234
1407
12235
1407
12141
12143
36618
28553
6673
33017
28698
7268
31095
31095
36618
6713
8972
28584
25500
29493
29510
36952
29567
191
12278
20247
11927
20008
23208
23204
782
23200
16305
19999
19949
1103
12249
1102
12249
15247
11708
11246
11246
1125
19963
951
14645
14385
14778
17102
17094
17517
16681
14260
14260
14260
10864
939
18164
31023
28726
22637
14781
14794
19943
20219
12179
12356
16223
16236
16203
23172
23172
19986
12179
12175
1414
12161
12170
12158
12170
20225
12231
12324
12324
1454
16169
16178
16404
16168
2283
16404
2412
16162
11907
15479
15480
12175
21643
3886
3882
12835
21653
12827
21658
3909
20379
18677
18640
18331
18641
3023
3484
20727
21633
3579
3879
21628
21636
18136
21748
13952
13958
1851
1520
12609
12622
11759
19360
12468
12468
12582
20351
12579
1279
1503
51
1508
11221
17797
2728
12606
12606
12606
1120
187
11761
1282
27389
5982
27388
25943
25943
27603
27645
36004
27401
35980
27298
33783
6373
25780
27308
7949
27374
6387
27930
25923
33774
6013
25922
33811
6720
37775
5490
6782
15504
15594
15504
1477
1477
1476
38600
38724
38724
38174
38793
38803
38796
38796
38721
38711
38724
38724
9337
9337
9337
9337
38096
9337
9313
38604
38174
27154
29321
6867
29082
36962
29310
36886
25330
36895
36902
36897
29730
29104
6821
29095
8800
33565
29703
33398
8845
36823
36823
6817
16146
16408
2283
2283
2283
2283
3348
3348
1477
2223
1294
2221
2221
2223
286
286
15594
21000
21060
21082
21663
20474
29218
36713
36845
29375
29386
29400
33398
33398
36840
7406
37707
31727
36870
5307
27603
5999
36008
36008
27413
27413
35983
6378
27205
35979
27312
5817
36624
31910
31938
31924
4963
3686
21051
20925
38996
39186
9486
39191
39200
39200
39200
39200
39019
39019
39153
39138
39138
37264
32820
8655
8896
8896
38960
9190
38985
9444
38999
38997
39003
39006
38889
24333
39403
34507
34507
7499
34507
7498
7498
5760
32157
32157
26882
26882
6271
34499
6283
26955
6290
6290
32129
32129
32140
7487
32140
25457
32148
34507
11221
1117
11719
19820
1496
19368
19412
11185
1272
11725
15242
19458
19437
19438
10856
988
11221
5758
5758
10856
5758
2128
9514
9126
37977
38106
38106
38103
9119
9127
9236
9231
9270
38341
38341
38341
38341
9237
28415
37602
25305
37602
31280
7353
37613
37613
31203
28405
31177
31163
25306
28627
28627
31237
37668
7296
31490
1904
11016
14203
11016
11016
1851
553
38910
9205
38808
38707
38803
38803
39024
39024
39028
9416
39003
9416
39065
38839
38910
9211
38431
38474
9304
38713
38713
21159
3780
8250
8250
8245
20661
8250
20657
20657
34793
8245
34780
8245
34815
8245
8255
34824
34824
8271
8251
18089
8251
20661
38590
28745
31939
31927
32850
25397
6719
7663
7663
32724
32657
8148
8148
8210
34606
34558
8157
34552
34597
34586
34597
8151
7663
32742
21406
21429
3842
39707
39630
10007
40696
24961
4519
4519
24983
24982
4717
4717
4522
32285
7516
32251
37891
32238
32240
32230
32240
32209
32272
31499
3617
20971
20950
3711
20990
38754
39065
38839
38839
38209
38209
38669
38172
5893
5893
1009
33598
1507
33598
10856
5758
1009
18199
10918
29462
5885
29470
25569
5893
5893
5893
33598
38491
38435
38341
38316
38282
38157
38157
25257
9067
32310
37668
35878
34517
8142
35853
35854
35834
6327
27122
31523
31523
7308
31523
31523
31523
31527
31523
31527
31678
31531
31531
31531
31531
31531
6635
37687
7308
6817
32113
25429
5891
21955
21955
21933
10356
41724
3049
23243
1700
22061
253
13395
13374
13315
13374
3979
22036
3051
42932
43021
43013
43081
10727
43095
42742
43042
1652
13191
11439
11437
11467
11467
21884
21884
3290
11430
13101
21897
13178
21897
3095
1652
1652
11586
11587
11587
11587
1657
34819
8255
34741
8271
8271
29880
6993
29880
6993
6993
26109
26760
26760
37145
6137
6137
34256
30250
26335
37202
26335
6142
37096
29978
29978
29977
29977
29977
26109
4045
22276
1796
22299
19103
19105
19105
14369
14369
23401
23404
23404
16725
16726
13778
14198
13859
14009
1815
10868
3093
12825
22337
22311
13939
2151
1101
2139
1103
1453
12325
12225
2139
2138
15168
15193
15164
15193
15212
2153
15215
15216
21012
35330
34710
8189
8188
35743
35695
35695
37453
12640
12646
12640
3136
11127
22842
17772
17751
2719
2723
2723
2728
2728
17797
17797
18069
18080
25455
26970
5852
18048
29621
2723
17797
2728
17757
43
12240
1289
19436
12225
12243
1408
14727
14722
14722
32816
16425
21699
2762
16435
25132
30782
21704
21691
12741
21761
21722
18835
16421
2762
11493
19683
1196
12859
11502
12979
1602
21830
12965
12966
12966
3287
12955
11494
13455
10
10
3304
11497
11535
228
19649
19649
1579
8017
34015
34015
26179
6084
5135
7005
7005
34015
6219
34015
26126
6152
25484
34278
25484
7043
30101
30082
7044
30082
30081
30081
26179
31553
37695
7365
31672
37699
31584
26667
30598
7156
26663
30598
34361
7144
30572
30587
6232
30619
5613
30631
30649
37348
26602
26608
26254
26588
33543
26658
8114
34089
34089
21514
30111
37137
37137
30107
7044
30019
7044
7024
30086
30086
7502
37879
944
17875
558
17868
17868
2731
23723
23723
30803
32183
37872
25141
37884
38741
39037
39037
39160
39037
38898
38898
38898
38897
39028
39028
39024
38743
9367
39027
38942
9428
9457
39051
18824
13859
105
2294
14298
1915
11057
18870
18870
12810
37306
37152
30755
37306
7121
30509
30438
26768
26768
29857
30565
30522
7140
30522
30755
7188
30755
30749
30749
8063
37306
8063
37126
34063
40196
41006
9613
41072
10096
41147
40150
39499
2592
17302
17302
17319
16443
17319
14599
17302
22577
17177
17177
17175
17175
17175
17191
16617
23546
16615
2594
17306
3205
3205
19283
35125
35152
31668
37731
37731
31684
30803
30803
7235
7235
37728
37717
33470
35130
6795
18053
6215
6215
6215
26164
34008
6234
34008
6066
6066
26629
26626
6219
6219
7005
7005
7005
26164
6193
6186
26530
30543
17169
16948
23369
34703
8222
34815
34815
34690
34672
34690
34725
8221
34702
34702
34703
34750
34744
34885
8413
35279
8413
1667
11554
19591
19722
11554
13230
13230
1663
13219
21912
21911
13215
11627
11591
1246
19775
11606
21936
19597
19597
3316
3938
1098
15264
15456
39682
39612
1408
1098
22786
14359
14359
22249
14359
16728
16728
16728
22472
14369
17562
13880
4087
17537
16702
22472
8194
35374
34616
35403
35351
35501
35250
34852
34763
2810
18089
18089
34736
34885
34852
3523
20493
21604
3783
21113
21330
1507
1507
33955
26034
33955
6043
6048
25547
26060
1507
1507
1507
34588
35226
34586
34607
21607
26629
34401
26653
34401
33612
9730
36918
29407
33394
32110
6946
29678
6947
32059
31691
12161
12147
2209
1109
11859
17166
17166
17166
6937
25413
25099
1070
15273
6968
6974
6974
6084
5135
29928
33393
6944
18201
32988
6721
5649
21607
26158
6234
34000
34000
26707
26707
5847
26727
5847
5100
28965
34709
34722
34719
8195
34654
8194
35083
34965
34806
34806
8198
34676
34641
34624
30681
34473
30681
34469
34109
25518
34102
6099
26259
30669
6116
30703
30703
7179
7178
7179
30708
7177
26273
26820
26820
26825
34851
34765
18087
2810
2810
9199
38214
38186
38731
38728
39088
9428
39077
37249
37249
8659
7702
39148
37126
26310
37111
30025
6088
6088
34198
30701
30687
26310
38491
9165
38659
13039
21853
1211
11597
21847
1598
13034
12930
1147
11907
12457
12453
1482
30966
30952
33477
42488
42491
10573
20461
20461
20398
20399
26718
33046
26727
26727
26702
37088
34000
29975
29975
8859
8859
30659
5155
7165
26255
6099
26606
6209
33545
33545
33514
19658
1201
19658
21887
7178
7178
37370
7177
7177
7180
6251
6255
26782
5009
32816
32462
8367
35073
8296
33474
30952
2775
2775
2462
2871
19333
25098
2089
5501
956
36879
11939
22429
23524
2765
16889
17912
17909
17909
2765
14298
2524
14291
22368
14093
14093
16889
17121
2609
19015
10955
17236
14926
2705
14944
14942
15085
2460
4352
17255
17274
2458
17212
17233
17236
11936
16326
16351
34780
34806
34778
34780
34788
34788
8208
8208
8208
34676
33989
26145
26145
33434
30036
30036
30140
30218
30250
15242
8202
34872
34751
8211
34755
34533
34884
34737
32310
23768
34737
34843
34843
2775
2464
17306
7025
30019
37114
5563
5563
34293
26398
30218
39003
38757
38757
38759
38762
38842
38839
38855
38844
13510
13520
13521
19691
11535
20374
20473
20473
20403
20403
1566
30679
26215
5875
26583
6041
32693
32789
32792
6087
16443
1700
1702
13097
21982
13336
12921
12925
11540
13156
13141
21896
21896
19583
13160
11572
3047
18684
18682
2123
18189
36928
26694
34432
17797
17797
17797
17797
17797
17797
32157
38803
38803
9199
38905
9638
18694
18687
42987
10749
43009
43049
8123
7116
7131
30416
30485
30416
37111
18087
18097
34774
35754
27019
27019
35184
35180
35216
35210
35210
35203
35203
35172
35204
2003
2003
17166
4357
14438
17525
22496
2675
14394
2675
17546
16476
26772
6250
6250
7131
8123
8123
6250
8859
5130
5130
34039
29854
34039
26772
26772
30438
34044
29907
37075
26297
26297
37140
30114
26398
34234
9708
9866
40904
39230
39781
40941
9711
40941
40914
7711
40875
9700
41064
40846
9819
40144
9592
9856
40167
40052
6320
35834
35853
35853
35817
35810
35172
35172
19968
38889
38889
38897
8123
30543
30565
30572
8864
31939
8063
8063
7125
7121
6089
26093
29119
26089
6823
20326
10572
17797
11221
11221
41561
41543
10262
10307
10321
31543
31521
5736
5736
31687
7396
31685
7392
7363
31541
37687
37687
23281
35817
27026
6900
29572
29470
29579
29565
29586
25491
6925
33947
26042
29469
35572
10455
42125
42895
10462
10478
41749
10447
41752
41974
41750
42428
31554
31535
31558
6635
31553
7314
7239
6635
31512
32209
21781
1862
12813
12810
9628
39003
39003
38994
37276
7702
8657
5130
22823
2148
2129
15221
2642
17389
16530
16569
14457
14473
17646
19087
14620
16479
2651
2645
22714
22561
3130
38853
38853
9474
9472
9472
38873
38176
23723
2730
17852
23736
903
4357
17312
4357
17316
17868
10856
10856
39811
39812
39811
7311
31301
7311
37617
7308
7308
19154
17461
17421
20398
26314
7308
7308
7308
27014
7314
39808
40359
41038
36099
36117
36096
36189
27431
27431
36075
36208
37391
37398
9711
10135
41143
41080
41042
7714
8634
32830
36177
18273
2811
35005
39403
6553
25600
33629
25616
33942
34052
26158
26694
26305
6126
29934
35531
35715
22794
22794
15108
15108
19437
12766
26694
29953
35351
8399
35275
29953
36936
29541
6921
29553
21171
3869
3704
32256
3717
21185
21588
21561
18518
20399
42350
42328
42948
42899
42935
10339
10625
42076
10337
10459
41170
1489
1482
12492
314
35083
35137
29678
21560
3763
20421
20406
20406
3493
21082
3711
31221
37157
8340
35045
1480
42428
42418
42505
21992
248
19699
19699
1591
3043
21817
22003
31324
37617
33335
37617
7308
7308
9007
40413
40363
9883
38786
38176
1244
13028
13579
13017
11383
18087
8239
34834
34834
37668
3617
3793
12891
12849
12849
12982
12982
1218
246
12901
21803
20466
20473
20399
6281
5878
26850
6268
6255
26784
26799
6281
26926
29540
36966
6969
34120
5010
6119
5880
5880
6280
7183
30749
34120
30538
6978
26193
29802
6975
31512
14831
14868
14580
30478
19694
12987
3316
3316
12975
19601
16203
15502
4194
16168
16168
16168
10210
10155
41778
10452
42153
42824
10711
42197
41168
41169
41255
34044
1642
11459
21890
1182
1200
13150
40529
40400
40529
40423
9892
7711
7712
13448
13448
19519
13469
13526
42301
10524
42080
10548
41744
42259
42502
25516
5875
34640
23071
4771
4233
24835
24836
24839
24807
24807
24822
23066
23066
22091
15951
16021
16020
16021
1395
1708
4243
1708
23131
23130
24995
25017
4822
25040
25040
25040
4535
24870
3504
20416
21604
41969
10391
41969
41756
41979
13663
3095
1191
1191
11589
23048
23050
23051
22121
23025
20196
20196
15856
20154
20154
22078
23046
22083
23067
23067
4718
4810
24583
24584
24940
23106
22116
22121
22118
7498
17797
8405
35307
37453
37453
30438
30485
6089
30470
30478
30478
26193
26084
30538
34356
5002
2128
35742
35231
8367
2713
22853
17757
11138
1088
2172
17729
17717
15324
15335
31324
31324
31324
9007
33191
37522
35130
6514
6515
33629
6498
5337
7786
33257
6504
6026
25969
6027
31944
31961
31958
32985
7457
31985
31982
36289
13020
19511
19511
3262
214
7180
30998
14786
22699
18917
14995
2106
22670
22771
2709
16351
16352
11985
15173
15134
22799
15118
2131
17151
18943
18943
17836
16930
86
16930
17166
17151
17166
17151
17836
17146
17146
17146
215
16368
16368
23768
7178
7178
6131
34198
34198
7113
37102
37102
37102
37370
37370
37370
13359
13085
3938
42993
8202
20533
2130
15436
15436
15187
6522
6522
5936
5936
25721
25726
33694
7923
4950
36343
36343
27960
8693
28698
7267
33694
25632
28868
3571
3603
20609
27343
27431
15663
15684
15663
15673
15673
22993
15741
15741
15674
19881
19881
2253
2253
11817
11817
19295
11997
11997
2275
41752
10523
10242
17156
1244
14967
14967
19156
22755
22691
14789
19157
19157
14952
22739
15173
22738
14958
22741
4154
2098
2101
15000
24794
24928
23102
23102
16006
1402
1402
23089
20189
20189
286
16029
1362
12390
12390
1374
20126
12031
1376
12031
12423
20300
2337
16029
4213
15737
15737
15737
15732
15732
41479
10249
42056
42767
10753
42818
42818
42863
14730
15332
137
19253
1451
12423
12316
1474
16036
16036
1708
23128
19272
15407
15392
15373
41537
41440
10248
18584
18680
13432
20182
1402
20092
6088
41715
15064
896
22777
2126
34331
30361
27777
8904
7699
12078
15907
15933
23055
15933
15933
22087
7498
18816
40571
8634
10110
10033
20072
7113
1750
15176
19271
19272
21366
3723
10252
41528
10298
12663
24905
24888
24792
23127
15567
15567
12290
21366
36319
5945
35990
27361
25725
25726
25726
5048
12048
12049
12051
20086
16033
3995
1636
21884
21882
13114
11527
13120
13099
13105
13101
26320
6146
6146
6148
26721
6144
34435
37228
30368
30368
34311
30384
30384
34438
6148
19553
18949
1178
1178
19094
19094
13476
1721
12062
12059
15755
41302
19525
19528
59
19524
13537
1259
11661
11638
19783
11638
19222
11698
3334
18960
11679
1264
1159
13099
27457
27461
36024
5957
33263
5957
27860
5958
4836
25761
25655
36024
27452
4780
24843
24605
24608
24062
4738
6142
30273
37204
37204
6477
6542
28032
26008
33099
33099
25664
26016
6537
6537
32926
35990
27375
32906
35966
27281
33680
5340
36336
33286
41923
7125
37204
6477
10419
33708
33709
33235
33235
27828
27816
5899
5043
7462
28114
1071
23818
23958
41294
41338
41338
10151
42756
29784
4516
25983
19543
508
508
11370
19553
14566
199
11301
11412
17943
17156
10210
10210
26755
30393
30393
6245
26647
17166
17166
17166
11337
15872
2981
20718
39822
10307
41586
4727
24652
18654
23892
41752
8895
38971
37217
4782
3485
3547
20570
3556
3557
20571
20607
23279
25663
33670
25655
33934
33935
20659
39893
36336
4944
36050
24697
2131
16933
23467
27308
27296
4930
13612
13689
13682
13689
3259
18799
19135
18849
13621
13631
11370
508
19538
19538
4456
4456
24008
24370
13536
13537
13523
6029
33669
25044
25059
24741
24741
4712
22263
2495
19030
22230
1887
14108
22376
25894
27223
5282
8639
27343
35964
35962
35960
36118
27207
33838
33838
27207
35939
5968
35947
35947
27189
33825
25843
5985
27189
4007
4007
13563
19283
15196
15197
15196
17166
8178
8556
1726
1726
13539
32643
7566
28015
33680
1744
17599
17587
17597
3163
13753
20718
20718
20760
1138
1786
1065
18799
14408
10545
11349
1780
1128
22146
25727
9738
39968
41680
39816
9792
24452
24370
24370
4673
4673
24452
18710
32693
11154
11153
1127
11153
1447
1447
12291
12291
19873
1302
1302
1302
1302
15747
2272
27878
27878
10252
1296
19288
1295
3086
19288
12395
12395
12395
12384
1295
1296
1448
3086
12307
12307
14325
13732
23674
1788
7659
7659
27538
27538
33766
36336
33361
25770
36051
27552
36051
24751
24605
4712
4783
4712
24605
4738
24751
24751
4738
30114
30341
34326
34326
5592
28683
1445
1931
23415
2475
14314
2518
2512
14349
1799
1933
15623
2282
15623
2225
2312
2312
15881
15881
22999
2282
2282
1294
1294
18905
9897
40501
12388
12387
20150
10255
15754
2326
15724
2265
2326
2326
40517
42428
30390
26433
34226
26392
26382
26379
34322
2804
20646
3545
3545
3540
20639
4548
4548
4548
20661
20661
20659
6705
15881
12073
1388
1388
38987
11370
20760
27867
36295
25853
42724
42685
2265
7786
27804
27867
8178
25823
33237
25727
25727
27789
27854
27794
27794
25842
36282
36281
21018
14547
5983
30112
30112
30334
22496
14644
2546
16964
18723
14473
16620
22814
15413
15429
15440
15440
2199
15408
11098
2196
15392
22886
15423
22892
15417
2195
15429
15429
15430
15173
23662
2676
31
22496
86
14063
120
25842
4727
25824
15129
14952
25017
4788
20593
3560
3592
20760
20659
4750
20556
3532
4698
42605
20668
20639
20668
3540
20678
3592
20678
3551
20676
3558
20668
20668
20529
20528
20504
20528
20504
20659
27552
33806
4728
20584
20529
3531
3550
3558
6429
5307
20604
6288
26084
6051
6052
6434
25062
25044
25044
24053
4729
2684
20745
2412
26093
37038
29796
29796
6973
29460
20747
20606
20747
