92548
88338
88366
88338
92548
88392
88392
61385
88338
61629
88338
61704
79240
78907
61385
60854
61350
60854
61350
61629
60726
95400
95400
61385
60914
60770
61277
78335
61307
89336
88529
93233
47438
80402
93699
61279
62491
90357
79235
94775
60914
60698
60854
93699
61307
47438
61659
92529
93699
78335
82830
68462
88273
93667
62491
47311
47438
79235
85081
61277
61307
60770
47438
89664
77533
90576
89351
90576
93668
77554
61385
95713
60770
60726
78907
89336
85081
82830
47335
93325
95286
92529
56332
78335
93668
95707
60698
61009
47438
95285
88529
77502
95482
61436
61646
80402
95482
91160
91160
77533
93668
61909
91160
77502
90576
91163
91194
88273
77502
61385
89664
89351
80402
78784
77502
91194
91160
95285
95502
86074
79241
95715
90576
95285
91163
91163
88273
80402
80402
82830
95286
91160
47659
94991
61277
77533
89351
91160
47335
60770
91160
47438
77502
90576
61279
95286
55328
91163
94992
92803
61662
91160
89351
68462
91160
56344
92803
95707
61827
61909
91160
90576
94992
78784
56352
91160
47108
91160
91163
47438
91199
80402
91199
88273
95482
95707
56270
77502
95286
91163
91160
89351
91199
89664
80402
91163
60726
95285
93660
47311
61009
94991
61385
95285
91163
93640
95285
89351
55328
91163
61277
47659
91160
61436
60698
80402
55328
79241
47335
91163
60854
61452
80402
91160
60770
88273
89351
95286
92803
68462
91160
68462
91163
56332
85830
94992
56332
68462
93668
95286
56270
68462
95707
78784
86074
85081
47108
95713
77502
85081
91160
56352
91160
61886
77220
89351
88273
94992
56280
83591
68462
80402
61827
90578
85081
61886
80402
85081
49029
77220
85081
95285
85830
93660
56352
90578
77220
93664
95234
61385
95286
93640
56329
94991
93660
80402
85081
94992
55328
89664
89664
88273
80402
95285
95285
56280
87442
91160
91163
56301
49152
91160
94992
55328
90578
89351
61009
91163
88529
47659
95713
85233
89351
91163
56301
91160
92803
61009
83591
61277
89351
91160
91163
95286
91163
83591
77220
68462
91163
93649
57509
56352
49152
61886
93699
91160
80283
89351
91163
95707
47311
94992
61629
61452
95286
85081
60698
89351
93664
79240
95286
90578
49152
91160
89351
87442
91160
95286
49152
94992
60697
87442
46981
91160
62452
90576
91163
60668
89336
78784
93664
95482
90578
47659
57509
61385
91163
93631
94992
83591
93662
85081
79240
80402
93660
80402
93640
86074
95707
95713
61452
80283
47400
94992
91160
91160
93660
80283
94992
95713
87442
49152
56352
61648
80402
95285
61452
85081
87442
91163
91163
80402
68462
68462
80402
60770
88529
79240
79240
93699
85081
89336
93662
93779
62452
91160
85233
87442
95707
87442
68462
93699
76627
55412
87442
95286
93662
93640
80402
47335
77206
61648
95482
53660
52724
87442
68462
47400
85081
80402
91160
93664
49152
88273
61629
60675
56329
56352
93664
87442
53660
94992
94991
94991
76532
61856
93779
95713
93660
94992
94992
61648
91160
47206
90578
85081
94992
60668
57509
79240
87442
68462
93660
87442
61009
93779
68462
80283
87442
46981
91160
46981
93660
61629
93638
79240
93779
80283
76957
93779
91160
87442
79240
93322
85081
89336
91160
47587
61856
76532
88273
93233
77206
56301
93660
85233
90578
94992
88529
91160
61648
87442
47235
86076
93779
93660
93664
91160
89351
68462
86082
89351
93638
61629
68732
86081
61009
80402
60668
95713
95713
80283
87442
89664
94992
87442
68462
55412
65408
61648
91160
79240
61648
86076
76627
61648
91160
49152
68732
94992
93638
79240
91160
80283
68732
77206
60697
86711
93779
52724
85867
61648
80283
80402
79240
79240
49152
76532
80402
86082
80402
89336
87442
91160
61723
85233
79240
80283
55412
61648
60659
55412
95713
91160
76957
62452
91160
91160
62452
93664
77206
85867
52724
52724
61009
91160
86711
89336
61306
91160
47235
77206
86082
89342
80402
79240
91160
89351
79240
85081
85867
95590
61467
79240
89351
65408
86082
86081
77206
93664
91160
91160
61467
60774
65408
60675
91160
86076
61723
93779
47587
53660
47587
76912
80402
80402
87442
89351
77153
79240
80283
77533
89664
89336
79240
91160
93322
93322
61467
88529
91160
65021
47206
91160
61306
95590
77533
79240
91160
91160
80402
85867
80283
91160
62452
95590
89193
87442
79240
62452
49152
79866
89342
60659
89664
80283
86082
76912
91160
76912
77225
89336
80283
93664
76912
93196
93779
77077
93664
77225
88529
77225
89193
95590
77533
79866
87442
53660
89347
87442
89193
77225
80283
95590
68732
47587
95400
76912
60659
77533
86711
76912
76564
77077
62452
89351
61524
61525
47235
47600
79866
89342
47600
89664
61009
77153
78510
76627
77225
95571
89342
47600
68732
77077
80283
95590
79431
89347
61467
76564
76588
78554
52724
47235
88880
47587
86711
61749
62452
76627
76912
87442
49946
61525
47600
47600
89342
76588
65408
61749
87241
68732
53660
89351
94250
94250
80402
79431
86711
53660
79866
60774
53660
78510
60659
76588
61525
53660
94250
62452
61773
87442
47652
95400
60659
87241
76627
94250
95400
60974
52724
68732
83171
94441
79431
61349
61525
61525
65021
61749
87241
68732
53660
76588
95400
60574
47600
95400
76627
61525
62452
49946
49835
95400
61525
88880
87241
94441
79866
87133
79866
93196
47600
79866
47235
47537
89275
76588
94250
95571
61773
87442
53660
47600
47235
65021
88880
53479
68732
47652
77592
61773
47537
94440
94250
76588
87442
65021
53660
61349
79431
85471
87133
95400
95400
49835
60659
61525
88880
60633
60574
47235
77592
68732
62452
47235
89275
53479
68732
47537
76627
47537
60974
68732
87133
49835
93779
88880
93196
53479
94441
61773
76588
76588
53660
76588
77592
89275
86563
93622
53479
68732
79431
47621
94441
83171
95400
87133
77592
53479
88880
47621
60574
60574
68732
93622
86569
93622
94440
76627
95571
68732
53479
93196
79529
79866
79866
61773
68732
93196
90940
90554
47652
88880
85471
88880
76588
77592
77592
93196
88880
79431
47652
77592
89275
88880
93622
79431
82444
68732
89275
90554
60590
76588
88880
86563
79866
87133
60633
79529
79866
95247
93183
77592
79529
77592
47621
53483
90554
93622
95689
86563
76588
93779
82427
88880
76588
60633
93622
88880
93779
89001
87133
93622
94440
90940
79431
57459
89282
79866
79415
86569
90554
86569
60590
93196
85471
89001
88880
93779
79866
90554
93207
93183
82427
86563
79866
82427
93779
60574
60574
77592
79866
61773
53483
82444
76588
57459
79866
89001
93183
93207
90940
88651
86569
90554
90940
88880
53483
89282
47621
89282
88880
88880
93207
87442
79866
87442
79415
93207
90940
89282
82444
86569
56650
65408
89282
79415
93207
65408
86569
86569
89282
69619
79415
79866
88880
94250
90554
89282
47235
79464
88651
62244
89282
93183
89001
87442
79368
79866
87442
79866
61773
86569
95689
89282
82452
77278
69619
90154
89282
88639
94250
86569
65408
82443
82443
53483
82452
76204
89282
79866
86569
90940
90154
82443
93196
93183
91440
62244
79464
82443
90940
90154
47235
62244
65408
62244
62244
79866
93183
79464
90154
89282
86569
61773
62362
61773
79866
89282
79368
47235
89282
78855
78835
79866
82443
79529
91440
78835
90940
82452
62362
77278
82443
62244
90154
90940
88639
90154
61773
88639
82452
82452
79866
56650
84853
62244
77278
91440
89282
89282
91440
61765
61765
77278
79866
76204
90154
47024
49946
91440
49946
78835
62362
47108
86569
76204
78835
82443
82443
78855
47600
76209
90940
76209
62244
47393
60970
88639
76204
79529
79368
90940
62244
76265
91440
82452
47393
62362
78835
56650
61773
79368
84853
78855
76264
61773
79866
47024
47600
47393
88639
76209
84853
47024
60970
60970
47438
61765
47108
76317
47024
85067
76204
69512
77956
76209
79368
60774
61765
47024
47335
69677
76264
82443
47393
91070
91440
47199
60774
78835
47199
85067
61773
47199
60726
88621
91070
77956
76209
47438
47600
69677
47393
76209
76145
83424
47199
85067
47335
60970
47393
76317
69677
76145
69677
47024
91070
83424
77999
47600
47108
76265
47319
47335
47024
76145
77956
47438
84853
88621
47199
61765
83424
61765
84853
91070
91070
60774
47335
69512
60697
47335
88621
76317
47900
47600
47319
91070
69115
60774
83424
60774
60970
60697
47659
47327
77999
77956
83424
69677
76265
47108
83424
61765
87377
47319
88621
47438
47319
69115
69512
69677
77956
76317
76145
77051
76079
91070
60959
47327
76145
76317
87382
60959
60924
77051
47319
47659
48797
60924
87377
47791
83424
47900
47319
48797
83424
77956
60959
77051
60959
76450
60924
47327
60924
47327
87382
60623
76514
77956
76501
61658
76404
76501
77956
77802
62378
76145
77051
76902
47948
60959
60602
76145
77802
61093
76450
92850
69115
76356
60924
48797
76902
57316
87382
76407
60924
48674
61658
60959
62378
48089
60924
48674
77051
68625
68632
68632
77051
76501
60623
90926
57316
87382
60924
76450
68632
76356
76501
76044
92850
48674
47872
77802
48797
76514
77813
77931
76356
77813
82449
47923
60579
86473
77802
48797
86473
60602
92850
82449
76404
68625
76044
48674
76055
61127
76356
68632
76356
76501
76404
60623
68625
76450
77802
76514
76055
47872
48781
76407
68632
76089
48674
48089
77813
77802
48674
60579
92850
61232
68625
61127
60623
76501
86499
61691
77931
77931
86473
68632
86473
60602
75961
77802
90926
47934
92576
76148
76055
90926
76044
76220
48089
47872
76023
60602
60623
77995
77876
75714
75753
86499
61127
68632
47923
48674
68632
48781
90926
48737
82449
76023
77931
77876
48608
48089
76148
85601
76023
50871
61127
68625
48713
60602
48230
77995
76220
75753
48184
86606
76148
77876
60623
75753
86499
86606
75866
61232
76089
92576
60602
48737
75714
76356
61127
77876
48230
86499
95572
77995
85601
92587
61127
61691
76023
95601
48184
75714
76089
85757
77995
86499
76089
75866
68632
48230
75664
77876
95601
85757
85775
50871
48608
50871
92576
76023
77876
77876
61664
85757
76023
48608
76292
48608
48230
61664
86606
92587
48713
61664
95572
80380
76292
77509
76148
86499
48184
48184
48230
48184
48540
61691
77995
77509
61596
61596
94499
86606
75647
48230
76089
48608
61691
77995
48230
85601
77509
85757
48608
92587
76292
95601
77876
89131
95572
75664
91389
95601
77995
80380
48540
85775
79290
76498
50871
78083
85757
61664
89973
76089
75866
83106
89615
57340
85775
76369
94499
75866
75647
48608
94499
48362
87092
75664
89615
90387
50871
77995
79290
48713
83106
75835
80380
76498
76835
48540
78083
76369
57340
89973
86585
83106
87408
48362
95198
94499
89615
90387
57340
83106
79290
87092
75835
89131
50871
92495
90387
83106
89131
75647
89615
95198
88521
48761
89973
78083
80380
48362
88521
57340
80380
89131
77509
91389
89615
91389
92495
75664
90387
88521
87517
83106
78083
89973
48540
79290
76369
76498
75647
89131
86585
79290
48761
94499
48540
90387
48761
89973
48540
89973
76498
48540
78083
92495
78083
94499
90387
57340
48540
57340
57340
91389
79290
77509
76683
75533
76861
48761
76369
89615
83106
91389
83106
92495
48362
76790
76671
87092
89973
76683
87517
76861
48362
91389
89680
89131
87517
80936
56584
95507
89973
91047
83106
48540
77524
95198
91389
83106
87517
57340
76861
87092
89973
80993
75647
48761
86585
75533
48540
91047
48874
77524
94499
89934
48540
89680
49047
75283
92495
89615
89934
83536
77552
49047
75533
78177
85808
76671
76683
89680
89892
76683
76790
89680
89892
77509
77524
48874
49047
95507
91363
91047
89680
76683
90894
78177
80993
76790
87761
89892
48874
77524
89680
80936
83536
80993
77552
91363
76671
85808
75533
77524
83536
78206
85518
89934
48540
76861
87761
76861
89892
87761
48940
77524
48798
48734
91363
49047
89892
83536
76790
80936
75283
80993
77524
75283
77524
89934
78177
48734
49047
56584
77524
75256
90894
80993
49047
75283
76861
89680
85518
77524
77552
95507
95507
90894
49047
87761
76683
87761
78177
56584
76861
77452
56584
89934
48874
76790
74649
94738
76659
76683
83536
77552
48940
76861
91047
89934
76683
94975
77524
76683
75283
48940
89680
49047
80936
75049
89892
76861
91363
90894
82071
75283
75432
48798
70462
48874
88116
49047
93256
49047
75256
85805
91249
83200
85111
48940
76659
85518
89934
80993
89934
83200
85518
48734
80062
75049
91363
89680
83536
91363
77452
75283
48798
49047
48940
87761
89420
76861
83449
74731
93256
75432
93256
88116
83449
76659
94738
80936
76659
90894
77552
77452
90894
55484
70462
89892
94738
82071
75432
91249
82071
88116
94975
90894
91249
90894
82071
92786
91503
80062
55251
75049
89934
94617
55484
83200
85111
74649
74964
55484
83449
80062
86341
86341
85805
83200
70462
70462
70462
89420
74649
76659
77452
91249
75049
48940
74964
93256
75432
75432
88116
85805
77552
85111
83449
86341
55251
94738
55251
89420
94617
83200
94738
91503
94975
74964
85111
55484
94975
90894
90894
75432
80062
92786
88116
82071
70462
93256
89420
80062
70462
94617
86341
93256
55251
80062
88116
85805
74964
54299
89420
77452
55251
92786
80062
75432
82071
80777
94738
91249
77452
70462
91503
89420
94738
83200
74557
91249
74731
88116
70462
76659
86341
85805
55484
75049
89420
55251
91249
74649
80062
85320
86488
80062
88202
83200
92786
94975
88202
80766
85111
54299
80766
85111
85320
75432
80777
91503
80062
94738
54299
89420
80757
90894
94975
91249
80062
90894
91503
85805
90272
80766
55251
75364
86488
64711
94866
70462
87913
77550
85111
85805
74592
80757
55484
91249
88202
74964
88116
86341
55484
87667
75364
74731
75049
80757
89420
90830
86341
90830
80777
83200
94866
87913
86488
64711
66024
88214
80062
94866
88202
80777
80766
74249
74546
84869
70462
71404
80777
64466
88202
87907
77550
84869
90272
80766
75364
64711
80757
85320
64219
64466
87667
86488
85320
85320
88214
55251
77550
74557
66024
87667
90280
90830
74249
77550
66024
87732
90280
75364
74557
90152
90152
88202
66024
84869
64711
87913
94866
90152
86488
88214
87732
80766
64219
94866
84869
85320
74592
87732
75092
64711
83200
90272
84869
90152
80766
80766
64219
75364
75364
74546
88214
94866
88214
90152
80777
80757
74557
80793
91392
80766
75364
64711
88202
86488
90830
87907
87732
88202
87667
84869
90152
90152
71404
90830
75155
74557
66024
71404
74136
74546
93693
75155
65180
71404
89455
75364
84869
89528
64219
87732
80766
89468
74557
74592
64466
80793
74592
89468
90727
88214
74546
64711
87732
74546
93693
66024
80766
64711
80766
90152
90830
90713
90152
91481
64219
75155
64219
91392
75364
91481
90713
80766
89528
64466
90713
74480
68790
89455
73636
90727
64140
74546
91392
80793
64140
88214
89528
74708
84869
64274
74592
89468
65954
74480
73605
68790
89468
65180
89455
87732
87732
65214
64711
91392
74708
79114
74708
90168
65180
64219
90713
64219
87667
74136
90699
90168
74510
90727
84869
68790
80766
64436
90713
91392
75153
73636
80766
74510
74480
75099
64436
65180
80793
74136
90727
65954
73636
90168
93693
74480
65954
68790
93693
64436
63863
74480
90713
75364
74480
79114
68790
89468
73605
63863
80766
63521
90168
74480
63863
64274
64140
91539
80766
80766
65180
68790
65214
91392
64274
64274
90727
89528
68790
75099
89063
91392
65954
90713
74888
74510
68790
64081
80766
90699
80793
75572
63863
90699
91545
75153
74510
64274
79114
74888
89063
73107
74920
89307
73107
63863
65954
80766
65180
64436
64274
88072
73734
62733
73682
73734
75153
75572
64274
74920
68790
64274
90727
74920
64140
65954
74482
75513
90168
72855
68790
89307
90739
75572
64274
89063
91539
74482
73734
63977
73682
63866
91545
93733
71145
63521
89307
79114
63977
71145
90739
90739
63977
63866
75153
73682
63614
73107
93733
73682
64025
80793
63614
73107
88072
91539
75572
80766
89063
73537
73537
88072
73734
63521
63977
64025
71145
62733
74482
63977
74920
72855
62733
71145
90739
62733
73686
63521
75513
64025
74482
64081
64016
63614
74920
93733
64016
75513
63371
71145
64025
71145
75153
73931
73686
91529
73107
73931
75153
63518
63521
80793
88200
91539
73734
62733
90699
74482
63977
75572
73537
89068
64081
71145
73686
63614
91529
89068
73772
73686
73734
63371
73107
83991
73686
75403
91529
73931
73686
89068
73772
88072
63977
64016
71145
72855
71145
62733
72215
63371
74482
87193
89068
73734
71145
87193
74010
64081
88200
87193
64025
64706
91529
75000
72204
63518
88072
75403
62736
83991
64246
73686
91529
91529
73686
64706
89068
73772
62736
64167
64167
63518
88200
88200
87193
73772
75403
64167
73772
62733
71145
74010
73686
73686
73686
63371
73772
75513
64167
63244
75513
73772
64167
85342
83991
72139
64706
91529
88200
74617
64167
73931
64706
89068
74103
75403
64706
74010
75312
72144
87193
81248
89068
89068
75000
73931
81248
75075
73686
63518
63518
64246
73686
62736
88200
73686
85342
81248
81248
74373
89068
89068
74617
63371
73711
62770
64167
85342
63518
75403
63609
73686
64167
75513
75312
73772
72215
74617
73711
72139
83991
64706
73931
73772
73682
75075
74617
74617
88200
63518
64706
63518
87193
63230
87193
74373
83991
89068
75312
87193
73899
62736
62733
75403
63508
73686
87193
72204
75312
63518
89068
63508
75075
63518
73682
75075
73711
73931
63609
75170
87169
63518
85342
89068
72230
81248
73931
63230
73327
89068
89068
73686
63508
87169
63609
75000
75312
75312
72230
75170
75170
63518
87169
63598
87169
63598
75170
73686
75566
74172
87193
73711
63609
75075
62733
63007
87193
72204
73931
63508
63518
62770
87169
63609
64167
63518
75075
63518
75312
91525
87191
89068
63669
73711
83991
79114
87169
73931
73853
89068
73899
62819
93733
63007
83991
83991
63609
63669
89068
73931
75075
75170
87193
88167
63518
63518
89068
73391
91525
88200
62733
75170
63508
73327
63598
63508
74055
73931
62819
93733
87169
89068
75170
63518
73899
75566
87169
73931
87169
63508
75170
90203
88200
75434
89564
62733
63518
74172
62733
63609
72655
79114
75170
73853
75434
74373
89564
89564
63007
90203
87191
90203
63518
72249
73711
63508
72249
63669
87191
63518
63007
74055
74055
88167
75170
73931
63508
63598
73711
87191
79114
89068
74172
75178
89564
73899
63518
73327
89068
90203
62819
73327
72249
62733
74055
63518
74373
91392
75434
88167
88167
73931
63007
72655
88167
63508
63518
93733
73711
63511
63511
73285
87191
89528
91392
89068
63518
74055
74055
71730
90203
74510
63511
88167
73711
89068
63866
74373
63511
68742
89068
88509
62926
74510
89063
88167
74136
72249
62926
75178
65954
65954
74055
74136
75434
72249
90203
89068
73711
73711
72697
73931
71730
94511
63518
74373
89068
73711
73285
72459
63518
62926
91392
63518
87191
74510
88167
63511
74588
74136
63511
93733
87874
74055
75423
75228
65954
89564
63866
63518
72697
91392
71972
73772
63026
90699
63589
86366
74588
73931
94511
89068
74510
63511
91392
71972
63518
89068
74167
89063
63866
75423
62926
93733
63511
75178
68742
87874
74136
73510
74167
74489
90699
63511
89528
84869
63841
89063
89063
88010
86430
87874
62926
74136
75228
63511
88010
68742
73510
74167
88509
74167
75178
75178
63026
94081
74510
86430
90739
89541
75423
94511
74990
74167
85439
88431
89468
88625
73931
71972
75228
85536
63511
71972
64124
93524
90804
64700
74167
74489
88010
63866
64167
91479
91479
90739
74923
64078
74731
64078
94607
85439
90804
73931
63511
74923
88431
88010
64167
88625
90869
93904
84869
86366
86430
88431
74990
86366
73772
64167
89468
64700
65235
85536
63863
86430
94607
75155
64700
75155
84869
88625
90869
90869
88625
94607
75155
64124
75181
84869
89863
74835
74835
74167
69541
89468
93524
71972
74731
94081
91479
75155
89541
90869
71972
91179
86366
90293
74990
74697
64078
74990
64700
82398
88625
64700
74293
91179
88431
65235
90804
73959
88010
90804
90072
86430
94866
69541
64130
88010
57008
74167
75181
64700
90072
65180
74990
88288
84869
90804
90712
93904
90973
90072
74697
86766
74731
64130
82398
94601
74697
91573
90712
94866
88421
88421
74167
91479
83200
94866
64130
89863
74697
90712
86766
90293
93385
82398
82398
86766
93385
90072
91573
90072
88288
93385
75181
88421
75155
75387
85439
75155
94866
75181
75181
64700
93904
85194
88421
65180
93385
74888
75155
75387
75181
85320
64140
93385
85194
94601
91479
90695
57008
75387
80793
75181
90770
90973
74697
90894
93385
79170
88421
88421
75181
74293
91573
85194
79170
49120
90878
77384
90072
83200
93411
94601
64142
93411
90770
64140
75446
49648
94866
75155
87409
75181
64142
87761
75181
90695
90695
75446
77384
77384
89863
93385
93385
80793
82328
83816
83697
75446
90695
90072
86766
93385
90894
90878
90436
84363
85320
93246
87409
91573
75387
77384
82328
91573
88421
52168
90072
82398
75181
83791
56947
82328
87913
80766
77384
49648
89863
93246
75387
93411
93411
80793
83697
64142
78767
77390
87761
90436
83791
87761
79581
95288
78767
89014
83791
83816
93246
76869
83697
79581
87913
75181
77384
87913
83697
89014
65528
77384
49648
82328
65527
90894
49648
77384
80766
82328
65527
89890
83791
87409
75446
90124
90894
78767
49648
87913
48395
76869
49120
82342
78767
83697
95288
77384
94918
77384
76869
78767
87913
75387
65528
83791
95288
80766
49648
89014
84363
87761
83783
83791
77384
83791
90436
79581
87761
80766
95288
90878
87913
90147
71579
83816
79581
82557
80766
95288
81639
83791
93246
48940
83783
83816
90147
90894
95288
94558
90124
82557
70969
70969
83697
76869
48395
76869
77390
82071
83783
67040
89890
67040
48395
83783
77552
48940
87913
52168
83783
82071
89014
65528
81211
82071
78767
81211
82182
80404
65527
83783
82071
87761
80766
52168
68047
48395
76888
94884
71579
90124
82045
91777
80936
94884
83783
83802
67988
83802
83802
94884
88587
82071
94558
48395
82071
81639
70780
76869
90124
81211
70780
52168
83783
95146
90147
85162
67988
81639
83783
48761
48395
82557
95159
90147
70780
76888
94558
67040
52347
80936
70969
87761
82071
70969
83783
83783
67770
89947
86459
76790
52347
52168
67988
82557
48761
52347
76790
83802
94794
52168
48395
94918
78384
68047
71579
88290
76790
51887
68247
52168
94558
68110
88587
67040
91030
82480
94794
48761
82071
51953
83802
81639
94884
94884
48761
76790
95146
90089
48761
82071
52341
80650
79581
82557
86459
90089
83783
91030
67834
70767
76790
94884
86459
81639
91030
95161
86459
71499
95161
81523
95159
71733
78384
71499
94853
95159
95159
86459
91089
80650
94853
80650
82480
67834
48761
82045
51887
78384
86459
58846
85162
86459
94884
52341
89947
67770
48761
94853
70767
58846
58846
68247
66364
52341
95159
51953
67770
68247
81523
88290
67988
91089
52341
76790
67827
95159
71004
95159
91030
89958
94853
78384
68110
91030
58846
91030
81523
57113
59157
68110
48761
70767
91030
76790
71733
76790
67834
68110
86459
48761
62343
91030
71733
68247
67468
52341
90022
85605
70767
90864
90089
51953
95159
86459
78459
91030
67468
83000
78384
90022
48761
95159
48761
51887
94853
78384
58846
59157
94884
76790
48761
67770
57113
94853
51953
90022
83000
81417
66364
58846
94853
86459
57113
78459
51887
90864
86459
67565
95159
69650
62343
67834
85518
71004
81417
79518
94853
58846
51953
62343
95159
90351
58846
85605
90864
69650
95465
95159
91030
67468
52341
48608
90022
68110
68110
70812
83128
95465
57113
79518
92973
71733
71499
92973
67834
81417
81523
51422
86120
67930
71499
76790
66364
68110
58846
52121
67827
52584
90864
67834
90351
67834
59157
54422
52233
95465
69650
90351
48608
70812
54422
52584
67468
59157
79281
66702
67577
94853
81417
83000
48608
68110
90409
79281
79281
66438
95465
94853
69650
58846
80245
95465
79281
52121
58846
69650
67668
95159
78459
90351
95465
54422
79281
69650
48608
51802
86909
90351
67668
58846
83000
52233
67930
70193
85518
70812
52121
95149
79281
51802
52384
58589
83054
67668
52584
90864
80245
79281
83128
86560
71499
92973
86909
52050
71117
81551
52233
48608
68110
81417
52384
54422
60402
81595
58589
52584
78961
60305
81595
66438
67577
70193
90864
66438
48608
93345
95465
90351
51422
69650
85601
66702
95465
79281
52095
51492
80245
66238
79281
60402
52584
65562
86560
70193
70193
54131
95465
68122
52584
78961
60402
79281
67179
90351
52095
68122
90409
95149
52552
67942
90409
79281
95465
90864
48608
52095
68122
51259
70193
93345
66277
70091
52552
66883
51492
67577
60305
89030
78961
81595
71117
79281
54422
68122
60402
90409
81551
95149
66438
95314
58589
66438
54131
95314
66438
68122
54422
67216
93345
60305
86560
52095
66438
66438
54422
79281
68122
83054
79807
93345
52552
81551
52552
67616
79807
92973
71117
51259
67942
70091
52233
71117
94905
67577
78961
95562
52050
52552
65562
54131
68122
68122
67942
80451
93345
54422
79301
52050
69325
79807
81610
80245
81551
67216
66883
54131
78961
93345
90409
67216
69325
95602
66883
83054
86560
51924
81595
86560
62650
71117
67216
95602
80451
65562
51492
86983
50600
68122
67216
52552
67907
51945
78961
95562
52552
90409
52095
89070
51387
60358
94752
93345
66783
60305
93550
52095
54422
54131
89030
60402
58283
54422
95562
52095
80451
89030
81610
86983
75653
54131
95149
88484
71117
70091
81595
93550
81595
51476
67216
80451
79807
67216
52552
81551
94752
53531
62650
51387
70326
70326
62650
51387
66783
80786
53718
94752
69228
81610
66549
80756
93550
69325
67104
94905
69325
75653
69325
65639
70326
50600
53718
69325
95562
69228
58445
62650
75653
51924
51752
95602
53531
69228
52407
55866
55684
51945
93550
51924
69228
94962
95562
51387
62650
66783
81551
68067
80451
66783
55866
94905
53718
86983
80756
89070
81610
52407
93550
62258
52078
68453
50600
81610
51945
65639
82084
82084
62650
69325
51387
55308
45495
45368
66783
53718
68067
45248
53718
44921
69325
51387
93550
58283
60358
56150
94092
81610
93459
93459
80756
94092
51387
51476
66783
51945
55294
81610
80756
69325
53531
45615
51945
45495
69325
75653
66667
89053
82204
93550
51387
62650
55294
53718
66783
56150
80756
45368
56178
65639
89258
51387
62650
51387
69325
94905
69325
69325
69325
51684
69228
82204
94962
45248
80756
51924
66667
62650
80756
80756
62650
53718
66783
44921
65639
56178
67473
93459
55283
56178
58283
58283
94092
51945
45368
93459
93550
93459
90550
65639
56178
69325
66717
51663
58283
57722
51134
57885
82084
81610
51945
66783
88873
53718
87558
55866
55835
64917
45248
66717
68067
89053
89053
55684
90550
88873
87558
59857
51868
53744
66783
57885
67792
94962
49953
51945
55835
66783
66717
87558
79797
51668
80756
54101
51945
94905
52081
85454
53744
65639
53744
89053
85454
64917
94905
51625
55590
44904
66783
33768
59857
61979
59857
87558
57885
87558
54074
59508
56178
69325
44497
51924
51924
51668
94962
85454
87558
53744
88873
90550
89053
67792
49953
45495
53744
79797
54074
87558
45368
66667
93674
57885
67792
56178
69325
54074
87558
43202
33768
55590
53744
59508
45495
51134
51625
66667
53744
67792
57391
46119
90550
79797
88873
51945
94962
87558
66667
44497
51668
33768
68956
57885
52199
66783
49953
57391
59508
67792
90550
94962
85454
57722
57722
55590
66783
51668
32535
57391
66783
57391
93674
49953
94962
53744
59857
43202
55590
87894
51625
49953
53741
90550
54074
54074
94905
93674
57391
93570
88873
66667
55590
57391
51868
46119
51668
66783
57882
69989
57391
68956
90550
49953
61979
46119
68067
32499
44904
57391
57884
46119
93570
79797
66783
49626
49953
53744
68956
93570
88578
46119
69989
67787
53721
51625
67787
79797
53721
69989
88873
87894
68956
66783
49953
69989
57722
32499
49847
66783
55190
79797
57391
58120
66783
61979
61979
89053
49953
44703
44474
32535
52199
68956
49847
69989
51625
89053
79797
55590
69989
49847
66783
61979
68067
71384
67787
62210
53744
94962
62149
94962
32535
57882
68956
44474
53721
53721
54008
88873
67787
57391
55590
89053
53741
68995
68995
68995
66783
94962
32535
44703
49847
62028
53721
68956
66783
49626
79797
66783
66783
51477
32537
68067
67787
62028
93570
32535
32535
49847
62149
54008
69989
68995
55242
51602
54008
88578
58120
67787
33642
66783
44830
53721
89053
57882
53741
33642
66783
66783
66783
27000
53721
44474
32499
57722
32499
87894
41092
68067
49847
66783
57687
95581
62149
53721
62149
93570
54008
32432
62149
93570
33642
67787
66783
68995
87894
51477
62028
88578
66783
58136
62028
71384
55190
62028
93674
88873
53721
33642
68246
93570
67787
54008
88578
49847
55190
27000
33642
42912
94962
32537
44703
51602
95581
33642
41092
41092
14064
27000
93570
66667
66667
34766
51602
51477
62028
42912
88578
34766
27000
32537
32432
87894
67787
42912
94962
88578
59867
94962
93570
69040
69040
94962
71384
87894
93570
53721
68739
68691
68691
44830
68739
44703
59867
88873
93570
88578
44830
14064
67616
51477
42912
44703
27000
93674
62184
94962
67787
14068
32432
51477
69040
55607
44474
68691
34766
55190
44830
94962
60066
57687
88873
42912
55190
14064
66667
67616
94962
94962
58120
55607
69040
33642
42912
41092
66667
32432
33642
27000
68691
51477
55190
88578
66783
69040
51602
94962
42912
68067
68246
42912
67616
51477
57687
14064
78445
62184
42912
27000
88873
14064
41092
53721
95581
14064
62609
66783
51477
93674
93570
87894
14064
32466
55190
34766
62184
55607
62184
92894
53721
42912
69988
41092
51465
60066
68739
52081
93570
55607
44703
52081
14064
15683
66783
51477
66667
78445
51477
57687
66783
60066
32432
67616
66783
43568
49827
66783
49827
55607
78445
68246
14068
14064
51465
31518
67616
14028
69988
41175
14064
68739
66667
32432
41828
41889
95581
43568
88873
27013
34714
93570
62609
55190
52081
31518
93674
88873
57687
42912
34935
14201
66667
68067
62126
66783
62184
87894
55190
34714
60066
55607
93570
95581
87894
68246
62615
68067
68739
71384
49827
58136
52081
55598
68705
78445
14068
55835
95581
49827
52081
14068
59933
51477
59933
87894
14201
31518
66783
68739
68705
55607
32466
66783
51477
41175
14028
68739
55835
60066
67616
52081
15683
51477
66783
78445
41828
49827
69988
14068
14201
93674
66783
69988
51465
27013
60066
93570
92894
27013
66783
93570
78445
68739
41828
88873
93687
41175
52081
14028
62615
67616
95581
67616
68705
41889
68739
62126
31518
34935
51465
31518
14201
87894
67616
55598
31518
95581
71854
67616
67616
67616
66783
71384
15683
60460
69940
14028
82374
62126
93570
68739
95581
41621
67616
95581
41889
55835
68739
15683
13738
49827
68739
69988
93570
93687
34714
95581
41621
62143
31518
66783
41175
51465
14694
67616
55607
68067
71854
67616
78445
51465
95581
78445
87894
14028
51465
62615
34935
67616
68705
62143
88701
82374
94962
92414
68067
55607
60460
93674
14028
67616
88873
55835
59933
55607
78445
59933
88247
13813
57687
41828
27013
71854
78445
41863
68739
41621
68067
55190
90451
55598
49827
90448
90463
90448
69940
92414
41863
49672
54359
31518
90463
93690
34720
94962
55607
95581
87961
90033
41621
90448
90451
93674
95581
95581
87961
88247
94962
95581
87961
60460
90451
68067
93674
90448
94962
87961
94962
90033
55607
90463
90463
54359
90448
95581
60537
14694
13799
52069
90448
93345
34935
87955
54359
41889
15683
90474
90451
90451
90474
54359
93345
57687
92414
54359
52069
90463
90463
90448
88701
49672
94962
41621
69940
95581
90463
87955
88247
90463
87955
55598
13813
87955
13738
93690
71854
95581
55835
56404
88247
90451
82374
49827
94962
93674
87955
90451
88247
55607
88247
87955
90474
69940
80412
88247
84649
87955
92414
55607
90448
94962
13738
87955
41621
78445
87955
62143
90451
85196
90463
13977
90451
88247
84649
57535
84649
93687
43590
95581
90451
95581
55835
90463
90463
94962
90474
94962
87955
13799
78445
93687
57535
90448
34650
62143
93674
90448
55607
90463
13977
55835
80412
57687
87955
13799
87955
57295
93345
84649
43590
84649
90474
78445
13813
60537
93674
88873
55835
94962
93687
94962
94962
95581
87955
95581
90451
93674
90474
95620
69940
90451
95620
90463
57535
78445
41889
90451
84649
90451
49672
56023
88247
14694
94962
52069
78445
60537
90451
88701
84649
55835
90474
91108
88247
93343
52069
90448
54359
94013
88247
94962
88247
41640
84649
71854
84649
90474
34720
95623
90451
92256
34650
84699
93674
31903
85196
56404
94013
13977
80412
56404
92256
13977
95623
91108
87955
87955
92256
92414
41640
91108
88247
78445
95620
55607
94962
90448
93674
95623
93674
95623
87955
91108
84013
90451
95623
88873
13813
94962
90474
88247
84699
91108
13738
34650
94962
55835
87955
91108
91026
95620
90463
93674
41863
87955
54359
56023
13738
88247
87955
90463
13738
95623
84636
87955
56404
88873
43590
95623
84649
87955
41640
31903
95623
95623
93674
95623
93674
92256
55607
90474
88247
95623
90474
87955
88247
87955
93343
88873
93687
88873
94962
92256
84636
85196
93687
87955
49672
92256
91108
56404
85883
55835
91121
94962
95620
87955
80412
92414
84649
84636
95620
94962
93674
62393
84649
90474
95623
49672
93462
57535
91739
90463
92414
91735
95623
91739
85883
85196
91026
87955
95620
41640
56023
78445
14694
95353
92256
92920
43590
90448
93674
43590
93674
95353
84699
91744
91735
84649
93674
95353
95353
94064
90463
94962
84636
91744
62606
60225
95353
57535
95623
84649
85882
95353
78445
94064
13738
90463
87955
84790
84699
87955
95623
91739
13813
87955
85883
91744
80412
34650
94013
93462
31903
67616
90463
52069
95358
91739
91744
90474
95620
92256
85883
78445
62531
91738
87955
84649
90451
91744
90448
78445
84649
95353
56023
93687
84699
95623
92920
57295
90448
93687
92920
91744
84649
93687
93343
84649
87955
60537
94962
95358
56023
13738
84649
90463
84636
31903
90463
31903
91728
90463
91739
56023
56404
85882
91695
91744
84630
94962
91728
87955
94962
13799
95621
95621
94962
90463
85883
94962
95353
84636
84649
14702
62606
93687
91739
94013
94700
88873
92414
56023
95623
92920
62606
60225
91738
62393
56404
90463
84678
91738
84649
13500
84649
95353
55835
84630
41640
94700
95621
92256
94962
94962
84013
91696
93009
41640
91026
91744
93009
93009
83860
85882
89362
85196
90463
95358
90451
84636
55835
93687
91739
84591
91026
84699
78445
84699
92414
84699
92920
94962
93055
62673
91695
95353
92920
83860
84591
65781
95358
93462
56023
84649
95353
95623
91738
91696
14694
86594
95358
93021
93687
95358
34355
43590
41640
95358
85409
95620
93055
40394
93687
91696
14702
94962
78445
78445
84013
84678
95623
84537
95623
84013
94629
90463
93009
54475
93021
78445
84678
91695
84636
56713
86594
92414
91738
86836
56713
94472
93009
95620
84636
85196
91656
90463
89362
45889
92920
95620
94962
91739
95623
31903
91744
90451
84649
93009
94962
95353
93462
67616
95621
56404
84649
78445
91684
62531
95353
93674
95620
62673
67616
84682
84636
83860
56713
60225
79210
85409
94629
92256
92920
84678
56522
86836
91738
92920
83860
93021
13738
85196
79210
91656
91656
94629
94700
94629
84649
13500
83860
79210
83860
84790
85409
94962
94700
95620
67616
94700
91667
13813
93055
84678
92920
93459
89358
94700
91713
83860
84646
55835
92256
95358
93055
31903
78445
93009
62531
94472
92325
13908
83860
95612
79210
91738
83860
93462
62673
84678
62531
83860
93021
95618
94629
93021
84646
94962
91656
84636
89358
79210
93021
84678
94629
83860
68739
64917
56713
91707
91713
86836
95612
40394
79210
93674
92256
91713
67616
84682
84701
94700
83860
84701
84646
93550
91707
94700
56713
84682
14702
55835
84531
91656
93550
67616
62531
79201
94629
91744
84625
94962
56404
92414
93022
93687
82374
54475
91707
85409
93459
93687
40394
95582
64917
91713
95620
84649
34355
84646
93021
91707
93021
84682
93021
84013
68067
83860
95582
45889
54475
79210
56713
91707
34355
84701
94472
83860
91707
62531
93022
83860
94472
56713
13538
62604
94629
84682
95612
84682
84646
79789
91701
91656
62531
13538
95612
84625
55835
64917
91713
92414
84531
93550
65781
93981
79210
95618
94962
94700
56404
92414
86415
62604
13908
94629
31903
64917
67616
56522
94472
55835
94628
93022
93021
91744
94472
68067
95618
55835
93021
83860
93674
95612
34355
95618
91707
91707
41640
84625
84625
84682
84013
91701
13500
92325
93674
91707
94064
65541
93021
56713
91701
62531
62673
91701
95612
84646
53307
13908
79201
85399
84701
91707
86415
84682
92414
94629
93462
95618
92414
94472
93021
94962
91713
68067
91707
64917
14702
94629
64917
79210
84625
79201
91701
92256
94472
55835
94629
40394
94962
84178
84013
93021
84701
92414
62604
52058
56522
62531
95612
94472
14449
13538
68739
64917
91679
54475
95612
93021
94700
86415
93021
91707
94472
14702
84701
91701
34593
84178
94472
84636
89831
78445
56522
91707
67616
64917
56522
91667
91667
95618
62673
55835
56713
94064
89831
84531
93021
93021
93021
89831
94629
93021
91713
84682
68067
71823
55835
93021
87414
93687
91667
92256
84701
79789
87414
84682
93021
68067
86415
84701
94629
84682
93674
94629
94962
55835
45889
79201
84701
85399
84682
86415
94472
91707
93687
94472
93021
91707
91667
68067
91679
95612
91707
68739
84682
86415
62604
94472
91713
13908
67616
86415
56522
53307
40394
94472
84682
93979
94472
94628
65103
69515
94472
93021
94003
13538
84701
93979
84178
91713
71823
94962
55835
13442
52058
86415
56404
93687
62531
94472
94629
68739
94962
13538
94003
84625
91679
84178
93021
34593
68739
92414
94472
84701
93550
93022
93022
64917
55835
94472
94629
55835
14702
89831
93021
85399
94472
84531
93687
94064
64917
84701
92256
93021
93021
94962
13538
65320
93893
52058
95582
56522
84531
91679
93021
92414
93979
91679
93674
94962
56522
84701
86415
52058
94064
92402
54475
45889
86415
93021
31903
95582
56404
94629
89134
93022
91707
94629
50761
94629
91658
91707
94962
94472
55835
45889
92414
93459
52058
65127
68067
92414
40394
68739
84701
93893
84514
89831
62531
54475
84013
84178
54475
82374
65541
40394
92414
93021
93861
42587
93674
93459
55835
64917
65320
13908
55835
53051
93550
91707
84665
84701
92415
92325
94629
91650
34355
93893
94472
64917
94472
92414
91679
56522
56404
94962
93570
69515
65127
42780
69515
93459
64917
92402
93979
69515
92256
89400
25864
85407
34593
91650
68739
91658
92473
55835
92402
55835
94629
93893
54475
79789
82374
62604
92473
94472
55835
91632
62650
40394
53051
64917
84701
84682
82374
64917
68067
84682
93889
91658
94003
92414
84533
89400
53741
69515
52058
94003
56404
34355
52058
91707
84682
92473
94472
65320
92402
84533
68067
93861
94472
14121
93861
92325
14449
94472
94472
93550
93570
64917
14702
93459
45889
53741
45889
94003
93893
62673
62604
92402
89400
14139
92414
92414
94003
93022
94472
31150
94962
93459
93893
92402
13442
62604
93550
93979
69515
89134
92256
91658
54475
94629
92415
94629
54475
89134
55835
62650
92402
69515
56522
84514
92415
53741
91632
52058
82374
65103
62650
92325
89134
84554
93570
94962
62650
84665
84514
89134
52058
93459
88578
65338
94962
91632
93976
69525
93889
34355
65103
53741
92402
82644
55835
93893
14121
34593
69515
14121
89134
62650
79789
92256
89407
95344
93869
62531
93979
40394
42780
53741
93459
53741
94629
84665
62604
93570
69515
93893
65338
89134
92414
62604
94962
55835
62604
65320
92402
93893
50761
93570
53051
84665
91602
62650
56404
68067
53307
93570
53051
55835
91658
92415
65338
79789
92415
82374
91632
91602
93896
82644
92325
14139
93893
93878
68067
93570
91634
91602
53741
31150
89407
93979
62650
84533
93893
54475
69515
53741
84451
34593
93459
52058
54475
62604
62650
42660
93893
14449
89134
88578
92402
93570
42765
34355
93979
53741
94003
40394
53741
42765
93459
84477
91592
92402
42397
91602
92414
94629
88578
84488
93076
62604
42345
92414
88578
93878
91412
65338
31150
91602
50761
92325
92256
93893
62650
71823
89406
94962
69515
92415
42660
94962
55835
82374
84585
93896
93878
94962
93869
42397
62650
55835
82644
88578
42587
93076
52058
91412
69525
93570
91592
84477
91634
88578
62604
84477
93893
40394
84488
53741
84665
87689
54475
31150
84477
94838
34593
92402
93570
84665
62650
62604
92414
92414
92402
53741
93869
31150
82374
93459
84574
82644
84451
89407
84451
89406
31150
13442
91634
79789
25864
93090
88578
88578
53051
92394
14449
53741
92402
91602
42780
95583
14121
69515
53051
14139
55835
93878
55835
55835
84488
54475
92256
91602
91592
93459
92402
45889
94962
88578
62604
69525
84665
14139
93090
92414
87689
42587
92394
64917
34593
93893
53741
45889
93893
64917
91602
88578
42765
62604
14420
84608
88578
62604
82644
93896
95538
42397
55835
40394
93345
31150
84477
42765
95583
91412
79789
64917
88578
88870
62604
91634
42660
92256
94587
53051
92394
88870
84477
92325
28165
84608
91592
42345
82374
85983
53307
92402
91634
93459
94838
91412
62604
88870
53051
91592
54805
55835
55835
64890
92376
91592
42397
13424
42587
14449
91634
88578
84585
50761
79789
94962
84477
42660
92394
93896
91592
62604
84451
62604
94597
84451
14449
93459
64917
54476
14420
42397
14121
65450
14139
91592
64917
84574
93550
94962
31150
93076
62604
53721
84488
93897
55835
84488
94962
82374
93345
88578
62604
40394
95583
91592
95583
95538
31150
34593
93090
53721
45889
93459
94962
92371
53051
79789
94915
55835
71823
95583
54476
62604
95538
62604
85983
93459
91634
42765
28165
54476
40394
87700
94901
64917
94962
92253
42345
60136
93896
84608
82374
62604
84585
94597
85983
92402
95583
93345
64890
40394
28087
92256
62604
94962
91592
14449
31150
91592
53721
93550
93090
55835
13424
93550
55835
88870
93345
84742
95538
91412
53307
68229
54476
42587
14420
93090
92381
14565
85983
92798
68229
84488
93459
54476
95538
55835
40394
84608
92415
42780
94915
53721
87800
13424
64890
45889
42660
62604
14420
14449
42587
53741
94587
53051
91393
88870
94962
54476
84585
14271
95538
93090
42660
62604
42824
53961
13374
53721
42345
84451
91393
85983
42481
42481
92381
94962
93345
93076
55835
84451
94587
95538
93345
53051
82374
53307
93550
93345
53051
95538
42691
94597
54805
64917
64890
93459
14565
14420
87700
95538
53741
14449
89049
14449
93345
40394
55835
84742
55835
94962
95196
31150
93459
93550
93076
82374
68229
93090
42784
79757
65567
14420
94962
91393
40394
79757
27977
55835
93550
54476
93076
13424
94838
14271
54476
93345
92371
93345
95538
55835
54798
14503
93550
87800
13374
62604
55835
94962
79128
93459
31150
93513
89049
40394
69616
91393
92406
14449
93459
54805
42481
56403
62604
95196
42481
93550
54476
95538
82374
53741
28165
92798
54798
42784
53721
84607
42481
92415
13424
53961
54798
91629
42691
93345
53961
92402
94995
93459
68229
42824
94962
54798
87800
54744
42514
42831
62604
54476
53741
13374
84607
54744
91629
14420
82374
31150
14449
92386
56403
89049
14271
91393
28165
54798
93459
95196
55835
87800
92642
81610
93513
53961
55866
93345
53961
42824
69616
93550
94838
91393
55866
81610
42691
82374
40394
92371
53307
31150
55835
53961
14345
54805
93550
87800
92798
84742
13290
13424
42691
92798
53721
42784
14449
46231
27977
82374
14271
42831
14385
93459
53307
13374
42824
93550
42514
54793
84721
81610
42481
95320
42514
79128
27977
92642
82374
54805
81610
89049
53961
94995
92299
94962
53307
95117
92253
53961
92386
55607
42824
79692
82374
54793
81610
54744
54744
62650
84096
15705
42691
14345
81610
13424
27977
42784
95322
55866
94962
84100
79726
14449
42514
95122
42831
95322
69616
14271
87800
92639
42481
91393
31150
42514
79128
13290
94962
92415
14241
14345
53961
92622
15705
92299
81610
89049
53744
56403
14449
42784
84100
42691
95117
42824
15705
42824
95320
69616
91393
46231
53961
92371
55894
79128
92406
91393
8912
55894
42691
46231
29435
27977
25745
84100
94995
14503
53307
62650
55835
53721
92639
95117
54821
95196
31150
14241
13290
54798
93550
33816
8912
14345
46231
79692
54793
8847
53307
55866
79726
92095
14385
46231
84100
54719
25745
42514
29793
55866
40394
81610
79128
8912
14241
15705
15705
90612
92622
53744
54798
92397
54798
54677
92415
79128
8730
95122
55894
25745
53303
29793
92333
93343
95196
62650
55835
8798
29793
94962
54678
25745
29762
79727
82374
42784
14345
95322
14449
55894
92537
92371
53378
94962
46231
14385
54719
11638
8730
8912
8847
53721
29793
14503
79692
29927
62650
53307
55590
55866
55607
84100
54678
53378
53303
14503
54744
95122
54770
8730
92246
84107
33816
14241
92415
93550
54821
46231
55563
92333
81610
8798
14503
68536
79726
55894
95122
7529
54770
91393
95117
8847
84100
89053
95122
94962
15488
79727
82374
53378
29762
55866
8730
53370
92333
95122
8730
92397
11553
94962
92537
53744
62650
93345
29927
8798
79692
60427
54821
92421
7427
92421
29618
53386
46231
92246
95117
14345
95117
84111
54770
55894
53307
12891
53307
90612
92095
7489
54719
53455
54637
55590
84107
8730
68536
54719
92537
55866
92428
55866
92421
84070
34940
34940
45331
8847
12943
92329
54658
8798
92428
54677
93550
60427
94962
12943
94962
62650
55866
54658
7449
53386
29618
12548
53386
79177
55894
92397
92421
93345
89853
84070
12891
8853
89053
92236
93345
90612
12548
54821
53744
84064
55894
92236
53307
79177
95122
84111
34940
92428
57370
54719
71384
8730
68058
95117
7489
90546
15488
79177
92436
55590
7449
92279
57370
95204
7451
54770
15488
95204
15488
53455
54821
79656
7529
10725
91428
92329
54266
46897
90612
54637
32053
11553
92424
94962
55590
34940
55866
68058
55894
84070
90539
84080
92537
90612
92124
54770
62650
92537
92329
46897
90546
95117
92124
95205
55201
7388
54658
45331
68739
57370
55801
55866
8853
8847
93550
92424
7702
92317
28402
54601
92124
54601
56046
91026
54519
7388
93550
90612
79656
92436
5868
95205
95227
92215
34940
54658
92124
92244
68058
92317
55201
12642
92407
6034
54637
79177
55590
71384
12693
83142
55866
53455
15488
12664
84136
92424
95205
8853
46819
92244
12664
86277
54770
55801
92198
45331
54266
12664
95122
92134
55590
34940
7427
91960
90546
15710
92557
92329
92557
55201
84064
83142
45422
7366
86314
84064
45422
5868
29830
71838
92407
12642
55201
90546
57370
29826
92436
54658
92537
92407
71838
92134
46819
54601
55866
54266
91295
55803
56083
55866
46147
61997
92557
90546
83142
56083
91960
29830
92244
4813
91026
84080
55866
6034
7388
94460
12693
43431
68739
4813
7237
84079
91295
7237
79699
79603
15195
29830
29826
83142
55866
43431
55803
49266
83142
94460
7237
29830
83142
78562
91295
95227
29830
8951
55803
71838
92198
55201
86314
8951
56046
55823
57370
7427
92407
86314
4742
45331
68058
54519
54519
7058
55803
91871
46499
6034
93793
92329
46819
7865
46499
86228
79656
94460
55201
90546
45331
93793
95011
95135
92360
29830
57049
54601
93793
45066
92761
83142
12164
91960
4690
93793
12823
8136
92099
7736
29826
45066
55866
29830
54601
5623
94905
92860
84079
92447
15099
8136
55823
90546
86314
4742
85073
95227
46512
90546
54673
53286
54519
94148
68058
55803
44204
5623
85073
45331
43907
89130
6887
4413
7388
57049
71384
46819
91871
34955
5670
86216
45331
46499
90551
34314
95135
86234
86216
29830
9933
84079
79603
95135
95011
54601
12562
6887
12562
79655
31150
54560
84079
4823
57049
32030
92447
94460
79698
92360
34486
94460
90001
8136
55753
94148
55753
92447
6980
86216
89411
94460
92099
6980
79655
91878
86216
86243
34425
66080
52844
90001
86234
32030
94198
34314
95011
91969
71384
53286
52844
94905
8100
43610
55753
53282
89130
4488
85073
86216
49266
41301
57212
50855
31150
82785
91960
7736
9959
31150
9933
54548
46499
55863
4574
46512
43780
4224
64933
94198
43610
91871
55863
79668
43610
90551
4574
66080
34486
7628
7128
79655
92860
54560
32071
9959
44072
43610
32071
34486
5042
6042
54673
95102
91896
31150
43890
85073
6736
94106
90551
86216
94198
90126
79655
5042
56100
94903
92447
90389
84034
41301
54548
55863
91225
43780
32565
6736
8100
50855
91987
86243
94903
34314
94460
91161
90539
32030
53282
92447
44072
57049
79698
65181
31150
4488
4353
4153
6748
85073
4224
41276
88919
53282
5252
91225
86216
91833
64819
86216
95102
34486
90389
82785
5122
91896
90126
94903
7182
65181
90551
91161
55863
93566
88711
94460
57203
6748
57049
69758
92447
41301
92447
90126
86633
31150
41301
92360
94460
80253
57049
32071
8014
84034
6387
32386
94106
90126
91225
65181
86633
92447
7288
91161
64933
5365
50037
94106
44291
42022
91877
31043
69758
50855
4694
31150
91161
32565
80253
4289
54238
89411
91987
6445
94106
57203
68258
57049
91987
41276
8014
4153
32565
4011
50847
64817
65181
30786
88711
57049
93566
89156
91161
31209
7288
4011
4353
44072
40347
57203
94460
88711
32386
8014
82460
4729
82460
65181
93717
4289
91987
5122
32565
44294
90126
41276
65181
89411
46766
93717
86025
30763
64817
91896
69758
50855
91896
91892
89670
43946
87866
82785
57049
91997
40428
65181
4122
91877
40347
41276
6914
94741
54238
5252
42022
50847
30259
7999
6653
5122
92447
94106
6387
34505
89411
57049
2753
4122
2753
93566
4153
31209
69758
85073
4011
68258
85052
71581
4011
57333
4122
44294
49723
64817
89156
87866
5122
6617
4694
42949
6653
49744
2753
57049
44294
91892
50855
43591
40914
91987
6430
30763
49723
86633
90821
42949
94214
2753
4153
4694
44286
43591
94214
88711
30259
56044
68671
46766
94741
6544
5810
64933
49723
34505
89411
93566
4122
88711
44294
50855
69758
6387
94683
94106
4122
94683
94220
50855
4122
71581
94741
44291
2873
88711
85043
57333
57049
91816
49744
6569
4837
57048
15329
89156
4837
85052
44294
64817
56214
40809
88711
5150
56044
4837
6653
89156
40795
94214
65171
5150
85052
90821
94683
40914
32162
53500
6430
32164
2913
82460
85018
32164
44294
6430
85853
44291
40809
81938
2928
78893
44294
94683
44286
5810
88711
78893
94741
40428
43591
4239
81938
6544
94683
64933
32162
8316
94683
56214
57101
2554
86025
85052
29306
49723
50855
80449
44284
11236
64817
7101
56214
56811
68671
82594
94683
6629
69161
6544
5997
6569
85052
66119
94214
15669
2928
6674
8659
92351
4837
65171
94220
11236
5282
90821
2941
91892
3426
2941
40428
44291
6989
55175
29261
3799
91803
85043
68671
53500
31209
5997
91816
29269
28639
55175
40795
90821
57101
92351
92038
84923
40795
49242
29261
2524
7101
85853
92152
28639
94683
30442
50619
44284
56214
50619
80449
83452
62497
54446
6989
84906
29269
8316
94214
68796
80449
4239
84906
53790
29269
53500
69161
56214
46172
57048
3426
44224
82594
94683
25788
30426
30466
81938
6642
84934
3426
53530
3799
46172
56214
3066
57101
32164
84923
85018
56811
2260
68671
3066
5997
68671
92351
84982
94214
5282
94220
29269
40751
2941
3237
2740
84934
40751
81938
46070
1907
94683
41795
53500
91816
8316
3799
68796
88568
53500
3376
29261
54446
53790
92152
82003
68795
53530
6629
64776
85018
53530
55175
41885
88568
44224
50619
29269
68796
83386
91803
50935
2928
92351
13190
82594
46059
68432
4239
62497
7101
29269
2108
3237
8316
1788
31244
46172
53790
53790
26186
80449
13190
44224
3264
12865
92351
1719
30426
3006
81938
68795
94683
31244
2108
3264
8316
57048
92038
84934
30004
40751
46070
41885
82594
68419
68671
30004
1907
25788
53530
6989
40751
3376
26172
68432
3006
30466
56826
5951
13190
91816
53530
435
92152
33962
2091
60434
29186
56805
56851
3376
3376
84921
26186
88568
44224
94214
46070
46172
94683
94220
53790
94214
2740
62497
29171
53796
46172
68432
57048
84921
12668
84982
46059
33925
79319
40751
40666
30466
68795
84934
40699
746
66181
84934
1907
79319
57077
53530
82003
44224
1562
56805
84921
1907
66181
27399
25788
2091
56826
55259
88490
92442
82168
13193
79319
1321
29186
1321
94220
56851
3199
68419
50935
66181
8984
50935
26172
33868
81898
68671
66181
16054
66181
3199
82168
12668
1045
3169
57057
1045
33917
60434
81898
84921
93774
3006
26215
50665
83386
30459
84982
45575
53796
30426
66181
13190
12881
6328
68432
40666
41795
28841
50665
66181
57077
3443
81898
55219
92123
62556
82168
29234
84982
430
32290
30871
32561
91816
3199
53796
56805
50665
83386
40600
66181
1045
84921
94216
66181
91788
87688
40629
30210
33868
12877
30459
33925
40666
1562
81944
29234
33868
82168
27399
8584
45575
3155
14955
88568
45266
30360
3169
40699
91816
49371
82168
430
45575
13193
5988
93338
3443
32290
1246
3663
9027
3443
53796
12539
81989
66181
84982
50552
57077
79319
44224
43868
81989
28569
12929
94214
45266
29237
6328
25348
92442
40699
60424
65364
25377
224
26215
5964
3511
82168
8584
79319
66181
16054
45216
45216
94216
8584
49371
56934
5951
12929
50552
28569
92990
94220
3672
82003
33917
40840
66181
45224
25922
81944
79825
25922
81839
82168
33847
45195
40600
46267
32561
25377
40699
82003
30210
13193
26236
81805
45224
28280
93774
3893
30210
82168
45195
49371
43868
8605
15137
30871
40600
12929
45198
40620
86871
91788
66181
40699
40600
40600
60424
219
32312
57079
79825
68671
86871
57079
30360
85856
85856
10426
81944
5825
45195
46100
25352
5988
14955
46103
14955
3663
65364
79825
87688
25922
40620
32312
1246
3199
65366
354
82003
92442
40840
15137
45216
30912
1116
3923
40620
81805
92438
40840
26236
1487
26164
28569
65366
92442
12877
93774
29237
92123
40620
28569
86871
31599
49371
92452
40600
86871
57112
81805
3199
3663
81989
46692
87506
46267
30360
40620
49371
79825
65366
92992
79825
87688
45201
57079
1116
30912
10569
81944
5825
94216
49371
87688
30328
31443
40620
54831
31443
688
40863
12877
26236
44555
40600
85856
28936
43859
81989
82003
28280
14955
878
81839
87688
612
10426
1487
91790
46267
3923
26236
50678
15671
81839
40620
40824
25352
79825
46267
688
878
65366
26164
28440
45201
1116
31599
65366
54173
22224
8984
28569
40620
1285
30722
93774
94216
30881
43859
40824
44555
49464
92438
30962
50678
46095
87506
31443
81863
10178
40824
81805
46103
92364
57112
31599
83633
31115
49464
40908
87688
11485
79825
50678
86871
31443
40824
57614
14955
92452
30722
40551
22224
53151
5778
57614
92992
81853
81853
43043
31443
612
85856
40620
12877
46093
26236
1285
40551
28936
28440
10409
40824
8057
46093
92992
28470
40620
83633
26164
89699
43859
23560
15644
49464
91790
49464
1487
29498
81853
31626
30360
15671
54228
42083
50959
25387
40230
40824
57079
21970
6023
26026
54228
40824
42083
81863
26164
21970
9850
10959
43656
21970
25277
40824
50678
23942
10959
30722
65014
81805
21970
30036
10309
21543
31443
30059
81805
92452
81853
57614
5894
57614
94565
25557
26058
26026
40933
688
44555
10141
6023
57079
30348
46733
28936
49464
81761
26164
54228
40551
81691
92438
81853
25300
40230
30348
21543
65016
92992
688
94565
40551
57547
23942
94216
26574
6023
92364
25557
65016
29669
94565
50959
28470
40514
28310
43859
31115
81947
10178
26058
40514
46095
94565
9850
5894
22182
40514
26058
31646
28440
33614
9069
29754
21528
81761
30036
23560
31115
50959
31124
12625
28310
40824
92442
21942
26164
42104
30348
81947
15644
65016
83633
8272
44458
10409
80221
8057
91790
26026
40551
40514
30285
11485
40908
81853
81761
21942
30348
57547
40933
54232
40514
11216
46103
21528
54228
40551
25277
31675
46540
612
23930
26164
29498
60140
28936
10446
12625
1092
88479
81853
65016
81691
65016
28310
81853
80213
94216
40551
26058
21907
94565
44424
81853
80217
81708
25557
26164
31124
69213
92442
25557
40551
22131
95178
28470
12571
43656
10141
21504
21942
95178
44458
21912
8272
26574
25140
91790
26574
81853
31124
11216
28891
95512
26164
30154
83583
31115
10309
33614
91790
10959
54232
9850
26128
94216
83413
30147
9506
5894
23930
612
15644
12625
29972
28470
26058
15644
81660
88479
29890
69219
31646
1092
21391
50959
57547
21959
25140
612
32177
44424
8272
81708
21391
21391
30285
10446
28235
9358
21528
21907
50009
28470
92364
88758
46206
12140
21528
81660
54232
80217
43656
21781
30806
9442
95178
28235
50009
21391
9144
91092
29890
42100
28470
22131
21391
28310
10141
92438
11847
80187
12606
28310
81708
81708
30162
33614
9263
46102
81708
95524
92449
31577
31962
9442
612
28689
27522
54248
95178
31344
21504
26574
54243
12657
93335
95178
21781
28936
40933
60030
92364
15067
26574
12571
29890
15506
9263
12571
44436
44416
50009
13182
69213
33614
28689
80187
28470
31190
21389
91790
21391
28310
42100
21391
34059
81708
55452
50941
21389
88758
21862
15644
27522
1092
54248
44834
81708
80131
93335
82093
16094
28470
10309
45314
15506
9144
95512
28204
21862
9471
26580
22166
28689
30154
22044
21391
80187
12606
28310
28712
15067
30806
9144
91092
41382
30162
92449
49808
22033
13095
31577
26128
54248
31362
21849
28712
11847
81660
21503
12606
12906
66094
95512
12906
690
69213
1092
81708
12824
95574
91790
30678
92432
44424
93335
45880
83413
81660
93335
44436
30154
42100
8390
26580
12657
92364
30404
29795
690
21391
21389
21389
94716
30069
27522
28712
26549
21766
21391
28978
26580
28689
28470
16094
95035
29145
14920
92432
22166
94716
22166
88758
21391
45314
95668
28712
66094
28689
30069
81708
26580
30806
21389
55659
55659
30650
31344
21391
42113
26361
26361
22082
28712
8390
15911
21391
29890
21862
54233
9471
30806
95512
22044
45928
31686
50941
15434
8390
31962
32022
92364
9166
91780
69229
81660
44834
9437
9437
15608
49808
29795
42060
26580
12824
95512
26680
28712
12606
28204
54224
31962
29145
9358
12824
65259
10348
13095
15911
54248
9318
30933
95668
29890
69241
30069
28204
21308
41382
9798
26580
92432
43495
26420
45928
29145
42060
94400
45880
26384
690
45928
83413
21308
21862
15911
9166
15608
21391
10348
40933
29890
27863
26361
15504
30806
28689
82027
83215
21503
28311
49783
26549
27899
6311
22082
42113
13081
42060
14920
30678
54233
43655
26580
21736
62515
82093
26680
22033
9471
22082
26549
49663
15911
29145
43988
54224
28689
20109
30611
21308
15434
49247
42113
91780
28754
54224
28754
15608
26580
43655
12726
15553
15628
44003
24128
7981
94942
28754
45314
21308
43495
21308
26549
43988
93560
21073
13095
30069
28311
27863
49808
82036
12726
15793
24224
31962
49783
29946
11455
27745
27039
94395
30069
26384
49772
26680
9358
30650
94395
45582
31344
23123
33869
9421
29145
31962
26420
14920
6311
9437
30611
7981
21073
94842
11178
15608
28311
21073
82027
94942
9471
20093
9368
9166
24874
6285
9798
83413
52733
40988
22082
15553
40988
41382
9524
11692
28311
27745
49663
26680
45928
21073
9524
31001
29145
30069
14920
27930
54233
26384
30933
28311
6311
12726
68889
23603
29917
49772
92957
386
82807
94413
40988
12726
85698
43495
27863
26549
13081
11142
31344
82093
26680
8607
82027
49704
94395
11455
95289
15504
26310
28754
28311
31344
6311
26310
49808
90332
30069
11142
31308
82807
12606
15152
31237
9166
386
12726
15608
27064
28754
23123
20875
94996
26549
11178
1314
16033
20014
87575
93560
20875
27863
27863
11692
26431
9524
41382
24224
24128
15152
11028
82027
83215
33869
29946
15793
94960
40988
49663
11178
26680
7981
386
9368
27930
91367
82807
33481
27814
85698
28392
24194
49783
29917
9524
25206
21073
26431
14804
26680
20832
85305
94395
92957
21073
12236
9576
46440
14816
27776
26384
24914
90332
1641
1641
26431
9421
25206
33561
28306
68889
26680
23123
31237
26298
31308
86533
14920
31344
41382
49888
30977
20875
82027
45460
7981
9368
23603
28306
23603
9877
6285
21073
20014
31344
14804
20832
798
15434
29917
11371
49439
11178
95479
386
11455
82807
11371
31344
20875
95006
26621
20014
11162
11339
28392
12726
33561
26621
14816
12726
26285
10964
93284
24128
9166
92979
9411
82807
11455
8607
20014
20014
94395
25206
14816
69753
798
49888
30707
11067
94958
31001
94525
31312
20093
31237
44745
33481
26431
86533
24078
26431
33869
21073
20875
26285
25206
94960
20875
24914
94941
30953
20093
14816
11740
23437
26680
20990
12236
11339
90995
31001
50510
33262
15434
10995
69486
20990
68889
70404
95635
24078
45460
91367
91367
23027
20001
9877
16033
23437
88840
11067
28392
94958
31001
82027
20832
33561
62592
81116
95479
50510
23437
31237
1641
24194
46192
28306
49704
26621
31001
1006
14816
20046
70426
15753
93764
44745
27930
92979
44745
32318
70404
49783
7915
46192
120
24128
19560
23603
9576
15937
14816
19862
69486
46454
49888
91367
8607
26715
19916
90995
19862
31001
70426
49888
88840
15793
9839
89110
93908
20725
15385
95635
70426
49704
14816
24914
11339
23027
32318
24194
12236
9411
26285
5983
68889
26621
19916
20990
15152
33414
11114
45467
157
23652
12886
20832
93284
25775
94958
26285
89110
49552
20725
90995
27497
68889
91021
45460
9668
30707
10540
92872
33262
19560
88843
33692
11376
93427
33168
20767
23027
49813
87464
45541
68580
11740
20001
46198
49888
389
86531
19916
91021
23992
14816
26621
93427
41560
44745
14942
91021
93908
20046
11339
87588
33692
19835
22285
19835
20767
26715
49888
24078
69355
6014
27636
41519
41560
25239
14942
19819
33181
20046
27497
33308
45467
15753
69486
22285
9668
11740
15793
23797
9478
45467
20725
31973
22285
65551
20001
49552
14816
93455
19560
11415
23992
20725
12886
54851
49548
19877
46198
93455
9877
28392
9495
12721
19375
89097
41560
68580
86570
87464
22970
65648
65648
45467
63
31016
69486
49767
49813
19835
92872
14923
60298
11339
33067
44745
19560
19560
31016
10548
92872
65551
28320
68580
14942
49548
31973
49888
28912
30061
95367
54851
56949
28185
24194
20725
22285
65551
86570
68580
41519
53092
27636
83861
92979
25239
31237
19819
25513
12886
20767
25513
95578
10933
31016
33067
80287
49548
14923
10697
83293
55116
23652
33692
19560
50894
23950
54851
22941
24263
92872
19560
19877
21290
54927
55573
34069
49813
19835
31973
41560
34069
30707
56949
19375
30275
24194
10933
20725
31237
33358
19560
21315
88
95367
21315
21315
31016
25513
45541
31973
23477
23477
92872
83857
49767
12614
361
22941
45541
71757
19560
55116
90849
22941
22941
22914
23943
30482
32186
56949
19835
32924
19375
83688
20039
11740
20725
34069
25513
20039
50894
28465
25513
57374
83293
32946
34069
10933
90849
24263
53092
9757
11415
84419
19375
41519
45541
21246
23070
34069
19835
43126
22941
21290
27211
21140
21290
32585
21140
32924
23125
71757
19375
28912
21315
12614
22979
32880
19799
19150
92979
22941
54927
23477
23950
71757
20039
65769
90849
95578
25513
91312
20039
50894
31425
31370
69486
21140
24770
32880
20617
34069
71757
83293
56457
71757
19375
24770
19657
10933
31370
95578
89333
19799
15978
71757
33037
21290
21290
89333
25513
23943
24263
49898
21140
10697
22634
60184
19657
22191
79227
79826
24770
31973
19375
25513
53099
60298
31508
24329
71757
19419
19235
23070
21246
56457
79826
29037
95578
20617
79826
24329
19657
11740
55568
22634
24770
33358
43126
19770
20617
21140
25246
23463
54937
22914
20617
23125
24770
21159
89097
89333
19419
25513
52981
23070
11415
23070
21159
23224
55031
30061
17730
20082
19049
22634
33163
44254
89333
19365
44790
83688
93091
22729
89097
19150
22979
12143
80468
23125
33163
21159
60184
28582
24329
12143
44790
23125
53099
89333
55031
21159
31973
32826
86426
89333
20082
80468
22609
53099
20082
21140
21140
53259
25246
18639
23244
20617
22634
24770
19445
31370
31370
23125
19445
24329
23244
22609
55625
25246
91312
19365
23125
60156
28994
20617
24329
23078
25555
31508
22176
21159
32826
21140
22569
22685
22609
17730
19770
57374
22729
56215
44254
53194
52981
33163
42940
60298
24494
22609
19365
87773
16165
24329
44790
20259
88843
60298
33431
23463
19770
22724
22609
22176
22569
22790
22176
16165
19445
25555
30932
22609
80287
31031
17983
88843
23070
26069
49898
53903
25555
23125
41960
83870
55061
22729
22176
22569
53903
31508
12143
23125
24468
55031
22176
20259
17595
25468
19445
53493
60184
17595
24769
53194
19445
22176
23344
22724
24468
22729
22526
52981
53903
20593
19393
44143
89849
60298
55625
55043
87736
40460
17161
93001
17730
23078
34003
20259
24770
22176
94590
24468
20593
53903
23078
24468
23180
25468
20273
24494
24494
17148
31031
22790
18291
26069
19768
24468
19584
20593
60184
52981
22622
91459
89361
31760
31031
22176
87773
19768
91459
53194
54195
20068
12143
19393
34003
22569
66056
22569
94527
17297
25468
24468
93001
83870
22634
41734
28755
18002
18291
22634
20259
22286
16296
24468
17148
24468
34104
93001
22526
41960
22286
34003
33610
20068
52981
24468
19768
53194
40460
22775
18002
41734
20593
23180
19584
19393
24769
46395
19395
90032
55043
52931
57559
31031
66056
40460
20593
22634
91459
24468
19768
22286
22286
19768
90211
17161
28755
24769
57124
16629
34003
24468
89361
28755
33610
92700
79901
25468
23478
20273
17351
24468
20446
22526
18327
41960
87736
34104
41554
91459
21700
12143
16527
19318
33455
17656
20943
20273
89237
22286
46395
19584
20068
23478
20068
33424
90070
16629
32689
19318
20943
20446
23478
33424
84385
23478
17209
52981
24890
22526
16527
20446
89237
84067
22748
18327
93001
52981
22564
30296
19584
20273
54052
79901
55981
16891
87019
22526
22526
84385
16629
20273
16482
56742
87736
90070
24584
16883
16804
94900
23478
32297
20943
32353
28755
19772
17623
23088
18281
90032
52931
25052
90070
23088
21700
22526
20423
17623
52914
16782
32353
19511
23478
20446
34104
53855
19511
17209
23478
20446
33582
20423
87019
24584
18281
21700
83943
20446
24584
57124
22564
25016
89226
16773
19511
20176
16804
55981
19584
33582
16599
20423
16482
20068
93001
85276
25016
17034
22396
16482
89226
16883
17623
52914
18281
17321
21301
20446
18643
84067
24584
19772
32689
53855
23088
87019
24890
19511
20446
54052
22396
25016
20423
20423
56742
85739
20176
25016
28252
17373
54052
33424
17963
20423
88613
18772
19772
17373
85593
18281
20126
16773
24604
32589
52893
34092
17344
18772
85276
33424
17034
32589
19214
17314
95343
16482
95628
85276
93001
95570
17321
87736
22743
17314
80830
27699
24960
52893
19511
85739
95343
20423
21301
53855
25052
17373
18301
18439
20126
83943
93001
21301
18293
27699
24604
22743
55981
24604
21445
28252
17929
17929
25052
18439
28292
22417
34092
24604
27699
20465
28292
20126
24960
88613
85535
24604
19772
92727
33599
52730
52893
27699
79023
18558
17400
33582
17373
18377
20199
17949
24960
18900
21445
46354
95343
95343
22743
93472
85535
19080
31266
22396
95586
18785
19706
18407
20126
18439
22714
18785
85535
87739
17929
24925
20465
53704
18377
21445
18558
18900
46354
32589
46354
52893
18439
18439
17400
95570
20126
25697
18301
17400
52730
53210
18293
18558
27699
18301
19706
25697
95147
34099
22417
17949
18900
55981
52905
54052
54052
24925
24960
18293
31116
80830
34099
31116
46385
93803
31266
18902
19706
17929
18407
18785
85287
95262
18558
26247
22714
28292
62553
24925
92727
41927
28252
22417
23614
23614
18894
87739
41927
26255
18377
18900
53054
17400
18513
85287
18894
19706
93484
25917
69255
53210
87739
95399
79023
21445
30521
18902
21445
54052
92727
41927
20199
85287
22417
23107
20126
25697
28292
25917
26247
57276
18894
62553
26255
25917
95262
31266
25917
31266
52982
18558
23107
30375
18301
53210
18513
69255
54194
52982
22714
26874
93456
31116
18828
52905
95630
41927
27874
26255
26874
41927
22710
19706
25917
22743
18828
53210
18546
46385
93472
25099
18926
25099
22690
25917
18577
25099
25099
79023
57276
23614
93484
41927
25697
41927
31266
95262
23614
46385
18577
25099
18828
22743
41540
18828
27670
26874
95399
31250
31250
60041
53704
53210
30861
53054
53210
53036
22714
20126
53036
95262
95262
52982
53054
31266
57276
27874
18577
31266
41540
53210
18577
22710
18513
92730
26255
25917
45588
27874
62553
22843
23501
82505
30861
23614
30861
22843
60041
22743
65182
31266
22843
27874
45588
41540
18577
54194
22843
53036
53001
22635
27874
18926
95188
27874
85303
23501
92730
18546
82505
22635
62553
31250
18577
94666
82505
82505
18513
25608
33827
33827
18577
22710
93472
23614
85583
22843
57347
27670
18615
95491
18577
54488
54488
22710
41540
18815
85303
23501
57530
65977
26255
95604
18926
27625
43244
93456
93883
54194
95399
25608
65981
88692
93883
95188
43244
46474
95703
95457
95604
30861
41540
27625
85583
95630
54194
18838
82505
25608
79023
82505
95491
41540
27625
95188
23335
26255
22710
93484
95491
45588
92501
46474
93456
93883
88692
57276
23501
90246
86411
18815
22710
95438
65981
65182
23501
23501
85583
95604
18577
18838
18513
27625
43244
86838
93883
95457
56060
85583
18926
65981
95604
31487
57530
18815
86838
94557
93573
23335
94557
56035
86411
94818
23335
85583
27625
95438
56389
57347
56389
95662
18577
41468
41468
18838
80713
26913
65981
95457
62702
18618
95703
93484
65981
93573
56389
95681
31487
54193
94953
94808
57347
32407
18615
95005
18815
23335
18815
93573
94557
93573
93747
93465
94818
56389
95604
95551
93573
93573
18815
95457
65981
94818
26913
56060
93573
56035
26913
18815
95681
31487
95681
18618
95438
64870
56035
90246
69557
95662
95438
94953
95690
27661
93465
57347
95681
95690
94557
56060
95681
95690
69985
95662
95662
60399
27661
64870
95690
42916
64870
18815
54193
95662
69985
95438
57347
95662
18615
55662
65865
39851
23335
93747
27661
57347
80713
41970
94818
80713
23233
95662
95662
18815
95690
69557
18815
18615
54193
95551
56035
93747
53220
93483
84057
41970
68908
93747
41970
42916
52626
23233
27661
41970
44027
80713
80832
62683
42916
52637
18618
52637
56126
23233
45994
60399
94818
18815
18615
90004
54193
52637
65865
52626
52637
53220
65865
80713
90004
80713
53220
50567
50267
84057
80713
55662
90004
55662
90004
80832
50189
50424
52631
18618
50189
62683
31575
84057
50424
91366
52626
50267
65865
68908
50366
50391
56126
39851
91366
54193
52626
56126
50567
55662
91366
68908
40000
80713
80713
50366
53220
50391
50267
50524
60399
18618
50267
80854
46806
91366
84057
68908
50180
80713
31575
52626
44520
50180
56126
80854
91366
39851
84057
39851
88906
45994
40000
39857
44520
68908
39857
50366
84057
50366
68908
68908
56126
88906
45994
40340
55687
56126
50314
50111
46806
39857
57404
92900
60399
50366
80713
50567
40340
40310
50391
39160
55687
39857
39160
39199
39135
55687
50314
50204
39806
44520
50180
39795
50228
57640
49611
39199
56126
44520
40304
50325
40300
50314
39135
39160
39857
55655
41668
46577
50228
57640
40304
39160
31575
50180
50228
40300
50325
39135
45994
39806
39841
50204
56016
39205
46585
39795
40300
50426
39795
46572
50409
50111
50314
40263
50325
50284
49611
40339
50111
56016
39857
57640
39160
46577
46585
40270
39841
39135
40263
39135
38625
55655
40330
46585
50332
50084
39795
39800
46572
39795
41668
56016
50111
38525
40339
50228
53322
39854
50111
38700
50084
53322
50409
38700
50111
50332
46572
39795
46585
50290
50332
38823
36240
40270
50059
46585
40330
39135
39975
39841
38852
50111
41459
39800
55655
46585
40243
38423
44978
38823
53322
53322
38852
50290
39754
55655
50228
39800
50111
50059
50228
36240
50409
40037
38700
38839
50111
39896
39916
38839
36228
38852
46585
50345
39228
39800
38553
39841
38822
38852
38553
39896
39902
50228
46585
50246
36208
50111
50409
53322
44978
50111
38820
39916
55655
50409
40243
53322
36321
39228
36190
39916
39936
39754
50246
36239
38553
36190
40037
38822
38553
50077
39936
69537
69537
36208
50345
39816
39022
37847
38423
38423
54030
36265
38820
38435
50301
39936
39816
50408
38553
38822
54030
69537
38435
39754
92936
50246
44978
38547
39022
38820
44710
39916
69537
53322
69537
53322
38547
50447
43557
38435
38036
44710
39891
44710
93855
55386
93855
50301
38435
43557
50301
43557
50246
50246
37390
54030
43534
37644
39891
50246
36190
37644
92936
54030
53978
36259
36179
40011
50453
39754
55386
40009
37390
43557
50453
36167
50246
37530
40011
54030
39022
37594
92936
39604
55386
38054
36259
54030
50077
37519
40011
60085
50246
44116
43557
39942
54030
54024
53978
50246
50447
50447
50246
37705
37390
55787
50453
37644
60085
40011
43557
54030
38228
55386
54030
37530
54030
39965
38228
50246
50453
50447
39536
38054
38054
39459
55338
80276
37536
50447
80276
54030
39604
54030
40011
55386
37536
37644
38228
38228
46898
37530
54030
55787
37594
38228
50453
39965
55386
39604
40011
88628
50246
56547
54024
54030
54030
35003
35003
38054
50453
56547
38228
37705
54030
54024
37536
54038
39517
38054
38228
60085
39459
38228
39658
38228
37509
37509
35003
54030
55787
54030
50453
35307
54030
46115
40053
38594
44509
38054
54024
37385
50246
37509
71855
37509
39536
56547
39459
35003
54030
54030
80276
93173
36138
35307
36138
43624
44710
38054
88561
50453
91087
38228
42930
35307
54024
39459
36138
50453
38054
38228
37509
83896
39604
56547
36153
54038
50025
54030
39459
54030
38803
37509
35307
35003
38054
54024
35307
50025
38228
35003
71855
54024
37444
44710
37720
54024
42930
37509
39459
35003
38594
71855
35326
83896
87467
38228
35003
88561
43624
35003
37385
54030
83979
93173
35003
44710
39468
39517
42930
35307
91760
35354
35003
38803
56923
35307
38594
83896
71855
87467
38573
88561
35003
88561
38014
38803
35003
35307
35326
93173
83896
50025
38803
39549
54030
54030
39459
37678
88561
71869
38935
35307
90619
37554
71869
39568
91760
37554
54024
54024
83979
37809
83906
88111
35307
88561
39517
40115
38935
54030
88111
59971
39468
35944
35376
37680
44509
91760
91087
46856
87467
71869
37975
36138
83896
88561
44509
35244
35376
91760
35376
35376
87685
90619
83914
35944
34981
59971
39603
37723
45779
35307
71869
83906
38330
35055
37757
88113
38330
88113
83896
71869
83896
39468
71869
38935
37561
39581
39568
79136
88561
88113
35894
37809
34981
39568
44509
83979
83914
36598
37813
35244
83906
39556
83914
37344
87467
94096
45779
94096
83979
34981
87467
38330
83979
39603
39603
83906
34981
45779
91087
35376
41336
37723
35198
95607
83979
35055
40115
37561
39603
37813
94097
79144
88113
83907
35244
95607
87685
83979
35376
39556
94097
87467
39603
34981
38850
39375
95084
83907
37344
39468
35376
35944
59971
93435
35244
39603
38330
35376
37977
40978
87685
37829
35944
38910
95084
83914
41336
38014
83914
39672
38855
87474
83914
35198
83914
39468
94096
40978
35055
88113
79144
39581
38330
38850
35244
35055
36581
39581
38855
36581
37829
39603
83907
90608
35944
37813
39375
38618
37813
93425
95607
39407
38850
94096
38910
45779
38850
38855
39603
83914
38241
87474
39603
39603
35894
95084
35162
39581
95084
39581
38241
38296
39375
39603
95084
93425
36581
35160
94096
46809
83912
93435
83912
83914
35431
37977
35198
83912
41435
35198
38014
87474
38788
35431
83912
35055
38241
39603
35160
90031
83912
38618
83912
68528
95084
46809
35924
35160
35244
35055
83912
39343
38910
68528
35884
35162
90031
37102
35431
35160
38855
35160
39672
39588
38296
40978
46809
83914
66180
68528
87474
66180
38330
35910
38214
68528
41435
39672
68528
46809
39709
39588
35055
83912
95084
39407
87474
38578
93425
35040
37349
66180
39672
36582
87474
68528
35160
38618
38910
35431
38788
66180
36519
39588
83912
35160
38241
35160
35162
37349
87474
38296
68528
84189
35430
39672
46412
37913
35162
38296
45706
35055
93425
35162
35430
68528
39343
39343
68528
87474
35924
35430
39588
68528
35085
38214
38578
39588
35924
35160
45393
39699
38214
39588
46412
39342
38910
37956
35040
39273
35162
39699
68528
35702
38141
88857
35679
68528
84189
35160
68528
35162
68528
35702
35162
38296
39672
37956
39699
35430
68528
35046
39672
37349
39588
39709
38241
35160
35046
41901
35924
35924
35430
68528
38214
35910
39315
39588
35430
68528
68528
38214
35136
68528
35136
37956
35924
38141
35046
39588
35085
36988
36519
35048
39588
39342
45663
35924
35430
35162
45612
39315
35136
68528
84189
35048
45803
39672
68528
36437
35924
35430
39729
39709
68528
35048
35675
87474
68528
36988
38770
35136
49397
45663
36492
35136
39273
35046
39315
35924
45663
39273
37905
68528
36988
36988
35732
45612
35998
38141
85190
45803
39709
35819
68528
35048
40122
68528
45803
36988
39709
35884
40922
35459
45803
36520
38770
37905
85190
35732
85190
35136
36437
35459
68528
35837
41901
36437
37045
36520
35732
39709
45803
38770
35459
35403
57616
35259
39729
40922
40922
49397
68528
57616
35998
37905
38141
41901
35732
36396
57616
85190
85190
40922
36988
41333
37045
45803
36840
35705
57616
35259
68528
35403
85190
40122
35589
35492
35259
41333
85190
85190
38141
57616
38141
39234
36473
35679
35492
50070
93495
40122
92882
39234
41333
40122
36396
35837
57616
35675
35970
35253
93495
45803
57616
92882
37905
85190
35492
35403
40122
45803
36840
94029
36988
57616
38141
35253
50070
35819
57616
40928
36542
94029
35259
36520
85190
36840
94029
35454
36688
35970
57616
57616
50223
93495
41028
36676
35644
36688
40122
88709
36102
94029
40928
93495
94029
35829
38086
35454
50223
35589
35492
35268
49610
36102
94029
41028
93495
36688
94157
35268
35492
36862
36862
88709
50070
35492
35829
36520
36676
88709
94164
36850
94286
49610
49610
35829
38086
49610
36542
94029
35819
36473
35511
94164
36819
43949
35970
94029
35268
35644
35644
36688
36102
36763
49610
35511
37181
49610
43949
36688
39224
36850
35970
94157
94176
35829
38505
37249
49610
94164
94286
94164
37391
36850
35511
95273
94176
39224
38780
95672
94164
37181
35511
94164
38780
38505
90421
37391
90421
94157
94286
35644
36819
36763
38780
43949
36819
37181
37249
90421
35511
49610
94176
36763
37263
36102
38505
36949
35511
94286
94176
37263
90421
37391
37263
95672
94286
36949
38780
94164
38493
35511
38505
36819
37249
38493
95672
43949
37263
90421
36949
38780
38218
90421
37391
95273
37309
38186
36949
38186
94176
95273
38493
95273
38885
36896
38218
37249
36101
94176
36101
89383
37309
93703
90421
37249
36896
36949
37436
38218
90421
38186
38493
95273
36973
36973
94190
43949
38493
95672
37309
93703
37249
38186
93703
38885
39009
38885
95672
39715
36949
37220
38355
37436
94190
36973
38218
38355
43494
93703
38186
95672
89383
95672
39715
93703
37436
39009
94138
94138
89383
93703
37220
37436
38493
38872
89383
95672
39715
84362
37436
95672
38872
84362
95672
36973
94494
84362
43494
38355
39009
42069
37220
39009
39081
39081
39715
37436
37436
38355
95672
39715
94494
43494
39009
38355
94138
94494
94138
84362
39081
94494
42069
42069
95672
94494
94138
43494
94494
37436
38355
40477
44201
94494
38959
39081
94494
43722
84362
39081
94494
40477
42069
39081
39081
44201
38959
39081
94494
94494
38959
42069
42069
39081
43722
43783
44201
43783
43783
94494
84362
94494
43783
44201
44201
40477
44201
44201
44201
94494
94494
77502
77502
93779
52081
52081
69325
87558
54101
54101
51663
89070
87558
94092
94092
94835
94835
94092
