15043
15043
15043
15043
15043
15058
15058
14723
15043
14581
15043
15038
14684
15064
14723
15052
15029
15052
15029
14581
15039
15119
15119
14723
15053
15039
15051
14662
15062
15105
14608
15047
15027
14310
14696
15051
15143
14595
15060
14715
15053
14776
14775
14696
15062
15027
14738
15096
14392
14711
14365
14686
14721
14768
15143
14604
15027
15060
14692
15051
14688
14774
15027
14713
14305
14417
14554
14417
14784
15109
14723
14454
14774
14774
15064
14554
14692
14365
14637
14718
14718
15096
15108
14711
14573
14454
14776
14471
15027
14785
14608
14520
14771
15046
15055
14310
14771
15132
15130
14305
14784
15116
15115
15094
14417
15124
15141
14721
14520
14723
14713
14618
14310
14606
14520
15141
15132
14639
14412
14678
14682
14482
14417
14639
14763
15124
14683
14310
14310
14365
14640
15130
14758
14674
15051
15127
14554
15130
14637
14774
15115
15027
15094
14417
15051
14718
15050
14763
14621
15083
15056
15115
14618
14686
15115
15131
14750
14454
15146
15116
15137
14417
14621
14606
14748
15130
14704
15115
14763
15027
14726
14488
15117
14683
14771
15091
15146
14520
14718
14763
15115
14554
15117
14713
14310
15124
14774
14639
14770
14604
14471
14674
14723
14639
14763
14769
14639
14618
15050
14763
15051
14758
15130
15046
14776
14310
15050
14682
14637
14763
14775
14688
14488
15130
14774
14737
14554
14718
14750
14686
15115
14547
14763
15108
14559
14621
14778
14686
14573
14640
15146
14686
14557
14606
14678
14692
14704
14620
14520
14692
15115
14748
15115
15116
15096
14554
14737
14621
15144
14699
14547
14488
15146
14485
14692
14729
14310
14692
15050
15122
14692
14639
14559
14770
15126
14485
15096
14611
14726
14723
14718
14769
15135
14674
14770
14488
14692
14621
15050
14713
14713
14737
14310
14639
14639
15144
14242
15137
14763
15125
14473
15115
14621
15050
14244
14554
14471
14763
14608
14758
14620
14382
14554
15124
15121
15137
14750
14471
14699
15051
14618
15130
14763
14718
15124
14699
15122
14686
14763
14770
14526
14748
14473
14729
14392
15115
15139
14618
14763
14557
14604
14621
14581
14688
14640
14692
15042
14554
14611
14505
14640
14244
14473
15115
14618
14242
15137
14640
14473
14621
14689
14242
14352
15137
14408
14417
14763
14446
14554
14606
14611
14771
14244
14758
14526
14723
14763
14573
14621
15122
14639
14692
14684
14310
14770
14310
14574
14678
15091
14620
14688
15139
14424
14621
15130
15115
14770
15139
14621
14620
14242
14473
14748
14438
14488
14639
14688
14692
14242
14763
14763
14488
14613
14686
14488
14584
14608
14684
14505
14392
14692
14554
14639
14150
14408
15137
14382
14242
15091
14242
14547
14392
14149
14762
14242
14640
14639
14574
14310
14637
14384
14438
14771
14499
14354
14242
14547
14424
14692
14488
15130
15072
14473
14545
14581
14552
15135
15126
15072
14242
14499
14621
14674
14674
14282
14464
14150
14620
14770
14621
14621
14438
15115
14425
14244
14692
14621
14446
14526
14505
14242
14686
14770
14242
14471
14150
14547
15139
14242
14352
15115
14352
14770
14581
14575
14433
14150
15139
14465
14150
15115
14242
14505
14542
14692
14554
15132
14350
14464
14282
14545
14608
14384
15121
14770
14382
14244
14621
14356
15130
14438
14242
14108
14396
14150
14770
15072
15132
15091
14613
14429
14554
14575
14581
14293
14429
14471
14310
14446
14620
14620
15139
14242
14297
14621
14242
14547
14762
15112
14438
15130
14505
14438
14396
14149
14438
15132
14473
14525
14621
14575
15069
15130
15139
14293
14384
14689
14169
14150
14354
14435
14438
15139
14310
14433
15069
14473
14282
14310
14429
14488
14620
14242
15137
14377
14382
15069
15139
14762
14438
14261
14762
14620
15130
14465
14408
15132
15137
14408
15072
14384
14435
14354
14354
14471
15130
14223
15093
14403
15115
14108
14384
14429
15107
14488
14433
15115
15091
14433
14692
14317
14316
14318
14433
15091
14342
14429
14429
14384
15072
15115
15132
14318
14550
14342
14552
15130
14396
14377
14150
14350
14499
14350
14383
14488
14488
14242
14706
14701
14357
15139
14240
14297
14620
14433
15115
14542
14542
14318
14356
15132
14230
14425
15115
14403
14316
14240
14357
15132
15130
14488
14317
15139
15115
14408
14316
14398
14242
14433
14408
14473
14235
15107
14261
14297
15139
14429
14383
15115
14383
15128
15093
15139
15072
14383
14039
14150
14166
15072
15128
14356
15128
14398
14255
14240
14235
14242
14499
15091
14242
14398
15128
15139
14255
14293
14350
14602
14383
14261
14240
14223
14383
14165
14166
14408
14706
14177
14157
14108
14252
14235
15107
14252
14297
14471
14701
14272
14149
15128
14002
15107
14252
14525
14166
15139
14255
14188
15091
14318
14165
14181
14298
14354
14108
14186
14350
14223
14274
14408
14149
14383
14036
14219
14157
14252
14252
15107
14181
14342
14274
14756
14187
14862
14706
14001
14001
14488
14199
14223
14499
14235
14550
14862
14272
14261
14181
14128
14862
14001
14408
14179
14036
14192
14602
14261
14759
14149
14001
15090
14275
14354
14525
14161
14172
14188
14379
14157
14128
14230
14274
14756
14293
14862
14181
14602
14218
14252
15090
14149
14128
14408
14219
14192
14602
14128
14186
14759
14172
14235
14063
14235
14039
14252
13835
14108
14089
14258
14099
14001
14002
14179
14036
14862
14252
14108
14230
14007
14198
14026
14192
13999
14179
14089
14002
14001
14181
14036
14230
14862
14379
14199
13996
14063
15119
15119
14192
14261
14128
14186
14162
14218
14108
13999
14293
14408
14108
14258
14198
14187
14089
14149
14089
14275
14187
14063
14192
13998
14186
14039
14198
14172
14179
13982
14099
14862
13982
13999
14258
14061
14141
14198
14026
14025
14087
14172
14161
15119
14063
13981
14198
14208
14087
14218
14218
14026
14141
13993
14141
14002
14149
14002
14026
14198
13892
14031
13835
13845
14179
14187
13892
14045
14058
14051
14186
13996
14007
13982
13981
13999
13892
14007
14025
14051
13981
14258
14208
14141
14025
14055
14026
14258
14058
14217
13982
14186
14061
13835
14063
14162
14031
13889
13958
13862
13999
14031
13981
14087
13937
14058
14141
13864
14061
13982
13998
14024
14186
13982
14162
14141
14007
13998
14051
14063
14141
14002
14045
14025
14065
13992
13889
13894
13964
14058
13993
14217
13892
13996
14051
14007
13998
13889
14058
13990
13862
14024
14061
13845
14024
13998
14218
14218
13981
13835
13973
13937
14055
13982
14065
13889
14051
13862
13990
14045
14003
13993
14058
14045
14007
13937
13992
14087
13895
14007
14007
13990
13916
13835
13916
13894
13990
13815
13992
14055
13964
13923
13807
13841
13894
13990
13807
13993
13993
13992
14047
13894
13889
14007
13878
14058
13895
13897
13866
14003
13887
13895
13862
14051
13916
13787
13759
13916
13889
13896
13964
13864
13841
13865
13767
14047
13872
13895
13893
13878
13993
13807
13837
13837
13937
13865
13722
13884
13759
13993
13815
13872
13837
13892
13862
13762
13886
13866
13837
13815
13872
13897
13887
13807
13886
13886
13719
13862
13866
13872
13841
13876
13896
13873
13896
13719
13884
13787
13897
13884
13742
13766
13759
13837
13814
13762
13766
13815
13865
13873
13767
13837
13887
13872
13815
13893
13872
13774
13893
13865
13865
13719
13923
13761
13886
13744
13762
13895
13884
13762
13764
13764
13744
13759
13722
13872
13753
13820
13762
13820
13766
13873
13696
13876
13722
13766
13837
13837
13742
13725
13721
13815
13721
13887
13686
13734
13893
13722
13814
13787
13815
13887
13568
13762
13865
13686
13873
13766
13923
13774
13787
13761
13742
13591
13774
13719
13753
13725
13686
13893
13721
13761
13753
13734
13734
13700
13735
13696
13566
13753
13733
13722
13591
13597
13721
13787
13734
13764
13753
13757
13552
13591
13837
13686
13732
13762
13756
13734
13766
13756
13733
13774
13756
13751
13796
13732
13597
13721
13700
13725
13552
13686
13721
13592
13581
13756
13733
13739
13734
13686
13566
13552
13615
13552
13753
13732
13581
13618
13725
13696
13568
13647
13757
13753
13615
13597
13700
13761
13796
13756
13764
13581
13735
13761
13732
13732
13734
13757
13591
13716
13739
13796
13566
13578
13725
13647
13732
13588
13734
13581
13734
13734
13716
13621
13632
13618
13597
13581
13552
13568
13696
13581
13764
13605
13647
13796
13700
13647
13588
13591
13552
13597
13566
13592
13558
13630
13732
13589
13632
13592
13566
13641
13626
13598
13558
13647
13621
13624
13598
13605
13563
13581
13578
13647
13624
13581
13597
13589
13558
13589
13430
13598
13632
13598
13632
13641
13459
13410
13597
13368
13599
13520
13368
13597
13424
13644
13615
13558
13557
13518
13589
13450
13615
13424
13386
13430
13468
13588
13389
13598
13624
13557
13499
13641
13453
13598
13385
13599
13589
13644
13400
13598
13385
13558
13473
13461
13461
13558
13368
13459
13433
13499
13641
13598
13430
13461
13389
13368
13420
13468
13385
13353
13424
13624
13410
13413
13469
13389
13413
13403
13323
13493
13383
13424
13624
13383
13450
13468
13403
13520
13473
13420
13385
13357
13416
13389
13461
13389
13368
13520
13459
13473
13430
13424
13410
13357
13353
13403
13453
13461
13216
13385
13400
13413
13424
13385
13493
13468
13387
13473
13416
13459
13368
13239
13184
13469
13469
13383
13461
13383
13450
13348
13424
13433
13426
13256
13241
13357
13433
13420
13305
13400
13353
13165
13450
13459
13245
13237
13304
13276
13239
13416
13461
13323
13385
13461
13403
13433
13174
13403
13165
13469
13237
13150
13400
13241
13200
13165
13211
13416
13473
13173
13450
13235
13245
13305
13276
13212
13231
13241
13237
13459
13276
13239
13231
13227
13387
13216
13256
13450
13174
13304
13389
13416
13237
13235
13239
13204
13245
13200
13170
13416
13184
13165
13192
13212
13304
13216
13295
13245
13239
13216
13227
13461
13235
13068
13237
13192
13295
13233
13211
13150
13211
13256
13165
13237
13237
13288
13295
13165
13150
13264
13213
13235
13251
13231
13170
13173
13288
13204
13019
13264
13048
13241
13239
13212
13212
13235
13212
12979
13184
13245
13048
13249
13249
13008
13231
13036
13235
13216
13213
13184
13245
13235
13200
13048
13295
13150
13170
13264
13192
13237
13083
13204
13068
13012
13192
13245
13019
12979
13233
13018
12950
13211
13025
13295
13251
13040
13216
13227
13017
13071
12991
13233
12999
13008
13227
13036
13213
13008
12934
13072
13068
13071
12986
13211
13245
13018
13173
13017
12971
13019
12950
13038
12979
13025
12999
12991
13040
13062
13017
13013
12934
13000
13008
13071
12986
12991
13017
13018
13072
12971
13083
13211
13011
12986
13017
13083
13036
13071
13000
13014
12993
13040
13025
13019
12934
13014
12991
13019
13083
13048
13012
13071
13012
13011
13068
12986
13014
12980
13017
13025
13040
12992
13018
12999
12950
13036
13083
13062
13018
12993
13008
12992
12986
12924
13040
12979
13040
12950
12979
13025
13011
13025
13008
12986
12991
12979
12991
12991
13012
13018
13048
12732
12787
12823
12993
12999
13071
13017
13012
13017
13011
12934
12806
12826
13072
13040
12732
12980
12823
12934
13012
12829
13083
12980
12840
12760
12749
13040
12844
13017
12992
12786
13000
13012
13017
12980
12991
12823
13072
13040
12801
13036
12924
13062
12787
12992
12844
12782
12786
13008
12830
12992
12829
12812
12851
13011
13071
12830
12796
12781
12812
12787
12707
12902
12826
12732
12829
12831
12732
12806
12829
12831
13048
12786
12782
12812
12749
12668
12844
12829
12732
12750
12707
12801
12806
12855
12831
12782
12786
12829
12840
12796
12801
12781
12668
12826
12902
12787
12786
12796
12845
12763
12830
12992
12823
12855
12823
12831
12855
12698
12786
12684
12713
12668
12812
12831
12796
12806
12840
12851
12801
12786
12851
12786
12830
12707
12713
12812
12760
12786
12843
12750
12801
12812
12851
12823
12829
12763
12786
12463
12749
12749
12750
12812
12855
12732
12855
12707
12760
12823
12616
12760
12830
12782
12806
12657
12542
12600
12732
12796
12463
12698
12823
12844
12830
12732
12527
12786
12732
12851
12698
12829
12812
12840
12513
12831
12823
12668
12540
12535
12851
12701
12684
12495
12782
12487
12812
12482
12812
12843
12572
12486
12694
12615
12698
12600
12763
12830
12801
12830
12694
12763
12713
12664
12513
12668
12829
12796
12668
12616
12851
12684
12812
12698
12855
12558
12823
12581
12628
12482
12701
12482
12487
12581
12600
12542
12840
12600
12540
12463
12616
12540
12412
12495
12831
12542
12535
12701
12486
12535
12487
12527
12540
12486
12540
12535
12573
12511
12664
12550
12513
12830
12562
12412
12694
12615
12657
12514
12412
12581
12664
12393
12498
12572
12694
12495
12495
12495
12558
12657
12600
12616
12486
12513
12698
12514
12482
12701
12701
12487
12572
12463
12615
12581
12498
12550
12542
12550
12558
12562
12694
12542
12511
12527
12514
12615
12412
12527
12540
12540
12701
12664
12573
12487
12535
12495
12482
12558
12664
12495
12562
12393
12482
12550
12664
12487
12572
12514
12430
12558
12616
12550
12573
12664
12701
12535
12312
12542
12486
12616
12495
12511
12558
12542
12694
12362
12486
12628
12487
12495
12600
12393
12572
12412
12513
12558
12550
12486
12657
12664
12320
12420
12664
12231
12694
12573
12527
12231
12298
12615
12430
12298
12615
12320
12701
12312
12511
12664
12542
12430
12558
12312
12540
12527
12486
12664
12540
12511
12572
12314
12298
12550
12382
12420
12386
12299
12495
12186
12342
12615
12572
12400
12312
12412
12486
12231
12514
12487
12393
12412
12381
12382
12628
12513
12312
12558
12253
12393
12253
12312
12694
12299
12186
12420
12386
12288
12207
12664
12299
12231
12312
12298
12399
12402
12333
12495
12445
12312
12389
12231
12290
12342
12333
12314
12298
12382
12386
12312
12320
12387
12389
12381
12420
12320
12320
12207
12550
12342
12362
12288
12381
12202
12253
12399
12342
12288
12303
12202
12382
12362
12246
12213
12231
12288
12333
12386
12186
12299
12213
12420
12207
12303
12039
12387
12299
12333
12320
12400
12303
12359
12386
12694
12314
12333
12246
12039
12298
12387
12382
12382
12402
12207
12299
12207
12246
12312
12312
12362
11990
12068
12058
12382
12386
12231
12420
12253
12290
12303
12231
12381
12333
12213
12246
12445
12253
12129
12362
12288
12445
12152
12402
12131
12129
12095
12445
12108
12382
12333
12082
12387
12303
12039
12081
12362
12400
12389
11990
12400
12081
12032
12207
12402
12386
12303
12402
12131
12288
12058
12386
12039
12246
12253
12013
12246
11988
12387
12129
12387
12068
12382
11988
11974
12039
12082
12389
12013
12024
12121
12108
12150
12032
12094
12402
12068
11990
12094
12207
12082
12105
12333
12064
12400
12081
12206
12024
12169
12121
12081
12095
12108
12303
12303
12269
12386
12068
12105
11926
12105
12090
12095
12387
11974
12387
12381
12152
11839
12090
12154
12032
12333
12121
12058
12119
11974
12068
11820
12150
12058
12154
12024
12153
12119
12095
11990
12152
12032
12206
12150
12090
12131
12024
12206
12121
12131
12119
12225
12024
11974
12382
12024
11926
12121
12081
12169
12225
12039
12087
12090
12024
12225
12064
12094
11797
11952
11952
12095
12121
12269
12068
12096
12064
12032
12082
12121
12153
11856
12068
12206
11974
11846
12154
12121
11889
11952
11839
11990
11936
12225
11839
11924
11820
12154
12064
11926
11846
11856
11978
11923
11796
11978
12225
12206
11952
12095
12119
12096
11916
11965
11971
11964
11965
11820
11936
12064
11923
12121
12096
12032
11923
12094
12206
11946
11663
12090
11979
12121
11796
11727
11936
12096
11856
11797
11946
11965
11976
11964
12006
11924
11830
11915
12087
11796
11926
11976
11915
11727
11727
11976
12006
11820
11964
11973
11978
11830
11964
11919
11787
11973
11978
11916
11797
11936
11952
11856
11949
11949
11916
11965
12087
11976
11919
11915
11971
11946
11976
11923
11979
11971
11915
11727
11971
11635
12087
11663
11919
11946
11889
11868
11973
11923
11830
11868
11663
11957
11915
11919
11915
11820
11723
11793
11670
11978
11723
11820
11833
12087
11787
11726
11797
11965
11971
11839
11946
11976
11936
11949
11610
11889
11915
11751
11973
11670
11744
11722
11635
11965
11957
11978
11636
11751
11716
11671
11723
11751
11744
11795
11916
11976
11868
11915
11979
11915
11971
11948
11957
11946
11593
11610
11965
11915
11593
11718
11889
11726
11593
11919
11813
11671
11792
11817
11833
11916
11716
11838
11636
11849
11793
11670
11670
11793
11813
11593
11795
11838
11788
11771
11833
11726
11726
11593
11795
11716
11762
11722
11971
11915
11718
11751
11751
11751
11957
11795
11663
11762
11972
11663
11795
11762
11629
11532
11922
11813
11671
11726
11449
11771
11723
11813
11610
11835
11431
11813
11718
11469
11873
11593
11851
11744
11610
11792
11723
11851
11571
11793
11833
11823
11849
11751
11838
11726
11751
11629
11851
11851
11587
11593
11593
11449
11957
11547
11800
11788
11629
11823
11431
11625
11793
11762
11663
11469
11795
11948
11449
11547
11922
11411
11813
11528
11795
11529
11571
11449
11449
11726
11833
11813
11833
11593
11801
11593
11587
11411
11744
11469
11516
11689
11838
11556
11431
11672
11793
11516
11817
11469
11833
11456
11673
11571
11823
11529
11571
11547
11528
11625
11619
11609
11658
11629
11405
11765
11851
11528
11801
11197
11492
11456
11751
11672
11609
11625
11792
11352
11352
11765
11619
11619
11657
11609
11506
11609
11506
11695
11793
11250
11269
11516
11547
11625
11571
11556
11711
11516
11817
11528
11672
11658
11800
11609
11625
11762
11569
11571
11569
11352
11332
11538
11456
11494
11547
11333
11251
11609
11528
11298
11337
11689
11675
11202
11711
11333
11333
11625
11494
11222
11528
11571
11695
11516
11305
11569
11657
11259
11791
11332
11493
11556
11619
11672
11197
11506
11673
11521
11528
11675
11202
11609
11222
11619
11569
11689
11250
11609
11528
11609
11673
11619
11238
11493
11703
11055
11556
11657
11269
11556
11625
11747
11251
11695
11298
11703
11460
11055
11055
11711
11238
11538
11238
11657
11692
11428
11672
11692
11494
11538
11658
11711
11521
11521
11305
11695
11478
11673
11506
11428
11538
11251
11337
11269
11525
11055
11689
11588
11197
11222
11238
11675
11197
11692
11556
11521
11569
11460
11053
11703
11305
11305
11478
11711
11747
11305
11673
11657
11202
11428
11535
11535
11668
11538
11055
11053
11337
11657
11521
11521
11225
11238
11166
11473
11305
11428
11337
11423
11460
11535
11355
11337
11224
11607
11166
11201
11305
11114
11692
11607
11525
11292
11292
11521
11114
11703
11692
11238
11259
11428
11428
11543
11478
11225
11318
11588
11460
11222
11428
11668
11498
11657
11607
11053
11569
11538
11166
11305
11535
11101
11114
11473
11202
11244
11521
11407
11246
11292
11055
11423
11588
11543
11053
11105
11212
11537
11065
11204
10958
11101
11478
11318
11259
11166
11473
11053
11105
11657
11259
11181
11201
11423
11407
11607
11202
11535
11524
11355
11244
11114
11426
11181
11408
11065
11535
11055
11158
11391
11201
11201
11113
10863
11244
11607
11114
11246
11473
11113
11355
11426
11181
11224
11181
11524
11525
11537
11005
11166
10863
11073
10895
11407
11318
10878
11181
11175
11006
11019
11274
11478
11105
11246
11444
11535
11105
11383
11452
10855
11273
11181
11408
11113
11423
11353
10749
10749
11073
11426
11354
10842
11354
10975
11175
10855
11478
11473
11426
11006
11113
11353
11274
11037
11281
11158
10958
10863
11006
10878
10958
11212
11353
11019
11273
11205
11444
11226
10863
10975
11048
11273
11048
11158
11274
11037
11037
11274
10975
11048
11383
11164
11158
10948
11282
11282
11181
11188
11019
11452
11105
10842
11005
10749
11048
10895
11037
11105
11128
10958
10589
10878
11016
11354
10878
11273
11094
11274
11273
11265
11128
11006
11205
10855
11283
11113
10855
10944
10863
10564
11188
11288
11113
10827
11181
11163
11273
10944
11086
10878
11255
11158
10855
10856
11281
10641
10944
11016
10764
10842
11288
11094
10628
11016
10755
10856
10564
10875
10875
11181
10749
10875
10564
11288
10948
11016
10856
10764
10589
11036
11094
11094
10764
11036
10944
10755
10944
11255
11036
11163
10875
11048
10770
11175
11048
10564
11164
11164
11273
11281
10857
10875
11086
11023
11211
11048
10770
11163
10973
11033
11023
10857
10628
10749
10687
10827
10770
11106
11163
10582
10641
11016
10418
11023
11075
10875
10875
11081
11265
10755
10857
11075
10637
11026
10861
10944
10875
11027
10628
11135
11059
10582
11033
10808
10675
10564
11048
10590
11081
11135
10751
11080
10687
10687
10808
10861
10861
10948
11036
11023
11106
10435
10602
10603
10808
10687
10944
10764
11023
10418
11026
10767
10657
10973
10362
10590
10755
10770
10861
10435
10755
10875
10598
10944
11094
11080
10889
10811
10435
10992
10970
10861
10675
10948
10362
10770
11027
11059
11106
10603
11135
10592
10928
10751
10767
10906
10751
10400
10778
10592
10474
10906
10602
10362
10471
10603
10400
10992
11081
10861
10992
10603
10474
10903
10861
10675
10435
10880
10418
10675
10861
10738
10435
10880
10706
10889
10590
10808
10649
10418
10592
10675
10992
10401
10471
10637
10872
10592
10603
10778
10861
10189
10861
10471
10592
10992
10770
10817
10889
10920
10738
10675
10474
10657
10751
10541
10906
10861
10906
10767
10400
10751
10738
10920
11026
10992
10371
10180
10602
10400
10570
10970
10920
10437
10889
10362
10307
10541
10602
10371
10418
10920
10341
10649
10570
10381
10381
10603
10471
10401
10471
10928
10623
10618
10776
10706
10776
10401
10618
10403
10307
10992
10699
10541
10623
10474
10903
10279
10623
10592
10279
10466
10183
10880
10618
10623
10751
10738
10699
10720
10401
10261
10143
10180
10649
10555
10775
10639
10143
10618
10543
10595
10543
10543
10143
10665
10623
10341
10401
10623
10437
10281
10471
10649
10279
10281
10699
10541
10203
10371
15018
10595
10437
10618
10225
10401
10570
10074
10371
10281
10261
10341
10776
10671
10639
10381
10751
10623
10381
10618
10541
10313
10498
10397
10260
10671
10598
10595
10570
10225
10671
10260
10543
15000
10699
10401
10189
10146
10720
10180
10519
10260
10299
10522
10699
10341
10014
10665
10776
9984
10202
15000
10225
10623
10391
10543
10437
10143
10143
10225
10260
10203
9932
10225
10623
10485
9934
10400
10570
10397
9932
10618
9984
10459
10193
10260
10143
10397
10437
9984
10018
10397
9941
10018
10032
10074
10476
10146
9941
10426
10074
10003
10397
10200
9934
10426
9934
10202
10459
10225
10555
10299
10146
10397
9866
15018
10397
10143
10485
10498
10313
10225
10426
10193
9866
9866
10522
10423
10485
10074
10391
10313
10522
10032
10519
10595
10200
10485
10260
14997
10074
10383
10074
9984
10526
10426
10146
10014
9984
9866
9984
10032
10616
9929
10014
10225
10193
9984
10260
10476
10260
10459
10014
10397
10225
15015
9984
10476
10522
10335
10485
9739
10273
10193
9834
9932
10391
10074
10397
9862
9984
10335
9993
10146
9739
10225
10074
10225
10299
10426
10146
9866
9929
10143
10260
10225
10313
10616
10426
10391
9739
9993
9828
10423
9866
10426
10397
10616
9862
10299
9834
10397
14998
10074
9493
15015
10459
10451
10383
9828
9953
10133
9866
10391
15015
10074
9766
9866
10273
9834
9493
10118
10003
9984
10335
10485
9944
9739
10014
10014
10022
10246
10118
10616
9953
9642
10476
9941
9642
10459
9828
10032
10114
10248
10230
9941
10260
10423
10014
9866
10197
14997
10234
9834
10459
9766
10459
9929
10030
15016
10118
9493
9766
9944
10022
10030
10234
10335
9929
9705
15006
15004
10133
9828
9993
9944
10014
9375
9705
9705
10195
10118
10133
9493
9866
9601
10118
9705
10197
9866
9493
10250
10074
9862
9766
10118
10030
9705
9493
9944
10131
15005
9766
10250
9866
9993
15016
10230
9453
10451
10022
10197
9957
9705
10131
15014
9724
9603
10250
10234
9834
9601
9705
10246
9955
9941
9642
15005
9923
9741
9702
15016
9944
10014
9828
15014
10030
9792
9548
9724
10234
9469
9483
9548
10195
15004
9453
9834
10195
9944
9845
10118
9766
10114
9493
10034
15006
10118
9705
10043
9971
9601
10314
9705
9792
10234
9352
9955
9453
9453
9350
10118
9523
10234
9469
9792
9705
15003
9766
10043
9523
9375
9957
10067
9870
9375
9705
10118
9834
9944
10043
9523
9922
9453
9845
10041
9355
10067
15003
9971
15004
9483
9487
9469
9548
9741
9705
10030
9523
9792
9375
9702
9957
10195
10139
9724
10195
9350
10139
10195
9523
10030
9905
9845
9483
9955
10043
10195
10195
10030
9705
9523
9603
9264
9845
10067
9702
10067
9967
9264
9642
9741
9922
9870
9355
15016
9741
9746
15004
9469
9116
9923
10067
9352
9350
9523
9523
9870
9169
9845
10030
9679
9923
9105
9264
9366
9601
9702
9905
15003
9350
9469
9845
9375
9905
9105
10002
15003
9603
9955
9922
9548
9955
9621
9741
9905
10002
9169
9352
9971
9337
9010
9523
9905
10067
9710
9774
9469
9116
10067
9375
10043
9322
9755
9294
9005
9845
9789
9483
9427
10043
10030
9350
9487
9792
9201
10030
9116
10043
9169
9487
9366
9337
9165
9350
9957
9830
9741
9355
9548
9427
9548
9839
9905
9169
9264
9905
10067
9702
9005
8955
9621
9755
9435
9435
9621
9755
9789
9440
9701
9005
9249
9366
9858
9120
9427
9105
9922
9746
9105
9165
9105
8983
9435
9010
9701
9105
9116
9249
9432
9621
9165
9922
9551
10002
8955
9249
10002
9645
9035
9774
9427
9922
9249
9636
9116
9755
9621
9789
9702
9747
9169
9789
9645
9746
9701
9337
9120
9322
9366
10002
9427
9765
9752
9073
9010
9366
9774
8983
9368
9368
9621
9105
9755
9179
8882
8487
9789
9701
9747
8907
9701
8800
9105
9755
9427
9201
9294
8796
9052
9366
9308
9308
9120
9052
9755
9839
9789
9774
9301
9366
9120
9105
8955
8874
9774
8882
9105
9165
9649
9174
8660
9427
9755
9621
9302
9701
9789
8796
9120
8487
8725
8983
14791
9755
9621
9755
9105
9746
9105
9105
9105
9710
9249
8660
9636
8907
9120
9922
9649
9621
9120
9120
9621
9701
9789
8800
8983
8725
14791
9308
9317
8725
9201
9201
9052
9774
8487
9308
9427
9308
9023
8983
8725
9105
9496
14857
9201
8849
9530
8850
9368
9366
9774
9571
8848
9701
8925
9645
9456
9505
8907
9496
9747
9174
9174
9035
9023
8848
8925
9050
14993
9466
9571
8850
9650
9636
8552
9774
9456
9571
9496
8925
8516
9752
9120
9441
9774
9394
14791
9242
9466
8983
9466
9174
9242
9505
9394
9529
8843
8486
9571
8741
9050
8656
9050
8925
8850
8925
8430
8942
8725
9105
8514
9922
9922
9529
9636
9242
8925
9466
8848
9023
9174
14993
8552
8882
9466
8516
8430
8925
8487
9649
9464
8850
14993
8725
9105
8430
8925
8692
8741
8843
9466
8942
8882
9530
9529
9649
9466
9650
8508
8130
9023
8516
8848
9774
9636
8925
9649
8514
9529
8741
8828
8850
9581
9571
8552
8508
8942
9650
9023
9597
9242
8849
8849
8843
9571
9529
8602
8508
9571
8508
9464
8552
9636
9466
9050
8692
8843
9065
9529
8552
9172
9023
8430
8430
9394
9464
8508
9270
8848
9649
8843
8508
14993
8130
9529
9571
8575
8506
8508
8828
9023
8552
8656
8130
9475
8662
8486
8508
8454
8130
9270
8516
9571
7950
8552
9466
8828
9270
8965
8130
8506
9496
9100
9529
9496
8516
9100
8506
8848
9065
8828
9571
8552
8506
8849
8662
8398
9571
8414
8516
8508
8308
9571
8656
8656
9174
8552
7979
8128
8602
9581
8828
8398
8506
9529
9174
8516
8843
8506
8398
9571
8656
9475
9097
9496
8851
9466
9597
8546
9597
8602
8575
8828
8179
9100
9100
8399
8848
9496
8508
8843
9174
9172
8424
8424
8424
9571
9597
8602
7979
8398
8547
9100
8828
9571
7950
8516
9571
9571
9566
8282
9475
9496
8547
9270
8602
8602
8398
8546
8399
8506
8424
14995
9529
8399
8965
8308
9496
8506
9571
8053
9100
9174
8575
9172
8506
9571
9571
9571
8240
9100
8179
8662
8849
8662
9065
7862
9475
8398
9571
8232
9464
8546
9100
8546
9270
8399
8315
8546
9270
8506
9476
9571
8424
9065
9566
8547
8965
9571
8149
8547
9097
8414
8547
9464
8627
9100
8506
8245
9270
9476
8399
8965
8398
8414
8240
8506
8026
9597
8282
7979
9529
9464
8506
7862
7862
8024
8240
9270
9521
9521
7951
9529
9566
8547
8026
8965
7951
8240
8282
8315
8620
9476
8026
9597
8965
8505
9597
8919
8177
8177
9597
9097
9065
9270
9100
8594
8310
8310
8053
8594
7979
8505
8627
9270
8965
8053
8024
9194
9566
8026
7979
8240
9464
8117
9597
9476
8236
8315
9566
8177
8963
8179
8310
7951
8414
8053
9597
7851
8232
8627
8026
8414
8024
9521
9194
9597
9597
8308
8963
8177
8506
8026
7862
9521
8315
8506
8240
8310
9566
8414
8965
9360
8177
9529
9597
8026
8761
8245
8026
9194
9566
8232
8024
8420
8117
8026
8240
8627
8024
7862
9100
9464
8024
8080
9360
9496
9362
8919
8620
8024
7977
8414
7951
8117
8963
8117
8233
9100
8026
7944
7862
9476
8079
8594
14995
8919
8963
7979
14995
8024
7886
9360
9496
9381
8420
9566
8232
9360
7851
8315
9194
9360
8052
7857
9360
7857
8963
8420
8245
8236
8024
9476
7947
9194
7883
7944
7889
8024
8594
9381
8315
7557
7482
9464
8052
8174
7884
7746
8919
8080
8414
14995
7947
9464
8174
7813
8026
7821
7914
9381
8761
7974
9360
8117
8620
8414
7746
7851
8593
8919
9423
8620
8245
7864
8761
8594
9097
7857
8149
9496
8145
7855
8420
8236
8273
9464
7857
14995
8236
7779
9496
7779
8620
7914
7947
9360
8594
7855
8593
7977
9360
9566
7889
7883
8594
8273
7851
9194
9496
7886
9496
9360
8420
7557
7857
7944
8236
7914
9362
9360
7944
9397
7884
7851
8919
8233
7884
9360
8919
8420
8594
7557
8174
9381
7889
9496
7883
7864
9194
9464
9194
7855
7482
8594
7974
7947
7821
9397
7947
7914
8620
9194
8145
7947
9464
7554
9194
9194
9194
9171
9097
7886
7616
7618
7883
15151
7974
8919
8594
9423
7744
9194
9423
7482
8273
8594
7886
7535
7857
8594
7944
8919
9381
7746
9423
7744
7533
7947
9171
7889
9397
7741
9194
8593
8761
7554
9194
8420
9361
9423
8420
8620
7883
9361
7864
7821
9194
7855
7533
7613
15151
9194
9067
8761
8593
7616
9098
7883
9194
8174
8273
7779
8593
8420
7779
9239
7534
7813
7557
7884
7554
8420
7135
8594
7744
8761
8414
9163
8145
7857
9277
9343
9277
7618
9067
7135
7479
7243
7947
9343
9148
7444
9194
8593
9423
9080
9182
7744
9277
9212
9098
9423
9423
9079
9239
9194
9423
9080
7616
8949
8761
9098
9163
9194
9080
9194
9182
8593
9390
9162
7243
9163
9423
7440
7741
7536
8764
9277
8147
7821
9113
7243
7482
7886
9320
8949
8949
9320
7243
8147
7813
9067
7243
8764
9162
9390
9163
7613
7479
8198
7744
7618
9423
9162
9113
9239
9162
9113
8145
7534
9029
7535
9148
7554
9423
8273
7661
9122
8949
15151
7857
9194
9098
9029
8949
8939
8593
9239
9113
9320
7618
7509
9122
8949
9029
9067
8593
9261
9194
7535
9113
7744
8046
9113
7533
8949
7293
9162
7555
9028
9239
8949
7209
8833
8939
7300
9423
8949
9423
8273
9162
9162
8762
9135
8762
9113
7536
8046
8962
7209
9261
7416
7533
9098
9318
8593
9319
7555
7805
7509
7813
9113
7536
9113
7471
8147
8949
7300
8949
9135
8046
7534
7440
9098
7411
8273
8198
8962
9194
8762
9423
9113
9423
9028
9098
9135
8641
7618
8949
8641
9319
7209
8046
7482
9028
8833
9084
7479
8274
9239
7741
9194
8764
8046
7440
9028
7613
8949
8273
9135
14843
9239
7762
8764
9261
7243
14970
9239
8762
8939
7329
14955
7554
14955
9135
7444
9256
9084
8763
7416
8832
9098
7049
7293
7661
14970
7555
7509
7285
8653
7555
9256
8
9113
9113
8863
8653
7329
8
9122
8046
8641
8593
8198
9261
9098
9256
9098
9256
9113
14843
7160
9084
9256
7411
7534
8762
9135
8939
8832
14843
7535
7416
8762
7805
9113
14843
8075
8641
9109
9098
7135
9113
7243
8274
7535
9239
9113
9109
7535
9256
8736
9113
7285
7411
7300
9256
8652
9113
7329
7049
9256
9255
9098
9256
9098
8863
8593
9135
8939
9256
9135
9113
9239
9113
7762
7411
8939
7411
8198
8653
8736
7293
8501
9113
7479
8763
14843
7661
8567
8273
8779
8762
8640
9113
7509
8653
8807
8736
8640
8762
9098
7188
8652
9135
9256
7479
7246
7209
8609
9109
8653
8401
9255
8609
8567
7293
8075
9113
8641
7329
8274
7586
7741
8377
8863
8305
7300
9057
9098
7300
9098
8530
8832
8698
8401
8652
9098
8468
8377
14959
9109
8198
8736
8609
6947
7128
8468
7209
14970
8652
8471
8609
8046
14959
7535
9109
9113
7099
8832
9113
14970
8609
7534
9113
8469
8698
7509
7416
14970
7246
7049
8107
9135
8764
8753
8609
8609
9135
8640
8763
8567
7586
6871
8377
9113
8805
9028
8609
9057
7586
8805
8565
8274
8501
8832
9208
8305
7471
9057
8746
8305
8609
8652
8501
7762
8807
9113
7440
8198
8753
8274
7535
8807
9135
8736
7049
9109
7049
14925
9109
8609
8274
7661
8339
14925
8609
14944
8762
14925
9113
8198
7536
9159
9159
8762
9109
8469
8762
8468
8532
8805
7101
6947
8501
8609
14970
8856
7411
8653
8274
9134
8305
6947
7128
8377
7188
7285
8932
8837
8377
8652
7534
8805
8565
7805
14944
7329
8856
14969
8653
8198
8762
7160
14926
8468
7329
8075
8609
8406
8406
8181
8339
8977
7293
8932
8698
8880
8532
7805
8501
8609
14944
8075
8832
7586
8832
8653
8832
8305
8198
8565
6840
14925
8377
8305
8181
14944
7100
8698
7246
8274
8805
8377
14970
14926
14926
7741
8587
8698
14837
8501
8698
7048
7300
7329
8698
8375
9077
8705
6769
8539
14926
7101
8198
7586
7586
7160
8837
9134
8222
9134
7160
8706
8932
8406
6839
14837
7586
8837
14925
8619
8044
8587
8653
8377
8296
8044
8092
8406
9076
8532
7293
4
9109
8977
6736
8305
9077
8198
8609
14970
7049
8609
8880
8591
8406
8199
8377
7246
8107
14969
7285
8807
7586
14925
6871
8377
8073
9075
6840
8107
8674
8532
8181
8044
7128
8210
8375
8646
8863
8305
8837
6971
8296
8248
8305
8181
8250
7535
7293
8210
4
4
8706
8838
8705
8807
7534
8181
8210
8210
7099
8375
8199
8838
9075
8107
8951
4
7534
8705
8837
8305
6818
14959
8951
8088
8181
8591
7805
8224
8698
8565
7049
7586
8406
6871
8092
8415
7390
8181
14978
8210
14926
8181
7246
6840
8837
6871
8210
14837
9075
8705
14837
8591
8199
4
8619
14959
8181
8250
8837
8705
8181
7737
7847
8044
14925
8088
8296
14978
6769
8031
8073
8388
8141
8107
8674
8193
8712
8181
8035
8434
7470
8088
8712
8044
8674
7101
7550
8267
4
7470
8107
6871
8181
8706
8377
8439
8199
7285
8109
14934
8328
6661
6839
8141
8375
6818
8329
6769
8159
7847
8141
9075
8591
7048
8591
8250
8141
8250
8674
8250
7160
7663
8181
8159
6736
6839
8031
8044
8446
7048
8193
8092
8181
8088
6871
8342
8181
8092
8044
7162
7354
8646
8674
14978
8674
8434
6730
8346
4
6871
7162
8950
8439
7550
7847
8141
8172
7932
7470
7100
14960
8181
8950
7877
8712
7285
8109
8181
7354
7390
8646
7049
7847
8107
6971
8092
7805
8585
14934
14837
8377
8092
7663
9075
7550
14837
8181
8073
14978
7048
9075
8141
8141
7329
8439
8439
8674
7160
2
7534
8415
8073
4
8927
6792
8406
8044
8446
6871
6840
8346
14978
8434
6602
7390
8031
8831
8434
8088
8181
8674
8109
8646
7246
9075
8172
8092
14840
7877
8141
7663
8088
7847
7101
8646
7847
8031
8439
8181
2
8224
8092
7805
8646
6769
7877
7953
7160
14840
8434
8109
7354
7845
6971
6871
8950
8092
6816
7162
7737
7847
2
6839
8950
8406
8712
8181
14837
4
8092
7101
8035
8346
6945
7953
8092
8619
6842
7586
6971
4
8107
7847
6971
8181
8181
9075
6840
7550
8044
8927
6842
7963
8184
8184
14837
6842
8646
8157
8141
8674
7663
7958
7006
14840
14920
8329
14920
8388
8103
6730
14920
8674
8342
7663
8181
8035
8646
8674
8073
8646
7877
7550
6736
8181
8103
8831
8674
8181
8092
4
8329
8092
8406
7982
14920
7663
8087
8950
4
7737
8674
8087
7354
8092
8141
7390
8107
8181
6971
6602
6769
8092
8674
14957
8092
8646
6993
7868
8092
14840
8040
7162
8102
14957
14927
8156
7958
7877
7550
7022
7845
8181
7285
8328
6871
8092
8646
7737
7877
7162
8040
8439
8087
7920
8090
6945
7737
8172
8092
8194
7470
8343
14841
7847
7550
14935
8646
7550
7101
6842
8090
8831
8092
7963
8329
8776
7847
8194
7809
8184
14840
7877
7162
7953
14839
7845
8562
6971
7932
8087
14837
8172
14957
8087
8073
7877
6971
8102
8087
7845
8776
7969
6839
6736
8087
8184
7049
8562
7285
8646
8381
14841
8087
8345
6996
8586
14941
8087
7877
14935
7550
6736
8109
6818
7845
6943
7663
7878
6769
7737
7900
14839
8188
6842
6871
6839
7160
7920
6839
6661
6792
6769
7878
8157
8009
6713
8073
6818
7006
7847
7953
7390
7550
6711
7470
8087
7928
8103
7732
7777
8345
14830
7048
14839
8092
7847
8092
7878
8087
6971
7285
7877
7810
14919
6943
6549
7868
6818
7847
7969
7967
7868
7809
7903
7101
8580
6945
14830
7737
8155
14919
7006
7969
7550
8345
14839
6839
6730
6661
7354
14919
14935
7550
3
7352
6769
6711
7847
7965
8581
6661
7847
7663
8674
8033
14941
8040
7878
7728
7903
7584
7868
7845
7959
7285
7048
7845
8087
8581
14919
8091
7953
7969
7728
7663
8009
8091
6874
8009
7777
6816
8058
8058
7470
7810
7847
7101
6818
6736
7584
6736
8298
14839
6840
7354
7969
8038
6944
7878
7878
7959
8264
8092
7466
7580
6818
7832
7969
7022
7354
7470
14790
14919
8381
7809
14941
6839
8345
7732
8345
6839
8381
7006
7352
7969
7958
6971
8164
7732
7584
7829
7845
6661
6993
7352
7777
8381
7729
7810
7580
7352
7928
8164
8438
7845
6818
7069
7868
7580
3
8436
7689
8033
7048
6993
7584
7969
14922
7550
14839
6874
6945
7868
6874
8381
7352
6730
7809
7903
7773
8142
6871
14790
6769
6549
7584
6818
7584
8345
14829
7354
7810
7868
7832
7868
8438
7878
7354
7580
7223
7015
7567
7969
14839
6996
7810
6711
7928
14939
7352
7285
7663
6602
7810
6711
7006
7830
7732
7868
6730
7732
6661
7829
14939
14787
14922
7777
6944
8033
7869
7663
7810
7955
14939
7584
7466
7903
14790
7352
7728
8033
6839
7868
7584
7800
6945
6818
7845
6839
7015
7352
6630
14834
6816
8438
7069
7969
7810
6631
7048
14790
7584
8186
6769
7584
6631
6818
7986
3
7969
6632
7748
7878
8345
7069
7770
7728
7354
6633
7878
7069
7924
7773
7868
7466
14939
6996
7664
7528
7832
7352
7793
7898
7580
7919
7732
6630
7580
7223
6661
7571
14787
7869
7580
8142
6632
7352
7550
7567
7069
6713
7728
7845
7773
7753
7810
3
8163
7794
7069
7015
7986
7832
6769
7770
7584
14829
14922
6839
7466
7986
7693
6945
7969
7810
7928
7352
7015
7878
7878
7582
7584
8142
7466
6661
6818
7728
7422
7800
7903
7800
7898
7466
7022
7955
6730
7101
7827
7069
7069
6711
7467
6816
7584
7969
14939
6549
7529
6874
7919
6711
6944
7223
7924
7006
7550
7770
6839
7528
14939
3
6818
7582
6736
7345
7069
7015
7753
14829
6944
7827
7434
14922
6713
7467
7583
6945
7792
7584
6736
14834
7583
14939
7069
6631
7015
6688
7720
7069
7015
7422
14787
14836
6632
7006
6769
7014
7466
8163
6631
7529
7724
6730
7583
7069
7842
7015
7891
6630
7528
7560
6711
7467
7631
7986
7664
6767
7775
3
6633
6661
7457
6602
7582
7794
6818
7693
7724
7015
7842
6711
3
7571
7223
7006
7516
7641
7541
6632
6767
6713
6816
7891
7069
7697
6996
6730
7607
7986
6630
7467
14787
7541
7015
7800
7015
7491
7800
6816
6818
7583
6763
6688
6632
6874
7564
6944
3
7583
7728
6899
7607
7466
7403
7015
7351
7722
7683
7223
7770
7345
6661
7014
7069
7015
6769
7529
3
7529
14836
7466
6945
7827
7351
6736
6818
7607
7206
6711
6730
7715
7006
7793
7529
6763
7015
7679
7015
7422
6818
7891
6631
6767
6763
6769
7696
7694
7583
7345
7154
6633
7564
7795
7775
6661
7015
7697
7491
7457
7264
7529
7014
7516
6769
6814
7528
7015
7345
7541
6816
7466
7541
7351
6899
7685
7223
6767
6899
7223
7631
7014
7569
14836
7569
6602
7460
6763
6713
6688
7684
7089
6687
7308
7276
7460
7522
6818
6763
7542
7223
6769
7636
7087
6549
7685
7351
6649
6767
7516
6736
6630
7015
6688
6816
6713
7042
7560
6711
7515
7605
7607
6763
7697
6524
7627
7448
6630
7015
6195
6438
6686
7351
6633
7800
7399
7308
6392
6392
7089
7345
7014
7403
6779
7800
7367
7627
7014
6711
6661
6602
6899
7014
6711
7277
6417
7491
7571
7124
7516
6818
6687
6688
7696
7542
7042
6816
6681
6816
7014
6769
7223
7568
7006
7010
7600
7466
6818
6899
7403
6661
7460
7684
6493
6882
7250
6688
7345
7515
6769
7169
6468
7223
6899
6763
7403
6767
7548
6524
6763
7014
7206
7014
7679
7223
7631
6441
6899
6649
6686
7015
7006
7010
7522
6818
7119
7171
6681
6769
7115
14828
7154
6816
6818
7313
6392
7250
7015
7600
6392
6899
6763
7277
6661
7042
6767
7419
7374
6493
7013
7405
6392
7087
6767
6438
7631
7491
6417
7014
6438
7264
7340
6818
7460
6195
7121
7374
6649
7341
6497
6250
7015
6763
7042
6686
7405
7145
7491
6688
6661
7119
6816
6894
7250
6681
6524
7369
6767
7374
6818
7304
7006
6649
7302
6599
7171
6438
6984
7014
6438
6195
6907
6899
7548
7280
6984
6599
6417
6661
6769
6834
6602
7119
6779
6438
6421
7313
6899
6649
7419
7568
6522
6767
6417
7194
7013
6493
6816
6358
6468
6661
6524
6250
6470
6818
6602
6686
6195
6899
6497
7460
7605
6599
6392
7378
6497
7465
6468
7302
6661
7313
6599
6681
6438
7253
6966
7121
6602
7279
7090
6438
6894
6761
6195
6978
6661
7460
6599
7341
7145
6838
7173
6315
6417
6421
6599
6767
6468
6493
6948
6984
7010
7172
7052
6816
6497
7315
6250
6948
7114
6524
6649
7249
6392
7453
7119
6497
7202
6522
6755
6893
6523
6421
6438
7029
6315
6966
6599
6681
6865
7142
6816
6493
7172
6417
7279
6195
6315
6195
7378
7142
7280
6358
6438
6834
6527
7148
6965
7334
6249
6527
6417
6358
6362
6468
6196
7172
7253
6441
6602
6838
6779
6490
7249
7141
7148
7107
6863
6523
6522
7374
6899
6279
6249
6421
6358
6978
7460
6229
6602
6984
6882
6727
6470
6358
7172
7060
6196
6497
6198
6753
6769
6599
7202
6249
6523
6315
6315
6948
7029
6865
7374
6621
7374
6804
6893
7465
6148
7260
6527
6196
6197
6198
6487
6710
7107
6838
6779
6147
6198
7121
7032
6196
6195
7052
6661
6493
6421
6948
6816
6527
7029
6834
6928
6755
6358
6470
6913
6167
6148
6249
6229
6490
6198
6441
6978
6526
6545
6602
6368
6753
6761
7172
7032
7056
6197
6441
7145
7222
6956
6148
6620
6855
6279
6523
6893
6225
7148
6358
7215
6487
6599
6147
6441
6888
6882
6527
7222
6285
6955
7109
7141
6229
7172
6515
7222
6755
6042
7052
6661
7056
6195
6593
6148
6950
6487
7260
6148
6621
6285
6704
6908
6544
6545
6388
6526
6147
6775
6309
6959
6459
6203
6623
5989
6852
6358
6620
7141
6421
7141
6912
6955
6527
6602
5908
6602
6948
6513
6286
6913
6357
6724
6368
6855
6148
6888
6913
7029
6753
6676
6753
6459
6802
6067
6067
6799
6229
5990
6221
6805
6147
6676
6804
6225
6309
6704
5990
6435
6387
6593
6932
6365
6852
5989
6069
6720
6743
6527
6621
6623
6388
6854
6802
5908
5959
6515
6620
6189
6738
6069
6959
6544
6855
6527
6620
6602
6820
6953
6912
6067
6676
6610
7060
6432
6148
6512
6999
6286
6927
6042
6909
6457
6368
6365
6513
6586
6960
6316
6642
6042
6952
6042
6357
6959
6472
6285
6068
6952
6221
6037
6144
6771
6724
6040
6285
6187
6435
6368
6067
6593
6512
6527
6802
6584
6670
6850
6771
6353
6956
6387
6850
6221
6144
6584
6999
6244
6806
6367
6118
6932
6532
5814
6398
6431
6593
5959
6229
6225
6187
6044
6186
6043
6591
6353
6591
6806
5955
6265
6118
6225
6738
6472
6457
5822
6890
6164
6408
6067
6932
6353
6222
6512
6186
6367
5960
6111
5820
6724
6909
6368
6432
5751
6643
6593
6357
6042
5823
6641
6187
6890
5959
5845
6222
5823
6823
6642
6431
5930
6532
6037
5823
6953
6034
6368
6067
6203
6082
6927
6150
6012
6221
6012
6367
6670
6382
6378
6045
6668
6670
6378
5822
5670
5843
6111
5960
6367
6740
6505
5848
6457
6932
6850
6139
5843
6034
5845
6591
6324
6037
6477
6290
6665
6324
6665
6297
6012
6584
6643
6820
6082
5670
6222
5463
5955
6670
6324
5820
6118
6502
5989
5718
5814
5463
5722
6381
6477
5774
6369
6500
5992
5670
5848
6382
6324
5718
6290
6346
6382
6502
5774
5670
6643
5747
6477
6164
5670
5464
6290
5843
5930
6367
6477
5464
6540
6162
6505
6203
6139
6477
5434
6532
6215
6265
6265
5697
6290
5772
5692
5820
6672
6221
5845
5362
5692
6641
6472
6502
6367
6740
6608
6672
5792
5878
5689
5670
5814
6591
6645
6296
5716
6382
5593
6010
5106
6540
6173
5911
5794
5264
5848
6296
6324
5670
6591
5516
5950
6396
6381
5740
5435
5911
6162
6740
6668
5434
6053
6164
5489
6740
6241
6176
6265
5615
6215
6290
5589
5516
6053
6608
6205
5563
5494
5211
6118
5797
6030
5845
5772
5753
5052
6400
6608
5692
6482
5461
5878
6477
6400
5670
5753
6263
6500
5878
5792
6591
5620
5494
5620
6371
5974
6562
6263
5149
5814
5310
5740
6319
5939
5689
5541
6502
5830
5911
5936
5615
5936
5740
5539
6320
6071
6447
5794
5539
6371
5668
6320
6208
5851
5359
6211
5830
6477
5310
6644
5461
5792
5770
6030
6176
6211
5950
5287
6128
5936
6102
5563
5106
6053
6400
6346
6134
5777
5808
5610
6209
6010
5264
5186
5974
5753
6300
5692
5852
4835
5489
5726
4787
5409
6644
6127
5772
5852
6257
6127
6482
4835
5359
5541
5826
5237
6371
6396
6562
5285
5186
6134
6128
5285
5541
4863
5152
6241
5615
5329
5610
5919
6053
5153
6101
6482
6320
6644
6344
6371
4863
5858
5637
5483
6157
6074
6134
6300
5852
5232
5726
5782
5153
5287
5808
5356
6208
5637
5461
6319
6430
6336
5310
6102
5740
6134
5231
5939
6076
5610
5106
5051
4725
5187
5755
4787
5946
5283
6102
4811
5232
6320
5178
6154
6400
5615
5541
6157
6209
4489
5329
6344
5637
5596
6179
6482
6430
5852
5478
5733
6319
5496
5187
5384
5406
5483
6134
5740
6402
6049
5610
6134
5689
6319
5678
5231
5285
4978
6074
4866
5104
6072
6344
5232
6179
6049
5483
5313
6430
5409
4864
5440
5915
5836
5891
5358
5658
5406
5808
4860
5610
6430
5729
5678
4788
5103
6071
5356
5187
5999
5496
4891
5384
5356
5946
4979
4725
5782
4644
4996
6073
6179
5073
5835
5231
5478
6073
6430
5655
5313
4644
5051
6134
5339
5496
6319
5835
5104
4978
5833
4488
5833
6076
6337
4788
5356
4570
5729
6061
6402
5946
6060
6071
4615
6337
5543
5631
6073
5329
5406
5787
5329
5357
5830
5807
6062
6209
5231
5381
5856
6179
4726
5358
5339
5946
4414
5256
5103
4811
5891
4996
5469
5127
5026
4489
5483
5915
4866
5080
6071
5384
4487
4726
4487
5201
4725
5655
5406
5755
4644
4891
5601
5684
4644
10
4834
5898
5267
6073
6073
6062
4489
4922
4860
6059
5026
4892
4487
5384
6061
5357
5787
5549
4722
5356
4839
5631
5267
6049
5728
6059
5140
4487
4725
4860
5763
5549
5140
5733
5656
5632
4966
4615
5256
4922
4201
5409
5267
5080
6071
5201
4726
5733
6061
5787
5406
4866
5973
6072
4726
5972
5121
5787
4834
5684
5256
5836
4322
5835
6071
10
5019
5047
4892
4757
4485
4567
4619
6073
4485
5601
5898
6073
5661
5507
5835
4490
5632
4485
5026
6073
5527
5140
5174
4490
5601
5728
5973
4722
5781
4514
4839
5502
4202
5833
5701
5502
5898
4839
5498
5836
5507
5756
4353
5445
5898
5972
5763
4201
5733
5445
5256
5856
5549
4486
5756
4922
5972
5409
5781
3827
5973
5661
4934
4644
5543
5601
5317
5267
5787
5660
5553
4645
6073
5001
5834
5895
4966
5757
5898
4544
5002
4922
4520
4757
5601
6108
5140
4413
4353
4757
4387
4995
4485
5174
5121
4645
4120
5728
4409
5357
4152
4409
5855
5836
4648
5686
4954
3993
5203
6071
4642
4514
5317
4520
5047
5216
4617
5686
5527
5728
4934
4995
5046
5601
5527
5578
4954
4151
5001
5498
5068
4617
5708
4431
5109
5553
5661
5109
5660
4935
5765
5428
4648
5651
5216
3827
5140
5900
5660
4486
5651
4854
5216
4514
5002
5834
5602
4567
4152
4640
5757
5898
3917
4222
4198
5756
4571
5421
4152
5430
3993
5603
5834
4069
4934
5502
5601
5701
5895
4121
4642
4069
4520
4642
4995
5084
4479
4120
5121
5216
5377
4409
3892
4351
5421
5324
5756
5528
4546
5708
4750
4514
5047
3827
3993
5900
5547
4514
3767
4954
5428
4854
5068
5270
5860
5399
4544
5785
5701
5430
5686
5276
5547
4640
5109
5216
5900
4987
5203
4509
4353
4995
4272
5757
5326
5168
4486
5765
4700
5216
4252
3892
3827
4355
4929
5602
4854
4854
4068
5660
4272
4640
3866
4249
4995
4324
4222
4150
5756
5860
5708
4929
4252
3866
3827
4567
5046
5421
4821
5324
5528
5276
5757
5506
4642
4821
4546
3917
5399
4648
5377
3767
4700
5168
4150
4198
5573
4054
4272
5047
5430
4123
5068
5374
3787
5556
4706
5681
5573
3767
3767
5293
4068
5547
4640
4479
5528
5373
5708
5121
4854
4479
4351
5765
4820
5010
5519
5168
4567
5293
4358
5084
5326
4067
4511
5324
5325
4198
5860
5421
5117
3789
5581
5421
4546
4511
4346
5399
5270
4640
3733
5681
5293
4546
5529
4563
3917
3787
5573
5094
5629
4564
5195
3662
4511
4205
4706
4205
4195
5573
3684
5506
4509
5301
3406
4509
4700
4953
5756
4642
5097
4326
5581
3684
5398
4358
3711
3685
4197
3711
4067
5556
5756
5293
5163
4150
4380
5397
4987
3759
5029
5582
5010
4222
5277
4272
4013
3606
5168
5325
4750
4381
5397
5301
4346
3589
5756
5039
4612
5352
5195
4580
5029
3941
4738
3761
5192
5047
3684
5010
5681
5397
4731
4877
5097
3711
5293
4406
5301
4687
4395
5062
4705
4953
3706
3759
4067
5325
3733
5161
4580
4953
5398
4563
3565
5582
3992
3729
5547
5523
4009
3685
5117
4565
5009
5398
3941
5582
3662
3222
5476
3589
4738
3633
2993
3764
3589
5010
4393
5370
5277
5029
4065
4346
4511
4342
4100
5370
4064
4256
4479
5523
4305
3606
4419
4564
5117
3824
5097
4394
3635
4380
3409
3502
5195
3565
4511
5097
4326
5138
5137
4406
3565
5009
5221
4054
4256
4065
4064
5372
4195
3367
5270
4067
4849
5172
5375
4399
5161
5194
4399
5295
5195
3888
5346
4877
5343
5192
4394
5117
5270
4705
3662
3858
5029
5375
3764
5163
3219
4705
5195
5346
5009
4100
3070
3685
3761
4877
4256
5278
4912
4910
4687
5172
5117
4877
4877
3824
3635
4818
4046
5194
4642
4910
4046
4009
3682
3682
3216
5161
3320
5346
3934
4260
3222
3729
3755
3729
2993
5097
5194
4395
4399
4912
4818
3633
3564
4879
3568
5270
3602
4849
3685
5138
4600
3737
3318
4912
5029
3986
4849
3858
3143
3584
4064
5136
3602
3706
5163
4305
4245
4912
4064
4800
4704
5009
3801
4877
4910
4090
5029
3564
2993
5370
5274
3658
5343
3907
4912
5009
5194
4879
5243
5194
4395
4993
4046
3737
4600
3142
5161
3320
3886
5009
4395
3680
4956
4912
4994
4956
3479
4850
3706
3858
3582
4877
3682
3484
4960
5370
5270
3764
3477
3686
5295
4395
3458
3216
3143
4010
5246
3318
3858
4851
3364
5295
4912
4656
4260
5194
5246
3479
3686
4879
3584
3833
4993
3737
4704
4879
4951
4844
3406
4064
4912
3384
4130
5163
3388
4287
4715
4656
3582
4847
3986
4367
4636
3412
3658
4824
5130
3218
4656
4983
3536
3987
4090
4704
4395
2728
4847
4559
4395
3564
5194
4636
4800
4956
4656
4552
3477
3801
4130
4710
4844
4827
3371
5031
5163
4549
4549
4806
4824
3458
3682
4912
3706
4552
3858
3384
4710
3484
3833
2847
4656
2995
4552
5243
3599
4912
4395
3584
4880
4638
4741
3707
4847
4010
4847
3143
4130
4549
4287
3907
3364
4636
3414
4585
4155
3415
4656
3681
4653
3457
3737
4608
4656
3414
5130
3390
4653
2958
3141
4167
4653
4025
4656
4636
3294
3141
4130
4367
4983
4653
3331
3268
4582
4824
3290
4983
3801
4549
4904
2915
4904
5112
4302
2746
3737
3165
3479
3582
3193
3457
3681
4654
4377
3484
4847
4629
3390
4608
4710
4816
3757
4549
4081
3415
4654
4582
4366
5243
3479
5112
4710
3481
3294
3388
4179
3457
3987
4302
4526
4161
5112
4501
3599
4375
3480
4638
2728
5086
3218
2746
4375
3412
5112
2958
2915
4680
4375
2746
4161
3833
3306
3118
3792
4422
4629
3331
4741
2728
4585
3129
2759
3480
4656
3602
4370
3390
3358
4654
5086
3707
4526
4395
2995
4378
2847
4766
2995
3357
3737
4710
4375
3129
3564
4559
4549
4629
4370
4654
3481
3165
3256
4375
3069
3536
4422
4506
4710
4025
4159
4336
3458
3387
3390
3925
4339
3261
2728
2759
3323
4632
4549
4159
4816
4526
3480
4549
4765
3388
4710
2746
4308
5057
4378
4549
4796
4467
4302
3390
3129
4192
3303
4302
4710
4603
4525
3411
2846
4167
3193
4164
4370
4526
4378
4401
2995
4179
3690
3357
4179
4549
3129
3069
3845
4266
3390
3236
4733
2728
3268
3306
4010
3141
3256
2958
3375
3388
2597
3236
2916
2915
3387
3458
14914
2759
3206
3411
2746
14914
4630
4632
3848
4087
4161
3323
4109
4501
3481
4131
3690
3458
4368
4378
2995
4467
4109
4109
3129
2728
4309
3174
4422
4308
4285
3411
3581
3305
4379
2729
4422
4630
3256
4796
4167
4083
3773
3119
4525
4309
4028
4109
2731
4523
3848
3358
3411
4603
4109
3480
3193
3757
2669
4468
2557
3480
4467
4467
3131
3306
3095
3329
4467
4040
3128
3360
3014
3119
3458
3104
3849
3303
4497
3165
4164
4179
3302
2574
4234
4259
4187
3261
3165
4340
3283
3179
4179
2846
3848
2656
3095
2846
4062
4243
4029
2757
4192
3306
2950
4468
3411
3845
4290
3357
4167
3480
3358
4109
3844
4467
4209
4243
4290
3305
3814
14914
3849
3323
3303
2619
4467
4330
4079
3139
3255
3411
3268
4062
2656
2731
4266
2422
3814
2806
4101
3928
3104
3236
4061
4109
4468
2557
3480
3061
3179
3773
2731
4523
14903
3131
3128
3290
4211
3255
3360
3375
3303
3571
3873
3061
2669
4630
4164
2557
2444
4208
4086
2444
3274
4192
3323
4467
2540
3976
3357
3140
3126
4063
4234
3954
2597
4676
4079
4062
3236
3358
3084
4101
2574
3283
2574
4496
3274
3981
4290
4290
3930
2840
3849
3104
4022
3904
3981
3410
4101
2950
3411
3255
3700
3154
3215
3126
3928
3930
3928
3305
4167
4062
4028
3104
4208
3104
2840
4467
4101
3612
4290
4468
4468
2950
3165
4167
3162
4182
4182
3595
3061
3084
3069
4167
3848
3814
3086
2806
3773
4007
4061
4078
3772
4243
3082
3084
2968
3611
3283
2669
3012
4008
4630
2619
2959
2959
2875
3290
4496
3522
4101
2386
4007
3197
3104
2485
2422
3085
2968
3154
3174
2386
4026
2641
3255
2846
3303
2999
2933
4028
3848
4087
2840
2422
3981
14903
2508
4101
3126
3112
4330
4078
3154
3522
3740
3954
4023
3274
4078
2597
3981
3814
2846
2387
2875
3981
2641
3165
3848
3617
4182
3012
3612
2950
14813
3693
4164
4039
2385
4022
2385
2966
3595
3162
3084
3522
3215
3140
3086
2819
4101
3675
3796
3139
14806
4211
2806
3595
4022
3424
2846
3154
3879
3085
3104
3468
2840
3981
3082
3794
3162
3012
3972
3085
3972
2875
4101
2819
3032
3084
2464
3651
3400
3035
3668
3972
4062
3981
3112
3981
4022
3879
3652
3676
3255
2969
4039
3617
3290
3740
3032
2465
3492
2968
2385
3421
2667
2875
2252
3798
2969
4023
2486
3197
3174
2950
3798
3853
3165
3695
2252
2921
3154
2968
4330
3215
2857
2959
2840
3035
3676
3668
2899
2985
4039
3676
14813
3668
2806
3309
3000
2387
3571
2718
2508
2597
3578
3749
3595
3084
3749
14903
2959
2874
4039
2875
3424
14806
4078
3676
2959
3518
3154
2969
3215
3174
3086
4023
2933
4039
2857
3032
3112
3596
2315
2486
3553
2872
2755
3669
3749
3032
3423
3112
3617
4022
3084
2788
3165
3139
3197
2871
14813
2170
3754
2667
3494
3012
3851
3972
4039
3165
2966
3851
3290
3717
2969
2788
2858
2594
2485
2789
2667
2387
2872
3032
2875
2314
3972
3695
3817
3580
4022
2899
2966
3082
3335
3836
3652
3817
3617
3617
2874
3672
2509
14903
3492
3400
2789
2820
14813
3693
2252
3421
2465
3470
3749
3424
2899
14806
3035
2872
3000
3174
2708
2755
3251
3361
3423
2283
3199
2189
2315
2509
3499
3676
3672
2875
14806
3531
3428
3798
3553
3676
2608
2424
3574
2816
2740
3899
3349
3717
2704
2704
3672
2921
3499
3277
2190
3112
3197
3695
2667
3618
2858
3476
3215
3165
14903
2709
2353
3817
14813
3150
2931
3000
3596
2190
3596
2291
2718
3676
3335
3165
2875
3531
2872
2764
2315
2838
3577
2899
3418
2872
2667
2755
2705
3165
3817
3580
14803
3335
2788
2542
2090
3032
3277
14803
2816
3032
3525
2606
3398
3400
2387
2076
2921
2594
2667
2871
3335
3335
3798
3499
2816
3314
2766
2709
2190
2788
2551
3518
3570
1935
3309
2463
3299
3251
3922
3476
3672
3922
2252
3676
3817
3525
3499
3470
3817
3228
3903
3813
3309
2816
2355
3066
14806
3532
2608
2542
3165
3518
14916
3346
2764
2566
2594
3532
3112
14901
3419
3672
3150
2708
2708
3379
2970
2291
3082
3066
14906
2788
2090
2551
3518
14813
3531
3277
3598
2089
3418
14916
3066
2463
2704
3199
3314
2190
2170
14803
3518
2682
2816
2879
14902
2384
3250
3299
3174
2076
3299
3515
14901
2189
2766
3314
2681
3400
2952
3596
2424
2568
2816
3017
2594
3514
2516
2708
2871
14818
3208
3165
3017
3518
14902
2709
14906
2281
2315
3092
3213
3211
2705
3419
14902
2170
2816
3228
2542
3379
3515
3199
2608
2921
3525
2765
3112
14803
3208
3532
2647
2866
2567
14825
2681
2397
14810
3531
3398
2646
2551
3525
3092
14811
3211
3165
2455
3112
3165
3150
2542
1918
2764
3242
3346
2952
2800
3287
2705
14915
3251
3362
3379
1892
14805
2865
2594
2355
2970
2204
2709
2766
3527
3208
3165
3692
2816
14803
14915
2852
3299
2608
3165
3213
2879
2542
14802
3287
2792
3066
2792
3362
14818
2516
3672
2166
2476
3401
3134
2778
3151
2587
2636
3122
2879
2455
3276
14825
2384
2443
3066
2542
2355
2281
2566
3174
14825
3211
2926
3066
2738
2970
14811
2763
3227
2952
2119
3692
3211
14810
3241
14818
2842
2204
14824
2291
2090
14811
2568
2611
14912
2778
2594
14825
14805
3234
14811
14811
14825
2477
3313
2443
2917
1892
2792
3242
2582
1797
2542
3001
3299
2952
2936
3313
2699
3242
2738
2704
2594
2587
14818
2926
2709
2106
2262
14904
3241
14805
2186
3199
3211
3066
2738
14825
2594
3134
2000
3401
2778
1932
3151
2231
2636
3325
14810
3362
3325
14904
2580
3313
3001
1723
14818
2582
2550
2000
3135
2397
3287
2936
2578
3280
3241
3081
3200
3242
2936
2842
2938
2972
2396
2498
1892
2792
2926
2660
2498
1918
14805
2611
2302
3199
2580
3211
2231
2866
2936
3133
2476
14904
3133
3133
3313
3325
2865
2926
2457
2457
3242
1960
2750
2204
2495
3081
2865
14803
2936
3135
2690
3081
3081
3080
2304
2567
2406
14805
2792
2814
2611
1833
2774
2355
3211
2435
3325
2774
2750
2575
3325
1824
2000
2829
2498
2580
2690
3200
2000
2193
2119
14803
2611
3134
2865
3109
3079
2435
2792
2544
3081
2938
2374
3043
2938
2971
3043
2814
2710
14803
2611
2106
3133
2204
3177
2813
2636
2323
1932
3081
2972
2457
3280
14803
2774
2166
2690
2827
3325
2475
2774
2578
2186
1891
2231
3043
3055
2813
2880
2435
14803
2000
2942
14803
2458
3055
2588
2580
1891
2827
2454
2636
2302
14803
2814
2938
2938
2454
3325
2304
3200
2374
3043
2393
14826
2279
2588
2275
2520
14826
3055
2926
2458
3325
1920
1797
2753
2868
14803
2536
2260
3079
3109
2942
14826
2374
2827
2880
14826
2868
2588
2355
2396
14826
3055
2760
2544
2275
2880
3043
3201
2832
2906
3080
2880
2710
3055
2904
2723
2454
2536
3325
2035
3079
2119
3079
2904
2287
2722
2262
2178
2479
2178
14826
2662
2627
2454
2329
2523
1833
1777
2273
2723
2287
3177
2193
1692
2710
2662
2904
2279
1959
2868
2193
2523
2710
1920
2816
2592
2904
2926
2562
2262
2816
2479
1692
2894
1920
2479
3043
3043
2942
3201
2179
2262
2880
2737
3055
2400
1832
1832
2710
2329
2868
2262
2894
2080
3201
2475
2329
2710
2279
1981
2880
2868
2946
2854
2753
2742
2904
2562
3043
2737
2580
2894
2178
2275
1824
2273
2652
2627
2545
2149
2662
1766
1743
2761
2894
2329
1920
2111
2868
2523
2517
2554
1743
2389
2832
2275
2371
2894
2742
2737
2163
2742
2111
2329
2854
2154
2894
1723
1937
1950
2554
3079
2119
2374
2652
2854
2710
2546
1691
2440
2273
2742
2549
2652
2753
2193
2710
2715
2592
2742
2517
2178
2564
2400
2228
2336
2178
2547
2545
2329
2742
2126
2371
2715
2371
2643
2035
2652
2590
2144
1990
1779
1743
2080
2592
1655
1988
1805
1695
2178
2946
2269
2517
3055
2742
1672
2715
2590
2652
2946
2715
1912
2564
2346
2761
2761
1805
1937
2163
2197
2119
2377
2715
2013
2590
2336
1930
2643
1562
2439
1690
1937
2742
1600
2377
1562
2426
1723
2307
1982
2144
2269
2549
1586
2549
2335
1858
2564
2715
1695
1691
2273
1988
2678
1858
1927
2110
2517
2438
1911
2548
1805
2548
2219
1695
2430
2511
2438
2269
2460
2307
2035
2548
2377
2545
1988
2163
1858
1988
2590
1912
2013
2144
2547
2368
2013
1672
2592
1765
2169
1937
1586
1988
2590
2273
1562
2548
2377
2438
2438
2377
1788
1805
2678
2547
1608
1702
2269
2548
2439
2429
2460
1600
2248
2564
2564
2346
1603
2548
2332
2430
1840
2546
1655
2219
1648
1562
2242
1982
1684
1974
2256
1859
2276
2346
1585
2438
2368
2013
2242
2564
2242
2195
2309
1702
2123
1974
2276
2332
2564
2195
2104
2564
1735
1930
2427
2430
1684
2332
1585
1467
1910
1840
1587
1930
2032
1938
2013
2346
1765
2248
2297
1627
1492
2430
2430
2104
1702
2346
1662
2235
1655
2309
2370
1734
1603
1467
2564
1754
2276
1893
2429
2072
1747
2286
1661
1672
1765
2272
2309
2286
2242
2430
2277
1842
1930
1518
1893
1875
2564
2332
2219
2017
1875
1735
2564
2332
1895
2277
1492
2370
1872
2242
1623
2332
2370
1608
2032
2321
1360
1593
1875
2085
1554
2297
2013
1895
1647
2277
1592
2242
1587
2132
2321
1617
2110
1662
1360
1734
1747
1930
1661
1570
2026
2332
1507
1467
2370
1928
2123
2017
2099
1492
2427
1875
2332
1765
2032
2321
2277
2277
2235
2103
2085
2321
1964
1462
1765
2096
1484
2277
1623
1747
1928
1462
2103
1872
1861
1593
2237
1940
1905
2213
1519
1747
2132
2096
1617
1940
1872
1554
1492
1662
1467
2132
1587
1459
1570
1655
2045
1554
1640
1592
2079
1831
1875
2103
1492
2277
2026
2017
2272
1462
1484
1543
1861
1623
1587
2026
1665
1592
2237
2045
2236
2237
2014
1964
1571
1571
2272
1543
1602
1759
2213
2237
1592
2055
1602
1861
2079
1623
2027
2237
1928
1469
2023
2108
1905
1592
1397
1401
1462
1895
1462
1572
1750
1521
2079
1508
2014
2131
1492
1492
1898
1361
2027
1486
1820
2032
1426
1541
1686
1432
1861
1543
1602
1541
2027
1582
1571
2066
2055
1944
1572
2014
1401
1508
2131
1940
2131
1905
1543
1543
1462
1459
1861
2078
1445
1462
2108
1954
1665
1401
1592
1445
1686
2078
1439
1571
1871
1521
1487
2236
1738
1765
1739
2066
2079
1665
1473
1640
1571
1473
1803
1360
1820
1463
1686
1571
1432
1541
1903
1459
1401
1474
1602
1602
1727
2066
1469
1595
1964
1759
1470
1470
1369
1582
1595
1436
1572
1487
1888
1462
1430
1903
1369
1629
1277
1529
1725
1954
1582
1525
1397
2014
1463
1463
2014
1739
1469
1595
1750
1903
1871
1948
1819
2078
1602
1529
1474
1421
1369
1727
1436
1529
1459
1820
1529
1820
1810
1401
1948
1445
1445
1954
1430
1725
1386
1810
1675
1471
1297
1473
1384
1738
1314
1595
1972
1436
1471
1595
1569
1629
1529
1898
1384
1954
1401
1803
1316
1946
1422
1946
1758
1529
1308
1946
1946
1397
1421
1517
1277
1595
2078
1595
1820
1459
1517
1803
1369
1946
1384
1898
1475
1384
1372
1471
1525
1371
1371
1581
1944
1954
1532
1888
1954
1903
1675
1819
1903
1459
1459
1810
1888
1820
1390
1972
1369
1820
1475
1954
1308
1569
1385
1525
1372
1529
1475
1972
1727
1455
1839
1822
1532
1470
1532
1455
1581
1898
1434
1820
1455
1972
1475
1475
1369
1419
1455
1903
1652
1644
1972
1422
1657
1972
1828
1839
1525
1401
1822
1644
1727
1371
1308
1276
1822
1822
1385
1814
1773
1773
1369
1589
1316
1517
1668
1455
1337
1372
1292
1479
1308
1774
1774
1569
1475
1305
1828
1683
1420
1338
1372
1427
1336
1483
1730
1297
1396
1386
1525
1814
1267
1641
1396
1657
1730
1676
1298
1546
1427
1532
1475
1483
1668
1314
1419
1410
1822
1814
1359
1822
1479
1475
1428
1657
1406
1372
1569
1277
1479
1475
1803
1676
1297
1396
1641
1390
1683
1275
1737
1273
1589
1514
1267
1434
1683
1683
1668
1427
1308
1410
1385
1483
1730
1717
1396
1546
1302
1668
1336
1267
1427
1483
1420
1305
1717
1607
1620
1406
1607
1247
1737
1350
1406
1668
1428
1514
1710
1337
1710
1423
1308
1616
1616
1410
1266
1551
1267
1546
1238
1279
1298
1277
1267
1650
1710
1578
1483
1387
1404
1394
1337
1579
1292
1618
1273
1406
1273
1650
1607
1620
1289
1271
1350
1710
1427
1482
1620
1650
1305
1546
1267
1350
1551
1235
1620
1247
1551
1305
1578
1483
1538
1279
1514
1336
1247
1275
1381
1423
1514
1404
1498
1313
1239
1337
1538
1498
1607
1235
1538
1498
1357
1423
1476
1309
1313
1336
1498
1328
1336
1305
1387
1423
1357
1514
1254
1423
1292
1246
1239
1158
1406
1289
1347
1254
1191
1288
1350
1191
1382
1423
1423
1273
1498
1381
1273
1215
1387
1482
1204
1289
1192
1272
1301
1288
1287
1289
1288
1328
1208
1382
1347
1288
1182
1266
1335
1176
1328
1269
1279
1288
1161
1382
1279
1309
1350
1273
1215
1290
1387
1269
1239
1208
1269
1192
1231
1191
1290
1191
1192
1185
1190
1366
1266
1246
1290
1246
1290
1335
1228
1220
1251
1279
1228
1176
1194
1301
1220
1232
1208
1190
1231
1287
1209
1201
1161
1158
1232
1387
1208
1161
1185
1246
1232
1227
1182
1191
1130
1209
1192
1201
1129
1142
1345
1279
1129
1295
1109
1232
1366
1227
1140
1191
1194
1208
1249
1140
1161
1295
1232
1158
1333
1158
1366
1279
1069
1137
1249
1227
1137
1156
1333
1209
1227
1227
1120
1366
1279
1331
1067
1120
1131
1114
1109
1144
1295
1284
1345
1156
1130
1185
1331
1262
1156
1218
1067
1144
1218
1284
1226
1067
1131
1155
1005
1249
1140
1069
1030
1218
1185
1284
1120
1249
1283
1047
1225
1131
1226
1198
1101
1177
1109
1346
1030
1218
1283
1198
1194
1140
1030
1225
1047
1226
1279
1005
1057
1155
1073
1263
1224
1069
1216
1117
1057
1240
1133
1114
1131
1153
1047
1065
1185
1187
1114
1073
1101
1218
1198
1346
1224
1225
1057
1226
1153
1217
1028
1177
1187
1224
1047
1087
1069
986
1240
1057
1109
1073
984
1127
1187
1030
1003
1018
984
1107
1087
1003
1133
1107
1114
1047
1240
1057
1224
1080
1047
1098
1028
1225
1002
1224
1187
1217
1008
1008
1084
932
1152
986
1177
1224
1153
1059
1151
1098
1003
1003
1084
1080
974
1177
1030
1007
932
1002
1030
1028
970
1093
1107
1096
984
951
1073
1096
902
1084
1224
888
1112
1007
1052
1008
1013
1084
1025
951
939
1030
1224
884
902
932
970
963
1151
932
1013
1073
1177
970
1153
963
980
1112
882
1073
920
974
884
958
1025
771
1093
1013
1052
805
920
1051
1051
902
888
938
1040
1104
1059
1059
959
929
1013
954
961
920
938
997
1025
1013
959
1012
954
974
1024
884
1058
1025
1000
1013
888
1073
1012
963
978
963
1025
869
872
954
967
888
921
888
798
918
798
961
954
806
961
872
884
884
944
959
938
991
921
884
771
991
978
959
956
850
851
921
841
974
918
1010
944
806
841
916
884
880
921
884
1000
848
978
719
918
913
817
884
805
954
941
745
884
910
806
827
884
741
956
884
869
869
884
967
900
807
841
991
745
941
806
884
913
918
884
880
884
808
913
884
841
869
748
913
816
720
878
812
861
869
812
884
719
884
909
918
831
953
833
815
850
880
884
807
848
815
841
808
918
719
909
673
884
14798
741
884
884
729
729
769
841
811
834
895
884
675
831
649
703
816
815
745
720
815
870
834
831
815
729
649
807
884
841
663
649
801
846
800
701
769
884
685
884
815
706
738
748
811
720
729
649
649
812
786
727
663
771
622
793
792
812
841
14884
834
708
663
741
720
771
841
769
834
831
649
719
811
674
649
642
649
720
649
815
815
663
729
769
884
663
642
834
729
706
741
685
793
814
675
708
738
720
729
800
706
689
649
582
834
729
812
622
729
685
582
649
786
729
793
554
703
708
663
14894
689
729
815
640
663
800
649
706
582
736
812
729
812
523
726
729
663
689
786
649
632
726
719
649
582
720
847
812
669
630
663
752
671
666
621
14894
671
675
675
649
629
649
14887
663
722
703
596
630
649
14887
665
554
562
565
709
701
14894
14884
695
582
669
578
771
649
722
701
505
565
14894
565
565
581
765
600
484
661
625
585
607
631
663
666
649
576
504
682
588
576
588
649
669
649
554
666
630
726
527
621
675
722
588
499
629
661
621
701
649
601
640
671
505
649
651
600
531
612
606
631
606
612
661
612
576
612
585
585
649
661
550
14884
565
584
607
488
637
649
504
596
726
585
671
14885
582
588
649
505
637
581
612
565
651
14885
612
585
661
535
491
571
592
531
554
565
484
625
625
505
585
576
565
561
571
581
593
484
522
571
601
584
523
600
591
519
600
600
488
601
554
606
571
504
588
582
527
559
535
505
504
530
527
519
530
593
585
592
14885
537
521
491
550
521
589
637
472
495
606
522
550
535
519
585
601
520
582
585
585
499
571
433
527
513
527
520
464
491
585
548
461
530
379
606
539
541
625
468
601
441
561
488
486
521
488
523
582
481
441
541
504
520
585
379
590
541
495
468
311
513
539
537
379
505
504
468
555
522
311
438
433
590
518
441
379
519
379
606
397
464
571
539
601
446
311
539
476
559
484
495
341
521
591
341
539
383
397
504
486
513
472
539
373
461
407
493
446
606
519
539
311
379
495
522
441
481
476
519
397
486
379
520
379
433
493
539
464
311
448
381
606
456
436
433
464
439
504
461
433
381
311
555
555
341
539
394
381
397
341
307
391
373
397
394
379
478
478
495
397
456
474
522
427
407
400
433
478
311
438
391
468
337
311
448
379
341
433
311
438
433
464
512
427
478
381
341
407
512
493
397
383
520
379
407
368
394
394
381
311
391
484
384
397
381
341
311
391
314
341
314
427
394
319
407
397
307
363
417
352
397
474
377
394
381
433
315
384
314
311
448
352
253
512
341
356
394
381
372
383
311
352
337
539
341
363
448
314
238
377
374
314
362
407
384
394
377
362
294
311
389
363
320
315
364
319
246
253
383
320
341
352
199
341
253
389
383
366
324
265
253
355
353
294
246
320
246
314
357
265
341
368
368
356
299
355
320
383
253
353
265
251
254
307
372
284
324
238
341
254
364
294
319
265
320
348
254
246
246
284
363
258
299
253
353
350
254
307
341
251
246
199
263
228
307
258
246
246
319
254
319
333
300
337
228
168
167
199
14866
333
258
199
348
368
254
337
261
213
167
253
254
14866
294
246
228
251
199
253
353
225
363
254
319
213
168
277
254
258
250
225
307
285
246
353
225
229
248
261
254
254
14867
167
271
248
286
248
199
154
242
225
258
167
225
262
216
229
14867
263
228
196
202
242
225
271
167
248
156
196
228
217
217
154
168
228
262
285
248
154
118
191
98
202
202
194
216
202
250
225
277
300
186
118
250
134
261
225
196
286
286
248
242
175
202
186
150
202
134
248
153
191
261
156
119
194
207
192
202
118
98
118
193
191
186
14879
119
153
129
14870
118
150
186
118
129
207
85
193
85
156
98
286
250
175
129
134
250
150
192
85
186
202
119
175
138
242
207
174
186
98
119
138
85
193
138
14870
98
174
129
118
184
186
207
250
192
184
14870
134
138
85
174
129
111
85
193
14879
100
208
174
208
119
14879
184
14879
94
135
111
192
139
119
139
63
100
64
85
192
135
174
92
111
85
208
184
14879
122
122
50
134
184
14870
100
64
192
208
64
94
124
94
14870
109
174
89
66
92
50
122
111
66
110
64
208
14870
63
14870
109
64
92
124
49
49
63
64
89
92
184
52
63
14870
109
14876
92
14870
52
14876
14870
122
21
14876
110
66
124
61
89
124
51
51
109
92
92
66
14870
109
21
110
124
66
49
21
49
14876
51
21
61
61
14870
21
49
110
21
92
66
30
14877
21
27
51
21
81
14876
51
21
30
61
51
51
14877
27
51
21
21
27
61
61
51
81
17
14877
17
17
21
14876
21
17
14877
14877
30
14877
14877
14877
21
21
14520
14520
14150
14791
14791
9105
8925
9441
9441
14857
9441
8925
9052
9052
9158
9317
9052
