6448
6448
2937
2966
6405
6413
6411
6412
2939
2937
2937
6405
6429
6413
6411
6448
6448
6448
6412
2935
3299
6412
6429
3313
6405
6413
3299
3293
3362
6438
3362
6412
6419
6412
6413
2922
2898
2898
2939
2934
2915
2945
2959
3275
6429
6414
3275
6441
3299
3293
3311
3278
59
3362
6441
6448
6419
6412
6414
2896
2896
2916
2945
2959
2959
876
61
3362
6412
3329
3275
118
6420
3307
3307
3274
3312
119
3279
597
864
941
59
3817
3362
6437
3362
3362
6431
6412
6449
2922
2914
2950
2945
2935
2872
2958
28
30
32
597
628
877
877
3275
3334
114
3275
6414
3339
6406
3275
3295
3308
119
3276
3279
631
365
4093
6438
6410
6431
6410
3389
3402
2895
2892
2923
2937
2914
2916
2921
2944
2933
2876
2878
3745
632
670
862
882
818
945
943
3400
3335
3282
120
3405
3280
3301
125
140
119
3312
116
469
467
349
863
87
4081
4081
4162
3932
3932
6408
6404
6438
6404
3373
6410
6410
3402
3397
3404
3558
2890
2937
2933
2876
442
2866
2858
2868
441
2874
465
474
511
3776
557
3785
3821
607
3901
882
950
942
942
965
965
946
126
3334
3282
3405
3335
115
3342
3342
140
3277
125
119
125
116
124
642
564
522
473
468
381
349
879
865
75
3558
3559
4182
4080
88
3565
3930
4179
3746
3342
3373
3389
3397
337
353
2851
2851
2850
2870
2873
3685
467
521
3758
521
3760
3776
3820
3822
603
605
605
3901
3908
3949
673
3945
712
3943
4096
4168
951
4169
961
4179
4163
997
3333
3284
126
3400
115
3288
3280
3289
140
140
131
116
151
532
484
360
998
964
5186
93
5183
93
3568
4095
4180
4220
3936
3943
3954
3668
3947
3334
3336
3361
3373
3361
3391
3397
3391
3404
337
351
351
2913
2851
2866
2858
2868
2858
2873
3668
3692
2884
2875
2884
3752
3751
526
526
3788
3788
3787
3820
3822
568
603
3826
3860
643
641
3910
652
3911
682
3953
678
865
4082
873
4095
881
4168
954
4168
967
967
4178
4180
999
4165
4226
3337
3410
3338
3407
154
3340
144
146
159
144
159
131
156
154
652
645
484
953
337
880
865
5182
5182
3499
93
4227
3568
3941
3944
3703
4058
3861
3375
4057
3373
3912
3361
3975
3391
3397
3418
3410
3516
3571
3579
3668
2860
2858
2869
479
2846
479
2870
3694
2831
2865
2836
485
529
3761
532
541
3798
543
3830
578
578
613
3823
603
613
609
3861
3906
654
3975
3944
868
865
4082
881
957
4170
4171
967
970
4217
4220
1018
4216
4228
4228
3333
183
127
3410
127
3410
189
3374
180
131
131
131
161
299
683
312
276
533
486
485
819
1056
3499
98
3499
3568
3941
4044
3539
4058
3336
3670
3800
3336
3542
4057
3361
3376
3376
3397
3393
3975
3397
3410
3550
3622
355
3630
3609
3663
2848
2805
2805
3698
2860
456
2862
478
3703
2823
2837
485
2824
529
533
3763
3798
3798
3837
3863
3864
3906
654
3963
731
4058
870
867
867
4086
874
4097
956
955
4184
4185
971
4217
1002
4220
1016
4216
4228
3369
3369
161
154
3387
186
180
174
144
159
144
131
170
170
137
268
644
646
529
731
884
282
832
5182
5085
98
4227
64
4219
4059
4058
3374
3387
3793
4064
3367
3426
3418
3420
312
4414
3415
312
3542
3550
3550
3550
3549
3630
413
413
3634
3612
3612
3665
2840
505
2830
2820
2830
3697
2829
488
2820
2833
2820
2820
493
3755
3763
3763
535
3766
541
3792
543
578
3800
613
611
3837
3879
651
651
3915
3960
685
3966
745
733
4044
821
4042
4049
887
4087
867
4086
874
902
4101
959
4103
4174
4172
955
4184
972
4188
1004
4233
1018
4272
1013
4230
188
3368
4414
188
4414
161
3374
3387
3387
3387
205
183
183
176
170
137
312
157
128
237
647
614
535
614
493
233
875
832
1056
5083
3514
98
3510
4273
4232
4102
3493
4043
3522
4059
3344
4058
3454
3344
3387
3344
3425
3367
268
3367
3420
4062
4414
3535
3542
3542
3550
1946
3549
280
3514
3549
3629
413
409
6003
5961
5960
6003
3634
5960
418
3634
5960
418
3612
3646
3665
5961
5960
429
3672
6003
6003
2819
3698
492
3697
2820
488
3711
2821
2832
494
529
3763
3763
2813
3766
3792
572
572
575
611
614
3834
3874
3915
663
3960
3964
704
749
4066
4043
4041
4048
888
4087
887
4105
4101
902
976
972
1006
1006
4218
1007
1062
4272
128
3377
161
4462
199
175
150
132
170
312
701
168
687
137
654
655
620
494
738
902
1952
1056
98
4273
3511
4272
3493
3522
4043
3522
3454
4043
3454
4070
4070
5117
4076
268
3834
3344
5126
3367
268
3367
3426
268
3395
3500
3500
3542
3542
3513
3550
3514
3550
5081
3549
1952
3497
3549
405
6034
405
6134
3626
3634
6003
6003
418
5961
3634
5961
6003
418
421
3646
6003
3646
502
6003
3672
503
2804
482
2839
2828
3698
2819
492
3708
2827
3711
2792
492
2793
2827
494
494
3757
2783
535
535
2813
3792
3792
3802
3793
575
3800
3874
653
653
3915
663
3968
3968
3964
3986
4129
4129
758
4128
4062
4048
4052
835
4105
891
891
4105
899
4117
902
4117
4100
4102
975
4103
4177
985
4186
1025
4186
4188
4223
1007
4225
1007
4232
1062
4279
195
195
3377
4414
203
165
3382
4414
3382
4368
176
3385
176
207
4462
193
193
207
207
132
132
655
165
620
611
738
1061
1066
1946
1066
5083
102
4273
3513
4283
3500
3493
3493
3454
4050
4070
3450
255
3377
4462
4076
3753
4075
4349
3876
4463
3722
4075
308
4463
4075
5126
4463
308
3535
3395
3367
314
3535
3979
3500
322
1945
322
322
5081
333
333
3629
3629
3626
409
6032
3626
409
6080
6006
427
3717
6134
427
3717
6034
502
6080
2276
3673
508
2801
3700
2839
508
3708
2789
2796
2792
2766
2791
3753
2779
2810
3757
2784
2783
3767
2777
2772
3768
545
549
549
575
3881
665
698
744
4132
4129
761
4128
4128
4074
4051
4052
4106
4104
4116
4119
902
975
977
1025
1007
1007
4225
1021
1061
136
136
203
4421
204
175
168
4368
175
168
4462
204
193
150
150
748
207
139
168
218
620
616
830
222
1061
5077
3504
4283
3504
3493
4278
218
4282
3450
4105
3446
3468
3446
4054
4068
3450
3356
4076
255
4076
255
5126
4462
4075
4349
4360
4360
4136
3500
3983
314
1945
3535
4414
5148
322
1945
5148
322
5148
1945
322
5156
3497
1946
5156
5077
3549
3629
332
332
6137
3632
6137
6032
3634
6085
422
6005
422
3646
6005
6080
3646
6005
6006
5989
5972
3717
6136
6034
502
2280
5931
3722
2276
3700
2802
508
3708
2787
2789
2759
2779
537
3757
538
3767
2808
2782
538
2781
3768
546
2772
549
3790
3802
575
576
3833
3876
3878
3999
655
662
3992
3996
3970
700
3996
3989
3989
4147
4129
4128
4128
4074
4074
829
829
4053
4053
889
906
906
904
904
4119
4192
4242
985
4242
991
4242
1025
4239
4239
4241
1042
1042
4237
4238
1066
4346
4414
203
3353
165
4322
168
4458
4368
4458
4464
195
193
755
150
208
1217
252
139
1327
249
135
1327
616
576
840
842
1069
1069
1083
1066
102
3504
3503
215
3489
214
4278
3479
4278
3450
3434
3468
4194
4247
3461
4053
4054
5014
4068
1811
5127
3356
6185
5127
1918
6189
4349
5002
255
5147
4462
3489
5147
4468
3717
308
5147
4136
314
5685
5149
4136
314
5729
325
5761
5094
325
3504
5763
325
1945
5078
5081
333
5156
333
3629
3632
416
4029
416
6032
6059
6084
5920
422
3646
427
6051
3717
6049
427
3717
6013
2268
5973
5931
6034
5969
6034
2280
5969
3723
5970
2289
3727
5922
5922
2787
2290
496
3713
2762
3753
2778
537
2760
538
5850
2810
2778
538
2808
546
5848
5500
2781
551
574
574
3833
3842
3843
617
617
661
3922
3922
665
5685
4010
703
4001
743
743
755
4147
759
4149
4134
4137
4141
4139
836
4053
4107
4108
4116
904
4116
905
4119
974
990
4195
977
4194
4202
1031
1068
195
4346
135
4322
1237
4421
1235
4368
4371
178
4458
4371
4463
4464
1237
1283
1335
755
1331
255
1331
249
619
2320
214
551
847
842
1773
1909
1089
1083
1083
3456
108
3486
4300
1773
4287
249
3451
3434
3446
5002
4107
4307
3434
3461
4107
1801
4110
246
6231
246
3446
1801
5016
6234
5016
6185
252
1811
3450
3479
5127
3356
4464
3479
4968
4468
5539
6187
1909
4349
4463
3632
4139
1911
4360
4360
4136
3503
4141
5148
4137
3503
3496
5148
5094
5774
5148
5148
5076
333
5081
333
5081
5156
4012
332
3629
5838
6135
332
4014
6136
6032
5831
3632
6138
6032
5878
3632
5886
416
5886
422
5920
6059
2174
6148
6017
2268
5986
6014
5983
6135
2268
5995
6034
5975
3717
2277
3722
5993
5969
2289
5970
2289
3726
5922
2295
3727
5922
5428
2789
2762
3753
2760
2763
2778
540
5466
5850
2767
2745
550
5850
2775
2745
4031
5513
2732
4031
3255
2743
4032
5539
3252
576
576
5772
3842
5763
3878
4004
3878
3878
661
4026
4020
697
4009
4002
750
2555
4155
4152
4147
761
4149
911
4137
836
897
904
4191
4195
979
4205
993
3183
1028
4247
4257
1042
4307
4360
1283
4346
4415
1235
4422
1237
4327
4458
178
1327
1335
1327
4458
4464
1330
4468
1283
762
1227
2548
1217
1217
249
212
661
849
135
585
844
988
1909
1089
3427
3456
3503
212
3476
3451
1776
3441
249
3434
4118
1868
1776
3434
4118
5013
3433
6219
1801
5013
4110
1868
252
1811
6234
1811
5016
5127
1909
4963
6188
3476
5127
5060
4353
4968
5539
6187
1880
5147
4360
5060
3486
308
5147
4477
3629
4139
1911
5147
5691
1995
5149
1995
1948
5153
5054
4137
1995
5153
5759
325
5094
5161
5774
325
1948
5077
5156
333
1945
5081
5156
5081
5156
5793
2026
5826
2026
6034
5831
3629
6143
5831
416
3632
6145
416
5917
3632
6022
2171
6086
6023
3641
6077
2174
5923
3649
6015
6049
5923
3649
6000
5973
2277
5995
6032
2277
3722
6027
2289
6027
5422
2289
2295
5922
3727
2298
5923
2705
2298
5451
2789
2724
5451
2751
5452
5889
2760
537
5822
5882
2774
2754
5880
5466
2745
5871
2731
5837
2769
5513
4031
551
5806
3255
4032
2771
2736
551
5802
4032
2744
3256
4033
3256
5771
4022
3250
619
619
4022
619
3843
4022
617
5760
4023
661
5593
5731
6361
5730
3928
707
4020
711
4009
4267
4152
762
768
4147
767
915
4148
912
4134
911
4134
4134
842
6231
838
907
906
4123
909
981
974
4199
987
994
4244
1027
4249
1032
4260
4260
4307
1079
4290
1079
4290
1074
4351
4351
135
4373
1236
4320
4374
1235
4374
4461
4371
1330
4424
1330
4424
1283
1237
2560
1283
753
1336
711
212
212
619
1702
585
859
1607
3179
909
1074
3427
1083
1083
4959
5081
210
108
4963
1768
4300
1768
3433
4968
3451
4305
1776
3433
3441
1776
3434
5004
4113
3439
5004
4115
1868
1801
1868
3457
6235
6235
1919
5016
3451
6235
257
5121
6188
1880
3479
4353
1880
5060
4479
6188
3476
4353
5539
1880
3476
4479
4139
1994
1911
3486
5150
4360
5150
4145
5054
1995
5094
4150
1995
3496
4150
5094
5807
325
5808
4155
2017
1945
5840
2017
5883
3629
5834
410
6140
5886
4034
6087
3641
6090
6023
6048
5993
2174
3649
5985
2273
3649
5999
5982
6114
2273
3719
6033
5419
5991
2284
5991
6041
5953
5422
5922
2295
5422
2300
5428
5832
5940
2724
2298
5834
5940
5452
5890
2763
2320
2723
5455
5890
2752
2321
5455
2742
2321
5853
2750
5871
2767
550
2731
551
5869
2736
551
5538
2729
585
4033
5796
3244
3248
587
4034
3842
2735
5757
4034
5760
5593
5732
4025
5677
4025
661
5731
666
6361
4020
707
753
4268
4267
762
4155
4153
770
4153
769
915
915
4151
4151
912
4150
913
4142
858
4141
893
898
6219
910
4127
4199
983
995
4196
3179
995
4206
4244
1046
4287
1285
4351
1285
1245
4327
1343
1327
1336
1330
4461
4477
1336
4428
4482
4482
4431
4478
1227
1348
1868
1217
1348
2570
1217
212
858
1293
135
2300
585
853
1607
896
3180
4835
1697
4831
1089
3427
1083
210
1771
4963
1768
3430
1777
5004
3441
4127
1835
1776
3434
5004
1835
1776
3441
5013
6219
1805
5016
1868
3441
6235
3441
5121
4327
1919
6235
3475
5060
5130
6188
3476
5060
3476
5130
4478
5150
4360
6190
5150
5685
1994
5054
4362
4374
4145
5153
1995
1960
5054
5153
5054
5161
5796
5807
5077
5161
5808
5283
5846
1945
5081
5840
5283
5853
5081
5852
2026
5287
2026
5857
5287
410
6026
5287
6149
6026
410
6147
2171
5302
6020
2171
6021
2171
3642
6047
5993
6009
5999
3649
5985
6002
5998
6099
2273
3719
5979
2273
3719
2282
5419
2284
5422
5953
5991
2300
2300
5923
2240
5451
5451
2320
5883
2749
2321
2723
2321
5904
2742
2324
5464
2725
551
5504
2768
5869
2771
2729
5870
2771
3243
5515
587
5543
4034
2735
5757
2728
2735
4034
3241
3843
5741
2440
5732
5857
2462
6361
5677
5731
5699
4020
4020
4268
2560
4267
777
4154
4154
915
912
913
913
857
857
856
980
3169
4126
4197
3169
4200
6309
6309
1033
4252
1036
4253
4261
1046
4263
1049
4293
1076
4290
1074
1292
1216
4354
1236
1343
1196
4327
4324
4476
1196
4476
4324
1193
4477
4428
1293
4429
4482
4484
1229
1229
1348
858
1706
1709
3059
1216
1293
2368
3059
1692
1688
853
1771
896
4820
1697
4831
1083
1708
1611
1771
110
3430
1766
108
4900
5006
4197
4305
1835
1777
5004
3441
4127
6222
1776
1805
3439
6220
1868
1805
5019
1868
6219
5121
257
1922
3475
4320
257
6188
1880
1922
4353
4548
4353
4963
1880
6190
5060
5049
4357
1915
5037
4364
1960
4373
5037
1995
5074
5167
1960
5074
2017
5094
5161
2017
5094
5161
2017
5094
5855
2017
5094
5283
2026
1945
5884
4268
5080
5287
5287
5834
5834
6149
5965
6053
5965
2158
5302
6147
6044
5992
3642
6043
5992
2184
3642
6077
5999
2184
5999
2184
5998
6115
6028
6059
5977
5991
5979
5422
5992
6042
5992
5422
5949
5428
5940
5456
5940
5451
5908
5460
5890
5904
5452
5461
5904
2324
2720
5464
5855
5904
2332
5900
5897
2725
2740
585
5515
2771
2729
5807
5515
2730
5543
5868
3243
2728
5777
2688
5546
2728
5757
3242
2379
5578
2733
2440
5593
5735
6370
782
2464
5675
2544
6356
2582
776
778
778
4267
4155
4155
4153
770
4153
769
6269
929
929
4151
916
4151
914
4150
918
918
4142
4142
4145
922
853
6196
6188
855
898
3100
3169
3169
3168
6299
3178
4201
6310
4206
3179
4244
4252
1046
4266
1285
1216
4362
1221
4375
1221
1343
4324
1344
1193
4324
1344
4477
1338
1338
4482
1350
1300
4484
4547
4547
4551
1229
919
1227
1994
2558
922
1219
410
858
1706
2158
2197
2326
2377
2369
1300
1692
1600
3056
1600
1600
853
4829
3092
1076
3171
1076
4838
3273
4831
4841
3273
1708
1611
4737
4841
4959
1087
1708
1709
4965
1830
1766
3430
4965
1766
5006
6230
1830
1777
5006
6227
4305
1804
4907
6214
1870
1804
3439
1872
1802
5019
1872
6236
3441
1872
4938
6183
1921
3475
6194
5130
4548
6188
3475
5130
5049
5456
6196
1987
5130
5460
1913
5049
5150
6238
5150
5702
6252
1994
5150
4363
5150
6246
2015
2015
1960
5167
2017
5167
5081
5161
1945
5283
2017
5094
1945
1945
5283
2026
5287
410
5287
5945
5947
5302
6020
5947
6034
5953
3642
2175
3642
5992
5999
5400
6063
5949
5400
5991
2286
3719
2286
6047
2286
5411
6045
5981
2287
5990
2224
2224
2235
2240
5945
2326
5908
5890
5460
2326
2720
2330
2725
5855
814
2332
5504
814
5899
5844
2729
2368
5807
5870
2738
2687
2368
5797
5543
5858
2683
2688
2379
5742
5856
800
2440
5578
5741
3240
5741
6365
5675
2569
5735
5675
6364
5702
775
2464
6364
775
2544
776
778
777
4155
930
6338
930
4151
916
4151
914
918
4142
854
3087
3162
6292
3163
3168
6299
3166
3171
6310
3184
6325
3195
3193
3204
4261
4266
1075
4293
1234
1223
4354
4362
4362
1234
2914
1246
4338
4324
4476
1344
2912
2915
4498
1297
4471
1339
1297
4447
4484
1298
4447
1350
1387
4547
1417
4547
4518
4551
919
1698
1709
3059
4764
1223
2175
2369
2373
3059
1223
1387
2384
3057
1690
3104
4822
3101
1766
4779
3090
3092
1076
4841
3166
1611
4738
1711
1611
1711
4744
5094
1766
110
1830
1792
4900
5006
5006
4304
1830
4900
1832
4907
5010
6398
4292
5010
4266
6217
4905
5019
4738
4905
5121
1921
1884
1922
5121
4453
6194
1884
4354
1884
4354
1913
5140
4354
5404
5140
4357
4838
1987
1915
5049
4357
4483
1915
5049
1915
5080
5074
2015
1966
5074
1966
2017
5081
1964
1945
5283
2017
1948
2152
5308
6386
5954
2158
5954
5313
5953
2158
5992
3642
5949
2197
5422
5424
5433
5950
5456
5916
5916
5948
5914
5460
5890
2326
5912
5461
5875
811
5464
5900
5861
814
2714
816
2364
2729
2738
2368
5505
2726
2726
2683
5776
2728
5546
2684
2727
6371
2412
3240
2569
2416
6365
2689
809
802
2464
6365
2569
2537
5704
802
2569
6356
789
6339
779
6339
6269
929
929
929
6280
916
6280
916
914
6278
919
3057
3104
6215
6225
3161
6296
3166
6300
6325
6323
3204
1075
4292
1231
2939
4339
2929
1221
2896
4496
2896
1195
4425
4498
1294
1344
4324
1297
4471
1344
1339
1297
4471
1298
4483
4453
4547
4552
4552
4524
4540
2750
4580
4540
806
791
921
4649
1231
924
4652
1226
922
2572
4689
1224
4689
1420
1387
2377
1221
2384
1559
1642
3056
1611
4774
4821
4799
3101
4799
1646
4731
1778
1648
1648
4734
3268
1699
1087
1611
4964
1164
4964
4744
4973
6213
110
1766
1829
1792
4900
1778
5008
6216
1870
1778
4907
5008
1870
1802
5023
1872
1921
4905
6236
1872
1921
4905
4734
1872
5036
4426
6183
5047
5047
5036
4764
1928
4942
5135
6196
1987
1913
4942
1913
5042
6238
4552
5049
5162
1989
4363
5699
1989
5162
6282
1966
5162
5081
5167
5161
5799
5169
5855
5094
1945
5169
5861
2030
5094
2030
5292
1945
5283
5283
2896
5945
2158
5313
2922
5954
2911
5905
2910
5903
2175
3642
5938
2197
2935
2851
2850
5404
5404
2872
2286
5413
2204
2868
5415
2224
2224
2224
5424
5954
2235
5433
2235
2239
2239
5456
2343
5460
5914
5903
5478
811
2330
2710
2333
5859
811
810
2333
5496
5498
5845
5498
2669
2368
5845
5505
2680
5800
5507
808
2670
2630
5548
5778
5548
2681
2572
5743
6375
5576
5735
2690
3240
6366
2569
5579
3237
2572
5708
802
793
793
6355
6350
779
6339
779
779
6338
784
6338
784
929
6343
6280
921
6238
3056
6216
3185
3185
6326
3181
6314
3194
6323
3206
6323
6331
3272
1234
4339
2936
4407
2930
1234
1223
4339
1247
4406
1246
4338
4496
1246
2897
1365
1294
4425
4498
2890
4436
4436
2860
4447
4471
2819
1339
4447
1298
4452
1372
4452
1372
1389
4524
2751
4524
4524
2749
4624
1424
4540
799
4685
4649
4609
4685
1559
1226
1553
3060
4758
4689
1226
2462
4764
4689
1224
2326
2373
3057
1389
1559
4690
1225
3057
3057
1641
4772
4770
1641
4770
3089
1646
1648
4730
1690
4871
1648
4779
4734
3090
1609
4844
3091
3196
4844
1699
1611
3083
1711
1612
4741
6211
1087
5094
1711
1784
5094
6211
1711
4973
6212
6396
4900
4973
6212
1815
4973
1832
4907
6332
1824
4905
5010
1870
5023
6218
1872
5023
4734
1872
5036
4731
1825
4772
1872
1825
5036
6194
1884
4655
5047
5135
4378
1884
1913
5047
5135
4378
1987
1938
5135
6238
4389
5313
1962
5140
1962
4389
5105
1962
5080
5080
5735
6282
2022
1966
2022
1966
2030
1964
1945
2030
5859
1964
6342
1964
1967
6360
1964
6366
2152
5914
5821
6379
2152
5308
5945
6386
2896
5945
5313
6394
5905
5941
5313
5404
2849
2197
2204
2204
5413
2958
5415
5424
5432
5942
5914
2343
5460
5479
5912
2809
2344
5479
5911
2330
5861
5478
798
3264
5496
5859
3255
812
2669
2364
5845
6388
5505
6383
3251
5810
813
813
2667
6377
2632
2384
5548
5778
806
2670
808
2572
2412
5576
809
2569
2416
5576
6375
807
3231
2690
2572
2416
5582
3231
2462
802
3237
803
2572
5693
3224
6355
6355
792
6339
785
6340
931
6343
934
934
920
6278
920
6282
6192
6233
6212
3185
6304
3185
6307
3196
6336
3202
3202
6398
6398
6397
4407
1260
1364
4340
1195
4434
4497
1365
1294
4513
1382
1302
1382
4471
1302
4517
1298
2840
1352
1299
4452
4559
1372
1299
4559
1372
1394
4539
4558
2747
2697
1431
2697
2718
1425
4541
4624
2718
4624
4616
2632
4623
928
1478
1231
1384
4689
1553
4655
4655
2464
1524
2624
2373
2121
2373
1557
1394
1390
4690
1247
2384
1662
4678
1525
4770
1662
4723
1642
4795
1664
4723
1622
1642
3089
4871
4730
1742
1614
4779
3091
1742
4732
4874
1622
4732
1699
4741
1612
4964
1182
1173
4744
4995
5094
1784
4973
4901
5042
6212
1841
4973
4901
6212
1832
1815
6161
5029
6400
1824
4907
5029
1824
6179
6184
1825
4934
4934
4728
1825
1825
5047
4589
5047
1928
6192
1938
5432
1938
5039
5313
4558
5706
1999
1962
4390
5704
2001
5105
1962
1943
5105
6282
1962
5081
5169
5081
5169
5169
2030
1948
5292
6352
2030
5094
6357
5292
6367
2152
1967
5821
5290
5943
6383
6382
2930
6387
2930
2891
5315
2196
2966
5315
2854
2121
2854
2962
2962
5413
2960
2847
2889
2206
2889
2210
2884
2227
2865
2237
5458
2824
5459
2812
2344
5459
5913
2811
5479
6390
5478
5911
2333
3257
5478
2714
2333
5862
3257
795
5498
5817
812
3258
2677
5810
5518
2667
2633
5507
5800
5865
2667
3241
2632
2384
5554
5780
809
2405
5548
5780
5821
3245
2462
809
2655
5779
3240
2416
2655
2416
5576
5736
807
5733
2658
2572
5582
786
803
6351
3224
792
792
3224
3219
792
785
1050
936
931
931
6343
6343
926
920
920
6281
920
923
6247
6209
6209
6223
3188
6318
3188
6336
6332
3202
6400
6397
6396
1260
4333
1200
4339
4495
2902
1364
1207
4342
4495
1364
2897
1195
1365
4437
1306
4513
4437
1382
4471
4517
1382
4517
2840
2801
1319
4517
4526
4560
1431
4539
2747
1431
1394
2747
4539
2697
1431
1406
2697
4541
4624
1493
4590
4645
1493
812
1496
1476
4627
812
1496
4589
4662
4627
4623
925
1492
1478
4623
1258
3060
1557
4687
1226
1524
4687
1250
1557
2622
1248
2373
3057
4678
4793
2227
2405
1248
2373
1525
4793
3058
1631
4795
1631
4795
3102
1740
1642
1597
4745
3089
1740
1788
1742
1617
4741
4874
3082
3081
1713
1784
4733
3175
1182
1864
4896
1864
1967
4896
5094
1841
1841
1788
4992
6400
4907
4934
6400
6161
4910
1876
1824
5023
6184
1876
4934
5036
4668
6209
1886
4934
4437
5036
4339
1889
1930
5135
1889
5053
4333
5488
1930
5135
5518
1889
1938
5053
5142
1889
4385
5479
5142
4383
1962
5039
4383
5039
4558
4390
5707
5733
6285
1962
2001
1943
1980
1980
1965
6342
5862
6351
1965
5873
2152
1981
6390
6378
2163
6390
2160
6384
2898
2897
5313
2890
2192
5313
2931
2192
2917
5315
5328
2913
2121
2854
2121
5328
2965
5404
2204
2204
2206
5413
2888
2845
5415
5425
2887
2883
5432
5432
2883
2227
2864
5474
2237
2812
2237
5459
2814
2814
2708
2344
2777
2777
798
5516
812
812
3258
2364
812
2644
5817
3249
805
2677
5818
3249
2646
2633
3241
2609
5800
2668
3241
2405
5778
809
5820
2462
5557
3235
5557
5745
2572
2655
3234
2416
5582
2658
3231
2622
5582
3227
3226
3227
6351
779
3220
785
6352
3209
785
6344
931
937
6343
933
928
6247
6192
6209
6178
3175
3187
6320
3190
6336
6329
6400
2954
4333
4390
3004
2965
1280
4394
2964
2964
1365
1209
4435
4497
2898
1365
1306
4513
1306
4513
1306
1382
1319
1319
1384
4526
1372
1322
2787
2787
1446
1393
4532
4572
2755
3247
1393
1446
1393
4532
4572
1393
4624
1409
4592
1493
2694
1409
4592
2708
4593
2664
1459
4645
1496
4662
4645
4623
1384
2609
1531
1258
1384
1492
4668
1250
2622
1557
1535
4687
2348
3061
1662
4668
2348
3065
1662
4678
2232
3057
1459
1662
4723
1662
4723
3106
1664
4728
4871
3089
4871
4745
1740
1617
4873
3093
4745
4874
3031
4753
1713
3082
4733
1713
4995
1784
4995
1981
1788
4992
1967
1788
4992
5094
5094
1841
4901
4317
1817
4909
5029
1877
1817
4910
5029
4896
1876
1817
5025
1876
4934
6205
1886
5025
1927
4662
6205
5053
4454
5475
5516
1930
4343
5365
4385
1999
1938
5044
4385
5142
5044
5142
4392
1971
5707
1971
5707
5039
2001
5745
5745
6284
1980
1980
5812
1980
5094
6346
6345
6347
6351
2038
2085
1981
1981
5300
2163
2892
2891
5315
2117
2955
5328
2852
2843
2203
2208
2881
2208
2221
2699
2232
2816
2699
2694
5475
2341
5476
2708
5481
3265
2347
5481
3261
2671
2347
5488
2665
5518
804
2376
5554
804
2646
3247
2376
2648
5557
3245
2405
2639
2419
788
2613
2419
5556
2659
2572
5582
5744
2654
3232
2569
776
5706
5788
5788
776
2657
3220
3217
3137
3137
6344
937
6275
6275
6275
934
933
6286
928
6251
6250
6256
3190
6320
3199
6329
4317
4333
3284
1201
4411
2953
2948
1208
4342
1272
2964
1202
4438
4404
2898
1209
4438
4443
4443
1370
4443
4501
1318
4517
4517
4455
4517
1384
1321
3253
1321
4533
4533
4576
4532
4572
1393
4624
1409
4592
4628
1495
4645
2671
1495
4645
1513
4593
934
1513
1531
4669
1259
1370
3116
1532
4680
1446
1446
1566
3109
923
1566
1535
4680
4692
1557
1535
4668
4700
3060
4700
1250
1250
3110
1574
2348
1248
1547
4796
1248
2367
1547
1393
2221
2374
1675
1592
4811
3106
1675
1592
4728
1597
4728
3094
1740
1597
4750
1742
1622
2085
1713
1622
4980
1787
4733
3032
1713
4991
1787
4733
2071
1864
1860
4914
2068
2068
4914
4994
1877
4733
1876
6198
1827
1876
5052
5052
5031
1905
5052
5031
1927
5487
1930
5053
5133
4343
5367
5481
5494
5475
5553
5044
1973
4385
5142
6263
1999
1973
5025
4992
5142
5706
1971
4811
5746
5099
6284
5769
6276
6276
6277
6345
6347
2038
5787
2038
2071
5298
5300
2169
5300
2169
5322
2898
5328
2953
2854
2201
2856
2201
2965
5417
2203
5418
2841
2886
2841
2841
2806
5336
2802
5356
2802
2208
2880
2802
2757
2838
2757
2756
2838
2756
2221
2232
5474
2816
2232
5475
2814
2341
2340
5481
2347
2664
3253
2642
2629
2633
3246
5518
2629
791
2634
2608
787
2405
5553
2649
2613
788
2651
3239
5556
782
3236
5587
5744
781
5744
5788
781
2654
5706
5788
3225
3221
2657
3220
3217
777
3210
3213
3138
6276
3139
3138
934
6284
6273
6205
1153
3190
4392
3282
1259
2951
1280
4394
2948
2947
1290
4342
4404
2929
179
1272
1202
4404
1359
1202
4490
1209
4438
4501
1304
4442
2835
2807
4455
4517
1385
1321
4576
1429
1429
2701
4577
1446
4542
1446
1408
4626
4597
4626
1493
3232
1415
1495
4597
3219
3220
3137
1480
4593
4614
4645
4692
4692
1370
3115
1566
1259
1752
1252
1574
1542
4680
4680
4796
1248
2623
1542
1574
4720
1248
2340
3065
1593
1574
4786
4796
1655
2216
2342
4811
3065
1596
1596
3052
1680
1616
4876
1680
1616
4850
4876
1745
4850
1620
4885
1752
4850
4885
1730
2086
1624
4980
4733
1753
1624
4980
1786
4916
1157
4914
1795
4914
4991
2073
2068
5112
1877
1818
4909
5022
5052
1818
4946
1904
1827
4946
1904
4786
1905
1927
4333
4542
5487
1939
5137
5450
5055
4343
5418
5106
5055
4343
5067
5028
4385
4994
4397
5099
5746
6274
6277
5101
5786
5112
5112
2086
5298
2071
2071
5300
5246
2169
5246
2116
2892
2115
5322
2962
2947
2856
2853
2203
5336
2885
2806
5342
2880
2806
2798
5365
2836
2838
5363
2701
2817
2699
2699
2694
2342
2813
2340
2676
2776
2347
3263
2662
5450
2661
3259
2629
2385
5493
2644
5493
2633
2629
2357
5494
2636
2613
2387
791
3239
2613
5553
787
5534
2635
2426
5585
781
2651
3232
2637
2622
2460
5587
2654
2622
5682
774
2652
3221
5692
5786
2560
5783
2657
3215
3137
762
3210
3214
3139
6277
3153
3150
3115
6273
3114
6251
1201
1265
1201
4440
2946
1202
2915
1245
1274
4440
2937
2915
4438
2885
1359
1359
2919
1370
1370
4455
2837
1318
4508
2786
1377
1325
4508
4563
1437
1325
1408
4530
1437
2744
1408
4570
1439
1401
1408
2691
1439
3233
1415
4597
3232
4626
1415
4626
3224
1502
1462
4614
3212
1513
1480
4644
1513
1480
4669
3117
4670
4704
1385
1532
4670
1261
1502
1566
1532
4700
1252
2625
3114
4680
4700
1252
3113
1574
2490
4720
2345
2347
3062
4720
4796
1248
2319
1401
1675
2319
4787
2342
1675
2217
4750
4750
3094
1745
4885
3048
4885
2086
1730
1730
1752
4755
1625
4916
1860
1786
4916
4994
4994
2073
4914
1796
4924
2068
4985
1796
4924
5111
1820
4946
1904
1822
5028
5359
5486
4343
4614
5104
5524
5055
4455
5358
5494
1940
5055
5067
5248
5057
4994
5060
4501
4981
5716
5706
6274
6274
5104
5756
5116
5221
2082
2081
5235
2106
5246
2116
2116
2962
5248
2951
2919
2148
2951
2919
5328
2147
2956
5331
2859
2261
2261
2804
2798
2794
2794
5363
2815
2339
5471
5471
2693
5476
2345
3263
2662
2662
3259
2661
2647
2385
2355
5524
2636
2385
2357
2357
2613
2387
5553
2630
2613
2423
2599
2635
5534
2635
2426
2599
5534
2568
5585
2568
2625
5630
2657
2626
5720
762
3215
3212
3214
3145
3145
3150
3153
3151
6265
6262
5661
3038
1265
4396
4440
4396
2945
1280
2945
2947
2946
1202
4404
2962
2878
1359
1210
4446
2859
1311
1311
4529
4508
4529
4512
4563
2743
4575
2744
4570
2730
1439
4599
4598
4575
1461
4635
1461
1502
4598
3237
1461
4598
1502
1462
4614
4644
1505
1462
1566
1538
4670
4704
1538
1745
3123
1566
4704
1377
3118
1543
1377
3113
1574
4674
1257
1851
1543
3113
1574
4674
4706
1253
1651
1253
1576
1651
4808
3062
1593
4808
4787
2339
2387
1655
4812
2218
2111
3079
1596
4787
4811
2308
1680
2103
1714
4851
4880
2214
4851
1714
1733
4861
4886
1748
4755
4869
2095
1752
4755
4869
1625
1625
4756
1148
4917
2073
4920
4925
5203
4925
5219
4946
5026
5232
4343
5066
5358
4446
5064
5331
4343
5064
5026
4398
4985
4985
4398
4512
4388
4506
4981
4396
6274
5220
5225
2081
2081
5243
2106
2114
2148
2148
5252
2147
5252
2256
2256
2261
5333
2261
5333
2253
2766
5359
2724
2698
5361
2785
2698
2692
2309
5470
2692
2672
2345
5448
5449
2678
2666
5486
5486
2665
2362
5524
5525
2613
2395
5525
5525
2733
2613
2598
2613
2426
2569
2637
2571
2622
5534
2622
5615
2568
2625
3221
2623
2560
5654
5719
3215
5720
768
3145
767
3154
761
3152
6289
3117
6289
912
3115
1149
3079
1203
3295
1265
2945
2920
1308
4441
1359
4511
1325
1325
4512
4599
2730
1413
2730
1465
4631
1500
4636
3221
1510
1483
1462
4602
1540
4670
4704
1510
1540
1750
1538
1261
1370
4706
1377
1444
1755
2625
3118
4706
1376
1576
4674
4808
2524
1253
1662
4782
4808
1203
1323
2491
1662
1675
4881
2317
2319
1673
1896
2317
2394
2318
1750
2254
2308
2395
2100
2214
2308
4860
2213
1748
4864
4864
4886
1755
4864
2086
1110
1110
2515
2512
4989
2478
5209
5345
5345
5439
5219
5437
5440
5219
5484
5219
5641
5524
5491
5531
5390
4440
4952
4343
4600
4398
4574
4987
4506
4982
4402
4396
4880
2081
5243
5240
2106
2142
2144
2144
2146
5331
2255
2260
5341
2260
5341
5350
2763
2723
2712
5470
2710
2714
2678
2677
5492
5523
2613
2635
2638
2453
2571
2638
2487
2568
2623
5570
2559
2623
2625
3211
5626
757
2626
5626
2626
5631
3147
760
3147
3142
3152
5666
3117
911
2516
913
1257
4398
4402
1271
1213
3299
3307
1355
1355
1308
1335
1312
1313
1352
1352
1399
1399
1404
1467
1503
1578
1483
4642
2657
1544
1510
1540
4710
4695
1510
1540
4671
1570
4695
1550
3120
1570
1570
1550
1257
4681
1256
1326
1433
1552
4803
4681
1203
1313
1576
1552
4887
1308
1673
4887
2317
4881
2454
4881
2310
3068
1656
2394
1750
1715
2305
2312
3068
1664
2100
1715
2311
1715
4847
2311
1748
1113
2213
2311
1734
4864
4864
1113
4869
1843
4977
2477
4309
5434
2465
5434
5443
5238
5436
5209
5348
5445
5226
5348
5483
5398
5492
5531
5279
4343
4710
4709
4986
4489
4398
4402
4398
4860
4860
4881
5240
2125
5247
2130
5264
2144
2146
2146
2255
5439
1128
5444
2714
5444
5444
2361
2361
2402
2454
1140
2558
2622
2625
2558
2625
5589
2559
2652
2624
2625
2624
3217
2624
1143
757
3147
760
3144
5652
3144
5636
3142
761
3155
3120
911
3040
911
3114
848
848
923
1213
3298
1268
3298
3299
1274
1355
208
1356
1431
1431
2657
1496
4719
2625
1564
1553
1257
1687
1522
1550
4681
1522
1572
4803
1572
4681
1674
1203
1312
4887
1203
1213
1674
1203
1736
2529
4887
1639
1674
1639
2314
2314
1646
1750
1718
2140
2394
2312
2360
2431
1750
1721
1648
4865
2315
1845
2315
1122
1113
1112
2505
4312
1112
2476
1128
2468
5264
1136
5443
5240
5439
5240
5385
5606
5226
5394
5390
5279
4713
1880
4867
4856
4856
4881
1994
5247
2304
5444
5490
2358
2352
5528
1133
5528
2398
2398
2454
2427
5530
2454
1140
2427
5567
2558
1142
2548
2625
753
2624
2624
5566
2548
2624
2626
3159
3141
2623
759
3136
2505
759
2510
3135
761
3119
845
3119
3108
848
924
924
3298
1257
208
1356
1356
1350
1350
1354
1376
1381
1354
1381
1421
1421
1444
1500
1425
1500
1425
1425
1486
1486
1257
1553
1584
1257
1268
1564
1256
1584
1522
1572
1572
4816
1256
1572
4891
1213
1572
1727
1674
1639
1639
1674
1687
1646
1687
2312
2509
1729
1130
1753
1130
1860
5264
5444
5260
1841
5257
5563
1877
5388
4817
1987
2015
2017
5273
1115
5275
5530
2437
754
2505
749
3133
761
845
848
858
1256
1268
1268
1268
1214
1361
1376
1349
1433
1421
1404
1404
1425
1503
1452
1503
1452
1578
1578
1553
1553
1578
1553
1528
1758
1723
1559
1758
1559
1529
1762
1762
1727
1729
1729
1737
1706
1737
1851
1860
1861
1830
1877
1835
1999
2001
2152
2625
2625
705
2624
2624
748
2623
748
2623
749
758
3135
758
3128
845
3118
849
3110
849
849
3061
1268
1214
1336
1361
1349
1326
1417
1468
1421
1424
1424
1452
1578
1452
1579
1579
1528
1637
1644
1723
1644
1723
1695
1728
1698
1737
1706
1851
1851
1860
1861
1863
1898
249
246
246
252
252
1889
1889
255
1999
2009
2001
314
319
2036
2022
322
2022
330
330
2152
2160
2158
2171
666
700
2624
704
746
3135
749
3126
758
845
846
1256
1256
1268
1268
1361
1361
1326
1349
1396
1396
1396
1424
1468
1469
1424
1469
1452
1469
1579
1452
1455
1579
1455
1582
1528
1582
1528
1582
1758
1528
1529
1760
1529
1760
1762
1637
1728
1728
1706
1737
1737
1737
210
1853
1852
1852
1861
1863
249
1863
1898
249
219
237
1905
2005
2005
268
2009
2031
312
319
2036
319
2036
330
2022
330
2038
330
2038
405
405
413
2160
2192
2196
422
2347
2364
587
2377
587
697
688
746
3159
2534
746
3132
758
3128
758
845
3076
3112
846
3110
849
1214
1312
1293
1312
1300
1399
1389
1413
1413
1390
1467
1467
1451
1451
1579
1579
1455
1528
1528
1757
1757
1637
1637
1727
1727
1644
1727
1694
1722
1694
1697
1736
1702
1736
210
1856
1856
212
1863
1863
218
1891
219
1904
230
2002
2002
237
237
268
2008
2009
2031
319
2036
319
2036
299
2036
405
405
405
2163
2163
409
413
2192
421
2121
429
2227
2347
2347
2367
2373
576
2377
2379
2419
2499
685
2525
686
3158
693
695
2534
3157
733
758
733
758
3126
758
742
840
3111
846
1256
128
136
1308
1293
1313
1387
1389
1390
1390
1451
1544
1451
1545
1517
1579
1545
1516
1516
1760
1760
1727
1644
1691
1691
1722
1846
1605
1846
210
210
1854
1891
1891
1894
230
2002
237
2008
237
2008
2008
268
2009
2031
299
355
2163
2169
413
413
2115
421
503
507
2227
2227
496
2319
2347
2374
2460
2491
2525
683
2525
693
2527
695
745
2535
733
2535
740
2529
3076
742
3076
3111
840
846
847
1203
1213
1323
1413
1465
1406
1409
1465
1483
1476
1478
1545
1521
1545
1521
1586
1516
1757
1629
1629
1641
1691
1727
1688
1736
1604
1846
1856
214
1854
214
1890
219
1894
219
230
230
2002
2006
2008
268
276
2012
276
2012
2031
319
2032
319
2035
299
2035
2164
355
2164
355
2163
355
392
2115
392
429
503
2261
482
2208
2208
2222
2290
2227
494
545
2345
2374
2423
2460
2487
651
651
2491
2525
680
680
2526
2533
2534
691
2535
2535
733
742
3075
840
840
3062
3065
859
3065
1213
1304
1322
1393
1476
1476
1524
1545
1586
1756
1516
1756
1629
1629
1756
1718
1718
1641
1845
1604
1843
1605
1843
1605
1848
1857
1857
1890
1894
228
2002
228
2002
233
233
2008
267
276
2032
2032
299
355
2102
2102
2114
357
364
364
401
2147
401
2256
505
505
2263
2218
2222
2345
535
2317
2385
644
2453
2487
641
2485
2489
2526
681
691
2528
691
2535
2529
740
740
2530
740
3074
738
840
3062
3058
1524
1586
1525
1586
1525
1756
1756
1718
1718
1642
1690
1600
1845
1688
1605
1606
215
1854
217
225
1890
225
225
1897
228
2006
2006
2008
2012
276
2012
276
276
2032
276
2032
289
2035
289
2035
292
2164
292
2164
357
2167
357
2114
358
358
392
392
401
448
448
2263
482
2218
2339
2423
2424
645
2485
641
2485
680
2488
681
2497
682
690
2535
690
731
2529
740
738
3077
3077
3080
3058
1535
1525
1656
1656
1642
1600
1734
1734
1844
1847
1847
1606
1799
1857
1896
1896
225
228
1897
2006
233
2006
267
1942
2008
267
1975
1978
1978
1978
2164
2167
357
2102
357
2110
2110
392
393
401
2260
2253
456
2254
483
2216
485
2216
2232
493
529
2310
533
2317
2318
2318
569
559
2385
568
2357
2454
641
641
2485
648
2486
2486
639
639
673
2494
2535
731
2529
3067
730
841
840
840
3052
3102
1622
1733
1733
1607
1606
1606
215
217
217
225
225
228
1903
228
228
233
267
1942
276
1975
276
276
289
289
1983
292
1983
292
301
301
2092
2110
358
2142
358
2144
362
454
454
2260
456
2253
2254
2267
2217
2309
526
532
2318
569
2318
559
2362
568
595
2424
2485
648
639
2493
681
2493
2494
673
2494
729
2532
729
731
730
3077
841
3077
3052
842
843
1611
1790
1606
1606
1790
215
1799
1773
1896
217
1896
1896
222
1903
228
1903
1933
1933
1942
1942
233
1975
263
1978
1978
1978
283
2090
354
354
2141
2141
362
2141
393
2245
393
401
2245
444
2246
452
2248
2260
2252
2309
486
2309
527
2310
521
2314
2355
559
2362
568
595
630
632
648
648
2486
640
2493
640
671
673
2523
677
2523
677
731
3067
3067
731
730
730
3049
3106
1622
1771
1796
1768
1796
1796
1773
1796
222
1820
222
1820
1933
231
1933
1933
232
1940
263
1940
263
272
272
1983
283
1983
1983
2090
294
294
2090
354
2092
354
2140
354
2140
354
2140
362
362
389
389
2245
2246
444
2248
2252
468
2251
478
2251
2266
2214
484
2308
527
2353
522
2361
559
564
2361
2361
2361
2394
632
2402
630
2454
2438
2486
2473
671
2481
2481
673
2507
676
2520
678
2520
730
3068
3044
830
3094
3052
834
852
855
1796
1776
1773
222
222
231
232
263
263
263
1977
272
1977
1976
283
283
283
360
2141
2141
2136
2245
2245
444
2247
2247
452
2248
479
479
2252
468
468
468
2308
525
2305
525
2312
2312
2353
557
566
2361
566
593
632
2438
631
631
2473
638
2481
673
676
2507
676
678
723
3042
3068
723
730
3044
830
3048
827
827
842
834
855
855
3089
1795
1801
1822
1811
1932
231
1932
232
1940
232
1940
263
1940
263
263
1977
272
1976
1982
1982
283
294
2089
2089
293
2098
293
2098
2100
293
2136
389
389
389
2244
442
2244
2247
2247
2251
2266
473
2311
521
521
2312
556
556
556
2360
2400
632
2431
2429
629
2473
631
2473
638
2480
636
673
2520
2520
723
723
3040
725
3040
725
3047
3047
3048
829
829
3094
3087
1033
1795
1822
1811
1932
1811
1918
1939
1906
1977
1906
1977
1976
279
1976
279
280
280
294
2089
2098
2127
2127
360
2129
349
2136
389
2136
2136
2247
442
450
450
2252
440
2250
468
2250
2250
2265
2212
2212
474
2213
511
2313
2313
2313
2352
557
557
2360
589
2360
593
593
2400
599
599
2429
629
629
2436
633
636
2480
672
2505
676
2509
678
712
3040
723
3040
725
828
828
3094
3093
3093
1035
1804
1801
1827
1811
1918
1939
1906
1973
1906
1906
279
1976
1982
280
1982
2089
297
351
351
351
2136
349
2136
2244
381
2244
442
442
2247
467
469
2213
2311
511
2315
520
2315
520
556
2352
589
588
588
2400
2431
2431
629
629
633
2472
2480
672
2505
2509
2510
712
3040
720
720
3043
720
3043
724
3048
3048
826
836
3048
3033
906
975
1041
1075
1079
1048
1921
1919
1919
1919
1927
1909
1930
1918
1906
1973
1945
1973
5081
1976
1976
279
1982
1982
296
2089
296
2089
2127
2127
2125
351
2133
381
2134
381
2241
438
2243
2243
441
1118
441
2249
441
2249
1122
465
2265
2265
1125
469
459
459
2315
2351
2351
555
2359
589
2389
2389
2400
2429
2429
2429
2429
2472
633
636
2505
2505
676
676
712
712
3040
717
3040
718
724
826
833
835
3091
886
3202
1943
1973
1945
5081
5081
5081
1952
1952
1952
297
282
2125
353
2133
349
381
438
434
437
465
466
466
2264
469
460
1113
459
1113
2304
515
2304
515
2315
520
555
555
2351
2359
589
588
2397
597
2397
597
629
629
628
2472
2472
637
2505
2506
2516
718
2516
724
3043
3046
724
724
3046
3045
831
888
3034
3031
3100
953
3169
952
968
3191
1001
3272
1069
1943
1971
1943
5081
1971
5081
1971
1971
1946
1980
1952
2085
2086
2126
337
2126
2134
378
2241
433
2243
434
2243
434
1118
2249
441
2249
1122
2265
466
460
458
1112
513
513
2304
515
2304
1130
32
1130
32
553
2354
553
2358
555
2389
589
589
2390
2390
2396
2428
2437
633
2437
633
2437
635
635
2505
670
2505
675
712
717
2516
721
2516
821
3046
3039
3034
832
3082
3085
3095
3098
878
952
3196
966
966
3199
1003
3200
3200
3268
1943
1971
5081
5081
1946
2085
282
337
2125
353
2133
2133
378
378
433
433
2243
434
463
1120
463
466
464
2264
458
2354
555
2358
589
2358
588
597
2396
598
598
633
633
2466
635
2466
635
2479
2479
2506
712
2506
2516
56
56
821
3038
824
3034
870
3032
873
878
942
3196
962
3190
3199
3200
1012
1012
3268
1911
1948
1948
1948
1962
5081
1946
2085
2082
2126
337
2132
2132
377
1115
2243
2243
1120
4312
5395
458
458
1112
28
1128
1128
1130
32
1130
32
1130
34
34
589
2390
1133
2396
2428
2428
598
2428
2437
46
635
2479
48
2476
670
674
674
2479
2508
56
56
719
3039
3028
3029
3095
865
3160
863
3161
3167
3174
3190
3190
964
3198
948
3198
1185
1055
1182
1960
1965
1952
2082
2126
2125
346
2132
1115
377
377
433
1116
17
17
1114
439
1120
439
1120
439
462
462
458
4313
4309
1112
22
1128
30
30
1130
32
1131
32
34
1131
561
2358
38
1133
1133
1133
588
1133
596
44
46
46
2479
2508
55
55
55
1148
823
1149
823
824
820
819
3029
872
1159
3095
3167
939
941
3175
3190
964
997
948
1185
1011
1011
1010
1010
5081
1946
2106
1105
346
2130
377
1115
377
4312
20
5395
4313
22
4309
5442
28
30
1130
1130
32
32
1131
3324
1131
3806
1134
38
38
44
2465
46
2465
46
48
49
2476
2477
50
674
2478
2478
2512
56
719
823
823
3035
3029
1163
1163
1164
61
3167
63
1173
944
1174
943
3190
1177
996
3198
947
4318
1185
1182
6396
1056
1105
6
9
1115
377
5372
13
1116
17
5372
5374
17
5380
439
5380
5382
439
4312
20
21
4309
22
22
4309
5442
1130
3731
5446
1132
3806
1136
38
1133
3813
1137
596
1138
44
2398
2427
2427
45
45
2465
2468
46
48
2476
2476
49
2478
52
52
2503
2512
56
1149
823
3035
3035
65
1158
820
868
872
1159
75
75
73
1164
74
1165
62
1167
79
81
1177
91
4317
4317
93
6396
5081
5085
6
5264
5264
13
5372
19
21
5396
5343
5343
5434
5434
3731
5442
3731
5442
3731
3769
3769
3324
1136
1136
3806
1136
1137
44
3844
3844
47
48
50
1144
50
1145
1147
56
1148
823
71
67
1153
67
1150
76
1150
4315
4089
6225
4080
4079
6291
61
63
63
6303
6305
4161
4163
1177
4318
4318
91
3514
5094
3514
3514
3588
3582
5264
3594
3594
5372
12
11
5372
16
5374
16
16
5380
5382
16
5382
21
3675
3675
3323
3731
3732
5444
3736
5444
5446
5485
3324
3324
5489
3808
3808
3813
1138
3815
1138
3844
1140
3844
1142
1142
1143
3886
1144
5606
50
1144
52
2475
52
53
5643
3938
5642
70
5644
5644
65
1158
4085
4089
6215
4080
6228
6291
4094
6291
6294
79
6305
6305
4162
4213
4317
4317
108
5039
5094
5094
3514
5094
5094
3514
3514
3568
5240
3560
5255
3583
5264
3600
12
5372
5373
5372
14
5378
3678
5382
3679
5343
5343
5434
5443
5443
5444
3736
3770
5485
3770
5489
5521
1137
3817
1138
3844
1138
3844
3853
3853
5597
3886
1143
3887
5606
3892
2474
2474
5608
5643
3936
64
6166
64
6169
4036
6160
6159
4085
6215
4090
6290
4094
6296
4094
4035
6303
6303
4156
4157
6305
6319
4181
6328
4213
6328
6397
4304
3489
5099
5101
5101
5094
3510
5094
3565
5267
3583
5267
5373
3320
3320
14
5383
18
5385
18
3686
3677
5439
3677
3732
5443
5444
3770
5444
5485
3772
5485
3324
5489
3805
5521
3817
3817
3845
3845
5597
3887
5599
3892
3892
3930
3930
3936
5647
3938
5646
4040
5646
6166
64
4041
4083
4083
6226
4090
4095
4081
6304
4167
4167
4181
6319
4181
6328
6328
4165
6329
4318
4304
3489
5044
3511
3568
3568
3565
3592
5267
3596
3596
3320
5375
3320
5378
3321
5378
3321
3681
5397
3681
5345
3686
5436
3733
5436
3738
3738
5483
3770
5483
3772
3805
3811
5521
5527
5527
3846
3846
5529
5529
3845
5529
3851
5566
3853
5598
3853
5606
5606
3892
3929
5607
5634
5634
5634
4042
4041
6166
6169
4037
6160
6161
4091
4097
4197
4099
6301
6301
4167
6307
4169
6320
6329
6397
4305
4907
5044
5060
5099
3500
3511
5099
5101
3510
3510
3565
3565
5260
3565
5373
5375
5375
3321
5378
3321
5383
3656
5383
3656
5385
3681
3687
3686
3728
5439
5437
3745
5444
3773
5483
3780
5490
3780
5490
5522
3811
5528
5528
5530
5530
3851
5598
5597
3854
5600
3892
3892
5606
3939
3939
5638
5647
5645
5645
4042
5649
6173
6169
4049
4086
4098
4096
4167
6326
6318
4180
4215
4305
3439
4910
3484
5060
3493
5099
3506
5099
3515
5101
3518
5101
5112
3571
3571
3571
3568
5257
3565
3615
5272
3615
5376
3320
5376
3650
5384
5398
5348
3690
5348
5440
3728
5437
3733
3773
5483
3773
3783
5490
3810
3810
3811
3818
3818
5528
3846
3846
3845
5563
3888
3854
5606
3929
5636
3929
5638
5638
5640
5648
5649
4043
4048
6177
6177
4113
4122
6300
6326
6318
4232
6398
4896
4904
4956
3446
4956
3484
3493
5062
3506
5062
5099
3515
3516
5101
3518
5103
3518
3571
3576
5257
3576
5269
3576
3615
3655
5376
3655
3651
5391
3651
5384
3680
3684
3684
3687
3701
3690
5440
5440
5437
5445
3745
5445
5483
5490
5491
5522
5528
5528
5528
5530
3845
3851
5563
5598
5598
3889
5610
3893
3893
5635
3943
5662
4044
4048
6173
6220
4223
4241
4293
4744
4946
4947
4956
4956
5057
3484
5057
3493
5062
3506
5099
3574
5099
3518
5219
3576
3576
3576
3580
5272
3615
5376
5376
5386
5386
5384
5398
3701
5348
5440
3744
3743
5437
3743
3745
5445
3741
5483
3776
3776
5490
3785
3785
3821
3818
3818
5528
3818
3849
5530
3848
3888
3888
5598
3932
5636
3943
3943
5638
3944
5648
4044
6197
6172
6198
4207
4212
4208
4243
4741
4737
4737
3457
4926
3459
3468
3450
3522
5057
3493
5057
5057
3537
3537
5062
5099
3516
3516
3574
5103
5103
3571
3574
5219
3574
5228
5269
3580
5272
3615
5275
3615
5277
3655
3654
5386
3654
3657
5394
3657
3688
3701
3701
5440
3701
5440
3750
5441
5484
5490
5491
5491
3821
3819
3818
5561
5561
3848
5567
5567
3856
3856
5602
5602
5602
3890
5610
3932
5635
3932
5635
5639
5662
3944
5662
6197
6197
6184
4209
4211
4755
4732
4738
4917
3457
3457
3459
3459
4920
4925
3468
4925
3468
4949
4950
3454
4950
4957
3522
5065
5065
3522
3537
3537
5062
5062
5104
5104
5104
5103
3574
3574
3574
3574
3574
5228
3579
3580
5273
5277
3654
5387
5387
5394
5398
3685
5347
3703
3703
5361
5441
3750
3750
5447
3745
3741
3776
5523
3822
5523
3858
3858
5567
5567
3856
3856
3857
5602
5602
3894
3890
5610
5635
3933
5636
3933
6199
6218
4917
4920
3459
4920
3459
4927
3461
4927
3468
4949
3454
4950
4950
5065
3530
5065
5065
5062
3537
5062
3537
3516
3516
3574
5103
5103
5232
3574
5229
5230
3579
5241
3610
5273
3610
5275
3662
5275
3654
3668
3668
5394
5351
5351
3703
5350
3703
5359
3746
5361
5448
5484
5449
5491
5491
3822
3824
5531
3847
5531
5562
3865
5589
5589
3857
3894
5610
3932
5611
5637
5637
5637
5659
4059
5659
5660
5660
4668
4674
4787
4787
4734
4831
4831
4975
4975
3456
3461
3468
4927
3468
4949
3468
3454
3454
5063
5063
3522
5065
3530
3530
3537
5104
5104
5104
5116
3574
3622
3574
5232
5230
3579
5241
3579
3610
3614
3614
3662
5388
3662
5390
5339
3692
5394
3694
5350
3703
5361
3752
3751
3758
5448
3758
5449
3822
3826
5523
3859
3847
3858
5562
3866
5567
3856
3897
5604
5622
3895
3933
3933
5637
3954
4058
6199
6205
6205
4451
4662
4662
4674
4758
4758
4790
4847
4821
4847
4820
4820
4920
4920
3466
4928
4927
3466
4927
4952
4953
4953
5066
5066
5072
3538
5062
3538
3547
3547
5114
3622
3622
5232
3574
3579
5247
5250
5250
5279
5390
5390
3668
5351
5351
3694
3705
5363
5362
3710
5362
5362
5470
3751
5449
3788
5449
3830
3823
3862
5562
3858
5562
3866
5589
3894
3899
5622
3895
5611
5611
3945
5652
5653
5665
5665
4070
5660
3334
6423
3382
4455
4526
4590
4609
4662
4717
4762
4762
4790
4847
4821
4852
4975
4978
4978
3456
4928
3456
4928
4930
3466
3467
4930
3467
4952
3471
3471
3521
3521
3525
5063
3525
5063
3525
5066
3539
3539
3539
5072
3538
5072
3538
5104
3547
5221
5234
5243
3579
5247
3579
5250
3614
5250
3663
3670
5331
3671
3698
5342
3698
3711
5362
3710
3752
3751
3763
5448
3766
5450
5487
3798
3830
3830
5525
3826
5532
3860
3862
3867
5562
5589
3896
5589
3897
5589
3908
5622
3899
3945
5625
3947
3947
5652
3947
4058
4070
6203
4070
6206
6423
4440
4325
4441
4424
4431
4518
4518
4524
4599
4540
4598
4590
4602
4713
4655
4655
4717
4891
4762
4891
4774
4858
4858
4847
4824
4824
4865
4835
4978
3460
3456
3456
3466
3467
3467
3471
5026
5026
4951
3525
3525
3539
5066
5073
5106
3547
5116
3547
5116
3547
3622
5225
3622
3630
5234
3630
5247
5248
5248
5279
3670
3671
5342
3698
5342
5363
5367
5474
3753
5362
5471
3763
5476
5476
3793
5493
5525
5553
3863
5532
3868
5534
3867
3900
5570
5622
3946
5626
3955
5657
5652
5666
5666
6203
4440
6405
4440
6405
4446
4493
4424
4529
4431
4520
4563
4520
4574
4540
4600
4540
4600
4589
4589
4710
4710
4649
4713
4716
4716
4652
4764
4891
4891
4891
4774
4825
4825
4857
4857
4863
4863
4835
3460
4977
3460
4986
3466
4986
3466
4930
5026
5026
3471
3521
4951
4951
3525
3525
3539
5067
3539
3538
5106
5106
3547
5106
3547
5116
3550
5114
3622
5225
5246
3609
5248
3612
3663
5331
3671
3698
3711
5371
3753
3755
5471
5476
5476
5476
3793
3800
3863
5553
3863
3902
3900
3909
5616
3908
3946
3948
5657
3948
3955
5652
6259
4064
6201
4064
6260
6206
6192
4398
6448
4402
4441
4489
4493
4462
4478
4529
4511
4548
4563
4520
4574
4630
4709
4713
4649
4652
4652
4716
4716
4764
4893
4764
4893
4767
4854
4776
4776
4854
4856
4825
4857
4829
4857
4836
4836
4863
3460
4987
4968
4930
3466
5002
5026
3471
5014
5014
5117
5137
5126
5137
5126
3539
5067
3539
5073
5073
3535
3542
3542
3630
5295
3630
3630
5246
5328
5417
3670
3670
5418
5336
3673
3673
3700
5371
3713
5458
5475
3757
5476
3790
3793
3833
3800
3834
5553
3874
3879
3902
5585
3903
5615
3901
3908
5622
5626
5626
3946
5657
3955
5657
5663
6259
4064
4064
6258
6257
4398
4398
4402
4402
4489
4493
4511
4548
4563
4520
4521
4574
4521
4521
4630
4521
4630
4582
4709
4582
4715
4715
4715
4715
4716
4659
4764
4825
4863
4838
4841
4977
4959
4959
4987
4963
4968
4985
5002
5021
5014
5021
5014
5028
5117
5126
5126
5067
5126
3535
3535
5073
3535
3542
5073
5164
5164
5164
5166
5295
3630
3609
5404
3672
3673
3753
5476
5481
5496
3802
5498
3833
3834
3834
5557
3879
5617
3906
3910
5630
5626
3953
5663
3955
3955
5725
4063
6261
6287
6258
6258
6256
6240
6448
4402
4493
4493
4478
4511
4512
4512
4551
4575
4575
4580
4631
4631
4650
4650
4659
4659
4659
4894
4894
4660
4816
4765
4816
4765
4816
4776
4817
4776
4856
4826
4856
4838
4838
4977
4977
4989
4963
5002
5022
5021
5002
5014
5025
5028
5117
5117
5126
5126
5133
5067
3535
3535
5105
5105
5164
5164
5166
5166
5298
3626
5400
5424
5466
5478
5500
5500
5504
5496
5497
5497
5538
5538
5497
3876
3878
3915
3921
5630
3911
3949
5655
5719
3955
3955
5725
6261
4066
4075
6250
4398
4489
4506
4484
4508
4551
4575
4616
4583
4583
4631
4650
4719
4685
4719
4894
4659
4816
4690
4817
4826
4869
4989
5002
5022
5025
5016
5016
5127
5133
5126
5105
5105
5164
5164
5166
5166
5166
5290
5290
5290
5308
5313
3914
3922
3925
3912
3912
5631
3950
3975
5722
4063
6261
4066
6262
4136
6413
4491
4506
4568
4568
4616
4631
4620
4636
4620
4636
4685
4695
4659
4803
4690
4816
4770
4816
4799
4799
4881
4860
4869
4983
4994
5013
5023
5147
5140
5302
3916
3928
3925
5682
3966
5720
3958
5722
4062
6288
4062
6288
4063
6265
4136
6250
6247
6252
4404
4491
4501
4483
4560
4572
4644
4695
4689
4689
4803
4804
4770
4770
4804
4860
4873
4860
4980
5694
3928
5706
5714
3973
3973
5711
3966
3966
4062
6289
4066
6273
6252
4396
4692
4687
4804
4880
5724
5724
3966
5751
3975
5726
3958
5726
4062
6288
6266
4065
6246
4796
4811
5685
3983
5746
5713
5706
3977
3966
6266
4062
6273
6285
4414
4422
5731
5729
5746
3983
5723
3981
5723
3984
5751
3976
6271
3978
6271
3978
4130
6282
6246
5731
5746
5752
5713
5752
3982
5752
3981
3981
3985
5753
5751
6274
3978
6273
4128
6284
6245
5757
5778
5713
5750
4132
5756
6282
6278
6278
5796
5759
5745
3999
3992
5784
3992
5784
3996
5755
3988
5755
3989
5756
3986
4132
6276
6283
6278
6278
5807
5778
5765
4005
5785
3999
5769
5784
4010
5784
3996
5786
5755
5755
5783
6345
4147
4148
6283
4151
5774
5774
5811
5769
5786
3996
3996
4001
6345
6343
5855
5846
5807
5813
5813
5813
4007
4017
5789
4010
4010
5786
4010
5783
6346
6340
6269
5846
5817
5790
5813
4011
4011
5812
4021
4017
4010
5815
5788
4010
5787
6340
5862
5808
5817
5818
5772
5814
5812
5812
4017
4019
5788
4019
5787
6352
5872
5861
5809
5808
5793
5790
5818
5818
5819
4011
4018
5820
4017
5815
5815
4019
6352
5837
5866
5864
4013
5818
4014
4012
5819
4023
4023
6358
6354
5837
6390
5873
5864
4014
4011
5821
6358
5834
5913
6390
5838
5873
5804
5803
5874
5803
4013
6378
5824
5824
6393
5838
5873
5804
6378
4022
6369
5827
5902
5827
6393
6392
5838
5804
5874
4015
6386
4022
5858
6371
5878
5831
5906
5839
5839
5838
6382
4029
4029
5858
5886
5831
6395
5906
5848
6392
5848
6392
5901
6373
5918
5878
5944
5877
6395
5849
5906
6395
4027
6384
5870
5917
5878
5944
5907
6395
5850
5899
5870
5931
5917
5951
5944
5888
5879
5879
5939
5900
5992
5992
5920
5920
5953
5919
5888
5942
5942
5879
5992
5929
5992
5950
5922
5950
5919
5951
5942
5890
5903
5931
5990
5922
5919
5919
5948
6005
6082
5936
5996
5929
5990
5929
5929
5990
5948
6136
5960
5935
6019
5935
5937
5936
5996
5931
5931
5990
5960
5960
5960
6086
6081
5976
5931
5978
5949
6136
6003
6032
6081
5960
6064
6065
6007
5988
5997
5971
5980
5931
5977
5991
6060
5960
6065
6034
6003
6102
6100
6032
5960
6003
6047
5977
6034
6032
5981
5979
6032
6041
