3279
3279
5982
6004
3277
3224
3271
3225
5867
5854
5979
3277
3307
3227
3271
3279
3231
3279
3225
5935
6661
3225
3307
6703
3229
3227
6655
6652
3264
3313
3276
3225
3318
3289
3227
5797
5811
5812
5868
5858
5937
6202
5955
6631
3307
3291
6665
3214
6655
6652
6646
6616
416
3264
3213
3231
3318
3289
3282
5777
5775
5851
6218
5955
5955
3575
1907
3264
3288
3221
6631
6633
3280
6667
6615
6654
6647
6641
6696
4825
3573
3549
61
693
3264
3259
3276
3276
3272
3289
3311
5757
5678
6180
6199
5754
5616
6159
3510
1327
1326
4825
4738
3606
3950
6676
3296
6634
6675
3282
3249
3245
6674
6662
6656
6641
6649
6637
4174
4350
102
3256
3308
3272
3308
3305
3319
5758
5807
5744
6213
5629
5862
6179
6184
5731
6164
5577
3479
4176
4418
3574
3612
3584
3536
410
3363
3250
6679
6635
3358
6686
6669
6704
6702
6697
6647
6638
4404
4405
4692
3616
337
59
59
22
667
667
3241
3301
3256
3301
3341
3308
3308
3319
3361
3317
3144
5694
6213
6211
6171
5267
5464
5450
5635
6385
5556
4690
4821
4812
2846
4412
1427
659
4415
3036
3597
3555
3529
3740
3851
3851
409
6695
3239
6687
3358
3250
6692
3304
3304
6702
6673
6704
6697
6704
6638
6693
4141
6308
4409
4406
4342
4693
4692
3564
3796
3163
3144
3145
339
104
233
913
698
343
665
3304
3341
3305
3361
6564
4970
5736
5595
5462
5638
5727
857
4405
4410
2832
4410
2831
2846
616
660
4147
4148
4148
3039
649
650
4083
1297
4185
590
53
245
3757
237
3862
232
349
3843
3298
6688
6695
3363
6692
6682
6686
6715
6702
6702
6753
6698
6737
6877
4407
4399
3617
6263
3147
3164
3143
3164
914
55
2795
3
701
590
591
3152
1296
3294
3297
3359
3341
3359
3343
3361
3343
3317
6564
4760
4760
5624
5721
5461
5715
5465
5486
5557
3152
2922
5497
5553
5497
664
1482
6875
6875
1484
1484
617
616
660
4900
4147
691
1192
4179
4087
2862
6483
642
4112
1293
4156
3820
284
3655
55
3654
245
3528
14
3775
3775
340
118
3516
2
260
3237
3364
3233
3349
6740
3232
6759
6714
6744
6759
6744
6753
6742
6740
6482
4159
4407
3527
6563
3656
3820
3149
3149
1277
3164
259
914
702
589
666
592
1191
3338
1900
3341
639
3359
603
3343
3361
3346
3364
1502
1481
1513
3152
5661
5532
5632
6380
5483
6380
5654
858
5559
5494
5562
4168
4153
1485
6877
6292
618
6293
615
4105
4105
4106
1758
4147
4150
4149
1191
2869
4101
1290
589
3840
3820
284
3654
3651
15
265
3774
3625
192
3
3646
1
134
134
3298
6763
6751
3364
6751
3357
6717
3337
6761
6753
6753
6753
6738
4973
6486
4362
4840
4954
4152
4168
4808
3761
1277
445
1277
914
702
585
874
592
3297
1801
2884
3297
848
1900
3359
3342
3342
3361
3344
603
3361
3357
1230
1478
6556
3134
1514
1800
5674
5484
5484
2927
5658
6387
5527
4343
680
5570
5567
4168
5407
4153
4954
2833
618
618
1759
1194
1196
2869
4101
704
4081
592
3727
3818
3818
297
3808
142
3526
3525
9
114
3522
192
3706
3
3514
1
134
3295
3295
6738
6740
3339
6719
6761
6746
6759
6744
6759
6753
6741
6741
6754
4394
4177
4178
4153
4081
3659
4366
4062
3150
1208
445
259
571
194
1298
592
3337
3339
3481
1536
3439
3367
3346
3348
4362
3441
3350
4362
848
1230
1230
1230
1323
3134
6874
6874
933
870
870
869
5663
6573
5480
5669
5561
1449
5564
4167
5706
5748
5706
5406
4151
657
2833
2833
4955
1486
6292
1487
6293
4105
2884
4106
4103
1759
1198
4894
4894
2868
1418
4102
676
4140
4772
585
4901
703
152
3663
151
3818
297
3808
3658
141
3667
155
16
266
3525
9
3669
157
3519
4
3646
164
3645
133
6758
3351
3441
6758
3441
6738
3337
3339
3339
3339
6750
6763
6763
6743
6741
6754
4362
6739
6752
4435
4680
5225
4154
5225
4151
4841
3809
4801
3761
882
1276
445
1161
249
135
147
878
588
907
1298
3353
592
946
3353
3339
3353
3366
3439
4394
3440
3348
1874
3441
849
848
848
1230
4710
1323
4365
1276
1323
1322
6874
6555
2770
2737
2767
2770
933
2763
4985
933
2721
4985
870
867
869
2737
2768
4355
1799
2760
2770
5670
2927
4922
1449
5669
4167
706
5424
5421
4144
4153
2833
2833
5440
1486
1487
4956
4956
4104
4103
5225
941
1195
2868
4099
1418
673
4127
4094
1894
588
1309
1320
3935
151
3663
154
145
3658
3780
3669
3705
3705
8
3649
3677
164
6752
3352
6738
3401
6748
6745
6839
6756
6741
4362
4193
6765
6330
6754
4100
4679
5226
4194
5361
3658
1209
3761
445
249
1160
164
878
907
588
907
946
588
946
610
610
960
711
4394
941
3353
905
3439
4394
3439
3367
4394
3368
1500
1500
848
848
1162
1230
1517
1230
6557
1323
1209
881
1323
6878
2432
6878
2317
3129
933
2745
2764
4985
2738
933
2743
2762
4985
4354
867
2762
867
4356
2700
1799
5262
5481
6386
5703
5565
2927
5670
4922
1450
5704
706
5382
4922
5425
5704
4144
4144
656
5436
4955
4955
5440
1487
1487
2848
3481
4104
2884
1195
4677
4677
2868
4099
1347
1347
673
1343
638
638
4092
3010
1874
1308
442
4800
154
3664
3664
154
3688
149
3662
149
146
147
3781
155
406
3908
158
3895
158
157
261
3773
161
3649
136
3677
165
6757
6757
3352
3441
6749
6798
3398
3420
3398
3369
6743
3365
6743
6766
3401
6764
6764
6766
6766
6756
6756
4678
6798
5226
4103
5361
3675
3760
1210
3760
882
413
249
1162
248
1500
878
878
946
822
610
947
4432
3352
3401
711
658
1319
3445
1757
3400
1798
1319
4393
3400
1241
905
3400
4393
849
3368
3440
4361
849
1417
1500
4364
4949
4364
4364
6557
4950
4950
1322
1322
3129
6555
2536
3129
6555
2390
2136
4353
868
2297
4353
868
2432
4356
2390
5261
3158
6384
5697
2928
5703
6384
1450
5383
5390
5382
5395
5381
658
5420
5422
656
5437
5436
1325
5059
5159
2830
4959
4958
4958
4104
1197
4684
6329
4192
1509
638
4983
3010
3010
1864
586
1280
298
175
173
150
3658
3781
3886
3882
3773
3773
161
3674
3675
6799
6799
6749
3370
6747
6745
6765
3369
6745
6765
3401
6747
6764
6839
6839
4162
6766
6807
6765
4673
5226
6343
4078
4631
3675
879
1163
248
1163
878
163
4673
166
947
299
948
949
948
1238
609
947
3407
711
4432
711
4432
905
3401
1319
3445
3443
3443
1242
1500
2821
4361
4835
849
3441
851
4364
4835
851
4364
851
4949
4364
1229
1453
4651
1229
879
1323
1322
4951
4951
2313
1455
2296
2536
933
2274
4419
2744
4419
867
2702
2390
867
2114
2136
2135
2151
868
2316
2425
4356
5259
2228
1798
5261
2928
5385
6384
1450
5386
5383
5380
5420
4143
656
4145
1325
5211
5052
4145
5053
2830
6294
5159
4958
2829
2848
4104
6879
942
1757
1424
627
4678
4682
628
1406
1545
6326
1406
1342
1342
1401
638
3010
3010
1864
1864
4076
4076
820
1281
4763
3810
3811
3687
3687
148
383
379
3908
379
3885
378
3882
381
381
162
3672
3672
159
160
3760
3404
3441
6749
3399
6798
3403
6765
3402
3369
3402
3335
6757
6764
5333
6839
6767
6845
4433
6807
6802
4937
6808
6802
6343
6879
4799
4096
3676
3676
3762
3760
413
1163
1275
4659
1367
4660
163
1366
163
947
1188
949
486
377
3126
820
1238
959
609
4438
974
3407
712
974
4437
784
3445
977
4432
906
3401
1367
906
3336
868
4393
906
1863
4361
1763
850
1863
4361
629
4360
630
4626
4360
1163
1677
4360
6548
3133
4653
4950
1229
4950
1322
1455
6550
1598
6550
2536
2367
2127
1925
4419
867
4353
2401
868
2215
4353
868
1988
4312
2213
2072
2432
2186
2432
5259
2186
3155
2242
5260
940
1971
1971
5386
4426
4425
939
5396
655
5426
4143
5409
4145
1552
5433
5426
4145
5211
6294
1551
1489
5054
6290
4957
4957
942
619
647
4427
4427
5224
2866
2866
4684
1538
790
4891
1408
4161
4161
5333
1401
4982
636
637
3011
1862
1239
4310
453
208
176
173
3687
173
3686
150
3661
3906
405
3886
505
448
3880
3671
6757
3404
6804
3403
6769
3370
6803
3369
3371
6768
3402
3371
3400
3335
6769
6820
6800
4817
6801
4432
6801
4937
4428
4166
4660
6290
4724
4096
4630
4436
3690
3762
3762
1032
412
912
251
4630
178
4937
1368
1188
948
977
1314
170
1188
3126
1314
4441
819
6547
743
6547
948
4441
975
608
975
712
4433
4438
947
1366
974
3407
3335
1366
976
3336
620
1240
4436
3445
3400
1455
1239
4927
3443
3443
1863
1275
1862
851
3011
1275
1226
851
4626
1749
851
851
1167
4950
4705
4950
4705
1229
1652
4951
1322
1580
2338
4951
1615
2319
2536
1560
1455
2323
2536
1953
1455
1950
6550
1950
4419
1927
2386
4311
2234
1984
4312
2000
1986
1998
2338
4312
2022
2425
2212
868
4424
1798
2020
2203
5260
2242
5260
2925
1970
6379
940
1970
847
6336
5393
655
5409
5417
5426
4146
1324
1548
5019
5055
4804
1548
5018
5055
1570
1488
5031
1570
5070
5191
1569
620
5076
6879
6879
1752
619
1677
1424
1676
1424
1424
5224
1680
1315
5231
1312
1407
4824
4889
1506
1400
1401
4981
636
4123
3011
4310
3944
3687
174
366
3888
515
3942
4013
3879
377
167
3672
170
3443
6820
3404
3442
6803
3373
6769
3419
3402
6768
6802
6800
6802
3402
3335
6733
3336
6820
4880
6843
4890
6845
6845
4937
4517
5224
5325
6808
6291
4798
3996
4436
3690
1030
1032
1275
4517
911
1368
4442
1369
4937
1188
207
4464
4442
1188
207
981
1187
805
4441
981
819
4464
4433
4438
608
4438
975
974
4436
1022
782
911
974
4929
3409
976
620
1240
4447
906
3443
4929
912
4393
906
3470
1322
1239
4927
906
772
4359
850
4359
4836
903
1225
3011
4359
903
1637
4360
4626
945
1749
4360
4625
1452
1229
4950
4707
1164
1229
1278
1229
1744
4712
1588
4712
2428
1587
1322
2352
1587
6550
1455
2303
6550
1929
1455
2478
4928
2160
2500
824
2162
4311
1961
823
2042
2270
1962
823
1985
2214
4424
2022
2537
4424
1798
2528
5260
2517
1796
5260
6379
2245
940
4333
1961
5418
4333
678
6336
5416
678
5410
632
1972
5409
4143
1582
1742
5408
5220
1549
1324
5055
1550
5030
1581
5016
1488
1570
6290
1576
5017
1569
5041
5192
6290
1575
1569
5075
5040
1578
5040
1665
1616
5374
4428
4428
1617
4428
647
1655
4427
1674
1641
5224
646
1396
1681
1397
2953
4897
1315
5228
1312
2822
1400
4880
4820
1401
4819
4873
1861
5322
637
4123
637
637
4096
743
4308
3722
3811
300
3812
3716
3685
201
3865
6883
481
3959
1776
3881
168
168
170
3680
172
3680
172
3683
3406
3406
6804
3374
6806
3405
3372
6803
3372
3334
3371
6733
3326
6733
3326
6820
6769
4278
6820
6282
6735
5228
4517
4517
4428
4531
6291
5326
4504
4005
3812
3683
1030
3762
3762
1168
4830
4516
412
1022
4632
251
4632
1187
976
1368
177
4442
1187
1369
4442
1188
980
209
1185
980
1313
4464
4441
4464
1033
744
744
4439
975
1368
1811
4446
973
783
4447
1366
3409
4447
4929
3327
782
911
3409
620
4447
911
3327
1239
4444
4927
912
904
3443
904
1882
1225
4359
4626
1830
4359
1226
1830
4626
1566
4360
1745
1506
4334
5005
1597
4334
1555
1322
1589
4803
2443
1957
1619
2030
824
2143
2500
2293
2266
4311
823
2174
4299
823
2265
2002
2467
4299
938
2547
1797
2198
5257
2208
2655
2243
1796
2245
6379
2920
6376
847
1956
1964
5416
4333
1589
1964
632
1966
5417
4166
5415
631
1966
5163
4122
631
5197
4122
1596
5021
1550
5019
4804
5030
6290
1571
5192
6290
2840
5032
6291
1578
1648
5039
5073
6309
1618
619
5096
1638
1656
1674
646
1399
1643
645
1643
5224
1396
4896
1681
1315
4897
6282
1316
2822
4879
1506
1445
4881
1445
4874
4873
4873
1875
1875
5322
1830
4126
3012
6470
1862
4307
4306
805
3719
225
201
3713
4033
362
3866
3982
488
482
3682
178
6821
3406
6821
6772
3419
6771
6802
6736
6733
3334
3470
6736
3325
3209
3209
3323
3324
6843
6727
4464
6845
6727
4980
6845
4517
5323
6725
6808
6376
6291
4725
4504
3731
3900
1046
4530
1047
3690
1030
3762
4516
4633
1022
4632
1174
4514
980
1369
224
4463
4442
1188
980
4463
4442
1369
981
745
4440
975
4464
1369
1811
1369
973
3419
4439
1811
1143
4929
972
782
911
4929
911
972
3324
904
3443
1822
904
683
4444
1225
3446
3372
1882
903
4359
4421
1225
903
1225
945
1647
1566
1452
945
1565
1264
1609
5005
1164
1597
1264
1596
1278
1556
4712
3130
4712
1621
3130
4803
2571
3130
2398
2571
4803
2282
4928
1447
2505
4928
2506
4928
810
2494
2098
2141
2094
823
2153
2051
2009
2159
4299
938
2062
4299
938
4304
1797
5257
1796
2243
2066
5258
5258
1963
4318
678
678
4166
1555
5026
4122
5415
4122
1592
5197
4119
1493
5196
6290
1490
5020
1571
5041
5033
1572
5041
5038
2841
6309
621
1618
5096
1638
5047
5096
1619
5375
647
1675
4107
1399
1741
4135
1681
645
1398
1420
1315
1315
1316
4278
2822
4882
1444
1444
4873
5322
4126
4126
4125
4125
4199
3736
3715
203
206
3715
204
398
398
4045
199
5234
274
270
3682
169
3681
171
3684
172
3683
6773
6805
3411
6806
6771
6819
3419
3333
3380
6819
3380
3333
6734
3470
3325
6725
3320
3209
3191
6842
6842
6727
5323
4533
4519
5286
6809
6725
4960
5286
4535
4506
4271
4633
4794
1044
4530
1047
3762
4532
4634
4633
415
1174
4529
412
1175
1023
206
177
4463
4514
980
1369
224
214
4442
4440
1185
223
4464
4440
983
4464
745
973
4446
4930
1143
3405
4446
782
4447
4930
3409
3192
3409
1022
4447
1822
4929
910
3451
4422
909
3447
4421
3374
909
4359
1228
852
4421
1228
4334
4626
945
4334
4626
945
4334
4987
1594
4334
5006
1264
4712
1355
1553
1316
1354
3130
3130
1589
1589
2455
1932
2669
1932
4802
1447
2282
2470
2104
810
2624
2100
4298
810
2380
2016
4298
2256
4298
2181
2457
2404
2378
2177
2196
2195
1796
2244
2642
2244
2920
1944
847
1964
677
1964
678
1554
633
1967
1593
632
634
1593
4119
5029
1493
1594
1592
4805
1600
1603
5196
5068
6291
2841
5041
5033
1567
2841
6335
621
1577
5038
5046
1646
5095
622
5047
1638
5222
4110
648
5093
4107
646
1738
1740
5177
4132
644
6413
1377
4260
4791
4792
4792
2822
1506
1506
1445
4881
1445
4874
1446
4918
4918
1875
4919
1831
5336
1830
5294
5294
3012
3012
1882
6471
4722
1850
782
4231
4306
3720
3715
3715
3700
186
3733
221
397
488
5236
482
199
3682
271
6821
6809
3446
6811
3375
6811
6771
3333
6870
6734
3333
6870
3470
6726
6726
3209
6723
6721
3191
3190
3190
1122
6842
5291
6843
4444
5013
6471
6848
4803
5323
4533
4802
4297
4121
6301
4963
6721
4535
4507
5311
4507
4507
4271
1056
3732
3684
3697
3684
1013
3689
1047
1012
3689
4532
4634
1173
1012
1168
3763
4532
4519
1034
4518
4529
1174
1034
4529
1023
301
4518
4514
1023
213
177
4443
1144
825
4462
4443
1185
4465
4990
983
4465
1810
1369
4465
1142
1812
4989
1143
2880
972
3192
782
1143
972
910
677
1850
4448
972
633
4455
910
904
1825
904
1384
1824
4444
904
3453
904
2893
4337
4337
4421
852
4334
852
1476
945
3128
1264
4334
4987
1355
3171
1264
4712
3130
4803
3130
1955
1933
1447
2665
1933
2405
1934
810
4921
810
2105
2017
809
2771
1944
809
2035
4296
938
4296
2615
4296
1795
2598
2584
4305
2108
5256
5254
6375
4318
1955
4165
1554
1969
633
4121
5029
4120
5196
1594
5161
4805
1490
5161
1601
1568
5033
4960
1567
1914
5067
5080
4960
1726
621
1702
5379
5095
4110
1736
1739
5121
4107
648
1735
5208
1735
1620
643
4884
1738
644
1683
1383
5149
4132
1683
5149
6413
4791
4792
4882
1506
4979
1507
4979
1875
4919
1831
5336
5294
3012
5273
4232
3737
205
3717
3700
186
3699
3697
397
3891
182
3711
3692
3694
270
271
3782
171
6775
6831
3411
3446
3446
6775
5823
6780
3418
3333
3380
6870
5666
5676
3328
6610
3208
6609
6610
3194
3191
6594
3194
6723
6720
3190
6722
3190
3322
1122
5291
4542
4519
5343
1103
6831
4921
4963
4961
5286
6831
6720
6302
5283
4843
4272
3474
4233
4529
1053
4292
4793
3684
1012
3699
4634
1021
4498
4634
4498
1172
3173
4529
415
4518
4528
1175
1023
1023
250
4518
1175
4509
1144
982
273
272
982
271
807
1145
983
1021
1145
973
4989
4445
4930
973
3321
2880
4445
3411
4445
3431
4455
971
3431
808
971
3451
1013
4448
4422
910
3451
3189
4422
910
4422
964
1228
4337
4420
1228
4420
4334
1476
4627
3128
1264
4334
1535
4713
3131
1912
1959
4802
1959
1448
1960
4802
2287
810
1980
4297
1796
1794
831
1941
677
1751
1751
1940
1728
633
1969
4121
1727
634
1730
5048
1493
1600
1729
5162
5199
5212
4962
5033
5067
4960
2852
5376
5376
5379
1684
5046
622
5094
5087
1701
4109
5088
5145
4108
1714
5113
5125
5110
5144
1714
4884
4869
742
5110
4267
1377
4796
2823
4795
2823
1446
4918
4918
4918
1876
4919
1876
4919
5336
1833
5291
5283
4272
257
461
3738
227
3699
185
182
179
3694
3782
272
6822
5867
3412
5871
6811
5775
3381
5775
6818
3433
3328
6833
6870
3333
6610
3208
6870
6609
6610
3208
6594
3189
3321
3190
1137
1137
1375
1376
5021
1117
1376
5086
5133
5293
1075
6846
5292
1104
6852
6471
4871
1101
6850
1101
4607
6720
6301
6811
6302
4585
4637
5311
4634
1179
3473
1071
4233
1071
4559
1049
4515
4541
4541
1020
3784
4499
3763
4634
1010
3816
1010
1172
1035
3165
415
4529
4654
4528
1175
4515
1024
814
4462
4515
1144
1024
4462
4990
984
4465
4989
1145
1810
4465
4989
1145
1020
4465
985
3210
1812
952
952
985
1103
4452
953
970
1850
4448
4455
953
4455
965
1825
1137
910
902
4392
3453
1283
4392
902
2895
4420
902
1361
852
945
1724
855
1608
4987
1223
855
1729
4335
4987
4335
1263
3171
1264
1264
5775
1965
4802
1448
5765
1973
5499
1686
5643
1687
4921
810
1981
4297
5935
5596
5462
808
808
5616
4296
816
6511
5466
1792
5256
5256
5254
2916
1973
6375
831
6375
4317
4317
677
4289
633
1728
1687
1492
5048
4120
5022
4964
1611
5048
5051
4964
1266
1265
1725
1265
5079
4960
1725
2852
5081
1662
1270
5085
5100
5219
1269
1634
1269
5114
5107
1673
1623
1271
1385
5127
5136
1713
4884
737
5174
4870
1382
5110
5150
5150
1378
1380
4795
2823
4795
4795
1507
6283
1507
6283
4918
1441
1876
5293
1825
5311
814
3698
3698
396
3897
387
3890
179
3691
179
180
3785
6775
3415
5853
3378
5880
6775
6810
3415
6813
3377
6780
3418
3381
6780
5770
6729
6833
3433
3328
5760
3200
3200
5662
3194
3208
5659
6609
3194
6594
3193
6590
3193
6590
4849
1375
5410
1375
1375
5026
1113
4608
1376
5213
1471
1075
1373
1471
4585
6852
4562
6353
1178
1101
6852
4131
1103
1101
6850
4121
4961
5285
4849
4585
1102
6832
5284
5284
4844
1371
1073
4844
1073
5272
4559
4541
1370
4843
1068
4541
1053
1020
4292
4635
1011
4293
3898
1011
4499
4634
3922
4498
4500
1018
830
3763
1516
4498
4503
1516
830
4498
1035
828
414
1175
1035
828
4991
1035
4509
1144
184
4478
1145
982
4462
984
806
4465
984
1020
4465
985
1049
4481
1371
4465
4481
985
2880
4445
1372
952
970
3413
4445
4455
952
970
3413
4448
4454
970
1825
3455
1448
4423
971
4423
3455
963
4423
964
964
1385
1854
4336
4420
4336
4420
4335
4627
1141
4335
1611
4838
2897
4838
1364
1710
4838
1713
4713
1728
1910
1703
4713
3131
1965
1912
5776
1965
1448
1605
1686
1688
1448
808
5612
4297
6511
6511
816
6159
1792
1794
2917
1979
1728
4289
633
722
1727
5428
4209
722
1562
4120
1610
1492
5050
5061
1266
1611
5070
5042
5079
4962
1725
1604
2852
1625
5071
1631
5377
5377
5099
1700
5135
6302
1269
1634
5086
5100
5085
5107
4109
1271
5084
5145
4108
1271
1623
5123
5092
5130
4870
4136
765
5089
4131
5111
5175
5151
4870
2956
5184
1378
1378
4850
2823
4851
2896
4978
1442
4917
4917
5337
1832
5337
2895
2889
2973
827
3698
256
3698
399
3898
183
3696
3696
273
273
275
3378
6778
6781
3416
6818
3434
3329
6729
6833
3205
6608
6600
6608
3208
6600
3186
6594
5663
6591
6593
3193
3188
6590
6593
3188
6590
4645
1159
1136
5412
5027
4623
5027
5028
4603
1157
1113
5028
1113
1118
5135
1095
5312
4641
6846
6587
1101
4562
1372
1372
6414
4642
4228
4961
6509
4961
4587
4645
4848
1102
6813
6302
4586
1152
4638
1073
4586
1153
4637
1086
4560
1153
4501
4637
5272
1068
1370
4540
4636
1053
4293
4540
1019
1009
4501
1019
4499
1018
4500
1010
3787
446
1172
1008
1516
4503
1035
1146
965
828
4520
1035
1146
828
4509
4991
813
1025
252
4478
1144
1025
4478
1818
1819
4481
957
957
1151
4481
4481
952
1374
952
4452
2889
4454
2917
4454
950
1448
1136
740
4460
4423
3424
792
4391
963
4423
1360
963
1854
4423
1361
855
1361
855
855
4335
3127
1263
1543
4335
1138
1392
1263
1716
4713
1364
1660
3081
1583
1625
1607
5880
1689
5880
5695
811
4920
5994
811
5458
6509
5458
5964
5964
816
6080
5675
6235
5251
5543
5252
5497
5255
5521
4332
801
5407
721
5423
4209
721
1561
5427
722
1563
1492
1562
4964
5062
1492
5199
4964
1612
5062
5044
1265
1630
5042
5069
5082
1631
2842
5099
5134
1270
1662
1644
5099
5375
5135
6302
795
1633
5083
4753
1269
1633
1661
5171
5106
5083
5203
1672
5208
4108
5215
4136
1271
1387
5112
1386
5187
5143
765
5109
5151
1395
5184
4850
4850
4868
4865
4850
4851
4852
6284
4978
4978
1441
1441
4916
5337
5337
1851
5337
5313
2892
2881
2881
815
3889
388
3889
183
184
3696
252
275
414
6778
3395
6814
3415
3382
5802
6781
6816
3396
3382
6781
5786
6818
6729
3199
6599
3205
3199
6608
3208
3186
6608
3186
5645
5697
6576
3186
3175
3187
4623
1159
5412
4623
4645
5412
1159
5027
4623
4644
5027
1157
1113
4605
1158
1115
4605
5043
4604
4643
1116
5043
4604
1374
1155
1116
1095
5344
4944
4641
1095
6824
6352
4587
1098
6852
4642
1098
6867
4587
4226
6830
4961
5285
1152
1083
6378
4753
6815
4961
4638
1083
6349
4640
1086
4640
1086
6340
4557
4637
4546
1150
5272
4557
4992
4540
4545
1018
1009
4302
4315
4496
4503
1147
3902
3787
4497
1148
4497
1364
1148
1140
4520
4520
4992
1036
252
1144
957
252
812
956
4466
4478
984
1819
4466
957
985
1156
2881
4467
957
3199
985
3415
4461
4453
970
4461
951
3395
1268
4453
970
2842
4461
4454
951
1462
4461
3461
722
1462
3466
4423
950
3466
1454
1136
3424
785
1386
1888
4423
4391
1360
4385
4385
4837
2897
1612
1395
4837
1613
4713
4357
1563
1624
4746
1563
6551
1723
5800
5786
1448
5793
6552
1448
5897
6552
5648
811
3086
5624
6509
5456
6509
3086
6135
808
6511
6511
5251
816
6063
5646
1792
1791
5702
5549
2917
2917
5549
6378
5405
803
4332
5429
4332
721
5430
5430
5049
4209
5059
5059
5050
1267
5043
5043
5069
4962
5043
5214
1629
5072
5045
5082
1628
5072
5098
5134
5375
5116
1734
5097
5375
4753
1632
5083
1706
5106
726
5172
726
1232
5143
5215
5091
4136
765
5187
5183
4226
765
5189
5181
5189
1395
4795
4853
4851
1543
4866
4851
2985
4978
6355
1441
4914
5312
2892
2889
2881
747
3902
3901
391
3893
183
253
252
6020
3395
3379
5909
6137
6776
3385
6081
6081
6729
6834
3435
3329
5813
6729
6599
3205
6599
3205
6599
6608
6576
6576
6587
3175
6590
6575
5388
5388
4622
4609
1124
1133
5414
5373
4609
4622
4609
1124
1133
4609
1113
4594
1106
4605
5058
4594
1106
5049
1107
5378
4593
1115
4604
1155
1115
1095
6587
5116
4573
6824
6587
4944
1156
6867
4854
4587
4576
1098
4210
6351
4586
1156
4210
4727
4586
1152
4331
5284
4593
4586
1153
4586
1153
6348
4560
1151
1068
5272
1068
1150
4557
4545
1054
5279
1150
1009
6433
1149
4496
4301
1147
4496
1008
4503
1008
4357
4992
1036
1365
4992
1036
1140
1363
4520
1146
386
4512
1028
1025
4508
4512
956
1025
1148
4466
4512
986
4466
957
2888
4467
986
4480
1155
2888
951
3177
800
1267
4453
3389
2918
3461
4460
4454
1457
3461
1462
1457
1462
3460
4386
785
4386
785
1454
4391
1232
1232
1852
4385
4385
1671
4385
1140
2898
2899
1542
1395
4431
4358
4357
4357
3084
4746
5764
5743
811
6510
6019
3086
5686
5683
6515
5250
5538
5253
6377
5056
4331
5404
5056
5058
800
4291
799
5049
1190
5442
4965
1190
5158
5064
4965
1268
5194
2842
5165
6313
795
5164
5098
5373
6313
5131
726
5171
4753
5201
4752
5178
5204
4752
723
5216
5207
765
1233
5138
5167
4266
4791
760
1393
1393
4791
4861
4853
4863
5012
5012
2985
6355
1439
1440
1440
4913
4914
1853
5312
1887
1246
1245
3893
391
3767
253
386
3395
6688
6796
3386
6040
5918
6817
3396
6782
6094
6795
3437
3392
5818
6834
3437
3211
3211
6605
3211
3206
6598
3207
3207
3197
3207
6587
6578
5155
6578
3176
3176
3185
1124
1133
4609
1113
4594
1106
1114
4599
1115
5064
4599
1115
4600
1107
4913
4600
4573
1087
6777
6605
5315
4574
1088
4622
4622
4581
5314
5313
4581
4576
1088
1096
4587
4576
1156
1097
6352
1097
6867
6867
5348
4582
4210
6829
4639
1084
6797
4751
4639
4609
6377
4748
4569
4565
1085
6348
4569
4565
1151
4546
1151
5280
4557
4546
1058
4540
4502
4358
4496
4502
1005
4993
1147
4787
4496
1004
4993
1147
4324
4497
4495
1042
1477
1477
1042
1038
4508
1147
4466
2882
4479
4466
954
954
987
4468
954
987
4480
2825
4453
951
1463
3389
845
1190
2843
800
796
1457
4934
3461
1462
1834
4460
4934
986
1036
1462
1870
4386
1085
1415
936
1852
1235
2990
2991
2984
2899
1542
4431
1394
4431
4324
3082
3084
6505
3084
6505
3085
5812
3086
6040
5456
6516
5454
6516
6135
3087
6515
1790
5685
5537
5685
5647
5690
1789
5574
1793
5574
5253
5475
5387
5392
5487
5392
5411
5609
5411
6377
4331
803
5404
4331
800
5401
4291
4286
1190
4965
5378
5155
5034
5036
5134
5200
2842
5118
5122
5132
5115
5119
4753
796
5202
5205
5120
5217
5170
723
5177
5372
724
1233
5186
1233
1391
5186
5138
760
1391
5179
4862
4864
4853
4863
4882
5366
6358
6356
2991
6357
6356
4917
1852
1885
2888
1307
3894
3426
6687
6777
6014
6776
3385
5918
6147
6770
3396
3392
5916
6680
6782
6795
3391
6728
6795
3330
6835
3437
3206
6611
3202
5398
5533
3197
3207
6586
6578
3185
6588
6588
5419
1134
4622
1123
4622
4610
1135
1105
1135
4605
5168
4591
4599
1105
4865
4853
5012
4592
1107
1108
1115
1096
1096
6605
5345
4581
6777
4539
6825
4582
4575
1088
1088
1084
6829
4227
4575
4582
1154
6829
4286
4728
4997
4582
1080
1084
4999
6371
4290
1085
4728
4566
4566
5275
4570
4543
1069
4570
4543
1059
1069
4554
1059
4544
1070
4539
1059
1070
4995
4325
4994
1005
1147
4494
4994
1005
4485
1014
6337
1042
4527
1042
1004
1540
1477
1362
4508
4513
1028
1169
954
4513
955
4469
4479
955
4469
1080
4468
4480
3395
1123
2825
4931
988
1189
1456
3389
1790
899
1456
3389
1461
989
3461
1038
3383
936
1234
1890
1357
934
1390
1362
1362
4325
3082
4324
4324
3084
3094
6505
3094
6519
5764
6518
3085
6222
6153
5472
5548
6515
1789
5470
5535
3101
5716
5535
5573
2918
5476
5610
846
5419
5403
5056
5056
5058
4290
5440
4286
5065
5438
4965
5157
5063
1189
5077
5156
5036
4750
2826
5214
2826
5134
5036
4749
2843
5193
5153
6303
5122
5170
5154
796
5119
894
5142
4212
2909
5186
5137
5168
4858
4857
4213
724
5139
4857
2958
4277
4716
4862
2959
1390
4278
1905
4864
4742
5012
4880
5366
6359
6357
1357
6443
6445
5345
1855
5316
1886
6796
6785
6796
3394
6177
6795
6167
6772
6792
3394
6213
6167
3437
5446
6730
6730
6178
6607
6607
3196
5397
6598
3183
5439
6606
6597
3183
3179
6589
6597
4610
3180
6589
5075
4610
1130
4619
5004
4610
5169
4619
5371
4591
1105
5168
1135
4591
1135
4868
4602
5002
1108
5011
4600
4592
1475
4600
4592
1087
6448
1090
1474
6586
4574
1090
6784
4602
4581
4574
1097
6825
4860
5317
1088
1097
6825
5349
4582
4251
1154
4287
4965
4726
1154
1084
6797
4675
5004
4569
4675
1079
4290
4569
4374
1058
1058
6347
4554
1070
6341
1070
4325
4995
4995
4539
1017
4482
1014
4495
4485
1014
1038
1038
1540
1042
4526
1029
1477
1037
4526
1029
872
4657
955
4469
4476
989
887
1497
3389
1108
900
1496
1456
3196
2919
2843
4932
1456
1461
3137
966
1038
967
3206
1006
1261
720
1890
1889
900
2975
898
835
4323
1541
3083
3103
3094
6517
6519
6224
3137
6014
6212
6559
6028
6212
3086
6539
6130
3091
5547
6534
6534
5481
5573
5391
5391
846
5402
4285
797
797
5023
798
4287
5157
5063
5063
5156
5077
5035
4750
6286
1496
5193
4750
4749
4749
5153
6303
796
5219
6472
4284
5147
5104
894
5142
4212
5147
894
4115
2909
4115
4279
1436
4864
4745
1504
4880
4742
5011
6360
6440
6440
6445
6443
6450
1891
1827
707
4700
6785
3384
3394
3384
6219
6776
6230
6131
6177
6795
3391
6228
6163
6730
6837
3201
5711
6602
6602
3195
3183
3195
3181
3179
5191
1131
5075
1130
6335
4619
1125
1532
1131
5003
1129
5003
4602
1532
5175
5003
1532
4602
5002
1108
1475
4601
5002
4581
5001
1090
1474
5001
4554
5319
4581
1474
6606
5318
5000
6606
5346
4582
1089
6786
4493
5000
5349
4582
1089
1470
6790
4998
6790
4583
4998
1469
4726
4997
1469
1079
4285
6303
4999
1180
6370
6512
5274
4566
1079
1085
4375
4570
4319
4996
1057
1067
6390
1057
4996
4550
1060
1052
4556
1017
1050
4326
4539
1017
1050
4482
4482
1016
5223
1015
1540
1521
1520
840
1520
838
955
1170
836
3389
1458
2919
3201
991
3091
3389
991
1170
3388
1037
1037
3388
3181
3387
3203
1006
3384
2947
839
833
1541
1541
3093
3103
6521
6559
6559
3092
6539
3092
6535
6535
6534
1787
6534
1787
6538
5394
887
5416
5057
888
5435
5057
5024
4373
891
5024
5066
4287
2837
2836
5198
5078
1497
1497
5194
6287
1496
2845
6472
6304
2845
2845
5093
5103
5148
5103
4212
5145
5101
5146
4859
894
4715
1437
4115
4279
4862
6416
4278
2961
1839
4742
1505
4820
6440
4819
6454
4981
4832
2948
6448
3005
5322
5345
4702
5274
6789
6662
6785
6231
6192
6836
3436
6728
3184
6580
6580
3181
1125
6335
4611
6335
4614
1132
4620
1473
4862
4948
4597
5002
1530
4596
1090
1474
4948
4596
4571
5001
6784
6607
1470
6606
4621
4555
4860
5353
1470
6583
4583
1089
1469
6417
6790
4586
1526
1469
6789
6596
4250
4586
4569
1181
4288
4675
4572
4656
4288
6305
4676
4571
6369
4375
6304
6513
6390
4375
1065
6388
4556
1524
1524
1052
4555
1524
4325
5246
5246
4218
4698
1002
6411
837
1780
1780
2915
838
3125
2931
838
2835
838
736
1496
1495
892
3112
3394
1027
3389
1126
3388
1128
1001
3203
1003
3393
3384
1067
1541
3097
883
3103
6528
6560
6560
6532
3091
6533
6537
1788
6537
1788
2912
5417
5415
5025
891
5022
5199
5198
5082
1494
2844
5102
5104
5140
4211
5146
5141
4214
4115
4770
1254
4118
4770
4717
4867
1435
4902
4745
1435
4745
2963
6361
4818
6436
6452
4832
2950
6448
4123
4383
4126
6786
3388
3393
6791
6794
6706
6615
6732
6732
6836
6800
6601
6595
6591
6591
6579
6579
4618
4613
4615
4946
4597
1472
4864
4598
4948
4596
1111
1466
4948
4596
1531
4584
1466
4579
6407
4584
4584
4579
6786
1529
6787
6582
6584
4578
1468
1529
6789
6595
4583
4578
1528
6836
4572
1528
4288
1181
4380
1181
4376
4196
4567
6305
4571
4547
4377
6295
4196
4560
6513
4547
6546
4547
1525
6546
4556
6373
6388
6546
4549
1524
1524
6373
1050
4486
1000
6467
3023
2914
4240
2914
3020
886
3019
837
2930
1252
885
2930
1251
3123
1494
892
3116
3389
1111
1110
998
3332
3388
3393
3388
1065
1065
1181
883
4369
3104
3142
3119
6560
6532
6532
6533
2915
6474
3021
5199
1249
1249
4967
4967
4379
4380
3506
4116
4859
4718
4116
4718
1253
4118
4716
4280
4717
4280
4863
4887
3016
4902
6361
4818
4262
2936
4262
3007
6452
4983
5351
6407
4123
6429
4123
5317
6469
6469
5313
6794
6622
6793
6621
6645
6792
6732
6767
6603
4623
4623
4864
4604
1467
4717
4947
4562
6786
4667
4588
4579
1529
4588
4942
1468
4942
1529
4943
6789
6601
1528
6789
6794
4943
6789
4537
6398
1528
4558
4943
4558
6296
6296
4559
4571
4568
6514
6305
6295
4969
4378
4571
4548
4541
1062
4733
4536
4733
5249
6373
6374
6458
1784
6374
6477
6474
4239
3119
3174
3020
883
2915
883
3098
2998
885
2910
3112
3116
1112
4447
1051
1066
1066
1181
4444
3104
6475
1249
2828
6288
4966
1213
4254
1213
4257
4257
4380
6476
2850
4380
3506
6476
1237
5013
3015
4117
4718
6282
4887
4887
752
4890
4887
4744
5341
4904
4905
5304
5339
6458
4982
6430
5320
4983
6462
6468
6406
5347
6469
5292
5292
6622
6786
6767
6603
6603
6723
6723
6592
6583
6585
6592
6585
4606
4606
4621
4620
4603
4620
4603
4603
4563
4563
6786
4562
4939
6786
6793
4947
6787
4939
4588
4942
4942
1182
6787
4942
1094
6794
4942
4670
4943
4558
4558
4943
4667
4559
4667
6295
6394
4553
4732
4494
6473
4495
3119
3021
3140
4520
884
751
4508
3111
1183
4448
4337
4334
3139
3121
3109
2850
4241
4686
6392
4163
6460
5306
6468
4124
6470
6787
6793
6793
6793
6731
6604
6583
6724
6584
4606
4618
4618
4603
4615
4564
4615
4564
4946
4946
4562
4562
4946
4562
4590
4940
4666
4585
4940
4585
4589
4669
4669
4670
4553
4553
4538
4533
4538
4493
4495
4521
4518
4508
4463
4460
4391
4713
4860
4718
6327
4888
4275
4162
4907
4162
4905
4094
4093
4201
4093
6402
6468
5353
5324
5348
5324
5324
6351
6793
6731
6735
6604
6724
6582
6722
4617
4606
4608
4608
4564
4946
4564
4945
4945
4590
4662
4665
4666
4665
4666
6873
4552
4542
4538
4533
4493
4493
4495
4521
4522
4511
4937
6547
6547
4433
4433
4461
4461
4432
4460
4458
4391
4361
4363
4390
4336
4364
4336
4974
4974
4713
6551
4802
4928
4896
6326
4274
4127
4130
4202
4094
6459
4092
5334
5335
6787
6787
6793
6793
6604
6604
6582
6724
6581
6581
6581
4608
4617
4616
4608
4616
4564
4616
4945
4564
4561
4945
4561
4941
4590
4941
4590
4941
4940
4590
4589
4668
4589
4668
4669
4662
4552
4552
4533
4538
4538
4538
4516
4492
4490
4490
4521
4522
4937
4522
4511
4937
4672
4435
4468
4457
4457
4394
4458
4389
4362
4363
4390
4363
4390
4974
4336
4974
4431
4974
4431
6878
6878
6874
6551
6552
4920
4419
4965
4962
6309
6301
6309
5231
6331
4130
6364
5301
4130
5299
4091
6400
4092
5334
6465
5289
5335
5295
5325
6731
6601
6725
6601
6721
6579
4849
4612
4612
4848
4613
4613
4847
4847
4945
4945
4561
4590
4590
4938
4938
4662
4662
4670
4670
4665
4670
6871
4551
4534
4530
4537
4531
4537
4516
4491
4491
4517
4522
4522
4673
4510
4672
4469
4434
4471
4471
4435
4435
4394
4456
4458
4389
4363
4390
4363
4390
4973
4390
6878
6878
6878
4746
4746
6555
6874
6552
4354
6509
4355
5255
4965
4965
4751
4961
6879
6301
4110
4754
4253
4102
6419
6487
4245
6324
4137
5301
4976
4772
4091
4772
4775
6401
4775
5357
4799
5290
5355
6787
6752
6799
6836
6725
6595
6720
4849
4848
4848
4847
4598
4847
4595
4846
4945
4595
4663
4663
4668
4668
4670
4665
6872
6872
4551
4487
4661
4487
4516
4516
4523
4510
4510
4470
4434
4471
4435
4456
4435
4456
4456
4394
4458
4389
4973
6556
4746
6505
6874
6874
6518
4354
5262
6571
5255
6378
4425
4675
4965
4748
4213
4250
6419
6486
6419
6324
6420
4137
4140
5300
4772
6399
4774
6398
6408
5357
5288
5287
4799
5355
4724
6789
6794
6596
4611
4614
4644
4594
4614
4597
4643
4641
4595
4845
4595
4845
4580
4663
4938
4664
4664
4844
6872
4670
4506
4537
4505
4487
4491
4660
4523
4660
4655
4672
4470
4672
4434
4434
4471
4472
4456
4394
4840
4459
4840
4459
4389
4363
4388
4363
4338
4973
4338
4339
6556
4339
6556
4746
6556
4984
6518
4984
4355
5262
6534
6386
5253
5253
6525
4426
6378
4194
4959
4287
4748
4284
4213
4214
4158
4158
4250
6419
6481
6481
6421
6422
5301
4114
5300
5300
4772
5357
4198
4799
4799
4726
4728
5326
4728
6794
6611
6575
4609
4643
4643
4642
4595
4580
4577
4663
4577
4664
4664
4577
4568
4568
4844
4536
4505
4486
4661
4486
4661
4488
4524
4524
4655
4470
4842
4471
4842
4471
4841
4841
4456
4839
4840
4388
4388
4973
6556
6506
6506
6508
4952
4986
4986
5263
6539
5263
6535
6573
6573
6526
6370
6525
4287
4955
4288
4750
4177
4211
4214
4087
6368
6367
6421
6880
4114
6423
4114
6424
6425
4774
4774
6409
4774
4197
5361
4799
4726
6349
4642
4580
4638
4580
4638
4577
4577
4568
4568
4637
4843
4507
4536
4506
4661
4658
4659
4523
4674
4671
4655
4671
4671
4473
4842
4472
4472
4456
4459
4840
4459
4840
4840
4388
4840
4388
4972
4338
4972
4338
4646
4339
4646
4339
4952
4747
4952
6521
4401
4401
4984
4984
5263
5265
5265
6526
6386
6370
4285
4284
4283
4159
6368
4087
6368
6481
4910
6880
4908
4112
4113
6424
4113
4081
6398
4774
5361
4195
4195
4729
6349
4576
4638
4567
4567
4637
4507
4549
4549
4483
4489
4489
4658
4525
4524
4656
4656
4671
4842
4473
4472
4841
4472
4839
4935
4456
4839
4936
4449
4449
4449
4339
4747
4952
6506
4952
6520
6520
4984
4924
5263
6537
6538
6387
6369
4923
6371
4168
6371
4331
4151
4153
4376
4954
4288
4676
4676
6876
4413
4750
4900
4749
4380
4089
4089
6368
6490
4737
4737
6479
6479
4083
5298
6424
4081
6425
6426
4079
5007
4797
4797
5275
6340
4501
4550
4550
4504
4658
4658
4659
4674
4674
4671
4671
4842
4477
4842
4842
4841
4839
4935
4840
4936
4840
4840
4972
4972
4341
4646
4341
4646
4649
4649
4322
6520
4401
6528
4401
6560
4400
6574
6574
6537
6387
6538
6369
6372
4374
4373
6875
6877
4676
6876
4676
4413
6287
4900
4416
4283
6368
4429
4829
4909
6320
4909
5298
4083
5298
4777
6397
4777
4081
4079
4195
5007
4195
5275
4096
4200
4634
4484
4658
4658
4484
4659
4525
4630
4656
4674
4656
4656
4631
4477
4842
4477
4474
4474
4935
4935
4841
4936
4397
4449
4449
4449
4647
4340
4953
4402
6541
6541
4400
6541
4924
6531
4924
5263
6531
5264
6530
6567
6536
6537
6543
4373
4152
4373
4822
4376
4410
6296
6286
4413
6287
4900
4416
4142
4175
4429
4429
4737
4828
4909
4828
6318
4083
6396
4086
6396
4086
4081
6426
6426
4081
4079
4079
5276
6348
4501
4633
4526
4632
4526
4526
4630
4526
4631
4657
4631
4657
4474
4628
4474
4474
4629
4932
4397
4932
4397
4396
4396
4341
4647
4341
4341
4340
4648
4648
4340
4953
4322
4953
6514
4402
6514
4402
6529
4400
4400
4691
4691
6531
6530
5264
6536
6543
4344
6544
4343
6544
6545
6390
4407
4375
4822
6297
4409
4967
4413
6308
4968
4968
4968
6305
4176
4379
4142
4380
4381
4737
4736
6318
5297
5297
4083
6395
4085
6427
4156
6427
4079
4196
5277
4078
6347
5275
4097
4095
4231
4526
4442
4630
4631
4631
4628
4629
4397
4397
4397
4933
4396
4933
4387
4758
4758
4647
4399
6541
6541
6540
6531
6531
5264
4329
4329
6567
6536
6380
6380
6543
4344
4342
4342
4375
6285
4377
6285
6295
6295
6297
4412
4687
4968
4687
4414
4176
4381
4174
4826
4736
4827
5297
4084
4085
6395
4085
4156
4080
4224
4196
4080
4079
5277
4078
6346
4780
4780
4096
4097
4098
4098
5272
4527
4441
4476
4438
4475
4628
4475
4629
4932
4629
4932
4397
4932
4397
4397
4933
4396
4387
4384
4384
4647
4648
4714
4714
4988
4320
4759
4320
6513
4759
6561
4691
4691
4691
4328
5267
4328
4329
4329
6544
6545
4406
6546
4410
4410
6295
4408
4408
4408
4969
6306
4176
4378
6311
4173
4736
4826
4736
4827
5296
6316
4084
6427
6427
4080
4080
6429
4077
6429
4077
4220
4220
6346
4076
4076
5280
4232
3972
4527
4476
4438
4475
4438
4437
4931
4398
4933
4398
4933
4387
4708
4387
4708
4711
4711
4648
4321
4320
4371
4371
4399
4372
4692
6561
4691
6540
6540
4329
5267
6568
6568
6524
6381
6522
4344
6522
6522
5248
6389
6389
4821
6388
4812
6298
6298
6298
4966
4412
4412
4969
4688
4969
4414
4414
6306
4181
4181
6311
4173
4173
4720
4739
6317
5296
6315
6393
4085
6394
4156
4184
6429
4080
6429
4077
4781
4781
5280
6432
6432
5232
4443
4441
4479
4438
4437
4931
4398
4934
4398
4398
4708
4387
4384
4711
4384
4714
4367
4760
4760
4760
6561
4692
6561
4731
4693
4328
5267
5267
4329
4405
4404
6388
6546
4812
4733
4411
4733
4411
4408
4966
4688
4689
4689
6306
4378
4378
4180
4180
4739
4719
5296
6315
6393
6394
6430
4184
6429
4189
4189
4219
4189
4219
4190
6346
6346
4073
4310
6341
4236
3810
3781
3710
3782
3680
3783
4989
4439
4439
4439
4480
4436
4453
4437
4398
4934
4451
4934
4709
4387
4387
4708
4384
4384
4925
4714
4925
4714
4371
4371
4369
4760
6562
4693
6542
4693
4730
5266
4327
4327
6385
4330
6385
6523
6385
6523
5249
4690
5248
5248
5245
4404
4809
4809
4733
4734
4734
6310
6289
4688
4695
4695
6306
6311
6311
6311
6311
4719
4739
6317
6392
6393
4183
4182
4184
4184
6429
4186
6429
4188
4190
4073
4074
4800
4294
3653
3696
4450
4934
4451
4709
4709
4709
6554
6554
6554
4367
4366
4369
4970
6562
4692
4693
5266
6569
6572
4690
4347
4346
5247
4404
4403
6373
4809
6373
6475
4807
6475
4807
4733
4411
6310
6310
4734
6289
4688
4689
4696
4825
4696
4825
4180
4180
4738
4719
4719
6314
6458
6466
4383
4188
4383
4782
4219
6345
4782
4190
6345
6342
4789
3935
4235
6433
3720
3652
3714
3749
3844
3695
3520
3785
3676
4450
4386
4450
4709
4386
4709
4386
4386
4710
4385
4926
4358
4325
4370
6563
4370
6542
4352
4730
5269
4327
6569
4327
6569
4330
6523
6385
6523
5249
5248
4346
4403
5235
6374
4811
4811
6475
4807
6475
4732
1326
4732
1326
4806
4735
4806
6288
6310
4695
4688
4688
4255
4255
4256
6312
4241
6499
4241
6499
4241
6504
6504
6392
4418
6458
4417
4185
4186
4383
4783
4383
4901
6345
6338
4235
4801
4301
3921
3726
3725
3571
3750
3898
3628
6255
3767
3515
3764
3764
3784
4450
4386
6557
6557
4652
4358
4366
6563
4369
4970
6562
6562
4352
4352
5269
5269
4327
6569
6382
3160
6382
4347
4345
5247
4813
4735
6310
6288
4688
6288
4689
4825
4256
6332
6332
6499
6499
4238
6500
4238
6500
6391
6457
6466
4185
6466
4383
6334
6334
4901
4700
4059
4235
3730
4787
3655
3571
3531
3898
3846
3893
3767
3764
3513
3513
3784
4927
4836
4836
4836
4423
6557
4652
4358
4323
4370
6564
3120
3120
4351
3121
4327
4327
3160
1784
1785
5235
5235
6374
3510
6474
6474
6473
1326
6473
1326
6473
3512
3512
4688
4255
4254
4256
6312
6312
6332
6312
4241
3499
6500
6391
3498
6477
6501
6502
6502
6457
4217
6334
6334
6503
6338
4786
4704
3770
3820
3814
3615
3738
3739
3768
3894
3894
3744
3766
3746
3766
3765
3678
3787
4421
4837
1209
4323
4370
4369
4816
3120
3121
4351
4351
5269
3485
6570
6570
3159
6383
3160
6383
3160
6383
4814
4814
4813
3022
3023
6374
1768
6474
1327
1327
6473
1326
6300
1326
3512
6300
1331
6288
1330
4254
4254
4254
4689
4254
3080
3078
3507
3507
6457
4217
3074
3074
3074
5223
3169
4702
6498
4060
4061
4808
4704
3951
4316
3770
3739
3788
3547
3902
3894
6249
3849
3746
3765
3647
3647
3771
3771
4650
1210
3103
3482
4816
3142
4351
3121
4351
1784
1770
1785
3022
1768
3023
3503
3510
1327
6473
6473
1326
1326
6300
2849
6300
1202
6299
1330
1330
3078
4240
3499
4240
3499
3498
3065
6477
6467
3067
6502
4216
4216
4698
3079
6503
3169
6498
4701
4704
3919
3815
3816
3793
3739
3807
446
3552
447
330
3894
458
3748
3766
3745
385
3765
3787
414
3761
3482
3511
1808
3121
4351
1248
5268
3485
6570
841
842
6570
3100
6383
3100
1786
6383
1784
1770
1337
3023
1768
1768
3023
3503
6473
1328
3024
3025
1202
3174
1330
4254
1349
3017
3080
3018
3078
4257
6476
6476
2871
2871
4240
4239
3499
3066
6477
6477
3065
6411
2814
2814
4215
4698
3079
4702
3169
4701
4701
3060
1306
4061
3058
3050
4316
3163
3163
3162
303
3053
304
3500
464
3822
40
458
336
386
386
3164
414
1361
1208
3511
3119
3119
5268
841
3504
1338
1782
1783
1783
2914
2914
1335
3503
1335
3503
1328
1329
1329
2849
3174
3174
1202
3174
3017
3078
1255
1255
3076
3066
3067
3028
3067
3030
1755
3079
1756
3169
574
215
1307
215
3471
334
3471
829
308
461
103
62
305
279
292
292
400
401
24
346
458
385
385
336
1517
1140
1517
1276
1340
866
3119
865
865
1248
1806
1807
841
3161
842
3161
3508
3100
1786
3508
1786
1338
918
918
1336
1335
1334
3021
923
3021
3024
2838
2849
2849
2839
1201
1201
1349
3018
2872
3018
1255
3506
1255
3015
3015
3016
2853
3509
3008
3067
3028
2814
3029
2814
2813
1214
1301
1754
3062
1218
1218
573
1306
310
308
425
104
306
305
94
305
423
319
401
401
22
234
386
386
412
1454
937
937
1517
1139
1363
1276
1276
914
883
1339
3141
863
3119
864
1806
1248
1247
841
3153
843
860
1786
859
1783
1783
2914
3020
3020
3021
923
922
2838
922
2839
766
3017
693
3018
692
3018
1255
2855
2855
753
2853
3016
932
3008
694
2952
2952
730
1214
2873
571
2876
572
1304
218
1221
1220
310
425
143
226
94
227
71
96
400
400
26
17
401
392
2809
254
235
254
275
250
1367
936
934
934
1139
1161
1139
913
3118
863
3118
1247
1805
1805
3153
3099
2923
3098
2923
917
1333
2915
1333
1334
3020
3021
922
3021
2838
927
2838
2849
2839
928
766
693
693
1256
1256
753
932
3027
695
694
698
698
701
1215
1301
1216
1310
1216
2876
571
1321
286
286
258
143
55
99
256
240
239
2801
392
105
254
254
236
253
255
250
1367
1457
1160
1480
1480
913
1207
3118
1206
1206
1805
844
1805
843
3154
843
3154
861
1781
862
1780
917
3019
2824
3019
924
924
1250
922
1250
927
928
930
766
767
767
685
685
3026
3026
1256
3026
1257
752
2855
750
2855
2998
2998
694
696
2951
729
728
728
703
1309
2876
1304
217
1221
812
296
142
206
98
188
188
240
399
238
391
253
275
177
1144
1457
967
936
1500
1160
936
934
1161
1161
913
913
3140
913
1247
844
844
3154
843
3154
3099
2924
3099
2924
3098
861
921
917
1346
2915
3125
3479
1249
925
1250
926
2827
926
2827
769
930
768
768
2850
2850
1351
750
753
2856
2932
695
694
2998
697
697
897
1215
2885
2885
703
2886
2883
1304
152
297
139
138
240
396
388
112
5
177
1185
956
908
967
878
936
877
935
1501
934
3135
934
1362
1481
1481
1481
914
884
913
1205
3117
1205
3110
1805
3110
1804
3124
3123
2930
920
2930
2931
1346
3125
2824
925
1250
925
2847
2827
929
929
930
653
653
768
687
688
1350
751
2857
2856
2998
696
3007
696
897
897
896
732
2886
588
1308
749
749
210
202
185
396
388
136
273
1148
1186
1519
948
1519
908
878
968
877
968
935
1501
1502
934
3135
901
3135
1481
915
884
915
3105
915
1205
1803
3107
1803
3156
3122
3156
3124
2926
1204
1204
921
919
920
2931
2931
3125
1252
3479
1252
1251
2828
1212
769
768
768
768
2850
1350
1351
751
750
750
598
2933
597
597
2999
590
731
585
1308
2883
223
261
162
171
1172
955
1518
1519
1519
966
908
966
878
968
877
935
3480
935
3135
838
915
915
915
916
3117
1205
3110
3107
3113
3113
3124
3123
919
2929
889
1345
3477
3125
3477
3479
1252
3478
1251
2846
2846
2828
1427
1427
659
654
654
1213
654
601
2850
943
2858
2858
750
668
3007
590
590
897
589
732
585
734
2887
2882
521
490
450
476
1018
1173
1173
1033
1043
1464
949
947
907
966
878
966
966
876
876
968
935
1502
1502
3480
901
901
1481
3476
838
3476
3089
3105
916
3117
1205
3109
1205
3108
1803
3151
3113
3151
2921
3115
2921
856
919
919
889
919
889
1483
890
2835
2828
1212
1212
659
662
654
2851
2851
943
1237
1237
3034
3033
1236
1236
1236
595
2933
668
2971
668
2971
2969
2970
589
2970
734
734
1819
551
561
1017
1019
1021
1015
1033
1033
1464
1464
1521
1520
949
1520
949
1026
992
946
992
993
907
969
969
907
876
876
968
968
900
900
900
901
3480
3480
3480
3476
3476
3089
1513
916
3139
3108
3151
3114
3114
3115
3123
857
2911
680
666
888
890
1483
1483
2834
3479
3478
2846
2844
660
2844
599
599
1237
1237
3034
3033
2859
1236
1236
626
595
2934
2971
593
2972
593
1815
806
1015
1522
1464
1521
1464
1040
3126
1040
949
1026
946
992
992
969
875
969
969
968
876
968
876
1502
1502
3480
901
901
836
3476
3090
3096
1513
3106
1512
3139
1512
3109
1802
3109
3151
3152
3152
3115
2913
2913
680
2912
666
887
665
888
2837
2835
2836
1495
1495
661
690
892
671
892
893
3041
1253
1253
2859
626
2934
667
2938
2935
2935
2967
735
1298
735
1814
1814
1156
1089
1079
1079
1020
1047
1047
1523
1523
1032
3126
949
1040
949
1026
949
946
946
994
994
907
969
875
875
876
900
900
900
898
3480
1478
3476
836
3096
1513
3106
1513
1512
1451
1451
1802
3111
1802
3112
3102
2922
2910
858
2912
680
888
664
1482
2832
2837
2832
2836
660
691
2844
689
672
670
893
3042
1237
3031
3032
1835
1836
625
593
593
2967
591
592
1815
2888
2888
3178
1155
1155
1089
1178
1178
1527
1525
3473
1525
1044
1044
1522
1522
979
997
1040
979
1040
1027
995
995
1458
1458
1459
873
968
873
1479
1479
1231
1478
1478
836
3476
1513
3104
3138
3138
3116
3112
3112
3152
2913
2913
858
679
846
802
663
802
802
891
1482
2836
1484
2836
615
1758
1421
893
669
893
3045
1253
626
623
1836
625
2938
2938
1297
2936
2968
710
710
610
1814
3294
3255
3398
3197
3175
1158
1373
1155
1093
1177
1177
1527
1525
3473
1061
1523
996
996
1032
997
1032
997
1041
979
978
1041
978
1027
962
962
961
961
958
994
958
994
958
1458
874
874
874
1459
873
1459
873
900
1479
835
3088
3097
1513
3104
1513
3138
1451
3138
1800
1801
3091
3157
2927
3101
2927
706
802
663
664
1482
2833
2837
1486
1189
2825
618
615
615
2845
1193
895
1192
1421
3044
893
1253
3038
1253
3037
1253
652
1836
623
1297
2937
1296
1296
2936
1296
592
610
1813
610
1816
3255
3394
3410
3436
3326
3323
3322
3322
1375
1125
1376
1532
1158
1530
1112
1372
1372
1093
1094
1177
1094
1179
1082
1082
1525
1048
1048
1062
1046
996
1031
1032
1032
979
978
978
962
1170
1170
990
958
958
874
1458
1460
899
1479
898
1479
898
1479
1478
833
1478
3134
3088
3134
3104
3137
3137
3116
1801
3157
3101
2927
3101
846
845
803
658
802
797
2833
798
798
3481
2826
2845
796
1194
895
1426
894
3044
612
1254
1836
624
1837
1295
2965
2936
2950
2950
1813
3394
3229
3394
3229
3201
3204
3326
3195
3323
1121
3179
1121
1128
1376
1126
1376
1126
1374
1374
1111
1111
1075
1112
1092
1092
1104
1103
1094
1094
1094
1179
3475
3475
1064
1064
1063
1063
1046
1031
999
1031
998
979
998
979
1041
1039
1039
962
961
990
990
958
958
874
1461
874
873
899
899
1479
899
1479
898
1230
1231
1478
833
3094
1514
3137
870
1800
3091
3157
2927
706
832
658
657
797
799
799
798
3481
2884
1194
796
1194
611
612
2860
1438
652
624
1294
2965
1294
1295
2936
2949
1536
709
1536
708
1816
2889
3388
3230
3393
3436
3332
3204
3401
3324
3195
3184
3192
3179
1121
1128
1127
1110
1112
1075
1104
1104
1092
1092
1103
1091
1103
1091
1176
1081
1074
1074
1081
1066
3475
1064
1056
1064
1045
1045
1063
1031
1001
976
1041
979
977
1039
962
959
959
960
988
905
988
905
874
1461
874
1460
1460
849
848
848
3134
834
3134
3134
3094
3086
3087
1801
1801
1790
1789
3158
3158
2928
832
939
801
800
656
799
2829
3481
942
2884
941
796
1195
1198
611
2909
2870
1437
3039
649
1836
1837
1837
651
2965
1295
2965
2966
2949
1536
1536
1243
1244
3388
3388
3393
3393
3332
3204
3184
3192
3179
1121
1120
1128
1120
1120
1127
1120
1127
1076
1110
1076
1109
1109
1109
1109
1092
1100
1103
3475
1063
1013
1012
1000
1168
1168
1001
1022
976
1037
977
1171
959
1171
959
989
960
905
905
1461
905
849
849
1460
849
848
1460
853
853
853
854
834
3134
1514
808
1799
3158
655
799
1190
1266
2848
1265
942
941
941
726
1198
2907
2869
2862
1436
1435
1293
2966
1292
1292
2940
1895
3006
1829
1243
1243
1245
2890
3279
3393
3204
3204
3324
3184
3181
3181
1122
1131
1131
1117
1132
1132
1078
1078
1100
1100
1100
1465
1465
1099
1182
1072
1182
1072
1182
1074
1183
1074
1066
1055
1066
1013
1013
1000
1000
1002
1022
977
1169
1171
977
959
986
989
960
960
905
905
1463
1461
849
849
963
963
853
853
854
854
3082
3129
809
2916
1324
1492
1489
1489
1490
1266
1491
1491
2840
2840
1491
1757
1424
2868
2864
1436
642
650
2964
1840
1292
1292
2940
3006
1318
1319
1246
3388
3332
3203
3191
3183
1122
1131
1118
1077
1077
1132
1078
1467
1471
1467
1465
1100
1182
1102
1183
1055
1050
1002
977
1169
986
975
975
974
1463
905
963
963
853
853
854
854
854
3081
3081
3081
3131
1448
1764
2866
2867
639
639
2963
641
1290
2941
1895
3000
1318
1827
1242
3224
3331
3203
3182
3182
1118
1132
1119
1473
1119
1473
1471
1466
1100
1468
1102
1182
1073
1182
1071
1071
1181
1065
1050
1007
1038
981
984
906
971
1447
1423
2953
2867
2958
676
1505
606
1838
1897
2943
1897
2943
1895
1891
1242
1246
2892
1824
3391
3331
3206
3189
3187
1133
1475
1466
1101
1101
1468
1184
1073
1073
1184
1065
1054
1065
1005
764
2953
1289
757
1402
674
2906
676
675
1896
3005
1894
1885
1824
3384
1096
1098
1184
1067
1869
1881
675
1878
605
713
606
1860
1897
2945
1857
1873
2893
1084
1085
771
2821
1415
2820
720
1404
1405
1856
1874
1858
1888
3441
3373
1396
629
1415
2821
1904
1341
1904
1511
1877
1844
2992
1843
2997
3009
1865
2895
2893
1396
1234
1260
2820
1260
1430
1260
1341
1341
1344
777
1877
1889
3009
1855
3010
1852
2894
1638
1632
2820
1262
1509
2995
1854
1833
1833
1648
1637
1232
627
628
1389
628
1389
1406
1259
1409
2901
1342
2975
1343
1509
1359
1884
1832
1832
1567
1632
1669
1679
1670
627
1235
1389
790
1389
1406
1390
1259
2901
2900
2981
1401
1861
1884
1831
1749
1749
1746
1388
1390
1406
1406
1408
2981
1441
1608
1609
1566
1663
1663
1732
1678
1717
1719
789
789
1390
790
1905
2898
2896
1446
1609
1630
1664
1733
1750
1750
1671
1708
1717
789
1720
1391
790
1394
2896
1612
1745
1629
1645
1752
1704
1718
1718
1717
1311
1393
1311
1394
1543
1595
1610
1917
1745
1744
1664
1645
1645
1901
1650
1709
1706
1717
1721
1715
1311
1543
1581
1918
1627
1696
1645
1695
1652
1658
1640
1640
1711
1379
1581
1563
2874
1627
1695
1653
1660
1711
1589
1561
1563
1580
2874
1573
1574
1626
1574
1696
1624
1579
1579
1564
1580
2874
1743
1624
1614
1622
1559
1584
1559
1564
1722
1692
1743
1626
1916
1912
1616
1702
1701
1958
1560
1585
1693
1693
1692
1607
1598
1915
1753
1957
1560
1586
1585
1551
1722
1551
1722
1731
1913
1930
1953
1974
1557
1586
1558
1585
1690
1599
1606
1914
1929
1952
1975
1691
1690
1552
1601
1914
2111
1951
1976
1975
1947
1694
1949
1977
1600
2099
2099
1927
1924
1937
1919
1948
1979
1979
1949
2106
2113
1936
1938
1923
1938
1922
1943
1978
1966
1591
2073
2149
1923
1920
1922
1940
2704
2126
2023
2121
2236
2033
2236
2236
2148
1968
2316
2709
2289
2076
2288
2232
2227
2080
2184
2184
2109
2746
2731
2718
2160
2389
2699
2224
2257
1946
2316
2769
2553
2389
2717
2491
2056
1996
1997
2054
2222
2082
2211
2177
2066
2523
2751
2189
2425
2770
2549
2554
2553
2763
2761
2615
2172
2432
2537
2628
2195
2536
2655
