39
39
39
40
39
9
40
15
40
511
40
216
121
91
71
18
75
18
15
511
18
48
38
71
41
25
60
28
17
30
32
32
63
374
34
45
55
38
121
40
237
59
18
34
17
209
216
157
325
50
338
228
216
54
55
498
349
121
63
60
15
25
209
91
176
325
338
422
54
98
437
345
25
18
75
338
59
338
209
218
218
157
227
50
229
345
59
655
548
40
32
239
93
404
404
374
197
203
221
176
229
82
186
109
325
298
171
216
109
366
91
359
374
281
239
160
98
197
176
229
218
379
325
124
301
400
174
767
767
338
124
221
300
390
60
98
338
312
548
26
329
548
225
422
45
81
164
238
390
70
300
186
338
228
274
224
70
345
160
324
312
422
390
281
555
221
653
210
238
548
171
767
156
174
197
345
286
474
179
301
304
338
156
91
374
301
18
197
93
601
60
390
437
485
301
229
124
359
164
390
60
300
221
404
59
374
164
218
498
380
18
366
767
312
26
216
338
218
70
444
329
404
380
539
12486
390
549
444
229
81
286
444
379
281
229
240
653
519
239
240
274
555
329
456
312
338
216
390
616
316
228
767
616
269
59
456
374
240
360
306
240
124
12486
320
555
363
306
485
269
437
179
229
549
458
93
767
240
390
164
91
91
216
767
485
197
616
474
312
380
539
392
329
390
164
363
338
655
380
32
560
519
568
338
301
851
312
316
725
316
725
359
181
380
542
301
316
306
444
301
320
616
802
548
456
564
329
400
638
380
345
719
390
511
623
81
415
42
338
485
542
218
515
392
388
359
352
312
81
548
390
18
637
807
312
392
325
380
59
338
281
485
523
558
560
616
511
644
229
390
316
485
240
174
564
93
564
196
229
345
390
623
400
498
572
292
400
93
508
390
390
474
392
802
444
802
485
575
415
474
380
380
767
501
444
767
26
32
174
542
564
415
522
348
515
392
588
568
474
638
474
444
325
338
644
474
179
485
196
564
498
588
444
485
451
770
474
444
719
59
767
292
442
548
501
511
337
792
762
485
474
91
390
572
572
712
696
515
390
523
390
572
444
400
755
363
240
390
59
616
174
487
444
428
474
655
515
444
508
474
560
400
560
523
511
523
341
487
644
316
779
400
352
542
179
415
522
312
498
696
712
174
650
588
616
523
568
363
531
32
388
462
474
719
650
515
428
348
441
638
501
442
338
523
511
802
618
725
564
337
531
531
508
352
643
531
637
444
644
851
462
292
542
462
618
338
462
441
548
792
531
523
501
388
508
762
588
624
558
487
770
470
462
508
564
341
501
392
712
564
523
767
531
637
588
611
568
501
572
738
462
372
531
531
441
712
392
441
588
415
335
588
470
807
770
655
491
564
615
649
382
744
588
442
738
802
542
400
638
341
415
611
592
611
542
638
912
523
618
588
485
388
441
629
406
696
624
491
618
611
779
783
451
753
712
802
767
637
522
639
470
644
538
643
615
542
400
341
335
611
650
596
760
755
382
649
592
538
470
491
441
859
611
508
329
670
592
590
637
341
670
670
568
738
372
650
644
677
712
329
712
488
615
508
335
712
363
779
491
335
488
650
488
648
667
538
819
492
643
638
637
677
598
508
667
901
783
533
712
793
538
794
712
688
488
372
522
629
666
744
807
568
731
807
643
760
639
727
492
598
830
731
807
938
714
508
694
912
522
629
688
801
727
770
744
859
753
794
831
780
338
712
637
753
666
807
807
731
801
819
800
688
938
778
522
686
686
859
819
794
451
568
406
643
643
372
801
666
778
779
780
831
492
783
533
793
734
492
686
808
760
826
938
850
859
912
850
754
815
799
831
688
874
778
934
533
715
807
731
492
815
670
753
783
808
666
901
734
859
804
754
804
830
807
916
894
451
882
817
686
830
831
637
778
962
744
799
912
780
819
933
492
882
826
909
686
817
637
799
778
799
819
933
831
808
808
783
904
815
998
850
904
894
787
901
865
894
760
868
874
826
808
962
760
938
754
959
934
859
952
868
818
882
786
817
778
855
787
882
826
937
868
1036
1045
962
818
848
787
875
817
865
874
962
715
904
934
937
848
826
909
787
952
1036
868
930
921
916
847
882
1038
686
921
959
933
998
865
1038
855
786
847
930
1038
1045
933
817
882
1091
937
1045
998
1036
1070
894
949
787
859
962
847
875
848
921
910
952
953
847
921
967
962
904
959
826
952
962
910
934
1018
998
910
848
937
1091
934
1093
875
937
1053
921
1059
1054
882
910
1045
848
894
848
949
930
1105
1093
1059
934
1009
1021
937
953
1091
962
997
1018
934
904
904
967
916
875
1005
998
910
868
910
1084
1011
962
921
1053
1017
1021
1017
1059
904
1070
1050
962
1059
1059
962
967
916
967
1036
962
1021
1070
998
1042
985
1109
948
1115
962
1109
1017
1042
948
1000
1045
1009
1059
1062
1145
1050
1017
1115
1129
1005
1050
1011
1084
967
1115
997
1009
1009
1063
1042
1129
1063
1125
1011
1000
1070
1063
1129
1062
1042
1109
1091
1059
1005
1018
961
1169
997
1042
1169
1103
1140
1011
1011
1115
1000
1059
1059
1169
1070
1070
1167
1109
1005
1000
1062
1101
1059
1103
1063
1172
1063
1156
1063
1062
1145
1109
1070
1145
1109
1109
1082
1059
1172
1059
1109
1169
1125
1180
986
1140
1168
1070
1169
1129
1163
1131
1129
1125
1125
1062
1182
1185
1005
1082
1209
1131
1266
1059
1145
1145
1124
1082
1088
1070
1070
1151
1209
1151
1116
1156
1156
1157
961
1189
1152
1152
1116
1131
986
1169
1088
1167
1151
1266
1125
1088
1198
1222
1242
1151
1124
1209
1216
1151
1180
1222
1182
1131
1222
1185
1116
1082
1163
1116
1196
1163
1192
1228
1088
1228
1196
1266
1242
1151
1266
1253
1124
1196
1230
1158
1116
1222
1088
1222
1270
1225
1196
1182
1116
1116
1219
1151
1219
1209
1223
1270
1189
1253
1230
1225
1223
1273
1216
1315
1222
1088
1151
1188
1272
1302
1194
1158
1247
1253
1230
1241
1242
1273
1176
1272
1258
1272
1188
1315
1247
1295
1188
1255
1194
1255
1271
1255
1258
1292
1232
1308
1308
1253
1266
1247
1266
1308
1315
1315
1270
1223
1202
1273
1241
1308
1176
1271
1188
1188
1315
1232
1270
1292
1317
1242
1273
1320
1255
1295
1292
1247
1247
1231
1336
1292
1320
1305
1255
1315
1366
1279
1361
1202
1272
1292
1176
1237
1315
1267
1315
1302
1336
1237
1176
1315
1337
1344
1406
1320
1320
1364
1335
1295
1336
1292
1321
1279
1364
1247
1292
1375
1409
1375
1359
1317
1336
1335
1336
1315
1320
1307
1292
1359
1320
1345
1247
1292
1334
1320
1401
1384
1409
1395
1375
1440
1453
1334
1475
1345
1400
1361
1401
1410
1324
1409
1366
1393
1307
1440
1478
1440
1331
1445
1324
1410
1324
1384
1320
1336
1478
1406
1334
1445
1512
1366
1400
1410
1359
1279
1307
1334
1409
1400
1478
1397
1334
1364
1307
1334
1357
1401
1520
1526
1397
1440
1393
1334
1324
1384
1440
1400
1526
1307
1414
1409
1478
1409
1475
1307
1414
1421
1334
1307
1445
1414
1359
1520
1421
1409
1397
1487
1307
1414
1421
1436
1436
1357
1520
1478
1445
1347
1468
1414
1468
1445
1423
1423
1480
1357
1357
1491
1414
1384
1445
1491
1520
1512
1465
1347
1421
1451
1512
1421
1419
1436
1397
1462
1562
1445
1357
1520
1423
1432
1520
1475
1478
1408
1478
1414
1480
1512
1570
1480
1462
1504
1520
1487
1436
1421
1480
1512
1478
1475
1542
1570
1562
1557
1504
1489
1432
1529
1508
1489
1520
1445
1432
1423
1508
1548
1562
1421
1437
1508
1561
1423
1421
1468
1520
1557
1423
1512
1504
1480
1437
1468
1577
1462
1623
1529
1423
1613
1542
1605
1423
1613
1462
1537
1557
1489
1520
1512
1542
1542
1537
1573
1537
1449
1462
1520
1520
1562
1542
1462
1622
1565
1588
1557
1496
1642
1504
1570
1562
1512
1589
1565
1499
1489
1520
1529
1529
1557
1529
1761
1574
1504
1499
1577
1578
1437
1642
1565
1557
1613
1588
1574
1605
1557
1645
1499
1542
1588
1437
1613
1623
1605
1496
1623
1489
1557
1623
1605
1589
1761
1537
1589
1594
1537
1504
1542
1496
1642
1636
1548
1605
1663
1727
1679
1594
1592
1548
1565
1588
1592
1727
1679
1489
1663
1613
1557
1595
1589
1761
1605
1636
1589
1594
1548
1704
1595
1742
1557
1642
1696
1605
1645
1727
1592
1592
1663
1613
1651
1595
1589
1679
1729
1674
1678
1537
1717
1605
1674
1650
1663
1592
1682
1588
1642
1595
1589
1727
1671
1727
1589
1674
1499
1651
1663
1678
1679
1598
1717
1674
1645
1694
1595
1642
1761
1605
1742
1759
1650
1674
1696
1675
1695
1592
1761
1650
1704
1663
1704
1642
1759
1761
1595
1679
1725
1696
1717
1651
1761
1651
1651
1678
1605
1675
1729
1675
1659
1720
1742
1818
1694
1678
1694
1679
1727
1759
1721
1726
1663
1729
1695
1717
1727
1678
1694
1674
1645
1836
1761
1798
1642
1757
1694
1727
1675
1725
1678
1694
1682
1651
1659
1726
1783
1853
1659
1720
1696
1675
1761
1757
1869
1694
1705
1818
1761
1725
1849
1659
1726
1818
1818
1678
1742
1651
1675
1705
1726
1728
1873
1694
1783
1729
1759
1694
1783
1598
1675
1869
1651
1696
1898
1744
1725
1873
1798
1705
1836
1759
1726
1783
1869
1694
1694
1834
1678
1853
1947
1893
1855
1726
1794
1694
1815
1725
1893
1818
1869
1884
1783
1884
1783
1726
1869
1794
1918
1867
1898
1849
1783
1815
1759
1834
1878
1836
1694
1659
1694
1834
1705
1867
1815
1844
1694
1794
1798
1853
1849
1757
1878
1725
1853
1694
1894
1894
1696
1798
1815
1726
1911
1726
1845
1867
1884
1952
1867
1818
1869
1947
1744
1907
1855
1873
1815
1947
1825
1884
1744
1834
1911
1836
1794
1911
1991
1869
1846
1849
1834
1794
1783
1878
1893
2022
1855
1991
1846
1898
2025
2025
1846
1815
1907
1923
1794
1908
1845
1726
1971
1825
1856
1853
1915
2066
1915
1908
2026
1867
1923
1794
2026
1846
1923
2026
1952
1991
1918
1849
1825
1726
1915
1884
2066
1991
2022
1871
2022
1846
1963
1856
1907
1942
1856
2022
2088
1952
1894
2012
1923
1891
1907
1855
1846
1845
1855
1846
1942
2088
1846
1894
1855
1908
1963
1923
1869
1871
1915
2026
2085
1908
2045
1744
1971
2085
1963
1923
2069
2111
1908
1908
2025
2025
2025
1915
1885
1960
2056
2016
1871
2076
1971
2022
1871
1966
1966
1891
2088
2045
2066
2111
2029
1907
2029
1915
2111
1908
2016
2026
1942
1971
1971
2012
1942
1894
2127
1966
2025
1908
1966
1997
2025
1907
1915
1923
2025
2111
2012
2084
2076
1923
1966
1891
1971
2076
1915
1952
2029
2071
1923
1871
1997
2056
2044
2016
1952
2025
2290
1915
2016
1908
1971
2016
2051
1966
2025
2088
2069
1891
2085
1871
2166
2029
2016
1885
1923
2291
2125
1923
2069
1923
2071
2166
2401
2088
2045
2076
2088
2185
2066
1966
2056
2290
1923
2044
2076
1915
1960
2127
2066
2016
1923
2127
2291
2130
2044
2088
2029
1871
2125
2130
2084
2025
2290
1966
2185
1891
2051
1960
2269
2016
2401
1971
1966
2069
2266
2166
1966
2051
1871
2088
2166
2016
2266
2016
2216
1923
2084
2401
2125
2130
2076
2186
2133
2044
2069
2216
2088
2053
2105
2133
2025
2071
2137
1891
2268
2291
1966
1923
2044
2247
2064
2130
1960
2154
2130
2071
2166
2216
2154
2291
2186
2029
2119
2185
2269
2166
2254
2170
2053
1966
2255
2102
2127
2064
2105
2266
2266
2268
2255
2133
2166
2290
2084
2268
2125
2255
2102
2254
2155
2122
2133
2291
2053
2102
2235
2166
2133
2122
2133
2266
2247
2247
2130
2064
2064
2105
2186
2122
2186
2266
2137
2278
2220
2512
2119
2278
2064
2130
2401
2216
2119
2512
2102
2268
2319
2295
2268
2266
2071
2170
2278
2105
2269
2071
2253
2105
2254
2137
2371
2071
2122
2119
2133
2170
2130
2102
2254
2122
2220
2253
2155
2512
2236
2254
2255
2186
2300
2130
2283
2352
2254
2341
2247
2319
2247
2266
2170
2268
2269
2552
2271
2389
2130
2195
2235
2268
2266
2247
2170
2155
2553
2220
2283
2122
2119
2255
2558
2236
2119
2512
2512
2186
2170
2333
2295
2296
2236
2248
2295
2352
2235
2283
2122
2371
2122
2283
2283
2234
2319
2195
2333
2215
2333
2314
2371
2271
2341
2296
2319
2253
2553
2423
2236
2341
2295
2283
2247
2271
2451
2195
2333
2235
2370
2236
2352
2297
2234
2371
2552
2253
2423
2295
2235
2314
2254
2300
2407
2407
2437
2271
2271
2331
2451
2235
2352
2215
2283
2437
2235
2271
2349
2373
2314
2352
2296
2296
2558
2437
2361
2349
2371
2283
2234
2195
2319
2319
2341
2215
2407
2297
2552
2195
2295
2341
2610
2364
2283
2675
2361
2624
2552
2195
2398
2624
2356
2389
2297
2398
2215
2370
2552
2430
2331
2349
2340
2271
2295
2361
2371
2271
2419
2314
2331
2373
2364
2420
2389
2343
2398
2331
2283
2371
2423
2333
2648
2407
2340
2215
2314
2297
2445
2349
2614
2343
2398
2691
2437
2340
2364
2398
2364
2360
2356
2528
2445
2407
2437
2392
2360
2445
2528
2614
2398
2360
2487
2334
2407
2430
2496
2456
2461
2691
2407
2430
2445
2437
2343
2349
2624
2380
2380
2496
2420
2373
2398
2648
2445
2373
2430
2398
2417
2380
2360
2445
2624
2360
2349
2407
2392
2461
2340
2675
2419
2407
2331
2496
2419
2392
2407
2445
2461
2407
2417
2610
2456
2527
2430
2468
2487
2398
2446
2691
2496
2356
2364
2414
2624
2464
2398
2343
2380
2528
2648
2445
2535
2407
2537
2528
2487
2468
2473
2446
2482
2570
2417
2343
2570
2610
2529
2528
2417
2513
2398
2419
2445
2482
2445
2414
2482
2524
2464
2624
2769
2473
2524
2691
2464
2704
2496
2691
2461
2524
2598
2564
2565
2398
2513
2343
2360
2570
2483
2531
2527
2527
2531
2524
2769
2665
2442
2419
2648
2493
2669
2496
2710
2695
2418
2588
2610
2442
2445
2464
2656
2529
2656
2511
2695
2536
2497
2483
2418
2665
2588
2704
2570
2482
2524
2598
2496
2527
2648
2468
2524
2731
2565
2605
2524
2464
2536
2482
2691
2701
2731
2769
2564
2610
2513
2418
2531
2493
2454
2483
2595
2486
2773
2595
2691
2701
2701
2418
2769
2710
2684
2511
2610
2483
2497
2704
2486
2605
2524
2595
2588
2418
2536
2665
2546
2684
2610
2546
2598
2511
2695
2529
2684
2565
2684
2684
2669
2493
2511
2493
2691
2644
2710
2418
2654
2773
2536
2773
2565
2486
2497
2605
2632
2712
2773
2565
2587
2493
2769
2632
2592
2543
2684
2592
2852
2589
2607
2529
2774
2486
2704
2710
2546
2701
2695
2644
2677
2731
2769
2700
2632
2774
2607
2564
2587
2587
2546
2656
2739
2493
2834
2648
2834
2648
2712
2564
2677
2684
2876
2955
2607
2565
2497
2644
2876
2546
2589
2632
2579
2632
2834
2607
2603
2493
2771
2543
2771
2654
2607
2842
2648
2852
2654
2679
2607
2529
2852
2834
2565
2644
2710
2644
2654
2587
2644
2704
2842
2529
2565
2700
2834
2865
2543
2493
2842
2716
2654
2691
2497
2656
2579
2677
2648
2632
2688
2589
2644
2710
2834
2842
2739
2543
2688
2677
2607
2695
2834
2786
2739
2749
2691
2629
2654
2603
2493
2684
2603
2821
2688
2679
2836
2955
2629
2771
2765
2765
2644
2749
2607
2749
2836
2716
2589
2579
2716
2704
2821
2579
2831
2688
2688
2834
2712
2759
2632
2648
2665
2821
2679
3066
2684
2748
2765
2688
2748
2684
2895
2771
2786
2677
2872
2599
2688
2836
2688
2874
2629
2607
2834
2599
2831
2872
2865
2786
2582
2691
2695
2740
2786
2835
2821
2765
2818
2834
2582
2911
2911
2704
2749
2852
2786
2834
2665
3066
2748
2916
2740
2831
3066
2792
2786
2955
3066
2865
2874
2872
2831
2582
2603
2703
2911
2684
2629
2872
2916
2842
2695
2665
2872
2739
2868
2951
2740
2911
2895
2759
2835
2872
2582
2831
2874
2712
2831
2852
2865
2786
2955
2874
2786
2946
2865
2911
2911
2916
2603
2907
2582
2748
2872
2818
2916
2599
2831
3115
2599
2907
2955
2839
2951
2886
2984
2786
2874
2907
2836
2886
2695
3066
2748
2911
2786
2946
2783
2835
2951
2968
2874
2835
2959
3012
2895
2783
2948
2603
2844
2968
3115
2916
2818
2865
2831
2874
2916
2786
2916
2983
2835
2959
2792
2926
2823
2971
2983
2868
2984
3000
2886
3007
2911
2951
2852
2926
2854
2768
2948
3064
2839
2907
3020
3012
2931
3011
2931
2931
3115
2951
2897
3012
3011
2823
2783
3017
2973
3017
3022
2931
3000
2974
2968
2854
3057
2839
2931
3022
2868
3011
2830
2951
3063
3157
2768
3078
3000
2868
2955
3078
2992
2783
3007
3114
2844
3012
2830
3007
3063
2897
2983
2997
2753
3065
3063
3064
3065
3063
3047
2931
3165
2753
2976
2957
2957
2992
2974
3048
2931
3011
3045
2958
2973
2997
3007
3064
3011
3020
3078
3007
3106
3079
2974
3045
3114
2830
3064
3114
3157
3167
2991
3162
3115
2971
3183
3115
3154
3083
3048
2974
3015
3183
3183
3019
3165
3114
3203
2940
2998
3114
2753
3057
3017
3157
3107
3154
3047
3063
3083
3015
3055
3215
3079
3183
3017
3229
2768
2913
2992
2973
2913
3048
3015
2976
3305
3017
3115
3107
3065
3055
2940
3203
3065
3203
3183
3154
3114
3355
3165
2913
3222
3083
3159
3125
3229
3100
3100
3257
3157
3025
2991
2974
3065
3162
3189
3106
3165
3241
3108
3257
2991
3215
3026
3017
3167
3106
3114
3100
3221
3107
3029
3083
3257
3167
3046
3168
3100
3265
3183
3025
3167
2913
3241
3222
3203
2913
3157
3215
3207
3265
3275
3108
3029
3168
3215
3159
3183
3258
3207
3139
3286
3267
3283
3029
3222
3189
3071
3065
3257
3257
3229
3355
3230
3029
3267
3355
3230
3273
3188
3241
3071
3026
3241
3146
3183
3183
3106
3305
3229
3183
3046
3617
3355
3270
3286
3355
3413
3215
3257
3270
3305
3168
3159
3146
3106
3265
3286
3207
3283
3207
3183
3125
3136
3071
3273
3373
3275
3454
3351
3278
3257
3355
3146
3296
3283
3275
3458
3258
3263
3257
3344
3278
3265
3222
3198
3278
3265
3188
3329
3189
3286
3278
3265
3071
3273
3351
3296
3403
3188
3351
3198
3458
3136
3263
3169
3454
3413
3346
3454
3222
3353
3368
3263
3351
3458
3307
3455
3273
3424
3258
3198
3278
3081
3139
3505
3257
3312
3273
3270
3275
3320
3471
3424
3403
3458
3344
3267
3346
3345
3456
3270
3424
3351
3273
3385
3329
3505
3346
3436
3188
3617
3081
3403
3456
3564
3564
3267
3296
3136
3282
3318
3282
3458
3272
3272
3270
3373
3499
3307
3329
3625
3588
3499
3312
3564
3468
3385
3312
3456
3385
3345
3331
3468
3499
3318
3320
3444
3588
3579
3313
3296
3307
3345
3403
3617
3468
3272
3406
3693
3521
3471
3521
3505
3593
3456
3368
3331
3373
3282
3738
3465
3485
3272
3385
3465
3588
3505
3309
3267
3488
3471
3564
3693
3313
3367
3456
3611
3436
3465
3406
3331
3481
3625
3272
3564
3320
3318
3564
3499
3505
3468
3373
3693
3435
3625
3617
3471
3456
3329
3625
3513
3505
3670
3588
3537
3353
3465
3471
3665
3468
3282
3617
3444
3588
3338
3485
3468
3481
3309
3338
3617
3367
3312
3588
3701
3738
3406
3464
3313
3435
3331
3618
3433
3318
3588
3465
3338
3738
3499
3490
3693
3329
3634
3638
3513
3593
3693
3738
3329
3490
3723
3665
3593
3665
3406
3468
3564
3665
3693
3611
3681
3723
3701
3465
3693
3465
3516
3471
3537
3617
3917
3638
3723
3567
3488
3693
3464
3588
3537
3579
3432
3625
3738
3567
3516
3544
3544
3588
3663
3917
3579
3444
3597
3671
3562
3701
3588
3312
3459
3611
3738
3705
3640
3481
3625
3638
3513
3767
3516
3767
3665
3625
3516
3513
3433
3638
3426
3513
3671
3435
3634
3705
3723
3537
3687
3609
3671
3481
3562
3854
3618
3544
3738
3647
3618
3917
3663
3693
3597
3432
3544
3711
3638
3711
3433
3663
3537
3687
3939
3638
3767
3516
3663
3459
3488
3776
3863
3625
3917
3618
3638
3701
3481
3567
3939
3723
3625
3597
3917
3618
3939
3488
3705
3711
3687
3562
3633
3810
3701
3795
3939
3767
3917
3687
3705
3631
3567
3544
3647
3711
3900
3681
3432
3444
3854
3537
3749
3435
3513
3795
3671
3900
3863
3795
3681
3671
3665
3663
3634
3701
3597
3917
3866
3866
3665
3459
3633
3435
3767
3854
3488
3863
3867
3676
3631
3562
3516
3939
3687
3939
3872
3928
3433
3810
3939
3863
3612
3696
3426
3675
3631
3939
3900
3872
3675
3580
3988
3640
3609
3737
3900
4112
3711
3567
3749
3900
3609
3854
3767
3711
3776
3705
3597
3705
3900
4093
3640
3711
3603
4141
3633
3705
3737
3767
3872
4137
3866
3872
3612
3795
3854
3810
3877
4141
3908
3767
3795
3776
3863
3749
3749
3575
3810
3810
3766
3830
3612
4092
3795
3949
4137
3675
3459
3771
3908
3939
3696
3771
4055
3863
3979
3766
3771
3676
3580
3872
3830
3737
3603
4093
3900
3928
3917
3749
3675
3576
3900
3609
4141
4470
3749
3612
3925
3696
3863
3916
3810
3872
3872
3749
3900
3883
3863
3767
4055
3877
3580
3988
4141
3883
3988
4018
4112
4018
4048
3877
3900
3867
3675
4141
3883
4137
3872
3900
3908
3795
4112
4000
4141
3580
3766
3830
3979
3771
3795
3603
4093
3631
3696
3988
3949
4018
3676
4000
4055
3773
3749
3773
3737
3928
4093
3961
4093
3852
3986
4141
3676
3676
4093
3580
3928
3795
4071
4080
4112
4080
4112
4103
4071
3830
4118
4137
4103
4069
4400
3795
3986
3580
4097
3883
4092
4425
3916
3749
3928
3877
4103
4069
4093
4093
3826
4092
3877
3867
4080
3867
4027
3676
4000
3749
4097
4080
4048
3737
3877
3773
3826
4118
3986
4253
3766
3986
4425
4118
4400
3773
4069
3916
4470
3877
4036
3883
4400
4112
3580
4450
3979
3883
4112
4149
4450
3877
4470
3852
4149
4080
3961
3852
4080
4450
4093
3749
4071
4055
4297
4093
3883
4450
4069
4048
4080
3580
4048
3749
4151
3773
4118
4069
3852
4080
4058
4253
3905
4069
4071
3920
4425
4027
4302
4044
4093
4450
4118
4118
4516
4450
3961
3826
4425
4302
4297
4027
3773
4118
4080
4097
3808
4151
4097
4048
4251
4036
4176
4036
4425
4097
3883
4251
4055
4425
4149
4253
3826
3773
4044
4251
4400
3986
4248
4425
4080
4400
4251
4085
4302
4470
4516
4077
4027
4164
4069
4077
4151
4151
4425
3877
4187
3819
4027
3920
4356
3773
4253
3883
4348
4027
4450
4036
4263
4263
4516
4251
4898
3877
4248
4348
4400
4425
4164
4214
4425
4044
3987
4898
4356
4297
4138
4391
4200
4027
4176
4118
4187
4131
4450
4253
4032
4425
3987
4243
4216
4097
4044
4248
4425
4214
4097
4229
3920
4356
4377
4356
4834
4516
3976
4425
4077
4391
4187
4348
4377
4069
3976
4898
4516
4450
4131
4151
4328
4097
4097
4203
4297
4377
4085
4214
4187
4494
3920
4425
4187
4216
4516
4900
4077
4314
4348
4377
4249
4176
4056
4377
4369
4138
4131
4834
4348
4187
4356
4187
4404
4216
4474
4200
4456
3976
4138
4262
4898
4309
4262
4583
4834
4085
4356
4900
4391
4151
4176
4900
4229
4456
4164
4356
4524
4248
4404
4356
4391
4404
4534
4425
4247
4138
4203
4085
4229
4834
4455
4247
4032
4391
4216
4494
4187
4212
4834
4151
4258
4639
4900
4348
4900
4524
4639
4834
4363
12488
4358
4314
4077
4306
4369
4369
4404
4298
4309
4391
4216
4369
4447
4298
4314
4414
4494
4534
4085
4639
4411
4900
4243
4373
4639
4324
4447
4306
4900
4187
4648
4411
4314
4207
4898
4309
4324
4377
4328
4216
4474
4248
4406
4358
4900
4535
4432
5055
4414
4207
4900
4324
4474
4348
4328
4216
4583
4834
4247
4474
4258
4248
5015
4306
4404
4309
4898
4247
4447
4447
4369
4324
4328
4370
4639
4262
4262
4358
4247
4811
4406
4377
4355
4474
4898
4447
4370
4900
4544
4432
4358
4455
12488
4406
5418
4328
4216
4216
4205
5199
4474
5199
4583
4258
4358
4474
5015
4648
4655
4355
4309
4426
4447
4373
4373
4447
4535
4648
4205
4306
4314
4474
4737
4648
5199
4546
4324
4492
4447
4900
4404
5199
4524
4648
4567
4655
4639
4414
4655
4546
4639
4373
4583
4455
4404
4355
4496
4426
4583
4306
4567
4414
4358
4358
4528
4549
4355
4544
4544
4524
4447
4648
4492
4496
5055
4544
4567
4426
4290
4524
4546
4358
4426
4528
4290
4535
4205
4363
4414
4535
4900
4370
4549
4370
4496
4549
4412
4432
4639
5418
4447
4583
4414
4528
4358
4524
5418
4544
4544
4544
4247
4332
4496
4749
4567
4661
4639
4518
4493
4492
4546
4355
4399
5015
4432
4205
4655
4544
5199
4496
4447
4584
4661
4447
4426
4518
5055
4811
4447
4524
4737
4493
4412
4355
4492
4639
4524
4549
5418
4567
4616
4247
4399
4642
4964
4432
4501
4774
4501
4455
4648
4370
4584
4399
4701
5055
4679
5418
4661
5199
4447
4501
4679
5199
4635
4616
4399
4518
4683
5015
4518
4524
4399
4774
4661
4556
4358
4661
5055
4701
4964
4635
4749
5199
4616
4447
4524
4584
4358
4642
4567
4580
4332
4480
4648
4616
5015
4635
4648
4648
4601
4584
5199
4491
4616
4903
4811
5015
4518
4568
4524
4648
4642
4501
4501
4683
4616
4580
4399
4919
4679
4399
5585
4635
4518
4399
4556
4683
5199
4964
5418
4709
4661
4492
4964
4749
4679
4919
5585
4919
4795
4584
4402
5015
4568
4749
4642
5055
4679
4399
4811
4635
4587
4811
4635
5636
4480
4709
4903
4358
4795
4399
4774
4701
4919
4568
4358
4601
4643
4402
4399
4491
4679
5418
4518
4601
4568
4777
4643
4587
4601
4568
4727
4811
4358
4919
4429
4518
4811
4643
4580
4683
4749
4580
4558
4811
4701
4776
4964
4820
4580
4568
4701
4776
4777
4964
5015
4601
4820
4490
4811
5055
5585
4683
4776
4711
4683
4492
4709
5636
4709
4833
4964
4568
4709
4777
4722
4679
5418
4811
5836
5636
4777
4811
4776
4568
4490
4811
4490
4919
4811
4701
4429
4767
4587
4558
4429
4758
4689
4429
4727
5636
4964
4749
4689
4776
4722
4664
4625
4689
4709
4777
4776
5418
4643
4587
4777
4903
5147
4758
4919
4738
5035
5836
4820
4981
4811
4668
5055
5290
4701
4668
4758
4776
4643
4806
4820
4625
4709
4806
4981
5035
4767
5755
5585
5055
4806
4717
4749
4806
5636
4707
4689
4774
4811
4717
4820
5430
4776
4981
4811
4727
4811
4689
4833
4810
4833
4882
4776
4664
4625
5430
4709
5636
4782
4490
4811
5170
4689
5636
4882
4767
4625
4837
4568
4837
4625
4919
4777
4803
4709
4776
4776
5836
4802
4709
5061
4761
4767
5755
4833
4738
4625
5585
4919
5430
4903
5290
4802
4777
4811
4689
4749
4625
5147
4625
4798
5035
5636
4966
4668
4758
4810
4664
4776
4882
4625
4981
4668
5147
4767
4625
4625
4625
4671
4707
4738
5033
4798
4726
5170
4966
5755
5430
4837
4922
4707
5147
5035
4882
5636
4738
4738
4803
5636
4855
5755
4862
5035
5026
4797
4966
4664
4671
5125
4733
4803
4771
5755
4806
5064
4707
5430
4837
5147
4919
4806
4689
4837
5170
4863
4707
4798
4966
5160
5170
4771
4671
4806
5755
5033
5836
4726
4707
5290
4882
4833
5755
4919
4833
4837
4761
5290
5137
4920
5064
5774
5412
5430
4846
4806
4981
4868
4981
4803
4888
4868
4868
4855
4671
4903
4829
5125
4668
4868
5061
5253
4771
5755
5026
4870
4932
4922
4888
4902
5026
5026
5026
4907
4837
4771
5026
4870
5033
4907
5021
5026
4870
4771
4870
5081
4932
5636
4868
4902
5170
4870
5026
5290
4803
4860
5755
4868
5636
4863
4902
5125
5412
4788
4871
4907
4867
4871
5170
5636
5290
4990
5125
5836
4902
4868
4870
5160
4829
5021
4860
5240
5026
4902
4902
5559
4902
5005
4981
4920
4956
4931
5061
5064
5559
5313
5371
4837
4979
5170
4953
5081
5836
4956
4867
4876
5755
5559
4902
4871
5240
4803
4837
4973
4956
5070
5755
4849
5081
4931
4932
4922
5774
4902
4966
4979
5184
4902
4726
4870
5559
4979
5265
4955
5061
5137
5559
4979
5559
5313
4902
4902
5081
4965
5081
4902
4788
5774
4976
5006
4849
5071
5184
5559
4849
5755
4849
4726
4981
5001
5290
4932
4860
5005
5006
5636
4973
5137
4973
4928
5774
4920
5228
5836
5330
5313
5021
5070
5081
5081
5559
5005
5559
4870
5559
4965
4849
5240
4979
4870
4928
5265
5774
5412
4908
4955
4870
4829
5559
5326
4953
5081
5836
5774
5290
4908
5160
4979
5021
4965
4973
5559
5636
5836
4849
5125
4928
5326
5081
5061
5349
4967
5064
4967
4928
5253
4928
4870
4976
5071
4956
5559
5253
5184
5371
4928
4851
4953
5170
5207
4851
4928
5052
4929
4929
5262
5207
4988
5008
5403
5664
4870
5755
5320
4893
5836
4982
5559
4928
5005
5052
5240
4870
4928
5330
4920
5081
4928
5403
4956
5052
4931
5071
5081
5371
4983
5049
6070
4893
4928
5559
5412
5005
5719
5559
4931
5326
4983
4983
4931
4982
5008
4983
5371
5330
5719
4928
5030
5005
5349
5412
4982
4852
5836
4928
5836
5262
6070
4928
5403
4982
4928
4929
5326
5005
5664
5330
5372
5228
5717
5207
4956
5539
5403
4929
4920
5531
5049
5371
5008
5313
5008
5081
4893
4983
4953
5081
4979
4975
4893
5081
5559
5184
5065
4925
4928
5082
5464
5529
5234
4983
5207
5342
4852
5234
5343
5184
6070
4987
4893
5127
5559
5664
5177
5342
5262
5836
5846
4893
5836
5846
5836
5536
4929
5234
5342
5065
5836
5342
5342
4893
4969
5717
4975
5292
5719
5228
5342
5472
5101
5295
5343
5342
5330
4893
4931
4983
4929
5366
4929
4987
4982
5373
5013
4987
5343
5234
5001
5358
5101
5464
5253
5669
4987
5836
5346
5373
5373
4925
4893
5531
5090
5774
5529
5536
4987
4893
4893
5373
4893
5774
4967
5342
5559
5326
4929
4982
5836
5529
4893
5372
5836
5373
5295
5403
5664
4967
4983
5290
5320
5346
5559
5131
4967
4987
4975
5740
4987
5253
5191
4969
5292
5559
5371
5343
5303
5373
5295
5717
5191
4987
5320
5127
5027
5027
5717
4983
5090
5717
5342
4975
4967
4851
5719
5566
5391
5101
4893
5330
5804
5147
4916
5836
5719
5228
5536
5184
5371
4969
5085
5536
5065
5013
4946
5342
5371
5295
4988
4893
4861
5523
5320
5804
5355
5337
5361
5349
5836
5408
5427
5427
5373
5343
4996
5366
4983
5383
4983
5090
6061
5683
5391
5348
6070
5085
5664
5085
5804
5085
5836
5320
5395
5472
5301
5342
5836
5373
5348
5177
5383
5464
5147
4946
5342
4982
5337
5337
5177
5323
5383
5408
5566
5383
5405
5846
5127
5391
5027
5101
5427
5603
5928
5337
5078
5320
5330
5664
5355
5085
4916
5583
4916
5355
5361
4983
5469
5598
5373
5965
4987
5301
5133
5147
5323
5804
5536
5343
5147
5383
5427
4982
4975
5705
5337
4987
4996
5846
5147
5101
5717
5391
4982
5740
5408
4983
5036
5427
5717
5469
5464
5669
4861
5894
5269
5965
5432
5750
5342
5566
5027
5472
5724
5085
5090
5270
5147
5228
5270
5027
5701
5523
5836
5085
5485
5090
5337
5147
5452
5408
5131
5366
5270
5337
5337
5361
4971
5528
5222
5013
5452
5270
5402
5366
5027
5717
4971
5027
5724
5032
5432
5131
5361
4987
5836
5719
5032
5032
5701
5703
5268
5669
6059
5383
5361
5740
5965
5427
5485
5383
5928
5491
5703
5117
5682
5337
5703
6018
5472
5085
5750
5402
5408
5027
5528
5408
5268
5717
5552
5133
5032
5308
5383
4987
5528
5408
5836
5836
5566
5337
5701
5343
5117
5740
5682
5566
5523
5427
5724
5133
5821
5096
5611
5583
5329
5664
5536
5096
5147
5085
5177
5894
5610
5552
6070
5724
5472
5546
5383
5337
6129
5717
5894
5804
5427
5928
6243
5598
5337
5027
6243
5928
5603
5109
5147
5427
4982
5497
5769
5268
5481
5337
5383
5085
5383
5355
5669
5703
5109
6037
5598
5824
5147
5337
5405
5821
5383
5259
5536
5750
5595
5259
5383
5147
5491
5664
5701
5085
5117
5085
5329
5642
5590
5552
5485
5344
5011
5959
6061
5147
5862
5804
5767
5981
5177
5032
5308
5514
5724
5096
5894
5717
5798
5664
5532
5701
5740
5836
5724
5779
5383
6061
5528
5427
5408
5337
5701
5724
5121
6061
5530
5703
5683
5117
5769
5121
5427
5427
5532
6129
6129
5085
5355
5432
5344
5928
5566
5536
5563
5705
5427
5147
5414
5472
5705
5590
5117
5329
5846
5491
5762
5117
5507
5577
5781
5133
6173
5809
6018
5121
6265
5383
5530
5717
5862
6061
5536
5836
5399
5809
5836
5824
6129
5781
5432
6059
5701
6061
5701
6240
5724
5868
5390
5368
5507
6173
5965
5926
5485
5750
5554
5383
5740
5491
6070
5147
5552
5965
5540
5427
5517
5798
5879
5560
5701
5415
5571
5590
5407
5868
5701
6114
5700
5965
5485
5714
5724
5147
5779
5781
5781
5563
5783
6061
5147
5563
5700
5959
5879
5879
5879
5700
5701
5879
5862
5085
5724
5706
6018
5481
5820
5683
5781
6265
5745
5642
5820
5101
5595
6061
5781
5571
5809
6114
5683
5701
5717
6061
6037
5744
5578
5554
5133
5744
5701
5714
5928
5701
5701
5862
5781
5724
5835
5563
5714
5981
5133
5560
5664
5383
5862
5532
5724
5781
5750
6243
6240
5701
5101
5517
5701
5809
5390
5744
5701
5481
5369
5491
5805
5518
5781
5862
5706
5717
6061
5344
5147
5781
6176
5928
5750
5879
5701
5836
5724
5491
5369
6129
5835
5868
5862
5407
5981
6265
5701
5656
6070
5674
5879
5836
6061
6016
5809
6061
5399
5773
5862
5554
5701
5959
5926
5369
5836
5656
6059
5982
5481
5994
5491
5861
5798
5147
5707
5750
5767
5701
5879
6265
5518
5701
5683
5724
5779
5805
5487
5926
5369
5928
5598
6037
5487
5982
6052
5707
5894
5701
6114
5879
5714
5888
5766
5809
6028
5714
5994
6016
6061
6037
6173
6391
5926
5773
5724
6265
6240
5836
5574
5798
5959
5700
5783
5965
5390
5868
5965
6243
5705
6160
6173
5879
5879
5972
5926
6391
6018
5836
5868
5491
6176
5779
5981
5946
5805
5745
5994
6111
5881
5931
5769
5798
5545
5147
5545
6173
5982
5779
6176
5994
5926
5781
5773
5750
5781
6391
5836
5928
5480
5781
6059
5517
5390
5369
5532
5931
5836
6200
6003
6391
6111
6176
5701
5798
5598
5642
6243
5965
5854
6028
6061
5931
5981
6160
5779
6375
5924
6123
6322
5147
5724
5133
5879
6028
5369
6265
6045
5517
6375
5803
5926
5707
6176
5769
5926
5946
6123
6003
5881
5868
6111
6045
6280
5879
6069
5491
5879
6059
6339
5862
6200
5981
5926
5836
5415
6391
6037
6375
6037
5759
5798
6273
5664
5926
5480
5978
6265
6265
5707
5809
5545
6280
5724
6243
5701
5928
5766
5965
5981
5480
5781
6129
6265
6028
5598
5888
5994
5701
5598
6221
6176
5981
5928
5803
5923
6129
6173
6375
6030
6375
6322
6247
5883
6111
6221
5900
5926
5994
5836
5886
6129
6130
5926
6391
5981
6229
5994
5931
5849
6180
5925
6236
5390
6375
5928
6219
6061
5803
5635
5978
5798
5866
6221
5981
6196
6265
5517
5138
6069
5750
5480
6160
5750
6375
6391
6375
5881
6035
6167
5926
5798
6063
6229
6130
6265
5664
5994
6176
5664
6169
5928
5803
5853
5926
5923
6128
6199
5883
6176
6280
6037
5926
5923
6391
6200
5994
6334
6196
6173
6322
6030
6199
6319
6219
6111
5978
5925
5982
6280
5926
6016
6199
6375
6280
5902
5480
5883
6045
5925
5598
5798
6375
6129
5882
6391
5926
5598
5664
5883
6273
6474
6339
6244
5981
5928
5926
5773
6236
5480
6375
5849
6530
6375
5972
6322
6221
6030
5928
6247
6199
6265
5881
5981
6010
6253
6167
6247
6265
5981
5879
6078
6229
6280
6199
5766
6526
6412
6063
5883
6474
6130
6280
6497
5994
6273
5994
6475
6322
6035
6319
5982
5994
6193
6001
5883
6207
6180
5981
6228
6253
6375
6036
6229
5926
6030
6307
6193
6133
5664
6244
6063
6160
6213
6375
6035
6364
6332
6280
6221
5480
5978
6526
5926
6252
5883
5664
6265
6447
6526
6375
6193
6280
6322
6322
6216
6271
6244
5902
6221
6130
6280
5866
6016
6332
5853
6524
6133
6133
5923
6447
6339
6375
6526
6199
6570
6375
6150
6497
6196
6150
6475
6201
6475
6207
6213
6167
6412
6248
6030
6498
6526
6321
6280
6133
5664
6334
6124
6204
6474
6406
6364
5972
6406
6485
5882
6549
6375
6530
6474
5926
6199
6133
5972
5664
6236
6252
6133
6167
6271
6319
6404
6247
6475
6530
5883
6207
6307
6001
6485
6036
6332
6485
6133
6231
6450
6193
6273
6412
6063
6584
6447
6307
6244
6526
6263
6303
6324
6390
6492
6462
6321
6526
6193
6498
6137
6036
6167
6130
6495
6199
6124
6475
6475
6367
6526
6248
6247
6095
6228
6339
6331
6133
6303
5766
6332
6493
6244
6446
6406
6319
6199
6450
6221
6450
6519
6221
6339
6498
6485
6332
6236
6508
6150
6334
6150
6324
6485
6253
6133
6447
6477
6216
6450
6572
6237
6201
6475
6326
6477
6492
5883
6133
6450
6438
6485
6199
6572
6404
6477
6148
6524
5883
6616
6626
6493
6526
6495
6332
6549
6475
6474
6485
6332
6450
6507
6167
6499
6498
6331
6001
6413
6332
6530
6244
6424
5926
6477
6526
6390
6334
6404
6303
6492
6450
6303
6519
6462
6716
6572
5883
6367
6530
6011
6412
6450
6477
6248
6632
6487
6387
6572
6133
6592
6487
6150
6133
6475
6307
5883
6402
6404
6395
6616
6221
6501
6405
6236
6549
6557
6345
6518
6387
6221
6326
6626
6501
6356
6475
6655
6365
6447
6570
6524
6572
6496
6095
6499
6576
6446
6450
6148
6632
6381
6572
6519
6584
6694
6395
6477
6501
6277
6463
6507
6549
6446
6522
6435
6584
6150
6635
6390
6221
6592
6518
6603
6691
6557
6477
6635
6253
6545
6221
6612
6507
6635
6495
6492
6616
6544
6635
6495
6421
6405
6549
6124
6485
6742
6626
6345
6652
6244
6356
6572
6632
6544
6655
6635
6576
6487
6328
6545
6493
6622
6487
6680
6635
6610
6492
6221
6549
6570
6602
6585
6590
6477
6694
6655
6432
6413
6487
6544
6501
6610
6436
6548
6463
6501
6635
5926
6635
6612
6487
6445
6655
6544
6496
6345
6522
6545
6587
6384
6680
6487
6612
6522
6576
6518
6694
6687
6652
6626
6470
6691
6742
6522
6622
6603
6544
6501
6421
6680
6572
6413
6449
6411
6570
6635
6523
6603
6447
6436
6614
6445
6519
6713
6635
6584
6716
6546
6626
6454
6435
6477
6411
6920
6466
6621
6517
6522
6823
6572
6345
6277
6466
6612
6627
6680
6487
6688
6557
6742
6522
6675
6804
6413
6445
6680
6712
6545
6614
6712
6522
6612
6715
6768
6635
6715
6435
6651
6544
6548
6814
6768
6831
6713
6680
6684
6880
6735
6487
6545
6614
6771
6470
6522
6920
6449
6717
6543
6778
6704
6702
6781
6704
6783
6920
6778
6680
6675
6788
6627
6626
6735
6543
6793
6907
6849
6610
6546
6823
6849
6663
6975
6568
6785
6899
6680
6470
6831
6522
6715
6717
6716
6477
6735
6871
6687
6614
6557
6936
6872
6602
6680
6610
6823
6466
6719
6907
6671
6778
6713
6771
6831
6777
6785
6704
6503
6768
6587
6703
6503
6688
6849
6679
6788
6503
6625
6627
6920
6751
6849
6742
6487
6975
6523
6777
6812
6856
6931
6771
6999
6612
6933
6716
6823
6831
6936
6877
6783
6715
6546
7008
6899
6872
6933
6958
6663
6760
6814
6920
6920
6880
6769
6661
6557
6877
6849
6769
7042
6920
6991
6925
6788
6703
6717
6688
6735
6907
6836
6781
6751
7055
6623
6899
6487
6931
6777
6629
6907
6999
6975
6910
6920
6602
6719
7018
6786
6768
6775
6938
6919
6920
6546
6719
6958
6975
7092
6768
6684
7066
6731
7060
7014
7035
7145
7062
6835
6781
6671
6880
6629
6661
6587
6731
7042
6679
6836
6991
7100
7092
6856
6907
6899
6896
6836
7008
7435
6903
6825
7100
6959
6780
6886
7008
6910
7024
6783
6886
6967
6987
6884
6970
7079
7009
6719
7435
7033
7060
7018
6898
7358
6894
6845
6684
6896
6786
6786
6836
6936
6703
6661
6884
7100
6965
6719
6810
6719
7042
6883
6717
6999
6931
6587
7155
6806
7079
6877
6856
6831
7110
6894
6866
6775
6769
6663
7014
6827
6877
6871
7236
6703
6831
6842
6903
7424
6981
7025
6884
7159
6986
7152
7005
6817
6706
7033
6880
7325
6768
7053
6898
6896
6896
6915
7152
6981
6898
6806
6936
7041
6987
7100
6990
7079
6817
6871
6910
7055
6810
6671
7025
6915
7227
6786
7062
6938
7064
6719
7230
6913
6786
6998
7033
6845
6913
6967
6926
6970
6986
6936
6892
7079
7080
6877
7236
7530
6856
6973
7302
6941
6973
7155
7113
6768
7358
6903
6896
6986
6993
7041
7050
7100
7232
7050
7101
7025
6880
6987
7205
6759
6998
7227
7110
7155
6938
7205
7024
7358
6989
7044
6892
7025
6997
7059
7102
6944
6810
7250
6970
7010
6906
6986
7302
6926
7037
7184
7053
7435
7081
7036
7025
7047
6938
7010
6882
7184
6906
7435
6882
7530
7230
6989
7206
7325
7209
6929
6941
7230
7079
7180
6913
7305
7325
6987
6903
6786
7250
6986
6986
7012
6998
7081
6998
7062
7062
6938
6869
7205
7180
7022
7156
7186
7037
6938
7085
7068
7251
7223
7102
7113
7141
7103
7012
7222
7267
7193
6987
7325
6968
7424
6995
6938
6995
7200
7044
7260
7258
7193
7206
7206
7036
7298
7085
7117
6997
7250
7260
6938
6949
7131
6987
7068
7530
7221
7400
6913
7081
7138
7165
7395
6906
7165
7156
7525
7502
7021
6987
7096
7267
7237
6949
7535
7153
6906
7103
6997
7102
7230
7502
6944
7063
7068
7250
7271
7048
7053
7325
7193
7022
7193
7271
6998
6869
7265
7184
7153
7021
7273
7400
7267
7205
7221
7502
7163
7169
7127
7412
7131
7128
7253
7208
7205
7063
7237
7015
7103
7230
7045
7138
7101
7103
7265
7313
7193
7186
6906
7289
7140
7331
7154
7487
7090
6998
7103
7400
7251
7346
7535
7250
7257
7550
7524
7107
7032
7442
7207
7180
7525
7250
7412
7107
7103
7250
7163
7170
7107
7427
7442
7267
6906
7230
7210
7187
7331
7535
7138
7205
7120
7163
7153
7589
7223
7319
7313
7271
7208
7032
7521
7102
7131
7128
7241
7543
7138
7202
7237
7448
7203
7022
7250
7589
7237
7021
7206
7346
7271
7224
7484
7085
7208
7328
7369
7331
7257
7241
7096
7341
7359
7107
7844
7352
7741
7282
7321
7271
7052
7589
7443
7341
7226
7331
7015
7400
7226
7346
7107
7394
7550
7458
7319
7253
7235
7521
7313
7090
7422
7169
7322
7415
7128
7438
7226
7351
7250
7448
7290
7484
7341
7359
7442
7487
7455
7307
7319
7411
7330
7543
7535
7235
7484
7422
7276
7533
7359
7339
7235
7331
7525
7107
7180
7328
7269
7241
7443
7765
7443
7362
7226
7564
7107
7580
7408
7411
7394
7427
7549
7269
7251
7346
7518
7363
7138
7438
7321
7394
7679
7235
7304
7427
7335
7679
7404
7307
7235
7247
7523
7359
7259
7469
7339
7411
7348
7533
7343
7378
7319
7415
7259
7387
7734
7341
7351
7484
7422
7694
7476
7235
7259
7259
7321
7360
7504
7233
7352
7844
7844
7226
7725
7475
7411
7351
7690
7422
7461
7753
7504
7564
7488
7330
7421
7404
7415
7380
7690
7507
7523
7455
7629
7362
7346
7564
7411
8000
7393
7413
7533
7458
7589
7844
7322
7491
7307
7387
7542
7476
7543
7519
7348
7235
7564
7339
7362
7817
7748
7421
7343
7247
7235
7259
7475
7351
7438
7461
7551
7858
7734
7360
7454
7247
7387
7533
7414
7348
7304
7411
7484
7394
7598
7408
7549
7475
7540
7741
7585
7411
7900
7518
7753
7598
7422
7484
7966
7491
7235
7516
7488
7235
7507
7458
7233
7233
7966
7559
7380
7421
7683
7804
7380
7575
7558
7421
7344
7427
7461
7900
7438
7421
7394
7264
7513
7537
7527
7540
7264
7481
7414
7558
7633
7626
8000
7235
7629
7450
7573
7355
7672
7804
7656
7343
7679
7575
7540
7917
7797
7729
7609
7551
7539
7714
7421
7393
7480
7567
7537
7714
7558
7921
7649
7452
7718
7858
7667
7558
7672
7595
7467
7598
7863
7480
7551
7749
7507
7373
7771
7450
7311
7633
7421
7405
7537
7772
7683
7694
7585
7546
7738
7461
7573
7311
7450
7917
7373
7853
7373
7788
7324
7767
7467
7853
7713
7771
7537
7554
7788
7456
7630
7544
7702
7748
7355
7661
7421
7264
7674
7711
7830
7457
7764
7264
7633
7636
7667
7771
7749
7791
7738
7546
8083
7567
7649
7966
7697
7649
7713
7681
7900
7880
7636
7667
7909
7797
7452
7595
7795
7801
7795
7614
7745
7772
7614
7702
7767
7672
7527
7477
7694
7614
7681
7938
7660
7547
7405
7764
7880
7794
7745
7818
7900
7649
7767
7595
7771
7711
7464
7859
7827
7718
7858
7748
7660
7693
7729
7609
7796
7921
7745
7745
7788
7859
7796
7344
7713
7830
7661
7630
7744
7738
7853
7815
7797
7904
7456
7614
7801
7344
7771
7464
7614
8076
7764
7573
7801
7924
7815
7464
7681
7477
7567
7802
7966
7311
7610
7660
7750
7663
7827
7738
7681
7932
7745
7547
7745
7631
7771
7547
7464
7673
7311
8167
7855
7681
7900
7692
7673
7796
7805
8167
7704
7729
7924
7827
7731
7773
8108
7772
8185
7373
7704
7947
7771
7987
7704
8138
7864
7610
8051
7477
7938
7926
7990
8029
7426
7477
7744
7746
7859
7908
7736
7794
7924
7960
7746
8185
7643
7426
7941
8062
7830
7631
7837
7888
7464
7373
7993
8161
7547
7888
7426
7692
7974
7879
7938
8176
7888
7738
8076
7963
7631
7643
7811
8062
8051
7738
7827
7791
7681
7805
7871
8161
8167
7736
8014
7942
8029
8014
7746
7835
7904
7673
7955
7991
8145
7610
7932
7952
7947
8108
7822
8065
7827
7673
7673
7729
7805
7978
7774
7631
7864
8099
7955
7948
7949
7830
7842
7827
7860
7911
7997
8158
7464
7955
7545
7744
7939
7426
7963
7685
8065
8174
7811
7643
7605
7908
7685
7805
8232
7773
7888
7594
7996
7932
8029
7960
7879
8136
8304
7911
7952
7642
8406
7986
7989
7673
8332
7973
7426
7994
7941
7947
7685
7986
7604
8304
8144
8062
8108
7932
8157
7997
7871
8174
7871
8065
7835
8014
8198
8078
7830
7969
7736
8288
7738
7860
7941
7952
8087
8185
7991
7643
7879
8077
8399
8142
7758
7901
8126
7981
7643
7632
8176
7604
7986
7691
7691
8464
7736
8050
7855
8232
7643
7855
8145
7941
8051
8157
8012
7992
8324
7601
7908
8151
7949
8232
8313
8198
8174
8155
7855
7992
7901
7901
8109
7605
8012
8050
7989
8109
8095
8423
7911
8078
7981
7756
8092
8150
8313
8084
8285
8148
8087
7830
8251
8104
8288
8315
7879
7605
8144
8209
8409
8174
7594
7949
8263
8399
7949
7758
8078
8236
7807
8612
8012
8049
7691
8557
8113
8232
8280
7891
8089
7756
7605
8121
8121
7940
8069
7981
8050
8009
8288
8188
8092
8072
7901
8126
8078
8151
8209
7959
8188
7601
8148
7940
8164
7997
8324
8077
8157
7969
8263
7952
7756
7986
7969
8423
8092
7986
8155
8308
8308
7632
7898
8222
8417
7810
7940
8409
8092
7901
8304
8417
7807
7758
8137
8301
7601
8692
8190
8277
8089
8155
8072
7605
7994
7605
7901
8377
8285
8131
7949
8089
8066
8308
8515
8164
8092
8239
7758
8164
8489
8198
8201
8590
8236
7946
7898
8027
8137
8078
8166
7906
7855
8236
8124
7946
7854
8069
8346
8012
8012
8174
7758
8263
8131
8297
7807
8377
8308
8399
7898
8541
8301
8092
7893
8089
8034
8406
8260
8069
8232
8049
8239
7959
7810
7810
8204
8119
8707
8489
8027
8009
8377
8317
8034
8464
8089
8232
8286
8344
8201
8263
8304
8043
8499
8338
7758
8192
8488
7946
8267
8078
8066
7810
8222
8198
7969
8274
7893
7758
8557
7946
8285
8852
8042
8399
8251
8423
8681
8268
8681
7854
8409
8128
8335
8124
8222
8308
8294
8222
8192
8128
8131
8164
8179
7953
8499
8764
8486
8301
7969
8201
8607
8260
8176
8166
8590
8532
7893
8084
8602
8554
8300
8228
8335
8293
8121
7893
7807
8612
8311
8222
8131
8405
8221
8719
7898
8256
8541
8346
7946
8499
8027
7906
8486
8330
7896
8367
7953
8263
8538
8232
8355
7969
8171
8338
8692
8297
8189
8055
8268
8128
8532
8591
7896
7953
7893
8192
8681
8442
8367
8589
8311
8055
7959
8149
8552
8533
7969
8119
8119
8475
8570
8403
8308
8047
8294
8149
8378
8222
8344
8256
8595
8290
8983
8081
8328
8465
8852
8267
8386
8267
8719
8707
8149
8419
8657
7959
8403
8865
8267
8607
8516
8290
8331
8554
8595
8228
8591
8300
8492
7969
8290
8411
8649
8297
8717
8367
8312
8533
8331
8286
8128
8657
8431
8208
8312
7896
8520
7896
8602
8119
8270
8385
8189
8239
8719
8330
7953
8344
8538
8425
7959
8169
8047
8607
8405
8278
8410
8335
8608
8300
8591
8764
8290
8983
8331
8169
8189
8569
8374
7959
8400
8081
8409
8554
8367
8297
8477
8439
8344
8357
8055
8128
8171
8268
8267
8865
8171
8247
8311
8683
8717
8490
8435
8942
8297
8601
8442
8330
8208
8589
8776
8278
8538
8409
8696
8607
8367
8300
8335
8502
8520
8707
8403
8374
8987
8312
8208
8696
8776
8405
8528
8657
8400
8839
8658
8169
8411
8520
8601
8594
8747
8281
8518
8806
8589
8518
8666
8431
8385
8520
8650
8719
8169
8839
8298
8239
8278
8617
8270
8374
8439
8520
8267
8602
8599
8208
8245
8777
8983
8435
8347
8298
8342
8245
8281
8502
8446
8439
8286
8520
8297
8696
8208
8357
8458
9102
8439
8852
8520
8550
8573
8208
8630
8747
8601
8400
8281
8396
8169
8722
8169
8852
8825
8298
8797
8425
8595
8678
8608
8245
8632
8477
8739
8597
8291
8883
8300
8522
8439
8523
8518
8367
8291
8983
8683
8839
8452
8794
8439
8840
8952
8796
8599
8674
8518
8452
8747
8551
8445
8281
8551
8518
8711
8298
8827
8717
8827
8526
8650
8702
8502
8648
8409
8658
8643
8883
8597
8278
8725
8357
8169
8518
8367
8522
8208
8675
8708
8298
8893
8565
8278
8445
8674
8538
8409
8526
8208
8569
8952
8528
8757
8883
8431
8650
8827
8859
8538
8452
8573
8739
8297
8400
8719
8664
8914
9210
8739
8594
8526
8983
9217
8374
8547
8987
8859
8458
8812
9132
8893
8500
8518
8972
8281
9210
8472
8695
9213
8458
8340
8528
8281
8747
8597
8278
8664
8396
8827
8342
9217
8736
8806
8827
9213
8631
8458
8500
8659
8795
8239
8839
8342
8518
8374
8281
8425
8648
8666
8660
8796
8666
8500
8736
8208
9116
8827
8829
8502
8569
8889
8968
8542
8357
9102
9284
8883
8635
8298
8827
8675
8743
8458
8713
8827
8738
8500
8702
8414
8635
8725
8518
8687
8801
8650
8747
8695
8546
8528
8650
8340
8281
8743
8573
9169
8930
8643
8451
8374
8827
8736
8494
9217
8757
8939
8631
8757
8713
8812
8946
8867
8728
8747
8972
8769
9210
8551
8812
8722
8796
8594
8983
8458
8738
9319
8972
8952
9416
8869
8753
8714
9213
8747
8573
9319
8551
8922
8635
9185
8647
8924
8883
8340
8494
8666
8414
8939
8641
8494
9039
9467
8675
8340
8547
8795
9102
8451
8753
8500
8414
8827
8573
8655
8597
8782
9213
8500
8769
8594
8687
9049
8374
9063
8883
8917
8451
8743
8660
8983
8754
9194
8773
8573
8281
8784
8458
8643
8708
9011
8769
9215
8809
8854
8713
8747
8960
8952
8666
8801
8950
8711
8889
8747
8883
8753
8982
8838
8686
8754
8648
8451
8713
8738
9217
8917
8917
8281
8357
8648
8494
8655
8869
8757
8796
9206
9284
8952
9169
9018
8950
8931
8806
8546
8960
8695
8769
8869
9067
8701
8631
8935
8809
8773
8862
8980
8801
8754
9039
8701
8868
8479
8714
8838
8883
8708
9319
8801
8922
8917
8643
8746
8872
8551
9113
9284
9253
8934
9467
8479
9253
8838
8281
8982
9097
8701
8784
8769
9215
8809
8960
8869
9109
9371
9050
8904
9097
8711
8551
8281
8746
8889
8809
8855
9067
8414
8960
9011
8922
8701
9102
9210
9050
8934
9409
8753
8527
8883
8713
9213
8917
8973
8946
8708
9355
8902
9195
9319
8922
8917
9129
9097
8841
8666
8984
9416
8997
9416
8922
8641
8862
8862
8784
9171
9045
9183
8982
9004
8479
8701
8809
8984
8695
8869
8746
9002
8869
8551
8655
8281
9171
8281
9038
9049
9049
9076
8982
8895
8959
9045
9014
9081
9293
8862
9233
9233
9028
8750
8784
8868
9050
9050
8975
8960
8831
9061
8897
9340
8521
8738
9165
9345
9171
8701
9056
9067
9195
9029
8967
9212
9088
8997
9371
8973
8596
9004
9319
9165
9165
9059
8551
8922
9251
9014
9467
9171
8458
8982
9747
9537
8831
9212
8872
8753
9552
8902
9169
9032
9169
8686
9066
9097
9291
9395
8787
9212
9467
8897
8904
9322
9081
8941
8643
9233
9056
8869
9488
9076
9470
9056
8844
9056
9409
8897
8521
9169
9584
9059
8862
9321
9237
9375
9393
9233
8997
9475
8795
8809
8933
8862
8862
9284
9294
9552
8810
8281
9028
9032
9251
8953
8946
8855
8711
9014
8731
9470
8643
8872
8701
9253
8975
9294
9352
9287
8872
9355
8884
8959
8731
9237
8897
9029
9120
9038
8997
9331
8831
9199
9059
9014
9186
8869
8967
9321
9382
9462
8686
9208
9331
9049
8897
8643
8897
9294
9374
9429
9278
9032
9237
8862
9393
8817
9214
8869
9677
9759
9212
9705
9412
9169
9107
9620
8916
9045
9276
9521
8641
8753
9044
9091
8469
8750
8562
9552
9066
8872
9097
9233
8551
8907
9165
9237
8810
9420
9291
9186
9085
8701
9113
8809
9208
9253
8765
9083
9584
9488
9140
9322
9409
9382
8897
8975
8967
8897
8904
9442
9044
8701
9107
9412
8872
9120
8935
9343
9374
8869
9237
8551
8844
8855
9276
9097
8862
8941
8869
9197
9145
9537
9521
9255
8884
9287
9214
8935
9121
9526
9118
9375
9480
9032
9052
9237
8643
9305
8967
8809
9537
9161
9505
9367
8997
9276
9331
8862
8977
8810
9276
8817
9178
9237
9052
9237
9635
9747
9237
9563
9584
8976
9098
9216
9467
9393
8562
8897
9255
9480
9186
8941
9209
8765
9108
9429
8897
9393
9393
9173
9393
9695
8750
9759
9854
9320
9152
9305
8933
9758
9412
9677
9429
8935
9634
9179
8872
8899
8976
9083
8844
9574
9287
9634
9037
9526
9457
9534
9705
9755
9695
9479
8935
9393
9216
9489
9145
9388
9091
9255
9278
9387
9695
8749
9098
9320
9388
9938
9388
9140
9311
9393
9066
9479
9634
9467
8946
9305
8562
9635
9449
9237
9178
8803
8977
8904
9574
9747
8897
8809
9634
9157
9083
9164
9537
9164
9695
9140
8935
8765
8977
9085
9145
9009
9032
9537
9242
9523
9179
9255
9009
9678
9287
9173
9315
8935
9201
8869
8765
9341
9636
9528
9386
9634
8872
9271
9121
9610
9419
9554
9462
9584
9528
9442
9635
9678
9177
8765
8765
9091
9479
9386
9554
9188
9574
9758
9224
9565
9420
9365
9848
8765
9737
9854
9813
9393
9178
9593
9480
9758
9278
8897
9610
9479
9554
8897
9938
9208
8774
8788
9271
9856
9151
9641
8985
9216
9636
8977
9374
8803
9600
9032
9504
9737
9487
9118
8974
9201
9593
9861
9574
9574
9388
9315
9695
9209
9151
8953
9348
9878
9565
9437
9721
9145
9823
9201
9899
9201
8803
9151
9737
9311
9748
9523
9770
9770
9271
9420
9238
9492
9494
9114
9901
9629
9812
8844
9818
9812
8774
8974
9758
9157
9862
8976
10040
9571
9164
9695
9428
9386
9542
9753
8953
9662
9574
9177
9641
9058
9406
9542
9420
9344
9741
8803
9678
9702
9330
9784
9410
9435
9201
8992
9849
9386
9938
9619
9696
8992
9973
9387
9261
9925
9203
9298
9641
8955
9487
9387
9991
9441
9588
9153
9504
9271
9145
9535
9520
9565
9925
9298
9721
9410
9406
9419
9197
9597
9861
9833
9758
9463
9784
9921
9571
9434
9613
9428
9201
9991
9164
9388
9758
9721
10068
9753
9856
9315
9849
9741
9172
9336
9058
9406
9696
9386
9907
9201
9083
10040
9670
9406
9784
9494
9619
9305
9598
9542
9417
9542
9164
9641
9662
9925
9789
9426
9756
9862
9230
9938
9609
9787
9921
9151
9140
9991
9478
9932
9932
9417
9833
9856
9678
9468
9223
9889
9410
9992
9417
10014
9571
9713
9767
9874
9248
10102
9696
9410
9271
9826
9349
9542
10013
9099
9981
9915
9367
9560
9946
9398
9230
9635
9489
9721
9948
9305
9721
9478
9360
9437
9932
9099
10155
9542
9745
9290
10064
9882
10070
9944
9571
9515
9487
9463
9784
10014
9553
9916
9609
9349
10067
9741
9899
9581
9784
10028
9907
9901
10040
9410
9417
10014
9752
9916
9598
10076
9756
9715
9915
9938
9932
9787
9944
9446
9164
9925
9784
9976
9697
10070
10064
9752
9290
9767
9770
9974
9776
9613
9515
9866
9948
9974
9889
10040
9745
9659
9792
9417
9745
9789
9790
10155
9761
10067
9455
9565
10003
9602
9946
9300
10034
9767
9697
9932
10151
9515
9424
9426
9784
9424
9424
9613
9944
10151
9992
9650
9609
9853
10008
9721
9702
9640
9889
10224
9492
9741
9974
9916
9936
9889
9830
9560
9601
9856
9907
9761
9882
9946
9915
9761
10010
9697
9795
9756
9913
9882
9995
9944
10003
10064
9963
9790
9976
9916
10078
10013
10102
10102
9446
9913
9873
9992
9873
9980
9795
9761
9995
9990
9417
9553
9613
9417
9873
9697
9882
9787
9735
9946
10069
9424
10013
9948
9995
9875
9733
10108
10020
9985
9560
10001
9492
9913
9504
9916
9953
10044
9914
9918
9866
10125
10008
10100
9697
10017
9995
9417
9650
9735
10072
10028
9735
9957
10017
9883
9767
9979
9916
9960
9875
9772
9735
9995
9417
9417
10089
10044
9560
10165
9553
9879
9733
10042
9975
9918
9994
10081
10014
10034
10067
9957
10044
10199
10064
10234
10078
9735
9918
9603
9980
10026
10028
9830
9640
9985
9879
9830
10165
9918
10095
9533
10135
10017
10224
10191
10139
9879
10026
10078
10122
10066
9830
9417
9417
10107
9873
10081
10089
9957
10156
10221
9980
10102
10156
10016
10045
10066
9776
10062
9875
9906
10042
10191
10224
10194
10035
10257
10036
10200
9993
10118
9772
10122
10189
10155
9417
10295
9873
10109
10069
10222
10240
10274
9875
10072
10042
10118
10006
10234
10191
9776
10042
9883
10155
10096
10183
9883
9879
10026
10016
10078
9864
9776
9879
10135
10233
9988
10008
10008
9750
9988
10165
9831
10096
9947
10078
9914
9994
9750
10100
10199
9905
10222
10122
10156
10234
9905
10027
10257
10026
10135
10194
10042
10062
10139
10178
10192
10104
10281
10295
10125
10295
10176
10193
10107
10096
10188
10064
9603
10233
10095
9875
10118
10193
10274
10122
9864
10194
10215
10088
10215
10134
10088
9884
10188
10198
10189
10177
10187
10199
10041
10109
10122
10181
9928
10137
10198
9750
10300
10036
10237
10134
10027
10215
10027
10234
10316
9750
10233
10179
10088
10152
10062
10370
10120
9959
10109
10126
10330
10295
9988
10088
9984
10194
10254
10192
10177
10304
10137
9905
10173
9959
10262
10193
9947
10259
10176
9928
10166
10262
10041
10299
10295
10152
10233
10088
10200
10254
10055
10137
10299
10254
10092
10370
10055
10234
10107
10166
10199
10134
10169
10181
10120
10254
10220
10055
10195
10304
10359
10236
10158
10238
10391
10088
10187
10152
10346
10300
10241
10120
10316
10173
10367
10194
10346
10215
10195
10196
10370
10305
10262
10180
10325
10140
10359
10204
10169
10132
10152
10130
10090
10233
10140
10305
10361
10391
10411
10300
10269
10367
10119
10223
10195
10305
10283
10367
10143
10206
10196
10228
10055
10092
10231
10231
10330
10300
10232
10200
10259
10304
10195
10181
10309
10143
10055
10411
10236
10305
10284
10130
10119
10283
10131
10166
10439
10321
10319
10256
10448
10305
10158
10359
10119
10187
10237
10370
10370
10284
10202
10305
10269
10325
10226
10421
10238
10357
10228
10346
10339
10338
10307
10358
10367
10303
10284
10284
10379
10308
10300
10288
10277
10439
10277
10386
10293
10256
10448
10358
10283
10298
10494
10386
10320
10481
10303
10263
10421
10411
10251
10308
10397
10285
10315
10226
10262
10239
10270
10338
10317
10261
10319
10237
10428
10322
10273
10395
10411
10263
10307
10284
10396
10505
10319
10293
10321
10334
10267
10285
10439
10313
10368
10316
10418
10342
10399
10463
10345
10376
10314
10428
10293
10463
10339
10463
10261
10381
10326
10256
10316
10381
10494
10360
10440
10332
10533
10303
10481
10308
10548
10368
10273
10489
10492
10339
10313
10360
10489
10319
10270
10636
10397
10307
10531
10372
10267
10428
10533
10548
10294
10368
10389
10289
10336
10445
10576
10303
10523
10396
10376
10334
10399
10326
10311
10450
10420
10360
10294
10285
10572
10342
10386
10410
10634
10521
10421
10515
10360
10355
10633
10686
10404
10404
10505
10293
10519
10636
10289
10426
10464
10386
10429
10496
10476
10543
10433
10426
10349
10417
10533
10307
10572
10431
10470
10493
10383
10543
10445
10386
10488
10580
10492
10383
10376
10396
10529
10293
10453
10319
10450
10464
10778
10383
10431
10389
10693
10507
10531
10454
10521
10496
10496
10410
10559
10472
10429
10474
10533
10477
10567
10420
10488
10480
10559
10741
10542
10572
10544
10714
10581
10488
10542
10438
10480
10492
10493
10559
10480
10493
10535
10533
10778
10476
10501
10805
10695
10477
10642
10542
10470
10389
10521
10474
10426
10580
10335
10543
10631
10460
10805
10426
10544
10520
10521
10376
10798
10691
10410
10426
10695
10633
10379
10508
10713
10335
10646
10474
10535
10508
10466
10464
10581
10559
10493
10642
10543
10544
10474
10443
10493
10431
10520
10507
10474
10438
10426
10319
10646
10765
10472
10557
10739
10549
10666
10474
10508
10472
10737
10765
10453
10516
10683
10586
10571
10765
10507
10464
10507
10559
10805
10666
10438
10599
10516
10438
10763
10688
10695
10586
10713
10666
10532
10508
10466
10721
10593
10643
10492
10603
10580
10764
10477
10666
10714
10492
10603
10603
10615
10319
10666
10800
10666
10571
10676
10557
10605
10501
10438
10737
10584
10668
10809
10549
10464
10599
10521
10742
10610
10586
10676
10628
10567
10666
10713
10632
10683
10828
10718
10797
10603
10668
10643
10553
10675
10580
10800
10668
10721
10718
10668
10792
10507
10593
10828
10558
10472
10632
10605
10809
10532
10525
10717
10508
10838
10675
10675
10573
10584
10668
10739
10800
10603
10666
10697
10753
10668
10798
10675
10549
10589
10763
10524
10841
10681
10797
10717
10703
10605
10764
10841
10521
10689
10872
10665
10668
10765
10753
10792
10721
10872
10739
10663
10841
10701
10847
10703
10701
10934
10603
10767
10867
10934
10628
10739
10632
10713
10742
10632
10525
10717
10816
10525
10721
10621
10658
10742
10742
10725
10739
10663
10816
10703
10614
10605
10697
10650
10679
10903
10703
10753
10845
10580
10701
10905
10614
10737
10603
10890
10603
10628
10798
10689
10792
10701
10739
10753
10952
10663
10589
10701
10525
10573
10851
10845
10787
10767
10739
10739
10798
10817
10589
10758
10847
10809
10867
10685
10688
10614
10758
10589
10841
10816
10816
10663
10851
10524
10872
10785
10603
10867
10903
10685
10621
10755
10827
10827
10872
10952
10894
10739
10847
10558
10934
11014
10817
10787
10833
10812
10691
10813
10756
10767
10841
11014
10814
10813
10809
10812
10884
10783
10573
10679
10876
10952
10833
10722
10824
10652
10894
10758
10941
10807
10827
10621
10952
10833
10767
10952
11014
10872
10838
10621
10916
10771
10884
10661
10813
10814
10869
10851
10946
10722
10850
10851
10767
10903
10689
10912
10847
10722
10802
10685
10894
10650
10833
10941
10884
10865
10621
10934
10722
10725
11059
10817
10833
10652
10894
10884
10957
10785
10983
10928
10791
10722
10843
11011
10785
10833
10925
10912
10867
10955
10962
10755
10851
10837
10894
10985
10926
11059
10930
10899
10650
10953
10838
10903
10785
10955
10951
10998
10825
10869
10910
11081
10940
10733
10928
10850
11011
10850
10818
10957
10818
11006
10661
10843
10955
10802
10998
10818
10818
10874
10930
11059
10817
10926
11077
10930
10791
10926
10874
10951
10926
10951
10808
10925
11060
10791
10946
10932
10962
10925
11049
10925
10983
10953
11081
10925
10998
10957
10934
10926
10926
10865
10962
10930
10908
11051
10984
10925
10932
10984
10874
10825
10973
10865
11017
11081
10972
10733
10938
10980
10980
11011
11006
11051
11081
11121
11020
10923
11121
11028
10973
10972
10938
11017
10932
10874
10913
10950
11028
10999
11006
10899
10923
11005
11020
11096
11006
11020
10994
11051
11028
11051
11020
10980
11110
11049
11054
10994
11064
10808
11020
10938
11028
10942
10908
11025
10938
10913
11028
10950
11020
11031
11051
11064
10899
11025
11121
10994
11128
11039
10913
11077
11090
11110
10938
11045
10938
11026
11074
11186
11064
11064
10942
11081
11054
10733
11090
11039
11058
11110
11077
11099
11096
11064
11039
11071
11100
11026
11086
11133
11021
10913
11065
11026
11186
11100
11128
11128
11119
11123
11039
11156
11054
11042
10942
11190
11074
11123
11058
11090
11096
11081
11128
11084
11133
11068
11081
11071
11074
11026
11102
11090
11099
11086
10942
11105
11046
11068
11142
11046
11182
11108
11119
11096
11186
11065
11086
10942
11089
11123
11065
11154
11190
11123
11109
11113
11125
11042
11182
11128
11071
11089
11125
11119
11176
11123
11102
11176
11134
11164
11123
11128
11186
11180
11068
11081
11105
11190
11210
11071
11134
11065
11068
11126
11182
11157
11230
11164
11164
11072
11084
11174
11118
11234
11210
11126
11205
11084
11169
11234
11157
11182
11228
11107
11180
11109
11246
11071
11202
11107
11124
11202
11161
11124
11068
11140
11190
11230
11155
11182
11209
11167
11202
11290
11167
11120
11205
11218
11118
11184
11192
11109
11218
11155
11197
11246
11084
11202
11107
11182
11309
11124
11211
11184
11124
11211
11167
11265
11292
11236
11234
11174
11191
11265
11305
11309
11161
11140
11218
11190
11221
11203
11195
11107
11300
11182
11269
11292
11192
11309
11107
11257
11269
11222
11120
11236
11190
11203
11280
11117
11107
11279
11251
11295
11269
11350
11212
11274
11300
11211
11117
11288
11214
11265
11309
11288
11296
11334
11249
11310
11297
11288
11167
11273
11329
11264
11257
11343
11354
11276
11195
11314
11282
11328
11335
11336
11298
11298
11347
11343
11380
11292
11380
11334
11211
11295
11380
11328
11273
11343
11334
11318
11212
11392
11276
11296
11273
11282
11280
11265
11377
11336
11405
11249
11329
11335
11416
11282
11341
11341
11377
11354
11287
11343
11295
11295
11326
11380
11392
11383
11365
11300
11280
11282
11350
11336
11389
11425
11379
11356
11411
11415
11380
11343
11441
11343
11383
11354
11273
11432
11340
11399
11308
11389
11350
11373
11365
11295
11385
11273
11334
11298
11350
11298
11300
11432
11368
11347
11373
11428
11428
11389
11347
11287
11445
11434
11428
11416
11424
11402
11425
11441
11468
11521
11388
11308
11411
11308
11410
11383
11355
11340
11523
11428
11512
11388
11428
11410
11445
11402
11368
11391
11526
11468
11428
11414
11365
11388
11418
11428
11410
11368
11497
11428
11433
11441
11433
11385
11385
11433
11454
11508
11434
11391
11424
11347
11388
11355
11481
11402
11391
11481
11512
11481
11388
11441
11481
11340
11385
11412
11526
11508
11355
11520
11388
11502
11430
11520
11481
11615
11481
11410
11391
11512
11599
11486
11557
11642
11512
11481
11422
11445
11557
11340
11470
11385
11368
11527
11543
11481
11520
11573
11481
11481
11385
11477
11526
11391
11520
11537
11454
11481
11628
11512
11544
11513
11526
11557
11418
11513
11538
11541
11537
11566
11557
11477
11501
11422
11481
11541
11491
11501
11493
11648
11445
11505
11637
11554
11610
11544
11557
11690
11566
11412
11520
11485
11477
11501
11501
11527
11582
11523
11491
11523
11683
11430
11579
11662
11541
11648
11538
11565
11491
11573
11513
11628
11541
11637
11637
11566
11505
11615
11520
11603
11613
11642
11501
11485
11613
11604
11604
11491
11430
11526
11544
11491
11664
11538
11430
11690
11573
11579
11552
11771
11628
11632
11566
11485
11477
11569
11690
11541
11505
11614
11538
11430
11662
11650
11430
11610
11614
11613
11582
11477
11552
11485
11760
11632
11491
11666
11615
11660
11604
11569
11491
11569
11505
11690
11614
11698
11777
11430
11662
11931
11604
11477
11477
11491
11582
11505
11759
11728
11667
11613
11614
11485
11599
11777
11676
11526
11491
11662
11622
11650
11760
11666
11622
11688
11688
11613
11622
11613
11690
11477
11662
11760
11805
11637
11711
11689
11690
11624
11691
11660
11698
11697
11666
11648
11722
11614
11650
11763
11931
11679
11777
11697
11686
11660
11666
11660
11620
11688
11719
11703
11691
11660
11882
11635
11771
11836
11620
11879
11716
11728
11552
11698
11676
11728
11690
11679
11650
11679
11624
11765
11885
11784
11667
11760
11732
11662
11676
11768
11699
11660
11760
11697
11696
11697
11790
11811
11686
11696
11819
11679
11749
11711
11770
11836
11770
11738
11660
11711
11699
11738
11624
11635
11696
11660
11863
11868
11620
11686
11789
11866
11882
11696
11697
11805
11784
11635
11811
11777
11732
11690
11696
11607
11882
11781
11738
11660
11819
11777
11772
11896
11858
11885
11937
11879
11793
11749
11937
11660
11964
11903
11903
11607
11624
11784
11858
11763
11765
11877
11808
11815
12007
11879
11734
11686
11931
11773
11868
11789
11772
11773
11620
11738
11624
11770
11960
11893
11903
11781
11667
11930
11965
11607
11893
11790
11667
11787
11749
11868
11635
11793
11903
11815
11811
11937
11843
11811
11903
11882
11797
11843
11770
12007
11863
11958
11808
11635
11738
11847
11781
11896
11896
11768
12047
11939
11667
11960
11667
11749
11958
11797
11635
11882
11903
11749
11858
11888
11877
11845
11903
11838
11734
11858
11884
11866
11838
11811
11866
11931
11842
11957
11858
11845
11893
11847
11896
11858
12047
11845
11843
11838
11896
12047
11877
11884
11866
11994
11910
11838
11997
12007
11896
11964
11939
12047
11808
11858
11866
11787
11858
11888
11896
11958
12094
11877
11838
11977
11973
11897
12047
11930
11964
11965
11994
11930
11924
11994
11877
12049
11797
11893
11838
12094
11797
11897
12090
11977
11893
11790
11977
11926
11913
11897
11896
11866
11843
12007
12005
11957
12047
11787
11896
11955
12005
11987
12005
11866
11920
11897
11930
11973
11808
11939
11888
11955
11930
11866
11930
11890
11893
11903
11866
11939
11896
11997
11997
11994
11897
12050
11939
12058
11973
12067
11843
12090
11797
12072
12005
11983
11903
12002
11896
11955
12100
11957
12060
12124
12094
11866
11926
11973
11964
12002
12124
12243
11896
11947
12005
11994
12005
11896
11964
12075
11930
12025
12006
11983
11939
11994
12048
12025
11920
12058
12049
11987
12005
12067
12108
12050
12091
12075
11973
11957
11967
12100
12058
12075
11994
11973
12059
12005
11994
12005
12006
12072
12002
12048
12058
12067
12056
12045
12124
12058
12100
12036
12091
11939
12075
12092
12100
12075
12058
12076
12124
12075
12117
12125
12013
12120
11939
12130
12130
12141
12124
12242
12128
12125
12006
11947
12075
12058
12036
12070
12005
12117
12067
12100
12072
12128
12117
12060
12058
12056
12078
12120
12092
12109
12059
12141
12111
12205
12170
12125
12124
12067
12141
12075
12056
12130
11967
12229
12128
12075
12176
12117
12078
12141
12120
12141
12005
12110
12128
12125
11990
12108
12088
12090
12088
12120
12130
12075
12117
12128
12180
12125
12216
12130
12119
12229
12058
12283
12111
12059
12053
12059
12108
12170
12070
12125
12141
12141
12119
12157
12229
12076
12075
12117
12228
12125
12216
12141
12180
12141
12184
12258
12213
12216
12250
12141
12283
12059
12295
12060
12117
12110
12243
12213
12130
12205
12184
12130
12117
12229
12191
12070
11990
12125
12242
12182
12216
12058
12184
12295
12205
12053
12141
12213
12180
12191
12184
12117
12283
12157
12295
12255
12216
12250
12265
12295
12254
12070
12283
12216
12083
12263
12117
12283
12213
12190
12182
12283
12295
12294
12185
12248
12190
12242
12176
12191
12222
12167
12283
12254
12263
12283
12228
12224
12213
12294
12258
12213
12271
12250
12193
12283
12248
12294
12176
12184
12271
12324
12244
12221
12222
12294
12213
12265
12137
12190
12222
12295
12221
12263
12254
12250
12258
12266
12254
12237
12283
12265
12173
12248
12283
12165
12294
12255
12283
12271
12301
12301
12244
12167
12137
12345
12248
12266
12274
12345
12246
12324
12244
12280
12346
12402
12258
12237
12280
12274
12295
12308
12283
12265
12244
12248
12308
12402
12248
12271
12345
12364
12244
12301
12364
12370
12234
12346
12369
12322
12346
12402
12301
12193
12246
12322
12345
12165
12266
12280
12322
12248
12274
12402
12246
12301
12313
12246
12244
12248
12328
12402
12258
12322
12369
12301
12345
12328
12357
12370
12364
12313
12248
12237
12285
12280
12313
12345
12345
12297
12322
12357
12370
12297
12399
12369
12380
12338
12237
12357
12285
12402
12380
12313
12404
12376
12244
12297
12369
12297
12402
12376
12370
12338
12446
12370
12381
12395
12357
12297
12369
12399
12383
12361
12380
12315
12315
12404
12338
12361
12345
12338
12446
12280
12383
12399
12376
12369
12370
12380
12315
12357
12395
12338
12376
12404
12315
12369
12338
12381
12446
12383
12412
12399
12412
12315
12399
12396
12381
12479
12479
12449
12399
12387
12396
12361
12376
12399
12412
12383
12404
12376
12412
12449
12380
12412
12387
12446
12404
12361
12408
12381
12436
12408
12436
12419
12419
12383
12442
12442
12412
12412
12383
12446
12361
12436
12412
12404
12459
12479
12456
12457
12479
12436
12436
12412
12446
12479
12436
12459
12442
12412
12412
12479
12479
12442
12457
12459
12426
12456
12419
12459
12456
12464
12412
12419
12479
12459
12419
12459
12459
12464
12436
12464
12419
12467
12456
12475
12467
12467
12475
12456
12475
12467
12475
12475
12456
12475
12475
12475
12475
12475
239
487
515
4324
4258
4131
4321
4218
4218
4056
4056
4298
4200
4131
3987
3987
4200
