8166
11429
9757
5543
4470
314
875
11236
1696
6822
1593
2288
1349
1870
3878
5255
10997
3376
1696
10060
8408
305
7322
1671
9804
11039
6428
1004
2289
3034
3001
2235
8142
6876
693
10418
8252
196
6645
9316
8267
1910
875
11523
6922
592
1206
9901
12310
183
7373
7149
7507
11118
12078
3312
3631
4566
8209
9861
10852
6063
11230
9757
9759
12405
2879
8798
6217
1893
591
7271
2407
2916
7006
105
1552
9804
10869
1872
9111
2824
3619
2582
12211
6603
11041
2136
7107
5402
3873
8674
1103
12498
5258
176
7399
1100
10668
83
7035
9778
6842
2623
2271
9567
1225
1885
7364
18
9834
7024
1777
5490
9582
9143
4328
3814
2085
1248
8556
1274
5191
9850
1936
2438
766
9413
11084
11152
6098
11663
1728
7926
1395
7088
9168
8337
9365
8308
11672
1082
1457
2321
151
3094
11323
2181
1680
1346
7014
3676
112
9021
6379
7282
1524
1133
6522
1275
267
4124
8581
8520
8303
6548
701
6882
10025
666
10060
6292
6239
7534
3837
4
7073
6367
6327
2160
3793
5194
11604
523
6848
1345
2171
6087
11715
10516
8562
1004
10873
7884
1289
4222
11049
6415
5131
572
1482
3984
4869
2720
8318
10505
4690
8390
1671
5751
8054
7725
4941
3438
10306
8922
9021
3710
745
6156
9748
6513
3908
9002
1871
2790
7373
7372
3897
2518
3889
4218
8376
3908
8337
3020
72
9889
1263
1393
8512
6663
742
6876
9337
4
1104
10060
1777
4119
5214
7101
8759
7313
8151
8373
1273
151
9302
8578
8695
9131
3036
1976
11547
970
2951
1483
8627
6160
12043
5735
7206
11911
5625
361
4042
32
2053
2267
6647
10209
1624
12006
1125
9891
3
7518
9826
9431
2261
2761
1976
2108
1225
5069
361
9235
7369
8338
7715
9797
12498
10226
12020
9812
1075
1989
9208
3867
2521
582
2020
5783
6749
549
10110
486
5991
2951
1004
8177
8283
11486
9699
10950
10747
885
8435
8635
6185
8070
1497
11702
10317
10681
1755
8512
9641
9160
2632
7692
7452
11162
90
8548
8416
4006
895
10689
8614
11212
12046
10939
5751
1417
8944
2835
6694
3742
360
8673
1482
3572
8370
1774
7965
5946
1104
2038
1225
2526
5214
1351
9819
9947
2351
3398
83
10771
8167
11015
9117
8441
2837
7837
4813
7341
8049
4612
2141
4991
638
3679
34
10232
1872
6757
360
1885
3538
1274
1100
12343
2015
5434
666
11420
868
5829
4581
5337
2057
6835
6448
2960
7518
1383
12496
12470
6937
2874
4119
1730
5057
1474
9564
3429
12465
4956
1626
54
2596
3631
2582
3269
12180
9489
7024
4096
5425
6258
8846
863
3618
2108
1613
3001
2862
11267
480
4247
96
7202
215
10060
3571
570
6902
1377
7667
1755
7313
12497
200
2323
1719
1004
7380
8895
10289
10554
9542
8964
10851
3264
6087
7859
11208
438
1106
5360
8906
8994
2160
4619
2858
3573
12056
6499
2381
12253
2351
9526
1504
7014
8641
5402
9366
1204
312
9823
10337
8996
7541
4888
1462
7433
8372
4032
4332
3234
8429
2083
7863
7317
7528
2191
1907
7530
7186
4044
10709
7484
5877
11513
5077
2649
3690
9603
8435
11113
7160
473
2806
3751
2839
1351
10244
7522
1409
12257
1692
9233
7855
6202
2489
3005
7715
3082
9080
7835
1206
1301
7376
7584
1544
1460
330
2534
7832
4342
8922
7514
2722
8955
1989
2407
11118
8143
8676
531
9088
6183
1577
6625
9526
6473
8209
90
4024
863
522
7174
9491
8092
10895
9398
9935
777
7476
2171
4136
6415
5608
7860
3246
9402
1209
7390
4
8954
1206
8182
3640
7322
57
7276
5608
1151
7994
572
4722
9861
11102
3082
8931
5703
8305
2625
12252
2533
2933
8641
8182
9491
7884
11264
3110
9123
10315
7577
11134
9709
10092
6217
9014
699
1460
1326
2518
8578
2141
9532
4678
7577
7705
4159
7906
8444
9125
10156
2768
11025
6651
5490
7329
701
2804
7413
8703
1728
1450
9122
7514
4
196
1777
8776
8529
5490
8305
2471
233
9086
7588
7261
1591
11167
6785
3574
4067
3373
8933
6661
337
3247
7861
2359
1985
2063
8223
1274
7514
12499
9984
9559
2455
9041
4
2296
1703
1455
475
7948
2677
9752
2381
3690
361
5360
5495
2043
8485
2691
1680
5703
10071
18
8107
9813
1728
8736
7085
3492
2619
9823
4
9712
11084
10771
8092
4042
12457
5194
1469
11543
10498
1605
11178
5425
3020
6526
11530
2563
1125
9886
805
6318
4321
11958
8866
9352
2604
7418
9251
10719
2722
8944
10940
3401
1473
2455
997
6685
8251
6685
38
11468
9130
2681
90
2629
3793
2287
1346
863
10315
10549
2000
8775
4956
9150
1905
9160
1231
7622
3538
6601
10382
1396
498
11352
9873
8746
4853
3612
5373
8996
1774
2359
2820
3518
1691
5511
4207
2223
7211
1703
1606
6935
9920
7004
8526
7778
3201
7638
820
3318
3138
3278
2699
11508
9021
1193
10853
5681
10423
11322
8917
2919
9587
8661
863
1400
7678
8581
1719
7342
5005
10304
3152
7869
330
1556
6486
8373
2207
10737
196
8348
2683
7860
2284
2665
1611
6065
1476
5751
9641
330
6239
7881
8567
86
12498
1377
10052
2228
5214
8938
190
2874
2381
8733
4370
308
7680
569
5942
1167
3020
3433
6663
10067
8955
9643
6775
2223
1476
438
3298
5114
450
10964
5681
7314
10213
7452
9287
6940
8850
1359
7940
8597
5829
3110
122
2835
6638
8994
9569
9291
2072
7231
1473
8230
8463
1250
6231
11728
11486
93
1476
9511
9712
1219
450
8704
1245
314
6661
12044
2662
2288
4376
2681
6239
11162
9897
3127
10330
945
2278
522
9873
7837
1613
8775
8345
6935
8924
9661
819
1001
7123
9652
390
1880
11802
7679
1879
9823
4956
2869
6935
9081
327
9785
10036
8546
8193
2346
8955
8142
5027
4
7073
5375
9804
12497
7778
8701
3158
1078
4116
3866
9491
2919
8577
1363
3138
3038
7859
8166
9148
7979
4227
10025
1739
1973
11106
7795
2223
7629
6638
7
3034
7909
2842
3510
666
9076
12498
4255
6193
506
7276
2637
2531
3474
725
1695
484
1475
8204
2918
1254
3460
12498
7
916
1752
11574
2831
7392
4289
112
868
2223
9041
9797
5025
1345
12186
405
6663
3234
817
1885
8376
7926
7999
10636
1513
6561
6199
11001
9623
9757
7859
8409
9151
3265
5378
113
8520
9385
473
916
8917
4
9366
8305
8230
7710
9131
9752
82
473
9352
8152
5937
8065
3894
2404
967
4402
8143
11170
2908
7380
2524
75
11958
3081
4151
662
8372
2319
2879
7366
1777
2938
11138
1621
1623
6636
6663
2530
9886
6404
7276
4370
6470
11262
1999
2915
90
10712
8092
101
8065
5406
8552
538
4032
7616
1605
1148
1706
1395
1695
1958
6387
7926
7514
2304
6432
522
2964
9330
954
11857
3474
10785
3727
5244
2278
638
8403
10143
1553
2098
8631
10867
11408
2753
11505
9655
3116
217
1495
2694
101
2681
9987
2425
122
9164
9122
7919
2842
5681
10605
6424
7874
3185
1524
2420
11906
1082
863
1623
3113
9641
12391
90
8429
4904
11420
8360
5191
3318
7341
2623
9064
7300
360
4117
7682
9699
11248
10017
615
6775
2824
9891
5425
8308
843
7413
8614
8577
4890
7835
10342
7146
390
6524
745
8485
2727
1905
8252
5402
4116
1513
10773
8833
6468
4349
9352
1012
6972
1476
2727
3941
7715
4218
11565
4432
3061
4001
12497
2917
9190
7477
7778
6087
2196
10325
11083
9534
5415
6760
1388
1137
10657
3793
4662
8537
2355
3529
10650
7591
12499
193
3577
7981
7456
8079
2938
1989
3082
5337
9449
7203
997
12393
6193
438
11131
8781
4159
10621
1297
7324
9285
9076
4115
591
3120
6304
9823
9328
10873
2917
8209
4218
9709
1346
12499
7546
4956
164
1544
7809
2701
1338
12493
75
6661
7329
7313
2563
4218
9041
4775
967
6560
1204
1633
10873
9761
9689
2111
12499
7155
10342
10253
8581
499
1286
6327
8308
4023
4024
8731
10895
1263
2191
1124
3270
4669
8695
70
7314
2321
9251
7123
2167
3414
5034
3389
10136
3286
10066
7030
6719
26
10997
1613
9897
7934
9352
10239
4376
2358
1133
7088
9752
7569
11170
90
7518
6081
3976
5337
1457
2513
8704
11257
7999
9655
11373
7448
9160
8862
8222
8673
8433
7966
4328
3158
1028
1555
9785
1856
3829
2181
2691
11067
6976
6753
1275
2921
193
12493
1516
10995
9966
2489
6744
8862
4662
1892
9402
7073
1363
865
1842
86
2938
9509
1600
2311
7616
176
217
9623
9935
7710
6524
1228
4619
8597
2111
5349
12498
7637
9984
9130
11408
2751
9817
1379
5679
2848
10057
5297
5244
4956
6503
464
1516
10332
5603
7518
9794
9285
1973
1297
1297
11884
2421
6543
10187
8917
4119
2665
6105
535
3061
2949
3072
7931
8928
12245
3539
10919
6513
11691
8584
1443
2573
519
1633
8447
2083
9491
1556
9409
11550
27
1233
6902
9797
11833
217
9709
10063
8609
745
11958
8961
2524
11234
17
8026
5934
875
11089
5194
8205
11010
5194
475
10972
37
9122
159
9864
233
550
7524
4242
9641
1899
1417
9806
9712
1393
5360
11884
9511
10479
209
11417
694
1
4065
1124
3142
7206
8698
90
1148
2909
2524
9976
2475
1312
2662
3857
1137
1858
1637
7546
5006
6583
6259
3122
10169
5490
3984
2664
2423
7341
1885
4956
9312
8162
1273
1100
736
5995
7
4023
9145
8062
2271
1936
8492
7290
11464
4119
4093
1254
1632
8955
8070
4
1842
2508
1026
708
10449
5490
3971
11930
5258
2471
3069
4956
4159
2461
9151
9819
486
7670
531
10332
1106
54
8734
5394
2710
6686
9328
1892
1231
1180
3357
6638
868
5709
1393
11098
957
1555
868
7314
6560
3462
2160
9850
10634
2939
9353
6981
7341
10486
3454
10605
2324
8308
11212
3577
8267
5258
7703
3255
7107
8906
6312
2356
7073
2531
7966
9398
3307
2167
57
7770
5114
9220
3178
9009
3690
3110
819
1326
8996
10441
3707
7500
9834
2662
10289
6497
2687
10880
10748
7772
6556
2228
3168
7946
12432
4055
1202
11685
3938
3264
2988
8092
1973
4
8557
8698
4242
12008
2038
2197
1187
1950
3809
5337
1349
337
1719
438
9366
2471
8548
8702
7123
7776
2083
2321
3128
9689
9658
9918
5938
2048
8370
7085
4055
1752
7778
1590
3645
1457
9785
3984
9671
10080
150
7977
4031
10733
7971
5946
11960
11175
4119
12459
11124
7399
8115
3571
2358
7341
5454
8052
7713
2912
1497
10554
75
10358
5686
90
8366
388
9617
7631
5681
7856
2483
5194
8161
2801
7667
2513
1301
3572
5631
3297
1082
9756
2480
945
1557
1728
3360
4956
4123
666
3742
6379
390
2947
5967
3197
5360
4470
6259
10069
7089
7667
10416
9454
7042
6645
4462
10179
215
9655
9564
9826
9922
2731
1497
6835
2196
8693
987
7871
196
8110
193
6978
1853
8110
87
8870
1774
2596
10819
5005
5338
742
8720
9921
8600
1219
863
2160
3463
11231
6428
3158
6563
1868
2048
183
9709
10065
4566
9122
6404
4409
7376
11212
2252
1752
6788
2973
1
9999
2289
7132
3707
6304
11280
2533
8503
8605
7413
7373
10293
6259
8708
8861
8867
11084
2729
1352
7398
2831
8260
7493
1868
9990
1899
8577
7374
5069
3381
4956
7024
269
11020
324
7055
2727
9352
10948
1728
7569
533
11663
1012
1395
4518
3710
1231
8592
1028
7300
692
5402
11215
607
9759
3843
10997
2083
4119
667
12499
9478
4738
12382
1704
2437
7948
1611
1880
1297
8578
2321
6047
10362
7953
4096
3988
9012
8230
10347
1338
8551
6775
411
4091
11154
7678
8661
2604
5017
1393
10873
5453
12432
3
1157
5511
8703
1958
4956
7835
7616
2801
2600
3246
2141
5585
7
7880
3072
11169
855
3398
3082
9088
6550
3351
9617
3634
12008
6835
9904
4740
7379
7
2649
6582
9785
6560
8774
3201
8348
5751
6663
10093
8477
7010
8676
9381
535
6825
4093
10171
1999
2915
7300
1613
3645
3348
411
5735
3005
7313
2181
4004
1703
3518
674
6183
2108
7010
1109
2677
1417
4031
1032
10994
1385
1552
2355
5052
6415
3062
8641
2420
11216
10277
9804
1880
8755
8202
9449
7586
6624
8563
9043
1589
10772
5282
9709
5938
12467
7577
1691
3512
10525
4031
4045
3318
12478
4442
8724
7577
3805
7322
7456
2945
1496
7758
7030
5402
8132
11175
1600
1167
8054
5917
10979
8863
10930
7758
2344
8422
3089
9389
3651
3540
2820
4137
1656
4976
7282
27
6293
9494
4741
6259
2175
4045
6217
1106
3742
1976
11793
10773
1254
11863
12497
4023
4185
1602
9785
9478
1787
2489
8749
8548
4956
10441
11298
10813
945
2563
3324
2681
6883
1469
8416
3707
2285
11216
4117
6661
3240
3
9461
4991
8731
4566
1968
3055
10317
7588
2223
1899
4175
1242
569
9748
7982
196
8447
2844
2059
8525
3094
4608
9641
11049
7860
11574
7029
3630
159
650
1248
666
12337
1082
9775
3348
9647
6579
5077
5631
10253
9563
8225
5425
7262
8597
9461
8928
1151
8987
12258
4955
3624
9398
90
4419
9480
4888
1297
9819
3113
624
8310
8674
2791
2560
12499
3367
4956
2835
112
7638
1556
3829
3178
8340
3062
3296
1774
3573
10920
7420
2207
7753
3164
3478
11432
11098
2768
8283
6583
1474
2461
1151
1696
9881
9617
10571
176
7329
674
5776
2921
2582
11269
9662
11420
694
9141
8444
400
6842
945
3466
3324
9161
1437
10717
8906
390
8846
3116
979
6972
6530
2681
4119
9489
8223
9395
6835
1275
3381
5164
8906
4053
666
3342
1171
3348
475
2662
7314
5351
10131
1596
8924
6217
11634
2319
3367
4460
5191
7452
3837
5006
70
2945
8769
8926
3690
10449
1623
11232
4193
7994
2103
5258
1543
7366
1577
8229
3011
6065
9886
8748
11197
12021
5258
7686
3127
7484
2038
8182
5934
6415
12219
2531
9660
1623
2072
5511
10171
1480
9834
2043
9982
3984
4
8870
3056
7616
7329
4346
54
3168
2483
6304
8906
9571
10314
956
7123
72
6239
1989
8812
6327
12044
10186
9002
3145
1417
2059
11095
9833
1692
8976
7475
1032
7616
1106
8305
11252
2000
1950
10501
7030
54
3081
4193
3357
337
7373
1524
1606
1480
8833
5967
11769
5005
3511
6694
10137
6565
2731
3923
10484
2873
8577
3
3872
7584
5946
11429
8318
9478
4
9037
4904
2573
8273
8431
11513
101
3605
2400
8229
1590
2103
3591
4055
8856
4227
8686
9285
9757
11549
12498
8283
7005
2197
6752
176
3116
12493
9850
6611
2451
2407
8110
9603
9797
5954
11126
8790
1352
1752
2761
3138
3659
12006
11549
4006
2483
1125
7184
10011
2831
12013
8556
6563
3293
9872
10141
4201
7176
1699
8955
2171
3433
7186
8608
6156
7282
2321
4956
8676
1132
3055
3381
6560
9808
4612
2241
1462
4608
489
11574
3726
27
8108
9190
1553
12498
3751
9921
7220
4849
17
10785
1553
2346
10733
10920
7835
9864
9478
6628
6433
1
2677
4190
10895
9886
8414
2059
8179
4207
475
5673
233
9709
8521
9526
7642
5584
90
10892
8535
857
5917
10594
5006
3110
978
2098
7874
4042
9881
4123
9220
9589
12014
3011
1868
3087
3846
10342
2585
2072
12493
1301
1125
7184
7030
8209
662
10301
7965
1870
3226
10994
12465
4123
3510
1379
10800
450
11690
662
3573
3867
7382
3081
3143
5509
10109
8797
8955
225
1504
1553
4119
506
3710
2252
3163
7123
1275
8092
10824
237
9870
7639
9742
3229
11113
6304
6424
1346
6014
9826
666
3025
11089
8031
3663
7204
12088
11634
5607
3843
6554
4042
10289
3449
11865
1892
8574
8630
8581
8993
10994
9861
10629
2098
8273
2649
10110
431
8562
694
5938
5631
7628
1469
8693
7518
8451
5343
617
2439
12055
2439
1102
4612
1752
7692
11167
2980
2278
1385
8826
6327
4137
3498
9757
1555
9785
11504
2195
7380
11124
7860
9192
1496
1973
38
6230
8062
8634
550
10776
9160
10248
11504
11300
1392
9834
7715
1696
9969
9528
4432
10392
11683
8030
1260
3143
2296
7203
6327
7315
1202
7979
2097
6139
5490
6447
11382
314
7224
9886
2785
5373
10798
10636
2681
6193
1703
7981
7309
1936
8283
2814
5414
12334
7835
7926
10640
2518
2513
2167
7319
5052
1704
6840
628
8440
2687
3011
143
4956
7835
3136
9689
9389
5877
1553
8849
8429
2083
2761
1623
10950
3357
11070
694
3941
10317
11162
12208
10652
1455
3034
11649
4234
3376
9526
1759
9352
4031
1363
7616
7605
11102
5360
10169
1910
1469
5194
12488
6694
8924
11116
9873
8701
2344
1209
7452
3249
4690
10916
11663
450
106
4067
6424
7809
1728
3460
4119
7909
1349
9999
86
2751
4119
4888
3539
9179
7926
8223
6548
10888
11408
7965
3837
196
4678
1853
72
1167
164
1623
8512
4185
12278
2913
11308
5052
11308
27
9819
5381
12499
11550
54
10370
7493
8654
8826
6065
2285
10031
12334
3285
9715
5585
8305
2844
639
7632
7586
6842
5191
9904
1352
196
122
7884
2407
3971
3056
9578
12133
2662
12056
1442
2988
5603
8128
1250
5343
10226
10625
6415
7514
12497
9990
7203
4662
3682
9336
3269
7772
12250
3262
4218
6713
10940
12498
7290
11561
1224
8863
4735
2043
6503
379
10175
6084
11126
1352
4820
7373
6672
6185
9366
4955
3572
358
979
1193
1248
1495
7725
11523
967
6583
8720
8142
2252
2195
7605
6084
37
3247
2683
10221
11280
6239
9329
10069
1656
10252
9122
3381
225
5706
237
10873
3029
10985
468
7
489
4795
3127
3572
4123
3809
666
535
8444
9312
6065
10852
1488
11374
1341
6749
9919
6560
1483
9489
4
1001
3681
10221
10273
9126
11773
12393
9982
11060
8520
25
6636
10317
2136
9932
8224
8283
2582
7570
11152
6825
9728
12457
6415
6344
2707
8563
10078
10293
2542
3690
843
895
6396
10476
1699
12051
11300
3550
8654
486
12257
3793
9389
9021
8520
5608
6614
11045
5402
330
11874
8151
12020
5877
8856
8813
2421
3446
666
6424
1254
7776
8749
90
8115
5194
30
6940
3512
4670
379
648
6327
2629
6462
7705
17
9602
7944
6293
7797
4122
1396
5006
7337
6534
11191
4045
5191
542
3312
4
1739
5658
9526
5776
10815
3036
550
2483
4470
151
10171
6906
368
567
1393
1109
12498
5780
2072
1462
6906
10840
9647
2261
4795
2687
12497
7
12146
5517
1593
8372
10872
3077
10384
9235
1488
945
11252
10500
9987
662
10441
9550
7837
6876
1443
3197
5763
2702
8054
9395
7222
863
11429
7313
10623
3158
4289
1474
9712
2053
8846
9471
1706
8755
3658
6312
6756
159
9409
9330
875
9665
8731
3081
9605
978
196
11113
9823
5214
8043
10066
4119
5709
3094
5938
475
2461
7888
1719
8318
1225
3317
1872
12174
6663
1233
6661
8539
9602
2600
11379
360
10139
4955
2185
1263
7953
1482
1352
6937
8214
591
4888
106
7881
10060
7753
8199
10052
2810
7616
10081
4137
11331
8630
2916
9886
2381
4738
745
8049
7373
2356
1443
7146
267
10892
11083
8556
11312
5258
1026
4813
2662
11227
8928
75
1137
1374
10562
106
7715
5131
10562
7174
5026
6904
11368
1312
7838
9611
29
10798
5917
2790
4795
12110
11232
2637
9785
101
2649
1892
9808
9815
2296
10332
1971
11803
8318
1078
8137
6592
10285
4136
7365
9751
3793
1228
7324
66
12211
10772
2916
1623
6788
3414
11084
10196
1623
1385
397
2928
779
1455
8499
6328
10965
1747
1057
5430
3163
2675
3034
2411
2531
90
8340
10505
10964
7926
3152
6065
1626
1464
9886
7417
3690
1556
7570
9519
1699
9328
1950
22
10517
3110
2321
2358
7206
8512
6328
2271
8703
10873
361
9154
329
10378
10486
12046
2720
8488
12379
8628
533
3178
8367
8227
7765
2945
9988
2705
2063
5191
3868
10965
7125
6470
1544
10441
11616
8708
7870
7202
4527
2461
3573
2421
10873
7176
183
5402
2451
7838
9455
533
6958
12325
6839
10972
302
3809
2423
9356
10224
1395
531
2175
12139
4370
8450
5453
11188
817
3076
6661
10078
3511
873
7475
10068
2288
3081
2185
3341
8849
9709
8042
10109
1591
1524
1787
780
2710
1233
8209
144
11323
484
4123
5625
5194
3025
5611
8234
1363
6454
5381
3360
7004
10853
6981
50
10833
7475
6473
1202
2104
3264
9641
1671
1755
11217
11857
2662
11906
3389
628
7910
3992
9946
3163
9682
8922
11126
1600
7073
3938
789
7638
9076
1246
8544
2751
8861
9130
6518
8759
11308
8475
6647
4042
1557
22
327
8096
122
480
269
1483
1141
2702
1593
9960
1379
2637
9110
3196
1012
2963
3001
1936
9828
4242
10621
1004
2962
7639
12007
8332
10347
805
9489
3793
4123
8373
1457
1193
11154
12165
11104
12498
7374
7586
1466
1680
10860
4038
6625
7021
10689
11208
4792
4357
9146
3449
1593
5681
1907
5686
5780
2917
8783
1555
7
10682
3135
10501
1659
57
2278
4470
8922
8539
11752
9641
1250
11074
1029
1893
6047
3096
11045
575
1180
1861
7514
8233
639
6287
2480
2914
885
10362
7298
2970
3233
9231
11616
9870
1228
10171
8409
9813
3572
523
1593
11169
11269
10904
10063
2830
6592
10801
12259
522
11328
9520
1958
83
8268
11208
8525
3498
6922
1621
8773
2208
1032
11328
3868
5204
10248
3938
1345
12020
5703
7835
2949
1169
4904
12006
6156
11917
9946
11180
7197
330
3348
533
4956
9799
1460
1606
9168
9319
1916
5402
1167
4956
1858
9607
9755
2960
8659
1385
1182
9178
6432
2939
93
11049
3196
843
9984
11884
7778
8340
12494
3518
5775
3908
1082
8443
7514
3867
518
6775
164
4740
4024
10093
2150
9053
1728
1633
3466
1469
5214
10888
7667
7298
1703
8609
2912
6538
8540
90
1971
2844
1727
3976
1246
7994
8701
337
6379
9105
330
8711
4042
801
1777
4227
7758
3388
3471
10283
4886
12326
10063
57
3529
1623
7999
2359
12343
1460
10668
3249
4955
4886
12257
9037
5701
522
72
1605
8414
8525
1774
2731
9215
2208
8205
11977
4
2141
6410
10134
7856
3011
11911
37
11823
9904
2038
8711
10916
3318
8342
1026
9544
2664
11669
169
6239
196
2629
9460
5938
945
8579
1557
2136
1892
4023
776
519
90
11227
2404
4045
2720
11673
11773
9330
9969
9553
7475
10733
8731
6867
6327
101
2518
4100
9785
1553
2964
9786
10635
8274
4669
9601
2806
9035
6014
11323
5625
1871
1187
1460
8151
10689
2879
12488
7880
7940
12457
3857
9251
10067
742
4065
8582
10250
7693
1363
3829
1193
3727
7626
5934
10402
6988
57
1860
390
4293
8955
9550
3275
11124
8641
6202
8889
8416
8562
6538
3381
3725
9011
10948
5244
8043
10486
2321
1787
5225
4
8731
1480
3163
2524
2810
9707
5214
4065
5751
7010
8994
10948
9115
8731
9709
2921
9984
1392
8708
3
1273
10789
2810
6837
9845
1359
1312
10953
3240
3116
8562
3376
7981
489
9984
388
7680
9813
1971
3449
2563
7500
4391
6825
5402
8019
8605
1417
7343
9538
8996
2542
11904
519
5315
8408
3188
5270
1124
5402
8311
2917
1245
1737
4886
8026
4247
1379
8548
86
1228
820
12255
10067
5337
9255
5963
7735
8182
10950
9895
8052
979
10387
3001
8444
1225
10025
9644
7715
10168
5255
2284
3270
3879
11117
575
7588
2235
3285
4119
3034
8397
8462
2681
9232
7999
9190
8731
11215
10355
3178
10063
1691
12182
7605
6217
2694
6647
6098
7350
1621
7642
1260
776
12393
1464
11428
7954
1432
3137
2411
10246
9694
9709
7366
7101
2552
11704
360
3096
144
4330
8444
3637
6448
4376
9141
7021
7029
7417
8556
570
4991
9785
2085
4201
4581
1001
3120
7804
4349
1469
176
3658
2402
8265
7373
12382
3670
4193
11917
8556
9141
6981
11165
3178
96
8345
3510
6728
1866
10070
9366
6876
86
7776
1704
2962
2098
2284
1455
1557
9478
4330
11170
7743
9617
2285
1716
2526
5763
2015
582
2962
11261
9759
101
8862
5877
8714
8193
5607
8676
9611
1151
7350
8783
7342
3137
7197
11842
37
6327
1504
9896
4453
2874
6155
3630
10303
330
8762
5716
1656
12478
1082
8429
6959
6139
10614
8321
7869
3398
1596
727
8686
5504
8224
1075
6263
11128
9797
1880
2323
8552
8923
9748
9641
9656
1260
6903
9806
1747
1026
2191
10532
10972
1475
1246
3690
6940
1109
11663
4598
4379
5343
5258
9091
1263
2167
10175
9603
1971
10013
11194
3264
8789
7101
1873
9178
2358
9002
8726
10169
5047
12223
379
4407
1156
7350
9891
3550
9031
7768
722
2193
1171
1137
486
1543
3143
8627
1755
11834
2425
4119
10734
11917
8573
11217
1475
1755
2524
3635
7102
12204
895
10733
29
949
6717
8696
9197
5751
8429
10749
3025
4992
8332
9808
8376
7329
1233
8582
1989
2321
9533
11308
3089
10283
6856
5337
368
1936
2919
2835
3003
10937
895
1704
533
9990
6287
6014
177
2565
2800
3988
2831
3091
1856
8676
96
8574
5255
1263
1774
2489
1860
4711
9151
3098
3389
7
2939
725
10205
142
4124
9732
10867
11412
8562
4849
5995
2664
10709
11773
3058
10973
2235
659
3640
11313
11682
8031
4264
1385
4096
5434
3658
6014
3446
2563
8903
5878
7132
10849
7562
10994
1263
1623
7139
2181
2271
11141
9665
4117
5343
10222
11151
3681
7351
5188
2381
3710
5258
3414
6663
3178
7686
1231
3352
11222
3690
12499
486
54
2185
101
9617
8942
4207
1659
8676
8577
5890
7314
7195
3075
3619
3312
4117
2185
358
1606
10953
1706
7140
9091
9509
3539
9208
4190
1260
954
1938
1916
909
703
11168
8693
3857
3723
10661
7876
1601
1552
1553
1396
8529
703
2251
9002
2489
3690
4813
6568
11673
7373
8341
2057
2108
96
2844
8676
2489
6327
7544
153
2873
7743
1417
7715
11512
3230
3063
8043
3135
10302
9785
7682
12059
11222
7915
2015
1472
7693
2191
1109
11033
10793
4053
6217
269
8813
6686
3572
11850
9194
3912
1623
6902
2020
9886
3096
522
8659
11104
9378
9161
5270
3317
11218
9918
10201
119
3197
11118
6526
10386
12139
930
2468
8143
9225
8441
3844
12274
10503
12013
7658
9041
4806
2962
7331
9005
9028
8477
1602
2252
9440
5255
10299
3341
6548
6344
8054
1069
8108
2879
7024
3318
12494
2917
1450
1388
5453
6328
776
2632
3376
9757
480
7365
7
9664
582
2790
10224
3920
7854
2346
6620
2914
8049
11020
10035
10335
9157
9611
6156
4258
6981
2945
9126
10367
1916
3571
9390
2753
8968
4549
8451
10880
11020
10081
4715
3615
3348
11411
8224
4749
9563
5258
4991
3471
624
10785
1028
10047
5921
7724
5556
7365
4404
11020
1345
7480
4314
10704
10171
8762
8783
6094
2677
7500
486
4314
11857
736
1132
10226
12494
5402
11872
1968
54
2753
6631
390
5258
8111
8260
4669
4
8126
9091
10423
8588
1633
10789
1632
3645
7806
11682
9785
5402
10186
8725
10202
3814
9699
11549
12255
1998
1464
9564
7699
4527
2324
1246
6217
745
4
475
12358
6193
7412
9449
852
1263
4905
6749
995
12405
1167
12498
10681
8731
3774
5829
9794
5102
1892
10110
3098
7577
852
7372
9080
80
6719
90
779
3539
1704
3878
10330
4091
1892
11352
1442
11082
3676
308
7854
6647
10915
11104
2195
10179
3318
1460
1504
1363
3061
3843
8162
2988
6233
8755
480
8265
2801
2563
1012
2048
9076
7906
10381
575
9569
9456
7835
6428
3279
450
7350
12499
8512
1248
9204
12499
3635
10450
7678
7804
2267
305
3069
3943
3137
9091
1593
2289
9752
5829
10950
2801
3670
2451
3894
8447
9785
7232
3574
7456
1899
7804
7412
7100
9563
9785
11547
6645
3624
1352
1137
7994
3829
1600
8070
1696
10743
3975
1028
11280
8043
6757
8079
4067
12499
7637
9571
11784
2909
10471
4012
3964
2534
1606
3367
3908
12499
6327
2909
2707
101
12432
3055
499
11749
11138
3971
5006
11692
3868
4122
2223
8924
8798
2729
2751
805
8572
2404
7546
638
1450
11937
1543
624
7146
7778
7999
4227
8671
11513
8968
2421
6700
7101
11083
1021
8537
5190
1513
7313
8856
7059
11627
54
6713
10378
863
9429
9827
11230
10220
5052
10168
4
967
6663
1611
9328
2915
533
11343
3278
978
3218
3076
8121
4869
1626
2699
3682
484
1167
8998
8450
11082
10151
2588
8584
11270
3138
7876
2057
3725
11234
9589
4071
314
10250
7203
5194
1593
7758
3013
217
9778
7256
9976
8903
196
2960
8017
1349
1659
11317
7605
8998
1985
1388
12120
7518
10634
7919
8281
5461
967
518
8303
9990
1132
4096
7404
9073
5951
4222
1275
7726
12497
525
8348
1869
10230
1858
9123
2623
2960
1385
6424
11406
361
5402
10801
4935
10920
3938
3478
10047
1707
1388
10378
3814
9709
5413
10948
10789
8661
9920
1100
4470
4432
12327
9109
3894
4955
196
8360
54
8370
9456
3446
2705
12496
780
2438
9850
4370
6387
11164
703
1858
9160
1250
4032
8067
3630
1829
10382
7420
4954
9960
8823
5829
674
8529
4358
6663
892
7602
5340
200
7176
3152
2939
10948
3351
789
2421
8049
225
3809
9151
1297
7005
8600
9107
1455
1151
1275
3471
2462
1432
10872
196
1958
7174
12278
7715
7132
9490
1544
7605
7531
9602
8711
465
7906
11138
3312
8062
3512
30
2185
1739
6524
3110
9920
3098
12459
8701
10989
330
6174
7586
6139
1488
1787
7182
9827
5658
11151
1231
2667
6848
9918
10104
4122
4484
2848
9037
1109
8223
2722
1691
6191
8318
5046
2489
3512
233
8682
1476
3001
3098
1880
538
2873
9647
5775
2402
3897
10137
25
10171
1504
113
3185
3318
10169
10316
8903
4615
4598
3128
3725
1124
9130
2629
8521
1696
1260
1396
11834
2530
9813
10008
7638
4146
868
6259
1656
3943
3136
1114
10501
3529
11279
4740
6014
9897
4175
8807
1696
5214
1133
1187
6327
7276
3036
12418
8826
9752
4045
3567
10488
2235
12156
9255
5511
17
11964
954
8731
11663
9690
1109
7577
1925
3511
11000
6913
2098
2098
6065
1879
1727
3878
12496
8182
2521
1396
10161
5402
2336
5005
11104
4391
9889
7452
8849
1206
1936
10304
5077
10332
3013
10293
1231
101
1104
2323
2804
4
3690
3262
1557
8525
405
3185
820
1480
4407
2569
4146
4119
6590
10873
9894
1524
3421
11000
7373
1480
4293
2731
2351
9827
9785
9891
9330
9834
4886
1483
5194
4905
3055
11257
2533
8548
287
8429
6424
11124
638
4071
11691
2753
6561
4293
7322
945
3278
164
11077
4863
2667
10416
2278
8647
4662
7435
3984
9712
603
11231
3091
10466
4096
11778
2228
1383
12310
1385
93
2251
3742
817
1692
11321
2835
7795
1613
5556
9218
3433
12408
12459
9934
1869
4598
1504
9899
8521
10916
1727
9861
1842
7184
8953
32
11152
7184
1632
475
10233
12382
54
7418
2480
6563
390
2421
11769
3297
54
305
8471
7224
6935
5146
200
1577
2993
1680
8955
405
8499
10973
8661
9359
2623
4175
1624
1873
2038
12116
9673
5146
5829
2801
3671
1246
9582
9665
10930
2801
10854
2801
6217
3
6814
10253
5017
10714
11549
12418
7055
4955
9490
10881
5735
11031
4175
4435
2350
11512
11505
4775
11111
3658
10819
8440
4955
10315
7213
101
1892
954
4956
7881
7622
2471
11071
3498
7500
54
6063
5611
10733
10295
11256
1206
11257
6318
3466
5006
10330
3475
7881
8749
7837
10130
2835
5917
8472
10186
8341
9873
742
5340
2438
2563
2511
1606
3233
8578
4110
7678
7412
2175
2304
6654
6884
9751
10378
177
3810
8233
7261
3373
3624
3460
3127
10916
11563
6876
3069
3539
692
5037
9999
8676
5301
885
10851
4956
2691
9694
8823
5990
9255
9285
2043
3262
2097
1225
9530
1363
7127
5048
8214
7642
7500
11157
8512
8059
2691
9240
3270
3207
12110
3098
2727
10324
72
2893
10640
662
9226
3201
324
1727
1602
10812
1871
196
8748
1488
8254
7858
6327
3663
3561
522
10381
8349
6694
967
1482
10888
4093
4055
1727
2438
8964
8856
2917
2874
1180
1577
3029
9716
1167
1124
9529
995
7518
6404
7581
5214
5034
9538
6857
11628
563
12418
5780
10812
119
1151
1417
3645
10860
1417
7261
7859
8512
1473
2683
10569
9402
1102
8993
6063
6155
932
2028
1591
3318
10080
11630
666
5681
12436
5594
1602
2344
468
8922
3241
8846
1858
6937
11574
5258
215
2893
10530
2451
1206
6647
7523
4042
2359
3301
2913
10957
12002
3579
1078
2098
4797
4806
482
1880
10382
11194
6780
3550
12499
885
151
9904
6231
11534
122
9815
10099
2912
10505
1012
6367
8996
225
2319
8558
1985
12499
6229
2988
8166
7
8477
3286
3763
10342
1971
8574
5995
9386
7724
122
3232
4571
6293
9081
12177
2058
2857
7906
1496
6713
6217
10355
3574
11208
6239
3285
4193
1263
7018
945
1589
7831
9356
4871
6844
3307
2402
2879
9226
8682
10069
9526
1457
2050
10030
3301
12274
10299
2455
72
4215
12300
7963
8110
3138
8252
4955
6638
3538
9966
10279
6590
7399
10597
7569
12497
7944
648
9265
9887
3324
9221
5402
3923
9785
3597
4242
9251
5069
1351
666
11095
6128
1752
9886
666
8441
11041
3879
6760
2359
3489
8348
9845
1759
3099
8403
8546
2563
12337
38
10368
9352
8695
5842
11728
8132
1228
2520
8630
7148
8955
9064
5612
5360
2960
1829
2336
176
3572
4376
9221
3164
2103
9337
9230
3241
11308
2420
7390
7067
10634
10888
2560
1157
1245
3433
9414
9655
1103
615
2103
9756
7262
5658
648
8110
329
11077
4540
8823
2912
10156
987
8265
8790
9607
2455
4110
7211
3414
930
961
80
6447
12393
2423
2057
3873
5890
1552
4863
8686
7030
10994
4123
10103
193
11292
2175
9550
6499
10595
3478
722
486
3760
8528
9064
6345
6374
324
2531
383
1351
3075
2581
805
863
7699
4124
2694
2657
6614
3679
855
9494
10681
7101
5052
5214
8548
4335
3550
8300
2945
7448
7282
2810
10853
6614
4846
9246
9538
8825
28
2895
7570
10429
8472
3246
8582
10888
4383
1442
8903
9946
269
1104
8512
8026
2681
106
8528
4146
4904
8447
6913
4193
7686
3113
2136
7182
10075
5194
2753
9575
11834
453
3631
8548
9378
2373
8862
1611
11847
4956
4136
7691
8366
8431
8432
10458
8310
3597
7224
1032
4071
10916
9519
7977
8548
8087
3056
1092
11153
3082
8197
12326
9591
6413
5991
10343
1574
8488
9110
11208
1696
10634
9652
1504
4581
10341
9491
4
2103
4247
8268
12432
3829
11232
5303
745
1699
7379
6534
308
4414
2038
8856
8151
10030
1601
8137
1774
3873
11674
1182
390
1985
487
8731
979
3785
3511
3774
12497
607
5303
2468
358
2085
2083
9589
3640
8954
11307
12078
8463
1621
9139
1777
12055
12006
3454
2098
11225
10060
6800
8676
1968
9117
3269
2167
9886
9404
8197
7584
6047
3466
5191
1250
6213
1274
183
10023
522
8447
3529
7514
10353
10063
411
7584
9426
11857
7518
10081
4886
5991
9854
9083
8781
5402
10663
8485
10315
10221
8512
10657
10965
6368
6415
9707
3793
4398
8408
11132
1557
7322
10068
1936
4541
535
9786
4853
1747
9053
8574
5244
4404
1879
12304
2699
4119
9778
1728
9823
7418
4055
2043
7686
7582
1393
314
817
4746
9741
3077
8528
7314
5279
8367
10492
12497
8774
10895
730
10181
8366
10384
2439
11626
2150
3099
2136
10075
9996
10801
8128
8451
9568
8533
2720
4124
93
9609
12432
5301
12078
7224
4349
5937
181
3466
3941
8849
3195
1363
5434
3725
324
12186
4886
2765
1866
9240
2181
7308
9611
7860
659
11128
3388
9545
9398
6217
2000
2874
5227
2879
1385
3774
6479
2873
6328
4507
8608
11313
9602
153
10342
10916
666
8964
7053
1611
2941
1209
2285
4860
54
9408
572
4956
11117
4725
8345
193
7332
9819
5917
6193
4766
10490
7055
8408
1504
9489
96
4554
4414
2702
90
7990
9815
11686
745
11516
4956
4148
12289
11128
7
6560
7484
11789
6636
1938
2573
9029
7476
8535
8529
5037
11324
9582
12006
3342
7937
2195
7710
4846
70
5594
10972
9344
6966
624
10201
1284
1196
2831
3234
11928
239
1557
3297
3381
2699
10295
567
11927
9887
607
72
3414
7282
662
9012
2993
8135
8512
8030
10293
10689
113
468
8539
4749
4010
9141
1557
694
9160
165
2241
4598
3270
3538
6940
6568
6940
1892
9540
3142
11672
3463
3879
10047
10135
2207
1383
8202
820
1193
9546
7004
3975
7577
10869
1864
9602
2915
8357
76
3659
4376
1275
9175
2423
1882
9705
6424
7068
361
1028
11384
550
5716
8054
8828
1141
863
1114
2381
7456
801
1397
8151
9190
6785
5487
11198
93
128
4064
8731
196
10681
2321
50
305
7717
8573
5414
6867
1187
176
2269
5191
868
1552
10495
5037
37
9081
3512
3055
1297
9021
9785
90
8434
8725
7507
3269
6428
1632
8485
3249
3538
5349
1719
1224
10342
2844
390
591
7518
9972
10168
776
8579
1885
7123
11772
8731
8463
9285
8548
151
4289
591
9511
3551
10965
6856
8409
397
885
11512
2425
10492
6550
3988
12459
3471
8327
8539
10650
6013
1868
8993
6306
11000
961
8552
11784
1432
7794
7546
8866
4386
8107
3843
10060
7797
10171
7329
3
575
5224
7290
10853
9880
3324
4024
1242
10340
5167
8703
1106
7322
1730
1102
10614
2687
9399
9644
1472
266
777
7584
7715
2569
2058
4330
10057
3270
7639
9390
5490
7819
9886
5194
7224
6415
868
105
5224
4207
82
10733
10646
9550
2355
3441
12497
3855
7982
1469
3953
1552
7628
76
1892
3845
8783
8774
11630
4217
6233
6560
3130
3025
101
8421
8050
11708
8451
11322
1488
8886
2964
9850
5829
9126
6828
8092
3529
8429
2824
1206
2344
1719
5244
82
11162
10813
6906
10080
8440
9178
9148
1752
3379
2355
820
10684
780
8209
9982
11673
3163
7224
11084
2271
329
1385
954
96
4
6360
1326
10314
506
1691
2674
5191
8026
885
6661
2359
388
2947
12418
5917
10382
2913
1457
7778
2277
10944
5194
9460
8581
3264
3578
1075
2945
10525
7661
1552
8540
2705
3285
6087
6757
8654
9440
3810
10221
8273
4749
3630
9226
9287
8429
5556
5706
11610
2437
8432
10939
9808
9139
8142
11126
5025
4404
11933
8353
8724
4100
9759
3754
8128
12324
7717
10418
2701
1379
10143
987
8403
8390
9255
9824
7484
7679
9283
8629
8017
7146
10812
5378
3511
9990
2311
11911
9989
2296
8311
2726
8850
5829
3573
12257
11128
12408
3670
5343
7937
4383
4813
1610
7856
7480
4460
8630
855
2731
7224
10189
8579
1973
9850
1999
2667
5693
5454
9245
1123
7690
4067
3829
5165
5402
4956
2625
54
3466
2038
2701
5194
5190
3690
5322
9031
3985
3492
10992
7982
9711
8994
2228
3938
3578
7653
5194
3229
7380
1417
8736
2874
6922
8546
2358
9611
9984
12467
9573
390
8313
3651
9206
1069
11180
227
4
3297
1605
7014
979
8260
11060
6661
405
2960
8828
6513
2284
10843
5537
1976
11408
9395
12350
4255
2675
8475
1078
11613
1623
8392
10066
10302
2939
3912
10283
2193
7053
674
9210
3637
7004
10275
2191
4888
7632
7926
3143
2323
153
9808
54
1853
10196
1004
3020
9507
11574
5780
12363
11400
7686
453
9453
4935
10330
11977
9145
12421
6976
10946
7856
9294
5915
3682
2795
4067
1182
11549
1623
4146
1752
12186
1100
8409
3414
2053
10204
10854
8367
1450
8142
9775
8176
11612
2346
6248
10206
1455
358
4612
5034
10908
12258
8422
8403
11920
10801
2185
6839
8521
11384
6828
4012
3670
9526
10195
11371
1611
7744
1727
5116
8225
857
498
8906
2560
4313
1209
9064
3128
7654
666
12272
8254
3082
6429
1480
11931
3707
7615
2939
9128
699
9655
8300
10067
1180
3351
5052
1747
1464
8584
8512
12497
9712
237
1516
2960
533
3471
1728
3462
3398
4142
4435
10498
3837
12045
10000
3317
5608
885
8451
6503
8762
4218
2319
128
10873
1871
7880
8548
11243
7953
3529
3975
411
9728
9031
11319
9352
10428
3665
8731
9823
4218
8849
1755
1078
2970
8588
330
10773
475
6503
4935
10295
4409
10916
11628
11098
3943
7944
4427
9449
7764
9031
358
6686
2289
2171
5402
10691
3539
1543
4956
12497
2344
6938
3342
10789
1755
8725
7380
3726
5258
1621
8252
3774
8720
3312
1907
2941
2462
3446
1346
2565
3810
8922
3011
9897
2573
1590
7514
8310
10224
2858
8548
9491
2000
9520
9709
2288
1973
569
6624
5343
11018
9404
5680
1829
4666
9393
8399
801
3462
4042
2193
1680
9884
1102
2806
8181
7514
7404
3061
9716
8311
2287
1476
5224
8686
1466
7351
734
12088
4336
7211
10186
8366
5681
3145
10646
1028
9462
3168
12278
3179
899
7626
5131
26
3889
1443
3120
3612
6938
3619
2111
1596
2350
7856
7166
2835
10144
8000
10783
2420
1589
9845
11322
7764
549
2197
30
5055
7514
6524
12334
9490
7999
2918
4790
1755
10092
9008
2916
176
122
7591
11408
12223
3432
5647
5402
2359
2323
411
5141
8142
9538
2960
528
1574
8209
8451
8584
1106
2223
11505
8659
7005
3195
3855
1482
2731
9709
2560
12177
5337
3615
5787
9146
1552
1224
10594
8676
4119
1719
8449
3249
7346
465
1696
9712
4907
11176
1632
10131
617
3262
11067
5990
4955
5681
7960
1092
8337
7059
7337
10125
863
6922
11992
1167
9878
4032
2251
4117
1075
6751
3573
9111
9464
5567
10078
217
10355
9808
2835
2569
6839
3640
9489
4123
1577
4602
4116
11728
7831
9694
9328
5258
4124
8435
5556
3990
5303
5194
10417
5258
10479
10017
3010
4527
96
8599
819
7577
12343
11151
6442
11307
4336
1225
1938
2104
9366
3414
1727
9478
7876
1450
4217
397
7743
5490
1659
5194
5453
2402
1206
1346
11904
3096
6757
7480
9091
2526
11049
701
5681
7591
76
7678
10019
10904
2489
11669
2790
1856
4860
9564
9231
3690
12359
8342
11102
3275
8996
10323
8708
7442
1202
25
3690
9131
10621
9894
648
32
5402
11175
86
7470
1976
5191
4215
1204
54
5244
5603
9856
7711
10030
7616
2980
7456
4725
7314
57
1633
6884
6139
4122
10455
4379
5194
12371
1747
6105
4264
6661
9044
5681
3357
7661
9348
6825
1858
11863
4424
7341
54
8641
2729
7869
6387
3663
8448
8252
4749
12465
9081
2277
12470
7049
3478
9381
8693
8812
9812
3188
4264
3433
9565
38
400
875
549
2108
2646
7550
10867
8539
1297
361
10347
7954
615
8731
10776
1312
12170
8917
4370
8176
2542
885
5343
4554
6706
11308
11352
1263
3938
2072
9494
10369
8676
6638
164
2251
3196
1102
11125
3249
7640
6524
9337
12110
5037
2993
6922
10479
2085
8184
875
8539
7931
1626
3964
9934
11410
2675
3561
12014
8349
3348
10323
7088
7639
4001
6217
10246
7678
12020
8347
11010
8065
10873
1103
3572
12013
3540
3529
6661
5270
3630
8903
8443
4349
7298
305
649
4
12391
1114
7089
11612
4662
2717
7717
3241
6217
3577
6638
9440
2667
3529
2895
3597
5037
5990
3809
12079
3710
7540
2289
1075
6661
7155
10892
6548
2336
4096
8071
4
2667
10973
10648
10314
10972
6935
12422
9798
1104
8424
8275
4483
5214
1680
2662
3676
3219
3230
639
3219
1774
3878
9794
3631
10137
8033
7797
8520
8477
6825
9656
7206
5783
9247
12079
7528
12301
10205
1610
9757
3866
2842
12114
5194
32
2619
6922
6745
8826
12110
4123
8708
4336
4432
12359
468
8399
4119
9617
3578
2241
1248
10397
9891
66
6958
3034
9021
2020
12290
8311
6094
2702
379
3317
10382
9919
5995
506
5048
11116
10337
6663
3062
9569
3138
1100
582
2879
3805
9765
9283
9886
1611
10650
9037
7565
10092
1553
1346
6981
7224
8105
6676
8252
7382
7309
11340
9190
2437
6222
9850
4332
3723
10505
5196
7206
4885
1727
2531
2945
1985
563
4096
3746
555
1004
3279
2355
1100
12496
10342
3381
11184
7982
2269
4637
9285
3540
5853
7863
1623
2879
4260
1167
10621
4116
2511
1352
7393
7616
10525
3763
2908
1777
3751
6065
5227
2913
2359
361
1989
37
4004
12499
8790
9151
649
10557
7322
3492
54
2839
4735
855
10853
12170
11162
8619
6561
12254
72
3637
3262
5963
7863
6063
1727
3189
1359
6906
101
7629
2028
4250
10573
1187
2681
5191
3241
1727
10625
699
8449
1829
1248
1624
1125
9896
4955
5861
12252
4734
11728
2951
9937
5360
5052
8193
2136
9337
8906
1557
6424
3857
7067
12223
4260
1601
1602
11802
482
8181
10492
9886
9587
9009
1637
10137
3398
6822
11927
1100
10071
11118
1860
10342
8054
3894
169
10110
8697
7132
3234
7642
4666
7
324
10853
269
8599
2945
3120
11164
9498
10186
8673
9368
8813
11354
1860
11276
5378
11010
3029
12043
9766
4234
12415
572
7764
7678
11884
2437
3353
1312
10946
572
8635
9028
5511
12011
7497
5194
10584
2928
15
9845
3432
6518
1999
7751
2727
6327
361
3360
6418
1871
6486
11320
1727
2392
11343
4957
3025
12497
1341
9489
518
8539
1475
90
4838
7991
5037
3454
3348
7068
9002
4358
1297
10815
2508
11486
5425
5381
1263
2765
7187
7047
1273
6217
7632
2043
7524
2964
8600
5453
7014
5039
1905
2020
3651
5495
3243
5394
892
863
10073
9728
3296
4
4065
330
8572
3475
2288
875
1885
8573
11252
3351
11031
8447
11441
6663
8562
8256
10428
324
528
9575
11695
3089
11010
1224
4358
11964
12497
4955
11418
4325
2321
9965
8748
9126
3120
8591
7010
932
12175
1632
9873
5258
6617
4746
1206
8846
1899
2400
2729
1450
3376
10852
11184
4462
8516
9088
3449
5196
8214
1069
10413
2828
4309
3460
4555
2862
7184
11308
3279
8230
1692
6217
638
2873
2356
9141
9141
2407
3414
8711
523
8906
7670
183
12436
9265
9982
5925
10964
5343
7822
2999
1460
11958
8749
4581
1193
12129
10314
4055
1730
1393
1286
8596
12104
5504
6479
8431
8529
12430
5829
1829
11368
9393
506
2938
3682
1727
8256
489
12480
1209
1346
12230
5006
3077
11097
1301
12021
2150
1400
863
9797
662
2738
10946
3845
7971
8520
10325
10093
1899
2063
7470
2346
2844
1938
4336
8403
11886
10216
3635
4227
6592
2196
6837
3941
10930
6651
5202
8144
1397
9568
305
4955
8209
8634
11027
1699
4234
2191
9532
1488
8906
11203
4619
3510
2664
8792
9161
12157
2344
3843
2563
4885
694
7261
8026
9647
6539
6259
11169
12174
9005
3618
3690
1443
11543
5262
1124
8049
3224
8372
1885
5681
10994
1228
11216
742
8659
2518
1975
10916
3873
128
7626
624
6663
572
6259
11992
11906
1905
8503
9804
2573
5938
7
2471
9428
11287
8177
2751
9709
703
10484
3938
3878
11236
9897
4264
1474
10221
3269
2660
5360
1092
10104
6217
7222
3774
4038
9564
10773
523
7442
3571
9665
10220
11731
1601
7314
10892
12320
10141
3376
12436
7222
11417
5625
3394
979
11992
8414
2285
11623
5070
1950
9031
11151
379
2104
8463
2083
745
7398
1899
3027
4948
116
9591
8769
3540
662
8082
1169
10220
12088
2914
3710
7187
9308
12300
2530
1443
11787
722
2425
8846
93
10146
9896
3912
1716
2513
9287
6813
4581
8847
2842
11464
8424
11541
11352
4093
8980
4
7224
11563
7876
2296
8447
5194
1457
1341
1633
1699
2941
79
9374
4905
4460
8373
10682
2351
4907
11222
10969
7068
10492
11074
8222
10989
1989
11708
2858
3098
3605
4038
5490
10490
5611
9041
1346
4140
4071
5012
10940
10358
8599
8592
8305
10011
9126
6825
2511
3670
885
591
9209
2319
12459
9861
12348
8525
7010
9066
11000
7966
11576
4289
11278
4670
662
11318
1245
5258
1999
9336
12204
1106
1866
2267
5258
4280
819
3855
3421
3725
10301
5716
3158
7823
2581
1349
865
6084
12465
8526
9813
4376
9671
2820
11313
3130
8654
9091
3760
2381
4766
4336
193
1346
1752
7204
80
12382
3373
4053
10383
12137
2083
1553
4006
11718
12095
8781
9523
10411
4907
3076
12497
1392
10783
2747
7713
10741
780
1606
90
3872
3908
1488
10908
8441
3286
582
3117
6828
6523
9969
1274
3615
3318
9643
11265
8082
3269
176
8349
3089
2960
11352
5556
12259
8903
8240
5070
1873
8693
9300
11400
8488
2195
9869
4201
10253
7150
8588
6966
3574
7197
6756
3
7670
1488
9920
7176
2726
6940
7850
8578
11850
3094
11911
1338
7895
2212
4321
4956
1266
3579
7692
3136
9247
662
7211
11033
5655
1396
7980
5625
2196
1032
2873
9733
7726
1092
10134
2483
200
3178
2141
6867
6839
9480
6928
1707
12430
9738
8664
7809
12095
2675
1727
93
411
8983
9274
10315
800
6239
9009
9914
3388
3690
10186
2524
6233
10081
8879
10815
9904
1829
8792
5337
1842
6638
8567
10683
4309
8998
5951
12493
9326
3110
11218
7101
12257
2582
6832
7837
9245
4886
4849
9105
3665
9969
8516
9895
6676
2589
9073
9709
11728
7014
10156
12393
90
2945
4755
12391
5511
1774
4053
7222
5775
10402
10798
9920
8994
1106
3814
5543
575
6922
2475
2921
10330
9969
9869
8353
3809
3975
9632
3512
1656
4741
54
9872
2938
11352
1326
3270
2908
4669
1557
9904
6686
9235
2857
7184
1861
7804
475
9739
2083
11194
8049
2596
1
4725
2197
3555
3081
153
1637
9110
4119
6794
4045
4611
9984
3900
9491
8727
1556
4670
8321
11833
11715
7442
9674
8176
8980
8724
6404
1245
4330
2722
6066
8698
8151
10202
987
8521
3120
8652
3414
4391
6638
2831
6239
11686
5338
11015
1752
12110
1263
8440
1390
1553
9918
3635
8850
12146
12361
3618
12391
12430
54
8582
7101
11321
11420
10332
11205
2228
5037
1472
12371
9982
2038
196
9694
1516
3793
5360
8054
10010
8551
11574
9305
361
54
1385
302
1524
10995
7714
6711
6913
9819
2795
4470
10065
4442
10663
2912
1853
5402
3
4409
10800
9236
5270
8512
5360
8774
3348
101
12199
2437
1899
4328
11126
3342
2483
8463
10062
1274
3478
5196
8600
10567
7059
607
10253
11223
6590
12146
2271
12150
1589
10337
7514
5402
9891
8031
3909
4398
9712
2083
9578
464
7588
7261
7346
2228
9897
7174
1132
5779
12021
2208
2913
12025
11574
9478
6550
11287
5351
72
32
3941
1396
1069
7313
6919
7560
8337
10969
8205
3082
9804
11222
87
2691
8846
4518
5037
8909
2988
11081
10293
10079
2323
9462
1250
4678
9526
9197
6700
9190
4207
10994
10143
10071
2311
8923
2753
9739
5783
10792
4598
10737
4948
11279
10657
3605
15
390
9389
10737
9690
3663
7588
12432
4227
1737
225
1338
5406
4852
987
9164
6524
9206
11380
8551
7312
9759
2524
2681
2526
1495
7486
9375
2533
6912
8533
6115
9566
38
9886
4446
1225
9985
8711
3751
7589
3912
10785
12415
3152
3512
11116
895
83
6663
7029
2508
3809
4462
7628
10595
6940
6152
6788
1632
9965
4678
8953
8397
12493
1260
7075
2278
10330
10871
8142
4227
1727
153
1469
10840
3814
2945
6105
3682
9856
7139
5047
10867
1706
10450
7101
8026
8311
7329
1524
9743
2988
535
5402
699
9775
7373
12245
9926
2207
961
3278
7638
995
1777
7911
1871
3230
5934
6829
1869
9808
8631
6306
4735
10466
2296
6066
5360
10071
9491
1543
1671
8186
8109
7390
3645
9760
4136
11084
6975
3398
9144
11148
3635
1989
3056
10773
101
3539
11774
9402
101
10697
2988
8444
4909
4462
9014
7262
2518
7806
3710
10871
7678
1610
1472
4956
4006
7672
10052
10030
3185
1469
1284
2404
11537
11802
957
9139
9504
11508
1858
8243
10322
8977
9316
5723
7313
1225
3690
7338
4671
10173
7581
8733
2962
9005
3774
6191
12165
6263
8702
330
8955
9140
12189
11796
2804
12043
9210
4335
10717
6328
5537
196
3478
12436
9542
8883
7735
8273
3136
90
12349
9125
11118
8342
4442
8849
7298
9337
10130
9233
6534
8392
11070
3089
9506
1219
10842
2421
6107
8199
9682
8448
5584
9108
1
2800
12393
8773
718
5343
892
11376
3076
6059
10248
2350
2103
8861
9966
4264
6312
525
10994
7518
11708
8825
10075
10060
11410
8485
2287
12006
2694
4
3878
4325
1543
9311
1556
38
9982
10244
7699
7342
1125
8366
8107
10916
10035
1469
6047
2508
909
3577
9088
7832
8652
9765
5681
10386
11857
5556
11039
1907
945
2560
1637
453
10230
5082
9329
2916
9147
3142
8444
11373
5194
4328
2524
8576
4071
4024
5214
3069
8749
7372
1958
1397
4071
795
10948
8734
9919
9886
11407
11025
705
8033
2028
3619
6561
7413
8546
7926
18
5069
5194
6395
5990
1872
1968
6499
2526
7524
8166
11802
3163
6399
11083
2267
2359
3
9464
10253
1242
6258
11549
3618
12432
8179
10304
11565
9709
11384
3866
3522
1516
11523
4729
4201
6327
122
1297
3072
9819
9041
1605
4116
176
8205
2963
1591
615
8071
2596
10772
2336
8303
4071
6057
12324
11225
1882
12405
2717
3579
3351
12221
7823
8693
12493
12499
4023
9097
8727
2800
8755
6516
12143
12391
7382
1544
2542
12008
6264
1737
6217
4678
8849
8533
9537
3681
11118
4955
2197
9242
50
6193
997
1633
10440
4615
531
178
6620
12465
1516
3502
11610
2801
9302
5673
3894
8477
11184
9360
7221
5258
8065
9988
8528
7666
1228
7581
9202
5921
233
533
3034
11685
5402
2895
2437
5194
9728
6807
603
11683
8849
1488
9334
819
3567
6940
9294
5194
2563
1464
113
8736
2751
8151
10289
6553
734
12498
997
8886
10438
6749
1432
1219
1202
10869
9994
10800
9048
4746
6151
4218
2271
1602
6513
9589
196
2681
9368
2879
12107
5227
11772
4117
5255
12006
12426
8925
1349
10786
1273
3727
4289
11728
7691
11265
4806
3872
3793
10060
6822
8373
11247
3676
1659
1100
2423
771
4053
12146
7874
1141
2844
9850
1873
7125
5925
8926
10246
10169
2351
6327
662
7991
9748
1905
10315
2208
9224
397
3591
1671
6239
10517
930
3868
12457
3540
3348
11893
607
11261
7714
1457
1475
4346
8433
10417
7372
7944
267
1998
1696
11176
1363
10621
6489
1396
7910
1596
1156
2947
8392
8564
12146
1610
3658
1893
6541
8929
7282
2874
1976
2175
10093
9329
12253
1114
3188
6229
2848
1882
8441
10920
4446
1864
8318
10162
9506
6976
11013
12170
8847
1172
7622
5946
8342
7523
9775
666
10640
5611
7206
617
2191
143
9305
2058
3990
6240
9490
2667
10640
7615
4023
2261
9012
10860
176
8223
8512
6213
2423
727
9542
9904
11095
11847
885
2058
8525
10586
9365
8081
498
956
11715
607
7211
2918
12337
582
3751
2694
8734
2425
7772
10594
6404
11860
1971
2228
7300
2753
11906
6183
2269
2058
10720
10623
7486
2048
10022
11927
3027
3878
1082
10139
6661
9285
648
3723
10860
2895
8955
2857
3663
93
4462
32
4955
196
7764
453
7995
7329
4242
7
233
11152
6818
6884
8227
1727
9891
4321
9699
8790
2842
1611
330
11561
6800
3763
5434
10734
9336
6748
6563
1893
4119
3379
3814
8890
2285
4116
9996
2687
11045
1462
6273
3077
2729
9772
9543
10719
4123
12382
949
3168
3971
6538
2970
4358
9154
9113
3670
1476
3462
3262
10657
3351
7331
10661
4462
7916
4055
2582
666
7075
9922
12020
3872
10175
3866
1284
1224
2917
9109
3943
5543
4218
2296
10211
8659
7827
7605
1626
9870
9742
9478
3178
4012
8546
10417
9834
2533
9709
533
4797
2933
9609
5214
868
5877
3676
6486
8567
11768
7534
3189
9262
995
7682
5829
5751
1907
8429
1021
6217
287
11593
4741
6554
1206
6616
8755
11772
8185
892
83
8912
11429
9210
4193
9608
519
5584
3247
7653
9325
7642
4909
9543
967
813
688
11933
8630
1989
3591
12099
1359
9732
2660
3142
8695
874
7972
6978
4549
10304
6087
1606
10428
11576
4349
7859
1680
8936
4222
4637
4907
7324
1864
5214
6728
7838
1602
7768
4321
8240
1696
4583
1196
5191
3218
5723
10905
11231
5055
3219
468
2520
11612
1593
7881
4488
12326
2831
4707
10597
11141
90
6217
4948
10629
10969
12144
6344
8429
8614
1109
11248
7859
2814
3357
3489
6829
7018
1737
9571
4190
3096
12045
11630
1312
7926
8251
885
3324
5763
2619
2228
7637
3941
9204
12021
8557
7308
3312
1385
4890
1543
1286
7322
855
10629
8890
11169
3072
10733
8899
6978
12006
105
10057
11703
5094
3398
4255
6312
2800
8676
11039
11020
4424
9806
4592
9891
9011
181
7990
2585
9471
1417
11803
1496
10888
9695
8516
9990
10171
9647
4584
1861
383
10110
6714
2063
4321
2747
2604
3279
3810
2197
3463
11118
1842
7004
3805
3010
5402
6107
7309
2637
4042
2831
4
12415
1611
12219
6856
1395
1475
4193
8268
8281
6694
10066
5681
6556
8049
2269
8994
3868
1916
1777
10267
1853
9465
2980
5836
2571
9236
10625
8860
11027
10964
7373
3298
2407
1973
9564
7341
12178
570
8964
4357
1242
1739
5340
4358
7894
8964
2795
4034
2235
7894
8774
4540
3645
9638
9542
4820
72
90
1968
3055
4217
7859
7514
3091
6486
6307
9330
6248
1752
1989
1998
11152
9709
8450
8109
4335
7735
1209
2848
2438
4600
9647
1552
8019
8676
4806
10411
7139
6174
1704
6081
5706
10345
164
3573
9982
9990
7186
6454
6152
379
12272
9029
10039
93
6974
3725
3128
978
11138
4255
1153
11874
9937
6749
11505
3665
1704
659
9896
6639
9828
708
662
10854
1589
10358
8281
1975
7262
5695
330
7915
9291
6105
1553
3474
5853
8922
1289
1899
6654
3011
1476
10195
4260
8338
7127
5495
1199
11865
6565
10948
2193
7313
5780
96
2350
9990
9728
82
193
122
11031
5244
122
12371
10389
1602
10951
2960
10429
6751
10314
15
8353
4907
8781
7682
2212
2848
3676
7
2284
5258
4031
8067
4860
4393
1577
2350
57
9352
11977
1377
9534
8676
3971
9689
11067
813
3711
1312
6757
7014
1968
5946
8204
8512
4483
12467
7869
6913
9732
10440
9578
10895
4335
8081
453
8584
12129
9776
713
72
10962
7024
11417
6686
1696
9605
12480
1274
5787
12422
4672
7518
10458
3631
1109
961
3984
1864
1082
725
4404
11428
2662
9660
465
5194
2677
572
1390
5425
5236
3421
11242
10704
7715
9215
9609
5027
6410
12079
7442
11685
3421
2951
4507
2475
2962
12208
9243
997
6497
8938
5360
9283
8223
11807
11539
8144
12272
8372
8676
6978
1868
8906
12418
1346
3130
777
486
10915
1469
9511
3843
7682
1716
4571
8525
7174
3038
4581
10682
10532
1916
795
10168
5490
12007
572
7115
8126
190
10515
7150
7107
7393
8703
5942
6292
3550
9529
1557
5877
8204
8895
10232
6498
9319
8704
3475
1555
1574
9311
1075
190
3247
7850
7743
8938
6264
4755
11208
6156
11234
3471
10332
5005
11342
6856
3423
1233
7373
6448
8256
1737
5780
116
9076
1363
1739
486
3351
11106
4435
1696
193
8349
3224
11429
8746
11071
1936
7528
648
7819
9043
10440
6713
970
2914
9946
9255
2261
5917
8434
8477
2552
1301
9449
5487
4044
875
6498
7350
9641
11834
8870
4828
1390
1632
10110
4886
7282
3637
54
3072
8096
9519
9702
2919
6676
5194
4518
8886
4456
2604
10386
8813
2228
2407
2015
8720
11516
164
196
2223
3471
4503
11421
10722
9066
538
453
1496
10024
209
10285
8033
10024
542
143
3062
8052
9262
1004
9932
10940
5509
885
8054
5301
8557
4886
9819
10057
9826
7984
11420
3130
674
766
3615
2271
3711
8720
6629
113
1397
6672
1624
8151
8434
10325
6086
7765
12478
11486
8619
9143
3785
2862
3255
7470
11834
9478
1377
10471
6582
9808
243
9886
1695
2913
9105
1473
5258
4328
2702
771
943
9123
4264
7
11186
2524
1544
10180
431
11157
7837
1747
9464
4
106
9548
6921
885
843
6617
2288
11154
6240
9664
10589
10871
4136
2455
2828
5415
9826
9128
12174
6156
9041
11084
11929
11411
5729
2278
1351
9378
7328
967
8182
7518
8701
6479
1
3398
4419
3226
967
1739
2223
2344
3232
9873
10302
5047
3723
1338
3135
1480
8698
813
7822
8182
2050
3096
7
11311
1169
4706
7616
5360
6345
6676
6835
7666
1082
6958
8635
12343
1388
8488
3278
5214
8252
11152
70
5921
1727
2141
11278
54
3001
3168
6647
1730
7776
5425
4389
8295
4435
9640
499
106
9658
12258
2063
4541
5214
8790
10226
4483
7616
12107
10389
8790
3348
9946
101
2288
1543
6631
4956
1861
9546
2098
12391
480
1936
1557
1312
591
80
10721
1916
12457
8431
1392
1543
8725
3265
11415
3394
90
11979
1624
6404
7100
10279
3620
6231
3058
4234
9294
9794
3373
3857
2321
8499
7631
873
3243
9891
8087
693
3475
324
11513
3573
8564
2909
9105
7381
3185
8396
1137
4671
9785
1029
9709
4992
1656
1051
12114
8274
9230
30
3414
7861
8373
11383
1396
10501
8577
6935
54
8923
865
3619
6884
1696
10233
2960
6897
6193
2150
3128
2912
9652
5237
8281
5938
10989
1925
8202
7042
1907
1409
6327
5751
3265
9408
7357
5917
932
12422
8372
5034
2753
1266
54
526
8578
6959
1397
3574
9935
7850
5729
6240
6217
3201
776
5509
11702
4100
4389
4
2722
6239
8746
3573
8972
3178
5037
11516
1707
800
7713
8983
4577
2207
10792
7980
1103
12421
122
8205
7589
4566
1590
2289
6327
2707
2175
10860
9709
3774
10747
7380
5337
11118
1856
5025
7884
9122
979
12186
997
6404
7497
1910
9462
1021
4828
5594
11752
8630
8031
3912
5338
7710
11842
674
1856
2136
10755
5537
4386
12250
1363
1377
12204
9130
324
4404
591
11317
4140
12088
4279
9246
8512
7534
1106
4746
11178
2795
5360
2223
57
9689
4137
9029
3711
1219
2103
6780
8720
8955
11977
3682
3438
3240
3
3285
6473
957
4790
5349
11530
8166
2563
8849
360
1390
3301
2785
4
11550
3486
361
8548
12204
9617
11227
2480
4820
8628
7869
4890
3352
8703
2916
3984
2402
8162
6553
3195
1504
12107
3145
683
1870
7888
9494
11051
9043
8313
7075
5114
2160
11051
6115
8275
7544
3195
8193
745
9957
7047
11541
1739
11687
12223
11131
2311
4955
4483
8942
150
1680
5402
9897
10867
6717
9684
10919
6639
3591
4612
9302
6306
9741
8562
11992
3064
6413
3348
3676
8548
54
1443
3056
11534
12432
10920
3725
11383
4045
3270
10342
4314
11060
2518
11825
1405
11376
8562
2918
2879
6857
5258
3094
9712
9617
3201
592
4
5673
8520
9751
11634
4962
11674
2043
3555
2720
7717
1513
1880
3676
10362
3240
2319
3624
4
1400
12137
522
2083
5037
2844
7298
1187
11423
8591
3663
1341
575
1971
9126
11049
9959
6327
4247
9489
6661
1004
3279
10068
1727
6972
776
4806
4175
2351
1474
1787
12165
2928
1623
3489
8019
11197
10682
8111
11331
8337
5703
4370
2439
6534
390
11464
4952
3318
2085
3670
12326
5975
5425
6921
3637
9113
7055
4148
2623
8682
6470
2287
4234
6638
5461
101
330
2083
113
8108
1443
1552
1601
11212
7819
2858
8889
3110
7
10418
9178
1245
2208
411
7337
3774
7911
1455
5282
10169
7329
12499
7317
1632
10755
3312
4540
3737
5210
4956
4956
11153
2057
9308
9715
8558
10569
11692
4122
3226
5951
863
3512
1577
5258
9376
7313
9460
780
1363
1989
10253
1885
10951
5055
1443
10948
2844
2839
11904
8229
1882
10965
10741
4045
6416
6387
10800
11673
1028
9715
3381
4664
6744
6840
8477
7605
143
9108
5402
10093
5686
12349
795
8720
9694
10173
6590
1868
12327
10168
1473
5258
9691
1752
11940
4707
3992
10369
8671
895
8576
3462
7680
1777
9370
3726
10833
7346
2175
6066
8635
3269
4643
1196
9984
44
7999
6614
8889
10343
8042
10867
1109
9033
9930
9066
4408
9009
4308
8525
5164
9537
1004
1157
1730
7068
727
3912
8696
4386
10523
5594
6685
5082
2141
2694
1504
10206
7256
2848
10060
11468
7581
10668
8627
11198
9756
6752
5343
11247
3746
12129
10314
7484
11793
4527
1032
2518
732
1196
7123
6550
813
9647
2208
12459
2160
7357
9815
2028
10295
8544
6828
7184
9348
8260
9242
1148
4321
11243
9385
9922
6139
4577
1346
3025
1346
7934
6539
11089
6882
11523
1297
7850
11374
8311
1
1950
5109
1958
7350
3226
7871
9643
7518
5204
9540
5224
11169
1228
10202
615
6489
12051
3201
5647
2573
10067
7806
330
6561
7132
5779
7049
9935
3837
9107
8850
6554
7476
9365
6825
10648
12301
5165
8847
3671
2171
892
3229
3064
10789
10663
2228
4503
4032
7991
4136
2582
997
4207
9662
2945
3810
1873
2471
10078
2552
7376
4123
4820
10571
1260
819
1462
8641
624
4
8381
8070
10852
7076
5584
10697
3163
1273
9982
9989
1589
7977
5891
2423
6155
10353
11230
9650
10744
3511
484
5937
10387
11051
2637
10042
2083
2662
4146
5402
10112
9647
8528
9738
7113
3196
979
6328
5191
9985
1777
2747
744
2839
1623
11604
1696
522
4519
1254
8184
10962
8096
12430
12175
10392
489
4956
2683
6663
8397
11673
8109
93
4071
12457
8429
7770
11411
10189
8227
3640
9652
3635
10251
4956
5495
8042
7972
1469
4637
4408
8701
6448
9081
7398
1998
3659
5203
7035
895
11612
4119
7895
1377
8755
8736
7322
7991
9990
4909
3605
12216
7366
4453
5511
5191
2359
8647
7373
1474
4956
1464
10905
2552
2662
3511
3168
3414
11860
3465
101
1260
8451
5214
83
2296
11082
2063
5891
2271
12284
8658
10965
1910
2665
12405
7029
75
9064
9798
18
1312
10295
8376
8711
337
12478
9656
3353
10905
1555
11323
3249
6191
662
9076
1910
9002
6400
4357
6543
8135
9650
5055
3474
11574
6712
9002
10302
8224
7353
2050
3099
949
9644
2667
3966
8184
6706
9378
8813
4664
10104
1
9551
10605
1605
11825
7776
3631
2665
1057
10668
4146
6094
5461
638
2359
8938
7894
4376
7703
1747
3195
10786
3845
475
4193
4032
1483
8373
2296
3578
3179
6390
54
3127
3645
5679
12498
531
3766
4729
4630
1219
10368
9732
217
6222
12478
6706
12211
3511
1209
8563
8588
8125
119
6903
688
10516
2171
143
2707
5027
3637
5681
3630
10719
7222
2662
3324
4766
9828
12418
3414
11033
9937
10589
10397
2381
10650
7493
3120
383
8059
1504
4566
6997
4376
2278
12051
10323
2729
8281
1231
10844
9160
11013
5454
9709
9881
2438
4218
1250
2241
7085
8994
6978
4598
10498
11399
3510
8424
7068
397
5027
8567
12089
3620
9656
2028
10000
9391
5258
5244
7770
2945
3081
7823
11051
9691
9122
10267
200
8251
1976
3637
2072
10501
1182
5946
8540
7018
12020
5258
8268
12332
8993
113
11315
5270
3771
11354
10995
1557
9897
2304
9035
9897
5236
9935
122
10262
8111
397
3567
90
8283
4
9085
5779
9671
12418
4325
5780
4956
9785
3460
3900
9891
12348
11086
572
6513
5490
5511
1591
9328
875
484
1443
10144
8000
6268
11930
1469
9460
1600
5537
6711
3352
702
12498
1341
10017
575
4707
8221
10717
8273
6712
10992
11856
3096
9985
3414
12391
3866
5006
7966
12059
5055
239
6700
563
2918
2455
4065
5337
3298
5442
863
11138
10342
9115
4250
10060
12211
5754
4404
10200
10042
6752
142
10749
11992
5258
3992
1691
2552
8856
4888
10871
2980
10306
8783
5890
1602
9037
7990
9982
6273
4207
12337
4583
6550
10068
10092
5517
11141
11704
11262
7937
7150
570
2103
2400
6700
6550
4140
10293
10501
126
8451
11708
8539
10225
9647
3551
9532
4484
9209
2468
4140
3298
4053
11453
3511
54
10317
9775
10171
4419
1671
3943
6711
2344
112
4970
3401
9919
874
9041
7761
76
3682
11379
11537
3351
54
2336
1659
7966
7313
6952
12359
2791
8608
4407
5532
11131
7569
3538
11795
4321
9718
9733
2857
9409
10031
5967
2141
11261
3492
3010
4888
6263
1137
12499
1864
7014
1474
11504
3707
6328
8724
6473
9078
2790
8776
4227
3289
6516
5975
956
2097
3518
9540
8441
411
8781
7392
7145
9126
7006
11406
7870
8222
6638
4741
5414
1752
4038
7107
3966
2321
699
3226
3866
2175
11342
2020
4151
1593
2820
10880
1593
4227
3056
8912
10532
10752
7926
9458
3502
1557
11371
6663
3398
1774
6433
196
1755
1141
7101
638
7220
2999
9498
12470
7711
10173
8928
11417
911
519
360
11256
3178
7859
4452
2511
9204
3249
7822
9553
10755
639
3908
4391
10239
10060
9197
10905
7322
9105
4071
9546
1417
12421
1260
1737
3938
3908
3990
4379
8849
4409
2373
7433
4218
1774
1106
12257
4690
7642
4257
9922
2471
6645
9982
10039
4790
482
6239
11111
10216
3920
9462
8676
4142
6760
1755
10571
8573
6935
5608
2830
6231
360
9641
1759
4952
4885
1250
7860
7657
8906
7493
12170
10867
3990
12289
9861
3318
6463
10209
575
2381
563
7139
8432
2963
4407
12253
2801
776
5751
2141
6105
5381
2625
3574
2657
7182
9462
10684
4044
11703
1864
405
8225
4749
8225
93
7056
3352
4234
8676
3367
1199
713
9533
12478
7794
2015
7155
5005
6395
2951
8654
8664
6418
805
3943
8557
11298
5543
2526
7657
718
3538
11728
314
3197
7194
142
8366
1169
1892
7809
9160
1104
101
5225
4615
3866
3110
207
5082
2917
1228
8954
11656
7530
2928
4948
10250
5511
112
3658
4462
1882
9984
2729
899
6919
6974
10916
7313
34
2938
2351
11111
3571
5262
361
8714
8955
2181
4957
12457
7510
2407
8082
12349
11368
5723
5337
4321
2271
5094
603
5829
4024
7067
8862
4
7452
11929
10135
4507
4933
11937
8031
11946
159
10332
11505
9568
11322
3771
3318
465
10815
9523
1396
8443
8523
6259
9872
5114
5194
2518
4888
1219
2664
2848
8105
9365
5190
3857
7960
9250
6396
10568
6556
10405
10683
8695
3634
8734
9652
3640
8714
8115
10664
1488
7322
6757
1363
3289
5167
10881
176
330
3475
8627
3011
9545
5116
3145
8797
4598
3742
7380
10544
12089
11411
4907
227
4190
11164
1936
4067
10220
3020
9511
4558
9328
7399
10383
11623
8944
7205
6756
10815
2962
1842
7809
2660
8381
8126
7187
10179
2392
4330
10965
732
3293
777
945
9130
3356
2288
4432
10892
2874
12332
1464
9920
3619
1759
3659
2988
5338
6968
3352
8548
196
12334
11420
2524
3941
9462
6530
12216
1228
5787
5490
207
3615
6968
11084
1950
1504
4527
11373
10743
6489
10549
3094
8646
3711
3077
1739
11303
1973
4672
3010
8403
11081
10126
9079
2212
12230
6938
3663
3264
9850
3619
11674
106
5951
8182
6406
2480
11796
2801
9528
5543
8340
5658
6825
2524
11033
8381
11774
12320
10491
57
5194
9122
9255
292
4335
12326
3510
2831
9386
8879
8451
5495
9429
5303
177
128
12480
11167
5655
2356
9812
6883
6928
9827
4838
5406
10860
11904
745
11549
54
122
3676
254
7399
4201
2646
10666
1480
9449
7911
1469
7480
1141
4711
1624
9864
7523
10037
12011
8922
1755
1593
153
9202
3486
6057
10224
10205
1148
5037
7768
3659
7365
11807
10525
9130
2271
3624
8725
7497
10720
3352
11191
3578
12104
8641
4955
9986
10573
7881
9273
1870
8337
8998
7243
8579
2830
6583
954
3218
10842
1871
8338
12002
6086
7990
1148
4555
1730
8641
7546
8448
8521
4342
7353
6856
10860
6410
9743
1383
10851
12457
11823
468
8265
3937
9985
5055
5360
7211
3462
9140
2596
11860
8776
8608
3098
9935
5434
3120
5141
10168
10125
6661
6728
11270
6883
12320
1774
3098
1125
3357
8252
956
638
12055
9799
6974
5425
3518
3465
4093
10697
7860
6364
3518
4280
4053
10853
2705
3062
2038
9194
8736
7301
5611
9569
1012
6988
569
8995
2747
8697
2104
5548
6975
10488
10798
5511
9796
4581
5258
9900
7213
8676
10748
1393
3063
2411
6713
9440
4619
9856
2420
6523
3615
8126
9897
6160
9351
6638
2284
1747
4907
3522
9958
5406
1958
8964
10744
2359
12470
4409
1092
4863
2717
6638
8693
3511
10485
885
4518
533
6248
7592
5052
9509
2909
8338
8764
1916
4376
6825
11422
7654
2269
885
3226
5258
6638
6217
930
2963
9397
857
3036
7686
1989
3475
6590
6687
11834
4505
10876
10204
7148
9794
1860
9144
7147
1504
11027
865
9506
4935
1289
8936
3941
1872
9694
11151
3348
8396
7751
9760
9431
1286
802
8701
8485
10554
5244
9921
3296
12031
1187
4540
9664
10485
4419
1388
8353
2439
4419
1869
4280
10136
4159
10772
7581
3438
1556
10396
2827
1151
11018
6922
7298
9932
5116
8488
3551
777
1133
2438
3241
1021
144
6617
3264
4460
3342
10082
8903
6307
10137
3
3540
5537
2098
2392
5052
1180
11551
12497
1706
7981
2000
1153
1346
10092
9901
12047
10881
7341
4715
2085
8131
7004
12496
899
11942
1480
6903
10252
8942
9519
6717
4001
7832
5069
3624
555
7541
7514
3441
10039
2020
7115
10510
11695
9990
3072
615
9066
3460
4888
11563
1853
10109
5414
3136
8807
9997
11886
2938
119
10092
5303
6582
970
3128
10303
1696
9694
5191
1156
11324
1405
2928
12219
11205
5203
1363
6404
1691
5005
874
4702
7713
12304
7859
8614
1390
4725
2664
1199
3226
3163
200
9374
10427
8185
9660
266
2324
555
6947
3900
6829
2933
1338
254
5214
6712
10151
12144
12421
8416
1341
6550
6174
8908
9895
8376
11656
9226
1100
3001
10213
7225
4012
8605
10216
1605
1747
7946
9559
287
10391
11215
3723
9662
2097
1476
1455
8520
2858
8030
7859
777
4110
9982
9540
575
12144
9565
227
11563
9478
10226
11656
2699
7342
9305
4227
11528
11423
6230
8081
8724
329
10161
9817
1390
2542
3357
10273
7850
2918
9789
11314
5532
9312
5258
5027
4907
10872
5946
8240
5537
11231
2285
6616
6628
10416
817
5202
3913
4738
7926
7100
2136
11420
777
8229
9707
9771
4871
9390
9225
4957
2159
7364
4460
5788
4110
2160
11530
5532
7809
2518
3376
5227
10493
3726
1450
11010
487
11399
624
9108
7024
6601
12059
6565
11132
7154
2963
7639
10060
2841
802
2351
1359
9334
2908
8710
943
8928
8634
7029
8711
7053
3020
2534
4612
11702
1141
2913
9386
11825
361
3502
4952
3152
9776
830
4956
5191
8826
8596
1488
567
8576
4863
12087
4972
6025
7004
180
766
10557
7699
7768
2000
563
8861
2159
10358
4140
9526
1916
1747
5917
5052
8342
12467
8944
10103
8327
3356
3615
10844
4505
6087
1552
5017
7980
10523
6352
10205
11170
9043
2828
8926
9914
7376
10342
12480
10225
3075
12426
7113
4215
11708
7977
8863
7703
8614
11203
9997
2637
2939
10221
6848
3081
2791
3567
3937
8562
2020
6745
3072
12189
4669
10525
6239
8008
9139
12174
10493
2857
3388
8955
5434
5164
8628
10498
2284
6368
3612
3438
4583
10919
9946
4242
2963
3003
1124
8790
10995
10253
10073
12006
2304
607
7329
10073
8340
1872
7140
11874
2731
6202
2351
10389
7937
9887
10244
8852
11352
4488
3269
79
10801
3062
3502
582
9328
7562
10530
6327
4729
4671
9643
8849
5509
10418
86
5164
9352
8605
4215
10201
591
9752
4293
3029
9064
4806
10515
8128
12043
11397
8444
11303
11418
1051
7915
10972
4470
2751
8892
10008
2677
10126
4615
2619
4313
10384
9390
4119
7393
1727
11176
3285
9914
12043
5202
7298
7477
9131
4389
855
2657
7658
9671
10025
9893
1082
2945
607
1868
1958
8578
5701
225
5258
3342
4852
1346
8214
7343
2541
3555
9870
11340
3843
6418
126
12210
12480
4956
6906
3555
5917
12272
5729
1899
9766
3786
9872
10030
5764
11893
11856
2623
4383
9226
8562
7977
4442
405
2542
3163
4215
3783
4581
5381
5829
4792
2581
11010
722
9555
11491
2425
3056
8769
9035
10815
2831
4956
2835
10962
2560
4706
1774
1474
2451
4250
106
3990
4370
9126
3760
12272
8308
4298
9976
7243
12361
4670
2727
1346
3471
1109
1989
10248
5017
4260
9509
1637
2513
11420
10666
5026
6240
2726
6479
1029
11212
2531
2451
11931
6523
2874
2404
8634
1363
4619
9946
4442
11823
10354
8308
9897
4207
5788
9647
9673
4064
4044
3774
12284
1476
892
8434
6230
7588
9206
4093
2569
3341
9224
4217
4755
7005
1856
522
11979
8049
10503
8224
567
12393
6676
9550
6087
572
2195
11516
2508
1390
2569
1273
8503
8376
11102
705
12133
6185
2050
2970
4042
7570
5037
4218
7954
54
2520
9789
5244
2862
6661
2827
8526
10813
8512
12169
7705
10623
12371
6259
6631
2304
7338
11708
5434
8463
12363
4391
12359
4314
8462
10232
662
8332
10262
4045
12046
8107
11960
1602
1680
4583
11307
101
9563
8558
6628
7881
2858
5194
3760
1787
12160
1
565
5244
12310
2963
2171
2321
8955
885
6645
624
8295
10162
3379
2625
5780
6631
2973
4552
5042
8724
6663
3855
9060
10080
4053
5434
11865
4218
9454
9914
3
967
10037
5349
4151
2483
1590
800
4314
3117
8614
3872
8042
4905
1899
6396
2844
11850
4592
11904
6837
10000
2285
4885
3055
10137
8416
2947
101
3872
9856
5611
10969
12382
3471
9274
10168
3423
6468
12334
5026
4042
1632
6199
3829
3055
1284
1450
7693
10382
9532
2810
2160
2261
10511
10277
2629
4255
1385
10479
7493
4093
10030
1026
2141
6565
10019
11315
7028
8928
11184
8577
6107
12079
2000
144
11937
10849
8702
12430
3579
4330
10049
3063
9029
5938
8303
3234
6344
2524
11256
2284
10340
6663
2917
2941
8592
9091
10484
11105
12020
2269
6327
8883
4956
6327
736
9957
10919
1680
9456
176
8774
9229
9785
3454
1472
3489
7960
5990
142
7765
11928
4890
8614
83
9869
10605
9709
2814
12011
956
6217
4954
2038
7470
11319
4540
76
86
5775
4598
734
2350
9086
11231
475
12478
638
9658
4207
3286
736
8010
949
911
2691
3005
8600
11094
8925
1284
7743
3615
7761
1606
193
9690
1231
217
9455
11423
662
11292
745
4909
7686
3774
4038
7225
86
8909
475
10340
86
5037
8443
1605
2063
2097
4004
4527
5556
12324
6966
3178
4370
5681
2207
3555
2722
9031
12348
531
5375
10486
12326
4813
11933
2359
2038
8186
4227
8082
8909
10023
6287
11397
9286
8310
1695
7107
7507
2404
96
10342
949
2707
6352
10137
8909
1555
868
7373
10303
4581
8421
9804
7688
86
2193
2993
8274
2098
2346
3618
4215
5942
8202
3843
3876
4414
7569
4391
7881
5842
11942
4242
6935
12169
5735
4119
1602
3178
178
3711
119
4956
3324
183
9581
12014
6663
360
4976
8833
2916
9240
2530
926
1012
6327
5001
10276
9385
10303
3446
11020
12104
3351
2104
9660
9235
9231
2072
3341
7831
11407
4115
5878
7770
3058
7024
7313
1553
796
11311
8693
2468
2277
2058
1263
3597
6401
254
582
150
5214
10860
5077
5258
11737
1605
6839
10332
10252
12157
8318
5210
10266
3463
11521
10940
217
9337
2267
9644
4941
9821
2028
5337
3011
4992
6785
10253
7332
703
5938
7582
10719
5052
5191
8305
3640
3255
4962
9100
8723
10948
6882
11252
12363
892
9095
12055
3460
3810
101
8852
9886
5511
302
650
4407
820
11979
2136
9043
7855
3475
5402
3038
12493
10525
4117
4955
8849
8833
7014
10256
7313
5442
4140
11218
8740
7
4766
10752
2681
11266
7944
4255
9189
2196
54
1466
8087
9194
9184
2879
12415
3096
9566
4460
1275
8866
8792
12498
12043
11259
2475
6264
9435
8340
176
3763
4264
6432
3398
9113
1747
12156
10525
3446
11616
1632
9151
5695
12493
8581
2677
4053
8108
17
2241
8367
2000
8619
7931
7056
2731
3189
1455
2800
779
4298
11516
3751
4956
6059
9538
8552
7758
1395
487
9402
9897
9799
2681
1880
5556
6825
106
11703
4151
3389
9462
8424
7493
4398
7282
5001
10569
7024
10279
4957
1853
7530
5612
10253
10786
11399
7510
9789
2569
12087
12089
10793
475
819
1868
2407
6661
1880
10801
5052
1680
2839
15
8281
11656
9088
7309
11874
8659
9786
10737
3034
9994
10168
11796
11593
744
12177
1051
6923
6938
863
1866
5191
6328
1204
9395
10719
1474
7588
4342
11850
93
3142
4
12120
2951
1396
8125
7888
1613
7530
4328
11872
6913
3441
7880
6151
10871
11656
9014
8256
8968
8338
2197
6556
6084
4766
5006
10948
239
6616
10067
4954
8349
3971
7397
10635
1021
8214
1860
5337
6264
1301
3456
7271
12371
1905
1385
4004
1727
1377
1691
9694
10226
3992
8647
3878
8908
7314
5207
3388
4577
4488
4972
5047
11280
10979
3900
1680
10944
7717
1102
5236
6893
196
8826
5511
1958
1462
8548
9571
2933
3201
11412
5005
10226
1123
8608
8584
10495
28
2945
11051
957
11857
9850
10213
11958
11212
5402
5194
10572
1774
9578
9751
12324
5517
10915
6978
4
11521
6940
6997
9490
10824
3920
2526
11774
10853
899
10683
1632
3846
8917
8563
9960
4956
11086
9210
4110
2159
9143
8552
2560
8674
5509
10025
1400
1462
4612
5349
8512
7073
2150
10017
6624
4957
9337
8107
10069
5594
6448
7541
3025
9404
2573
4460
3367
892
12391
10397
3529
1774
5584
10315
12480
692
955
2304
5203
11095
8733
8671
533
10722
2181
6217
12150
9817
5402
2104
9429
1605
8243
1172
8525
4408
11223
180
3522
7615
11308
1242
11731
11969
1860
9164
3971
863
7666
5511
8275
8367
10275
6844
3941
9221
4038
8305
1474
3388
10075
1104
5861
10817
2167
11833
10335
9589
9989
10741
8860
6976
6374
5963
11656
9920
6966
7972
6663
6406
9872
9209
2351
6970
1605
3219
7322
2914
8303
6639
2879
464
4064
7068
12465
11612
522
4
6839
1868
10916
5556
617
1
4707
6867
2097
6579
8815
1156
3463
9359
570
4956
3475
7518
10047
3270
1593
1132
3423
3463
4885
1028
4956
3307
2392
2296
1474
7850
1513
5430
4146
3441
11292
8451
6160
7460
2284
12478
7053
725
8581
1860
1437
4956
12343
1869
6614
10356
287
7319
8105
10530
4955
3318
10915
1999
4956
2411
523
2193
2278
7906
7874
8710
5751
9872
9043
2814
11380
4549
1377
12025
9491
11086
12046
9770
3489
8635
10880
7995
8972
9684
3324
11874
6199
3076
7744
3230
8065
11234
9915
7776
11018
4
9160
12199
9202
11956
2480
1602
11318
10843
2223
1363
1092
7392
8831
6639
5017
5543
12104
6534
4666
7301
6788
10266
6429
2085
1610
7911
9692
11382
3293
1976
2321
1388
9656
2879
4571
4442
7653
9625
3793
2323
5706
3857
9532
8521
10169
10025
9389
6550
1557
11279
7544
10401
7413
1275
2241
12099
1245
12223
1400
1462
4619
9946
5775
12260
12160
10851
3900
7373
572
2252
8964
50
8576
1273
5055
6318
2921
11563
1286
7827
7021
10303
193
3577
9543
7203
10930
1133
591
11276
10246
8539
3465
6922
1611
3264
523
2581
3920
3062
5194
164
1182
3857
11856
6306
9872
7256
5537
10306
9398
9450
5490
538
4389
4693
1284
6654
5946
6025
2020
11276
5709
11410
6413
2518
11168
7262
11428
9141
9453
11877
7347
2701
1632
1892
4592
531
4955
7714
2619
10510
11834
1254
9632
11906
3098
5337
9695
2916
5102
8161
8230
9921
2637
3234
1623
3618
5048
4234
10309
3710
3681
3837
11627
5686
4370
2804
1482
2874
1593
10840
8696
3682
11612
2411
3357
10345
3446
8625
649
5787
5025
4379
9869
314
4584
8376
9712
7150
1312
3897
6617
11773
9511
11343
12133
8443
11320
9690
11505
5037
5434
7418
7915
12421
1938
9551
5504
11194
8353
3894
3567
11384
8955
8564
1600
2831
10168
3990
3072
7373
3465
5779
2461
5829
3878
506
3612
54
11002
2439
12089
2471
8106
10367
7384
3081
9530
3152
6817
7004
4034
2814
8167
11528
3573
10067
112
7313
1032
2951
4519
2319
3912
5995
4358
2873
9395
6631
2191
615
3478
10070
855
10273
1069
10010
4110
3158
12221
1231
239
7014
10505
5270
6399
6813
11731
5340
1936
1078
868
6486
165
12182
6229
5511
7751
143
12480
5946
3168
4956
4972
2323
9251
4
3036
9899
1012
3710
5534
2949
3247
4484
7331
10370
10717
12177
8552
8221
1872
3645
10354
2571
11940
11297
1497
9886
3567
8676
8348
6744
1936
1591
5005
2841
11997
1275
3900
3591
955
1029
1916
8764
11551
1263
358
3909
8367
11736
5890
9732
2400
1659
3866
8537
930
482
1206
6400
1297
9759
4042
10382
10449
10401
1123
10957
5543
5224
11264
5543
5780
967
12157
7477
4738
3909
3351
3985
582
4554
3857
8955
4146
7626
8922
5131
7024
2702
1866
12405
10772
11184
9834
6856
575
8000
6663
4956
2835
4488
2212
4117
956
11690
3868
5207
11927
10060
6745
12089
12426
3578
6222
10307
572
3178
2072
10017
6582
6396
7856
3474
8562
11504
8373
9872
9506
8357
3857
6390
1198
970
4242
10594
3063
4886
10785
1346
3492
9128
9112
8826
3829
7148
9647
6230
9305
3233
2717
4227
2520
4711
1248
5532
9778
2795
12095
6526
4820
453
8903
2475
12324
2356
5303
3081
7491
9640
7678
9834
2541
2475
487
9005
2717
11408
718
8295
7658
2058
9760
800
4962
6063
11597
2707
8313
11407
10605
153
3774
10371
3351
5337
5866
4031
10844
4885
817
10205
9243
10222
4314
10075
6947
8223
8376
1012
542
312
1029
1001
3465
8275
533
10449
7725
10035
5556
10965
5747
745
29
1437
5109
8798
702
12180
11659
12379
10860
7832
6105
6470
6526
8731
592
5890
3878
1497
9131
9996
330
4358
9283
8381
4321
9454
1829
10684
10479
2664
30
11613
2988
2530
12014
10156
6817
358
4402
3301
11231
12284
9891
3572
4518
874
11833
6794
7855
8230
3990
10039
3555
9086
10939
6400
8976
1759
4615
4524
12143
10813
2918
5360
9206
5052
4488
1482
4309
10389
1075
10239
7692
76
8199
2839
9344
12091
4956
6448
3990
12137
9808
4314
3474
8010
11728
8050
4
4619
9489
6898
10341
10471
732
3785
6359
8209
8676
11649
11687
8886
11259
11686
2582
10289
2423
4614
6624
9381
538
1950
3055
8340
8434
324
4955
4869
1297
5258
12146
3207
3286
1973
9493
1591
9334
3441
582
10324
9623
3522
10717
8341
6183
2837
8906
3283
2857
7493
4664
6807
2097
8539
10786
5026
3038
943
6462
4222
4218
3318
1374
11428
4702
96
6744
6583
6479
5917
2912
518
7399
12104
6530
12382
703
4257
6259
7640
3061
2111
4146
7337
3087
2191
3075
6717
8567
817
10248
2530
11906
8825
10851
1466
7145
10389
7680
11165
10358
9312
2373
1104
8635
9414
9322
10242
5338
106
3809
10737
12382
7413
3710
8372
3463
3857
970
12426
4124
1938
8998
843
674
2915
11025
3551
7205
2336
3317
3341
8846
8697
8698
4383
4321
6473
2344
9766
7667
9656
11097
9990
6921
5025
11534
3262
5642
9032
4
4071
2346
6663
4707
2765
9854
525
3117
10060
1774
6760
6217
3492
705
5373
10530
12361
9395
7085
9895
830
8976
1596
3003
7301
5938
5534
4460
5747
1231
6638
12496
2511
6292
9935
2058
2438
9273
10368
7377
796
9197
582
12044
10785
1289
4693
10776
5191
397
4507
7638
780
9385
3414
1228
1868
75
2810
72
7835
4955
4956
8592
4558
10202
361
12457
7102
6364
5402
4123
3754
7243
3966
7295
2000
8396
397
6844
3020
11252
4956
6857
3937
5890
18
7979
10428
9197
5990
8776
5891
3985
2059
11170
3421
3578
9378
8381
2524
5890
1472
10017
475
1196
11097
5315
1866
1057
101
3285
2909
1102
9748
9014
8444
6611
5167
2159
7413
90
3710
7770
8472
2928
7531
6222
2707
6447
5495
12095
1026
6081
4260
411
2563
8161
11893
1870
5207
5203
9920
5681
6647
3465
10915
4749
4740
4402
9110
9766
7528
239
3857
7514
4280
11737
2207
4602
4886
128
9808
9741
6454
5842
3567
3900
957
3342
8070
4004
3064
843
1998
2915
1462
8142
6287
10317
10948
3900
6543
4795
3197
10849
10479
718
1202
2251
7
8846
9002
6616
1114
3429
930
11441
193
11807
6825
3512
9808
7085
2480
4404
8087
10368
8696
9157
8360
7328
9559
4207
800
9080
3742
5543
9632
10704
2563
308
800
1284
10316
945
2235
11956
1716
8162
7831
10338
1012
7777
563
9164
151
8725
5204
9031
3414
7972
3540
3489
12116
11674
9389
4972
607
7823
1633
7855
8132
7329
8582
5567
8026
9999
2541
805
8462
93
2830
5511
5504
7132
9504
8429
2311
6368
5938
2289
727
12301
7435
122
7420
8539
7870
12178
7768
5797
10338
266
6543
7628
7827
8223
5461
6922
875
11491
6647
9498
3096
1613
5585
5204
3894
8144
2828
12371
11736
7713
2939
6728
6903
9353
9765
7831
4524
2287
9656
9189
11408
6454
1193
11534
9161
1574
3433
2072
3574
11708
3793
6842
7777
1021
9074
6629
475
7231
1905
7855
10080
7672
5890
8433
801
10798
9901
11977
8162
10683
358
1605
9526
2857
954
8614
1488
10008
1397
6360
1123
2722
7213
863
450
165
6327
1882
3785
5548
9538
11310
3690
4962
3036
1747
8030
12156
6174
9914
8313
8449
2197
1069
7632
8462
2869
1610
7631
1028
11098
9660
1114
87
7679
8182
2191
9097
2596
3659
7692
518
9507
9920
4792
11342
3110
9322
5381
10353
10303
9078
8008
7149
3763
3082
11940
5454
3920
3005
6503
2729
9105
5836
8953
6974
1861
8390
1880
6368
10776
6883
7420
8092
10078
3433
11630
538
7029
308
1905
6912
10734
7100
1075
7365
2392
575
8815
8826
11186
1379
5046
8641
7703
4055
592
8177
2421
5255
72
6094
2649
12422
11787
6752
10017
2909
9509
9826
312
2404
4053
2269
6328
1873
6429
916
582
11259
11728
11674
3676
2895
70
6972
2451
6647
2699
8273
4140
874
12499
617
1958
2111
3036
10595
6497
1759
144
1864
2400
10920
7678
1633
1187
9728
8184
7107
6922
3197
3352
10851
1345
8030
6433
9571
10382
10479
3011
7088
4255
4976
2451
569
4185
4871
693
9186
1856
5729
7150
