1214
7873
2809
1794
6511
471
1464
104
5428
4629
4996
3958
6292
9369
8263
4870
7926
1967
5428
9695
2310
3320
4204
5431
9694
3984
10002
6024
3965
4820
9066
9260
9939
1375
214
9813
1838
108
4090
7006
4391
5612
1464
1249
4632
375
9245
5949
703
2952
5133
4099
3248
7926
8022
8795
8647
8982
2995
9724
3727
871
7501
9622
9791
1683
9474
4146
2759
6299
595
2985
5917
2652
8200
3451
6373
9694
7497
5237
1412
3159
1316
4269
7510
6671
7260
5773
761
2244
6973
2228
2613
2465
1763
207
1593
1914
7104
4044
8280
5946
520
6047
6631
9015
6192
4231
10008
4237
2211
9961
9540
2244
6004
2085
4286
2219
5625
2616
3834
5450
1766
3183
3363
9650
2855
8522
924
540
187
2122
5682
2064
5884
887
3274
3263
3846
434
2125
2372
4988
6307
2628
6873
931
4774
9149
2872
8497
8026
554
3822
10000
1198
4740
9532
1582
5208
464
6331
9919
9845
2005
4093
113
609
1419
1099
9695
188
3783
4641
7122
813
2490
2262
4724
5620
1148
1549
7874
118
10005
3085
5467
4089
8250
7405
4664
6024
7712
6840
3907
6899
927
10003
8188
111
5889
3474
5693
5058
4655
4952
4865
3768
5431
4185
1819
5831
865
5311
1632
9922
3822
5828
5322
3785
9825
3785
6974
3853
9255
6640
5133
1053
7427
9608
1018
3415
2302
6974
3263
2168
461
1626
4200
4729
4659
3787
153
1375
4158
813
2379
9708
9540
1162
1553
9972
1616
2500
1825
7609
6370
2628
8305
1836
440
6532
3134
3366
8169
4448
3139
6196
3810
4618
8253
9999
2488
7722
5338
118
1754
115
3651
5037
4724
9581
4744
7940
9589
5946
971
9965
4418
5175
9550
9272
3366
5911
6192
3220
150
8065
7821
2460
5140
9691
2462
9712
7573
3757
2371
9457
2800
9562
3442
112
9053
4873
10029
4179
641
290
10047
3139
6024
9872
2997
7719
4688
537
6465
1663
9885
9908
10000
3249
3633
2593
6087
7409
6470
4659
1857
3030
2638
4376
1781
355
211
4910
9512
8718
4962
576
2543
8089
7418
9636
4185
4984
2311
4541
10029
6149
1655
9863
5889
5096
3823
5896
1761
10011
2379
6382
6192
5920
1553
9445
9675
8523
3967
3168
4044
4430
7904
538
8144
9928
2394
2989
8813
9952
7465
2242
4243
4356
675
3700
4324
920
5237
1191
1655
4231
1133
5450
1914
1289
9459
7066
1099
656
5957
10011
8186
1553
5978
2258
1565
6136
9976
3621
2727
1938
615
9612
7584
6298
2015
3088
5388
2177
1261
3336
3358
51
6044
8647
4269
1944
2128
2321
9961
8337
736
2759
4136
962
2946
5911
9047
9066
3690
7638
2359
7947
4324
292
4237
9660
6968
79
9991
9249
9945
6470
9952
2969
48
4260
4750
6024
3798
9898
5950
6865
2152
6937
1526
8629
4089
3764
1081
3323
2385
1791
5551
3765
5620
1350
9381
1473
8104
2026
6311
1895
3967
4045
4043
8497
3269
1791
5711
5097
209
5099
9813
2082
9953
38
9449
1058
4478
7946
391
4302
2068
5905
5675
4780
4106
3364
4754
8054
1380
2227
1427
9953
3510
3057
4177
3680
4849
9018
9885
541
8356
52
4281
8800
5300
9445
9762
1204
9447
4435
4749
2241
9946
1184
4788
2409
5140
5073
5383
4222
9245
2873
4210
2739
5891
4469
107
9674
2066
6510
2535
4976
6867
3848
9457
5917
7926
4120
5378
148
3828
4087
5425
1788
4405
421
2995
206
1746
962
675
1050
3033
1830
1638
5390
5732
283
2741
5467
6661
10026
97
3528
8639
2319
3082
6757
813
8224
9245
4893
3458
1198
4512
3794
97
5879
5152
111
7734
9724
3305
5073
2789
2495
3198
3678
948
9469
4291
2540
5359
3033
6840
655
2172
2795
9712
2975
7568
6271
9123
2483
2791
374
4469
5246
9608
1836
4243
6452
3494
2975
3207
7055
1606
2524
2317
3754
6792
8699
1369
2244
5353
113
3684
9923
5160
5682
4733
9769
4976
674
108
9540
9875
690
2244
3198
4263
107
3654
9966
1358
5969
1127
7671
9487
1344
7194
9877
4724
4758
4008
1602
9465
9257
4504
5542
5450
4891
1755
9521
5563
8865
1744
6287
4522
9151
4833
2358
6926
5326
2320
6311
4849
150
1791
1357
5256
3213
6312
9149
2495
5643
4237
5541
4588
5682
3020
760
3174
5051
9741
813
1734
924
4430
3531
1344
985
1549
3918
363
6285
9538
142
736
2168
7674
7786
5484
9589
1413
677
516
4290
205
1846
4336
6713
7223
4340
3367
6867
2311
2209
6651
9250
8865
1909
10004
4066
10004
1134
7416
4403
9471
206
4267
1148
6633
2872
962
9712
2826
6207
8371
3331
8375
9454
3030
8856
8128
1133
10044
5573
3623
3887
3132
3293
529
4073
3731
2011
1617
5896
9465
3982
8713
8939
1176
8030
3668
7072
9151
9145
2264
1413
3239
1835
9954
6962
4894
1662
8475
4823
2924
4534
7719
3822
5313
1878
2244
5952
2406
2538
3689
5173
9847
962
3913
9924
9884
4750
9314
4070
5448
6054
3924
107
6104
2259
7382
5045
7026
108
9918
4538
3528
5270
8950
4473
2483
5887
4089
1857
207
3783
1609
1847
369
3196
9249
2327
5984
1766
3842
3955
9612
6311
437
699
3322
6839
4839
869
5587
2168
2196
3787
5104
3027
2556
9990
3668
5887
3323
4562
9201
1447
8085
2244
9973
9432
1781
6267
1044
7003
9043
2516
6928
10034
2172
70
4541
3787
3765
3030
3471
4762
8201
9250
5422
8367
9640
186
7788
7719
118
5887
9752
1734
3611
1447
262
2376
471
4724
7190
3124
3958
1167
9471
3783
355
2152
5318
5328
5518
9265
675
3293
2991
9047
8371
3815
2264
2789
2322
1908
5748
4886
5566
148
4490
3877
4371
8940
9741
3336
8701
2264
3492
33
2152
7017
4914
2077
4829
3027
9939
4357
971
9991
6429
9658
2462
9954
4657
7191
5958
8562
1146
3029
3689
9888
5418
4823
2666
3764
1214
3018
7157
4817
1419
5600
4013
1956
7316
3668
5499
3787
1110
4820
8751
6134
6653
283
3548
2465
5329
10014
1656
3794
6638
4794
8478
3322
6036
1104
5423
3502
8545
3344
4023
2465
6288
2856
4230
7786
5990
10017
6000
554
5957
3668
1615
9691
2853
3085
3710
5324
3787
4302
844
4231
2302
2064
3006
4422
4212
512
9989
7778
3183
9656
9947
4656
3021
1697
42
4839
9845
4930
52
2856
2538
813
5553
3198
5422
3355
6532
2320
1651
52
4594
5677
5203
2768
3185
9472
1103
395
4120
7869
6490
4102
3972
1902
205
5468
701
467
4478
4522
9474
4645
9540
4544
162
3637
5221
4091
3787
9167
1332
9988
3794
483
4621
8165
5245
6717
206
3049
3531
108
2768
2482
7319
240
7946
1810
9538
3902
6033
5962
6036
9259
1569
2062
4976
5269
1569
675
6643
5564
1271
7505
8478
3382
7424
1546
9265
675
9798
8459
9251
3369
7233
1241
2833
5296
2591
2709
6720
953
5216
3399
72
9471
6619
5640
70
5164
9789
3534
6134
2244
8464
4093
6688
1483
4740
5284
8101
2372
962
5221
2401
9704
3884
211
2068
3499
451
1829
1766
8475
1561
6047
3571
5348
1655
728
1393
5181
8165
9756
371
9990
3159
2626
10010
434
2367
1557
2801
9888
4180
5358
6087
4723
148
10027
5322
3213
4275
9454
1838
1791
8562
4212
990
9817
8579
3758
4594
1911
8899
5887
4275
9497
1400
3484
8620
4604
3142
7583
2969
6395
4681
1059
9954
4089
4513
2330
8009
9824
7737
2497
2694
4452
8237
1148
509
7000
8779
6655
8315
5537
1755
1264
830
1816
2279
3218
4544
9457
5073
1553
3028
894
1909
2650
10014
3323
7929
5840
7055
6710
9535
1785
5599
3548
1155
595
6493
1185
5099
3652
7924
6395
2995
2965
5454
2872
1346
5350
3331
1902
5891
6684
5293
3624
1162
1902
4724
5353
2500
5484
3484
1615
6745
1103
10003
5097
3638
7924
1919
9621
6306
1346
2052
5951
3297
9884
2604
5624
4724
434
1019
1746
4657
1638
4727
3364
3162
4011
4861
6527
1012
2979
6307
4340
4886
9606
4570
1359
6882
6183
3154
4162
1579
611
3365
7926
9047
2626
5362
4336
5244
1167
5827
9532
887
2211
2508
83
206
9965
1193
1018
1564
4988
5481
262
67
3006
2709
2834
6681
3030
4126
9215
9863
9008
7756
4286
7191
1457
4220
3652
9545
6893
4774
6312
1956
5473
9313
5208
2664
1264
1162
4833
1496
3296
4788
611
4126
509
4486
2812
9991
4982
5580
5899
369
4544
5723
9361
8862
1810
207
953
4045
5732
3355
10027
9136
1350
6928
6306
8895
2465
5135
9578
4403
2833
4279
5397
5882
3778
5683
9680
5413
2011
3331
1565
3110
4833
3941
3774
2981
9659
4685
4013
4459
4459
454
3672
8274
8003
2538
7432
8950
307
70
3142
8959
3704
7075
1848
7944
1725
3304
249
793
4396
3107
5824
371
3638
1353
5905
3033
6104
6776
8018
3098
6026
9991
9691
1887
953
6271
6277
9950
5322
205
4913
3972
2338
2147
2072
4089
1464
7714
1549
1822
1962
1549
2358
3971
4041
9789
2443
6273
107
111
8906
725
9704
3942
4984
2558
2211
9591
1791
454
9752
1115
4512
7641
1266
376
1161
3162
1950
2488
4385
211
3902
8703
3972
9660
4532
5590
3124
2218
4722
5604
5433
5350
3772
2263
3785
8626
6541
2244
3474
8784
5472
9952
4231
3331
2550
3259
6370
1914
283
2259
215
1019
4917
6842
6631
3363
7985
9933
1438
1162
1745
3344
5223
3027
3249
686
5899
9063
1513
1449
9698
2244
8976
275
2027
4263
2913
4070
7055
5285
3021
2211
290
2290
148
3941
2385
117
2315
136
6132
10044
3033
4486
8856
4755
6405
3787
5957
2747
4729
354
2609
4220
5957
9983
10003
688
5620
9676
9765
2391
6773
1370
1561
5872
6650
8464
5919
434
8089
830
4391
2027
901
9069
761
4665
415
4781
2490
4794
7752
5390
9390
9606
4512
7456
9201
2089
2179
8756
8482
2172
1908
5246
1617
5871
2954
3916
1734
3124
5950
2498
5485
1308
1994
1764
2748
5984
4559
4115
2916
6894
2374
7788
6243
8629
2661
1830
4013
813
9010
4385
725
7791
6382
6121
2145
3943
8803
1553
6292
4758
4750
3887
5711
4263
4910
7616
4886
2471
5905
6307
1124
9621
4937
5725
2755
6630
3823
760
6894
4230
9954
6294
4584
4988
3652
3474
5946
1866
954
9949
6589
785
3218
10011
2126
8467
7432
1934
3052
1593
8368
6968
5827
1561
4611
7226
2735
4813
3633
6865
2153
6625
4185
206
5475
33
5388
2512
2244
9902
6483
1549
8142
4809
9945
5481
2873
5096
742
3441
2372
3034
3973
5518
3927
5682
7037
3331
3756
1099
6149
10000
148
3140
6517
2915
1791
6511
4875
6280
6343
9945
6462
7484
4639
4624
412
4424
4237
2709
5388
4418
2099
5992
3633
2258
4513
1999
5201
8588
72
7681
1264
758
5606
7681
4760
3268
5896
6044
8855
4068
4614
153
1548
4045
439
3611
962
5620
7195
8244
10002
7191
2031
4490
6630
2941
5454
9661
8982
9789
1179
7058
4210
8089
6482
4230
7142
6317
376
5399
3965
9993
2954
1185
2669
9469
4909
1720
9923
5133
4425
249
8370
9866
9851
924
5661
4467
9996
5990
9940
9933
4490
1226
3942
9888
9964
40
2938
3331
9961
1972
7344
2602
2761
4275
4594
2828
5682
2508
957
2122
1911
5962
7289
5828
8856
9942
1457
5348
407
1791
3136
73
9791
7426
7926
5905
1162
114
1346
1221
8346
3692
5430
9654
6926
4473
4490
9535
1836
6307
6750
4495
4900
8337
9085
7982
5422
6363
3624
4395
9990
5617
1751
7500
9924
9847
6713
8814
4729
7924
4617
2916
971
5205
1176
4402
9259
3336
4222
1592
4809
6215
8639
4243
6339
215
7537
3704
1930
715
3168
5073
3828
4631
1320
5388
2204
7791
2260
9658
6513
6994
1110
3680
7145
2814
10003
5381
6962
9918
4185
517
6011
975
9982
5378
4687
70
4625
1745
5861
5245
6717
5348
9047
4584
9071
5617
9999
2409
2275
4774
4339
9151
8713
5615
4087
5911
9982
1975
5326
4984
6589
3075
2937
6098
6373
8779
2859
10026
3426
2540
5284
1881
1633
9658
4490
3536
2787
2550
3520
7307
5145
9877
9359
7342
7805
5390
2755
982
3235
8939
6407
5742
6589
7356
8475
1941
6902
4121
2975
2957
1198
2279
2660
4991
1821
1579
1791
8057
8467
9361
5587
1819
2501
3875
1841
4524
1821
5278
1215
5510
9790
1521
5823
3982
6741
5229
7801
1198
3098
10026
5556
2250
3785
4770
7356
2483
2385
6149
3366
2163
990
3344
7645
2004
1019
8339
9451
2626
1221
4228
4788
4406
4910
3331
4509
8395
7106
5518
5659
5317
9471
8049
3918
9512
2954
3380
1881
728
4724
5078
559
5721
4356
4660
8982
6474
6870
6087
9967
3668
3942
507
4199
4839
9825
4651
72
1353
3405
5907
8137
6873
4074
1857
927
3528
7786
6675
2439
2443
115
2616
1099
1899
2372
4945
9071
6005
8897
4177
742
2002
6175
223
736
8825
6928
5721
1848
5879
7171
551
128
3172
5390
206
4815
3028
3070
9535
2211
2401
3885
3802
2228
4805
5655
1754
2415
3331
4541
554
4894
6104
6893
2179
5142
3426
9182
5896
1473
6629
7151
5045
6924
3427
6884
8095
354
6792
2997
2263
3088
5285
5879
9643
2325
5388
7709
207
5353
5615
9989
2664
4269
228
1417
451
1266
9836
2524
86
520
5518
1689
5317
5001
9642
1077
5162
148
4136
6720
2141
8899
4088
9471
1162
1855
5542
3759
2260
5087
2938
6515
5551
2461
283
7036
3338
9071
2358
3124
9973
3778
9228
5222
2789
2483
1305
4522
2415
4606
1549
1781
7122
3772
843
2660
1839
7834
8482
9698
5221
2673
7517
5152
6480
2027
6032
4645
5425
7901
2658
2501
1413
2784
81
3879
2027
4366
5318
9953
6382
4893
4089
10003
7575
4794
4932
5221
4762
1176
5861
6101
1734
5256
3290
3474
971
3268
5320
3916
5353
2238
150
4559
6483
1185
4665
2556
6184
1005
4886
207
3783
9457
689
4724
7190
9713
3853
6229
4984
5907
8164
9523
4749
441
4210
3075
3916
2385
3198
165
6207
3943
3096
1579
157
6876
7517
6405
4758
5133
4740
9145
6101
9801
6517
2346
4449
4571
2496
3862
1182
5992
7881
4163
2904
9888
561
9492
2739
10011
7873
4655
1221
813
5377
3499
5824
2526
7902
3057
72
7118
8948
7901
6294
6480
9180
6894
1842
4817
8594
4685
2809
7874
3196
2997
1579
6121
6258
207
6720
1162
3183
2263
6126
5917
7681
8761
1413
8197
7867
9907
4467
4230
9272
4823
707
233
7874
8718
6483
9589
4884
9582
5990
8326
3834
2031
4310
3861
8388
3750
2746
5971
3027
5467
2196
1380
343
3785
1198
6307
3336
5378
9039
6870
2938
10003
5858
2242
5262
9449
4074
958
7786
2702
3098
4905
4681
9045
2462
8800
4045
7742
3321
2147
3377
9251
4829
785
6629
4222
6273
1338
5346
7533
376
5326
8981
1638
9660
3550
5907
8508
4290
2358
869
107
5858
4392
4405
1812
1176
211
2216
259
5441
2501
7342
3772
2172
5414
3369
6688
1750
2325
3756
2089
5388
7190
2658
4490
3698
7201
6087
6561
4762
1162
2873
9589
5088
1579
2995
969
4951
1761
9369
3149
2689
1261
3756
6653
5882
1427
1447
8620
969
1473
9562
3791
5468
8473
8990
5012
3192
3027
1901
4043
9045
1162
1656
5828
6482
4300
4886
5087
3531
7923
3374
4156
8502
6778
9555
541
1185
4093
2872
1779
4418
1099
6872
7714
4107
9296
4573
455
1305
4181
7426
6604
1754
5950
1486
549
4486
7083
3500
9919
4149
2689
9724
4558
3369
2526
3680
641
504
5157
1266
2254
742
1818
3918
1999
9965
5364
246
47
5048
8174
5048
4189
2242
4230
4376
1127
3691
9265
6193
5548
4724
6741
3455
1857
4220
2814
8249
9461
3798
8467
3528
8520
4991
4013
1319
5315
6842
8597
111
2627
3030
3041
8249
2832
4467
1734
5140
9643
5181
7013
4604
3870
2345
2237
6027
8473
4522
894
4724
8050
2374
7157
5030
2483
2244
8432
200
471
10017
1734
4281
2011
2578
4422
9471
10014
9151
1816
5349
3363
2997
8953
1174
8400
5358
2064
7563
9608
5481
9606
1385
3212
5430
5534
5582
7158
5485
2658
1319
3331
5358
3150
9621
9790
3510
9251
7980
2068
5905
9272
9453
537
6405
1492
1266
9497
6087
355
1258
8007
4833
4820
1886
6900
1967
4405
5598
4594
6589
5418
3916
1209
8467
1791
6279
5612
6293
1549
7654
10029
2789
7863
3293
4657
5278
3082
1781
2932
4865
2584
1644
1447
90
1344
4093
6684
5682
4023
1162
8751
6292
5399
369
4279
7584
3070
1725
7237
2064
5542
4093
7343
2836
1761
7122
108
3494
5606
461
5587
1902
9453
4659
8339
458
3978
8013
3212
7868
3098
2211
6981
1346
8018
51
4160
9933
2785
5548
2501
3380
7011
8400
1495
2320
6339
3198
3405
592
1207
3520
520
1766
9675
4467
72
70
6840
5917
8976
5320
6080
7793
3124
8104
4990
2661
3774
9929
9640
246
9712
7563
10026
4976
2969
1226
894
509
1726
1619
1944
1764
2352
4309
3415
4630
2209
2966
9933
82
5325
1841
4865
5256
1565
148
5870
8426
7867
4467
5337
5133
4840
10000
5711
3212
5096
5441
2141
5313
2616
5216
8507
792
1103
2263
1548
9939
6482
9461
1209
8426
4041
4008
4538
5611
2669
3783
3850
5949
5229
7488
9769
2938
1972
1564
3374
7712
9177
2162
5441
6288
958
4609
5318
5096
3756
8803
283
70
2524
2550
2501
3727
4493
270
3622
10029
9020
10003
6196
1855
6287
5748
4327
5611
6784
2804
2125
2650
9871
1880
9845
3365
4091
6458
5773
5866
2077
2997
4269
1212
540
4625
3285
985
10003
6986
8784
5145
9810
4425
5050
4849
2367
4962
6751
8535
5971
1891
2832
2426
2785
290
4435
1148
9790
3822
9845
97
2762
1962
1794
207
4172
1825
7573
3510
1842
5167
3672
2186
1099
4093
3344
2471
4406
211
8368
1549
712
1044
6407
5332
148
289
4724
4267
2026
3207
2147
9751
9979
10026
2515
7206
3623
3772
1055
8996
1694
7286
1766
471
8795
813
5600
4181
4405
9989
9718
3134
111
6483
6511
2628
5727
613
24
5455
9591
1975
2465
1562
4762
9449
613
6956
5390
9550
4609
5485
2908
6288
3881
43
4996
4478
1520
1922
9732
8065
4493
5518
8168
8698
6856
969
5871
4408
2989
1375
3107
2915
2252
2641
1819
3759
4640
962
7873
2275
7495
7191
6000
3088
1734
3651
4136
3285
6033
3536
9076
511
6914
2443
6776
5564
1464
263
4660
6876
1413
5414
108
541
9741
1766
2289
5180
1162
2747
6873
2254
2358
5285
1820
4750
4655
6192
6647
5237
7942
3787
6026
4724
9861
9751
6215
7935
1655
920
3212
5457
4200
4900
5889
4467
615
1614
595
3070
69
1609
9695
6924
6686
2327
3128
1810
5401
6741
7415
3500
2652
1734
6311
8346
5322
7378
5133
4781
3107
4723
464
2216
8009
3834
655
1763
1513
8813
3124
7636
1848
1902
4452
4730
8464
125
5140
8188
8464
1050
6908
8665
8247
5590
4516
6080
2622
2578
2501
6640
4609
367
2673
6638
2152
72
3680
4486
6009
6273
4522
5406
5026
145
1843
5958
9916
10027
7858
6661
9985
9660
1148
9136
1785
3451
7510
7342
2652
5221
7142
4570
924
7333
9453
6098
1916
6485
2364
4833
3812
3783
2116
9597
4187
1571
4300
6486
4820
4787
4794
206
5142
5184
8085
2062
6054
2483
3358
3089
1413
8585
8482
6104
1212
5388
5971
3652
3943
712
9785
2172
6307
5827
2488
4389
3783
6631
5160
7924
150
9768
55
3581
5872
7418
5058
6932
7650
4907
957
2179
6169
3215
5138
2660
1671
3122
4504
1766
9190
2116
3790
4621
5891
5871
361
8370
5137
292
3763
5285
1473
3672
7924
2746
2952
2244
6126
4516
4935
957
7146
949
2019
3971
1654
8803
5472
3844
9680
5962
374
4770
7262
483
3532
4617
121
844
4288
4724
9810
4571
3330
4210
9678
3958
5468
5457
6232
7980
5454
3539
5012
5969
4740
4228
5617
6132
6026
2995
3451
931
1104
3479
5338
1549
6872
2475
9006
4982
326
6981
7037
3236
1878
1370
408
1515
4210
249
2374
3951
8629
1857
5431
6470
1639
7505
3124
8101
6882
5582
3526
2217
1419
4300
6620
9922
7866
9361
2490
6243
499
4894
3548
4725
5158
4279
9866
4403
2026
1616
7868
632
4724
1750
3927
712
33
9843
70
2359
1972
6196
3081
2641
4996
9708
5882
6638
5385
1943
1911
6222
9066
3363
9723
725
6710
6024
9064
8503
7419
7387
6364
677
2321
1148
3479
7382
4988
5313
7500
8177
649
2462
9964
3520
5964
9149
1501
6590
1788
4723
576
1081
6905
727
2797
1486
4996
2244
4754
4185
1562
6395
5549
4220
6288
3869
3707
3096
5004
4507
9265
6511
9922
9829
453
9704
9640
695
3335
6299
6750
2670
1962
804
4755
5607
4891
9903
592
5126
3973
4548
1663
4489
5478
2903
6648
1620
361
4156
9136
5727
4656
4588
5096
118
4996
1930
228
3050
6357
2161
10027
1878
460
675
272
7169
9259
4044
3546
1081
8212
3455
4632
3637
6527
9673
3075
272
9190
1033
3041
6243
3085
7573
2495
5358
8959
3613
3499
7940
3785
8172
1629
3052
8199
107
9071
957
3331
8844
4469
9145
3274
7174
6109
1791
5587
3331
5604
4944
8383
6136
4227
6193
4970
9853
1569
2391
118
927
1943
2367
9578
454
9954
5142
1536
8713
4086
6974
2372
7544
4891
9562
372
9990
1902
6513
1746
6011
9261
2811
5682
3638
1689
6293
1553
7410
9945
5283
9151
9950
4813
10002
7324
211
5026
3405
5009
1018
4725
5152
4652
4758
10000
8373
207
6766
1750
846
9540
4817
1821
3439
2688
2105
128
7511
6357
5455
6655
9453
3006
9465
1289
4469
7104
2932
3336
3331
4435
5377
10011
675
461
9538
3550
8212
5896
5992
6451
9673
1822
2126
215
4243
250
9696
9938
2658
7645
4041
3310
9659
6382
6766
2584
8475
3000
1513
6536
8784
202
68
3783
108
4267
2626
2755
5518
631
3927
5773
4486
1019
960
371
211
7636
9472
7356
5058
7874
2125
5564
5181
8453
4210
8465
4657
9310
4724
52
9608
1162
3652
9045
6643
2626
1470
7686
4861
7009
4281
3268
1779
931
5338
9255
2145
4469
2296
576
9474
7654
7537
2516
985
2218
9805
9709
153
1161
1113
1868
2508
4982
6813
5313
7424
6523
4089
7249
615
5455
6300
148
7057
3027
4408
6801
3052
2540
1184
1622
9512
5157
10002
2938
3468
8454
3051
2011
2289
5872
6307
4228
131
216
4657
6101
4300
3972
3128
6616
1549
1161
4706
9982
3765
2828
9223
4660
6271
2664
9521
4467
8370
1107
6370
1079
3128
8667
4588
9043
5590
8242
5078
6720
4664
1967
1816
958
9578
33
6839
4588
5026
1486
5484
3916
4815
4625
1791
3255
1720
4984
8499
1858
1617
5050
662
371
3778
2310
9388
1371
3162
1791
3258
6395
2376
3934
3331
2072
7947
5882
4910
369
9136
1662
7726
5104
1564
4746
6828
8131
4893
537
3574
7226
2141
8462
9066
2524
6192
1419
2094
1400
9580
4702
5270
4011
6734
929
679
9967
9260
1495
1162
4820
8678
5545
9471
1070
3006
4681
4660
3136
5253
2179
6277
8939
7724
1209
2483
3399
4724
187
8359
3637
2050
6027
960
2650
3089
1886
6439
3915
4299
4787
9811
3103
5858
4645
9972
6219
364
1655
2670
3451
8723
2524
5998
1565
1167
9802
4723
6675
8585
3834
50
4356
3652
5625
3750
8186
5748
6493
1817
3758
6293
207
9076
9264
6930
5133
3692
6580
7517
8172
3834
9802
1370
7931
2179
4324
3815
6653
2158
5236
9675
5553
1375
369
2471
5430
9064
3369
5270
4833
3927
1338
8723
83
7155
2814
3380
9366
5920
2252
9459
112
9064
1883
9791
72
4388
3510
3557
2077
4181
4911
6080
5879
8359
5549
9314
4299
8199
1645
4041
512
4043
9518
232
9612
187
2439
7096
107
8595
137
5229
1941
2372
1827
6755
2483
3099
2539
3924
3168
5222
115
8594
5697
2077
2371
7664
7500
1413
4490
4260
7319
9419
9839
1857
3860
6027
614
2558
9597
1513
3364
8156
3971
5423
4725
8482
1044
1975
1644
6598
296
246
2027
4682
4200
9606
5870
9018
5026
8155
1430
8629
5944
9982
5822
9868
5827
3853
197
6357
4354
7649
148
5501
4197
8438
5946
2426
4933
336
401
8861
3338
4722
290
6032
8473
3810
6470
2346
5640
7584
8855
8172
1218
1639
5423
6470
3972
6967
9984
2353
4962
785
2622
4712
4097
8918
4927
4185
2068
7859
6872
4180
7320
5858
2302
5353
6026
1113
9457
6307
8146
8013
5510
2105
8433
1553
24
3363
3689
4541
8872
2216
4962
5430
957
1226
5126
1184
3466
9270
2389
9085
5990
6718
9545
4911
4839
7083
4870
4727
5896
4788
6300
5522
3021
9068
6882
1110
2391
3322
6862
5455
6331
3035
1241
2343
5157
3321
2259
8784
1427
2125
5303
3676
9260
178
3458
1433
3308
4107
8884
6193
8337
7066
9076
1779
2186
5659
4128
5125
9993
2880
8672
2689
4727
9453
5088
4774
6631
2586
9018
728
3214
9781
8394
4327
2281
7659
6311
5828
2027
4838
3787
2179
4366
8856
3160
8394
4849
1755
290
157
5457
108
4242
7619
4290
5004
4911
9888
6984
9973
8668
1468
1316
8795
728
5457
5441
9145
8242
6033
7453
4682
5723
1725
2800
8981
6027
1271
4233
6109
3893
122
932
1999
2218
3181
8086
4378
4475
6373
9251
3623
690
124
6384
3853
4788
8482
8813
515
7874
5133
3530
5978
5911
4324
3405
4915
4788
4724
9977
670
2904
7155
4984
5140
8018
6231
5994
2289
3707
4054
2814
1393
277
8394
8207
9459
9448
2508
3364
1975
3401
1927
2461
2759
1972
5555
10044
5096
1441
3544
9078
9453
9991
9053
9660
2670
675
4227
649
2810
5001
1371
6647
228
5725
9677
70
2915
7926
7674
9632
7262
3072
9273
4120
5757
9928
2220
1259
6088
8326
5539
1744
8659
9064
4646
9803
6610
975
9451
6482
2626
4702
9812
6232
4093
6986
1819
5584
5369
9474
9961
8475
1536
6395
4733
2694
4617
3783
960
2638
1967
1857
2359
9964
1110
7764
112
6640
9682
8028
2293
4829
1565
4548
7378
7188
5861
7704
8758
6080
3785
577
1370
2660
3282
9435
6109
6968
9822
5296
9789
5112
5364
1308
7344
5401
7520
1004
9071
3055
2077
864
5858
1763
4356
2688
3885
3382
1457
2564
7365
1396
1791
9964
5292
7344
3085
4772
2967
1311
5727
8595
5549
7529
5326
3916
290
2967
7505
283
9039
9712
1536
1791
3876
6474
150
5296
518
148
2027
2776
9940
4861
6287
8364
4682
5952
7689
3638
1079
5223
4584
8831
3308
2626
1791
9680
3551
7627
2219
5181
7874
7726
5249
3089
5388
1400
3763
5919
4725
2483
5322
674
2133
668
9988
6607
3028
4713
4727
8568
10029
9637
1683
5587
2465
7409
4657
9489
10034
9659
3214
4486
641
9068
3235
4713
1053
5383
463
611
211
2364
1725
5430
8263
5328
1751
4486
3132
4990
7864
8026
3322
2293
4724
1704
649
9461
4424
8475
4469
4043
5418
3142
7426
3259
2661
7530
3536
2359
6930
4809
5484
1911
6630
3548
1606
6783
672
3030
6271
4222
10002
2421
1447
8438
1755
4659
2616
2095
1754
6967
7559
9924
1817
5037
3320
2913
7203
4299
4682
4996
3965
2211
10034
537
4809
6580
5924
3185
1353
3652
5489
9487
2279
3942
1817
6607
7310
6009
2152
8169
4624
3172
4467
4722
5152
6813
9361
3249
9643
6787
1294
1457
2669
2289
1191
3218
7515
1755
5135
3033
146
8703
4851
824
1530
9674
9145
2415
6974
1754
4724
8703
8784
108
2916
6870
2604
8251
162
8976
3772
8021
9190
7206
3668
2789
4146
5517
4279
677
2544
9472
5350
675
4733
3058
6032
3885
4723
9954
3006
4817
7828
3057
9789
3672
225
9972
8009
3333
7000
4079
4212
2275
2079
4092
1249
157
4630
3581
962
4415
6009
7501
5867
3212
9677
971
1103
517
4473
3652
6717
957
654
2924
5414
1958
4288
7160
5693
3358
4534
1726
1104
5587
6348
3532
7928
9582
4795
4396
7871
4823
4378
5978
3468
2338
4242
2449
471
1868
894
1549
4996
1821
6487
953
5946
8127
9660
4128
108
6136
2516
6292
5004
2831
1209
6348
9257
2694
7508
2981
9765
3534
2792
877
1103
372
2005
9725
9039
8337
2749
531
7140
6899
5087
9001
2908
4699
9918
4757
168
5604
2795
6047
6136
6193
4093
8246
118
1791
1878
4614
6629
6243
6884
2564
4480
2694
3581
2219
5859
7805
3051
1079
9847
1226
1914
6511
4604
667
9834
3185
3212
108
1829
150
3823
6271
2186
3122
2727
5617
9650
9675
699
1569
7568
122
5604
3030
9640
7946
1063
2439
6114
5573
7151
7525
9708
9932
10034
5615
690
8887
3787
2368
9210
133
23
2746
6054
2391
2828
1320
499
3672
7465
1972
8803
3021
9535
1579
439
814
4833
5879
5087
2688
5795
3915
1520
108
9259
1050
458
5140
9993
4242
5891
1209
1053
9809
6766
9038
1606
162
8795
6842
6407
712
5457
5600
10027
2172
1413
9068
1934
4652
1966
107
1374
3520
2483
4493
4228
4368
6009
4181
8394
8856
9170
10005
5725
3582
7206
7586
5683
5377
1975
5542
6867
8939
2760
1843
2633
4788
6407
107
2300
5887
9066
9068
4490
240
2904
6005
4086
9264
7427
3862
3365
5861
4043
4839
1483
8475
6357
8933
4128
1027
6598
1124
3468
3162
4403
4267
4392
9643
6027
3623
2346
9167
4588
6361
4894
8559
5957
249
5229
7203
3150
2375
3096
6655
121
6513
1184
2152
507
8755
5428
1549
9532
2145
4724
3794
3134
702
4923
2320
7286
4835
7184
9260
3428
4746
1174
2147
795
1271
4660
1644
2152
1975
2975
5616
4571
3983
882
3369
3369
2501
8940
5009
8263
2727
4893
3442
3623
8611
1791
8943
4449
649
4815
1626
1781
8212
9245
3363
5247
4177
5406
6487
3866
8856
72
2379
4260
3684
674
4849
4309
3927
8212
5324
1483
1662
6101
5501
6559
8559
7432
8664
7924
5399
4740
7038
3983
5133
6101
7057
5992
3967
5862
3652
2152
5564
1734
128
6196
1549
8568
6870
67
9469
4910
1262
2068
4363
8467
675
2449
793
5296
512
7057
4204
5518
2924
1902
2162
4609
9170
6462
9265
4992
509
5666
3474
1734
76
8244
6718
4165
8337
2126
5984
3621
703
6193
118
6384
6149
844
4749
2832
4541
7316
9047
1791
5713
2196
799
1934
6082
4757
6598
4043
6014
4392
7029
5009
9724
5899
5088
4406
115
540
5088
5223
2133
4597
3692
150
7223
3973
2031
148
3672
2346
3441
150
3320
3265
1800
2264
4612
23
5425
4301
9149
3848
5324
3812
3676
9847
8522
6047
507
4744
5822
6382
2350
5849
4612
10034
4809
8406
4725
6004
263
4524
4809
7712
4809
2483
559
10016
2002
8814
5953
7874
702
2761
128
4242
2886
9999
2926
507
9088
6386
8018
2591
6745
162
9076
8855
7158
128
9712
3516
108
4486
1271
3336
1609
8128
4263
1080
3455
3916
211
871
2475
8465
5402
7779
9245
53
516
1689
3772
5328
8634
1609
4402
2991
2821
4541
2501
2312
9713
3530
3293
153
133
9650
5659
6213
9145
6648
1836
597
9936
6607
4770
5269
10044
2032
9660
3581
3466
826
9903
1358
7194
3172
4023
5318
7029
657
1375
2913
1725
407
180
5732
4915
2011
1663
1526
3336
6312
3103
9932
2017
4746
5599
5256
4309
5030
6192
4242
5418
1561
2489
1614
1812
3916
142
4389
9507
6312
2314
4011
6400
8174
9068
4275
9784
461
6220
7709
467
4925
6962
2602
5232
9451
9530
9255
72
2784
4493
9883
4837
512
9296
2942
675
6783
3525
10029
1103
5889
7343
1745
6894
5232
9650
6849
1842
6395
9612
4755
5425
9177
2709
5587
3162
5857
9637
2981
1179
5469
1549
1359
1858
8429
1439
122
702
1562
9530
148
5879
4984
4584
1318
4984
1358
9947
4389
9250
4538
1874
2319
4189
4149
871
187
3069
9647
5969
8475
1461
8018
283
2244
7798
8427
9451
5278
5441
9922
6722
4136
5604
615
7786
2027
4237
6220
8852
6126
9245
4724
3793
1750
9465
1307
7031
3051
7723
1300
5958
3369
5333
8659
3323
4490
5573
1430
1568
2426
1346
1663
2628
9659
186
8247
70
6272
6945
4813
5184
1911
2262
2082
1972
4522
9906
9257
1755
2262
2661
1214
6288
975
3154
7047
5951
5026
7083
2259
1411
1396
70
8877
9090
10026
3492
4435
3950
3403
1606
4991
4630
2483
5253
9487
1081
3783
1495
7517
4200
4098
5518
9359
4379
3844
37
1787
9390
9264
9474
4925
2300
5949
4405
4988
6038
642
1307
1259
9812
8865
461
1349
948
2778
7681
4823
1838
128
3787
1133
3296
8231
8664
1593
4582
2508
2908
9968
289
3838
5399
9288
7549
1791
7881
2626
6410
725
4340
3220
9445
1099
8164
325
4230
9660
1099
9928
7260
6734
2497
9465
4021
9918
4588
5598
4294
9797
4914
5659
1899
1134
2332
4336
440
8735
7788
8057
9136
4264
3500
2767
3027
3571
1564
2030
6136
6114
8943
207
5096
1167
7549
3427
6480
4158
9658
6722
7868
5284
6757
1195
9765
7343
5655
5205
2376
2196
9656
2709
2613
371
6480
3034
8825
4181
289
7681
30
2162
7734
9932
4813
3754
5201
6930
9907
4944
8865
597
7072
4838
3072
4451
463
8432
2650
5472
5978
6973
6984
6373
4609
8594
1579
2937
3756
8380
966
1085
4770
4408
2026
9717
6884
401
290
7349
8514
3571
8272
2758
2602
4794
3962
9445
1468
4795
677
962
1400
6331
3399
2893
2762
3700
715
5556
7409
9972
3214
1549
4910
6250
2426
9510
2660
6681
1198
3128
1878
2762
9199
1851
1858
9849
313
5993
1212
8080
2312
8639
1113
7410
6161
4990
4128
1629
1972
2379
4659
2072
9471
125
8514
8559
3499
1353
882
7517
5351
2401
5773
4368
6011
1549
5296
4242
2838
55
8647
4910
4677
6210
4388
4473
238
3336
6661
5538
6609
7902
2786
5408
3802
6410
1800
3075
2449
7029
5388
9949
4910
7899
5320
4717
355
5073
8753
7511
6173
7301
10047
6863
6198
6934
5385
1081
9643
9765
5177
4043
8186
2565
3033
971
6480
7947
3546
2916
6813
2673
2493
5322
5971
6994
8822
3322
245
6382
2079
1825
642
4475
9916
5896
6973
3309
4970
148
9257
2427
4660
2141
3739
4571
9489
2908
73
2027
9273
5441
5625
5905
5388
3458
8224
8014
8022
8367
3637
2796
9540
8174
7940
6650
3369
819
9695
424
4911
6474
8144
1944
9606
9660
9807
8753
2476
6750
1689
1766
9640
3229
5450
2941
1627
675
1353
6655
4976
2823
6277
5617
2739
9220
454
9976
5401
128
10047
4056
4928
5840
1791
1078
3213
9714
5611
4659
8237
2116
8277
10003
6772
1148
298
2310
7866
3927
4204
9680
3363
7435
70
2626
4073
9597
2811
7083
2011
5292
8940
457
4534
7584
5946
5682
5099
7223
6894
5256
5351
4250
9591
471
844
1556
1628
1922
8514
2979
6516
6169
1075
2908
5381
1638
3605
8614
5475
9732
5048
8171
9261
4294
5773
6011
7245
1878
9929
5364
2322
2537
5058
6331
118
6173
2916
2011
8022
1800
3758
5203
59
1689
9497
8212
8402
4982
7066
3468
2602
3710
128
4539
5236
2314
4774
7149
6080
3528
178
7500
3439
2809
5390
2483
6207
9612
1786
9474
6098
9489
6605
2904
4089
5272
343
1433
9751
670
6087
7029
1099
6937
2751
4473
8782
3082
3380
8731
51
6003
111
3336
929
2478
3815
1264
5658
9675
2501
10014
7361
8531
2761
2310
4043
1855
4839
5332
245
2641
206
2772
6272
7787
5322
3593
3331
6072
368
7500
215
10003
9953
452
4091
4233
5824
1219
2741
259
690
3336
8321
6004
7940
7036
1926
9461
3355
9199
843
8427
3971
2814
2040
3604
9710
4974
3080
5990
4302
8102
1972
3927
3441
2938
4534
9584
5455
7190
5399
73
491
4570
1198
682
7982
4301
2061
4389
2237
4425
576
4839
5441
4058
864
7204
9802
3927
1266
3030
4699
5262
6598
4011
1133
1044
515
884
4486
8376
1950
2125
7195
6734
2564
1631
5045
3621
2787
1662
5313
3488
3239
1294
3235
7497
5902
9809
6717
2635
712
707
1167
5208
1625
5472
5238
7397
4093
3234
118
1457
1640
111
137
1819
3558
3081
962
2375
6311
2279
846
4985
1825
4681
7671
1564
8012
118
4324
6896
4657
72
7409
6307
408
3320
6995
1218
1174
9310
2145
207
5915
1766
5957
6373
9585
3336
4041
3492
6407
6870
9535
3822
2152
211
4113
3551
3248
1944
10002
5223
3213
2932
1133
8895
4750
5325
5951
3405
148
595
9965
1865
9580
960
631
4231
4886
1889
4657
8291
5599
4910
2628
6000
595
9721
6145
2116
8433
4656
4707
1663
8018
5640
1075
4878
9085
1934
2688
2532
4058
8315
8574
4490
4149
9098
7498
4451
7319
146
3915
3518
5350
1846
7434
5541
7426
9696
2515
5861
5353
971
804
8815
9933
1878
8696
9288
1746
4199
9235
7951
5160
2385
1198
6298
4189
3099
5485
2709
2094
9448
2939
4711
2476
1400
6559
3950
8723
9628
4011
8502
1623
2244
2769
1332
1549
10017
10003
5957
3451
8815
4290
1651
8465
1677
4408
8779
1138
2908
1529
4651
6293
8335
6373
1818
712
4486
2712
5549
5381
8099
1348
7530
10003
3143
6872
72
2541
337
1440
5364
2406
4493
5225
6643
3183
10034
3282
7962
3531
6655
1827
3159
9245
5278
4750
1546
1651
355
7106
423
1866
7158
9868
3018
4230
1279
8779
1662
7027
5617
2995
3290
7874
4300
1800
924
6631
55
6098
1271
4839
813
2757
5246
6184
1656
8939
6046
1766
2072
1663
4724
9465
33
3140
702
2501
5573
3978
4988
9954
6043
788
1549
2626
9884
8629
4326
2371
2660
5742
525
6373
7324
3122
1495
3510
1191
9931
2626
826
5611
2526
864
2439
4925
6267
2068
2495
2014
274
9654
2786
9636
6009
2083
9901
7867
2853
5292
8621
5839
4121
1162
9791
8880
9929
2646
6995
9813
5293
5882
8459
5201
9798
3768
4746
1413
9953
4371
8605
4397
2516
4723
9530
42
4571
9725
8862
7722
351
4522
3262
4802
7003
10011
1473
4435
7500
799
6580
246
1828
6161
8813
4743
9902
4772
4606
3500
715
5992
10017
9233
631
4013
3183
5245
9170
6823
4611
2320
4715
5800
1344
6813
7526
2495
3331
3678
150
1689
6382
5293
1549
4079
4849
5195
4933
2448
3174
1704
4651
6175
3765
5984
6243
4326
1057
1549
9555
4102
4984
3020
9612
4880
4914
5827
6080
9578
982
4242
148
8593
1521
3833
5584
3052
4044
216
3441
9538
8497
2141
9940
1880
4724
5324
6136
3558
3785
5270
8392
1562
3366
2833
3275
950
5329
6486
632
5958
2125
5221
5367
5180
4054
2391
9078
2105
8861
2751
5615
7008
5998
3239
7850
3364
3070
1207
2062
8473
4260
670
6271
150
5606
7333
6024
2168
5454
7786
1562
1898
8017
4366
55
8923
4614
5328
8540
4917
1117
5473
7566
9938
9899
4080
1726
9274
1344
4970
7874
9453
8559
4230
3710
1914
4656
4838
3651
6779
7712
6169
4733
9939
4692
4382
8100
4829
10025
9712
4833
5441
2242
1359
7924
551
1215
9798
365
1878
5457
2019
4392
1640
7962
824
6580
4045
5012
144
4473
9108
5232
607
223
5441
3887
5162
5655
698
3082
3571
1124
5642
1099
2923
9883
5073
4090
6101
1253
2954
8361
2391
7395
374
2709
1826
9709
4755
1320
3214
9597
3089
4396
4659
2969
1734
3374
4833
6136
957
2688
5682
688
3168
984
9088
6285
7122
302
9224
6647
97
1663
5364
1565
8595
3484
4522
4324
7924
9255
7537
4910
2412
4900
6655
1294
5617
3738
4933
7934
4594
9699
6656
4660
5099
2965
7980
6470
5958
2903
7689
107
990
2358
10001
4614
9584
7058
2584
1439
354
7203
9979
231
3028
1061
4933
5441
10044
3965
5467
1794
7923
1725
6032
3331
2462
5278
7534
7036
1079
6470
3551
4102
2702
2027
3637
1838
9489
1548
8795
4754
8782
5795
2186
2872
9270
826
2535
2658
2626
5824
6294
4891
3802
9680
9381
4910
3029
6207
7169
6271
3958
4013
4839
7307
246
7107
9807
746
6114
3216
3275
7081
846
688
1344
8861
9149
9425
4189
4281
5154
4976
2749
3142
2709
3262
6633
5887
8815
8594
5964
2281
501
455
9406
7072
9713
5475
2244
6229
1677
1457
9854
4559
458
3714
1910
6523
8188
3365
1018
3107
6493
3731
7534
1316
6306
5222
6386
9902
614
4541
4424
8060
8392
5284
9359
5173
2406
1061
4179
6121
712
6822
4891
10027
8400
4242
3006
8545
7061
6470
9123
7082
2652
207
70
5537
2836
7649
2425
4185
1791
9465
4260
5617
8893
9939
9619
6136
4839
6198
9881
5364
4396
2385
3668
2591
4227
1579
8402
1529
5889
5992
5454
5655
4435
1553
1004
5530
2797
6373
5325
7342
5378
1162
4750
3004
2932
9985
9038
5428
1734
3214
574
5223
9228
47
4309
1956
2017
3212
2244
8832
4717
3263
4092
1055
5868
962
4879
295
5587
6539
7946
6384
728
2371
10001
1473
1412
5176
8354
9810
953
5253
6175
4541
6559
2019
3458
2321
3752
5425
5109
8562
7788
4379
3033
3652
1763
6331
9885
1791
1736
2027
1549
1073
2027
1115
9756
4280
3763
4324
4119
1908
2975
1289
8394
7667
8014
9406
6192
4233
3951
5553
4570
5009
1338
4378
4733
1348
4707
7155
2244
5004
1549
4870
9264
9245
2872
662
2670
10004
4772
4682
5920
788
113
2244
5537
712
9936
7485
3050
4788
202
6640
9545
8731
5388
1620
4849
8106
3000
8467
6801
2082
7250
8370
5352
2374
3365
8482
6532
6710
5399
289
115
1791
8467
369
7312
3366
1766
1349
5097
157
2011
3774
8928
7224
642
1592
3691
2279
2478
9973
4507
3638
2032
2483
7206
8317
296
1549
2674
9597
307
8884
4724
6612
2244
6405
525
7169
4625
5604
7645
5272
9952
117
2540
5661
3924
1569
9296
340
1838
864
1261
3492
6043
1938
7071
6884
4687
1999
689
3757
9388
8884
2196
810
1134
86
1464
4179
5911
6217
7458
1241
4058
4459
150
6364
6439
371
4657
2627
5590
366
2538
483
4382
5050
1663
246
5332
3342
8013
7870
4727
6243
4762
5556
7102
4911
3787
1902
6384
1943
4189
229
2932
7898
10027
4158
367
3336
4301
4632
1115
5625
1612
1464
9829
7075
3358
1530
6082
1246
6486
2942
7190
3525
9071
5574
887
8503
7583
2483
9811
9924
7573
9941
1962
2768
7712
2613
5096
8326
5823
6655
4724
1371
2439
4128
7544
3758
5283
3320
1453
813
3884
2375
6343
8100
509
4270
6995
6722
2483
830
3787
2626
9170
6655
5993
6410
3336
2017
8803
8105
5828
9000
3965
2371
4724
2052
2216
4093
8943
8337
2788
215
9170
3676
6019
6184
3971
2264
2129
1629
2379
1285
3253
293
1553
9149
3124
8026
2680
6231
592
2680
5896
8263
9659
8647
3862
7973
2515
9845
975
4625
3860
2488
4873
9331
8105
4106
1443
6862
4743
9622
1146
6134
1890
1549
115
5051
4880
2274
4929
8174
3756
8370
9406
4604
8106
5441
7081
1162
4242
4326
5262
2616
5186
2556
3451
7146
4820
3822
9053
1894
3258
7529
2641
148
6647
5573
9222
2259
1654
2489
7863
9813
3787
3426
3030
4823
1914
112
9474
2957
9870
8458
9691
4473
8315
5377
7969
9024
9045
2872
1370
1800
6441
1585
1838
3791
5349
8014
4681
9654
8818
3183
391
3181
4952
1546
2488
8350
5232
4794
2660
9257
33
8337
8181
4439
6024
2421
8779
1914
2965
5951
2938
8243
4651
5915
7132
5599
5823
7065
5675
9453
9474
8184
5587
6710
8562
6213
4467
1590
1592
5742
7047
6490
9540
8800
2501
1786
3978
9465
118
9457
4041
4339
1751
9907
3021
1453
8004
1198
3174
211
5300
4865
715
1878
366
355
4669
512
1256
461
5998
4309
6828
5675
871
5009
8636
9043
613
72
5499
9647
8981
4251
2145
9471
1766
6722
5009
7563
374
3004
6114
2616
4744
9589
9518
3212
1362
948
5691
7788
3139
4601
2244
3212
2077
5773
4158
4665
3927
4363
2218
1195
7649
8184
4475
9451
3877
3323
5154
1075
9660
5393
8837
5433
3862
3168
4629
7190
1914
6544
7926
6300
6087
1819
3185
68
641
3540
9993
4302
2050
3216
285
2602
1878
1972
4119
2660
6493
7568
5392
9680
9863
7243
5167
7640
6300
83
42
1966
9177
8253
6009
6900
1123
111
1061
9936
454
9654
4563
5590
7566
111
9908
6610
1176
3313
2049
1549
4810
6485
1668
4588
2425
2026
5245
9978
4275
4724
150
7037
10028
9255
2259
386
5009
3968
704
8189
6872
2462
3622
2321
372
9829
5423
206
8037
7384
180
6650
9071
3234
3853
8887
4459
3872
9063
7719
736
6981
4727
4539
6834
4628
6370
2483
1207
5256
8906
6643
439
4870
5819
5694
9454
9053
1521
1174
2176
136
2368
962
9781
3738
9182
6287
1161
207
2544
8634
3958
1464
4231
1218
8168
1320
2926
1353
7718
3787
5157
434
9685
2602
4839
4242
2838
5510
1966
5325
8887
795
2969
128
2901
7436
6307
2817
2784
2804
6493
2781
9982
3069
3061
5223
3293
1763
1043
1556
9245
4136
3942
8948
5517
4733
1967
3727
8243
412
9218
3828
1486
1546
907
5584
4596
5062
6663
4023
231
3690
5088
8013
2421
5422
4749
2483
675
2904
4781
9836
9836
5917
4570
6766
118
5551
2290
2941
7798
3838
9871
2016
8085
3214
99
6643
4469
205
4406
8186
5313
3060
6184
6894
6298
9591
5624
3024
7646
5697
6605
7902
690
2659
10034
6114
8247
3275
1654
4544
1726
5232
434
958
2910
3082
2872
1893
3772
1922
1429
2873
3879
9261
3913
962
1413
969
9061
7566
2712
3218
9845
2330
6011
3942
4504
7312
4829
3405
4233
9406
9797
7875
9743
6967
4817
10027
4513
8667
9497
4524
1369
8733
629
4985
2322
3320
3336
2995
8597
1428
5971
6900
3364
6275
4493
5551
8012
1350
6653
8784
7757
5001
235
5278
7426
5484
8350
1266
1358
2072
5557
6674
3785
1930
7942
9853
2946
4849
3107
363
8041
3162
7465
4824
4478
4231
2244
3155
9136
1881
153
4227
9608
5614
7029
6973
4324
6523
3885
517
111
4875
295
8101
9454
4909
9658
5824
2254
285
4263
349
2340
9872
4279
5858
122
4163
6243
8263
104
2626
8884
3088
5611
1944
8947
2244
4717
3582
2483
4640
9489
6590
5388
990
118
5352
6968
263
5867
1438
4475
2979
2216
8470
8388
1967
7798
4640
7641
5338
3725
2141
295
3550
3380
2592
7952
3943
4933
8394
148
3951
8291
5905
5322
9996
3942
8543
6428
2952
6173
1839
5823
969
2466
3613
5867
455
4548
5828
6834
3491
948
9167
3107
364
401
5640
4128
118
8148
9518
9078
9366
5481
6267
2984
8186
9865
6134
1438
1285
7937
7870
1745
4129
674
10017
657
4378
4522
1353
1549
4988
3622
3638
5971
8782
4512
3286
8568
4606
7382
3869
3967
2859
8394
7565
3234
1075
695
9215
2429
9457
1247
9381
9068
7118
6590
2244
8531
2475
1744
2872
6159
2449
2020
2582
6625
4119
9942
3198
9582
2804
4625
6213
6580
1663
595
1068
4522
1934
9724
7728
8212
9982
9423
7498
7752
1438
6000
2830
5332
680
8094
2376
2027
5245
1619
2353
2385
5236
5037
2027
5329
1908
1529
7038
3468
4951
137
7191
1211
4795
6292
5580
8426
1261
1835
4588
1167
5946
3982
1433
3143
9931
4682
7349
6311
7361
9406
1264
2872
4230
4573
463
3692
7194
2461
7918
456
5905
9045
8718
145
2128
6694
3855
2570
2859
4288
2004
4467
8392
3396
2735
3048
5617
9145
211
9492
6974
4493
7924
9928
3154
112
8709
7962
511
5181
5450
1004
8475
2556
2339
2466
1944
207
3525
5510
6136
3132
1791
460
4128
3002
7952
5822
9830
8917
8017
6932
9461
8227
3750
2002
9952
7689
2040
9487
8199
6914
1107
2290
4493
1413
2746
4802
1044
627
1836
8538
6873
7645
3624
3639
9058
4290
3331
3618
1300
4376
3150
9331
969
7072
3401
7214
3623
8506
5338
4513
3075
2904
9424
9001
4717
9696
6483
48
2179
4243
9310
2019
3028
2280
4480
2659
6272
9921
5042
1891
6486
5232
118
5617
8684
3572
9712
2135
3783
8756
916
3439
4849
9680
3972
7530
5401
2972
3872
9675
6114
7757
1553
5899
3787
1847
1636
6663
6348
7140
1162
8149
2172
228
9982
4435
4269
8278
2989
2320
3331
4180
8373
6656
5181
9218
3574
1585
5483
531
6271
7788
8497
3754
2650
206
2660
868
3884
1176
5896
2461
4640
4086
7249
2578
1413
3765
2385
2219
1794
804
4632
4532
2664
5328
5181
8453
7692
8803
1294
7629
6407
5229
2250
211
3861
4544
3132
5246
4011
6490
4861
3927
9675
10044
8065
3403
5088
5607
1817
2358
2322
5905
1430
7465
6044
563
2478
6121
6237
5468
670
5433
5385
7432
6436
7356
5789
9580
2959
3033
5163
6104
5332
2539
2595
8250
5352
7840
4382
4129
4121
9988
2376
8723
6867
7960
4385
2296
7627
5201
4392
6493
3272
4838
4815
3787
5990
3783
7787
4614
538
4230
367
4727
7158
3622
9045
5725
6967
7003
3881
393
2946
3884
2659
150
1113
9972
2832
451
5406
358
5984
180
9448
2674
9871
6382
108
3652
4833
1148
1791
1819
8850
4395
7786
2316
150
150
6193
1654
4740
1496
2043
423
882
9675
9274
6511
9661
6902
1078
4813
5606
2244
1107
7058
1427
4935
1371
4389
2244
5546
9071
108
1648
9654
3942
4286
7866
7036
6483
8367
6537
5450
6884
1546
439
8238
4092
73
2002
1436
8664
3881
6631
1089
9359
9813
4976
1791
2626
4107
6586
298
1734
5905
6080
3110
9967
1358
9985
5984
2152
1050
9039
2752
3879
9673
7031
1252
7786
1338
4631
2340
3778
461
115
9497
3623
5584
2275
8821
2703
3263
7565
1822
5073
9658
8394
4760
6312
4136
7289
4070
9890
2661
2118
4425
9128
4260
9854
9640
3494
4045
5031
225
4681
4290
2689
8607
5643
8862
9419
5296
2322
4873
2155
6598
7026
6428
121
8237
7118
1668
148
9790
7026
2152
9296
9966
2916
4817
3934
1972
3624
2482
3066
5201
5164
10027
9878
2121
4395
8500
9791
3972
9471
5920
5216
9209
3491
9469
9990
2537
8662
6079
1319
1413
6336
6192
5180
6766
8800
7608
9078
3377
1123
6054
6407
7863
4962
4044
3787
6675
9063
8803
412
1818
9717
1044
6518
7142
5223
2817
3494
4406
8678
1162
6027
8435
9265
5328
4009
9901
4817
5009
670
3918
6956
2219
2660
307
1726
8928
5088
2853
1241
6033
7559
9982
2072
3262
5353
4740
6940
2661
70
1791
374
4945
5133
7944
6854
5045
4451
2924
4894
9637
9540
2636
9255
6231
4089
6435
4757
6271
7233
9098
4865
4165
4522
8122
1791
6544
3029
6032
5431
528
3657
6757
4584
6012
6661
924
6606
3168
9770
388
6967
9457
5320
990
72
1725
4171
2812
108
9633
2661
2524
4180
412
2791
8825
9608
8831
5828
4009
9936
4743
9448
3331
8718
1600
2327
642
1483
3918
4974
9472
7786
3877
2609
2083
7480
7719
5604
4061
7704
6078
7006
2495
2275
6192
8482
5803
8038
5867
5469
437
9064
9853
9489
2760
8177
7664
7616
107
3027
7984
947
8021
3684
8253
7008
6250
1077
4089
1562
108
6884
7798
2152
4928
8131
2526
3150
211
1125
2317
7926
3000
6902
8212
5283
4158
2821
2241
8822
5367
1492
5510
3288
3611
2160
3672
2271
6686
6620
340
1176
2314
376
2389
2650
6527
5750
3214
2368
1437
4288
7810
3041
6386
6480
9866
3296
8884
415
4699
3155
9976
1305
9849
6084
9696
1435
3213
6633
233
3399
813
8263
7436
6032
8375
6104
1134
9871
9762
1400
9314
9589
5475
5541
2584
5861
3918
6750
9063
3893
830
3828
2066
3272
9870
2244
9632
7506
1794
3984
4754
5518
5655
5433
48
168
7438
3850
2652
5809
1950
2524
2834
1549
4286
3972
8216
2449
1746
1766
2913
4402
1053
9259
4985
2449
3320
2828
2318
9020
9660
1641
8699
9670
7973
9647
1316
512
9923
4914
2062
4237
40
1549
189
2017
5237
6474
2026
5920
8906
1214
3877
4300
2273
8009
5037
9465
1107
5176
2002
4199
2759
7874
2946
2916
8508
5247
8620
6271
1640
1146
2935
4833
792
7799
3750
512
70
4459
3704
2211
1744
9538
8562
207
1822
6222
5969
371
2788
6044
7342
8943
2005
2449
9999
2646
819
5238
1683
4270
1300
1320
944
1213
9830
1162
1755
1019
911
5163
2389
3536
7888
3315
3884
3791
5891
5050
7791
7961
3934
2759
3494
8212
2537
8232
4327
7926
3212
6121
6612
843
10014
1909
3638
9130
1027
148
1265
1565
1261
4833
9483
274
4809
8305
869
3185
975
8243
8839
8358
2027
2768
1671
8514
6260
9136
5469
3851
7365
107
957
4820
7788
1791
5993
9654
1549
3285
1802
76
2345
7980
4493
9422
1908
4835
884
9899
1549
5659
3089
4839
3020
4279
1825
5950
2278
501
2966
1909
4146
8851
10029
3915
3611
2374
7497
5948
1427
9851
1556
186
3415
6631
9451
249
4242
72
9471
7243
9474
163
1786
1644
728
4702
7940
579
4388
6292
1137
6370
7424
6000
7788
5538
2339
8659
9492
1148
9695
4629
7609
8244
8026
5004
1914
5472
2604
2461
3881
6688
3081
3405
3183
5822
3790
2016
7834
4598
6357
3967
512
680
7539
9825
9454
9762
9673
6769
1916
9180
5431
3783
9785
3072
9190
985
5823
9071
2841
73
1883
2043
4988
5423
2238
9008
1073
1053
9968
464
5249
5428
574
4982
6710
2498
3623
3526
5222
4197
3140
5367
2790
3881
4743
9076
6299
2268
6845
1198
9612
3366
4770
6011
3850
1895
2375
9388
2262
5683
5238
9928
6629
6336
5902
1843
3577
3288
5473
8087
366
9865
4721
8128
10011
3000
3793
4692
1099
7563
2475
2488
47
3364
1319
2316
3950
1736
9409
4242
9170
7563
8361
1019
9550
7982
1318
207
5542
4389
3229
5472
115
2152
9659
8164
238
1663
3950
8137
7406
3846
4986
3887
1005
8250
73
7072
8545
1899
112
8800
3399
2315
5640
1764
7342
1179
3311
5026
5984
5348
5296
8101
4087
5915
3950
5052
7495
9209
6630
5490
7190
8543
8263
2372
920
4724
4685
156
3181
1318
5993
3848
3403
9296
118
412
115
3212
108
1061
48
428
5353
725
1110
107
540
7220
2032
9981
5009
2152
4552
5181
9907
6134
4473
107
82
424
7047
7066
8855
1619
2763
2031
6299
7432
1279
2219
4137
3380
8562
7247
5485
1962
9449
4362
1922
5517
9330
2814
3367
3479
3692
4712
4559
8976
10002
2903
8887
9768
3560
6580
5887
688
4309
8237
1320
4646
8086
412
8290
6894
4269
1099
8435
2099
7573
9492
5870
1146
4974
5325
6395
9834
7203
1794
2965
4522
7627
4227
3250
1209
3358
4156
6778
1221
2179
824
4914
1073
1734
9469
6271
957
5333
4291
6081
1553
5957
3510
8026
2259
1847
793
4641
8636
6695
9637
1393
10034
4185
4754
1827
3333
2483
1262
273
2250
6604
9245
2757
3536
1889
7612
2368
4044
7762
7873
7008
7517
7328
371
1176
4008
1057
533
1812
4180
2814
1103
3892
127
8621
3500
9457
9180
2347
9043
3035
8947
1950
6527
4183
767
6679
5112
5448
3510
9145
9685
1438
3758
3764
9149
7166
6899
7132
130
1785
5902
1553
2158
4516
9451
336
4290
3002
5428
6075
3080
1766
1958
2495
9737
8090
6822
2680
5441
4264
8100
4996
1609
5494
7511
5990
8187
4582
2586
211
2483
6428
4558
7565
1306
6986
1827
2801
1975
8165
9947
8953
6405
4021
6435
4098
3934
2556
8981
2670
302
8018
5590
2062
4066
1663
5317
2252
5051
5984
5135
9497
2095
3879
9012
5653
8795
6098
4180
6032
5624
1198
715
4558
4137
1930
3704
785
8517
758
7940
3451
9628
1929
6338
3168
5329
511
2389
4911
3984
7188
5272
2558
1354
5946
8454
59
2772
6561
3285
4984
145
4991
7343
8925
9218
1226
5861
6005
5668
5607
3962
641
893
4504
4552
3396
6713
2421
826
6121
7195
7926
5899
3236
2957
4280
1791
2271
5349
6638
1750
5990
813
1123
4473
7575
8433
5962
5423
7517
3546
2792
2496
4162
2244
2748
7378
5915
3765
9190
6109
9540
7488
5606
8761
3691
6603
6310
4935
7563
4137
1428
8085
5133
4562
5917
4013
5388
1561
1256
79
6937
727
4199
5600
4615
8887
2292
6937
9274
3755
9260
2292
5546
7734
4584
8461
2152
5337
461
206
6474
6870
1348
9947
4976
6718
2259
186
5564
10025
4230
9457
5249
540
5390
3532
3657
6250
8131
3082
5683
9650
8727
5557
6373
3255
4915
8659
2570
5088
1374
5430
1193
2014
9665
1902
1473
3290
9725
1380
416
6518
148
2923
1219
5948
118
7963
3468
1124
5414
162
5329
5200
4172
4601
10029
2591
6656
5430
178
9518
1376
9723
1449
680
7712
9359
6458
2792
5614
8825
7954
207
8363
3471
307
9045
8478
7065
9922
3907
3942
10044
2658
5887
5012
8184
2460
1561
1174
5959
547
1182
2828
8861
2275
1562
4839
6386
9725
3285
1651
1264
70
2926
2011
70
2674
9433
9451
9439
6136
8080
10001
6184
1668
7692
3214
6694
1393
9058
5683
8026
285
5270
2027
6589
1063
8731
2010
5425
6386
4507
4594
8540
9249
9824
5378
8976
9621
1956
3892
1325
5590
1191
5819
6474
9999
3502
4659
293
982
3924
882
3035
9346
6080
1638
6250
4986
55
4396
3060
7329
592
491
2894
9961
7641
10044
5428
1413
2910
5450
5530
2129
8421
9976
5408
8647
1975
4451
3474
5902
2372
3322
5292
1681
3124
2557
9038
1549
5326
111
3622
10010
40
7038
66
1311
1400
6451
6081
4357
250
8105
5352
7788
7038
3139
5272
4532
9064
1258
4398
1909
2498
3842
2030
8458
5542
7939
8098
629
2923
4478
4911
758
4490
5162
702
2872
3143
4711
290
1704
3918
9752
7426
1393
9366
9090
8137
1050
2666
8186
3869
8158
6109
3326
406
2244
7419
111
7369
8364
3381
1287
2481
761
1590
5160
869
188
2426
5857
3927
3510
3502
9898
920
1577
7174
262
8634
4220
6198
8375
2371
3381
4008
6759
7155
3842
7961
868
1081
3785
2338
2688
5406
4068
1642
8433
2928
6026
5133
1565
434
3934
1562
2952
3548
5418
5600
290
1320
1956
9088
5428
1264
3525
4824
7873
529
1080
3363
4106
156
2769
9877
9346
4630
4448
4548
1419
4746
9550
2501
4113
975
6219
2873
2550
1564
2227
1464
1577
8438
9704
2346
3268
6748
3622
5223
641
3331
1198
5998
150
3704
9843
5388
8694
3689
1585
1549
7289
5225
7209
6713
9632
5167
5984
5917
9459
1548
3593
1902
72
3668
2688
244
7718
3367
9423
240
55
4991
8387
4512
7858
7973
8387
471
1319
3426
7226
6695
6024
5866
2209
8990
1663
1819
2011
9010
3331
2211
9680
4418
1402
656
3143
5615
2855
1004
6631
1325
1548
419
4839
4985
4840
4744
2296
4113
2330
8428
5138
1941
7719
4669
2085
3739
3690
9069
7312
2346
1338
9249
4851
7145
6175
59
9660
6036
3978
8373
9250
1763
4286
2641
2604
5748
2795
8884
215
1434
3972
5891
5643
504
142
2991
9597
5176
686
90
7554
425
1663
2367
1043
3958
7500
9409
7764
8081
4009
6661
8865
5062
7737
4418
7395
7942
3785
1744
924
4431
3055
7440
9265
9445
2810
2057
1103
4893
2981
4657
6605
376
3168
4815
3149
1103
5600
3668
5278
8877
3293
4160
2853
3181
3624
3707
6101
4385
3892
99
4893
6038
2670
6288
7871
3613
8810
3916
1791
8272
1585
2258
6260
2372
7146
9908
1289
2694
6932
2924
1549
1838
540
843
7365
5232
4243
2830
157
9066
4559
4724
6298
2471
10010
8889
7078
9088
8686
2604
69
4937
551
4504
7435
1766
9907
9712
293
1592
163
496
9907
9071
1629
108
3958
6032
518
3336
5607
3486
3369
3884
2359
3363
3927
5590
595
463
5049
6109
985
7902
4467
6032
3551
1697
7784
3725
211
8539
4744
1179
7308
8231
6147
186
5303
6900
9899
9659
7194
2218
6307
3812
2512
3330
2176
2626
7899
214
8634
2602
3057
1473
2790
8703
8373
2699
1483
3553
4722
7950
2152
3335
5859
4180
5229
4191
1890
7686
9656
712
4570
1602
7609
360
3623
3096
9888
2490
51
9419
5580
1316
2032
5428
4597
6136
1583
9988
9261
1124
4813
5177
8570
2792
2254
2429
5616
2787
4639
4754
9447
4724
4089
1697
6003
3795
2501
3069
2129
4478
1359
5296
3618
211
51
1836
6755
4985
9487
5732
6759
7299
9409
2483
6962
960
8990
2593
1162
8889
215
6867
3783
529
1473
1222
2179
3336
3593
4480
2135
2735
8684
8728
5045
2155
8506
2613
1117
70
1822
7608
8982
6294
3965
4724
8784
4770
1503
6269
9489
6465
4102
1564
7926
9545
39
6840
9769
2141
3710
1909
9988
2049
5612
9854
3333
6748
8427
453
3500
4107
9078
4614
3355
1645
5615
9545
5773
1131
1562
7434
2352
5418
9249
2353
4403
2602
5292
595
2831
6159
455
7356
1851
4389
4641
2385
1556
142
9274
1791
3668
4512
9621
6741
1219
1325
3611
6480
1568
1548
3027
2126
1726
5311
5078
561
1495
249
2609
7061
8895
7786
1214
5484
7980
1655
3622
1307
4281
216
8018
4844
118
4910
2353
2814
7636
3973
5337
4907
3924
4180
3160
4402
2652
3474
9264
3259
2278
8402
4043
163
6229
124
9369
1820
5556
2897
9877
8593
8435
9201
5620
2897
8662
3253
9977
8402
2077
5322
1671
4628
7937
5600
3057
7649
7929
8862
3212
293
7619
954
9149
1791
2626
1241
4097
3572
3304
1376
9180
2242
8305
9098
5946
5157
295
4297
7301
9071
8026
4910
157
3107
5320
8247
2916
6629
3468
360
7356
4011
5951
2967
1880
9608
8620
4203
1437
4664
8545
9474
8429
1763
6873
1734
5388
6962
375
215
869
9845
9660
1305
4070
3309
5256
6237
5058
6995
4212
4490
8026
4495
5078
4522
3172
674
3913
8327
675
5905
3336
3405
5283
2145
7641
2781
9296
3622
679
5026
2804
788
7911
4724
7947
2321
4724
6024
2421
9680
5009
8899
960
8659
507
3967
3088
4228
8177
6485
5221
4021
3255
81
3869
2776
7415
3263
2495
699
5048
8996
148
1438
5696
8475
5625
6580
7511
1186
736
425
5998
3560
2761
6072
6047
2300
4621
6633
6900
3787
877
72
207
5905
4839
4905
3107
6373
4475
8089
2769
9381
1622
2172
6288
9813
9853
2376
9673
5617
1055
9489
2636
4833
7805
6541
5353
1755
4780
5223
1131
8795
7734
2442
180
3331
3331
355
5978
3491
2320
9906
1874
8021
7206
3149
7140
962
6407
5425
2027
475
9952
2626
5617
4982
9457
3297
4231
9439
6822
3107
3051
3405
5300
545
7901
5238
2116
3048
7286
7219
1569
1427
7874
1457
2320
2938
8657
611
5534
975
1209
1319
2314
1791
6011
4185
1125
3326
1548
4930
5867
8664
4490
667
9580
9250
2027
3031
4230
1646
8187
2217
7102
7828
4962
8216
688
6839
9540
7847
2702
1515
9985
4770
8122
9908
1944
7883
3080
9578
4041
3006
2762
1622
6863
3539
1241
1975
6266
9578
9423
5304
8837
5074
8212
6515
8233
6024
5205
6298
3234
115
9078
8918
7434
2572
8427
10004
7438
4243
3399
4043
9712
8127
5683
9696
7416
5469
7104
3810
8012
3034
6258
3214
8244
8181
3060
6184
9953
2163
3763
3075
9608
3606
3080
4886
4631
3892
5390
9673
1934
5620
3795
6273
9647
5402
5158
7962
5088
7169
9940
383
3902
4290
2412
4930
2099
2483
8728
2872
6872
2872
5362
6674
7714
609
1249
9535
6759
270
3262
376
3943
4702
9259
8438
3149
8588
2556
2981
1033
8376
8815
1930
9136
7913
371
2498
1891
6962
4185
5824
9741
8831
207
512
9993
2752
7071
5732
7122
814
7003
6604
2741
3846
4625
6019
1443
7526
9865
8406
5467
2368
9555
4297
1079
1078
5984
244
7946
7384
6661
4269
1909
4290
1417
2660
826
5822
4263
4345
6219
4210
3752
5337
7709
6027
1908
9449
3269
3885
215
6927
3249
3727
1048
1176
9633
4300
6370
9871
351
9359
9949
9410
5472
187
2823
7501
475
1006
4571
1104
5203
8462
2897
6638
9757
5905
3124
8559
2244
9759
5557
8514
6272
897
1943
2141
4089
1549
5182
9540
3396
3892
5300
9453
7874
9643
675
7059
3344
1612
2894
9843
2659
3061
3870
958
3331
4538
3787
8678
7874
3657
118
2449
985
2068
7456
3055
9233
3215
3458
5177
6967
308
3331
1174
3539
767
3918
7132
5304
4652
1565
3492
9996
5249
707
7297
8280
4962
8100
1162
3639
9249
3536
3020
1198
7539
9725
4180
7118
3316
4645
232
1174
1766
9465
4992
5133
3088
3331
3089
9737
6219
3124
4571
4559
4838
3311
1502
72
6027
5144
1553
4044
4522
7928
4504
9410
6631
1091
571
2116
5612
8950
1683
6675
2153
3571
1629
4237
5590
5404
2302
6766
4758
1941
3860
4563
9737
4220
931
2932
2760
680
3548
5612
3853
7143
727
8274
2061
475
6822
8478
7786
2492
3853
4160
2077
2634
6038
4294
4712
2094
9170
6244
1612
3342
4677
5555
8657
3582
376
3652
8464
9538
8620
2471
8647
8950
4187
7104
8559
7529
877
675
9465
3842
2292
1167
691
9597
8402
1137
2712
2358
7517
7946
6196
7609
4522
4326
3714
6830
51
5318
4584
3778
2462
148
6582
7799
5112
3611
2332
3035
953
8818
1941
3342
7510
4571
3082
5145
7689
256
148
8901
127
7491
5467
1319
8784
4357
5998
2244
2439
3367
4640
3124
5317
7361
9723
702
4838
3401
4601
8081
5186
6311
8315
1772
6493
3962
9507
4043
8982
7889
1167
9265
1891
5574
5517
2792
8856
4271
3030
8087
4611
5390
2325
9650
2965
9640
5262
760
3765
6679
6598
1287
7935
6653
1285
3234
1916
4357
1847
582
6147
3860
9647
9333
7840
2027
2011
7456
2660
6876
1211
2897
3031
9769
7850
48
4066
3366
5998
4762
3096
4970
10011
7324
4098
7573
1763
3546
394
4149
4839
7871
1371
6240
7640
1496
3927
2626
5269
3268
2152
40
5862
70
8159
2776
1916
4835
211
2997
686
533
2752
5946
702
7436
1562
3331
2152
4023
2959
2556
7728
538
111
3785
2244
1176
5969
3033
1464
1104
3107
4424
8060
2018
275
6293
2626
9361
1562
423
3160
124
3196
3622
9758
805
8187
339
1077
2526
2492
1704
1251
2670
5180
4838
3884
1146
3772
7752
277
6822
1972
225
33
8545
8865
1161
1553
4562
4181
962
162
5951
9223
8981
9660
7510
8270
5292
7247
9757
6258
5455
7859
295
1763
2217
8939
6219
1842
38
4009
3691
1632
5549
6984
9451
5377
2772
9871
4362
8030
1899
6075
4631
9678
8847
43
2586
364
8165
1828
2481
50
6480
8948
225
4631
6159
3866
3096
31
5364
1305
9829
8230
5454
6145
6353
7586
1068
9273
6159
4562
2461
8095
4571
211
6458
4945
5861
4815
5431
7203
423
5278
554
7360
6651
9222
4183
1615
7463
712
1726
7935
7786
1320
150
8943
5004
7756
2500
6438
8106
4805
343
5501
8493
7929
2508
1133
274
4290
8843
9424
3403
7010
7242
6517
4243
1883
3174
4280
37
7664
4722
1346
5902
5819
3088
8249
2954
4089
4121
421
8920
6640
9875
4817
4830
7888
1186
1005
5030
8713
8377
9928
5617
6694
10017
7890
2804
8200
8246
5137
9215
3787
2250
1174
4230
6590
761
6244
6307
374
3149
1146
4770
1642
9053
701
4996
3982
1308
4996
4817
5320
7762
8156
4426
2064
9015
9483
3927
144
3787
3168
5896
7533
108
6470
3081
9972
675
7742
6643
5565
1938
7224
5867
1848
7641
3607
371
1655
7779
2179
3764
244
6213
2095
2932
99
8522
1131
592
6974
4815
5244
9708
5031
9687
1198
8373
2449
3488
4984
1117
6027
3934
6243
6974
1736
296
8212
7058
6210
1058
3415
5896
2385
4435
4865
1812
7127
2099
4263
4090
9871
5948
7061
3323
3783
162
5104
8028
9856
4911
984
2497
6470
7493
1218
2490
97
2161
186
1655
1857
5598
5696
8350
9640
3528
7897
5162
9933
366
1241
1736
368
9724
8475
8577
9581
679
6311
122
5088
2786
6222
5501
1895
4809
960
4089
4243
307
6981
3678
9487
2893
4368
9856
7027
2227
1929
5902
5324
223
864
223
118
618
3160
6900
4911
2415
5959
592
7988
1941
3518
9459
2052
4070
189
3139
9931
9921
10028
677
7203
9012
8395
1794
5920
7897
5750
1133
7788
471
2915
7221
5455
5475
3613
4486
6684
3030
2379
52
131
1027
1146
2172
2601
7438
6395
9136
8224
7720
5669
6485
6428
1868
1176
554
9076
412
5238
9580
5661
1910
8821
7963
7029
9952
4324
4544
3967
162
6968
8041
150
3557
3848
4774
8189
985
2291
5917
2466
1125
8247
2495
1553
4290
6631
6338
76
10011
1746
1195
4126
216
1781
4431
1631
5272
8268
3058
4107
204
2443
3941
2591
2322
2406
6240
8475
9038
3872
3855
3623
7544
342
3785
3861
9201
1549
9608
37
3611
8784
5683
6441
3846
4079
2218
8832
8766
6751
7185
2748
8462
1636
440
2204
2318
5566
3458
3557
8368
4251
4493
1198
1191
5418
4830
7951
2886
207
107
8634
3810
2658
2809
607
6229
3192
6598
6149
3798
2334
662
3055
130
4044
8981
7568
3363
7515
5867
2168
9752
232
3033
1394
7918
2592
2311
1814
6914
3872
9064
5899
5042
8947
6927
8364
6834
4424
3968
8723
2116
3606
4310
283
5518
4403
4015
3958
4604
2216
9612
394
3089
1413
1316
5598
707
2661
4614
7368
3160
4910
108
8400
451
3972
9497
3759
4088
3316
9136
5530
2244
2601
1004
7368
924
3943
4043
3763
2834
6787
2498
2826
6873
4904
1325
1922
5600
199
4013
8421
4280
9797
2118
6619
7836
9058
1893
7534
9296
8629
9676
1316
3309
125
7140
4893
8124
3973
8021
4809
6857
1794
5142
4181
4625
3972
3401
6927
4171
8470
782
4507
1549
9769
4746
59
6250
7511
6653
5990
1411
2972
5364
1174
4415
2030
3466
4324
2910
1127
7214
4781
3757
7817
2280
6009
8037
2482
1501
545
5322
7874
150
70
8026
2941
1593
3750
6217
7024
6101
3028
2636
6293
4772
3081
5522
4744
6273
3793
7094
3313
9922
6470
4996
670
3288
4844
9999
9682
6862
3902
4070
336
707
9964
7939
4505
4403
6631
3172
3551
2049
5052
3160
1694
4326
7646
2540
3212
7091
4251
1609
4148
9369
3263
6529
7821
631
2161
2263
1271
1958
2160
9255
2460
7723
8428
2772
3902
231
6298
3269
5350
340
4130
6510
2634
8433
1318
250
6772
3621
1524
985
3310
5441
6930
3473
5182
6822
1791
7072
688
7984
6044
3311
9875
343
9068
5862
7066
6493
8893
406
5868
4724
2158
7871
7817
8470
5896
9068
9589
6405
1838
1005
675
8174
8844
7963
736
8713
1502
1745
9633
3528
1567
8713
5329
2461
1878
3122
3426
6382
3544
3020
891
2475
3030
1911
615
4839
7989
3396
3540
3951
8817
6606
7184
2578
1176
7916
8186
2027
5923
3516
4911
1994
4729
5994
4787
4630
2626
1350
8928
5284
511
1004
8364
2626
4618
7914
3787
5270
9597
3214
2935
9341
2482
9259
6937
1006
9465
1938
7058
4717
4609
4270
3787
9830
4571
2335
1663
7289
957
10025
7599
3212
5723
8703
2460
5841
6109
1167
4625
1885
5642
5915
1663
3149
2027
3787
2483
3072
6222
8074
5441
3134
5351
9457
8634
8664
8047
2838
232
2643
6862
2767
9659
6300
9770
7597
4043
1428
5580
3288
4614
3907
7166
9497
5237
3103
8394
9071
3553
9978
6014
5175
5624
4183
4657
3213
6865
1546
4045
9182
294
2145
7734
7764
2335
4815
2694
7692
5048
4815
4757
5329
6183
7055
7342
5469
5311
6104
496
8867
5879
7107
4880
5478
5866
607
6934
6145
4711
9532
9650
6722
3333
3451
1043
8629
4606
7036
7917
4128
186
3862
971
5823
1562
3369
3968
3212
4755
7642
2908
6033
1816
6207
5200
2872
8847
5949
1306
2886
1561
7520
5625
768
3236
2727
1910
7644
6101
614
7335
7619
5388
4097
7583
2066
40
3172
4439
9953
4891
1138
5948
9053
7369
396
2838
9725
3704
371
9423
4023
37
657
5606
5012
1174
3150
8755
7398
7875
4544
70
9123
2030
7145
4448
1124
7096
5428
4930
1549
4197
8321
4203
6485
7575
358
7297
4982
9988
8939
4070
4183
120
2735
457
3764
2801
3622
2478
8784
5959
3149
4300
48
3286
6628
7612
4932
2939
5919
4439
7306
2959
6435
4291
3624
2941
1766
2492
9582
1254
1117
9512
3622
4631
1374
9219
3574
2302
7720
4925
1914
9066
9231
2505
824
1720
5104
9538
9597
4115
9335
1262
8389
3136
3181
1417
5030
5887
4833
9845
9381
2237
3764
4711
597
3290
8377
805
1306
810
4044
657
1221
9679
7720
4534
9314
2316
4817
7785
7641
5315
4986
4121
30
8611
5568
3622
5050
6405
6784
627
8545
7844
105
8493
2550
2027
4357
130
1520
10011
3002
1562
8090
3380
2757
5346
6462
844
8733
7204
8346
2062
7308
5773
656
4711
7901
6616
2322
37
9822
5757
8189
5261
10008
4606
4615
597
5620
7786
8493
6684
9608
1967
1786
2825
2702
4733
1962
2427
7873
3604
2314
9961
10044
277
1182
7866
7967
6222
8502
9696
5492
4183
3967
9043
9422
6490
1408
5748
1848
8597
6675
6766
2751
2168
9674
2242
2593
3081
7031
1411
8620
118
9483
5696
6054
7329
3605
3336
1766
4929
3024
4493
5455
8216
4609
1253
7362
2267
3236
70
2855
8004
1400
336
6207
122
9866
5261
6458
6159
4405
6109
9597
2501
2859
3000
982
2311
8380
2532
4015
1004
4271
232
3510
6373
8814
8506
2572
9411
6862
7869
9877
5062
7834
916
4210
5951
2910
8230
1468
579
897
1349
1440
9949
1841
691
2801
8012
5574
6638
2391
5611
10005
6876
4805
4835
3473
5157
9053
2274
3704
947
4861
5742
3783
7827
2796
7942
2825
3403
3439
3027
7066
6515
4907
1287
5270
8277
3731
5311
6075
3304
1629
725
6222
8872
3162
9907
1496
3297
9781
7940
5269
73
5353
9781
5142
5237
7453
4172
5992
1184
3967
9433
1828
5397
9762
7987
3132
5494
1944
4512
1878
3426
9483
112
3652
8672
8852
4724
7799
7950
2556
7980
8990
9813
369
6515
4336
1720
1349
9677
595
2211
7057
9177
3571
8659
1287
9929
8253
1246
2524
199
2901
4191
8363
3971
6511
4279
6445
6361
5326
6779
1027
5051
698
9732
1623
1162
1590
5009
574
1495
916
8253
8733
5478
1059
6532
8889
715
2893
5539
5946
1419
5728
2372
2660
73
4490
9259
1836
10011
1901
1763
7036
3066
2872
1614
8499
5287
6237
4156
8014
7426
10028
31
796
2910
3331
423
6237
2501
2923
7299
3942
6009
7581
3861
642
1357
2841
1251
6047
6161
4925
5157
9949
6902
5324
5050
4300
1349
7118
8186
6981
10011
6905
4795
1962
401
8841
7785
5640
5320
1839
3268
9718
5990
3331
4541
2894
5655
8810
5896
3088
6126
8981
90
1736
483
2804
7349
2923
434
4057
9660
7821
393
5332
4275
2872
2688
1975
9457
3041
8814
8184
5723
5433
5481
451
7024
6908
9409
4802
6605
3335
8089
4794
5924
1253
511
9612
9472
8597
5418
1350
1629
6902
3310
6625
434
2626
8030
4615
5454
5849
6896
2227
9489
1091
5887
2368
4113
5315
9966
3833
1745
6559
6232
6769
1348
868
1579
9545
675
8539
7465
6088
2077
5455
2650
1585
4408
3510
111
9461
3593
9063
3622
6559
6370
4909
2302
3305
9670
7793
10000
6038
2903
1750
1212
3336
3484
6439
211
4264
7844
2011
3690
4724
8867
1835
7106
4659
2844
9935
7495
2674
3785
518
5269
5803
1247
7066
8291
1898
4815
8106
2967
5545
920
682
7387
8159
7356
7418
5541
2126
9451
9149
6075
8014
108
5858
9906
5346
1609
9381
1549
7349
4228
7265
376
382
1546
703
6222
5467
6307
3848
1663
4090
3885
7078
3577
1279
3678
1562
518
6317
5673
7137
4121
3787
1529
8758
1461
2461
7066
549
3484
7484
916
971
1103
7094
8895
701
6483
6294
2135
2967
8709
2543
9492
3539
8568
3942
6751
3405
1888
1354
8326
8667
9224
3380
8350
6870
3862
9512
3140
72
9492
8928
2475
7565
3692
2688
3031
406
2928
8579
8400
6908
1754
5223
9989
6893
6870
4974
4733
2508
5573
6274
3128
5620
9550
7856
1633
4267
5329
6193
1115
1772
1745
642
1513
4243
1182
7485
7871
1379
1848
8243
9888
2271
8105
6207
3451
3058
2880
7616
2659
1300
8723
8613
5994
1219
2254
2005
4302
6986
3972
7779
5270
9235
3787
6395
8782
9942
4682
4163
3052
7573
5915
512
4928
3336
4724
283
1671
3304
9149
6271
207
5546
7993
2152
6650
9448
4021
8832
2017
5455
5138
8102
4180
2543
4044
8223
8464
5390
8953
3313
1005
2483
7525
6382
7312
7934
7734
712
369
4086
6598
501
6386
3654
8090
2358
1941
675
4937
4290
3154
149
1815
4712
3607
6312
2409
439
2645
4388
4974
7155
1004
7463
9145
1264
1921
8856
953
4935
7641
682
1085
5322
4180
5351
9489
6590
2505
369
9890
2133
9235
369
180
7544
9538
4504
5030
4339
3763
2495
2646
2040
2179
699
2244
5045
6237
6867
4933
7728
374
6429
5872
7511
8813
8621
9465
6382
528
4817
2466
9890
1627
5126
1246
8683
3802
6036
761
3248
9472
4839
5951
4712
8784
9411
3862
9890
4220
5957
5133
7096
8186
2541
9694
8133
369
8861
4301
7686
3369
4829
2946
1349
869
2787
7426
3742
245
2508
4815
1609
8735
7644
725
2264
2844
9999
7432
9451
2179
1265
1325
148
3331
5317
2952
6850
7190
517
1655
7801
9801
2652
2314
9167
3894
1911
4724
6821
5490
4930
7096
2186
7188
7646
1320
3951
2557
8065
1620
4762
6232
4379
1641
1155
5125
7456
5303
9961
9952
9045
4703
7871
1999
9273
6043
3950
4727
6410
6340
2941
112
954
1553
1501
4177
2027
1251
9538
2019
3941
7488
235
4655
180
2104
7195
544
2582
953
4158
5037
2094
865
8453
9647
1564
2658
4180
7671
2002
5658
124
2755
4250
3367
2859
1766
3198
3458
9069
4070
5724
2545
3051
609
165
1898
2368
8455
8174
4023
826
108
7987
9691
1176
1654
115
5501
1662
8539
5773
1852
9946
8634
1791
2666
1162
5742
728
3212
8212
9817
8497
8231
2500
4181
6159
228
3562
215
7361
4426
9471
386
9968
5329
6615
4513
117
5964
7899
3544
533
9474
1123
2670
6079
4606
5087
1846
7757
3196
8253
3136
4532
7961
349
5142
207
7047
8884
1569
3168
3560
9597
3428
4505
2186
361
5223
3021
7954
1162
9884
5326
2461
5369
2147
5262
6169
6207
5161
7075
618
5992
8636
4833
2389
2364
4057
3593
8800
3336
7810
1858
7319
1821
5962
2427
2319
2152
8844
9471
4490
1794
4625
69
1929
701
6882
3759
1285
1772
298
1198
6821
1874
9961
8231
8040
5606
8054
1564
2002
1137
7873
2291
7844
6559
1442
582
1927
2133
1908
4490
5917
4724
4490
1878
3214
9149
5300
1668
2792
7720
3828
5349
4172
4227
2626
7026
4820
5948
9677
8021
273
3892
4435
4191
6916
7534
962
5236
1766
4089
5097
3275
3367
3088
9967
6510
8538
118
1950
215
7508
3139
3623
256
1820
9047
8054
4286
3876
882
1138
7537
186
4009
7720
2791
434
9789
2460
6121
2748
8426
7361
3772
2828
1972
2757
9709
7525
3525
8976
9412
1470
3333
907
6300
1553
7961
2873
9179
2985
2674
9454
6098
4339
5232
9249
8939
3652
9679
2217
4992
8263
9219
9983
8191
3439
8728
5494
7362
4354
2669
3875
2959
9149
788
6995
4189
40
4883
108
4929
1176
9259
9449
4910
3033
4291
6962
2343
4449
9712
4715
343
4396
9585
313
2660
2897
2609
7506
2211
9527
205
8089
1791
1549
4950
5896
6080
9660
2646
43
1704
758
813
544
1044
7889
4242
7923
8028
5920
4171
1878
1910
1636
5223
7201
2538
5145
9708
3331
538
7008
597
5261
2085
7319
5655
2228
8990
1419
3913
9449
2242
8895
4659
2490
9261
9758
7307
8040
4158
5541
6280
8427
1565
9953
6872
9807
5824
4606
2415
2368
3884
7708
6655
5896
1176
9714
2910
407
3604
5269
7297
8164
437
7828
957
3367
4774
2483
1089
5397
1794
3951
4415
9538
4061
4721
8137
5304
1436
70
2935
8361
8013
4199
1440
942
6300
5164
8976
962
6260
1176
3253
6169
7850
1787
9497
7549
6590
3198
3088
3439
6084
2379
1362
4169
9606
2595
8000
5388
351
3048
4137
5473
2758
6828
7720
1226
2040
767
3787
8124
3861
9574
3967
8582
9538
2680
4204
4548
2005
1376
9474
3110
6896
3234
1261
8100
675
216
2019
4490
7029
1791
47
563
8187
9310
5030
8897
9011
4197
7195
8522
79
3331
8634
9965
2564
4011
4996
9039
2928
7195
8350
1457
3336
9390
3968
4522
3088
6759
4212
1571
8559
1138
1085
5144
4618
524
5270
1941
2751
3322
9884
6300
9642
3336
1289
4757
2762
8153
1262
1385
6441
8852
128
8475
1704
5245
3331
4787
118
8861
9265
1606
6688
1408
4706
3861
1852
8953
2121
5112
9249
1252
3029
538
7418
8078
4021
9908
1308
428
1222
3572
5317
4172
9989
4288
9108
6231
2768
2338
6861
2471
2897
215
3030
1648
3851
2127
3973
9451
8094
8392
3668
5418
4717
10017
8835
1376
8814
1794
7646
8996
3216
891
7142
2104
4090
5625
4743
2636
638
200
4310
3366
6307
2694
3860
9474
9090
6902
1057
5454
1148
4260
1564
2218
6275
4130
6279
1419
9790
4631
3927
121
9977
9683
9923
5087
5262
2347
2376
7649
3913
9449
1350
1419
4086
7726
7265
1526
2959
5133
111
6482
6937
843
8220
6370
6822
516
2664
657
5624
3250
4723
7096
1264
830
2814
894
4524
9532
595
83
4598
9861
1502
4879
4473
8629
79
4795
8028
3426
1549
1902
4970
2218
1251
9098
3861
8127
1562
1632
5390
7480
2244
240
8889
6665
4974
10044
9999
2267
9053
8015
2747
1435
7301
9608
932
8825
1681
9834
8923
1644
8670
5293
5223
4486
1354
148
3212
2043
5051
396
2346
3344
7849
8101
9068
1553
8770
2652
3214
8295
5422
4045
6638
4302
5221
2946
2489
6900
8003
5828
4327
7122
1249
4185
699
3684
5889
9612
4996
6956
8918
1726
8100
4787
6405
9665
2186
815
1453
5530
2853
296
8379
471
5668
2302
2211
9952
5590
7427
1043
2125
9752
654
7793
7544
386
1921
2591
3336
7066
7223
8207
1117
4233
3652
5697
1430
5839
3185
4835
1640
3027
2790
9361
5990
9677
1736
3704
5133
1502
2752
5285
10034
8263
1656
3731
117
3589
5048
662
4263
769
9435
7680
6876
4242
6054
8198
3239
3755
8953
7904
7785
1473
9741
554
9952
3075
3139
7059
4522
9078
2259
8887
2904
3759
518
3364
371
6884
9675
715
6951
5584
8850
597
7191
944
8856
1972
8497
5184
1371
2273
2984
1438
133
3363
5958
5957
2259
4699
7724
2262
1176
9978
1319
2910
9999
4559
3331
7362
4260
9805
381
3134
6358
1911
5828
4870
8959
4008
7586
4646
4160
1077
4435
7319
339
5237
4584
6625
6310
1646
144
3633
1332
4835
4915
9918
611
3363
5969
4449
5492
2347
5087
2959
9180
3604
3335
6109
5841
7642
4727
5441
6586
6169
8537
6984
3035
8948
5004
1146
7000
3072
3323
9245
7143
9535
9791
1750
5573
9698
9683
4715
3051
1794
8815
655
1794
1562
1103
235
1059
8346
6586
1320
2448
112
5332
2218
3848
8559
6523
2535
8188
9961
2641
5236
1683
7342
8243
2211
8433
804
7976
3787
3331
4541
5494
9058
728
1005
8620
9190
8191
7190
9696
2274
662
579
4326
8818
8695
111
2179
4762
9758
7145
6751
9938
8478
4664
8249
7382
3861
3288
2635
2218
6830
4196
4448
725
7342
5994
128
3382
2872
3174
7395
8147
4929
6813
2767
6005
5315
2316
6648
4270
4817
4264
5522
2616
8493
5946
9274
2128
7674
5337
48
3273
4532
2646
4781
2493
5468
1595
8686
9936
1734
5287
4532
2427
9803
4270
2833
5750
7078
5539
3950
6012
2135
4070
871
8537
8784
5837
1641
8464
670
9489
9716
1320
1553
7887
6589
4271
8350
844
6541
4398
9781
2967
6011
7306
5542
2302
1911
471
209
3335
5748
1502
3253
957
9698
8507
5861
1794
2116
1576
5322
2622
9642
4702
4146
124
2128
7504
7650
1501
2066
307
4621
7674
4660
375
6984
8263
3633
6269
7247
207
8887
8605
6927
4552
7397
6114
7027
1115
8784
712
2125
2661
9167
7190
3754
8198
5441
395
1307
8090
1091
2626
5096
7289
4183
1887
6436
9946
5422
1736
5948
6237
3654
9636
7143
441
5598
1027
2974
3315
7106
8545
2030
9878
3214
5494
5889
6663
496
2371
5244
4376
712
6686
5300
2814
294
3336
1565
1736
456
6271
2967
8478
1815
7788
337
813
1350
2321
426
2565
4851
3606
3739
7670
9881
5378
1886
3057
4146
3136
7787
4269
5950
5472
6596
7307
4687
240
3943
6870
5142
4113
2602
3212
5693
4459
2027
3881
6400
3154
4013
9522
5969
9422
1138
112
9784
3183
2935
1077
3530
4087
2394
5551
6320
3403
9933
8657
1802
5030
9829
998
6908
2666
5748
2026
6899
3415
8475
4730
1886
120
4839
611
2263
6605
2501
4813
372
1593
7646
4088
3692
122
7127
249
7898
3142
6306
8559
1055
3698
3364
1468
4097
1847
844
3041
9167
8101
9849
1526
5964
7890
496
6839
7931
6625
2550
6210
2379
9908
9656
8845
8611
4614
90
8803
7026
3692
1557
5828
4478
7195
2218
4448
579
6331
4233
6348
2367
5615
6717
8699
6145
1814
8943
6647
6232
4136
3540
4385
6161
4552
249
5278
6009
9945
3860
1429
1226
425
39
8247
4309
2269
9326
216
2449
4829
3787
8187
4539
4056
4699
8709
9708
5896
2497
2483
3174
9670
2011
9234
393
3491
760
3574
3605
441
5222
8872
891
2254
4870
4606
1576
8856
3787
2965
6213
188
5866
3950
9650
4148
2332
5663
4703
4927
112
7190
3377
3907
6665
2627
1766
1916
5272
4894
5617
4930
4570
9136
4490
1902
3128
207
5358
3212
3336
9942
232
7627
150
985
9984
1567
1791
3756
8880
7821
6244
7599
6207
3553
4707
1787
2168
270
3331
8429
3473
6984
4237
7157
9699
4927
2017
9875
9410
2448
5907
83
7038
4326
4677
6927
3972
6984
9448
9758
2358
3080
1429
3778
5236
4187
108
1495
8703
4189
9839
2791
2524
2263
7951
5261
1557
206
5828
7456
2312
6485
1053
8818
8784
8432
1176
1891
1513
1193
8184
5617
5484
8295
2841
9369
8191
7297
1413
2244
4724
1502
1704
864
6513
395
5385
6009
4106
1972
2218
4891
5329
1251
5045
5109
3331
4324
5858
1628
326
8735
4835
2959
2609
7036
3249
4339
4297
2367
5249
6717
9449
9939
5126
6458
2828
2959
7959
4609
2915
2880
1115
5750
2374
6384
215
4128
3853
2757
2375
2177
3072
7718
1264
7939
4625
6407
6271
760
3973
5292
7899
2332
8918
8758
1829
2057
5563
4290
2135
5383
6149
1794
7629
991
5659
3322
2135
4974
8933
5518
9260
2127
9366
3259
4379
8534
1911
2058
122
5164
2628
3551
1033
4933
4570
767
5823
4021
2350
3309
9790
7362
73
1211
3638
9946
8057
5353
1113
8354
2072
5399
5287
677
5545
118
2161
1176
5697
9993
7480
2068
8862
8277
2254
3965
115
1443
5814
70
7151
9861
5137
1256
336
492
8463
2939
7959
1818
3250
5542
877
4632
1464
7785
4724
5565
2670
9047
6339
1033
3185
629
5062
2674
8537
2735
2391
2158
614
6773
9870
4379
2974
6633
3860
6615
2833
326
5313
8247
5001
6198
2196
4762
9487
1247
1148
520
2058
3333
8838
419
2358
8201
9454
9946
1866
1600
6984
9008
846
2578
5949
8540
3259
1636
5441
9538
4045
3403
1271
2801
4493
6361
4985
2757
4715
6867
3516
962
1447
4699
512
5238
3739
8817
9619
7414
8482
4070
3134
9597
2237
3428
1374
916
5837
3004
6121
5584
1207
5545
8701
4743
2512
1457
354
2557
2375
4760
4371
5359
3364
911
6044
707
4376
372
5454
1413
6905
1642
2172
8845
6981
2823
7096
8920
7827
4099
7047
5073
1889
4611
8028
2409
10001
5661
8373
6603
4406
7963
5607
3768
4490
8277
2627
8049
7151
1830
4345
2196
8099
240
6675
3322
9454
9990
8855
7308
2371
9985
3968
804
9011
4923
1434
5882
2633
3269
691
6894
683
9872
3672
4870
461
7529
3680
2129
364
6258
9756
8703
5723
4418
209
9472
2461
5915
4089
5822
4090
2856
112
3136
7788
3309
8026
5993
1012
8899
5924
4724
4534
2526
6159
4183
1755
47
9259
6306
3134
9686
2498
5598
3451
5902
8948
6629
9936
3638
2145
3285
1612
761
4879
2915
3160
1524
3085
2237
7533
3033
5573
1115
2658
887
5329
7801
6126
4839
8339
37
214
7545
9545
7440
2481
