7843
11462
9712
5301
4483
280
1025
11274
1721
6473
1535
1973
1266
1833
4026
4884
10950
3288
1721
10135
8450
290
6802
1645
9898
11034
6612
1063
2084
3009
2936
2119
7923
6912
4
10421
7870
523
6307
8959
8002
1767
1025
11523
6679
1
1245
10195
12296
171
7072
6825
7422
11068
12053
3246
3565
4631
8027
9629
10994
6266
11182
9648
9365
12398
2640
8927
6139
1810
489
6961
2065
2766
6817
363
1440
9898
10787
1792
8817
2606
3655
2435
12256
6508
11081
2036
6989
5244
4005
8879
1127
4290
5206
176
7045
1147
10800
156
6675
9551
6610
2522
2048
9030
1200
1691
7050
18
9797
7062
1660
5226
9464
8759
4301
3984
2034
1196
8724
1213
5274
9715
1795
2274
920
8775
11052
11144
5562
11548
1728
7472
1326
6906
9001
8016
9336
7932
11484
1139
1409
2219
237
3053
11249
2009
1589
1348
6741
3841
412
8593
6519
6892
1619
1072
6399
1261
70
4159
8237
8699
8351
5924
470
6325
9865
870
10135
6182
5547
7258
3765
114
6814
6291
6328
1975
3728
5357
11604
90
6742
1303
2165
5232
11809
10516
8601
1063
10909
7749
1240
4252
11085
6698
5131
598
1353
3989
4846
2531
8275
10548
4608
7849
1645
5010
7885
7505
5189
3420
10471
8616
8593
3661
661
5583
9396
5767
4107
9289
1789
2711
7072
7057
4024
2356
4070
12497
8361
4107
8016
2934
153
10051
1239
1393
8421
5915
220
6912
9719
114
1130
10253
1660
4324
5425
7172
8422
7272
7752
7712
1167
237
9536
8243
8473
9189
2859
1724
11615
936
2757
1385
8080
6032
12196
5629
7132
11946
5526
54
12497
606
1879
2101
6423
10110
1501
11978
1076
9701
259
7346
9966
9872
2327
2479
1724
2081
1200
4871
618
8722
7031
8481
7716
9881
12487
10324
12082
9618
1097
1953
9120
3754
2340
642
1884
5783
6654
448
9993
675
5744
2757
1063
8410
8269
11486
10058
11062
10747
902
8419
8729
6199
7446
1338
11683
10385
10762
1580
8421
9644
8703
2442
7485
7290
11118
650
8191
8068
4339
844
10803
8897
11180
12067
10943
5049
1352
8893
2633
6585
3820
593
8898
1353
3612
8244
1587
7971
5982
1130
1862
1200
2306
5357
1269
9794
9640
2155
3390
37
10809
8008
11074
8588
7879
2511
7685
5172
7176
7711
4678
1869
4833
716
3772
44
10231
1792
6839
593
1691
3664
1213
1147
12321
1997
5634
870
11480
749
5987
5021
5361
2057
7132
6583
2842
7346
1284
12495
12447
6523
2923
4258
1532
5137
1456
9330
3397
12414
5051
1473
335
2299
3565
2435
3243
12139
9379
7180
4514
5666
5938
8527
871
3519
2081
1531
2936
2599
11255
464
4260
144
6865
26
10087
3516
90
7055
1332
7518
1580
7277
12487
400
2206
1650
1063
7318
8909
10390
10621
9335
8986
10905
3199
5232
7736
11206
190
1141
5191
8836
8352
1975
4743
2808
3575
12070
6432
2381
12248
2155
9545
1450
6741
8471
5244
8624
1160
317
9680
10330
9233
7469
4917
1409
7088
7906
4247
4671
3064
8048
1902
7909
7152
7323
2021
1797
7503
7207
4349
10800
7469
5309
11624
4868
2440
3805
9182
8419
11142
6904
93
2724
4128
2664
1269
10502
7205
1308
12312
1596
8867
7593
6248
2466
2976
7716
3074
9002
7329
1245
1252
7021
7527
1478
1390
301
2506
7682
4417
8349
7293
2497
8606
1953
2065
11068
8031
8556
531
8715
6161
1526
6602
9246
6129
8027
54
4132
871
784
6706
9080
7835
10985
9401
10144
437
7364
2165
4263
6698
5507
7686
3320
9748
1184
7109
114
9090
1245
7618
3645
6838
63
7144
5507
1090
7908
598
4954
9629
11066
3074
9051
5624
8496
2470
12286
2382
2865
8506
7638
9080
7749
11292
3132
9056
10344
7452
11164
9734
9884
6146
8616
722
1390
1213
2356
8243
1869
9899
4785
7452
7685
4414
7804
8065
9340
9823
2780
11035
6656
5244
7088
470
2564
7549
8556
1728
1457
9041
7293
763
523
1660
8550
8236
5244
8496
2386
86
8873
7476
7206
1554
11093
6442
3711
4212
3367
9327
6424
18
3242
7566
2242
1905
1992
7756
1213
7293
4332
9896
9636
2352
9294
451
2181
1637
1415
308
7694
2668
9782
2381
3805
618
5216
5841
2088
7936
2624
1589
5624
10319
18
7643
9623
1728
8897
6995
3587
2527
9681
114
9881
11052
10809
7835
12497
12466
5220
1369
11556
10531
1533
11172
5666
2934
6359
11557
2574
1076
10074
855
6296
12495
11958
8957
8996
2492
7418
9123
10758
2497
8893
10940
3267
1426
2352
1046
6650
7977
6650
38
11556
8798
2568
31
2456
3728
2192
1348
871
10344
10676
1978
8229
4985
8671
1782
8703
1231
7087
3664
6686
10382
1400
498
11302
9415
8328
4906
3652
5337
9484
1587
2242
2677
3452
1598
5629
4177
2001
6818
1637
1509
6871
9886
7018
8632
7414
3142
7485
1020
3270
3025
3229
2465
11526
8593
1185
10988
5270
10486
11282
9087
2728
9680
8760
871
1393
7944
8137
1650
7068
4951
10362
2968
7311
301
1480
6497
7897
2076
10684
523
8260
2501
7686
2404
2597
1496
5990
1370
5049
9644
176
5583
7812
8109
345
4332
1332
10107
2114
5425
8544
190
2923
2381
8293
4688
215
7492
769
6106
1126
2934
3398
5915
10011
8469
9398
6935
2001
1370
190
3349
5253
728
10908
5270
7294
10189
7290
9321
6546
8199
1303
7713
8022
5982
3132
289
2633
5957
8352
9226
9101
1889
7035
1426
8040
7967
1230
5850
11757
11486
69
1370
9367
9881
1152
728
8344
1238
280
6424
11915
2421
1973
4318
2568
5583
11118
9723
3117
10213
878
2396
784
9415
7981
1531
8229
7860
6871
9004
9349
696
674
6993
9699
531
1692
11943
7382
1718
9681
5051
2788
6871
8403
510
9564
10273
8541
8099
2175
8469
7923
4849
114
7055
5576
9693
12497
7414
8184
3135
891
3995
4185
9080
2728
8755
1273
3025
2948
7736
7843
8791
7921
4170
9865
1588
1879
11072
7743
2001
7543
5957
259
3009
7806
2680
3436
95
8933
4332
4227
6388
499
7144
2621
2441
3481
624
1588
397
1358
7746
2912
1176
3333
4332
594
1027
1582
11538
2526
7127
4206
412
749
2001
9167
9881
5223
1303
12263
405
5915
3064
884
1691
8361
7472
7700
10386
1363
6326
6549
10899
9655
9715
7729
8311
8479
3384
5328
325
8699
8989
93
1027
9087
114
8611
8496
8040
7263
9189
9782
102
93
9208
8076
5934
7875
3775
2408
1002
4806
8031
11219
2752
7228
2292
480
11958
3120
4683
333
7906
2157
2640
7072
1660
2875
11157
1567
1528
6521
5915
2509
9797
6266
7144
4402
6294
11214
1914
2748
54
10775
7835
523
7875
5209
8095
714
4247
7124
1533
1088
1604
1326
1588
1952
6415
7464
7293
2157
6505
784
2952
9429
954
11805
3481
10866
3814
5206
2396
716
8699
9821
1417
1988
8225
10958
11360
2604
11425
9478
2961
522
1364
2475
485
2568
9906
2388
289
8392
9041
7582
2680
5270
10613
5924
7801
3035
1619
2335
12068
1139
871
1528
3012
9863
12434
650
8048
5035
11378
8560
5357
3270
7176
2522
8703
6929
593
4355
7241
10113
11180
9629
716
6935
2606
9550
5666
7932
866
7469
8935
8755
4853
7366
10475
6724
531
6489
661
7936
2575
1782
7870
5244
3995
1363
10773
8635
6409
4336
9208
957
6840
1370
2575
3988
7556
4225
11640
4602
3043
4212
12487
2710
9256
7282
7414
5232
2035
10483
11083
9265
5344
6739
1343
1171
10756
3728
5076
8086
2249
3635
10589
7339
4332
15
3738
7713
7341
7697
2875
1953
3074
5361
9369
6906
1046
12344
6388
190
11101
8964
4414
10710
1269
7188
9539
8933
4314
489
3017
6293
9680
8989
10854
2710
8027
4200
9808
1348
4290
7149
4985
480
1478
7512
2496
1312
4361
480
6424
7088
7272
2574
4225
9167
4775
1002
6503
1160
1485
10854
9174
9541
2111
4290
7051
10433
10234
8137
504
1217
6328
7932
3917
4132
8291
10985
1226
2021
1146
3258
4758
8424
82
7179
2219
9123
6993
2120
3440
4845
3233
10304
3340
10286
6981
6326
25
10950
1531
9491
7733
8996
10410
4318
2278
1072
6906
9867
7415
11181
54
7346
6026
4051
5425
1409
2384
8344
11284
7700
9478
11412
7379
8703
8230
7883
8898
8072
7966
4301
3135
1061
1516
9628
1809
3957
2009
2624
11072
6707
6658
1261
2745
15
4361
1401
10915
9871
2466
6384
8230
5076
1719
9590
7055
1273
670
1758
345
2875
9255
1553
2220
7124
176
522
9489
10144
7263
6489
1125
4743
8022
2111
5625
4290
7524
9914
8798
11360
2542
10104
1248
4955
2759
10011
5534
5292
4985
6712
719
1401
10549
5123
7102
9592
9626
1879
1240
1240
11857
2207
6345
10241
9087
4258
2597
6274
301
3043
2882
2856
7420
8573
12285
3584
10976
5915
11543
8607
1378
2538
615
1485
8465
1902
9080
1480
9878
11512
25
1190
7055
9881
11732
522
9734
9977
7965
661
11958
8281
2292
11234
151
7771
5049
1025
11090
5321
7955
11026
5220
308
10973
37
9041
116
9662
86
453
7396
4564
9863
1763
1352
9257
9588
1406
5191
11857
9367
10588
209
11401
791
511
4260
1146
3061
7132
8212
650
1088
2839
2292
9990
2309
1203
2421
3854
1185
1855
1634
7149
4912
6571
5583
3020
10232
5244
3989
2539
2233
7176
1691
4985
9452
7780
1167
1147
540
6497
540
3917
8266
8013
2048
1795
8492
7404
11470
4324
3924
1176
1495
8469
7446
778
1758
2503
1026
576
10523
5226
4326
11839
5234
2386
3027
5051
4414
2315
8479
9752
675
7531
531
10549
1141
590
8398
5814
2623
6739
8826
1719
1231
1083
3289
5957
749
5846
1393
11113
942
1516
749
7224
6503
3479
1975
9898
10542
2776
9576
6935
7176
10750
3421
10613
2317
7932
11180
3738
8002
5234
7257
3248
6989
8618
6100
2298
6814
2441
7599
9401
3184
2120
63
7295
5253
9556
2988
8519
3836
3132
696
1213
9484
10658
3725
7123
9830
2421
10390
6346
2459
10945
10797
7944
6541
2114
3187
7962
12479
3932
1202
11685
4031
3199
2736
7835
1879
114
8516
8212
4564
12053
1862
2006
1206
1702
3683
5361
1266
18
1650
383
8624
2386
8191
8684
6993
7930
1902
2219
3030
9541
9166
9542
5831
1818
8244
6995
3932
1582
7414
1440
3610
1409
9628
3989
9335
10080
82
7998
4172
10777
7667
5982
11979
11109
4324
12447
11100
7045
8000
3516
2278
7176
5564
7470
7631
2813
1338
10621
207
10354
5010
54
8084
386
9529
7413
5244
7997
2280
5220
8259
2636
7518
2384
1252
3612
6021
3309
1139
9793
2318
878
1529
1728
3347
4985
4290
870
3820
6519
531
2838
5960
3107
5216
4483
5745
10221
7007
7518
10664
9705
6852
6402
4813
10415
26
9478
9330
9966
9518
2609
1338
7132
2035
9023
865
7409
396
7467
15
6714
1808
7467
59
8321
1587
2299
10932
4951
5230
220
8898
9693
8214
1152
871
1975
3573
11247
6612
3135
6243
1772
1818
269
9808
9960
4631
9041
6453
4366
7021
11143
2222
1582
6333
2886
511
10298
2084
7224
3725
6293
11232
2382
8409
8312
7549
7072
10520
5389
8172
9308
8568
11052
2658
1356
7224
2526
7729
7404
1772
10135
1763
8755
7314
4925
3273
4985
7180
143
11000
504
7050
2575
9208
10986
1728
7415
787
11548
957
1326
4511
3661
1231
8060
1061
6929
713
5244
11174
622
9365
3803
10950
1902
4324
39
4212
9610
4721
12326
1603
2468
7694
1496
1692
1269
8243
2219
6015
10537
7788
4514
3978
8373
8040
10355
1312
8239
6935
57
4370
11140
7944
8760
2492
5254
1393
10854
4875
12479
259
1126
5629
8728
1952
5027
7329
7168
2636
2308
3320
1869
5981
540
7690
2856
11234
928
3390
3074
8715
5983
3383
9529
3866
12053
7132
9715
4660
7298
259
2440
6340
9519
6751
8728
3142
8260
5049
6045
10025
8074
6839
8556
9862
384
6424
3924
10171
1914
2748
6929
1531
3610
3351
57
5629
2976
7272
2009
4011
1637
3452
439
6161
2081
6839
1162
2668
1352
4172
976
11025
1366
1440
2249
5340
6698
2914
8506
2335
11191
10382
9693
1692
8188
8041
9452
7241
6400
8058
9327
1515
10911
5602
9766
5831
12464
7466
1598
3408
10716
4172
4379
3270
12475
4530
8270
7452
4020
6838
7341
2562
1363
7498
6981
5244
7622
11109
1553
1126
7790
5546
10979
9183
10831
7498
2186
7972
2997
9291
3706
3379
2677
4249
1578
5282
6892
25
6248
9024
4742
5767
2033
4379
5958
1141
3820
1724
11716
10773
1176
11805
12495
3917
4786
1549
9491
9610
1627
2466
8857
8191
4985
10573
11286
10813
878
2487
3321
2568
6557
1369
8068
3725
2124
11191
4355
6424
3133
629
9201
4833
8336
4631
1917
2921
10385
7577
2001
1763
4413
1210
769
9396
7869
396
8465
2582
1974
7774
3053
4583
9644
11085
7686
11538
6801
3850
116
566
1196
870
12343
1139
10130
3351
9622
6455
4868
6021
10272
9753
7662
5666
6980
8022
9201
8573
1090
9254
12219
5150
3499
9401
31
4373
9369
4906
1269
9752
3012
21
8205
8879
2513
2512
12487
3260
4985
2633
412
7485
1480
3957
2988
7715
2914
3211
1587
3575
10866
7077
2076
7694
3165
3510
11483
11113
2780
8269
6571
1456
2315
1090
1708
10034
9529
10610
176
7088
439
5892
2745
2435
11303
9466
11324
791
9123
8065
646
6610
878
3672
3321
9482
1441
10760
8718
531
8527
2961
1094
6840
6360
2568
4324
9402
7756
9088
7132
1261
3273
5366
8836
4049
95
3373
1087
3351
308
2421
7294
4886
9984
1525
9004
5958
11582
2157
3260
4335
5274
7290
3765
4912
48
2562
8539
8440
3836
10523
1528
11183
4275
7908
2026
5234
1479
7072
1526
7663
3014
5763
10074
9081
11224
12058
5234
7235
3117
7469
1862
7618
5049
6698
12233
2441
8958
1528
1889
5629
10171
1385
9830
2088
9903
3989
114
8321
3029
7240
7088
4181
603
3187
2280
6293
8618
9440
10441
999
6993
198
5583
1953
8567
6328
11915
9898
9196
3057
1352
1974
11068
10079
1596
8535
7107
976
7240
1141
8496
11301
1978
1702
10715
6981
606
2999
4275
3289
18
7072
1619
1509
1385
8635
5960
11705
4951
3486
6760
10138
6751
2609
4113
10300
2639
8755
629
4036
7527
5982
11462
8275
9610
114
8370
5035
2538
7691
7822
11624
485
3727
2294
7663
1440
2026
3774
3932
8669
4170
8248
9626
9712
11549
4332
8269
7010
2006
6649
176
2961
4361
9684
6571
2329
2065
7467
8899
10074
5954
11157
8348
1356
1582
2479
3025
3912
12012
11549
4339
2280
1076
7047
10095
2526
12013
8724
6243
3331
9954
10262
4043
7055
1701
8469
2165
3398
7207
8106
5583
6892
2219
5027
8556
1065
2921
3273
6503
9853
4678
2167
1409
4583
576
11538
3789
25
8176
9256
1429
12487
4128
9794
6955
4985
151
10785
1417
2175
10777
10866
7329
9662
9402
6438
6292
511
2668
4102
10985
10096
8418
1974
7787
12493
308
5885
86
9724
8575
9246
7584
5714
650
10941
8179
358
5675
10772
4912
3132
913
1988
7801
12495
10034
12487
9556
9330
11915
3014
1772
3007
4001
10475
2552
1889
4361
1252
1076
6965
6981
8027
906
10466
7971
1833
3062
11025
12414
4290
3436
1248
10867
728
11780
906
3575
3754
7271
3120
3082
5462
10360
8801
8469
471
1450
1429
4324
499
3661
2222
3123
6993
1261
7835
10824
331
9809
7162
10008
3127
11142
6293
5924
1348
6028
9966
870
2932
11090
7477
3595
7041
12013
11582
4955
3803
6370
12497
10390
3577
11857
1719
8751
8060
8237
9099
11025
9629
10817
1988
7691
2440
9993
309
8472
791
5744
6021
7276
1369
9023
7346
7982
5638
127
2346
11984
2346
1047
4678
1582
7485
11093
2822
2396
1281
8915
6328
4249
3592
9797
1516
9519
11398
2054
7318
11099
7686
8525
1363
1879
38
6160
8013
8612
453
10864
8703
10368
11398
11293
1356
9936
7716
1708
10217
9900
4602
10547
11683
8247
1217
3082
2181
6906
6328
7023
1202
7921
1910
5990
5244
6256
11389
280
7101
9867
2611
5337
10841
10386
2568
6388
1637
7713
7143
1795
8269
2798
5460
12410
7366
7472
10803
2356
2384
2120
7028
5340
1603
6567
314
7821
2459
3014
104
4985
7366
3169
9541
9291
5309
1417
8250
8048
1902
2479
1548
11062
3289
11021
791
3988
10385
11118
12202
10854
1415
3009
11554
4494
3288
9246
1728
9208
4172
1273
7240
7440
11099
5226
10139
1767
1383
5321
4490
6585
9004
11098
9415
8184
2186
1184
7290
3260
4608
11032
11564
728
510
4212
5924
7512
1728
3333
4324
7806
1266
10158
345
2542
4258
4906
3584
8597
7472
7756
5924
10911
11408
7971
3765
523
4785
1808
153
1126
480
1548
8421
4786
12278
2880
11212
5340
11294
25
9752
5668
4290
11512
426
10224
7404
8096
8915
5763
2124
9627
12410
3141
9676
5981
8496
2582
634
7372
7241
6610
5274
9794
1356
396
122
7749
2065
4326
3029
9201
12167
2421
12070
1375
2736
5123
8015
1230
5638
10324
10681
6698
7293
12487
10135
6906
5076
3866
9449
3243
7944
12363
3190
12497
6273
10940
4398
7404
11684
1125
9183
4767
2088
6712
419
10332
6013
11157
1356
4798
7072
6240
6199
8624
5150
3612
59
1094
1185
1196
1364
7737
11521
1002
6571
8898
7923
2222
2054
7440
6013
44
3242
2501
10362
11232
5547
8732
10239
1578
10196
9041
3273
225
5841
331
10909
2949
11076
59
594
576
4758
3117
3612
12487
3683
95
301
8065
9452
5763
10994
1364
11326
1254
6742
9594
6751
1385
9402
451
674
3611
10362
10319
8978
11613
12344
9687
11163
8699
25
6521
10317
2036
10125
8275
8269
2435
7389
11144
6424
9715
12466
6698
6241
2578
8058
9804
10520
2363
3805
866
844
6235
10629
1701
11940
11293
3719
8096
675
12312
3728
9291
8593
8699
5507
6408
11026
5301
330
12054
7752
12082
5309
8669
9083
2207
3385
870
5924
1176
7930
8857
650
8000
5220
78
6546
3408
4601
419
31
6328
2456
6387
7685
151
9756
7484
6248
7611
3943
1400
4912
6957
6606
11097
4279
5274
9
3246
114
1588
4955
9246
5892
10739
2859
453
2280
4483
237
10021
6384
426
443
1406
1162
4332
5768
1889
1409
6384
10983
9364
2327
4758
2459
12493
594
12175
4975
1535
7906
10872
2883
10274
8722
1364
878
11301
10629
9888
906
10658
9225
7685
6912
1378
3107
5723
2480
7885
9088
7029
871
11462
7272
10623
3135
4206
1456
9881
1879
8527
9350
1604
8188
3872
6108
6435
116
9878
9429
1025
9426
8336
2999
9231
913
523
11142
9681
5425
7776
10308
4324
5846
3053
5744
308
2315
7660
1650
8275
1200
3272
1792
12171
5957
1190
6424
8447
9756
2308
11338
593
10129
5223
2067
1239
7788
1353
1356
6523
7848
489
4906
117
7812
10135
7694
7661
10107
2524
7124
10293
4249
11331
8060
2766
9867
2381
4721
661
7423
7072
2298
1378
6724
70
10941
11083
8724
11392
5206
1026
5172
2421
11161
8573
480
1171
1324
10562
50
7716
5131
10562
6706
5122
6579
11390
1203
7755
9330
60
10841
5675
2711
4758
12173
11183
2621
9564
485
2440
1719
9887
9609
2181
10454
1838
11745
8315
891
8150
6489
10529
4263
7361
9735
3728
1125
7188
266
12256
10911
2766
1528
6333
3440
11052
10041
1548
1366
655
2590
832
1415
8578
5608
11043
1668
852
5012
3123
2642
3009
2319
2441
54
7715
10619
10908
7464
2968
5990
1473
1345
10074
7262
3836
1480
7389
9068
1701
8989
1702
23
10409
3132
2219
2278
7132
8335
5608
2048
8556
10854
618
8945
563
10281
10750
12067
2531
8314
12352
8184
787
2988
7919
7678
7679
2562
9460
2521
1992
5274
3806
11043
7042
6294
1478
10658
11644
8172
7545
6865
4669
2315
3575
2207
10854
7055
171
5244
2329
7755
9592
787
6531
12307
6902
10973
244
3683
2233
9101
9995
1326
699
2033
12148
4402
8038
4875
11200
884
3056
6424
9804
3486
836
7107
9794
1973
3120
2067
3276
8250
9808
8138
10360
1554
1619
1627
398
2623
1190
8027
342
11249
397
4420
5526
5220
2932
5402
7900
1273
6159
5668
3347
6752
10988
6935
136
10926
7107
5900
1202
2002
3199
9644
1645
1580
11163
11805
2421
12068
3233
314
7738
4248
9723
3123
9979
8616
11111
1553
6814
4031
886
7485
8933
1205
8316
2542
9308
8798
6575
8422
11294
8077
6423
12495
1529
23
510
8203
289
464
143
1385
1093
2480
1535
10197
1248
2621
9072
3167
957
2786
2936
1795
10101
4564
10710
1063
2771
7394
12031
8332
10464
855
9379
3728
4420
7897
1409
1185
11140
12173
11104
12487
7314
7241
1353
1589
10796
4058
6602
6724
10803
11206
4792
4648
8362
3577
1535
5270
1797
5010
5764
2710
8683
1516
594
10505
3046
10715
1634
63
2396
4483
8616
8358
11642
9863
1230
11145
981
1810
6015
2945
11026
484
1083
1781
7293
7977
634
5967
2318
2669
902
10501
7227
2705
3104
8869
11644
9809
1125
10021
8311
9623
3612
90
1535
11234
11303
10935
9994
2649
6489
10870
12259
784
11346
9028
1952
37
8014
11206
8087
3592
6679
1567
8424
2202
976
11346
3806
5204
10368
4031
1303
12082
5624
7366
2882
1121
5035
11976
5583
11920
9701
11105
6854
301
3351
787
4985
9555
1390
1509
9001
9521
1706
5244
1126
4985
1855
10006
10024
2842
8026
1281
1035
9510
6505
2776
69
11085
3167
866
9914
11857
7414
7715
4398
3452
5750
4107
1139
8365
7293
3754
309
6935
480
4660
4132
10025
2108
8873
1728
1485
3672
1383
5357
10975
7518
6959
1637
7965
2813
6612
8702
650
1838
2582
1670
4051
1205
7908
8129
18
6519
8525
176
8201
12495
758
1660
4170
7498
3319
3455
10372
4985
12281
9994
57
3635
1548
7700
2242
12321
1390
10800
3260
5223
4985
12312
8370
5987
784
153
1533
8418
8087
1587
2609
9544
2202
7955
11903
561
1869
5904
10112
7998
3014
11798
37
11986
9703
1862
8201
11032
3270
7873
1026
9979
2539
11561
106
5547
523
2456
8981
5831
878
8221
1529
2036
1719
3917
758
615
650
11161
2408
4379
2531
11604
11613
9429
10113
9192
7107
10777
8336
6511
6328
335
2356
4254
9628
1429
2952
9328
10745
7695
4758
9173
2724
8370
6028
11249
5526
1789
1206
1390
7591
10803
2640
4490
7690
7713
12466
3854
9123
9898
520
4260
8255
10223
7386
1273
3766
1185
3814
7533
5049
10334
6523
57
1754
531
4493
8469
9225
3133
11100
8506
6248
8586
8068
8472
6612
3273
3802
9095
10986
5274
7776
10750
2219
1627
5328
565
8336
1385
3123
2292
2524
9387
5357
4260
4907
6839
8352
10986
9343
8336
9711
2745
9896
1356
8172
75
1167
10913
2524
6640
9684
1303
1203
10953
3133
2961
8601
3288
7713
576
9914
386
7492
9623
1838
3577
2574
7123
4354
6424
5244
7925
8312
1352
7022
9163
9484
2363
11904
615
4962
8450
3092
5221
1146
5244
7963
2710
1238
1592
4985
7938
4260
1248
8245
345
1125
1020
12298
10011
5425
9437
5853
7269
7618
11062
9740
7470
1094
10307
2936
8065
1200
9865
9937
7556
10065
4884
2404
3258
3908
11052
366
7577
2119
3141
4324
3009
7842
8557
2568
8896
7700
9256
8336
11174
10441
2988
9977
1598
12133
7440
6146
2475
6423
5562
7014
1567
7493
1217
758
12344
1345
11473
7438
1432
3172
2319
10128
9647
9724
7072
7172
2485
11698
593
2945
342
4662
7927
3505
6583
4318
8743
6724
6801
7262
8724
80
4833
9628
2034
4043
5021
674
3017
7360
4336
1383
176
3872
2138
8073
7072
12326
3763
4275
11920
8724
8743
6935
11155
2988
144
7860
3436
6770
1796
9794
8611
6912
345
7930
1603
2771
1988
2404
1415
1529
9402
4662
11181
7741
9507
2124
1602
2306
5723
1997
579
2771
11234
9365
485
8202
5309
8495
8099
4955
8472
9330
1090
7014
8683
7068
3172
6854
11688
37
6290
1450
9463
4794
2923
5562
3850
9987
301
8301
5658
1578
12475
1139
8142
6872
5990
10776
8449
7311
3390
1525
520
8248
5504
8275
1097
5415
11189
10074
1692
2206
8095
8299
9396
9644
9841
1217
6768
9257
1668
1026
2021
10513
10973
1358
1205
3836
6546
1162
11564
4682
4643
5638
5234
9382
1239
2120
10332
9182
1838
10187
11194
3199
8689
7172
1732
9549
2278
9289
8257
10063
5032
12211
419
4377
1107
7325
9701
3719
9000
7187
808
1972
1087
1185
675
1479
3082
8080
1580
11810
2388
4258
10802
11920
8131
11163
1358
1580
2292
3703
7361
12213
844
10777
29
793
6035
8813
8806
5049
8048
10689
2932
4853
8102
9853
8361
7088
1190
8255
1953
2219
8999
11212
2997
10372
6708
5361
426
1795
2728
2633
2909
10955
844
1603
787
10020
5967
6136
177
2438
2483
3978
2526
2887
1809
8472
356
8751
4884
1226
1587
2466
1754
4846
8479
3103
3233
259
2776
624
10205
142
4159
9243
10958
11412
8472
4985
6497
2539
10800
11613
2992
11020
2119
503
3645
11298
11743
7477
4640
1281
4514
5634
3872
6028
3385
2487
8321
5707
7224
10864
7468
11025
1226
1548
6783
2009
2048
11121
9188
4355
5109
9991
11159
3611
7119
4920
2381
3661
5234
3428
5915
2988
7235
1231
3171
11243
3805
4420
675
609
2067
523
9380
9003
12493
1634
8472
8755
6047
7294
6963
2871
3655
3246
4355
2067
59
1509
10953
1604
6811
9382
9255
3584
9120
4102
1217
954
1798
1706
952
690
11223
9023
3854
3607
10661
7683
1623
1440
1417
1400
8236
692
1930
9289
2466
3836
5172
6221
11604
7072
8559
2057
2081
144
2582
8504
2466
6328
7476
522
2639
7741
1352
7716
11512
3152
2799
7776
3046
10128
9519
7241
12105
11243
7462
1997
1422
7386
2021
1162
11064
10842
4049
6139
143
9066
6739
3612
11777
8748
4069
1548
7055
1884
10096
2945
784
8026
11104
8870
9482
5221
3272
11275
9542
10215
180
3107
11068
6359
10440
12148
986
2385
8031
9190
7879
4103
12300
10475
12013
7524
9294
4882
2771
7086
9593
8625
8074
1549
2222
8830
4884
10186
3276
5924
6241
7885
904
8112
2640
7180
3270
4398
2710
1457
1343
4875
5608
758
2442
3288
9797
464
7206
259
9450
579
2711
10057
4028
7537
2175
6733
2669
7423
11000
10025
10211
8708
9330
5583
4490
6935
2562
8891
10461
1706
3516
9762
2604
8743
4460
7982
10945
11000
10259
4715
3555
3351
11411
8275
4910
9932
5206
4833
3455
21
10866
1061
9922
5697
7393
5337
7206
4404
11000
1303
7317
4527
10704
10021
8301
8683
5901
2668
7123
675
4527
11805
540
1065
10324
4398
5244
11844
1917
603
2604
6528
531
5234
7594
7729
4758
451
7781
9382
10486
8075
1485
10913
1514
3610
7637
11743
9491
5244
9866
8732
9892
3984
10113
11549
12298
1946
1345
9330
7564
4669
2317
1205
6146
661
763
725
12315
6201
7302
9369
812
1226
4860
6654
936
12398
1126
4290
10762
8336
3916
5982
9703
5223
1719
9993
3103
7466
812
7057
9002
534
6326
650
832
3584
1603
4026
10361
4370
1719
11302
1375
11054
3841
215
7537
6423
10978
11104
2054
10415
3270
1390
1450
1273
3043
3803
7780
2736
6071
8188
464
8073
2636
2574
957
1818
8933
7804
10670
24
9226
9720
7329
6612
3155
728
7325
4332
8421
1196
9086
12487
3703
10322
7944
7360
2101
290
3027
3997
3172
9382
1535
2084
9867
5982
11062
2636
3763
2353
3775
8465
9628
6948
3711
7341
1763
7360
7302
6946
9932
9564
11615
6402
3499
1356
1185
7908
3766
1553
7446
1708
10684
4363
1061
11232
7776
6839
7697
12497
4338
7524
9328
11745
2839
10361
4578
4260
2506
1509
3260
4107
12487
6328
2839
2578
523
12479
2921
504
11595
11157
4326
4912
11712
3806
3943
2001
9004
8927
2658
2542
855
8268
2408
7149
716
1457
12071
1479
21
6724
7414
7700
4170
8049
11624
8743
2207
6700
7172
11083
959
8086
5006
1363
7272
8637
6786
11627
606
6273
10281
871
9487
9975
11182
10291
5340
10192
114
1002
6045
1496
8989
2748
787
11295
3229
913
3200
3056
8029
4846
1473
2465
3866
397
1126
9215
8038
11054
10189
2411
8685
11285
3025
7683
2057
3802
11234
9398
3948
280
10223
6906
5321
1535
7498
2740
522
9508
7001
9990
8321
523
2842
7541
1266
1634
11355
7440
9215
1905
1343
12170
7102
10542
7582
8136
5538
1002
309
8351
10197
1065
4514
7098
8831
5748
4252
1261
7391
12493
395
8260
1825
10092
1855
9056
2522
2842
1281
5924
11365
54
5244
10870
4880
10866
4031
3510
9922
1708
1343
10281
3984
9781
5531
10986
10913
8760
10001
1147
4483
4602
12280
8693
3775
5150
523
8560
603
8244
9720
3385
2521
12495
398
2274
9721
4688
6369
11224
690
1855
8703
1230
4247
7805
3850
1810
10382
7077
5286
10197
8341
5982
439
8236
4749
5915
932
7283
4918
400
7055
2968
2776
10986
3383
886
2207
7711
225
3683
8479
1269
7010
8214
8888
1415
1090
1261
3455
2391
1432
10872
523
1952
6706
12278
7716
7016
9068
1478
7440
7015
10044
8201
687
7804
11158
3246
8013
3408
23
2067
1588
6489
3132
9886
3103
12447
8129
10995
301
6218
7241
5990
1364
1627
6993
9935
4955
11159
1231
2589
6742
9542
10261
3943
4484
2759
8370
1162
7756
2497
1598
6113
8315
5046
2466
3408
86
8310
1370
2936
3103
1692
714
2639
9622
5750
2138
4024
10138
25
10171
1450
325
3035
3270
10063
10476
8321
4681
4682
3030
3802
1146
8798
2456
8575
1708
1217
1400
11810
2509
9623
10314
7485
4463
749
5389
1578
3997
3169
1159
10715
3635
11241
4660
6136
9723
4413
8519
1721
5357
1072
1206
6328
7144
2859
12419
8857
9782
4279
3495
10457
2119
12268
9437
5469
151
11865
954
8336
11564
9260
1162
7452
1866
3486
11039
6476
1988
1988
5675
1718
1670
4026
12495
7618
2340
1400
9799
5244
2169
4951
11104
4354
10051
7290
8274
1245
1795
10470
4868
10454
2740
10419
1231
485
1130
2206
2564
763
3805
3190
1529
8087
405
3035
1020
1385
4377
2351
4463
4324
6373
10854
10158
1619
3463
11039
7072
1385
4493
2609
2155
10118
9628
9617
9429
9936
4985
1385
5220
4860
2921
11284
2382
8191
450
8048
5984
11099
716
3948
11543
2604
6159
4493
6802
878
3229
480
11129
5074
2589
10664
2396
8777
5076
7315
3989
9881
80
11247
2887
10632
4514
11895
2114
1284
12296
1281
69
1930
3820
884
1596
11278
2633
7743
1531
5337
9124
3398
12387
12447
9837
1825
4682
1450
10048
8575
10965
1670
9629
1758
6965
8950
470
11144
6965
1514
725
10151
12326
603
7418
2318
6243
531
2207
11705
3309
603
290
8300
7127
6871
4852
400
1526
2924
1589
8606
405
8578
11020
8760
8775
2522
4413
1501
1732
1862
12250
8937
4852
5982
2636
3853
1205
9464
9426
10831
2636
10909
2636
6146
629
6884
10272
5254
10714
11549
12419
7050
5150
9068
10914
5629
11031
4413
4501
2156
11512
11572
4775
11134
3872
10932
7821
5150
10344
7082
523
1719
954
5027
7812
7087
2386
11027
3592
7123
701
6266
5402
10777
10361
11161
1245
11245
6296
3672
4912
10213
3506
7812
8927
7981
10106
2633
5675
8436
9898
8559
9415
220
4918
2274
2487
2243
1509
3104
8243
4294
7905
7302
2033
2157
6625
6990
9735
10281
177
4167
7977
7206
3367
3499
3333
3117
10965
11648
6912
3027
3584
713
5109
10144
8504
5220
902
10905
5051
2624
9647
8341
5861
9437
9539
2088
3190
1910
1200
9061
1273
7172
5106
7848
7584
7123
11172
8335
7754
2624
9276
3258
3170
12110
3103
2575
10566
153
2600
10689
333
8916
3142
159
1632
1549
10852
1789
396
9081
1364
8204
7839
6290
3595
3640
784
10670
8298
6585
1002
1353
10911
3924
3932
1632
2274
9210
8669
2710
2923
1083
1526
2949
9752
1126
1146
9464
936
7102
6453
7448
5357
4845
9163
6590
11471
646
12419
5764
10852
119
1090
1352
3610
10833
1352
7206
7729
8335
1426
2501
10805
9748
1047
9099
6266
5562
938
2074
1554
3270
9761
11512
95
5270
12390
5548
1549
2186
59
8616
3148
8527
1855
6523
11557
5234
26
2600
10530
2329
1245
6423
7363
12495
2242
3434
2892
10991
11965
3812
891
1988
4758
4882
331
1692
10382
11194
6899
3719
4212
902
237
9703
5761
11534
122
9469
9831
2813
10619
957
6291
9233
225
2157
8355
1905
4338
6346
2736
7843
594
8074
3340
3783
10433
1838
8751
6497
9121
7393
122
3143
4938
6248
8403
12303
1831
2679
7804
1363
6273
6146
10441
3711
11206
5547
3141
4275
1239
6954
878
1515
7609
9101
4909
6902
3184
2138
2640
8916
8310
10239
9246
1409
1801
9851
3434
12300
10186
2352
153
4184
12310
7797
7467
3025
7870
5150
5957
3664
9871
10103
6373
7045
10763
7415
12493
7519
31
8945
10137
3232
9284
5191
4113
9491
3620
4564
9123
4871
1269
870
11068
5691
1582
10096
870
7879
11081
3908
6739
2242
3439
8260
9684
1728
3025
8730
8541
2487
12343
38
10403
8996
8473
5358
11757
7622
1125
2443
8060
7125
8469
8703
5701
5226
2842
1810
2169
176
3612
4318
9284
3165
2026
9719
9394
3148
11294
2335
7109
6797
10542
10911
2512
1126
1238
3398
9223
9478
1127
716
2026
9793
6980
4955
31
7467
386
11129
4759
8341
2813
9823
865
8073
8348
10006
2352
4294
6818
3428
986
994
534
6256
12344
2233
2057
4005
6047
1440
5074
8248
6981
11025
12487
9540
15
11309
2033
9225
6432
10847
3510
808
675
3858
8126
8703
5978
6180
504
2441
79
1269
2871
2476
855
871
7564
4159
2475
2402
6408
3772
928
9024
10762
7172
5340
5357
8191
4289
3719
7949
2562
7379
6892
2524
10988
6408
5071
9276
9163
8635
50
2669
7389
10267
8436
3320
8255
10975
4271
1375
8321
9701
143
1130
8421
7938
2568
50
8126
4463
5035
8465
6476
4275
7235
3012
2036
6993
10039
5357
2604
9287
11766
578
3565
8191
8628
2126
8202
1496
11790
5051
4263
7380
8532
7822
8070
10427
8205
3620
7071
976
3948
10965
9068
7998
8191
7467
3029
970
11153
3074
8152
12281
9237
6181
5744
10399
1448
8359
9072
11206
1708
10542
9983
1450
5021
10348
9080
114
2026
4260
8014
12479
3766
11183
5337
661
1701
7298
6587
215
4722
1862
8637
7752
9851
1623
8150
1587
4005
11525
1035
531
1905
752
8336
1094
3723
3486
3916
12493
659
5234
2385
59
2034
1902
9330
3645
9090
11307
12053
7967
1567
8825
1660
11984
11976
3421
1988
11292
10135
6288
8472
1917
8588
3243
2120
10096
9925
8152
7571
6015
3672
5274
1230
5788
1213
269
10160
784
8465
3635
7293
10388
9977
57
7527
8884
11759
7346
10259
4906
5744
9634
9106
8964
5191
10699
7936
10411
10362
8421
10756
11043
6249
6698
9591
3728
4745
8450
11111
1529
6802
9995
1795
4510
301
9328
4906
1668
8873
8751
5292
4404
1718
12265
2465
4258
9551
1728
9680
7418
3932
2088
7235
7370
1406
280
884
4977
9407
2883
8126
7179
5558
7919
10810
12493
8728
10985
845
10199
8084
10274
2346
11569
2108
3025
2036
10039
10108
10870
8015
7982
9245
8659
2531
4159
69
9363
12479
5220
12053
7127
4336
5934
117
3672
3988
8274
3157
1273
5634
3802
504
12263
4985
2729
1796
9276
2009
7049
9330
7686
503
11189
3319
9350
9401
6229
1978
2923
5227
2640
1366
3916
6403
2639
5608
4507
8106
11298
9756
522
10475
10965
870
8986
7005
1496
2795
1184
2124
4922
426
8971
598
5051
11052
4844
7860
15
7246
9794
5546
6388
4876
10438
7050
8450
1450
9402
356
4477
4722
2480
54
7399
9469
11755
661
11516
4985
4092
12237
11189
561
6751
7469
11644
6521
1798
2538
8579
7364
8179
8236
5150
11326
9464
11978
3373
7763
2054
7263
5071
48
5548
10973
9118
6769
351
10260
1167
1095
2526
3064
11917
115
1529
3309
3273
2465
10189
443
11842
10137
622
76
3440
6892
797
8373
2924
8351
8335
8247
10520
10803
325
59
8137
4910
4186
8743
1529
791
8703
37
2167
4682
3258
3664
6546
6221
6671
1719
8874
3061
11484
3573
3908
9922
10333
2076
1284
8041
1020
1185
9345
7018
4363
7466
10787
1844
10044
2748
7913
67
3912
4318
1261
8971
2233
1806
10108
5924
6805
54
1061
11348
453
5658
7885
8641
1093
871
1159
2381
7341
758
1328
7752
9256
6442
5441
11188
69
37
4203
8336
396
10762
2219
136
290
7330
8131
5460
6511
1206
176
2115
5274
749
1440
10596
5150
37
8403
3408
2921
1269
8593
9589
650
7999
8732
7422
3243
6612
1514
7936
3260
3664
5625
1650
1125
10433
2582
390
489
7346
9673
10065
758
8221
1691
6993
11772
8291
7907
9539
8245
237
4206
489
9288
3411
11043
6708
8311
334
902
11512
2388
10810
5983
3978
12447
3455
8192
8137
10589
6140
1772
9099
6320
10982
994
8095
11745
1432
7523
7149
8957
4345
7643
3803
10260
7611
10171
7088
259
484
5095
7404
10988
9941
3232
4132
1210
10500
5107
8556
1141
6838
1532
1047
10776
2459
9126
9937
1422
457
437
7571
7556
2351
1831
4662
10213
3258
7162
9812
5244
7488
9797
5220
7101
6698
749
363
5095
12493
102
10777
10780
9225
2249
3424
12493
4151
7869
1383
4167
1440
7276
67
1719
3894
8683
8728
11622
4654
6071
6751
3134
2932
485
8627
7793
11662
7982
11282
1364
9196
2952
9715
5982
8891
6436
7835
3635
8142
2606
1245
2186
1650
5206
102
11118
10813
6414
10080
7821
9549
8791
1582
3207
2249
1020
10870
398
8027
9903
11604
3123
7127
11052
2048
563
1366
954
356
114
6198
1213
10441
499
1598
2426
5357
7938
902
6424
2242
386
2838
12419
5675
10382
2880
1409
7414
2227
11060
5220
8981
8137
3199
3613
1097
2562
10716
7307
1440
8702
2521
3141
5309
6839
8232
8830
4167
10362
7691
4910
3850
8916
9321
8048
5301
5411
11610
2468
8070
10943
9887
8939
7736
11157
5223
4404
11899
8353
8270
4254
9365
3572
8015
12271
7330
10421
2496
1248
9821
865
8699
7849
9437
9446
7469
7382
9371
8595
7541
6724
10852
5328
3486
10197
2220
11946
9522
2181
8300
2581
8199
5987
3575
12312
11112
12387
3763
5638
7587
4271
5172
1510
7997
7317
4335
8060
928
2609
7101
10316
8221
1879
9684
1914
2589
5390
5564
9026
949
7521
4212
3766
5602
5194
4985
2470
603
3672
1862
2496
5321
5006
3805
5328
9000
4164
3587
10978
7869
9711
8352
2114
4031
3613
7397
5220
3127
7228
1352
8897
2923
6476
8541
2278
9330
9914
12464
9197
390
8197
3706
8748
904
11105
83
565
3309
1533
6741
1094
7729
11163
6424
405
2842
8641
5767
2404
10843
5624
1724
11360
9251
12378
4227
2642
8077
891
11469
1528
8143
10308
10128
2776
4069
10372
1972
7005
439
9319
3505
7018
9664
2021
4906
7372
7464
3082
2206
522
9853
603
1808
10041
1063
2934
9318
11557
5768
12422
11466
7235
578
9516
4880
10361
11888
8266
12389
6707
10824
7998
9048
6036
3866
2696
4212
1035
11549
1548
4463
1582
12263
1147
8311
3428
1879
9989
10909
7919
1457
7923
10182
8155
11686
2175
6519
10325
1415
59
4678
4845
11042
12219
7972
8699
11787
10870
2067
6902
8575
11348
6436
4578
3763
9545
10422
11353
1496
7552
1632
5347
7662
358
498
8718
2512
4370
1184
8703
3030
7580
870
12319
8204
3074
6298
1385
11964
3725
7221
2776
9443
722
9478
7901
9898
1083
3383
5340
1668
1345
8685
8421
12487
9881
331
1401
2842
787
3455
1728
3479
3390
4363
4501
10531
3765
12013
9772
3272
5507
902
7982
6712
8301
4225
2157
37
10854
1789
7690
8245
11201
7788
3635
4363
57
9721
9000
11338
9208
10512
3721
8336
9680
4200
8250
1580
891
2705
8075
301
10789
308
6583
4880
10189
4366
11032
11471
11113
3997
7484
4802
9369
7447
9470
59
6739
2084
2165
5301
10617
3584
1479
4985
12497
2186
6667
3373
10913
1580
8732
7228
3789
5234
1567
7870
3916
8898
3246
1797
2795
2391
3385
1348
2438
4167
8349
3014
9491
2538
1440
7293
8205
9995
2808
8245
9080
1978
9028
9711
1973
1879
769
6400
5638
11033
9925
5649
1810
4821
9067
8226
758
3479
12497
1972
1589
9503
1047
2724
8316
7293
7098
3043
9752
8300
2192
1370
5095
8248
1353
7119
801
12013
4250
6818
9898
8084
5270
3057
10780
1061
9071
3187
12278
3138
905
7533
5131
25
4070
1378
3017
3652
6667
3655
2111
1525
2156
7997
6926
2633
10454
7983
10817
2335
1515
9866
11282
7447
448
2006
23
5483
7293
6489
12410
9068
7700
2912
4790
1580
9884
8523
2766
176
122
7339
11408
12211
3297
4973
5191
2242
2206
57
5114
7923
9098
2842
558
1448
7981
7982
8607
1141
2001
11425
8026
7010
3157
4151
1353
2609
9808
2512
12303
5361
3555
5787
8362
1440
1125
10772
8556
4324
1650
8107
3260
7361
687
1721
9881
5223
11239
1495
9984
373
3190
11072
5861
5150
5270
7579
970
8016
6786
6957
10320
871
6473
11863
1126
10238
4247
1930
4355
1097
6749
3575
8817
9949
5652
9804
522
10441
9827
2633
2351
6902
3645
9379
4338
1526
4602
3995
11757
7609
9385
8989
5234
4159
8419
5337
3992
5234
5220
10687
5206
10588
9629
2841
4669
144
8558
696
7452
12321
11159
6330
11307
4250
1200
1798
2002
8611
3440
1670
9402
7683
1457
4654
334
7741
5244
1634
5321
4875
2138
1245
1348
11904
2945
6835
7317
9382
2306
11053
470
5270
7339
67
7905
9683
10935
2466
11561
2711
1809
4922
9330
8869
3805
12439
7873
11099
3133
9233
10451
8172
7184
1202
25
3836
9189
10710
10158
31
606
5191
11109
345
7194
1724
5274
4184
1160
609
5292
5123
10102
7352
9851
7168
2822
7341
4844
7294
63
1485
6990
5990
3943
10406
4643
5321
12432
1668
6274
4640
6424
8700
5270
3289
7307
8773
6424
1855
11805
4424
7176
590
8506
2658
7311
6369
3595
8009
7870
4910
12414
8403
2227
12447
6923
3510
9862
9023
8567
9618
3092
4640
3398
9272
38
646
1025
448
2081
2362
7395
10958
8137
1240
618
10464
7438
716
8291
10864
1203
12151
9087
4402
8155
2363
902
5638
4477
6327
11212
11350
1226
4031
1889
9024
10522
8472
5957
480
1930
3167
1047
11148
3260
7358
6489
9719
12173
5150
2924
6679
10588
2034
8170
1025
8358
7420
1473
4260
9837
11410
2642
3640
11915
8298
3351
10323
6906
7394
4212
6146
10128
7944
12082
8292
11026
7875
10909
1127
3612
12013
3379
3635
6424
5221
3850
8321
8365
4336
6959
290
831
114
12434
1159
7007
11686
5076
2605
7330
3148
6146
3738
5957
8830
2589
3635
2669
3620
5150
5861
3683
12174
3661
7226
2084
1097
6424
7051
10941
5924
2169
4514
7783
561
2589
11020
10718
10304
10973
6871
12468
9694
1130
8074
7758
4697
5425
1589
2421
3841
3325
3152
634
3325
1587
4026
9703
3565
10138
7622
7611
8699
8074
6548
9841
7132
5783
9269
12174
7323
12301
10205
1510
9648
4185
2680
12178
5220
606
2527
6476
6626
8950
12110
4290
8172
4250
4602
12439
59
8226
4324
9380
3613
2167
1196
10584
9400
266
6531
3009
8593
1884
12329
7963
5901
2480
419
3272
10382
9503
6497
244
5106
11098
10330
5915
2914
9226
3025
1147
579
2640
4020
9488
9638
9886
1496
10589
8370
7031
9665
1429
1348
6935
7127
7874
6660
7870
7271
7143
11366
9256
2468
6230
9684
4671
3607
10548
5206
7132
5310
1632
2441
2562
1905
607
4514
4096
555
1063
3155
2249
1147
4225
10433
3273
11152
7869
2115
4689
9539
3379
5853
7909
1548
2640
4672
1126
10710
3995
2243
1356
7045
7168
10716
3783
2752
1660
4128
5675
5227
2880
2242
54
1953
44
4011
4254
8348
8479
831
10558
6838
3587
701
2664
4767
928
10988
12151
11118
8670
6159
12254
153
3505
3190
5853
7909
6266
1670
3159
1303
6384
485
7543
2074
4255
10759
1206
2568
5274
3148
1670
10681
722
8107
1810
1196
1501
1076
9463
5150
6014
12286
4584
11757
2757
9526
5216
5340
8099
2036
9732
8618
1529
5984
3854
6797
12211
4672
1623
1549
11943
331
8316
10810
10096
9833
8528
1634
10138
3390
6473
11940
1147
10347
11068
1754
10475
7885
3775
106
9993
8766
7224
3064
7493
4821
462
504
10988
143
8558
2562
3017
11224
9680
9866
8898
9818
9083
11334
1754
11257
5328
10995
2949
12196
9975
4494
12448
598
7447
7905
11857
2468
3324
1203
10824
598
8729
8625
5629
11989
7351
5220
10529
2590
29
9684
3297
6575
1914
7427
2575
6328
618
3347
6560
1789
6497
11392
1670
2305
11343
5317
2932
12497
1254
9379
309
8358
1358
54
4841
7868
5109
3421
3351
6805
9289
4749
1240
10771
2503
11486
5666
5668
1226
2729
6978
6791
1167
6146
7372
2088
7396
2952
8214
4875
6771
4858
1782
1884
3706
5561
3247
5814
932
871
9991
9721
3211
451
4260
176
8268
3506
1973
1025
1691
8131
11301
3383
11031
8465
11402
5915
8472
7792
10448
504
558
9287
11645
2997
10995
1125
4749
11865
12487
5150
11418
4597
2219
9679
9081
8978
3017
8838
6839
938
12204
1495
9415
5206
6564
4977
1245
8527
1763
2294
2658
1457
3288
10994
11152
4813
8409
8715
3577
5206
7952
904
10218
2780
4262
3333
4733
2599
6965
11212
3155
8040
1596
6229
716
2639
2298
9123
9123
2065
3440
8201
90
8836
7531
269
12390
8945
9687
5826
10908
5109
7383
2917
1390
11958
8857
5021
1185
12048
10304
3932
1532
1406
1217
8777
12184
5504
6403
7822
8236
12430
5982
1810
11390
9067
244
2875
3866
1632
7792
576
12483
1184
1348
12294
4912
2883
11070
1252
12058
2108
1393
871
10074
906
2458
10899
3894
7667
8699
10483
10025
1763
1992
7194
2175
2582
1798
4250
8730
12039
10083
3703
4170
6489
2035
6640
3988
10831
6656
5141
7661
1328
9245
290
5223
8027
8612
11027
1701
4494
2021
9901
1364
8836
11165
4743
3436
2539
8175
9482
12157
2186
3803
2574
5310
791
7206
7771
9711
6479
5583
11234
12171
9510
3519
3805
1378
11556
5482
1146
7711
3162
7906
1691
5270
11035
1125
11191
520
8026
2356
1853
10965
4005
37
7533
21
6045
598
5745
11957
12068
1782
8409
9693
2538
5744
462
2386
9232
11282
8410
2542
9724
690
10300
4031
4026
11274
9491
4640
1456
10362
3243
2402
5216
970
10261
5958
7029
3916
4058
9330
10789
90
7184
3516
9426
10291
11634
1623
7179
10941
12428
10262
3288
12390
7029
11401
5526
3550
1094
11863
8418
2124
11577
5262
1702
9000
11159
419
2002
7907
1902
661
7224
1763
2853
5044
116
9237
8539
3379
906
8079
1121
10291
12088
2669
3661
6978
8748
12310
2509
1378
11698
808
2388
8504
69
9533
9463
4069
1602
2384
9321
6764
5021
9194
2680
11470
8074
11590
11350
3924
8761
763
7101
11648
7683
2181
8465
5220
1409
1254
1485
1701
2795
79
8985
4860
4335
7897
10505
2155
5255
11243
11053
6805
10810
11145
7883
11022
1953
11647
2808
3103
3727
4058
5244
10438
5402
9294
1348
4080
3948
4964
11022
10354
8558
8060
8496
10095
8978
6424
2243
3763
902
489
8746
2157
12447
9629
12348
8087
6839
9083
10982
7599
11447
4206
11235
4601
24
11318
1238
5234
1914
9449
12213
1141
1796
2101
5234
4299
696
4151
3463
3802
10466
5658
3135
7375
2476
1266
670
6013
12414
8632
9623
4318
9335
2677
11298
3134
8232
9382
3858
2381
4876
4250
15
1348
1582
7041
534
12326
3367
4049
10267
12137
1902
1429
4339
11727
12051
9135
9606
10572
5255
3056
12495
1356
10817
2489
7631
10698
398
1509
650
4036
4107
1364
11042
7879
3340
579
3019
6436
6307
10113
1213
3555
3270
9298
11278
8079
3243
176
8298
2997
2842
11302
5337
12259
8321
7670
5262
1732
8770
8807
11466
8314
2054
9311
4043
10272
7180
8075
6769
3711
6854
6435
75
7531
1364
9886
7055
2581
6546
7408
8243
11794
3053
11798
1312
7337
2238
12495
4985
1197
3812
7485
3169
9269
906
6818
11064
5324
1400
7513
5526
2035
976
2639
9177
7391
970
10112
2280
400
2988
1869
6511
6902
9369
6999
1708
12430
9363
8581
7585
11940
2642
1632
69
57
9078
9099
10344
888
5547
8519
9767
3319
3805
9866
2292
6071
10293
8338
10771
9794
1810
8175
5361
1758
5957
8109
10863
4262
9215
5748
4361
9472
3132
11275
7172
12312
2435
6461
7685
9026
4985
4906
8525
3721
10113
8409
9740
6660
2420
8831
9734
11757
6741
9823
12344
54
2562
4834
12434
5629
1587
4049
7029
5750
10334
10841
9867
8352
1141
3984
5301
484
6679
2309
2745
10213
10113
9311
8279
3683
4363
10003
3408
1578
4742
701
9954
2875
11302
1213
3258
2752
4758
1529
9794
6739
8722
2679
6965
1781
7360
308
9349
1902
11194
7711
2299
666
4844
2006
3606
3120
522
1634
9072
4258
6676
4379
4647
9914
3857
9080
8613
1480
4601
8449
11663
11809
7184
9079
8155
8761
8270
6266
1238
4662
2497
5870
8212
7591
9892
865
8575
3017
8617
3428
4354
5957
2526
5547
11755
5230
11074
1582
12173
1226
7821
1307
1429
9542
3703
8199
12175
12355
3519
12434
12430
603
8255
7172
11278
11324
10454
11266
2114
5109
1422
12432
9687
1862
523
9461
1401
3728
5226
7790
10167
8239
11538
9402
618
603
1281
244
1619
10915
7739
6252
6476
9794
2696
4483
9960
4530
10699
2813
1808
5244
75
4366
10867
9261
5221
8335
5216
8647
3351
523
12178
2468
1763
4301
11111
3373
2280
7967
9864
1213
3510
5206
8214
10524
6786
659
10272
11309
6373
12175
2048
11964
1515
10330
7293
5194
9550
7477
3966
4745
9881
1902
9201
719
7577
7206
7361
2114
9723
6706
1065
5478
12058
2202
2892
12025
11538
9402
5983
11282
4886
153
470
3988
1400
904
7272
6580
7321
8016
11053
7955
3074
9693
11243
59
2624
8527
4511
5051
8509
2736
11190
10520
10278
2206
9071
1230
4785
9545
9104
6700
9256
12493
11025
9947
10319
2220
8299
2604
9349
5783
10816
4682
10684
5044
11241
10756
3727
17
390
9291
10684
9260
3595
7476
12479
4170
1592
225
1312
5209
4906
865
8392
6489
8924
11372
8239
7054
9365
2292
2568
2306
1364
7190
8980
2382
6935
8659
6115
9310
38
10074
4598
1200
10308
8201
4128
7550
4069
10785
12448
2968
3408
11098
844
37
5915
6801
2503
3683
4813
7276
10847
6546
6081
6333
1495
9679
4785
8950
7842
4361
1217
6837
2396
10213
10932
7736
4170
1670
522
1369
10983
3984
2562
6274
3866
10102
6783
5101
10958
1604
10322
7172
7938
8300
7088
1619
9435
2736
301
5244
722
10130
7072
12285
9650
2076
994
3229
7485
936
1660
7450
1789
3152
5049
6621
1825
9853
8225
6320
4767
10632
2181
5905
5191
10347
9080
1479
1645
7960
7825
7109
3610
10048
4263
11052
6725
3390
9765
11176
3703
1953
3029
10773
485
3584
11660
9590
523
10760
2736
8065
4890
4813
8616
6980
2356
7637
3661
11002
7905
1510
1422
4985
4339
7403
10107
9851
3035
1369
1167
2408
11553
11943
942
8939
9055
11526
1855
7977
10147
8714
8959
5414
7272
1200
3836
7232
4957
10173
7448
8293
2771
9510
3916
6113
12173
5415
8684
301
8469
8722
12072
11811
2564
12196
9319
4289
10760
5608
5624
523
3510
12390
9335
8890
7269
7691
3169
650
12415
9340
11068
7873
4530
8274
6959
9719
10106
8867
6587
8143
11021
2997
9145
1152
10890
2207
6024
7661
9979
8009
5714
9220
511
2483
12344
8424
898
5109
932
11416
3056
5928
10368
2156
2026
9308
9871
4640
6100
395
11035
7346
11621
8635
9946
10260
11313
7936
2192
12012
2475
114
4026
4597
1479
8874
1480
38
9687
10502
7564
7068
1076
8084
7643
11032
10025
1369
6015
2503
952
3738
8715
7682
8617
9488
5270
10440
11863
5301
11034
1797
878
2512
1634
676
10092
5082
8732
2766
9370
3061
7927
11412
5220
4301
2292
8576
3948
4132
5425
3027
8927
7057
1952
1328
3948
549
10986
8551
9594
10096
11478
11035
705
7622
2074
3655
6326
7549
8541
7464
18
4925
5321
5761
5861
1792
1917
6432
2306
7396
7843
11943
3123
6347
11083
2101
2242
75
9949
10272
1210
5938
11549
3519
12479
7787
10470
11640
9734
11348
4185
3498
1401
11521
4695
4043
6290
122
1240
2856
9752
9294
1533
3995
176
7955
2786
1554
716
7783
2299
10911
2169
8351
3948
6201
12271
11292
1806
12398
2605
3812
3383
12181
7522
8770
4361
4332
3917
8750
8613
2483
8188
6317
12201
12434
7271
1478
2363
12060
6006
1592
6139
4785
8274
8659
9770
3611
11068
5150
2006
8819
70
6388
1046
1485
10599
4681
531
492
6733
12414
1401
3465
11610
2636
9536
5885
3775
8074
11152
8899
7075
5234
7875
9460
8126
7568
1125
7448
8935
5697
86
787
3009
11685
5194
2669
2468
5220
9715
6774
80
11683
8250
1364
8815
696
3495
6671
9048
5220
2487
1345
325
8897
2542
7752
10390
6495
801
4398
1046
9039
10251
6742
1432
1152
1202
10787
9839
10867
8693
4977
5572
12497
2048
1549
5915
9398
396
2568
9818
2640
12157
5227
11688
4355
4884
11976
12411
8362
1266
10744
1167
3814
4206
11757
7380
11278
4882
4036
3728
10135
6473
7712
11247
3841
1634
1147
2233
768
4049
12175
7801
1093
2582
9684
1732
7042
5826
8440
9804
10063
2155
6290
24
7928
9396
1782
10517
2202
8882
655
3774
1645
5583
10409
986
3806
12466
3379
3351
11834
622
11234
7739
1409
1358
4181
8072
10687
7057
7519
70
1946
1721
11239
1273
10710
6291
1400
7738
1525
1107
2838
8143
8192
12175
1510
3872
1810
6518
8565
6892
2923
1724
2033
10025
8732
12248
1159
3092
6346
2759
1806
7879
10866
4598
1844
8315
10067
9145
6707
11013
12151
9194
987
7087
5982
7873
7363
10182
870
10803
5402
7132
373
2021
104
9402
1831
3992
5948
9068
2589
10803
7221
3917
2327
8373
10833
176
7756
8335
5788
2233
520
9335
9703
11068
11790
902
1831
7774
10625
9336
7833
498
999
11809
622
6818
2912
12343
579
4128
2475
8398
2388
7944
10772
6453
11779
1838
2114
6929
2604
12068
6161
2115
1831
10696
10623
7190
1818
10178
11842
2853
4026
1139
10129
6424
9626
9
3607
10833
2669
8606
2679
3595
69
4813
606
5150
523
7447
676
7650
7088
4564
259
86
11144
6624
6990
7706
1670
9617
4298
10113
8348
2680
1496
301
11684
6288
3783
5634
10802
9449
6584
6243
1810
4258
3207
3984
8828
2124
3995
10200
2459
11026
1409
6228
2883
2658
9334
9033
10758
4420
12326
793
3187
4326
6612
2705
4749
8945
8382
3763
1370
3479
3190
10756
3383
7086
10661
4813
7892
3932
2435
870
6837
9518
12082
4036
10332
4185
1167
1125
2710
8693
3997
5301
4200
2181
9776
8026
7529
7440
1473
9809
10008
9610
2988
4578
8541
10687
9830
2382
9711
787
4758
2865
9408
5425
749
5309
3841
6497
8109
11815
7258
3159
8960
936
7241
5982
5010
1797
8142
959
6229
450
11593
4742
6370
1245
6417
8188
11772
8185
932
37
9213
11462
9319
4275
9055
615
5714
3242
7397
9045
7584
4890
9033
1002
753
726
11952
8060
1953
3774
12130
1303
9243
2402
3061
8424
762
7602
6952
4460
10362
5309
1509
10448
11447
4336
7736
1589
8378
4252
4689
5011
7188
1844
5357
6770
7755
1549
7187
12495
7670
1721
4572
1095
5274
3200
5414
10812
11162
5483
3325
59
2443
11686
1535
7812
4408
12281
2526
5081
10763
11121
650
5958
5044
10817
11053
12119
6241
8142
8935
1162
11180
7729
2798
3289
3439
6621
6954
1592
9440
4102
2945
12013
11512
1203
7464
7977
902
3321
5723
2527
2114
7524
3988
9086
12058
8516
7308
3246
1366
4853
1479
1217
6838
928
10817
8828
11234
2856
10777
8427
6714
11978
363
10213
11663
4958
3390
4227
6108
2483
8472
11034
11000
4424
9257
4687
9701
9095
117
7399
2552
9350
1352
11745
1363
10911
9820
8409
10020
10171
9622
4528
1781
79
9993
6633
1992
4298
2489
2492
3155
4167
2006
3573
11068
1758
6752
4020
2841
5244
6024
7143
2621
12495
2526
114
12448
1496
12233
6708
1326
1358
4275
8014
8136
6760
10286
5244
6541
7423
2115
8352
3806
1706
1660
10019
1808
8894
2822
5755
2337
9261
10681
8502
11027
10908
7072
3349
2065
1879
9330
7176
12181
90
8986
4648
1210
1588
4967
4749
7777
8986
2696
4078
2119
7777
8647
4722
3610
9755
9335
4798
153
31
1917
2921
4654
7729
7293
2887
6497
6050
9429
6519
1582
1953
1946
11144
9766
8038
7825
4289
7269
1184
2759
2274
5000
9622
1440
7925
8504
4882
10572
6783
6218
1603
6026
5411
10371
480
3575
9903
10197
7207
6239
6081
419
12319
8579
9839
69
6662
3802
3030
913
11158
4227
943
12054
9526
6654
11425
3721
1603
503
9463
6566
10101
576
24
10909
1515
10354
8136
1853
6980
5512
330
7343
9101
6274
1429
3481
5853
8616
1240
1763
6625
3014
1370
10422
4672
8481
7172
5561
1005
11865
6751
10986
1972
7272
5768
356
2156
10197
9715
102
15
122
11031
5274
122
12432
10449
1549
11017
2842
10267
6749
10304
17
8279
5223
9135
7241
2238
2759
3841
462
2404
5234
4172
7805
4922
4376
1526
2156
57
9208
11888
1332
9265
8556
4326
9541
11072
753
3898
1203
6839
6771
1917
6201
7746
8421
4697
12464
7311
6476
9243
10734
9201
10985
4289
7833
578
8607
12048
9357
680
76
11011
7062
11401
6739
1721
9231
12483
1213
5787
12468
4813
7346
10427
3565
1162
994
3989
1844
1139
624
4404
11419
2421
9151
687
5220
2668
572
1307
5666
4871
3463
11236
10704
7556
9544
9408
4849
5904
12174
7184
11685
3463
2757
4507
2309
2771
12242
8445
1046
6346
8544
5226
9638
7756
11712
11453
7661
12319
7906
8472
6714
1772
8718
12419
1348
3134
437
675
10978
1369
9367
3803
7241
1602
4938
7774
6706
2948
5021
10505
10564
1706
792
10110
5244
12031
598
6889
7781
190
10670
7180
6989
7045
8556
6106
6182
3719
9464
1529
5309
7746
8909
10231
6430
9521
8344
3506
1516
1448
8874
1097
190
3242
7371
7741
8544
6006
4834
11206
5583
11234
3455
10454
4951
11413
6708
3388
1190
7072
6583
7792
1592
5768
116
8933
1273
1588
675
3383
11072
4501
1721
15
8298
3162
11462
8328
11027
1795
7323
9
7488
9327
10734
6273
936
2669
9723
9437
2327
5546
7999
8074
2485
1252
9452
5441
4349
1025
6430
7325
9863
11738
8321
4883
1307
1495
9993
4985
6892
3505
603
2856
8203
9068
9855
2728
6660
5321
4511
9196
4691
2492
10440
9083
2114
2065
1997
8898
11516
480
396
2001
3455
4643
11441
10785
9083
714
578
1363
10183
209
10529
7622
10183
9
104
2914
7470
8960
1063
10109
10940
5462
902
7790
5220
8516
4985
9752
10011
9966
7655
11480
3134
439
920
3555
2048
3898
8898
6098
325
1328
6240
1501
7591
7999
10483
5969
7679
12475
11486
8670
8759
3723
2599
3248
7194
11810
9402
1332
10361
6340
9827
344
10096
1588
2880
8525
1426
5206
4301
2480
768
785
9056
4640
561
11261
2292
1478
10458
309
11172
7981
1668
9949
778
510
9885
6414
902
866
6564
1973
11140
5948
9450
10653
10932
4263
2352
2780
5344
9966
9443
12171
5583
9294
11052
11907
11411
5415
2396
1269
8870
7178
1002
7618
7102
8184
6403
511
3390
4373
3062
1002
1588
2001
2186
3143
9415
10068
5101
3607
1312
3046
1385
8212
753
7383
7618
1801
2945
594
11344
1121
4782
7240
5226
5978
6660
7132
7568
1139
6531
8729
12321
1343
8314
3229
5357
7870
11144
48
5697
1632
1869
11235
606
2936
3187
6423
1532
7930
5666
4407
7708
4501
9157
504
117
9166
12219
1992
4510
5425
8348
10324
4697
7168
12157
10345
8348
3351
9701
523
1973
1479
6528
5051
1781
9389
1988
12434
464
1795
1529
1203
489
534
10813
1706
12466
7822
1356
1479
8732
3384
11399
3550
650
11903
1501
6453
6788
10103
3581
5761
2992
4494
9048
9592
3367
3854
2219
8578
7413
836
3247
9550
7467
4
3506
504
11624
3575
8192
2839
8525
7138
3035
8181
1185
4976
9564
981
9781
4853
1578
984
12178
7695
9223
23
3440
7566
7712
11383
1400
10715
8755
6814
426
8299
670
3655
6990
1721
10151
2842
6747
6201
2108
3030
2813
9983
5089
8136
5744
11022
1866
8041
6852
1797
1308
6328
5049
3384
8971
7388
5675
938
12468
7906
4845
2604
1197
701
335
8243
6872
1328
3711
10144
7371
5766
5948
6146
3142
758
5462
11683
4254
4407
561
2497
5583
8328
3575
8648
2988
5150
11516
1708
888
7631
9078
4577
2076
10816
7513
1127
12389
122
7955
7550
4631
1440
2084
6328
2578
2033
10860
9766
3916
10747
7228
5425
11068
1809
4925
7749
9041
1094
12263
1046
6266
7351
1767
9071
959
4883
5548
11642
8060
7477
4069
5230
7263
11688
439
1809
2036
10791
5624
4345
12363
1273
1332
12213
8798
504
4404
489
11355
4080
12088
4452
9276
8335
7258
1141
4977
11172
2696
5191
2001
63
9541
4249
8579
3898
1152
2026
6899
8898
8469
11903
3866
3420
3133
629
3141
5900
942
4790
5625
11557
7843
2574
8250
593
1307
3434
2611
565
11512
3399
54
8245
12213
9507
11161
2318
4798
8184
7311
4853
3171
8728
2766
3989
2138
7780
6495
3157
1450
12157
3057
659
1833
7660
9024
11063
9327
8197
6837
5253
1975
11063
6115
7758
7476
3157
8099
661
9723
6791
11590
1588
11746
12211
11101
2220
5223
4697
9003
82
1589
5244
9491
10958
6035
9223
10976
6566
3774
4678
9536
6320
9589
8472
11957
2933
6181
3351
3841
8245
606
1378
3029
11534
12479
10866
3802
11383
4379
3258
10433
4527
11163
2356
11832
1284
11416
8601
2912
2640
6590
5234
3053
9881
9529
3142
1
561
5885
8699
9735
11582
5027
11525
2088
3606
2531
7330
1363
1692
3841
10537
3133
2157
3499
763
1393
12045
784
1902
5150
2582
6959
1206
11385
8838
3595
1254
366
1838
8978
11053
9235
6328
4260
9379
6424
1063
3155
9995
1670
6840
758
4882
4413
2155
1456
1627
12173
2590
1528
3439
7925
11224
10505
7594
11331
8016
5624
4688
2346
6606
531
11470
4952
3270
2034
3763
12281
6018
5666
6414
3505
8382
7050
4092
2522
8310
6294
2192
4494
5957
5538
485
176
1902
325
8176
1378
1440
1623
11143
7488
2808
8586
3132
594
10421
9510
1238
2202
57
6957
3916
7450
1415
5602
10232
7088
4420
7152
1514
10791
3246
4722
4103
5038
4985
4985
11153
2057
8748
9676
8355
10805
11712
3943
3062
5748
871
3408
1526
5234
9175
7277
8981
398
1273
1953
10234
1691
11017
5483
1378
10986
2582
2664
11771
7663
1806
11043
10698
4279
6333
6415
10867
11604
1061
9676
3273
4664
6384
6567
8074
7440
102
9220
5244
10025
5010
12415
792
8898
9628
10173
6373
1772
12280
10065
1426
5234
9274
1582
11856
5081
4248
10522
8049
844
8576
3479
7492
1660
9796
3789
10926
7361
2033
5905
8729
3243
4976
1095
9914
173
7700
6408
8586
10399
8138
10958
1162
8737
9585
9083
4360
8528
4207
8087
5366
10072
1063
1126
1532
6805
520
4069
8813
4345
10559
5548
6650
5082
1869
2475
1450
10325
7001
2759
10260
11556
7448
10800
8080
11188
9793
6649
5109
11247
4096
12048
10304
7469
11716
4669
976
2356
813
1095
6993
6128
753
9364
2202
12447
1975
7388
9609
2074
10361
8316
6436
6965
8773
7729
8819
1088
12495
11201
8989
9518
5990
4577
1348
2932
1348
7733
6479
11090
6325
11523
1269
7371
11326
8300
511
1702
4852
1952
7325
3062
7409
9398
7102
5204
8874
5095
11234
1125
9789
716
6291
11940
3142
4973
2538
9995
7637
176
6159
7016
5478
6923
10144
3765
8888
8199
6370
7364
9336
6424
10718
12301
5602
9194
3853
2165
932
3127
2933
10913
10699
2114
4643
4247
7868
4263
2435
1046
12493
9466
2562
4167
1732
2386
9804
2485
7021
4338
4798
10610
1217
696
1409
8471
21
561
7826
7446
10994
6753
5714
10760
3123
1167
9687
9522
1515
7998
5947
2233
5562
10388
11182
9317
10697
3486
397
5934
10307
11063
2621
10172
1902
2421
4463
5244
10299
9622
8126
9363
7002
3167
1094
5608
5274
10298
1660
2489
783
2664
1548
11604
1708
784
4461
1176
8170
11011
8203
12430
12204
10547
576
4985
2501
5957
7842
11604
7825
69
3948
12466
8048
7295
11411
10316
7678
3645
9983
3703
10131
4985
5568
8138
7602
1369
4689
4360
8129
6583
8403
7224
1946
3912
5566
6675
844
11686
4324
7337
1332
8188
8897
6838
7928
10197
4890
3727
12287
7072
4794
5469
5274
2242
8777
7072
1456
4985
1345
10812
2485
2421
3486
3187
3428
11779
3602
485
1217
8047
5425
156
2181
11054
1992
5947
2048
12228
8473
11043
1767
2597
12398
6801
207
8703
9694
18
1203
10357
8182
8201
18
12475
9841
3324
10812
1516
11249
3260
6113
24
8933
1767
9289
6162
4648
6345
8351
9317
5483
3481
11557
6742
9289
10068
8275
7156
1801
3025
793
9937
2589
3937
8170
6327
8628
9066
4664
10261
511
9156
10613
1533
11832
7930
3565
2597
852
10800
4463
5901
5538
716
2242
8544
7777
4318
7113
1668
3157
10744
3894
308
4275
4247
1385
7712
2181
3613
3138
6255
335
3117
3610
4955
12487
531
3832
4695
4549
1152
10403
9243
522
6230
12475
6327
12256
3486
1184
8058
8075
7796
119
6721
726
10450
2165
104
2578
4849
3505
5244
3850
10758
7029
2421
3321
4876
10101
12419
3428
11064
9526
10653
10584
2381
10589
7314
3017
79
7754
1450
4631
6815
4318
2396
11940
10323
2658
8136
1231
10844
8703
11013
5564
9766
10034
2274
4200
1230
2167
6995
8352
6952
4682
10543
11399
3436
8074
6805
655
4849
8109
11898
3581
9841
2074
9733
8926
5234
5292
7295
2562
2999
7375
11063
9274
9041
10140
400
7977
1724
3505
1889
10715
1035
5982
8702
6954
12082
5206
8014
12383
9099
325
11341
5221
3701
11334
10915
1529
9491
2157
8370
9723
4871
10007
289
10406
7594
655
3495
650
8269
778
8888
5478
9335
12419
4597
5764
4985
9589
3333
3857
9400
12348
11074
598
5767
5244
5629
1554
8826
1025
397
1378
10454
7983
6027
11839
1383
8981
1553
5624
6252
3171
692
4332
1254
9921
717
5081
7980
10760
7691
6742
10978
11737
2945
10308
3428
12434
4185
4912
7599
12064
5483
115
6700
607
2912
2352
4260
5361
3349
4886
871
11158
10433
9343
4255
10087
12256
5710
4404
10255
10172
6649
142
10689
11863
5234
4248
1598
2485
8669
4917
10932
2822
10471
8683
6047
1549
8370
7399
9687
6228
4177
12343
4572
5983
9794
9807
4975
11121
11698
11214
7587
7180
80
2026
2294
6700
6128
4080
10419
10715
106
7982
11621
8358
9959
9652
3411
9803
4484
8746
2385
4080
3349
4049
11406
3486
701
10317
10130
10171
4373
1645
3997
6252
2186
412
4829
3267
9503
762
9167
7550
67
3866
11338
11553
3383
603
2169
1634
7966
7272
6773
12439
2513
8106
4377
5665
11101
7415
3664
11610
12495
9172
9177
2679
9528
9601
5960
1869
11234
3587
2841
4906
5415
1185
4290
1844
6771
1456
11398
3725
5608
8270
6129
9253
2711
8550
4170
3203
6317
6018
999
1910
3452
9150
7879
57
9135
7127
6828
8978
6817
11365
7545
7883
5957
4742
5460
1582
4058
6989
3937
2219
722
3062
4185
2033
11413
1884
4683
1535
2677
10945
1535
4170
3029
9213
10513
10512
7472
9074
3465
1529
11353
5915
3390
1587
6292
523
1580
1093
7172
716
6955
2917
9681
12447
7352
10173
8573
11401
1011
615
593
11161
2988
7736
4643
2243
9086
3260
7383
8941
10791
634
4107
4354
10410
10253
9104
10812
6838
8525
3948
9345
1352
12389
1217
1592
4031
4107
3992
4643
8274
4366
2126
7088
12497
1587
1141
12312
4608
7584
4195
9518
2386
6307
9687
9839
4790
331
5583
11134
9995
4028
9071
8472
4363
6739
1580
10625
8131
6814
5507
2649
5850
593
9644
1728
4952
5310
1230
7686
7256
8718
7404
12151
10958
3992
12237
9629
3270
6488
10110
366
2381
646
6783
8070
2786
4377
12248
2636
758
5049
1869
6274
5668
2470
3711
2402
6993
9071
10870
4349
11663
1844
405
7662
4910
7662
69
6731
3171
4494
8472
3260
1005
680
9012
12475
7523
1997
7051
4951
5761
2757
8232
8581
6560
855
3997
8516
11286
5301
2306
7256
898
3664
11757
280
3107
6880
142
8084
1121
1719
7512
8703
1130
335
5328
4681
4185
3132
237
5082
2710
1125
9090
11735
7525
2590
5044
10223
5629
412
3872
4813
1806
9914
2658
905
6580
6662
10965
7277
44
2875
2155
11134
3516
5482
618
8495
8606
2009
5317
12466
7284
2065
8079
12415
11390
5414
5361
12495
2048
4958
80
5987
4132
6797
8230
565
7290
11907
10333
4507
4961
11938
7477
11852
116
10549
11572
9245
11282
3701
3270
687
10771
9606
1400
8365
8106
5583
9954
5253
5220
2356
4906
1152
2539
2759
7874
9336
5006
3854
7579
9702
6235
10626
6541
10327
10863
8473
3866
8551
9699
3645
8495
8000
10759
1364
6838
6839
1273
3203
5107
10914
176
301
3506
8080
3014
9350
5347
3057
8801
4682
3820
7318
10519
11771
11411
5011
83
4102
11224
1795
12497
10291
2934
9367
4794
8826
7088
10267
11577
8893
7020
6435
10771
2771
1758
7585
2402
7826
7781
6978
10415
2305
4662
11043
813
3331
437
878
8798
3156
1973
4602
10941
2923
12383
1345
9867
3655
1728
3912
2736
5230
6667
3171
8245
523
12410
11378
2292
3988
9122
6360
12287
1125
5787
5244
237
3555
6667
11052
1702
1450
4669
11412
10684
6291
10676
3053
8153
3898
2883
1588
11346
1879
4813
2841
8730
11190
10063
8631
2238
12294
6667
3595
3199
9898
3655
11525
50
5748
7618
6066
2318
11811
2636
10008
5301
7715
4955
6548
2292
11064
7826
11660
12428
10683
57
5321
9041
9437
312
4289
12281
3436
2526
9121
8338
7982
5568
9487
5234
177
37
12483
11093
5324
2298
9618
6516
6999
9975
4841
5209
10796
11771
661
11549
603
289
3841
263
7045
4043
2362
10800
1385
9369
7450
1383
7317
1093
4846
1501
9662
7363
10145
11989
8616
1580
1535
522
9146
3399
6201
10057
10205
1088
5051
7187
3912
7206
11712
10722
8798
2048
3499
8732
7351
10696
3171
11097
3613
12184
8506
5150
9468
10759
7812
9061
1833
8016
9102
6997
8221
2649
6571
954
3200
10890
1789
8481
11965
5969
7399
1088
4733
1532
8471
7149
8009
8575
4417
7156
6708
10833
5904
9423
1284
10912
12466
11986
59
8073
3887
10298
5483
5191
6818
3479
8722
2299
11779
8550
8106
3103
10007
5634
3017
5114
10110
10320
6424
6770
11285
6516
12428
1587
3103
1076
3289
7870
999
716
11984
9360
6662
5666
3452
3602
3924
10760
7686
6369
3452
4299
4049
10988
2521
2914
1862
8748
8897
7076
5402
9226
957
6523
769
9100
2489
8766
2002
5922
6725
10457
10841
5629
10064
5021
5206
10036
7082
8472
10797
1393
2799
2319
6273
8830
4743
10102
2335
6307
3555
7781
9491
6032
9796
5957
2404
1668
5223
3498
10170
5209
1952
8986
10697
2242
12447
4366
970
5074
2605
5957
8770
3486
10611
902
4511
787
6519
7216
5340
9255
2839
8481
8752
1706
4318
6548
11422
7580
2115
902
3062
5234
5957
6146
986
2786
9726
358
2859
7235
1953
3506
6373
6406
11766
4800
10916
10126
7125
9592
1754
9765
6833
1450
11027
670
9145
4880
1240
8378
3988
1792
9647
11159
3351
8181
7427
10175
9872
1217
705
8184
7936
10621
5206
9794
3211
11957
1206
4722
9450
10611
4373
1343
8279
2346
4373
1825
4299
10304
4414
10911
7448
3420
1480
10396
2657
1090
11033
6476
7227
10109
5347
8359
3411
437
1072
2274
3148
959
342
6564
3199
4335
3373
10193
8321
6050
10138
259
3379
5624
1988
2305
5340
1083
11605
12493
1604
7713
1978
943
1348
9807
10195
11983
10914
7176
4715
2034
7744
6752
12495
905
11961
1385
6768
9987
9003
9068
6035
4212
7682
4925
3499
555
7469
7293
3424
9839
1884
6889
10510
11645
10197
2856
716
9083
3333
4906
11648
1808
10360
5460
3169
8519
10155
12039
2875
119
9884
5234
6340
936
3030
10282
1721
9628
5274
1107
11326
1284
2590
12233
11266
5566
1273
6266
1598
4951
762
4934
7631
12265
7736
8935
1307
4844
2539
1005
3062
3123
400
8985
10574
8185
8958
457
2317
555
6531
3857
6621
2865
1312
263
5425
6742
10189
12025
12389
8068
1254
5983
6218
8466
9740
8361
11735
8916
1147
2936
10278
7012
4578
8312
9995
1533
1668
7962
9704
450
10406
11174
3607
9466
1910
1370
1415
8699
2808
8247
7736
437
4294
9903
9150
717
12119
9272
83
11648
9610
10270
11735
2465
7068
9402
4170
11555
11385
6160
7833
8270
386
9799
10066
1307
2363
3289
10319
7408
2912
9158
11314
5665
9452
5234
4849
5011
10872
5982
7670
5624
11162
2124
6417
6438
10664
884
5141
4163
4721
7464
6788
2036
11480
437
7663
9387
9797
4909
9762
9190
5317
1999
7050
4335
5808
4294
1975
11557
5665
7512
2356
3288
5227
10544
3789
1457
11026
752
11483
351
9220
7180
6686
12064
6751
11111
6949
2786
7162
10260
2930
705
2155
1303
8815
2752
8482
785
8573
8612
6801
8201
7005
2934
2506
4678
11683
1093
2892
9121
11832
54
3465
4952
2968
9357
879
5027
5274
8950
8777
1364
443
8576
5074
11856
5155
6163
6752
169
920
10558
7564
7187
1978
646
9308
1999
10354
4080
9246
1706
1668
5675
5340
7873
12464
8893
9540
8192
3156
3555
10844
4800
5309
1440
5254
7513
10559
6394
10205
11219
9327
2780
8440
9917
7021
10433
12483
10103
2871
12411
7002
4184
11662
7998
9183
7113
8935
11165
10155
2621
2776
10362
6742
2999
2513
3495
3887
8472
1884
6626
2856
12072
4758
10716
5583
7836
8825
12171
10544
2679
3319
8469
5634
5366
8184
10543
2404
6249
3652
3420
4572
10976
9701
4564
2786
2909
1146
8348
10915
10234
9991
11978
2157
622
7088
9991
7715
1792
6811
12054
2609
6248
2155
10449
7587
10137
10502
8705
11302
4408
3243
79
10870
2914
3465
642
8989
7468
10530
6328
4695
4976
9298
8250
5462
10421
345
5366
8996
8312
4184
10215
489
9867
4493
2949
8703
4882
10670
8015
12196
11410
7927
11346
11418
984
7343
10973
4483
2542
8610
10314
2668
9989
4681
2527
4370
10274
9812
4324
7045
1670
11239
3141
9767
12196
5141
7227
7282
9189
4407
928
2402
7524
9335
9865
9969
1139
2562
622
1772
1952
8243
5987
471
5206
3373
4906
1348
7848
7022
2473
3606
9809
11366
3803
6560
106
12190
12483
4985
6414
3606
5546
12319
5766
1763
9975
3903
9954
9851
5841
11834
11737
2522
4271
8916
8472
7998
4530
405
2363
3123
4184
3777
5021
5668
5987
4792
2476
11026
808
9096
11491
2388
3029
8539
8370
10739
2526
4985
2633
11011
2512
4782
1587
1456
2329
4255
510
3992
4402
8978
3858
12319
7932
4259
9990
6997
12355
4601
2575
1348
3455
1162
1953
10368
5254
4672
9255
1634
2384
11378
10800
5122
5948
2581
6403
981
11180
2441
2353
11964
6307
2923
2408
8612
1273
4743
9701
4530
11986
10354
7932
9491
4177
5808
9652
8937
4203
4349
3916
12228
1370
932
7999
6160
7476
8748
3924
2351
3276
8882
4654
4834
7010
1809
784
11829
7711
10475
8275
443
12344
6660
9225
5309
572
2054
11516
2503
1307
2351
1167
8409
8182
11066
705
12167
6199
1801
2705
12495
7389
5150
4225
7438
701
2443
9158
5274
2599
6424
2657
8632
10813
8421
12308
7544
10623
12432
5767
6528
2157
7232
11647
5634
7907
12422
4354
12439
4527
8557
10231
797
8332
10406
4379
12067
7643
11979
1549
1589
4572
11307
523
9753
8355
6438
7812
2808
5321
3858
1627
12074
511
727
5206
12296
2786
2165
2219
8606
902
6307
21
7708
10067
3207
2470
5768
6528
2886
4447
5042
8270
5915
4151
8668
9761
4049
5634
11857
4225
9705
9917
259
1002
10145
5625
4683
2280
1440
888
4527
3019
8897
4036
8138
4860
1763
6235
2582
11903
4687
11871
6640
9772
2124
5310
2921
10138
8068
2838
485
4036
10102
5402
11053
12326
3455
8978
10110
3388
6409
12410
5122
12497
1495
6549
3957
2921
1167
1457
7386
10382
9901
2524
1975
2327
10511
10382
2456
4227
1281
10588
7314
3924
9851
1026
1869
6751
9683
11341
6897
8573
11152
8755
6024
12174
1978
295
11938
10864
8684
12430
3812
4662
10141
2799
8579
5744
8351
3064
6241
2292
11161
2404
10500
5915
2710
2795
8060
9382
10300
11105
12082
2115
6290
8890
5027
6328
540
9723
10976
1589
9720
176
8647
9481
9564
3421
1422
3439
7579
5861
142
7679
11917
4853
8897
156
9279
10613
9766
2798
11989
999
6146
5286
1862
7194
11338
4722
67
345
5750
4682
801
2156
8873
11162
308
12475
716
9166
12493
3340
432
8247
793
1011
2624
2976
8214
11128
8362
1167
7741
3555
7550
1509
15
9313
1231
522
9592
11385
797
11309
661
4890
7235
3916
4058
7012
345
8509
725
10500
345
5109
8365
1533
1992
1910
4011
4669
5301
12271
6769
2988
4688
5270
2076
3606
2497
9470
12348
699
5576
10750
12281
5172
11899
2242
1862
7960
4170
8079
8509
10160
5967
11410
8708
8205
1588
6989
7422
2408
356
10433
793
2578
6394
10138
8509
1516
749
7072
10282
5021
8627
9898
7640
345
1972
2924
7695
1988
2175
3519
4184
6106
8041
3803
3961
4722
7415
4354
7812
5358
11961
4564
6871
12308
5629
4258
1549
2988
492
3898
119
4985
3321
171
9184
11915
6045
593
5282
8635
2766
9276
2509
919
957
6328
5079
10245
8989
9987
3385
11000
12184
3383
2002
9151
8722
8869
1889
3276
7609
11426
4314
5707
7295
2992
7062
7277
1429
446
11344
9023
2385
2227
1831
1226
3620
6254
263
579
82
5357
10796
4868
5206
11627
1533
6902
10549
10196
12157
8275
5038
10247
3573
11543
11022
522
9719
2101
9937
5189
9359
2074
5425
3014
4853
6442
10272
7246
692
5831
7370
10758
5340
5274
8496
3645
3248
5027
9229
8605
10986
6325
11301
12422
932
9326
11984
3333
4167
523
8705
9886
5629
244
566
4377
1020
11903
2036
9485
7593
3506
5244
2948
4361
10716
4355
5150
8274
8635
6741
10146
7272
4886
4080
11275
8725
561
4876
10512
2568
11392
7519
4227
9457
2035
590
1353
7467
8748
8888
2640
12448
2945
9310
4335
1261
8957
8175
4332
12196
11174
2309
6006
9107
7715
176
3783
4640
6505
3390
8382
1668
12268
10722
3385
11644
1514
8479
5512
4361
8137
2668
4049
8112
151
2167
7919
1978
8883
7420
6731
2609
3159
1415
2483
832
4259
11516
4128
5051
5928
9163
8095
7498
1326
752
9748
9723
9555
2568
1692
5301
6424
117
11663
4683
3233
9122
8074
7314
4745
6892
5079
10805
7180
10103
5207
1808
7503
5701
10272
10744
11483
7284
9158
2351
11856
11898
10842
725
696
1772
2065
6424
1692
10870
5340
1589
2664
29
8136
11735
8715
7143
12054
8026
9328
10684
3009
9839
10192
11811
11593
783
12303
984
6720
6667
871
1796
5274
5608
1160
9251
10758
1456
7577
4417
11794
69
3061
561
12170
2757
1400
7796
7660
1531
7503
4301
11844
6476
3424
7690
5572
11002
11735
8616
7792
8743
8481
2006
6541
6013
4876
4912
10986
115
6417
9898
5286
8298
4326
7283
10745
959
7952
1754
5361
6006
1252
3443
6961
12432
1782
1366
4011
1632
1332
1598
9461
10270
4248
8777
4026
8466
7224
5567
3319
4577
4408
5155
5032
11232
10979
3857
1589
11060
7330
1047
4871
6429
523
8950
5629
1952
1409
8245
9328
2865
3142
11412
4951
10324
949
8106
8685
10596
50
2562
11063
942
11863
9713
10357
11958
11143
5191
5321
10448
1587
9201
9735
12271
4975
10978
6714
114
11543
6546
6815
9068
10824
4028
2306
11660
10988
905
10863
1514
4001
9087
8058
10197
4985
11074
9319
4294
1999
8759
8095
2512
8879
5462
9865
1393
1409
4678
5625
8421
6814
2108
9921
6400
5207
9732
7643
10221
5548
6583
7469
2932
9925
2538
4335
3260
932
12434
10397
3635
1587
5714
10411
12483
713
796
2157
5566
11068
8293
8049
787
10785
2009
5958
11964
10104
5301
2002
9487
1533
7977
987
7774
4360
11309
169
3498
7221
11212
1210
11777
11868
1754
8392
4326
871
7568
5629
7758
7919
9664
6902
3988
9284
4058
8496
1456
3319
9946
1130
6014
10901
2120
11663
10202
9330
9522
10698
8502
6707
6180
5853
11735
10001
6769
7602
5915
6066
9954
9032
2155
6970
1533
3325
6802
2669
8351
6566
2640
719
4203
6805
12414
11686
784
565
6902
1772
10965
5337
127
666
5081
6511
1910
6455
8328
1107
3573
8775
90
4985
3506
7346
9922
3258
1535
1065
3388
3573
5310
1061
5027
3184
2305
2181
1456
7371
1363
5012
4463
3424
11309
8047
6032
7044
2404
12475
7005
624
8137
1754
1441
5051
12321
1825
6408
10256
450
7028
7874
10530
5150
3270
10978
1914
4985
2319
90
1972
2396
7804
7801
8482
4907
9954
9485
2798
11372
4460
1332
12025
9080
11074
12067
10082
3439
8729
10945
7650
8648
9223
3321
12054
6549
3056
7552
3152
7875
11234
10238
7930
11063
561
8703
12254
8935
12049
2318
1549
11318
10843
2001
1273
970
7127
8528
6566
5254
5301
12184
6606
4821
7076
6333
10247
6298
2034
1510
7450
9324
11389
3331
1724
2219
1343
9841
2640
4938
4530
7397
9563
3728
2206
5841
3854
9901
8575
10139
9865
9291
6128
1529
11241
7476
10417
7549
1261
2167
12130
1238
12211
1393
1409
4743
9723
5750
12260
12074
10905
3857
7072
572
2222
8986
70
8721
1167
5483
6296
2745
11648
1217
7529
6724
10282
15
3738
9033
6906
10831
1072
489
11257
9804
8447
3602
6473
1496
3199
124
2476
4028
2914
5220
480
1035
3854
11737
6320
9954
7001
5624
10471
9401
8936
5226
714
4407
4586
1167
6625
6201
6163
1884
11276
5846
11313
6181
2356
11223
6980
11419
8743
9516
11737
7036
2496
1495
1719
4687
531
5150
7739
2527
10510
11738
1176
10064
12068
3103
5361
10049
2766
5223
8161
8040
9693
2621
3064
1528
3519
5106
4494
10241
3661
3611
3765
11627
5010
4688
2564
1353
2923
1535
10983
8813
3866
11686
2319
3289
10371
3385
8473
831
5787
4925
4643
9553
280
4528
8182
9588
7180
1203
4024
6564
11613
9367
11295
12167
8365
11392
9313
11425
5150
5634
7418
7462
12389
1798
9156
5504
11194
8353
3775
3495
11348
8469
8192
1553
2526
10192
3992
2856
7072
3602
5478
2315
5982
4026
499
3652
590
11002
2346
11771
2386
7703
10461
7338
2999
9061
2968
6447
7018
4078
2798
8008
11555
3575
9995
412
7277
976
2757
4461
2157
4069
6497
4749
2639
9088
6528
2021
716
3510
9794
928
10458
904
10167
4294
3135
12181
1231
115
6741
10619
5221
6347
6764
11634
4918
1795
891
749
6497
37
12133
6346
5629
7427
104
12483
6201
3187
4985
5155
2206
9123
736
2859
10069
957
3661
4875
2882
3242
4484
7086
10224
10760
12303
8095
7980
1792
3610
10354
2337
11856
11297
1338
9797
3495
8504
8260
6213
1795
1554
4951
2930
12114
1261
3857
3774
796
981
1706
8752
11605
1226
59
3966
7919
11666
6047
9243
2294
1634
4185
8086
986
331
1245
6162
1269
9365
12495
10382
10523
10417
949
10991
5301
5095
11292
5301
5768
1002
12157
7282
4721
3966
3383
4164
579
4477
3854
8606
4463
7533
8349
5131
7062
2480
1796
12398
10911
11152
9797
6708
484
7844
5915
4985
2633
4408
2238
4355
999
11780
3806
5567
11842
10260
6626
11947
12411
3613
6230
10251
598
2988
1889
9921
6340
6235
7998
3481
8601
11398
7897
9954
9145
7913
3854
6255
1057
936
4564
10772
2799
4906
10866
1348
3587
9443
9467
8950
3766
7125
9622
6160
9402
3104
2605
4170
2443
4846
1196
5665
9508
2696
12051
6359
4798
676
8507
2309
12271
2298
5337
3120
7193
9157
7905
9830
2473
2309
752
9593
2605
11360
898
7708
7524
1831
10048
888
5027
6266
11597
2578
8489
11478
10613
522
3916
10482
3383
5361
5858
4172
10844
5310
884
10205
8445
9991
4527
10039
6531
7756
8182
957
9
317
981
674
3602
7758
787
10523
7737
10025
5301
11043
5621
661
29
1441
4852
8927
692
12139
11717
12352
10796
7682
6274
6294
6359
8336
1
6047
4026
1338
9505
10200
176
4749
9371
7826
4298
9838
1810
10870
10588
2539
23
11469
2736
2509
11927
9823
6447
59
4806
3434
11162
12228
9550
3612
4511
762
11732
6676
7593
8040
3992
9839
3606
8873
10943
6162
8535
1728
4681
4592
12201
10813
2912
5226
8924
5340
4408
1353
4262
10345
1097
10410
7485
67
7661
2664
9118
12018
5027
6583
3992
12137
9853
4527
3481
8247
11757
7793
114
4743
9379
6598
10348
10361
813
3723
6006
7981
8556
11554
11746
9039
11174
11755
2435
10390
2233
4614
6400
9862
714
1702
2921
7715
7999
159
5150
4846
1240
5234
12175
3170
3340
1879
9840
1554
8815
3424
579
10566
9655
3498
10760
8559
6161
2511
8836
3150
2679
7404
4664
6774
1910
8358
10744
5122
2948
785
6387
4252
12497
3270
1324
11473
4934
356
6213
6571
6403
5675
2813
309
7045
12184
6360
12326
690
4195
5389
7358
3043
2111
4463
6957
3007
2021
2871
6035
8109
884
10368
2509
12068
8635
10905
1353
6828
10345
7492
11155
10354
9452
2126
1130
8729
9223
9577
10161
5230
510
3683
10684
12326
7469
3661
7906
3573
3854
936
12411
4159
1798
9215
866
439
2748
11035
3411
7020
2169
3272
3276
8527
8766
8212
4271
4298
5900
2186
9893
7518
9841
11070
10135
6414
4925
11534
3190
5336
8666
565
3948
2175
5915
5081
2729
9634
395
3019
10253
1587
6739
6146
3587
705
5337
10495
12355
8980
6995
9740
879
8535
1525
2909
7076
5744
4875
4335
5621
1231
5957
4225
2243
6182
9975
1831
2274
9061
10403
7270
446
8806
579
11915
10785
1240
4586
10864
5274
655
4507
7485
398
8989
3440
1125
1772
480
2524
198
7366
5223
5027
8060
4794
9892
618
12466
7361
6369
5191
12487
3572
6997
3937
7140
1978
8181
334
6902
2934
11326
4985
6590
3887
6047
18
7921
10512
8806
5861
8550
5947
4164
1974
11181
3463
3613
8628
7826
2292
6047
1422
9921
308
1095
11070
4962
1796
852
523
3141
2839
1047
9396
8616
7927
6571
5107
1999
7469
31
3661
7295
8436
2590
7015
6230
2578
6256
5688
11940
1026
6026
4672
57
2574
8161
11834
1833
5567
5566
9867
5270
6423
3602
10978
4910
4660
4806
9072
9893
7323
115
3854
7293
4299
11627
2076
4602
4985
37
9853
9407
6159
5358
3495
3857
942
3373
7446
4011
2933
866
1946
2748
1409
7923
5967
10317
10986
3857
6150
4758
3107
10864
10588
898
1202
1930
561
8504
9196
6417
1159
3397
986
11402
15
11712
6548
3408
9853
6995
2318
4404
7467
10403
8813
8708
8560
7178
9636
12493
888
9002
3820
5301
10003
10704
2487
215
888
1167
10476
878
2119
12049
1602
7780
7609
10455
957
7508
646
8392
237
8732
5204
9470
3440
7602
3379
3439
12250
11525
9291
5155
659
7375
1485
7593
7622
7088
8255
5652
7938
10298
2473
855
8557
69
2649
5629
5504
7016
9055
8048
2220
6249
5744
2084
520
12301
7160
122
7077
8447
7545
12181
7187
5726
10391
457
6150
7276
7529
7756
5538
6679
1025
11491
6423
9681
2945
1531
5981
5204
3775
7661
2780
12432
11666
7631
2776
6770
6768
9576
9488
7609
4592
2192
9841
9457
11360
6159
1185
11534
9482
1448
3398
1889
3711
11647
3728
6610
7508
959
8668
6098
308
7035
1782
7593
10080
7403
6047
8072
758
10841
10195
11888
7780
10863
59
1533
9545
2679
954
8935
1364
10314
1328
6198
949
2497
7082
871
728
37
6290
1806
3723
5922
9098
11303
3836
5027
2859
1668
8247
12268
6218
9917
8489
8107
2006
904
7372
8557
2788
1510
7413
1061
11113
9151
1159
59
7382
7638
2021
8750
2299
3912
7485
309
9318
9867
4792
11413
3132
9577
5668
10388
9987
9253
7836
6825
3783
3074
11877
5564
4028
2976
6583
2658
8525
5755
8950
6662
1781
7849
1692
6249
10864
6557
7077
7835
9804
3398
11622
714
6801
215
1782
6935
10802
6788
1097
7361
2305
484
8328
8857
11261
1248
5046
8471
7113
3932
858
8410
2207
4884
153
5901
2440
12468
11698
6649
9629
2839
9255
9966
317
2408
4049
2115
5608
1732
6298
1027
579
11174
11757
11525
3841
2669
82
6840
2353
6423
2465
7691
4080
762
4420
373
1952
2111
2859
10683
6346
1728
295
1844
2294
10866
7905
1485
1206
9715
8170
6989
6473
3107
3171
10912
1303
8247
6292
9328
10382
10588
3014
6906
4227
5262
2329
769
4786
4909
4
8602
1809
5415
7180
