2829
312
778
2543
4952
6753
6801
3792
1473
5574
1105
1152
6720
1109
934
5970
335
4446
1473
1404
5096
3423
5388
4597
1432
4315
2087
6735
1083
1028
1031
1103
1585
2185
6702
1443
5040
6618
5646
4174
6313
4584
6801
3909
5387
6759
3324
6404
135
3451
5402
5405
4120
309
234
994
968
3088
1727
1260
2889
2734
3725
759
1390
3690
1013
5176
2604
4595
3350
831
4558
1012
862
3414
4644
1432
4801
1474
4684
1020
974
4545
3764
6538
3810
1528
5400
2559
4758
1565
6726
1534
2424
3239
5417
3326
4076
3454
3098
5009
5570
4538
4638
613
6721
1155
2109
6824
1286
2112
1077
2568
4888
646
4357
4421
4583
6723
5171
6583
2355
1283
1471
1073
3418
943
153
297
5523
4027
1110
5019
6585
5431
1673
5081
1386
6307
3981
3325
1130
4670
6848
4630
149
4997
1374
3190
3124
1454
3295
1644
2289
5383
1135
3332
5260
3195
3364
4973
1607
1917
1597
5701
6674
5664
5333
6765
1404
6385
5513
803
4387
6754
2122
2153
5689
4578
4361
2326
31
6637
2080
3321
4572
6060
399
4782
5202
6735
3069
6286
3186
4322
3664
2225
3118
3248
4621
4420
3104
1017
5200
1886
6518
1689
4597
6084
1548
1249
933
1458
1401
1753
1644
4444
3388
5544
1391
5606
4647
5184
1075
4489
5402
5381
4709
1071
4835
1516
5039
4647
5081
1030
3298
1312
6587
3185
5132
5718
6678
2185
4867
6754
6727
1344
1077
4651
2333
2113
619
2244
5016
3512
6596
6849
2932
1569
4149
6367
1172
4562
256
3392
4654
4612
5044
3087
253
2170
2016
3948
3092
6638
4707
6657
1372
1084
5534
1290
4599
346
3331
4878
6838
1937
5012
4742
1183
1056
4562
1094
6721
5854
6635
692
1768
1594
5157
2821
5005
1899
3767
1392
3470
1100
1735
963
1371
3257
1093
6515
2082
3379
676
6737
2682
4654
6735
1581
1730
3838
6358
3797
4728
6802
1573
1916
1995
5022
4623
397
5359
4789
4643
5132
1397
4869
4535
5442
1961
307
6692
5193
2840
876
3394
4062
5222
424
3695
1824
6065
3180
1619
1147
2065
4362
6803
1696
4621
967
5099
4563
1588
2717
6727
4845
6721
4559
2327
3184
756
2858
4640
4452
3458
1245
3174
3798
693
1722
4530
1751
1513
1928
4806
3130
4587
6510
3337
965
3462
5358
1474
2228
6803
1155
947
6583
3326
3676
1465
5267
6765
155
6793
2718
913
2309
4940
2093
1983
4522
1938
6593
4987
412
5564
1007
4652
4847
824
1137
4282
1369
3760
5794
1376
6648
6873
968
4545
976
3682
1398
2099
1501
2752
2584
5106
3365
971
1094
1532
1031
4500
3814
6805
881
3429
4407
6823
1402
4933
6640
2241
3179
1952
4643
1931
1535
3215
1153
1107
6735
5427
1614
5306
5276
6281
4381
1862
1464
6060
1583
175
6812
6725
2537
5141
1625
4578
1322
1001
4436
235
2002
4551
3680
4640
794
1136
3124
1269
2538
4116
3206
3358
1261
1446
1638
1951
5915
1131
5437
5064
1140
3148
4466
1571
4588
1251
4290
5430
4585
1096
3020
1971
945
4075
2875
6074
185
5998
4636
936
3038
1573
3808
3123
6617
4503
875
1015
3184
1509
4145
3181
386
4592
1621
1975
2135
1069
4514
5157
1029
4859
5058
3324
6722
5411
1933
4603
1124
3296
1067
5030
6508
1577
5439
4501
5143
1100
4558
309
5072
5103
3235
1633
5251
4614
2214
1233
5633
1727
6639
4626
3365
3340
5390
4855
5017
4762
6416
6451
6691
1934
4572
4747
2226
5536
5061
993
1681
3208
4373
6754
752
3324
5065
4454
5386
6861
5423
5536
6603
4749
3243
4349
1260
826
1029
1685
2361
1729
1370
136
1074
4520
622
5066
4855
6286
3657
1022
1736
1510
1959
3568
5331
624
2603
1702
3292
1124
6606
1071
1569
4587
6422
3131
1959
1965
4988
5031
1602
1657
1543
4484
806
2211
2561
5435
6674
1019
1957
5104
1110
1134
1669
5439
6738
6618
1077
1627
5225
2561
1729
1151
3241
4131
1919
1925
4615
299
3160
960
4706
4438
1653
5688
6777
984
5018
1072
1104
1097
5198
6583
5440
1164
650
1435
1525
1637
6752
4565
1111
1533
6773
4967
1006
1412
4551
936
6635
2542
2040
1470
1686
4487
1374
2361
4196
6824
5199
1414
1110
5088
5424
953
1070
1262
6754
1410
153
1245
5070
6548
248
2340
4645
3775
5355
1118
3911
2767
1030
4348
333
1052
3331
1539
3339
6387
1365
411
1617
1232
4550
6546
1671
6353
4501
1619
1822
4472
1121
1525
3334
2224
1723
2224
3407
3749
5207
1055
6695
1150
4361
4567
3190
3365
1510
5294
4938
930
5770
686
1078
4869
3178
1333
947
2172
4123
3188
6814
3816
4795
1759
5908
950
2398
1677
4563
1072
1009
969
1158
2206
1139
4586
4406
1111
1126
2286
1537
4317
1575
1976
4631
5438
6800
1519
4513
982
4540
3545
1644
3201
4309
2524
4124
206
1646
1018
2962
1744
3365
3187
1560
2874
1107
832
5806
5353
4511
5027
3296
4616
2269
6310
4569
4096
6618
1692
4502
5061
1180
996
4594
2622
4606
6045
1397
3294
5516
5191
4428
3237
1223
3179
2822
4669
2331
4136
6857
1007
4551
1758
1276
6775
6296
3389
2741
6601
1030
4439
5718
2976
5144
4767
2023
4586
4606
6812
954
3137
3403
218
2524
1936
2940
1961
4253
5697
4414
3322
1593
6308
2751
1022
3222
1147
5719
1625
4268
1385
4575
1780
1121
6335
2847
3189
5558
330
3838
6636
4606
1389
1410
3205
3403
4148
3191
6753
5688
3874
4541
1152
4951
1055
5542
307
5010
1170
3003
3393
1081
3340
4795
1728
1532
930
5082
2286
1726
1420
3372
6791
5399
4743
3217
4574
388
800
1373
1262
5794
1522
2286
1703
3318
5230
4224
5170
5074
1080
5144
1585
6002
6756
2121
4355
793
5006
1976
5037
4443
6731
901
1500
4884
1018
1574
6580
4513
1034
1583
2829
1701
4966
1362
5333
4598
1156
220
4734
4586
3125
5719
6807
1028
2835
4490
4935
6712
1635
1222
871
2707
3373
5423
4483
1059
966
6774
4945
6747
4611
1688
1043
3194
4461
1222
6799
3333
4604
3552
4533
1946
4713
3295
6793
4586
1752
2821
5823
3321
252
3387
5718
4466
3367
1155
5039
5019
5033
1883
4609
5484
2046
4703
1381
1288
1691
2842
5145
1188
6223
3390
1917
4857
6617
3333
1646
6754
4115
1729
6335
5026
6367
1412
3443
6617
1235
1494
5576
1554
902
1066
3401
914
5072
417
4488
5429
4557
6808
411
4656
1161
6717
5064
4566
1013
5401
1077
1004
6494
1157
1129
1792
5718
1063
1763
2703
5423
1277
5685
302
5000
4658
6639
5291
5070
6634
1554
810
4688
3304
1140
5410
1118
3199
4564
6584
4945
1092
1998
5021
5439
4999
2001
3340
4525
4745
3402
3631
966
5284
4450
2422
1081
3337
1609
597
1128
1101
4689
4763
3700
4482
3733
1384
4674
3352
4619
4635
6633
1055
4113
4547
3222
5147
1668
4962
4490
2524
585
5541
4750
4937
1135
1057
392
3325
3365
1129
1174
629
414
6692
1571
1448
15
1576
2352
1519
1927
4538
4870
5394
6803
4365
5433
6441
258
1259
3293
2023
1020
5015
2750
6307
6819
1950
5208
1574
5923
5024
5334
5441
3217
2139
3388
1686
1149
1078
5040
2538
901
4609
587
1733
2921
1263
1235
6733
2913
4606
1149
853
5160
4838
529
3082
4515
4971
1535
4491
5179
5436
1976
6060
4639
1444
310
1720
3121
2173
3192
3211
1309
4361
1514
4687
1079
4839
703
5415
1164
6749
946
1742
1963
1981
1004
1100
1029
2309
1712
5425
3334
3689
2707
6812
462
4380
4988
5275
3183
1962
4864
1635
851
3350
4655
2151
1261
4856
1332
4491
1727
4627
4169
3190
4650
5416
5770
6804
4603
4676
4539
6590
1210
6808
5688
5435
2244
1052
4838
1752
6528
3401
2232
3206
1113
1332
6282
1348
4668
4650
4166
6468
1507
2874
3374
6595
5689
6307
4364
4626
5117
4762
6586
4585
3210
957
3084
4177
3440
2287
4670
1671
5399
1182
951
4419
4474
6465
1145
6355
2280
5482
6853
335
1532
4258
2836
1232
5318
4951
1181
3332
5431
1544
1964
62
6639
1937
5261
4949
2342
1130
4556
4148
1907
5033
1384
186
4376
4869
5134
3481
1696
615
6299
4357
4443
3335
1106
4172
1467
4341
4997
4487
1313
6369
2928
3195
4529
6749
1210
1123
743
6283
1069
5480
5134
1514
1087
1683
2121
6597
6794
4939
3238
1004
4887
1127
1527
5410
3236
3352
791
6451
5026
2139
3204
1322
6308
4668
3116
1534
797
640
5207
3700
4496
6434
6592
6096
998
713
6192
2437
5769
2096
6811
1123
5344
811
1942
758
4863
1156
3207
3207
3626
4560
843
1754
1646
4926
996
3152
3220
4515
1041
1146
4410
647
336
4929
5311
5605
3524
5203
4607
1051
3233
1113
1598
4588
4855
4616
5298
328
6822
6724
2241
2821
6890
3352
5331
4091
1601
3388
411
5122
4557
3736
6844
5032
6063
6801
3841
2311
1550
744
2322
6773
6340
3467
1668
3447
4137
3241
3246
802
1230
629
4944
3180
4792
1413
3182
2537
3626
1389
4078
6797
3739
6798
6714
1453
3210
4442
2016
5213
6692
3199
1521
4557
1200
4546
6591
4541
4359
3202
1466
1530
5416
4920
2150
5539
1033
4774
2561
4420
1016
4571
1928
1155
5770
1740
5079
6596
3326
6625
2272
6684
4364
5119
6287
4638
1471
3018
1935
527
4651
4360
3194
4602
5144
5022
6739
4939
1062
3336
3370
1874
2568
873
131
2436
1151
1175
5793
4988
4996
5145
683
6737
5197
3235
5344
6725
6649
4107
5731
4492
2171
4871
1087
3178
6605
4471
5719
6793
809
3185
3817
6734
1106
6793
2149
2232
4435
4578
1880
1832
4633
4909
2024
1927
6469
4841
585
4667
6307
424
946
6313
2447
4955
979
5421
5205
5661
1085
2122
1059
6300
4252
989
1182
6861
4811
3137
1643
4463
690
935
1022
3372
6606
1677
5347
4422
5412
1411
4541
5306
2195
4555
820
1830
1587
2084
4669
4479
5069
250
4340
3320
331
4363
1464
4519
5017
1156
6754
2845
5213
1230
3166
4845
4589
3323
4641
900
2309
6720
6777
1107
6813
4116
1151
5193
6312
5399
1589
4588
4670
4673
1348
4278
4902
2631
4576
5099
5424
4340
4604
1976
4848
4934
1130
4172
4420
4903
4820
3441
1552
4646
1320
1977
2717
367
211
4368
3762
426
5417
2827
4933
1181
1927
3086
4411
1955
1042
4623
5276
6845
5361
6082
6639
6304
3271
4764
1967
2527
1559
4844
2321
766
1014
1952
4556
6722
967
2720
4481
3325
1377
4637
3393
4605
1110
4475
5769
1138
6765
4362
2289
3217
4528
6535
1023
2542
4952
5470
6401
4425
1952
4726
6392
6377
5647
1481
4913
6823
1384
4282
5012
4879
4493
4623
2093
4639
1566
6837
1483
6619
1327
6749
4167
4596
1327
6825
5221
4563
6873
2881
5792
6516
6678
1615
786
4150
3205
3365
4578
4437
144
2087
4443
1797
4573
4576
3450
4169
674
3088
1668
2701
4320
5411
425
4568
4604
6524
4523
6714
4834
1083
2089
4422
2151
301
1074
2843
620
1957
5402
4914
5524
929
1652
1737
153
1000
3198
2148
4533
1690
1930
4573
1871
4944
1574
1926
5858
4445
5769
2099
3449
4294
3422
2108
1149
1235
5273
1110
1964
3398
4027
6733
6584
4371
4444
3178
1606
3335
5394
3343
2538
3165
3314
1390
4386
335
4588
4651
6662
4653
627
884
3787
4948
1065
4967
4594
4574
3183
1569
4670
6574
5314
5156
1501
898
1349
6335
5288
6590
4753
2023
6788
1452
3726
1560
1744
4550
1512
3185
1332
6155
250
6838
6602
2206
5217
1092
5784
5058
5409
1014
6871
993
4587
5262
6684
4735
1146
3812
3366
4452
1029
1633
5582
977
4764
911
3166
2094
1868
4986
4377
6807
4636
4344
5328
2070
5101
4631
1692
6065
5498
5305
4103
2230
5103
5366
3223
5691
4360
4982
5000
4658
5394
1532
4934
978
6788
2170
4514
2243
4997
4385
1111
969
6786
5251
1094
2230
3327
1006
3180
4646
6870
2880
6581
4644
1079
5530
2226
4509
622
1057
300
4981
793
4574
1604
5080
1682
5428
4690
5035
1654
1120
4788
5268
4170
2631
413
1973
1158
4456
5313
4646
4367
1519
251
4402
5045
1959
964
5386
1963
4532
4610
5055
2280
2538
922
211
1127
6601
1549
2678
815
1665
6348
5055
4570
2848
1027
1388
4927
4447
1009
4649
5002
4351
5383
6847
1997
4118
4928
5543
1154
4367
2619
6725
4362
4562
3977
587
3194
3932
6549
4364
3135
1117
4261
627
4593
1069
5138
5193
5769
5348
202
6339
3393
1050
991
1055
859
4645
2840
4422
1102
300
4365
5688
4476
6719
4280
6510
5115
3088
4580
4632
5359
1948
4586
4944
6556
6576
3389
1391
5155
6619
1598
4634
4942
927
4630
6552
1397
3664
5061
3552
6371
910
3447
6672
6723
6765
3683
3325
6357
978
4276
3112
5998
2720
1506
6364
4409
2767
2912
6308
4280
647
6603
4720
3648
5759
4448
6416
6695
4324
1714
5775
3183
683
1174
6778
1562
1565
4494
4549
4830
4440
5770
1147
3295
5438
4616
4341
4463
5063
4509
990
4563
4436
6349
4821
4569
6297
1144
4932
47
3817
4484
1730
2150
1137
4996
6603
1475
1316
4764
6498
3239
5435
6786
2125
4529
4545
3564
4823
140
6798
1718
1602
3274
5570
3393
1368
991
4868
1133
1864
5142
3217
5106
4674
6736
2913
816
1055
4651
1396
5198
1698
2094
3196
4445
6539
5141
4334
6712
4628
3200
978
6773
4541
1936
5964
1294
5003
1726
2619
532
4566
4440
6505
2335
1961
4387
4920
3439
4532
1578
3080
935
1874
1129
213
4358
4749
4577
2439
4608
5401
4614
1329
1168
2633
1539
1567
3569
183
2439
5056
1170
2875
4845
5065
6063
2225
3513
1059
4277
1129
4575
2206
4982
4617
1411
1470
1380
4420
6756
5221
1037
5413
5434
4712
6632
4479
4844
2151
5205
4886
5352
3400
5399
3240
5516
1100
4680
5689
3874
775
5185
4510
3180
4942
286
1840
4592
1191
5414
6870
5413
6725
1729
58
4938
4641
5293
2280
6658
4657
4358
4471
6777
5402
1135
1126
4617
1663
6535
4046
5816
1463
2145
4978
2253
4493
1361
1441
4498
1574
6746
849
1933
2717
3823
5200
627
6754
5148
1448
1051
5068
2849
185
6633
4398
1061
1329
4848
4577
961
4340
1616
1362
659
4863
778
40
1223
1730
2203
4589
5255
3236
4674
1210
684
2051
4552
4558
1327
3041
1508
3154
3162
1626
3198
4604
1056
4513
907
345
40
876
4844
3331
846
2942
4533
242
5171
1797
4480
6284
732
855
2026
4946
5144
4572
4439
1971
4147
5544
5383
4670
5784
5103
3436
4632
4445
2232
4205
3130
1469
1131
6552
3420
3552
972
6847
2826
5179
1125
5005
875
787
3022
5880
6843
5285
1128
1080
1320
6349
5058
4137
630
1787
4347
6714
1006
1231
4762
1417
5100
4942
3478
1363
6773
2742
3241
4906
5131
1233
1972
2205
6692
1882
660
6785
2644
4074
4920
1022
6836
1101
4750
4625
1316
1515
1643
4765
5232
1168
4573
1035
4708
5334
4536
4575
1210
6722
3331
2919
2280
1727
6766
5316
1588
1109
4462
1812
3760
1138
4935
6592
4310
3403
545
6766
4436
963
801
4656
1518
1800
6449
1724
5144
3406
1136
1125
4651
3373
4444
4568
1025
5399
3196
5070
4784
6850
4851
1345
6397
1169
3808
2151
5699
3190
2163
5012
6765
4526
3841
5049
1460
845
189
532
6106
4386
6526
4707
5306
948
3759
1087
4378
1605
1607
765
1812
1260
2882
1101
5068
4636
676
3357
6472
6798
2638
2720
5220
4645
1566
1937
5078
5722
6661
1058
123
1058
3329
3130
4604
5442
299
1010
1081
6579
5140
5689
4649
970
781
1106
5328
240
1099
5427
223
5061
601
4610
1156
3438
3091
6287
2851
3246
6471
4869
4918
240
3717
3176
1546
5157
1475
6443
6395
3082
5337
398
1556
6582
1518
4565
5425
5689
1783
3320
4966
4582
2623
2561
2926
3556
6753
2207
772
4993
2398
3012
1883
1055
2707
1111
1742
887
1471
1730
997
2284
273
5024
5019
4059
1071
4556
1182
939
5499
4948
1788
6614
4412
4555
1168
3445
5769
5024
4990
1348
1388
6074
1128
1201
1571
4588
1056
1132
3797
4471
219
6798
853
5359
307
3673
573
1533
1028
4028
4953
4446
1233
1472
1235
4646
6580
5413
5053
825
2564
4775
4584
4849
2311
1209
2065
1726
3059
4795
5037
4570
3208
1961
4989
6518
4231
3997
3403
3286
4706
5699
4676
1110
4461
4651
2835
6720
6454
3237
4496
4652
5775
4929
4180
5019
5198
5701
4800
3697
1588
4387
6618
3131
4596
3298
6601
6804
1132
5132
3135
1
4992
306
5500
303
6822
683
5264
4650
328
6646
2988
1930
1914
5140
2633
1102
4084
273
6547
780
5262
1729
4634
3348
5052
5428
5570
2355
1869
3198
6619
3252
6286
4558
873
1037
4281
3745
4541
235
5004
4519
811
1551
3189
5722
1899
4191
2226
5439
1535
1871
5425
1514
912
1676
976
1587
169
986
1516
5253
1822
3128
1935
3549
3203
1665
6519
1470
2096
3234
6406
3107
3162
3198
6559
5402
1790
1995
4116
5745
967
6783
6736
3201
6723
4619
1252
3779
3401
2150
1615
1585
4568
1099
5053
3107
3465
984
4502
6407
301
5513
5109
6460
5002
4185
1669
4445
3409
2029
6850
3069
1039
3731
6784
6799
3420
3095
1170
967
1515
900
6712
3220
1602
1740
2633
2889
4622
50
3193
2775
2861
2070
4612
1396
6752
6791
1462
6463
4195
643
4038
3689
1379
3811
1917
6852
1792
5356
1528
5308
5073
1730
4545
5159
297
5691
1282
248
2225
6380
1523
5035
1905
4914
4554
936
6819
3394
6537
2887
4946
3881
3717
1143
1914
6737
386
4361
1388
1644
1917
5536
5256
745
2528
3219
391
5016
3767
6074
1616
2909
4560
981
6765
5541
3194
1589
5138
6692
2827
2322
3354
5697
4456
3103
3234
6698
5689
1150
2005
1965
6843
628
1978
1997
634
4714
3188
4920
5420
2927
207
4925
2349
6755
994
6754
4598
6105
1233
2125
2895
1172
3246
4844
4952
6849
4818
5561
6703
6789
3182
3327
1222
2386
4575
1131
5561
4095
4771
1183
3095
4555
3173
6799
3696
5955
1105
5064
1239
4517
1889
692
4622
3393
54
1815
4086
6766
5347
4269
1751
2185
4607
1023
2648
4507
1548
1698
4331
3365
3823
2243
5281
4443
4713
1137
1410
1372
5106
1382
4564
1604
958
5674
6543
3447
5298
4745
6801
3039
5115
4657
1761
6836
6618
3808
1262
2331
1592
6446
4651
809
4630
2638
6773
4996
1324
1107
5200
6721
4842
1474
385
5497
6724
5688
1918
628
6871
49
6803
4092
5529
1526
6587
5156
4621
3198
5564
6879
3350
5775
3311
5191
1404
6297
6876
2822
4499
5410
4832
4649
3714
1605
1012
772
4551
884
3388
4807
5402
1085
4607
5441
3364
1882
310
5171
3667
2424
3336
1513
4541
3769
647
6808
3211
6588
1299
3308
5157
3118
1299
5390
4691
3115
187
6591
4751
4274
6821
3012
2644
4489
3095
2
213
4483
5230
6633
4636
1087
4207
4138
4565
5345
1088
3535
5374
6731
1693
2054
2878
4747
1920
1199
4361
3204
1962
3430
3764
4788
1012
1129
6524
951
153
4182
1132
6581
6769
4505
3419
1533
1630
5611
4307
1119
6835
4312
1025
4486
1028
4543
1059
6639
5063
1827
218
5021
4511
2622
1376
1375
1539
889
935
4616
5159
4279
4946
4856
4641
3356
1884
1022
4670
1181
2016
5098
5611
4638
5104
1332
6635
1632
3267
1442
6469
3695
1017
6305
3678
5036
3398
4463
6309
1687
798
4532
4890
1049
1097
2355
899
4307
4332
5685
4603
5347
13
929
5023
4407
3081
4996
4436
4560
1332
2026
3451
2560
4552
4751
2959
3398
6522
3677
2097
6340
3442
900
4571
1387
1846
6584
3232
1154
3710
1277
5042
6155
63
3367
1036
5688
1905
1463
6780
5414
2904
1152
4656
1526
4434
1201
4169
5071
6449
4615
1135
4593
6787
4492
6724
1727
3432
149
6747
1141
3092
2322
4526
2667
2825
6597
5486
5264
4475
6375
4309
2024
3361
1240
5414
5638
3320
1098
1464
1397
4597
4643
3687
3631
4541
392
4474
6614
1492
903
4877
1025
6424
1753
3163
1127
2122
4363
3342
5438
1635
3197
4284
4496
1652
5207
2004
619
303
4106
5534
4625
4605
3356
3318
1595
3222
6805
3449
4612
6610
4507
1105
1341
6592
4483
4715
1187
6733
4516
1031
1471
2820
1230
5275
6735
1046
3477
3701
4696
5287
3339
1398
4361
1141
6310
1130
3201
3726
236
151
5005
1926
5428
4618
1374
607
4339
2214
5398
4062
175
6529
1323
5120
948
1105
2524
1096
6082
2390
4491
4211
1106
6799
1851
4991
5293
1108
6868
1081
4952
1753
1612
3777
629
3189
3809
3328
4595
6574
4518
745
6748
6605
1531
5440
1564
3348
6534
4637
4497
6802
5315
4375
1021
4473
1424
13
4851
3204
4818
2842
1414
967
6637
1105
3812
3564
5283
4772
4504
2054
4721
134
3340
3756
4741
1092
3458
6302
175
1203
970
5387
1157
4179
1184
6870
3756
899
4353
4918
4363
3321
3767
2361
5024
1041
6600
1448
347
5544
2800
4875
257
1781
3296
978
3398
5769
3484
1124
1126
1673
5296
4561
2539
6601
5769
1466
6359
3007
4522
5378
6579
6607
1708
2001
4633
6636
3664
1187
6819
640
3626
1976
5063
1167
969
6511
4647
3325
4256
5440
963
3349
2023
6804
4986
4626
5305
1091
4132
1110
1113
1368
4849
2327
3935
1952
6390
1111
1601
1042
2288
6311
6692
1088
4634
4600
4949
3197
4749
5034
6777
2289
653
3294
4416
4625
3368
1077
1362
5055
985
1142
4873
5773
3784
4772
6826
4839
1132
5033
1072
3676
1124
4076
4989
5735
5774
386
5148
2728
3340
3298
1118
5100
1203
4563
4493
4911
1184
1550
566
6705
4587
5727
1405
1558
1168
3644
3466
387
1272
4845
4416
4231
1519
1600
3336
6423
1016
3740
3264
5513
6618
1150
4883
2631
3393
2884
4605
1528
1087
4364
3369
3233
6692
3769
1066
4367
1017
39
4038
4745
6442
1352
5414
1308
5118
1789
5689
6651
1071
879
4172
1125
4525
5013
4724
1326
3084
4827
4503
5219
2163
149
3092
1075
3323
1124
5020
4062
1013
1209
4735
1593
248
4359
1670
1431
6669
1453
5226
4819
1968
6597
4449
3201
4450
4287
6063
4189
5566
6826
4846
3218
4759
5144
4269
4477
426
622
2135
5224
2840
6472
2288
4445
4423
751
4272
2412
1592
6469
4670
4593
6213
6704
5118
4617
1025
4557
4499
6880
2328
1453
6104
2230
1625
5273
1438
5115
4243
4529
650
3176
929
6839
6596
1280
4499
857
1273
3322
6591
812
4476
4674
5202
4446
1742
3420
640
3271
6296
1414
1088
948
1052
5412
1540
5691
2539
1266
620
3180
919
2953
1677
4554
247
3233
5968
5096
1171
2432
3210
2538
1265
4491
3191
1116
5774
5192
881
6592
5195
3237
3204
6800
3772
2976
2342
4865
6530
1334
5065
3797
1378
4411
6736
590
1031
1602
6721
5333
1315
5160
604
6027
1180
957
4972
154
6750
1948
1103
6547
4651
1028
2846
2844
1055
4683
5033
5179
5115
3165
5349
4463
4091
1158
3746
5053
2603
4635
5534
5523
2930
1157
1966
6582
3369
3689
1375
3865
4959
1159
956
4543
2898
4171
4906
5401
2113
4537
340
6803
4518
3432
3480
1603
4460
1983
4951
1747
5398
6371
889
5171
6652
6510
4172
4583
855
913
6791
4655
5408
1263
4849
3236
958
1176
4968
5402
3787
4840
4358
120
5171
1747
2024
103
4463
3429
5082
4935
6376
1090
718
4115
2185
3237
1589
4948
1046
1101
1180
1533
4605
630
3480
62
6298
4768
1102
1076
4559
2648
1465
3245
1046
3716
1390
6633
5133
6074
4108
5074
6106
5153
4274
6603
2930
4211
832
956
1781
3941
3466
5531
1136
705
3145
1007
5635
910
4082
3296
662
6216
5002
251
3325
1570
6372
2623
5292
5095
5027
4452
5003
6710
659
6532
5073
3470
3485
3723
1508
4574
1153
4688
941
1393
1397
4852
6582
1449
4792
1119
3336
4585
1428
6340
4611
3197
935
5697
3327
3997
4401
6566
5722
2465
4862
6587
1182
6406
3038
1088
1215
176
1464
2850
2074
1112
1640
1181
5184
4415
4773
5743
3765
3234
838
6608
2931
4878
1143
4716
6875
3338
1178
3200
3202
6737
4608
1518
5044
4643
5233
4547
4652
2888
2800
942
3687
4611
4643
4557
4397
1923
3681
3394
1320
6842
6782
5583
893
4213
6065
1571
3060
4526
5869
4695
4205
5039
5434
6724
5226
1100
4670
1256
306
1027
4873
1204
2309
6703
1471
1018
1147
1040
1823
3394
4948
3398
1545
6534
2179
3452
3475
4506
898
4533
4659
1467
5153
3397
4378
5970
6586
4563
1069
4846
3097
5145
1032
4474
6807
4633
6774
4778
6790
4973
4796
4763
204
6472
5880
2272
1016
4075
4038
1520
5271
1103
3347
4454
173
396
5049
1479
6579
1501
5267
958
2163
981
1050
5108
6160
2089
5343
890
1812
6586
1132
3101
4997
4638
3721
3035
4365
5620
2979
210
1462
678
3120
4551
4444
2445
1456
5718
4463
5056
3178
4465
225
936
1165
6737
6659
1526
6634
4266
4241
1363
1108
5153
1574
6567
1936
2911
4660
974
994
4365
1526
6783
1126
812
4564
4403
4862
4887
4929
1735
1231
6582
3402
1095
4561
3396
3309
3662
1566
4359
4392
1302
1190
1114
4644
1128
3188
5225
3272
4663
5184
1069
935
1513
5658
39
5402
1611
4940
1094
3429
4634
5154
1069
5689
1922
3351
4498
6298
3180
5157
35
4469
4521
1592
4991
2897
5328
5433
3747
225
924
1465
1122
1968
4585
3327
4293
5326
4334
2604
3449
1254
2171
967
449
1700
874
1132
2241
1093
1417
4518
3340
5378
151
5149
4868
2432
4842
3567
4902
1845
3255
1023
309
4348
1891
3710
3433
1064
5072
4717
1722
1225
159
5335
242
891
1637
916
1046
4291
1678
4088
4103
1117
4568
4872
6027
2896
4434
5701
6380
1548
6732
1496
1013
2099
1519
1167
4491
1134
3192
6155
5611
3369
4535
4446
781
6805
1924
6807
3498
3245
4489
1860
937
5196
1080
1987
4497
4807
6432
5304
3074
602
4274
5544
3150
2024
4532
737
1828
4561
4933
1717
4482
1746
6507
5078
820
4294
4833
4369
4393
978
227
5073
3129
4203
2424
6510
1142
6778
5284
3335
4881
6572
5211
2392
1924
4326
4294
3321
4286
1264
609
4818
662
4211
6569
1006
5412
6737
1264
3631
6625
3436
1899
1167
2539
3889
4580
6632
4482
4343
3218
2436
5161
1690
3084
6752
925
4862
4124
1331
1113
1280
4620
4934
2837
396
4261
2539
1879
5085
3496
4421
6441
40
3772
1089
1375
4282
5054
3081
4667
3197
2603
3388
6738
6772
133
2708
4285
1712
6795
6586
3105
2082
3391
3690
6601
1355
4789
5118
905
2751
757
5607
1087
676
1032
1973
6795
5381
4859
6751
5482
6692
3419
4929
4948
934
2947
1452
1087
3816
5004
4316
1454
6775
5196
5533
818
151
1099
4913
1519
1124
1136
6580
4515
4386
5079
4519
6382
1604
6805
4968
1014
1052
6733
4576
1635
5031
5007
6758
4268
6365
5058
2087
4464
3403
2931
1164
5132
6723
4897
4830
4397
6334
1560
5408
1084
3423
1175
4384
956
4862
1105
1083
1544
2751
3797
1014
4840
4553
902
1598
4172
5246
960
1963
4944
5408
4285
5245
4204
5230
256
5647
4448
3198
3202
4749
4449
1127
5022
1475
4200
1163
3335
301
1592
2228
1981
6557
1279
797
4885
3910
1521
1890
1160
1226
1067
1126
4440
4647
4830
5689
1521
1523
6634
250
4632
3374
238
6494
873
4920
21
899
4714
4586
1726
5176
1003
4496
3339
4110
1066
5416
3337
1134
182
4608
6778
5441
1976
5033
1362
1202
185
1746
4560
4342
2113
310
6833
4687
6509
4609
2243
1618
1791
3908
6658
5253
1442
3365
4853
6363
3725
4983
5499
675
6756
3401
5498
4594
4856
4658
3398
141
982
6836
4441
1036
4969
3104
1376
4540
912
6747
6601
4250
5042
829
2941
4544
5201
3794
4513
1190
4940
4423
3736
4766
852
6753
4819
5425
2311
1105
5055
4661
3352
5008
917
1200
5108
6618
4522
1590
6720
1108
205
5053
4250
1104
3192
3515
1942
1832
4962
5379
867
3401
3349
1597
1430
3436
1501
1944
1196
6568
4322
3196
1482
3173
3383
1692
4581
667
1466
1736
4538
4522
6579
5541
86
6638
2538
4721
6558
6349
4363
4932
4881
1115
3192
1442
4421
4904
1807
4272
1280
1744
1429
3326
4952
3082
3645
1704
902
5745
6618
1576
6632
5099
6365
981
1049
4987
6787
1073
1274
1276
1999
3571
3256
1466
4869
3189
1140
2830
910
4941
4123
4821
4352
1341
1913
2751
6786
5225
1478
5718
3380
657
5934
3306
2026
4511
4633
5273
977
3342
4560
4806
3409
900
5145
3183
2203
4150
4100
1533
6603
3196
1142
4548
1159
1239
6618
1092
5390
1
5157
2088
4854
4603
5053
5422
790
4416
3410
5031
3616
994
6287
4456
3355
1526
4598
2139
1022
1537
1032
3762
5034
783
3296
5259
5428
2623
4622
4593
5404
5342
6097
210
3178
999
2080
4902
4917
4714
4323
998
5148
3327
5198
4501
1158
4305
5374
4297
1069
4456
3241
1572
4606
1031
1032
4574
3304
4498
4276
6511
1176
4709
4978
6852
4982
1136
3390
4937
1519
4773
1814
5108
6555
4401
4673
4423
3210
5207
1150
5131
1475
6582
3188
5233
1063
1414
6408
5438
1502
6793
5524
5002
4384
4990
3209
5293
4839
102
4986
2179
5010
6556
661
1473
2328
3332
3323
5689
5423
1172
249
5137
1412
4925
4931
4077
1103
184
4865
2221
6844
3668
3402
5115
3997
5227
3327
1959
1529
1463
4302
5572
1101
1101
2687
1373
4600
934
4987
5065
1371
3188
596
2539
1177
5816
151
1540
1312
1961
928
3324
1471
5346
5998
5345
4661
4916
3178
6633
6727
1153
1019
6738
936
986
4605
1203
3387
4937
6800
4617
838
4843
1502
4368
3114
1332
6453
1135
4629
4302
5402
4617
4759
4493
4640
5339
4172
5014
4745
1546
5773
4612
2340
3105
4632
1907
1074
5193
3404
1571
5747
223
3337
852
3524
4482
5485
4759
5388
3393
982
6804
3722
3085
999
4726
1081
5169
1514
2914
4420
1410
6654
144
4659
5312
1501
390
4669
6593
135
6579
6636
4663
4362
3367
4592
3718
1147
4734
1532
2392
4718
4439
164
3762
4129
4581
4401
1136
6402
5131
4098
4600
1260
4939
2919
5190
6656
297
2919
4620
6772
2984
3787
6632
6546
4637
1797
3217
4560
4046
4481
6632
3423
1270
2245
2286
6040
3306
4614
1148
1374
5143
3387
1630
5271
1744
600
4538
6556
4599
1112
4845
270
4117
6040
2751
1014
908
3197
4888
3039
6348
1014
4808
1014
2603
6719
2257
1506
1512
6470
40
249
2108
5759
4854
5286
2170
807
6556
833
4664
35
3734
6528
3795
958
2881
4412
5759
1510
4289
6634
1087
3402
5784
5191
1333
1151
298
970
5412
6693
2734
2667
1308
3004
3919
3324
3052
6387
1368
4920
3003
949
5191
5216
1728
4979
1147
2644
5375
775
1611
4795
6678
5934
1073
1050
4665
1126
4473
1569
848
1557
4285
1154
4999
2003
2197
1199
1442
3452
878
1564
1925
4438
4448
4461
1170
4098
267
2185
1175
4929
3343
5707
6452
5154
2302
6802
1862
5794
4487
4171
1913
2500
4865
4864
1470
986
4582
6721
4225
6580
2110
4298
6879
1972
5412
3574
5098
1489
4487
1675
957
4672
6
1032
1149
1861
3298
4531
4060
6716
4858
4631
3446
4601
1117
1246
1075
6619
1567
4622
1580
1189
5531
1460
4455
3340
5007
1610
2065
3401
4621
4800
4360
4340
4601
1073
4737
1616
4491
1007
6605
4614
1039
1284
6601
3210
4744
3391
1942
2701
4288
2328
4419
2953
3122
3973
3273
249
2390
1246
3251
6603
3180
4934
784
3180
1925
1691
5098
1121
4502
637
1681
3329
765
2734
5635
3381
1468
4615
1519
4817
30
6712
2524
3761
1803
1117
4570
6784
1753
4671
5106
1466
5564
332
2445
6823
4531
592
4552
3324
5534
721
4625
1072
3126
4527
4270
3849
1366
6731
1101
3093
916
6810
4574
4123
176
1989
1143
4653
6802
6848
1272
5445
188
3221
6321
4085
1042
1827
6733
2153
1638
3409
4566
1743
1104
1279
2629
4519
2829
6799
4103
1145
4396
6468
1088
4378
2272
2866
5211
3221
995
3134
1997
1703
255
4642
1011
5031
4610
5253
2603
5349
960
175
5513
6547
4358
6587
6378
3393
1120
5158
1387
5811
2095
989
1176
1013
4858
1572
6460
1233
1130
4590
4140
3126
159
2896
1525
3298
4950
160
1490
1327
4513
5040
5759
5719
947
6283
696
3114
5417
1834
1964
3173
1979
6698
1672
6439
988
4238
2535
1361
4261
4459
1230
1671
5854
3184
6765
286
5465
4604
1417
6765
1722
3810
4972
2173
1072
4453
1692
1273
1472
4512
1608
5170
1050
3683
3407
5322
1232
4149
3109
330
922
3204
1068
1605
4165
5144
4870
2028
2547
4522
4941
1177
3236
967
4951
4238
1144
4577
4867
763
4671
303
1057
4373
5384
1832
4800
4549
6602
3191
4439
2957
1384
6726
3293
4577
1377
2912
6105
6698
1327
3231
3722
4816
1913
1042
1543
6837
4968
1626
6359
1525
848
4406
1456
3433
3437
6751
2926
3689
4571
4940
4758
6567
4644
3085
659
2280
2880
1515
2856
6757
3660
1154
4269
2002
1865
4932
3338
6737
4451
1427
4870
844
2597
3422
1059
6815
3184
4660
4995
3339
3365
5054
4973
4635
3474
5256
965
3366
4118
4789
2113
5501
2328
5193
4746
1143
1491
4532
4376
5383
4499
4309
5256
3094
1674
2953
1645
3359
4495
5159
2873
5375
993
5226
3935
6878
5004
5108
4875
3449
6727
5132
5192
1055
3308
1427
1502
1448
1598
5481
4358
5057
1174
1528
5404
4093
2326
4482
6415
3892
3213
968
5193
5186
4662
5133
4594
358
5794
4747
5025
4283
2849
5067
5274
1562
4459
2209
6870
852
4098
4279
1552
5193
1328
1037
3330
284
1029
1495
3784
6331
4330
2682
4079
4613
4379
4715
175
1475
1832
6360
1136
913
1445
4855
6756
4577
881
6302
250
4449
213
2457
3388
4946
4377
2922
6775
4970
4845
1618
5016
4140
1114
1693
4563
4758
3897
6607
3218
1104
3405
5115
6736
4391
1463
905
3173
3284
2464
1064
6783
4583
4588
4765
4454
752
226
234
2847
1157
1739
1077
123
347
4841
1101
3658
1404
5494
5153
4580
693
976
1182
1417
789
1495
1932
6574
1368
2355
3189
5634
6583
3450
1407
3340
1598
4839
5439
4919
4091
6788
1933
614
3630
1938
4833
5778
2682
1395
762
4380
2535
586
1686
1843
6463
5132
1309
4306
2924
2225
6320
4361
3143
5096
3046
4605
5388
1848
1471
4370
3220
5013
5908
1119
4132
4378
2437
4326
1373
3646
4540
4652
5009
1110
1261
6546
4340
1470
5057
4210
3182
6753
3367
1455
4824
4517
1427
2287
5263
6309
3010
3173
5101
4762
3416
2970
6304
1889
1058
239
1091
4512
1528
4093
6430
4721
1551
5078
2954
5046
1017
4973
6636
6323
250
2302
234
2245
1263
5576
3290
1368
853
928
1186
6597
5267
4423
3422
252
5773
1005
1090
1675
4997
6389
4274
5061
3347
3723
985
1383
4252
2602
4938
1007
823
1013
6581
905
6386
4498
5510
6512
4147
173
628
3351
5334
4098
6765
4381
2036
4594
1047
3208
1102
3106
6646
6328
3248
5794
154
1447
5082
6749
6373
756
2678
2707
4692
589
2108
5096
1136
1396
3397
1541
4970
4507
6639
5029
6321
447
3388
3698
5769
4974
260
3723
6673
2070
2875
265
1792
1095
1051
1757
1934
660
5225
5760
139
4888
346
4628
6291
1099
5026
3094
3439
1803
6340
4133
2920
6779
1511
6577
6609
4533
4466
2805
3408
4605
4481
4445
4540
3000
6789
3872
6439
3314
3297
951
5383
6743
1349
1148
1596
5098
1556
4914
4062
3390
6784
1613
3129
6553
1747
4605
6798
4869
3426
1469
4401
957
947
5697
5658
5703
1087
688
4442
3981
4437
4972
4881
1400
4569
6593
5080
6800
3201
1713
4317
1163
1973
4801
4947
790
4658
6301
3353
907
4951
3195
5231
4571
5001
6431
5541
2916
6638
3335
174
3246
6216
1548
1271
6610
3365
3209
4551
1963
3368
6589
5016
5179
3160
2273
56
6636
3427
4648
5118
6619
4789
4670
3361
3423
6285
942
2284
1789
3323
3236
4943
2355
6793
4644
1317
5760
3467
1703
4456
4632
3183
1644
5229
6692
5043
5085
4120
976
2087
4620
1686
4989
947
3116
1107
3203
6468
4634
3216
3350
1937
4880
604
3369
2884
1155
5399
5240
5117
926
4864
5195
6849
4713
3350
1234
4457
4307
1204
2842
6770
6802
35
4547
3010
5716
898
3762
1142
2841
1613
703
3108
4573
765
3157
4301
3437
4688
3910
1159
722
5416
1617
4325
5199
4386
1872
634
4982
5435
6838
6748
1451
1935
4309
2972
988
4626
6576
708
3119
5104
6725
5386
4847
3329
5292
4555
2955
1315
1122
3411
6681
1932
5160
4843
4642
3480
1841
957
1345
1680
2561
1969
1763
2340
2207
2225
6793
3414
1451
1363
3443
1308
5325
4269
1079
4432
3173
1275
5155
4849
877
4644
5220
3353
1087
904
4211
5101
28
1229
6382
2070
1024
4526
6633
5047
1484
518
5078
206
4622
5188
4525
1283
2751
737
3100
5070
4839
1570
1020
3324
4570
1107
2422
3443
307
6339
5559
4820
4412
1640
1701
4604
4433
1079
6800
4097
6787
1727
1380
39
1025
2245
153
4638
3267
6581
3402
3397
6754
817
6606
5352
3373
1158
4542
2352
5192
6802
5688
1072
3271
4528
249
2644
4123
4992
1130
1976
4666
3666
2321
4883
2874
1464
1457
3470
4532
5313
4954
4644
6311
1049
6547
6057
2228
1731
4872
878
6463
5068
3129
910
4858
4253
1571
2521
2030
3848
1065
5067
1824
4207
1667
1584
3162
5823
4326
556
4257
5045
879
1390
1459
1551
3684
6285
1443
4539
6592
597
6837
1609
1689
4865
1760
2875
800
1236
4752
1590
5441
1246
6223
1463
1430
1527
3948
4111
4565
2852
4994
4414
2718
4436
386
3735
164
4840
5722
6290
6878
1513
4591
1559
4286
6505
1605
3366
4493
2207
709
2884
1156
684
5000
999
6531
3086
645
6728
4733
4706
4449
5269
2534
5769
1370
6632
1368
4845
4539
2311
6509
936
6221
4716
1227
953
819
5155
4244
1625
4669
4363
1457
656
2340
1169
5429
3180
5088
1007
5573
5170
1181
4274
640
413
4229
3216
1212
4927
1661
6732
257
3424
6704
4481
1118
3124
6736
1690
3811
5688
3387
4522
1271
5606
1180
1303
2367
4562
3700
1699
165
871
4486
4106
6731
4018
1129
5194
6446
2897
4633
874
4873
1178
2036
6786
4736
4460
4317
2814
4585
5775
5052
5021
1518
1153
3351
4757
6632
4596
4182
6735
1030
4248
332
2386
172
423
5056
3213
1836
6558
2947
451
5119
3675
6369
4787
1558
1622
5457
912
1045
4706
6607
40
1132
1502
4604
252
3326
2842
1456
1372
4155
4808
6309
1134
1585
6356
1268
401
1080
1994
1844
1533
6783
3130
4419
215
3648
2848
1609
117
4721
1526
2097
5131
174
3100
1160
4840
794
6448
3594
4594
2833
4601
870
4409
6785
6814
5142
4549
882
3208
4870
4673
6295
6765
272
1580
1029
5673
4617
3882
4422
1346
4633
4719
3292
1384
1488
1431
6605
977
5501
1119
1375
5201
5132
1535
1410
6850
1123
4522
3398
1142
1110
4435
4452
1162
833
5355
4387
108
652
4842
5536
6802
5078
2096
662
4838
4566
3427
1332
1075
4735
5195
224
5156
4839
1163
6788
792
4716
459
1235
1858
4936
5115
1261
4627
1201
4643
6731
1021
1331
3296
822
6773
1982
6558
3000
4320
4231
3973
3817
4384
1978
3144
1712
5060
4861
6783
2171
1083
4572
2528
1307
4929
4608
5769
5006
4570
4345
4628
1280
4643
5085
5429
972
2436
1157
5040
905
1615
994
1096
1047
4548
981
3190
3475
878
1577
1168
4258
1051
4848
5440
1562
1846
1001
5195
4884
4938
4741
4243
1152
1156
3389
4690
5722
4232
789
869
4941
4921
1623
6306
3368
4435
6548
1178
1374
2863
3329
4503
6303
5439
1944
4515
1284
2852
4567
4606
1451
659
4618
678
3344
189
834
4406
775
6304
2524
4510
5325
3335
1706
4479
1
4478
3371
4287
3118
6853
4835
4607
4655
950
4345
974
4668
5003
4664
1559
679
1147
4915
2839
749
1057
1120
1504
206
5060
3379
4589
3355
4924
5440
2139
273
4854
5033
1043
6561
4643
624
4176
1012
3236
3252
5415
3697
3765
4930
6087
2535
1072
1153
6788
3138
1585
1423
4522
3395
4613
1561
5078
5203
6725
4586
3733
5378
2203
1186
1275
4621
4493
4169
4549
255
2309
4393
6533
5120
4644
3203
4074
5103
4651
1107
5212
4989
1921
3410
1473
1410
5850
3659
4602
1294
6665
986
1313
2500
5745
2524
2832
3330
5081
1791
5420
6462
3365
5571
6263
6601
6425
1140
4663
4365
3470
2007
4436
4684
5011
1804
1905
3352
5349
4755
1147
4843
2097
4454
1398
3127
4614
3083
901
330
5158
4267
4856
2427
4973
1573
2392
850
2464
2322
638
2430
4078
1259
1008
3081
3429
1629
3372
1959
3676
210
3159
226
834
6721
1095
1098
4115
951
4600
630
1190
1134
1229
6770
6298
2561
1108
2307
6152
1176
3324
3190
247
4518
2227
4286
4862
4559
3663
6674
2524
5415
3353
1557
4418
5283
1069
3740
4489
1467
3106
4282
1424
936
275
1600
825
4477
1638
4219
929
888
3320
6852
935
6367
5275
6453
6698
6657
2531
211
3238
4809
4562
2349
4950
3206
6659
2437
811
2936
4812
4140
5409
1010
1963
1447
1936
6868
1113
2197
2623
4714
2883
6566
2311
177
1119
3152
1479
5688
4087
2524
4471
4954
4173
5691
1466
3932
4319
1928
6649
622
1000
5027
1999
1460
616
5040
3129
3760
1703
4666
412
6545
4932
5366
1566
4680
1392
1171
1479
4439
6325
3407
3274
6801
3379
1094
4534
6475
4763
1613
3207
6635
5287
4959
3293
5117
6471
6591
3516
1646
1277
1268
4554
6802
5722
1541
5659
306
304
6586
4363
4575
4118
4220
5153
5719
6804
4663
1187
3329
3796
4989
3503
2139
4867
2
5760
1148
5387
4078
4583
5076
6801
1612
4410
1376
1226
4129
148
4486
4455
5232
1610
978
4222
5431
3477
4971
2603
2898
1560
3767
1599
744
1554
3069
6726
967
242
4447
4839
5688
2432
910
5108
4256
1263
6390
3423
6768
6754
414
3209
4425
401
1514
1054
6285
4671
2603
946
5719
4872
999
4839
4495
4459
5760
2496
900
254
4444
664
1083
3470
5688
4166
1882
5701
1177
1501
4960
6705
999
5271
5324
5289
6340
2286
178
4164
6727
6343
5051
4399
2333
1374
4541
1454
1185
4469
3348
1185
4563
934
757
968
4978
923
634
1917
4103
5690
4852
2016
6515
1437
254
5430
3671
4778
4591
759
1500
4490
1776
2322
6657
1070
5573
1796
5139
6
1138
929
834
3082
275
6784
6306
4651
4266
1457
1469
6723
4700
4259
3430
6522
1028
1644
1093
170
1265
6569
4507
3234
4842
4123
2860
2141
3421
4298
3059
1446
5718
4509
4268
4513
3326
3245
1013
964
1711
2933
770
4594
703
5148
1336
623
1125
3190
2024
2245
4748
6379
5040
801
887
305
5179
1065
3111
684
3148
4392
1886
2339
2016
1205
4601
1059
4532
1104
3270
1501
1367
3386
6735
4464
1079
3326
4624
6468
4445
296
5155
4943
4372
4864
4447
4328
1251
1132
1013
1480
6601
5275
901
4665
3198
5393
5409
5313
4396
4488
1077
875
2687
823
4992
1072
6638
1100
3465
4385
1499
1626
5145
6768
3062
5386
953
6693
1015
6519
3366
4309
3516
307
723
5485
162
3298
4460
986
6530
1251
2734
4600
992
3322
5561
6633
3125
1468
835
6350
3323
1055
2355
4671
4600
4191
3292
5212
4941
6723
4599
3331
705
5745
2401
136
883
330
4654
1394
2575
5500
5074
1528
4866
5205
4605
5747
4359
5384
3765
1480
1114
1117
388
6810
6303
3010
1417
1839
689
1530
4978
4452
5574
5244
3326
4197
309
4846
5334
1548
902
3264
676
1631
2089
4466
1966
4921
6671
3422
4309
3449
1629
4532
4655
3571
2961
1879
1696
6393
2909
3738
4846
61
6223
1811
1039
253
4208
4953
163
3243
5060
1557
3626
1065
987
6591
4787
3248
1916
4088
2206
3691
632
2322
6337
4505
6820
1273
4930
2004
5000
1943
1149
5689
6635
4475
2222
1075
2269
3527
4600
1086
147
1206
4526
5006
3193
1398
3349
1612
4611
6639
3141
6289
5694
4841
978
2916
5184
1478
3207
2892
1062
3838
2752
5264
6586
1005
4152
1793
6596
2603
5052
1470
802
4525
4150
6152
2910
3142
1078
1093
4927
2068
980
5731
3380
3365
2900
792
990
6752
1453
3294
4110
949
1152
6801
1155
942
54
977
807
1598
3788
5718
6472
4105
1857
3422
3395
6415
3899
1027
1811
3203
1478
3668
1535
5759
3699
6563
4670
4882
1567
643
4655
1568
2230
3381
3782
4602
4795
2424
6384
1455
3324
5106
4944
1061
1003
1134
4446
2889
296
1481
796
1633
948
2339
4104
6732
2991
4485
6506
4461
3146
4500
2919
306
4464
6335
4592
2602
3337
4498
1085
1718
1718
4558
951
4416
6637
5141
5197
3450
3761
1672
1379
2370
218
5620
3510
4524
1124
411
5138
913
3201
3694
5289
4340
4847
3182
6595
5113
3766
6532
6386
2849
5225
3763
2751
4941
187
1623
3421
1004
912
4601
4105
3420
415
3208
3190
168
4920
4517
208
6722
183
1091
3187
3365
1508
6766
1048
4300
904
1977
1917
1444
5305
4944
1097
4809
1080
4634
1095
834
1608
458
2995
4397
1362
2054
4639
857
853
6348
2211
3139
6293
6589
2954
3423
5735
1727
2851
453
4946
4953
4585
4976
4622
5141
104
1322
4935
1016
1330
4868
233
4570
4386
1052
1205
6798
1925
5032
4770
4923
5539
3812
385
1709
971
936
4607
3775
1806
3210
4806
955
5064
1155
2524
1810
3204
300
6669
5378
1071
4579
4098
4758
3427
4287
6778
5498
3248
5470
3635
392
1078
2843
793
1051
2638
6671
1151
6483
203
1581
4496
4906
3256
1441
4363
934
3792
4258
1479
1137
6463
976
3473
2575
3330
4917
2624
4331
905
4339
4282
822
6637
888
4933
3039
4983
514
1114
2287
1882
171
732
4446
3761
4331
3739
3092
952
6736
6263
5100
1102
222
865
4641
4716
210
3234
1098
926
4588
3388
2148
4944
1173
4984
3448
6331
1578
4447
6766
1553
6600
4983
193
4497
4444
4152
1911
160
1063
4607
264
3338
4547
5105
6636
932
705
874
1076
4556
4253
1794
913
1651
4490
527
6343
400
304
4360
1734
6738
2207
267
1190
4565
1598
2322
1130
3193
1113
4946
1047
6862
5110
3105
6505
6310
1851
4640
5667
225
3728
2916
3010
3809
3481
782
1100
407
1001
1032
4398
4339
2561
589
2667
1637
3190
4431
852
4311
1850
5361
1629
1606
1729
2942
643
5691
4665
4840
6802
3350
1197
4566
3762
1260
3771
1203
2230
2907
4301
6300
405
4713
3737
3103
6763
91
3191
2439
5000
1676
3681
6725
1090
1084
2447
839
3372
1275
4629
4423
5316
6216
4443
6294
4995
6720
6794
3107
3760
1575
1414
4951
4903
1009
173
1024
1731
4862
4451
4551
4692
834
6749
3190
4604
845
6751
3787
4438
4334
3079
3
4588
1125
876
3858
3709
6368
4850
1875
5667
1036
6549
3176
749
1053
1955
1833
6787
1126
6692
849
4647
4622
215
1722
1145
3245
1026
3100
5672
6442
6583
4393
1519
4893
3715
1553
976
3239
1610
1027
4522
3816
2392
134
5108
5162
865
1112
1745
669
423
6305
1099
2855
855
1506
2103
1331
2920
960
1781
6543
6839
5197
4622
1537
2026
4994
5697
6292
1569
583
4630
3644
6590
5028
1082
1365
5770
6594
1366
5442
4990
1437
6766
4406
4293
4731
3188
3479
3092
4639
6870
4498
2869
1482
3330
1405
4844
3215
4463
4587
1789
2097
1714
4318
1115
3763
6324
1915
4675
5241
4486
4601
6636
6788
1237
738
1510
6771
5513
690
1347
985
936
1879
4557
6382
4832
1912
2892
1869
4941
1330
2298
4939
5719
4428
3011
6506
4250
6568
1210
3027
1022
3567
2074
386
4545
3099
1751
645
5774
5884
653
4936
6442
796
1378
6379
1524
1196
5331
330
3124
1543
3689
6639
4532
4985
414
2206
4563
4334
4331
6511
4189
3012
1538
1625
6725
4421
2520
6748
5387
4546
4529
3003
6442
1351
4254
900
1163
6410
4456
5002
4928
6693
6284
1004
3816
6606
957
4488
3084
4605
717
2171
692
1011
2919
1531
5408
6773
1419
4588
176
4806
6873
6744
1447
4589
4394
4656
3351
1530
4715
4926
4426
4367
6514
641
4337
4855
4212
4616
3103
5095
6885
399
888
3064
1268
1734
5045
2703
3191
3480
4501
3161
5213
5020
3496
6837
5131
4655
5114
1456
1540
5719
4533
5513
447
6516
3798
4604
2
6586
4412
3175
1125
4902
4397
4414
3696
3164
971
414
3763
6632
5226
2113
3718
140
5345
3654
4669
5707
1122
177
1379
4845
6618
4975
1123
4361
2564
1549
2967
4753
3552
1399
6635
6632
6579
3442
1135
743
1956
5554
5481
756
1045
4952
674
4402
586
1042
4596
2560
6839
4320
4310
2908
2432
5098
2575
5102
978
6634
198
1065
4944
4357
3163
4628
4844
2847
4114
6583
4932
2339
4150
2876
1791
3284
1506
3661
3114
3696
4638
3773
1120
1446
5439
2533
5015
5049
4338
3143
1410
4588
4281
6811
1948
1925
1921
4669
5010
5390
3436
4296
183
1184
4527
378
3552
630
5582
203
5964
3298
6656
853
3188
6732
2243
3102
633
5081
3728
1550
1029
793
225
6825
4487
5106
4371
5804
1624
4519
3719
4914
2950
1153
1706
3189
3131
794
4251
4342
5179
1363
1812
595
4196
1527
941
4482
1419
6515
5323
4401
4096
4984
60
1309
4398
6841
3216
1388
4096
5227
1460
1919
250
1362
1116
3409
6590
810
5871
6837
5147
2139
1660
3713
4753
2929
1390
4557
1055
4559
4619
658
1910
1074
2071
5046
3151
6326
3438
1539
6874
6721
6447
4416
875
6473
874
5285
163
4511
4456
3059
3394
3458
5718
6371
1062
900
1481
5220
1865
5697
6573
6524
4602
4882
3131
5190
2846
1210
6582
921
1081
3003
1819
1584
1362
4600
3351
4645
4095
4421
4532
3152
912
2936
3101
5828
4763
4564
6334
2074
5192
2852
5435
1135
6318
4519
3220
2539
3292
6357
5402
336
4083
4569
3437
982
5438
3391
1077
4963
1075
4469
6063
6525
4581
4757
4689
3157
6519
5312
4565
3153
2537
4197
4884
4608
4597
618
4961
4373
4934
5302
4747
153
6370
4452
1679
3656
4397
1100
1037
587
6633
4929
3901
1683
6634
1242
4519
1602
5922
1481
1702
2912
1071
2837
4444
1817
1557
4591
1122
5769
876
4804
2822
4139
4937
4645
6577
1066
3543
388
6734
1667
6499
3545
1466
1563
6274
4896
4174
2394
2243
6721
935
6374
863
5360
4288
1758
1046
1709
905
4305
236
3485
6312
3296
5144
2872
3649
355
1019
253
4736
4746
1864
5510
2367
6618
4932
3761
6281
724
1334
5068
4990
6692
166
1657
309
1600
4402
928
6390
4867
4979
1621
2922
5194
219
1027
5150
3205
4725
4560
4304
6876
6424
616
2205
1639
6714
4506
3689
4179
6767
5620
3380
3906
1036
6570
4918
4664
4577
1652
6283
1479
5661
3383
1810
1938
485
1645
4094
1872
150
1686
4567
345
4635
6754
934
6563
4608
687
4616
3407
1379
1509
5054
832
3331
6304
5199
4231
5304
4645
6574
1062
3396
946
1633
5030
5114
1711
2524
1891
6280
2519
4315
1096
3393
4549
1530
3258
667
6542
5109
1012
4239
4442
1603
186
2340
4357
4557
767
852
4626
2331
1175
5216
5381
1092
6589
852
3378
5273
4135
2861
1417
366
806
3384
923
1468
974
5484
1957
5170
5021
6824
5858
2311
5444
2496
1474
4580
2002
4559
802
2829
388
1025
5257
310
1084
1072
6839
5011
1506
6576
2584
40
971
250
3478
5346
529
5331
174
1500
973
1123
3779
3482
855
5531
3252
3207
1146
683
1637
1118
901
3239
1550
4516
4615
3293
4960
6873
4788
1177
1597
852
2709
3684
3658
5001
3690
1054
1366
977
261
4958
1745
1210
1164
4364
4682
4212
4506
1604
3504
180
414
801
4603
4554
3748
3508
1116
2604
3131
928
5046
2951
1462
309
5734
4589
6488
3360
2707
3334
1113
1813
6555
3235
3399
1987
3760
1123
959
3848
1014
2932
2742
902
4103
296
670
920
2436
1554
4890
1427
4965
3204
4288
5151
6572
3241
3398
1028
331
2533
4495
1065
2322
1282
4333
6654
398
1201
4622
1198
3372
4931
5703
1622
2322
1050
1375
3390
5088
4496
5016
5306
5258
3344
3128
3334
5187
591
2775
1159
3205
3320
4801
4163
4310
1901
1455
5452
1516
4638
1117
5605
4766
6619
1055
6393
1013
337
823
3942
4365
6027
347
445
5164
6720
711
6596
4450
4713
330
5025
3715
916
849
4361
1404
5574
3512
142
1454
1108
3326
4571
3375
4334
3696
4750
6610
4634
684
1112
4332
2370
3080
2899
4773
4640
5531
6763
6288
1391
1078
635
1184
4430
6769
961
4597
5516
1884
3433
899
248
4447
978
3692
3314
3716
1956
1130
4611
4712
615
638
5381
1979
3364
1089
1473
3659
6597
5275
2175
3188
1492
5003
6608
4528
5194
621
3696
4591
958
4595
2062
4142
5383
1007
4562
1154
5305
5109
3680
3209
1171
2629
998
5001
1722
6349
6874
4947
5374
2823
5150
6369
1220
3516
1651
6611
1333
2717
1600
721
6356
6765
4059
2667
2016
6665
4585
3445
1399
4642
850
808
4854
999
4059
1346
4364
1183
1349
784
3236
5198
5098
5634
4571
6710
6281
1272
286
358
6802
4642
927
4190
1386
5075
6814
3400
399
3314
4406
1043
3683
3245
875
4635
4107
4547
1587
4074
2701
3890
1088
4669
5394
4482
392
5251
4943
4642
6341
5281
658
4576
4218
3872
1173
934
3325
4092
5688
4863
6697
4392
784
4495
5143
1011
1460
6636
1481
6657
5734
6618
5060
3258
1485
5435
1230
6807
3241
297
4405
2197
1591
4600
5014
1477
6441
1626
4490
4594
3296
3549
5494
4396
5267
2888
1676
5254
1797
4595
4926
4433
4421
725
1102
901
6428
4555
745
1131
5250
4517
1003
2870
6413
6353
1141
3787
6782
4479
873
2288
1021
1478
1632
5126
4840
4606
4435
986
1309
977
4291
1302
1481
1250
4340
4545
6765
921
4879
3767
849
6406
1500
6577
3203
4491
1704
4384
2543
4627
4565
6502
5378
4964
5053
1376
4851
6397
627
4463
1160
5170
638
1411
1074
4243
3398
3093
4520
4127
2333
6793
6074
1454
2269
4428
3669
803
992
6490
3391
5433
2751
6084
1096
1570
6833
2602
3404
237
4928
6526
3324
1795
1604
5240
4255
3380
3458
4240
312
4736
4358
4739
3233
2205
984
656
6491
1972
5922
6413
3401
6817
3345
576
1605
1100
961
181
3322
4796
3473
4442
4177
3376
1486
4151
6507
5353
6057
1126
1857
405
1263
1583
1374
4181
4322
4372
5744
1962
4947
2327
6376
4751
1117
6875
1365
5162
1473
6551
6609
2349
4441
2394
2894
143
4924
1185
6784
1068
401
1105
5191
837
3784
4533
1207
1834
3721
6692
2619
4984
2882
3728
376
6380
1570
5208
3327
258
1691
997
4471
4453
6525
6378
1116
4886
1231
4518
108
30
6591
5021
1723
6802
991
2648
1070
4669
797
853
4897
183
895
6388
994
6581
5923
4608
6595
5386
3366
2882
725
3812
1146
1320
654
4167
346
3414
1841
4072
4354
4452
871
5674
4506
5153
4315
6432
4319
4792
6550
4878
751
3290
5029
4536
1382
3180
3535
4610
4800
2938
796
1545
4982
4276
886
1531
6815
676
4922
1097
1477
1053
4550
4464
878
4589
4437
309
4939
6375
964
1008
2539
4304
887
4483
4625
4533
6754
163
4594
3513
1204
6584
4611
4358
6302
5379
2145
6355
2527
2084
4807
4943
1625
899
4561
1077
6275
4596
3043
1010
5265
6872
2908
4191
726
453
218
5402
954
4558
1156
4282
1927
195
6640
4381
1323
6576
4598
5933
1478
1493
4381
1045
4335
1103
1493
5102
4815
4934
2999
6281
6559
3298
6695
4580
4632
1229
1691
5439
4659
2269
5450
4745
1994
4604
1100
1089
297
4170
5042
4961
4746
1334
3208
998
1073
3476
4273
4644
1266
5154
916
1875
3101
5259
4948
5261
2030
1896
6804
4436
1380
1430
1971
5532
6573
3234
272
1757
4876
6636
1786
4423
4673
6836
3616
871
6730
391
1394
2082
3733
4936
4948
3347
705
3155
2820
3370
6763
4808
1120
5357
5379
4579
2912
1248
3219
2824
1385
3152
1125
966
4328
1753
3186
4944
2003
1168
4606
6448
1480
1594
2110
2068
6604
3670
2253
5273
1178
2243
2386
3397
4664
1430
1282
3443
6749
3252
807
2412
3252
177
1895
1117
2890
4522
2873
2007
5289
6841
4254
5850
6368
5433
1082
998
1454
6671
1180
2436
4646
2830
3106
4803
4614
4664
6859
1235
451
3179
1720
5103
873
1348
1313
6817
906
6591
2228
2910
4580
2710
1688
5132
4399
413
5027
5572
4796
1244
4281
4762
4746
5075
3213
5203
3694
6317
3346
3297
4233
2112
3739
2171
1473
1761
415
6583
6533
178
915
1938
5274
968
3327
3437
4420
4947
3325
6774
4326
4015
4541
4791
3410
2322
1006
3249
3175
2750
5852
4629
3575
609
5160
4911
4127
6002
5727
254
888
331
4629
4654
6512
4546
1046
3672
5177
3334
2195
4136
2547
2933
5198
24
26
6293
272
5064
5153
4167
4573
5142
249
3190
1024
6681
6737
818
4645
1389
4386
5433
1076
3134
927
5390
1034
913
1851
1310
4561
3377
603
2561
3701
3248
5247
925
6832
4797
2104
5421
5393
5104
2741
6385
1143
4744
4605
6074
1688
1614
5358
1798
5296
4148
949
1106
4613
687
3470
6832
984
6877
6298
4136
3508
4985
175
5544
3736
1142
5345
5792
3888
1204
983
6724
5402
1983
4105
1116
2386
3448
1635
6580
4598
6737
977
220
833
1473
6749
1610
955
312
1759
298
1471
5430
6697
1969
1654
1244
5253
3392
4497
4877
4865
1183
2678
5043
4103
4537
6722
1682
2273
945
6801
1798
2931
629
5242
5221
4400
3175
4602
676
5774
5383
4460
6632
1146
1595
4279
2971
1018
6379
2311
4371
5188
4760
4550
1891
2909
4669
4558
1465
1615
3698
6804
6619
4586
1142
6564
3790
6354
2907
3304
3213
4610
896
6797
2878
923
896
6755
3445
4509
4411
6490
6735
6405
1822
1800
6802
1549
2302
2845
5774
683
713
5012
4957
155
1024
6786
3418
4393
4638
906
1615
5483
3390
6589
1790
4599
5020
5043
1444
3156
798
251
3838
723
646
4391
4500
979
4809
5233
630
3179
1890
4344
4755
3226
1417
4945
4992
653
1121
2424
4357
4507
3375
6792
1736
1479
6673
3686
4557
4603
4223
3357
3574
1728
1119
5011
6739
3286
6457
5560
6802
6819
6384
1152
3726
808
3498
571
1819
4747
1525
4485
3121
5012
4719
385
5544
1637
153
3893
227
4730
1081
3184
5149
4122
3401
5065
1942
5037
6386
6714
4452
4324
4462
3401
4598
4586
4570
995
4795
2985
5828
4392
6590
4991
4617
5213
6817
3510
5065
4590
4518
6799
3588
6600
3096
5413
2564
844
6379
2093
4965
3325
6522
1916
3676
3192
6305
982
2328
5040
297
3439
6572
4601
4587
3737
6658
1031
4479
5534
4847
1589
2750
836
4408
833
3034
3374
3311
4278
3648
1097
4370
2331
1626
1899
4399
5409
337
1900
1626
978
4875
6634
1152
4608
4343
5794
1531
1710
1101
414
6805
1471
4605
6591
3350
6751
6347
4561
248
2849
3176
4608
5085
1188
5369
952
6692
467
4599
2701
5248
696
4458
5445
1520
4953
1622
758
4438
4359
4670
1630
1967
6780
980
5015
1328
6702
949
3422
185
4436
621
1521
653
677
4937
4109
3202
866
5230
3328
4904
5869
5002
6729
1776
1326
764
3355
951
5018
3512
3528
3188
5293
1574
2255
6646
941
6794
974
2197
1473
2984
4522
2925
2708
1091
4673
1042
6360
3117
5379
2638
782
1529
5080
6377
1096
3181
5689
6045
1188
6328
4209
2644
3381
178
5064
4419
4482
6594
6693
6643
1569
6372
6589
960
6451
6877
4327
808
2603
4631
3369
1800
397
879
836
6705
4501
5516
1759
4436
4681
4463
5760
3698
1115
6771
1955
1237
3090
4569
5323
3479
6726
3675
3252
1550
6473
3088
4848
1083
5689
1523
1154
712
4756
905
4728
5429
2342
309
1467
5868
6286
1669
6736
252
3334
2703
632
4584
1706
6833
4400
1803
3777
1605
5049
874
6516
5026
3941
6786
1467
1528
1238
2367
4325
169
6580
3179
3681
5207
3422
4326
3350
205
4431
193
4366
1674
5098
803
6725
1455
3911
1045
2537
4586
6828
1348
4649
1757
906
3205
4577
1989
1615
5144
566
912
1458
4476
6746
6547
5638
6734
6561
3116
333
2829
1052
1201
6803
3175
3126
4993
6704
328
1461
6638
5195
3681
4768
3769
4637
6559
5036
5027
5923
4465
5217
1012
4420
1176
5079
5258
1186
1136
337
4510
3269
1109
1324
4118
4292
1654
1212
921
3137
4578
4292
3151
5051
1922
1186
5074
3388
5332
1793
400
4598
395
3765
462
1527
5529
4399
4241
3441
1374
2538
4258
4763
5583
2956
5311
3155
961
3130
2932
3157
4686
6472
3635
4508
4330
978
1454
5195
6658
4607
1037
188
250
6349
4423
3528
4367
957
6468
1264
3811
1071
552
6575
3906
5202
1043
1013
3122
2427
4630
1410
4764
4631
6759
6705
2742
1917
1199
532
5791
3897
1470
4394
1017
6285
4609
4574
1454
5314
4476
4566
4448
6738
3187
5
3340
4588
5760
4634
6390
3323
3918
1568
1460
3193
6750
1088
643
3663
2854
5689
881
1398
5688
6735
4464
1848
4600
2913
3369
916
6556
4640
1137
4593
236
4505
1129
4453
1266
3569
1851
5161
3714
5081
2361
1276
1058
2927
3217
527
6560
1519
4583
4840
3784
868
2767
5560
4460
5126
2108
4974
4538
1572
5685
4567
4953
5719
867
6633
3294
4588
3390
2826
4607
4644
1114
425
1969
1001
5224
1022
6799
1443
1708
3191
1184
6788
5420
905
4963
1533
5268
4774
5435
1165
4290
4620
1238
994
4815
909
5821
5769
5770
284
4940
1911
780
1743
637
21
4714
4462
6568
3365
4456
4614
2445
6486
1931
4883
6787
6597
1100
1507
1155
2890
4924
4607
4272
4634
1015
9
1329
5001
4306
1833
4925
4329
1998
4310
39
3335
780
4445
3089
5480
1788
4103
5053
3444
1639
2538
5305
6082
166
3377
1615
5327
5360
3114
4573
3645
604
1121
2436
742
4604
3879
1207
903
4220
1202
3394
767
4435
6296
1077
6477
972
1240
1921
1154
3153
1916
976
3511
6609
640
3463
5033
5256
5224
4079
5071
4763
3327
4754
639
2907
840
689
872
1203
6539
729
6735
6602
4847
2916
6710
874
893
4325
1831
1803
2224
6542
4587
4635
1136
1844
917
998
1872
3749
4288
4076
5044
56
1377
5255
5620
142
1367
3694
5289
2875
3977
3081
6870
1071
6818
6609
5399
5475
6817
4771
1184
3762
4578
4209
4138
1468
3004
4284
3100
2919
4173
1690
6492
3199
1365
224
4857
4879
2623
3090
3190
4526
3190
2836
4923
3841
5664
3909
3183
6877
50
2852
6714
4641
6014
1092
2931
4462
1483
4767
1942
4353
688
1451
3812
3204
3067
3293
2175
3881
4631
6087
1051
2902
2837
3294
5485
2088
4296
6545
6451
4387
4100
4414
6526
1934
1386
5691
5324
3671
5269
1651
908
4572
3380
1169
4508
1280
586
4669
6564
1140
6289
4747
4545
3334
1363
4823
4532
878
1112
1151
1542
4537
5411
3127
6559
6498
6582
3372
1131
1269
6778
6705
4413
5022
2889
1450
2205
1242
1025
6596
1379
4111
1120
1552
1799
4571
5635
4919
3725
6485
1241
1463
6747
5576
590
4292
4483
1409
4588
4541
1502
2560
1342
4273
1427
6324
4144
1187
6736
5510
2335
4831
1077
1053
6816
1015
1132
31
1475
3340
6513
3194
5076
4233
1595
3763
3782
5337
3420
5770
4502
5497
2846
39
4961
6636
852
248
1571
4811
227
709
1687
4454
6360
4397
1296
5770
2038
5071
1486
4645
4372
840
5034
1983
1703
2148
1089
907
5266
3098
3394
401
4651
5028
3179
1604
5088
5386
6288
1430
5922
4398
3785
5401
3145
2221
2355
1072
5169
5402
1137
5770
1375
2894
4537
4541
1463
4479
1456
3890
975
6633
6582
5077
2333
3454
4565
829
1097
1799
4638
3674
4178
4307
4584
996
3690
6371
6845
4870
4164
6824
6591
3005
5038
4416
6777
251
4852
987
2894
1106
149
4989
4305
6763
1635
4584
5184
6381
1323
843
1596
6485
4924
966
332
2779
5184
2985
5073
4121
4590
4512
6782
1315
999
4390
5076
5659
5186
1254
3089
4917
6714
6414
585
1118
552
1589
968
996
6835
4076
1502
6569
867
3337
1072
4136
1493
4951
4154
1119
1186
711
904
6773
4358
1140
4612
3512
4565
1457
4478
6536
6648
1170
4934
6096
5005
3235
4388
3482
6517
3205
5322
4796
3352
3111
251
5659
3764
1463
3208
5035
1331
2831
3251
858
3345
4783
4572
3445
1523
6002
4460
2527
910
6353
4331
4541
991
4692
2820
249
1456
4293
1394
571
4700
4551
703
1929
4655
6815
1489
1136
3088
1338
4951
1081
3881
4222
1003
5379
3178
5279
4869
1220
3086
4170
1316
1073
4627
3189
1469
5424
1625
4151
4401
4799
420
4935
6343
2916
6769
6002
4428
194
4458
4852
1468
649
2871
2439
2437
4811
4532
4657
6294
4292
742
1669
3075
3215
1723
4562
4460
4575
5293
6607
2717
6311
6378
3767
2424
6302
259
765
3390
3049
2432
4389
3738
743
4605
4258
4999
5219
5010
5852
5309
3222
1216
5161
6769
4931
6692
1730
6739
4895
4296
4903
249
6563
2390
5770
5229
4461
4337
4259
3771
3818
3248
5606
2561
2206
4615
4871
6801
6747
4607
4915
2839
2278
131
4849
4883
1127
2367
5554
4465
3305
1223
3193
2901
6745
1207
617
1864
5068
2779
819
3885
4518
6447
1456
414
1500
4920
6300
3518
4924
3408
4342
3270
1043
1525
1453
2309
954
6114
3365
3616
6468
1438
835
1402
3764
1247
4326
6429
1409
5255
6790
3060
6263
2427
903
1158
4537
1616
5915
1819
1010
1401
4211
6567
1117
5148
5029
1379
5250
1139
3683
6551
5582
2904
625
5955
3721
340
302
6290
2104
6652
4577
1061
4342
5475
4431
4916
5293
3279
5078
485
1612
931
5329
4457
6420
4323
1197
1064
4431
954
4334
43
1463
6693
5356
6357
4982
4324
4597
4384
5554
4570
3295
6562
4472
2860
3376
1752
4732
3353
912
49
3543
977
6632
1177
1108
6299
2244
4194
275
4494
4147
838
3110
462
1964
947
3862
1365
3031
2869
1011
5297
6315
6535
4587
3716
953
1008
5798
3485
3202
4650
4947
2910
1137
240
4422
5510
5045
5633
1253
4489
1627
1362
4468
3504
868
3400
4582
969
1350
1722
6788
6368
1946
1782
643
862
86
5023
3481
5719
4928
2284
4604
4339
5400
4390
4670
3292
4462
1500
1154
3888
1093
1161
1105
1009
820
1105
1362
1037
4240
1428
1853
5019
3044
959
4605
3594
5718
4452
4563
4347
6618
4643
6610
2113
3337
3022
4524
2963
412
4812
5360
647
3739
3434
3233
6803
3919
4463
1583
6565
4665
4897
4989
3510
944
1238
3348
4647
1540
5318
1344
4251
2893
5386
653
852
1713
3180
3675
6582
1116
4363
4647
850
6566
928
4320
4662
5437
1516
4563
6725
386
6518
1972
4321
4879
1151
5646
1379
4876
6561
6810
5542
3795
2994
937
1721
5153
1162
2173
4643
4790
942
2255
5536
4504
5558
6803
1397
1472
6560
1205
3189
5061
1335
5142
1930
3516
4763
850
260
1260
1519
3113
1290
6750
4551
3273
3101
5067
4516
838
3680
1014
3369
6045
4587
3152
5264
1370
960
3474
5404
1721
4097
945
4072
4947
3387
4409
3129
4409
6636
5748
4465
4953
5153
4440
6604
3346
1255
251
722
1465
4166
5806
5444
4654
1731
1915
2222
3339
4384
895
202
2520
4559
1335
6767
947
330
6753
1023
4404
6790
6304
6600
1087
4676
4869
6727
6651
6213
6555
1500
1022
6809
6542
4491
3204
752
3902
3019
4505
4984
4819
2206
3295
958
1481
5001
641
1000
3371
3102
1786
4098
1931
3462
1004
4640
3795
4933
1806
6635
4108
5143
4997
1206
248
4119
4558
1553
166
187
2394
2309
1365
4638
4354
6654
2718
4626
5384
5134
6704
1961
3893
1400
6512
3140
389
5049
3850
3447
5344
3734
2954
206
4389
1519
3410
2892
4850
3188
4256
4900
5539
6284
3137
2322
1071
5798
3205
1016
998
4748
1386
6509
4359
2832
2934
6537
4781
2084
700
3011
4149
911
4135
4743
4454
4108
2827
4727
4622
5386
2228
6580
4468
3119
5286
3236
3296
949
5044
1168
1383
870
4510
1724
4401
4362
5427
4126
11
227
5744
3424
1231
3571
1471
6557
4983
1030
1389
1339
4871
5426
3079
222
1619
4143
6543
2892
1046
4939
4675
3473
4413
925
4152
4913
1086
3480
4307
6818
4480
6691
3393
5207
4467
1152
3082
1882
1007
259
1375
1538
974
1472
907
4519
6516
4346
4465
5195
6618
273
15
4557
853
1716
816
3785
3204
6533
2561
6809
4393
4346
153
4641
1136
3081
186
4200
2175
5294
4630
5214
906
4517
4598
3609
1156
915
1008
1608
3719
4776
3078
1082
168
4345
1460
1464
1880
974
3897
3308
6568
5065
2923
4637
355
1014
6396
2543
5063
6097
5690
4557
4293
4413
3901
171
1894
6859
2307
1669
4865
3282
4746
3784
4935
4533
2866
1912
5078
2038
4853
2415
3452
3427
415
299
4731
1085
1392
1770
4318
6363
3141
810
607
9
3388
40
6632
3222
1454
3431
5417
855
4534
4780
4617
1712
4963
4849
4286
6610
3097
4599
4137
721
6427
3691
1753
4643
1105
3351
5152
1461
2709
1860
4778
3199
5804
6875
907
1924
24
6352
5207
4638
4448
5085
632
6341
4465
207
1457
3766
622
5734
6316
6350
5191
4226
1109
5081
4214
3502
2884
4504
2150
3402
4441
4725
1075
1594
3849
3156
5029
3199
3146
4847
1269
5416
616
5097
6508
4121
1204
784
5727
6319
6593
1863
248
387
6784
4968
4336
4831
4924
2537
4406
4435
2872
6873
3890
1627
4147
1032
5309
5267
4655
3138
603
6462
5688
6376
3794
1770
171
4563
1032
3331
4471
5040
3400
3337
123
3032
1786
2752
969
975
4360
1242
5061
2000
969
839
4334
4309
1049
4509
4845
1700
5088
706
2667
4268
6733
5566
3389
3015
1053
1631
1098
1802
6370
4077
3012
2206
3030
913
2430
6394
4289
5153
1830
3185
4521
4543
5253
4872
1322
2936
1057
5672
4393
925
4258
3087
3028
5719
1180
1119
5850
973
2966
810
1092
4381
1241
1072
412
4320
3330
3085
1054
5719
1745
1463
4125
6802
4371
3398
1994
3505
5500
4887
1521
1594
6476
4561
4951
5690
201
6295
4943
6802
4462
2447
5719
2603
3433
4516
3008
6785
1172
5057
1100
949
3114
860
3892
1498
4271
4081
4165
758
4846
1679
1785
1136
453
6794
5150
6558
3186
4181
853
1474
4171
210
978
4109
1943
5303
4742
6595
3385
5037
1686
5276
2422
787
990
3617
3323
4815
3498
4125
4324
3192
4254
1058
4324
4581
839
6465
4988
4788
4288
1458
4616
1809
1044
6603
4232
5573
4375
6405
870
4379
4457
6681
3332
1073
4671
6833
3432
6384
1464
6505
4628
1755
5108
5450
4978
6838
4447
2367
1101
1086
5500
6605
3768
3173
4564
1742
4938
6730
3190
625
6404
377
5286
1927
4369
4583
1487
6375
4987
3371
3894
4617
1449
4184
4241
4279
5583
4971
5030
5858
4448
3386
1951
5440
4432
4876
1093
5247
1300
3899
1430
1146
3293
2907
4461
5798
267
4596
6449
2284
4990
661
4382
458
1004
3254
624
2415
4344
3392
4673
4080
1473
5327
2335
6608
139
6575
4505
3513
3654
5266
6597
2703
1158
5806
3376
4350
1955
3646
1583
5208
3175
1447
1016
6604
4462
1025
3215
5110
4729
4255
4277
3411
4667
3386
5249
4337
6525
4520
6590
3431
2331
2779
2941
381
3675
2840
3193
5582
5259
1194
1378
5039
3902
4858
3326
1031
2949
847
1160
620
2994
1118
1119
5069
1837
3404
2886
3165
4392
4823
4582
4606
1533
1917
1001
1556
1583
6681
848
1380
1350
6745
376
6325
3424
267
627
605
3902
4540
832
1399
1362
3903
3918
3091
5075
5045
3231
596
6435
3175
4554
4471
4195
6292
1043
3499
3949
3110
1740
2439
6002
5744
1239
2717
5162
2367
143
1102
1795
1787
4726
3367
3139
4711
884
5021
5248
1528
155
6681
1329
6880
1287
5811
1717
4717
1206
4998
2109
6505
5581
848
4578
333
3110
4676
1071
4446
823
5336
972
1134
744
3405
278
6779
1639
2099
2172
3518
2253
3046
918
4516
1345
1872
1002
3385
4640
3322
1198
4488
4427
6792
647
2851
6371
4416
2036
1030
1067
3130
397
6610
4527
2866
552
6638
959
6560
4511
6317
3417
5784
2355
5139
5113
4622
6789
767
3085
3883
4693
938
6375
3262
3418
3062
5054
6875
4938
3273
1652
4998
5357
4431
1233
4561
1119
2644
5530
1600
413
1619
2856
2841
4467
4393
5279
1498
6057
4644
1512
3479
1831
3158
4778
417
1654
4485
3080
673
5411
6468
415
694
4660
445
4144
4950
518
1552
1665
4154
5208
104
4383
4483
4633
6463
2080
4657
4494
4931
4336
6472
1093
1796
1146
3649
3084
5313
5516
3025
1739
385
5336
1011
985
5144
5267
6539
5036
4799
1180
2924
950
1458
6551
5311
4875
1230
4516
1040
3210
1626
743
1507
2900
346
4999
3314
5434
2900
5063
1474
4403
391
4493
2135
4640
1895
6290
6438
1509
3506
3816
837
976
6862
4721
4509
959
3257
4856
890
592
5689
3482
866
4893
1201
1800
1443
3237
6539
1232
620
4950
1845
3350
1544
4759
1039
4870
916
4797
1551
253
269
1603
3609
3699
6729
2824
6340
4952
4496
4158
6408
1006
4777
6555
1070
882
1889
1680
4651
5393
4600
3659
6547
1347
253
3139
4375
5436
6367
836
3366
3474
891
4903
5333
4262
3325
4532
3314
4573
1092
1569
2728
3406
2424
4628
5871
3190
6879
919
1060
4394
4851
305
4386
2222
3279
8
415
5770
5559
4394
2678
272
4327
4944
4208
4836
6284
4140
2182
3692
3885
4538
6878
4858
6472
1552
4402
3387
4554
1025
4950
4395
913
5264
2718
6529
4995
744
3338
3042
446
4547
1037
1578
5219
2895
4533
5769
1147
4233
4549
3096
4563
1137
4552
835
3286
850
1277
643
4451
272
6307
4837
1200
3502
3164
3103
1149
3190
1142
3327
1100
4918
1512
1480
4887
1530
4556
15
4780
4691
808
4994
6386
3328
424
1059
4553
3882
5672
1007
1066
2851
6580
1322
4875
4402
387
5270
6307
4258
1139
5581
5329
4117
4648
945
905
3674
4606
3380
5043
3091
1919
1661
4360
4843
4434
4430
1229
4985
2203
1467
3340
3487
4806
5335
5073
6789
3689
6379
4269
6057
3249
1099
3698
1062
3175
4843
6596
2843
5038
826
3384
3745
1995
4590
1021
4625
5159
5760
4838
4959
6693
1068
3499
2412
4500
5688
1044
1575
6339
5132
271
1974
5281
177
5543
4343
4999
6374
407
5267
926
172
1540
275
1264
2844
5358
6743
4696
1216
4367
3695
5199
367
1117
1374
6551
226
6634
5341
1743
1787
5191
1001
2311
4451
4593
3783
6714
6740
2420
135
4516
4572
4670
5143
6802
5646
6778
4408
2823
4433
1370
2386
4343
4523
885
6540
5045
5718
1275
671
4817
4334
5267
3759
4838
6392
673
6838
3401
6427
3116
1161
4844
4848
6771
1264
1026
5222
849
5071
3105
4944
6537
4634
469
6550
111
857
652
1102
1205
4632
4978
2840
4528
6633
849
2936
2667
3728
3787
1142
644
603
983
2921
273
4691
4707
4602
2046
4341
4632
6577
1134
1968
4123
5301
4499
4578
1183
3170
4981
1150
871
6579
4078
1929
4360
4139
3336
4587
2253
4418
3049
940
647
296
1574
4304
254
4938
3413
389
5343
6312
3763
1366
3480
2969
4521
1757
2638
1597
4466
6380
4557
3919
1180
708
5718
4491
1047
1606
4862
1441
427
3767
4943
5531
724
5784
5689
6625
5332
5311
1374
6365
3236
5102
3509
5230
4841
1122
4453
2832
2500
6790
798
2805
5923
5222
3454
1257
585
4170
997
3691
3400
2603
4352
4845
4809
459
4815
3353
3238
6511
4401
3344
4664
4131
143
6773
251
3337
4278
1363
1145
6686
1582
6782
3434
4487
4514
4150
3732
5164
6577
6298
4393
4732
1126
6749
5228
3178
3352
2959
3918
6743
3660
3388
5922
5057
905
4339
847
3237
1624
6772
708
3238
5707
4256
1118
1097
4582
4385
3081
2521
3684
2920
4463
1276
2524
4569
4394
4501
4861
3771
3232
4355
6469
3784
1513
556
1072
4845
618
1362
1553
1624
1407
6534
269
599
1562
4945
5421
4120
1066
3397
6468
6782
1523
3158
4978
1624
1106
6793
5402
4080
913
5047
1432
3021
3237
1178
1148
1326
1101
1080
971
4950
2741
5080
4386
1360
4970
1964
1540
5191
3109
3894
1230
2286
271
2170
4926
1117
4463
3399
906
3251
5769
991
3451
4828
5232
5498
6803
4351
1663
1012
1675
1063
3382
6733
5689
6541
4697
4857
4082
981
6432
3766
977
1098
4791
692
1424
4575
4434
5158
365
851
6160
4811
1520
2112
1931
1125
6776
3588
1566
1064
4666
4642
6586
4459
6571
3431
3245
3441
2327
607
5998
2430
3896
1118
2097
5344
4185
233
5200
5821
4874
4437
3778
1850
3352
4867
1084
1315
933
1353
1468
2342
1168
5869
3160
1506
6373
3272
2631
4210
6353
5530
2355
1729
4454
979
5791
3016
648
4272
5664
58
172
3380
750
123
4461
878
6634
3506
770
2206
3442
6672
838
6800
467
1528
1641
1975
949
2539
1034
1210
5313
4365
5745
928
1733
3124
699
2244
6114
4431
3567
5130
6673
4692
1853
1055
3650
1979
871
4910
4639
6649
4618
1328
1700
4899
1013
163
4518
6326
6505
3196
1617
1330
1223
253
461
4546
3508
6478
5063
3239
4396
1479
2001
4452
5126
1119
184
6352
981
13
4620
5145
1248
1210
2874
1006
4334
1496
6844
1469
6309
4938
894
4410
5748
4493
992
1533
4506
3419
4837
3698
875
5794
6570
2953
4688
5055
6584
3405
1681
5010
3484
1055
4574
2519
5691
3311
4072
1161
4474
1716
6343
1929
3143
5383
6541
637
2099
696
864
4596
3020
2028
1506
711
278
4119
3499
4843
3880
194
5326
6772
3372
4573
4558
5688
4574
4721
5501
1374
1015
6820
5379
3902
1633
887
391
5378
5013
4096
1028
4163
675
355
237
6816
255
6729
6544
4345
3365
1090
2355
5510
3206
1699
6353
1137
1948
6508
583
6636
4442
6705
3515
4654
3188
2831
1324
1532
3020
4357
3889
5481
4432
4735
5452
1817
3902
1702
4105
1746
1594
4589
2084
3107
4692
4920
5273
3408
1795
1431
4352
1610
873
655
4724
6833
4104
4846
2309
3508
6722
962
831
177
1078
6581
4385
4601
3179
1158
4975
605
903
5169
934
1194
2149
1805
985
3090
837
4693
5743
301
815
4337
1374
3666
6285
3329
5852
5551
6618
5139
2206
1092
1131
5195
4885
4520
4631
204
5816
1899
6728
4147
5201
1317
3359
4532
4292
6734
6280
1866
3006
411
425
2531
2307
1855
4563
4281
1199
3684
5955
818
4167
6754
3778
5697
1338
4854
4784
937
4559
3901
4309
3371
3011
4620
4708
1646
5035
1341
5770
3818
4736
848
4998
646
4688
4549
1565
1800
5333
3187
1131
3130
3116
5132
2122
1091
2901
4690
864
4866
5199
6401
1803
1983
1951
4526
789
1051
6505
4440
3380
414
4699
4839
4563
2205
1843
415
3343
6781
4999
5266
286
1758
1202
3398
6354
4997
2619
3773
6434
2528
1098
4853
1118
1563
6611
927
840
3661
3262
973
1346
306
6576
506
158
4846
5147
873
3365
4965
2206
5051
6309
2814
2095
853
4238
4339
1729
1137
985
4094
6727
2401
747
1182
6885
2813
4765
4111
1833
726
6369
2597
6530
3902
1429
2920
1486
5718
2923
6284
1764
4640
856
1118
1185
5388
4497
1597
3155
1013
6811
4648
2916
3760
401
3340
6704
2097
4573
4098
2392
6661
6744
1207
1789
4582
3112
1193
6608
4437
600
6640
5770
949
1937
4881
957
1105
3436
983
4437
1205
3335
5784
989
1086
4565
1137
6877
4609
4312
1502
4432
3660
5077
3087
4153
1180
251
2036
6774
2874
4846
1133
5794
3676
4581
5256
698
3404
939
4748
592
5759
1519
818
5000
5770
4543
6637
1178
1081
5031
4750
4427
6104
6284
1641
997
3713
6507
3179
378
4884
3818
3695
727
4453
1916
820
1485
4681
2956
991
391
2046
1036
2833
4469
1554
3736
6426
1589
4295
6705
4869
167
5151
200
4637
1117
91
1303
4586
6580
3330
1946
691
3155
1512
2520
3766
2927
4921
706
6524
4874
5673
4583
4591
4963
2865
3556
4480
4562
4670
3192
4852
1013
3134
4402
656
4247
4361
1153
2029
4359
4976
5097
4775
5333
1388
5475
4605
102
1922
1897
1957
3196
1469
181
3191
3765
3187
1131
1322
4877
6511
3647
3783
1862
4337
5402
3249
4568
4381
3360
3026
6596
4924
6387
4529
267
6595
4964
5398
4080
6749
946
6413
5425
6348
3332
3350
61
2899
1918
975
5571
4594
1464
6696
4995
937
4509
2321
6804
6607
4359
3885
3157
6284
917
2367
1401
6416
6333
2568
3304
836
6520
6577
2003
2710
938
1093
282
809
150
4330
1071
3662
2912
4015
1705
1836
3939
666
4539
4602
1087
6550
3235
5734
1956
1070
1300
5242
3194
6411
392
1032
2298
2935
1012
5607
769
6335
786
4483
4466
1129
971
4298
4953
3472
4444
1462
4387
3908
6082
1276
1019
4621
1007
1105
4095
893
912
401
4543
4471
1896
981
4679
6768
6533
5827
6566
2857
6753
886
5038
1413
2103
6591
4709
6384
4038
1389
141
3745
4256
3527
5228
3733
5760
5267
6546
924
3675
1095
6414
6532
176
4257
902
4931
174
5144
621
1127
4533
675
850
1146
5402
975
4296
4996
2751
934
3373
950
6649
2973
1058
11
1151
4956
1828
6474
4657
4225
4511
861
4317
4335
997
3174
3903
4436
2902
3295
1931
6870
4654
6513
4566
874
2272
1478
4498
1698
4343
4585
3293
4932
718
3366
5277
6732
2967
848
4443
261
3178
3408
3124
1827
2432
5257
1794
514
5934
1471
6731
6793
2269
3426
3746
2629
2206
1943
3445
415
2710
4479
5770
4693
1153
1670
6742
1172
6399
6733
4444
6131
1041
984
4323
4291
2988
1864
255
4688
617
1474
4934
5270
6872
3879
3585
4623
1763
4931
5154
1692
5479
1471
4615
5816
1002
199
3196
4337
961
6781
3328
4561
6476
3768
6586
6783
4338
6309
492
6567
4796
1061
1108
1500
4687
3433
6810
3324
6381
3183
1390
4625
4123
1874
1897
6728
4270
2543
1451
3657
2543
2386
3401
233
5436
884
4338
977
1227
3245
1541
4359
5143
1502
4287
1577
3118
2112
4507
1090
3690
4788
296
1286
1204
6748
2838
5718
5770
1147
837
1082
4365
3400
545
899
1805
3872
1872
1796
156
445
1457
3111
593
3243
4463
4575
2901
4344
6537
1558
966
5202
240
6310
6284
5150
6301
4359
6536
6599
3392
1230
4074
4521
5778
5284
3190
953
4719
753
5139
4449
4165
4276
3091
1399
4473
1054
1362
1068
3097
6723
3110
5008
1045
3709
4348
6559
3258
5107
4546
3684
1085
2457
4656
4146
3034
1557
1411
1060
4546
3405
1678
1054
3700
6767
4408
891
4642
5302
6771
5791
2734
520
1523
1213
366
585
3351
905
3009
977
2309
841
4646
5279
1205
3367
4779
5177
2979
1264
4093
5249
5198
5038
6733
6755
3358
3328
6791
975
5051
3398
1874
1252
5304
2519
4306
4424
3388
6842
1133
6014
5176
3305
3682
3898
3678
607
5030
3152
5685
4348
5115
6759
6567
934
4623
6419
6428
3294
1478
1236
4413
1477
6458
4941
4097
4078
1016
3355
4018
4519
1063
3712
1543
861
6783
914
3126
143
3674
5015
967
4371
3376
6890
4426
1975
6335
850
4876
4394
4131
1824
6381
1191
1472
6555
4802
180
6339
1043
2547
1660
5501
837
4621
6506
1900
3470
5318
5442
3353
6876
1015
4133
3517
5784
1983
850
3
4757
1264
966
1582
330
1484
6754
1322
1398
4168
1445
1890
6818
4391
6383
1561
5103
4028
395
5187
461
447
4545
5306
4571
6521
4690
5366
3304
4641
4632
5063
5043
3446
5745
3104
3207
2465
3696
4672
1145
1156
2964
4615
1198
4432
3245
1861
1381
973
1864
1611
5251
4530
5141
4470
1011
1930
3089
4333
4582
1612
1319
4691
1034
6792
2005
4322
1516
1519
6588
3865
4350
3397
5479
2150
6386
2644
1042
3349
5417
3766
816
3787
3309
4321
5524
3503
4515
4668
1502
5420
1035
4585
4660
5583
4428
3367
4918
1063
392
1645
1862
4618
1782
1900
6296
103
5361
1740
4662
6727
1916
2957
1835
668
6516
3286
900
4096
3787
1950
4444
5064
4437
4359
3392
445
4973
1095
4250
6819
6786
4658
806
4457
4143
1177
4842
4434
5106
1631
5213
6878
1477
5638
4570
5330
1952
4852
208
1871
5560
5868
188
986
4299
1195
6704
852
1080
5718
1207
1005
1395
3383
1026
1344
4563
2173
2603
953
3384
2398
1536
3164
1697
5424
1378
3417
1191
5003
1040
706
2638
6131
6505
4424
3178
5719
4624
4665
6385
5307
4642
1073
4226
5322
3023
6776
4213
3245
3874
5285
3186
6520
6471
2355
6769
6512
5438
6787
4857
951
3204
4573
6808
4499
3240
5024
5529
5784
1606
1339
3496
6635
248
1923
2000
2531
1515
1459
3502
4390
4810
4938
4109
6770
2095
1030
53
5769
3122
4336
6567
6824
4966
1858
4213
2500
1627
1799
1227
4942
62
4629
1457
5186
4413
4557
6567
1122
2901
6773
6609
208
5968
1090
6835
6634
6547
1521
3329
1393
1702
1603
2051
3119
4998
1950
6695
4444
4811
5375
4505
5422
3111
1523
2926
2069
5241
3336
5261
1480
6788
1052
769
3692
1109
1805
5266
1538
2524
5534
975
818
3129
4986
914
4715
5330
5430
3408
4359
5440
839
3896
4569
3083
5774
3427
4205
4824
5486
3109
4931
4337
6734
4628
5022
4385
4508
6819
1089
4658
1131
1585
6534
5356
5273
4337
842
3095
1023
5343
4078
6767
3320
4663
6673
5105
5185
1795
3209
1369
3433
3788
6749
24
5690
4456
4757
5424
4637
4326
1328
5322
893
602
1576
4122
1435
1363
6771
4859
4362
2543
6410
610
1050
6775
6771
6577
1814
3393
1103
200
1076
5079
5158
734
6733
631
3273
5147
6849
5085
4353
4861
951
1486
4447
4453
270
3897
1388
4693
3284
6294
1113
1975
922
5435
5226
1804
5192
4834
1060
3339
2844
6636
4504
2206
6532
2088
6499
1571
1527
2924
2638
1083
6710
3671
2915
3252
4821
1918
5023
195
6875
1801
731
3411
842
5220
4964
5198
867
5387
6801
446
5533
2963
4518
1532
5262
4353
902
6293
4485
177
492
1955
4633
6376
1449
4909
1711
5158
4802
4567
4852
4910
3700
5486
3201
188
4868
4613
4439
4575
960
407
4361
5570
631
6833
672
5483
6773
1780
1078
1975
4820
4804
6567
615
3368
3012
6404
451
5079
3011
6783
1118
794
1011
3402
5208
4622
6408
6589
817
6728
4501
4289
3365
3403
3426
5531
5001
4391
1802
1423
3562
935
5791
1172
1119
1556
184
5259
673
1213
5212
4589
6732
5052
2844
1522
4591
1967
3335
3817
4791
3209
6825
800
5066
4585
4682
6873
907
5442
3349
4248
1538
6529
3888
1022
1835
5264
4919
4082
1253
3025
5405
4396
1029
3877
3086
937
4514
1982
1000
653
5265
5190
1786
1531
1689
4574
2924
6471
859
4821
5017
1542
4439
28
3304
6371
6775
1078
2071
2888
5248
3470
1920
1086
6748
1193
5137
3686
6592
4297
1269
4154
4340
6741
1581
4560
5970
3298
6569
4636
178
264
5255
1259
1521
4887
5012
3358
1066
4334
4943
5510
1112
5673
3333
3245
461
330
3897
1454
4495
3440
2913
4553
5533
4540
5068
4431
3376
1165
6665
1092
4668
1172
1873
2195
1472
3413
4947
1061
6349
1557
1113
3323
1282
5076
5400
5571
1023
4465
1863
3321
1556
4347
4885
4123
4078
1168
5431
871
1808
4552
3389
3135
5811
6702
6332
1467
4730
2104
