6759
6759
6761
6759
6759
6756
6755
6761
6755
6758
6759
6712
6676
6756
6758
6824
6841
6824
6841
6758
6823
3356
3356
6758
6846
6823
6821
3359
6820
3355
6698
6698
6860
3390
3397
6822
3461
3407
6630
6697
6847
6825
6824
3397
6820
6868
6687
3440
3397
3361
3352
6691
6626
6698
3461
6850
6859
6664
6825
6821
6757
6823
6868
6754
3301
3397
3351
3397
6638
3362
6750
3240
6822
6823
6839
3298
6825
3352
6864
6662
6660
3440
3458
3363
6695
3241
6825
6821
6861
6650
6753
3408
6637
6717
6717
3397
6694
3316
3290
3301
6639
3443
3289
3445
3397
3270
3448
6626
3445
6749
6754
3238
3390
6807
3408
3448
3363
6696
3260
6695
6664
3260
3397
6640
3267
3279
6630
3387
3387
3352
6642
3291
6844
3215
6821
3362
3351
3316
6863
6823
3225
6861
3409
3397
6822
6623
6845
3230
3215
3441
6844
3225
3295
6691
3231
3456
3441
3239
3447
3443
3316
3397
3222
6807
3458
3290
6831
3225
3277
6828
3450
3387
3457
6630
6617
3296
3456
3404
6645
3265
3226
3351
3457
6752
3390
3231
6823
6643
6636
6850
6821
3215
6750
6616
3267
6639
6642
3238
6845
3307
6821
6844
3291
6750
6824
3397
6845
6664
6863
3267
6824
6749
3387
3316
6775
6624
3352
6662
3357
6690
3225
6717
3230
3453
3406
3222
3424
6690
6639
6651
3453
6691
3296
6807
6695
6827
6849
3300
3404
6827
3231
3427
3225
3442
3358
3351
6626
3222
3422
3357
6691
3387
3446
3431
6825
3442
3390
6827
6807
3364
6826
6642
3406
6636
3426
3414
3357
6699
3431
6750
6645
6639
3424
3215
6618
3387
6827
3222
6845
6737
6752
6624
3387
6616
6643
3422
3404
3316
3307
3423
6826
3225
3215
6845
3414
3295
6773
3267
6751
6845
3220
3421
3352
3231
3423
3358
3357
6773
3357
6822
3237
3290
3267
6666
3231
3357
3357
6681
3231
6636
3422
3427
6828
3421
3395
3225
3231
3237
3267
3220
6831
3222
6750
6749
6647
6826
6777
3352
6699
6666
6659
3413
6826
3226
3237
3403
3358
6651
6829
3222
6778
3403
6799
3316
6826
3397
3267
6784
3295
6807
6699
6618
3415
6849
3422
6750
3267
6639
3222
3357
6619
6783
6670
3389
6618
3389
6636
6695
3296
3220
6749
3231
6832
3215
3280
3268
6618
3231
3222
3220
3403
6826
3426
6681
3387
6633
6749
6783
3404
3267
3267
3387
6715
6681
3388
6775
6737
6670
6666
3395
6783
3295
6647
3410
6788
3358
3420
3404
3239
3404
6717
3395
3398
3259
3404
6659
6619
6635
3389
6830
3349
6681
6619
6752
6799
3404
6716
6831
6783
3387
3281
6693
6828
6715
6750
6777
3378
3386
6693
3403
6752
3223
3213
3212
3420
3421
3410
3220
6618
3223
3223
6719
3270
6809
3412
6783
3222
6784
3422
6671
3406
6681
6634
3404
6773
3410
6681
3313
3404
6808
3318
6808
6633
6750
6633
6704
3405
3259
3350
3410
3268
3403
6673
6704
6783
3293
3317
6830
3421
3348
6671
6695
3349
3422
6618
3421
3412
3247
6737
3281
6719
3404
6810
6692
3410
6634
6704
3319
3237
6680
6740
3351
6635
6750
3383
6635
6775
3389
6777
3300
3234
3310
3398
6737
3247
3403
6716
3244
3378
6681
3280
6673
6681
6692
3398
6719
3319
6829
3379
3247
6635
6671
3281
3313
3386
3349
6778
3415
3405
6804
6714
6681
3313
3389
6704
6684
6788
3370
3389
6693
3389
3234
3403
3347
6716
3420
6684
3259
3304
6716
6783
3247
3234
3280
3350
6788
3319
3347
6787
6704
3347
6705
6804
6799
6773
3284
3395
3245
6770
3268
6810
3347
6740
3304
3387
6673
3269
3248
6704
6788
6746
6744
6748
6673
3233
3422
6693
6692
3348
6704
3285
3319
6747
6775
3373
6777
3280
6692
6748
3410
6812
6799
6815
3348
3383
3388
3403
3293
3345
6705
3256
3304
6737
3248
6673
3272
6704
6704
6748
6737
3345
6773
6805
3285
6770
6744
3305
6705
3314
3280
3389
6746
3313
3285
6788
6744
6704
3403
6705
6790
6790
3373
3305
6786
6738
3256
6740
3348
3269
3348
3305
3245
3313
6704
3348
3412
3410
3314
6704
3305
6737
3305
6742
6744
3304
3373
3403
6752
3248
3403
6742
3272
3313
6742
3384
6812
3337
3348
6777
3256
3415
3348
3344
3341
6786
3293
6747
6743
6810
6804
3373
3292
6805
6738
6773
3348
6739
3398
3256
3415
3341
6805
3379
3343
3256
6742
3377
3233
6747
3344
3348
6740
6799
6810
3388
6815
3396
6769
6787
3340
3346
3419
6797
6743
6804
6804
3341
3369
3374
6772
3346
3376
6799
3338
3418
3418
3388
3374
3389
6798
3372
6775
6739
6739
6786
3369
6744
6739
3419
6787
6747
3402
6813
3337
6785
3342
3365
3418
3342
6774
6765
3377
6779
3389
3377
6779
6745
6741
6774
6769
3367
3385
6741
3368
3337
6786
6803
3338
3398
6741
6789
6796
6811
3338
6743
3388
3342
3388
3372
6767
3372
3416
6805
3419
6805
6798
6772
3367
3418
3417
6768
3419
6739
6806
6810
6774
3377
6787
3372
6817
3398
6768
6765
3396
3418
3368
3402
6774
6741
6774
3375
6817
6768
3339
3339
6811
6776
6741
3388
6776
6785
6806
3365
3384
6794
6806
6771
6787
3385
6765
3339
6803
6774
3376
6767
6811
3368
3393
3416
6787
3394
6771
3367
3367
6766
3342
3365
6771
6802
6767
6793
3372
3380
6806
3393
6781
3339
6800
3368
6794
3392
6803
6791
6792
3371
6766
6781
6766
3394
3365
3435
3380
6793
3433
6780
3333
3402
6771
3382
3433
6771
6819
6818
3391
6794
3381
3366
3366
3402
3433
3382
3380
6816
3368
6771
3392
6766
3381
3332
3371
6771
6819
6782
3365
3391
6802
3334
6800
6781
6780
3401
3435
3433
3402
6780
3400
6802
6791
6819
6801
3435
6802
3366
3371
3330
3391
3401
6782
6801
3329
3371
6818
6800
6801
3436
6870
3381
6836
6771
3401
3380
6781
6819
6729
6782
3333
6835
6818
3382
3371
3335
6819
6801
3199
3330
6733
3334
3330
3371
6732
6732
3400
3333
6800
6731
3203
3401
6836
3401
6834
3199
6801
6870
3436
6729
6819
6780
3329
6732
6771
6819
6733
3329
3329
6735
3336
3333
3401
3380
6800
6833
6771
3332
6728
6728
3371
6735
3328
6733
3470
6729
6729
6736
6730
3380
3335
3329
3336
6734
6733
6729
3328
3204
6836
6733
3199
6834
3335
3208
3334
3335
3335
6735
6728
3202
6735
3203
3333
6732
6870
6733
3204
3336
6729
3470
3330
3329
6731
3203
3202
6600
3334
6728
6833
6736
3206
3200
3200
3328
6732
3329
3329
6600
6736
6609
6836
3470
6731
6732
3335
3199
3328
6736
6727
6835
6733
6729
6733
3327
6610
3470
6729
6610
3327
3470
3326
3329
6611
3329
3470
6833
3203
6605
3210
3206
6836
6609
6833
3201
6726
6725
3204
3203
3204
3327
6607
3196
6836
3325
3205
6725
6610
3208
6725
6610
3325
3326
3199
6609
6726
6603
3208
6607
3209
6608
6608
6611
3197
3209
3206
3205
3327
6727
3194
6600
3200
6602
6732
6600
3204
3178
6599
3208
6599
6836
3194
3205
3204
6604
6605
3209
6605
6725
3208
3196
3327
3323
6725
3323
6726
6726
6602
3201
3178
3201
6609
6594
6600
6603
6594
6608
3320
6609
3205
3197
3323
3208
3178
3209
6599
6721
6591
6607
3324
3320
3206
6604
3206
3208
6605
6577
3324
6586
3205
6721
6605
6596
3201
3183
3208
3178
6583
6724
3324
6582
3194
3177
3191
6587
3208
6583
6594
6596
3320
3324
3196
3324
6723
3206
3191
3189
6724
6587
3194
6723
6607
6591
3196
3191
6583
3195
3184
6586
6721
3324
6594
3195
3186
3207
6576
6586
3322
6596
6584
3184
3321
6606
6724
6724
3183
6582
6577
3191
6576
6594
6595
6721
6591
3189
3191
3324
3324
3193
6586
3324
6720
3186
6592
3183
6582
6722
6595
3322
3324
3189
3321
3175
3183
3180
3207
6595
6592
3177
3193
3187
6597
6593
3181
6722
6720
6589
6597
3188
6590
3190
6606
6722
6589
3190
3190
6595
3179
6595
3192
6576
6592
6578
6592
3187
6593
3175
3188
3192
6593
3321
3192
3188
3190
6720
3198
3182
3180
6584
6579
6575
3198
3190
6579
1121
3188
6581
1123
6578
6588
3180
6584
3185
1159
6575
4606
6575
6579
4607
6588
6580
6590
3181
4607
6592
4606
3181
1122
6593
3187
6581
3187
4610
3192
4606
1124
1122
3198
3188
4606
6585
3190
6585
1159
1137
3188
1123
1137
6579
6585
6575
1130
1122
6588
1130
6575
3188
6579
1375
4607
1125
4606
1125
4611
1124
4607
1105
1122
1375
4849
4849
1121
1122
1159
1125
4618
4618
1159
4606
1105
4623
4623
1137
1137
4623
4645
1136
5004
4849
5004
4849
1121
1121
4612
1136
1136
1132
4607
1130
4645
1125
1137
1133
4619
1136
1124
1126
1135
1533
1159
4622
4618
1132
4609
4848
1137
1122
1121
1376
1122
4611
4608
6585
4606
4608
4617
1135
4621
4617
1132
1136
1137
4618
4622
1124
4613
1135
4603
4612
4848
4602
4609
4603
1118
1157
1376
4622
4644
1106
1137
4848
1120
1120
4644
1127
4609
1105
1133
4644
4621
1120
1105
5004
1117
4603
1120
1133
1118
4617
1113
5004
4612
1129
1129
4605
1120
1126
4848
1118
1120
1532
1127
4608
4603
1374
1117
1135
4848
4608
4603
4620
4603
1114
1132
1117
1117
4594
4644
1132
4618
1105
4618
4605
4591
4644
1113
4602
4594
1133
1120
1105
1374
1158
1117
4599
4622
4605
4599
4620
4613
1118
1374
4614
5003
1113
4644
1107
4605
1532
4616
4613
1118
4603
4616
1374
4564
4615
1113
1108
1129
1118
4591
1129
1158
4563
1129
1118
1076
4601
4564
1076
1132
4563
1118
4644
4591
4643
1532
1127
1077
4593
4605
4847
1129
1114
1127
1107
4615
1114
4599
4847
1374
4593
1108
4563
1119
1076
4601
1077
1530
1076
1472
1127
4948
1119
1475
4563
4643
1475
1077
4598
4604
1113
1113
4593
1108
4563
1077
1076
4847
1111
4592
4564
4564
1108
1077
4592
1107
4593
1119
4597
4615
4643
1119
1374
4600
5002
4604
1076
4592
1374
4563
4593
4563
4564
1155
1531
4597
4598
1077
1077
4643
4600
1077
1473
1110
1155
4593
1475
1076
4945
1116
4601
1107
4946
4643
4948
4847
1472
4601
1119
4564
1471
1115
1530
4563
4948
4604
4604
4561
1076
1373
1110
1076
1090
4945
1475
4573
1077
4562
1077
4847
4600
1472
1467
4847
4643
1111
4598
1531
4600
4561
1078
4574
4598
5001
4601
1115
4641
1155
1078
4581
1076
1471
4561
1077
4598
4562
1090
4846
4641
4596
1090
4946
1475
1373
4601
1155
4604
1078
1116
4573
4601
1471
4562
1087
4846
4573
4573
4562
1474
4562
1075
1095
4561
1109
1112
1078
4641
1112
1466
1078
4641
1373
1075
4604
4562
1096
4945
1155
1078
1531
1095
1471
5001
1472
4846
4641
4581
1078
1078
4574
4562
4596
1466
4595
1109
4561
1075
1078
4561
1471
4596
4573
4581
1089
4846
1531
4641
4846
4581
1075
4939
4948
4941
4562
4641
4562
1467
4574
1087
5001
1078
1087
1078
4573
1095
4947
4562
4584
1078
1372
1095
4596
4562
1087
1087
1078
4596
1078
1474
1474
1096
1095
4562
4846
1109
4846
1101
4947
1531
1093
4947
4573
4944
1466
1372
1098
1467
1112
4590
1466
4581
1089
1155
4573
1109
4574
1104
1093
1156
4944
1100
4562
4575
1372
4641
1089
4595
1474
1092
1088
1100
4941
4588
4944
1100
4562
1095
4562
1372
4845
1101
4590
1088
4581
1467
4596
4576
5000
4642
4590
4595
4939
4588
1104
4941
1100
4590
4595
1093
1088
4939
4588
4583
4846
4576
1529
5000
1156
1096
1104
1098
1100
4596
1467
1101
4575
1467
1097
1466
1529
1474
4942
4588
4845
1098
1092
1100
1100
1092
1100
5000
1468
1100
1474
1092
4845
4596
4588
4944
1104
4576
4595
4583
4589
1526
1372
1152
4583
4579
4588
4939
4941
4845
4845
4588
4588
4588
4576
1372
1465
1093
1102
1104
4582
1088
1098
1103
1099
1100
4642
1468
1529
4579
4940
4587
1098
4582
4576
4938
4589
1101
4596
4997
1152
1526
4583
4997
1470
1097
1099
4588
4845
1100
1092
4585
1098
4576
4588
4588
4938
4942
1098
4582
4589
1099
4642
1154
4583
4639
1093
4582
4638
4585
1103
1092
1092
1098
1102
1093
4586
4580
4638
1101
4589
1526
1102
1152
1099
4586
1468
4940
4638
4583
1103
4997
4587
1102
1178
4585
4579
1528
4585
4940
4589
4663
4997
4938
1468
1526
4582
1468
1154
4998
1099
1092
4580
4589
1083
4583
4639
1465
1470
4998
1102
4589
1097
4578
4638
1102
1470
4587
1099
1094
4638
1083
4585
4580
1099
1526
4638
1177
1182
4583
1102
4938
1154
1099
4940
4942
4998
1099
1152
1103
1182
4997
1102
4942
1102
1091
4589
1097
4938
1528
4639
4582
4586
4589
1083
4940
1091
1184
1178
1154
4585
4585
4662
1091
4663
4938
4578
1099
4585
1102
1184
1176
4639
1182
4999
4640
4663
4999
1094
4998
4578
4569
4569
1099
1527
4583
4639
1469
1102
1177
1099
4572
4558
1469
1072
1080
4942
4940
4938
4582
4585
4639
4580
1084
4669
1094
4569
4560
1469
4664
1084
4662
4578
1177
4560
1176
4565
4662
1086
4558
4572
1184
1184
4565
1176
1072
1080
4560
1084
4569
4943
1091
1182
1082
4577
1072
1182
1176
4565
4668
1094
1073
4577
4560
4668
4566
4662
4669
4943
4664
1073
1182
1079
4572
4664
1177
1153
1180
1081
4999
4662
1086
1072
4662
1073
4640
4558
1469
1086
1527
1371
4664
4668
1151
1085
4569
4569
1058
4565
4558
1079
1469
4571
1181
4566
1181
4943
1073
4669
4572
4670
4640
1081
4640
1073
1179
4668
4943
1181
1073
4844
4669
1082
4560
1086
1074
4569
4567
1151
1072
4577
4577
4560
1073
1064
4665
4546
1151
1085
4559
1079
1179
4558
1086
4999
1073
4559
4557
4665
4566
1074
1064
1071
1082
4557
4567
4637
4571
4546
4996
1179
4670
4571
1151
4571
4665
4557
1181
4844
4666
1074
1064
1074
1183
1058
1527
1150
4844
4547
4670
1371
4571
4665
3475
4557
1180
1058
4559
4559
1085
4844
4843
1082
4571
1179
1525
1071
4557
1086
1179
4637
1180
6872
4570
1057
4546
4546
4567
1069
1181
1181
4547
4559
6872
1074
4996
4546
4571
1071
4559
1150
4670
3475
4665
4571
1066
1059
4557
4568
1181
4670
4568
1074
4545
4666
1068
1081
1150
4546
1071
1066
4670
3473
1062
1085
3474
4636
6871
1050
4547
4843
4995
4570
1062
6872
1059
1057
1081
1055
4546
1062
4559
4995
4570
1064
4547
6873
1056
1071
4557
1371
4557
1067
4667
1074
4995
4670
1069
1056
1060
4545
1058
4843
1068
4667
4541
6871
1069
1055
4636
4541
4667
4667
4544
4507
1064
1059
6873
1048
4556
1149
4995
4548
4542
1049
4540
1069
1055
1067
4551
1370
1370
4539
1524
4534
4501
4550
4540
4535
1048
4635
1062
1049
4507
4541
4552
4507
1050
4534
1053
4502
1048
4549
4502
4542
1524
4554
4995
1053
4534
4540
4550
4541
1051
1051
1017
1067
1049
1051
1051
4501
4535
4548
4539
1069
1060
4506
4552
1045
4501
1056
1370
4538
4550
4541
1016
4542
1070
4556
1051
1050
1017
4530
1048
1054
1063
1053
1054
1051
1523
4556
1063
4540
4635
4502
4540
1020
4499
4507
1020
4530
1048
4552
4538
1017
4533
4551
1045
4483
4556
4536
4994
4533
1054
1019
1020
4634
4540
1013
4635
1054
4506
1149
1052
1067
1017
4499
4537
996
4504
4502
4482
4500
4539
4539
4536
999
1013
4994
1051
4504
4499
1044
1015
1523
1523
4530
999
1053
4503
4530
1013
996
4482
4483
1054
1018
4533
1070
4555
1052
4482
1003
4533
4538
1044
1005
4533
1045
1011
1020
4536
4496
4538
4537
1019
1000
4496
1045
1147
4634
4634
4505
1014
4504
4555
1015
4483
4496
4498
1013
4537
4536
1003
4530
1000
4505
4503
4483
4634
1006
4498
1014
4993
1013
1010
996
1021
1003
1000
1018
1009
4533
999
1522
1003
1044
1003
1006
4496
4634
4530
4634
4486
4531
4486
1013
1009
4493
1010
4494
1047
4504
4993
1005
4505
1014
4494
1021
1011
4529
4487
4505
1045
4634
1003
1045
1000
996
4498
1522
4496
4634
4483
4486
1018
4498
1000
4531
1007
4492
4487
1014
4505
4498
4532
1018
1012
1012
1021
1015
1015
4529
4494
4992
4497
4485
1014
1147
1005
1002
4493
1001
4532
1047
4528
4531
4493
1021
997
4504
4658
4505
4497
4532
4992
4529
1046
4633
1046
1010
4498
4487
4485
998
1010
1008
4498
997
1001
4495
1047
4531
4489
4531
1010
1168
4532
4484
4492
1522
1047
1014
4493
4497
4633
4529
4488
1018
1008
4489
4528
1015
4658
1007
4992
4661
1047
997
4531
4489
4497
4488
1043
4633
1021
1004
4654
998
4497
4661
1043
1031
4489
1147
1010
4992
4529
1002
4528
4519
1021
1004
1042
1001
1172
1046
1168
1010
4519
1168
4654
1168
1042
1172
1040
4658
1173
4527
4519
4658
4516
1047
1030
4520
1148
1521
4516
4527
1040
4519
1008
4490
1002
4529
1034
1173
4529
1007
4488
1031
4516
1007
1172
4528
1030
1042
1031
1036
1147
4654
4495
4528
4519
1173
4520
4661
4514
4489
998
4659
4660
1172
4519
1035
1004
4495
4528
1173
1030
4527
1168
998
4661
4520
1040
4490
4529
1031
4659
4518
4491
4526
4516
1001
4521
4654
1037
1173
4516
4514
4991
4527
1030
1038
1172
1173
1031
4488
1041
1040
1173
1521
4512
4518
4632
1030
4523
1521
1172
1175
4514
4516
1036
1042
4518
1039
4520
4660
1001
1038
4660
4525
4520
1173
1030
1031
4991
1034
4514
4632
1174
1035
1031
4514
4517
4523
4515
1022
1171
1029
4518
4524
1041
4517
1036
1022
1029
4524
1041
4521
4630
1174
4517
4525
4659
1148
4518
4520
1037
1175
1520
1174
4524
4659
1023
4515
4514
4521
4522
1031
1036
4520
4517
1038
1030
4660
1031
4517
1175
1520
4513
1520
1146
1028
4517
4513
1027
1036
4656
1024
1033
4509
1039
1026
4443
4478
1023
4509
1029
1022
1033
1175
4659
1032
4660
4517
4523
4463
1027
1174
1032
1146
4659
4656
4657
4656
1186
4659
1025
4674
4508
4443
4655
1029
4660
1146
4513
1032
4630
4518
4508
1187
4990
1023
1036
4513
1171
1023
955
4632
1023
4463
4514
1175
4630
1025
4511
1027
4937
992
4990
4463
4508
4508
4463
4511
1027
4660
1144
4443
4442
1146
1144
1518
4674
1023
4517
1022
1169
4513
4477
992
1024
4508
1022
1033
976
1024
989
1170
4674
1171
4463
4630
4462
4937
1187
1187
4513
956
4510
956
1032
4511
4462
1025
980
4674
4673
1464
1464
1518
1186
4937
4466
4630
989
4937
4443
4655
4473
1187
982
4466
995
4469
1025
4673
4442
976
990
976
4473
980
4478
4990
1518
4657
4440
980
4673
4440
995
4656
4510
981
4462
4442
4630
4469
4462
4466
979
4462
4937
4462
1144
4990
992
984
955
1518
980
956
1144
4463
1186
4479
4478
4674
4464
956
1518
984
1186
4671
4672
4937
4478
977
4477
4510
1464
986
4937
1144
4477
982
990
983
6547
1464
4481
4478
1145
1186
979
4479
1464
4989
4631
995
4466
4440
1188
977
4672
1185
4477
4671
989
4479
977
1518
978
1145
4672
4440
1145
4472
4473
990
992
992
4441
4464
6547
6547
981
4469
4469
987
4473
4466
4510
4464
983
4631
4631
4474
4671
982
978
978
985
994
977
978
4989
4842
4465
956
1185
4465
1188
977
6547
957
994
4481
954
981
987
1188
1185
6547
4471
4672
978
1519
4930
4441
4464
4440
4472
4671
978
978
4464
4466
975
987
4468
4474
4433
957
991
6547
4468
978
1185
992
4480
959
948
985
4480
993
1145
977
1185
4441
4465
978
987
4631
983
978
4475
4434
4930
988
4481
4671
3126
4468
4842
994
983
993
991
3126
4433
985
1185
4464
4672
957
4480
977
4474
4440
4465
4464
994
4464
957
4474
1519
1145
4434
4628
4433
4468
4471
4467
4474
948
954
4434
3126
4446
975
4480
4445
4467
4471
983
4434
4475
4628
948
962
978
4471
988
4930
1458
1519
1458
4433
4438
4438
954
4439
4446
987
4453
4433
4434
4445
1458
977
1185
959
993
3126
975
4935
4931
948
4446
966
1519
957
4434
1369
4452
1463
973
4472
4842
4842
1369
4628
970
4446
4461
1142
4461
4461
973
948
966
4931
4439
1458
949
962
1458
4628
959
959
4434
4445
4453
4471
1456
1145
949
4446
4452
4930
948
1461
4471
962
1463
4931
951
4432
4438
949
1456
966
962
4446
4445
1369
4438
4445
969
4432
4842
952
948
4452
4432
1458
4445
4629
4434
4438
974
962
1142
4456
1369
1458
4841
952
4435
4932
1458
1369
1456
4453
4935
4628
4930
966
4435
4457
949
971
971
4452
969
4453
960
4436
967
4435
960
4932
947
4447
960
4446
4455
952
946
968
972
4445
946
4452
975
4461
4935
974
4459
1463
947
949
4936
4447
1460
972
4448
4461
959
4447
961
4935
1142
4436
4841
4841
961
4448
4934
1457
4447
971
4435
4438
1368
4929
4447
946
4931
4933
4437
4437
4435
1462
4841
1368
953
4457
1368
952
4460
4435
967
967
1460
947
1459
4454
1456
4432
946
968
4454
4933
4934
4456
4432
4936
1459
4436
946
4455
968
1368
967
1143
1459
4448
4436
4629
4455
947
1457
953
4435
960
4398
947
972
974
4435
1462
4447
4458
4455
4437
961
946
960
4929
1462
4436
4841
4447
946
4454
4933
971
967
967
1143
4432
4432
4841
974
961
4460
1457
4933
4447
4448
4432
4459
4839
974
4448
1457
1460
961
4397
953
4398
908
4460
907
4447
4934
4435
4629
1460
900
4934
4398
904
958
4392
904
4455
950
4435
4450
905
968
968
947
908
4392
4432
907
904
1368
4935
904
953
4460
4458
4839
1366
1366
4933
967
4398
967
4934
4394
967
4393
904
950
900
950
4933
4447
4839
4448
958
1459
4927
908
4444
4393
1457
4933
4422
4450
935
4447
4460
907
4450
968
963
4423
4422
910
4392
4361
958
4933
906
4392
4422
4393
4386
958
911
1462
4388
899
4392
4444
4423
958
4927
4394
4398
899
910
4386
907
4839
1366
907
1454
908
4394
1367
4422
4394
4398
4386
907
911
4393
906
905
4422
908
908
4388
902
1457
4839
908
4391
4396
4927
967
4458
4397
4444
4449
4389
4387
4393
4386
4388
4389
965
935
907
904
909
4927
4392
4392
899
4839
905
4450
936
4392
4422
4394
4362
850
1454
4423
4387
4393
874
878
958
907
905
4392
900
4393
4386
4387
4423
936
899
4393
900
963
1367
4361
1367
852
4422
4392
850
4836
4394
900
4396
875
4392
4450
875
4361
4836
4362
935
4388
903
4386
4389
908
4422
4444
935
4387
853
4391
1367
1360
936
4386
936
849
4709
909
900
4359
909
4392
4449
1367
4362
965
1360
4359
4421
900
875
850
4392
4361
4391
4361
912
903
852
878
4396
912
875
4396
875
1367
937
4420
901
4840
4361
849
849
899
934
912
874
4392
4444
4421
4840
4421
850
4391
850
4391
964
4836
849
4420
4337
852
964
4420
4709
937
875
1367
4758
4389
878
4359
878
4451
4709
875
874
4362
4421
849
934
4395
4361
937
4362
4385
934
4361
853
4362
934
4840
4338
898
4337
1225
4449
4337
4362
4359
849
903
4384
4384
4359
934
4361
875
945
4391
4421
852
849
1367
4709
878
876
4338
4337
4390
4758
1360
873
903
1360
4361
4390
898
851
4359
4362
876
878
4359
4362
1225
4421
4360
898
4384
4390
937
875
4359
4420
934
1500
4420
855
4385
873
877
848
4361
4420
934
4385
4387
4359
853
4708
4625
4835
851
4385
4949
877
851
4364
4337
4708
4384
1275
901
4363
4359
1228
4390
1275
875
1361
1500
1500
4361
4626
876
934
4336
1140
4337
4835
4972
934
848
4336
4364
873
4338
4338
4359
4385
4972
4627
945
848
4926
4364
1163
945
4364
848
4627
4363
4337
4384
4341
901
934
4431
877
877
876
934
4362
4758
1140
4364
4627
4336
876
4627
851
851
4364
945
4837
854
934
4337
1231
4337
4363
4359
4627
4360
1361
901
876
848
898
873
1139
4363
4360
4364
4627
1500
4385
4837
4627
934
4384
1231
1226
855
876
4926
6557
4360
876
876
4334
4364
1476
1229
873
1231
4625
877
4624
1231
4384
4340
1139
4363
1230
877
4337
877
4358
1479
871
4837
4971
4624
4340
4339
4972
4339
4338
4431
4364
1228
4336
4364
901
1160
877
4364
854
6548
1163
4337
4334
851
4385
4336
901
4384
4649
4360
1227
4340
4625
1227
854
4363
1501
1476
1141
1362
1502
4925
1502
4624
4363
1160
1139
4360
4364
873
4364
4335
4360
4974
1161
6548
877
1229
1476
1263
4714
4714
4358
4837
4322
872
1479
4340
1231
4837
1229
4971
4926
4758
1226
4334
872
4364
4431
4357
4334
4987
834
945
4360
1502
1479
1477
1230
1139
4973
4340
4624
1231
4837
1479
871
1264
834
877
4974
4714
945
4649
6548
1139
4364
6549
871
1230
4357
1502
4431
4363
1452
872
1139
1229
4759
1263
4358
4339
4973
1166
834
835
4714
4987
1477
1453
4360
4339
4339
877
1452
4759
834
871
1141
871
6556
835
881
4950
4358
1264
1502
1160
6549
834
4974
1477
1479
1502
1161
4973
871
4974
4335
1515
1501
871
4759
1479
4366
1165
4322
1540
835
4357
4357
835
4321
1479
1517
1263
1229
871
4747
1323
6878
1502
3127
1229
836
4974
4358
4974
4334
1229
840
4366
4360
6549
4706
1502
4950
1540
4431
1501
4358
3127
833
1540
4746
1264
840
3173
3480
3480
839
6506
3127
4325
4325
4712
836
1323
1229
833
4952
4324
840
1540
5005
4335
1502
3135
1540
839
3171
4325
1517
1160
4653
4321
4974
881
4322
882
3082
6506
4324
1264
4950
4950
836
4335
4707
838
1501
4334
4974
4325
4323
4325
1165
1166
3082
1478
840
4325
4950
4324
4650
1229
1478
1165
1278
4759
1264
1277
4653
4326
6878
3088
833
838
4321
836
1540
4323
4402
4760
836
4712
4747
4653
4323
1165
1322
4950
4335
4322
4974
1541
1211
1165
1167
885
4950
1264
1264
4746
1263
1481
1323
882
838
1210
4746
4952
4320
4950
4320
6878
3090
3082
4320
6878
4323
4365
1167
4326
1481
4759
4326
4712
1165
6508
4326
914
3480
4326
6556
4713
4950
1541
1478
6556
4653
3090
4712
885
3480
885
1541
3088
882
1264
1323
4366
4400
4370
1323
1323
837
885
6556
1209
4694
1322
4366
4402
4326
3090
4712
1322
3090
3081
3082
3135
4365
3088
1165
4712
4319
1165
6874
4370
4370
879
913
1481
6878
4803
4951
4371
4320
1322
4951
1478
4319
4713
6878
4712
3130
885
913
4399
3090
1478
885
4401
6513
882
4694
4370
3083
6563
4370
4974
1264
4320
1322
3480
3130
879
6506
4746
4713
3090
3476
886
1209
913
879
1208
6506
4974
4370
3103
3090
1323
6566
3083
3103
3090
4371
4399
3476
4712
882
4370
4970
3149
3088
915
3134
3088
1277
4970
4746
885
4803
6513
3083
884
4746
886
1323
4803
4402
886
6513
1208
4694
6556
6874
3135
886
3081
3135
1322
6513
4951
6513
4746
4951
3089
6513
1323
6565
6512
4951
4970
6874
6878
3129
4970
883
3089
879
4970
1208
4802
4970
4746
882
6512
3083
882
882
3131
4369
882
4372
4951
4803
3134
3103
884
6564
3097
1277
3482
4372
3129
883
4951
3149
3083
1323
1322
4400
3131
4802
3089
1447
4984
6512
1513
4970
3096
4400
4802
4746
3096
3131
883
3149
913
6512
1498
4372
915
3476
1447
6512
4985
6874
4400
915
3134
3134
913
4951
913
4369
6508
4970
3134
6514
4803
3482
1513
4399
4372
4970
3482
6505
4349
6505
1513
3141
3097
3143
4951
6514
6555
3084
1498
4692
3134
3482
4951
1513
6512
1498
4970
3089
4970
1498
4802
1455
4369
4372
3142
3141
4984
3143
6514
4350
3140
6512
6874
6507
3089
1498
6874
4802
6550
1455
4802
1340
3129
4692
6562
3134
1277
4691
1498
6514
1447
4951
6514
3106
3085
4349
3094
3141
1513
1498
3476
3104
4399
6521
1498
1498
1498
3143
913
3106
6507
6514
3142
3134
6520
4984
4951
4692
3094
1277
4692
1447
1513
6555
3105
3105
4369
4951
6561
4986
866
1448
4400
3137
6520
3104
863
3129
3511
6561
913
4985
913
6521
1498
6550
4692
4399
4802
916
6562
4349
3134
3085
1498
6514
6520
4802
3134
913
1498
916
4985
6517
4984
3120
1498
4802
1513
6518
4985
4802
6505
4692
3119
6551
1455
3118
6521
6550
824
6550
3137
913
1513
6006
3476
6562
6006
5913
5924
6561
863
1447
3141
1455
3104
5913
4351
1448
1206
4985
4691
6032
5992
3137
6018
5869
4924
4691
4691
5988
4692
913
4691
6033
6517
6031
1451
4924
6018
1205
5998
1206
5993
4985
5897
5879
933
6015
4691
6551
6561
3138
4986
5916
4419
3085
5992
1455
1447
3106
5879
6108
6031
5879
933
4985
6551
864
933
4984
5879
5897
6015
4921
3119
913
3138
6520
4691
5870
5992
4691
5869
5993
1513
3118
5996
3105
4352
6521
4691
1512
1514
4693
5986
3134
6542
1206
4924
5978
6028
4352
4354
4691
5995
5814
6529
6561
4693
6108
5978
865
4985
5916
1206
3117
5978
3137
4928
5992
6528
5986
6528
5871
6542
6026
4691
6134
6519
5939
4351
824
4691
6158
4691
1513
5871
5868
1205
5783
1205
5828
3139
4419
1808
6518
5916
3085
6528
4924
5904
4354
5814
3120
1513
6561
4920
5995
3139
5995
6518
4985
6111
824
6134
5780
6550
3119
6551
4924
4928
1512
1451
865
1205
1205
5267
5827
4691
6026
4924
5783
5860
6541
6158
5860
5810
6519
4419
811
5970
5939
5866
3120
5267
5267
6542
1206
5263
4419
4920
5970
4921
6137
1512
5792
6099
5267
4985
5263
5807
824
5792
5267
1205
4352
3137
5965
6527
5970
5780
1448
5807
5820
4351
3085
5937
4691
3086
6527
870
5807
6542
6540
1514
865
3121
5807
6111
5937
5828
1807
1805
3116
5941
5266
4419
5820
4354
1451
5763
4924
5807
4924
5766
5868
6099
6541
5820
5807
4928
1247
1205
5785
5269
5937
6099
3109
3092
1206
1512
5871
6137
4354
5820
5772
5267
810
5828
933
5267
3117
5267
5871
5772
1247
5766
5938
5871
1514
4928
824
5764
6147
5827
3092
811
5807
5763
5264
5766
4924
1807
4354
5772
5269
5807
5766
5937
5266
5851
4354
4921
5269
4298
1205
1805
5937
6560
5266
5851
1247
5268
6091
870
5941
1512
5941
1805
5820
5868
6540
1805
6147
5941
5490
1804
6568
6527
6097
5785
5764
1248
933
6558
2361
5772
3153
2770
5490
2763
5941
6541
4354
5851
5822
3109
6568
4353
6542
2360
5268
4924
824
5822
5264
810
5264
2359
5937
2361
2766
6097
5264
2388
2388
5838
5803
1803
5942
2361
933
4297
2379
6558
5758
6091
6048
2360
4928
5820
3110
5502
5851
6541
5937
5829
6223
2358
1247
5851
6049
2360
6561
3092
5766
867
3086
1800
5744
5263
2360
2400
2766
5803
5490
6570
5941
4311
6558
2388
5829
5976
5976
2752
5822
4419
5965
2379
6568
6385
5851
5490
5263
6510
5822
6569
4924
2349
5955
5266
4354
5947
5829
4920
1451
2378
6568
3110
6093
5744
5942
811
5502
3086
2764
5803
2358
6568
870
6049
2747
2349
6051
1804
2768
5851
1451
3109
5490
5490
3154
5529
6049
3154
2498
5942
5947
3121
824
6385
2361
5734
5849
4298
3153
6567
5490
5265
824
4298
2388
6559
870
5803
5829
2388
5955
1247
5838
2472
1512
5955
3111
5838
5491
3504
1803
3154
4731
2764
2498
3092
4355
2463
2498
2498
2331
6052
5619
6560
5529
2566
5529
5941
1800
6385
2415
6052
4354
5723
4353
5851
2923
5851
5265
1803
2472
6558
2720
2388
5265
2353
6052
4730
2515
867
6568
5948
2388
6223
2044
2765
4730
6065
2516
2410
6385
2566
3086
810
3109
2555
5491
5500
2498
810
6382
2187
841
1802
4311
4353
6540
5666
6223
6052
6223
4731
2498
5529
2373
4298
2353
4353
5585
2765
5942
6567
6065
2923
2388
6053
6567
2555
2373
6223
5942
6560
2187
5502
5849
810
6567
5500
1803
2415
6206
3087
2463
5502
6065
2628
3154
2388
867
1800
5619
870
6042
4353
2735
6558
2044
6381
6223
6559
1802
5723
5944
2735
6567
4297
2734
6177
2503
6383
5265
5723
4920
6054
2161
6567
2323
2419
3110
6560
2734
2187
2188
2640
5833
2671
5951
841
2312
2734
2724
6531
6177
3156
5589
6223
1802
5619
2029
844
2628
5585
5265
938
5625
5591
2380
2720
6077
1800
6383
2515
2472
3087
4311
2628
6510
2571
6382
3107
2300
6215
2743
2044
2300
868
6559
5723
6516
2724
2410
6219
2640
2410
6077
3151
2713
5862
5625
2724
2417
5585
2628
2312
6574
6574
6381
2161
2373
6053
5502
808
2743
6381
3504
2373
1802
5596
6060
5589
2273
5655
5751
5262
2380
5589
6567
5723
4327
869
6077
2029
5262
1802
6558
2724
2671
2161
5944
861
869
860
2059
4347
938
4299
2188
6177
938
6385
809
5625
6380
2059
6219
5519
3091
6077
2409
2163
2521
5723
2521
4731
1801
2273
6177
809
4299
2713
6567
2161
3087
6060
2502
2297
2123
6516
2617
2297
2524
4344
844
4356
2674
5585
6215
5585
5751
4298
2163
2713
6516
844
6206
5753
869
6380
2290
3504
6056
5262
4327
5625
2724
6219
3151
5536
868
861
2284
5261
3107
2676
3087
6574
1802
4297
2536
1801
2583
2617
2403
2163
2518
1801
6218
1800
2408
2273
6381
5586
3091
6218
2290
2142
3111
5676
5676
5723
4731
2755
842
4348
6381
2123
6217
6532
2490
6381
2716
6558
6539
2166
5586
5536
809
3107
2712
6185
5517
2075
2709
5595
860
2625
1798
6218
1770
2409
2362
2926
2490
1801
2047
6380
3485
2633
6380
2713
5676
2709
2755
4348
2518
1801
2674
808
2921
2712
4327
2362
5517
860
5261
4344
6509
6516
6199
2514
3087
844
6574
6380
2713
4424
6185
2490
5536
2284
2407
2046
2517
841
5655
2166
3111
2712
2518
5595
6531
4424
6509
2047
3152
6380
6509
2124
2716
6218
6539
1801
4344
6218
6531
5636
2409
2409
2362
6532
2647
2408
2290
5723
1801
2169
1798
2362
2703
4690
2124
1770
5515
4297
2704
6179
2608
1801
2709
6056
2634
5595
4344
2653
1204
1801
809
2705
5515
6179
5596
2705
2518
2047
4347
2514
2133
2272
2716
3157
2382
6174
2075
6574
5596
1995
5261
2409
2056
3114
2921
2709
6509
817
816
2478
5579
5506
2518
2624
4327
2705
2514
2362
6163
843
5545
5506
2703
2056
1994
861
3157
842
4343
2709
869
4347
6516
2409
2634
6387
857
843
6163
5753
2369
2704
2192
3114
5262
859
2653
5509
5262
2154
2362
6380
3157
2139
2625
3157
3485
6531
2192
6171
2478
5636
4346
6162
6380
5511
4345
2409
2362
857
843
2704
2289
4343
6171
6509
5636
2369
2407
1769
5506
2369
4344
857
4297
5545
1994
4344
6162
4346
4299
817
1994
2397
3087
6174
869
2625
5595
2366
2482
2624
842
2154
2482
2482
1204
2139
3157
817
859
1798
4343
4328
2922
1769
816
6387
5525
2708
5636
6533
6516
4424
4328
2704
4424
1797
6535
816
859
2409
2408
6533
4344
938
1798
4343
2704
3113
1799
4296
6573
2179
5516
5516
862
4345
2624
1990
3112
2289
2391
4343
2475
862
1996
6509
1799
1204
4344
2254
6530
6515
2251
1798
6387
4346
6163
2251
4814
5511
3159
6171
3114
1990
6387
2137
2117
1798
4347
1799
2475
2289
4299
4296
1797
5261
2117
2050
2927
1991
6573
816
6509
4343
5545
5579
1795
4343
858
5596
2366
2482
6163
1338
5635
5511
4923
2708
4344
6163
1799
1787
4343
2042
5579
2117
2771
2254
4346
5636
858
2366
2279
843
2366
4345
1790
2276
2137
6386
4342
6387
3159
1798
817
4168
817
5750
2289
6535
5261
4346
5443
3113
1338
1338
6163
2629
2391
2922
857
1797
2475
4346
842
5259
6386
5446
2254
5461
4814
2050
4424
2629
862
2475
4299
5462
1799
6573
4346
2708
6511
5464
862
4343
2042
4342
1797
4329
4923
4345
5597
5606
4405
856
6387
6240
5463
5457
4342
1798
6386
2254
856
1991
5576
2254
2366
1787
4330
4168
4346
2237
3158
2289
3113
3112
2251
843
5462
6386
4304
1769
5443
5576
2279
6515
5452
816
5250
4168
1798
4342
2629
5539
5259
4342
2251
2475
2254
5457
1338
6571
921
3158
6571
2254
4346
2251
3159
4342
6511
6240
2076
4923
3158
857
1795
4405
4296
3158
2779
921
2254
4296
862
1797
1985
2076
2005
2237
4813
3114
2226
2135
858
4405
2771
2077
4342
2927
5444
5452
4923
5638
2289
4299
2251
4168
5661
3112
3155
4342
4299
6571
4923
6535
2289
1790
5686
6386
4404
4342
6530
1787
5558
4923
5710
1792
4168
6537
3155
5460
2095
4403
4329
1985
3501
2005
6386
5747
5633
5259
4330
1337
6386
2226
5558
2254
858
2077
3100
4403
4813
2005
4923
2251
5472
856
2254
917
6535
856
3158
1795
5606
2003
2135
917
2063
4329
4923
1449
2253
6386
6537
5633
4342
5450
2254
4406
1985
5472
2775
6386
6571
5683
2213
1789
5444
4168
5539
2237
5259
680
5675
5558
3115
4404
4342
5747
4923
6571
3501
1337
4403
4167
2062
680
1795
3155
5654
1988
5673
5444
5632
5749
680
3100
2775
4304
6523
2225
6386
6386
5251
917
1788
4168
4406
2008
5250
4342
3122
2253
4305
3115
2928
2222
3158
1449
5555
5259
4813
2779
2095
3155
4404
1792
856
6386
6571
2253
5701
3115
2232
3501
1986
6537
918
4407
3102
2222
4167
1792
2232
4406
2286
4922
6536
6571
1788
5555
6386
5259
1989
2003
2213
4329
2925
1792
6386
680
5693
6536
4152
5558
5257
4407
6386
5693
6571
2062
6534
5235
2213
5251
918
5685
5647
4403
3160
5555
2095
4330
1796
1986
1794
4403
2240
1796
5447
5486
5259
5749
5256
2265
5719
2928
2928
2023
4406
2240
6524
3099
6534
1789
2775
6386
5701
1786
4305
917
5673
5250
1768
2177
2286
6571
5632
6571
2211
5661
1788
2925
4407
5257
3102
6543
3122
2253
3124
2266
4407
5654
4922
917
680
5719
6571
4152
5726
2224
679
5726
920
1796
4922
6384
5260
1789
4407
2265
4152
2211
919
2910
2225
4167
1794
1796
917
4406
5256
5257
2224
1450
2071
4407
5257
6384
2257
5259
2022
1450
2257
6543
1786
5257
1792
5647
5726
4406
920
4403
6524
2071
2171
5478
1794
5260
5583
2211
2266
4809
4152
4923
2023
1792
5249
5235
6384
920
2256
1789
666
2256
4167
4922
2227
663
3098
4922
679
5685
4167
5486
2198
5482
1794
5662
6379
6538
3101
2224
3502
3124
2024
2256
5663
5726
940
5260
2240
679
1789
5478
1336
5253
2224
4152
5258
3099
2024
1791
6526
6384
2913
3101
6538
4407
2211
5252
2071
5482
920
5257
5583
2910
2193
2185
5253
5260
6544
5252
3098
4151
6522
5662
2228
2018
6543
6538
1768
919
4151
5659
940
5659
2198
2193
4167
5256
2920
2916
4194
4194
5256
2241
6526
2185
5550
4821
2019
940
2910
2919
5663
2015
4152
1789
4426
1793
4151
1791
663
5482
706
1333
2228
666
2920
4194
5494
847
5663
2183
5253
2015
2019
2912
919
2230
1793
2093
1784
663
4194
6379
5528
1781
5479
2910
6379
4194
4821
4151
2032
663
5644
2918
4194
5258
3123
6379
706
1333
5559
847
666
2035
4426
2917
2018
2073
4810
2919
847
5550
6538
2019
6379
2235
6538
4194
6379
2088
847
4822
1784
2027
5691
5252
4151
5566
6544
1336
1781
5254
5691
2202
6526
4151
5252
4809
5482
939
5671
6522
920
5691
6376
5521
6526
6522
6379
6379
4152
3123
5563
5521
2208
2912
847
666
2918
3502
2113
4426
2911
2231
1784
5671
847
2183
658
5258
2280
4333
2067
5255
663
4151
5254
6544
2111
4194
5572
2230
663
6379
6370
847
2917
4821
2916
1345
658
5254
2912
5569
4425
6376
2017
5482
3123
1781
6525
2017
4152
6525
2918
6376
1785
847
2911
5248
2912
939
831
3123
6522
4425
6369
5668
5574
6379
6544
5390
6370
5561
1784
2280
939
5610
4166
4425
5255
5572
4809
1346
2916
2231
4810
5254
3505
4821
6544
2104
847
5669
6376
5569
5568
4144
5691
1782
6525
2912
4333
1780
1785
6525
2032
663
1333
5574
2027
2919
6369
5390
5248
2035
2111
2911
6376
2208
6544
2231
1345
6370
5566
3123
2824
1336
3123
2912
6378
2067
1783
4812
4333
4143
4822
2113
2918
6378
5385
6377
2242
6545
1783
6545
5391
2110
2231
6376
5254
4821
939
5397
3505
2231
6545
655
6370
4318
5247
1785
5248
5574
5389
2918
677
4144
658
4153
2207
1971
5705
2207
3477
2929
1780
5432
4144
6375
6372
846
6375
2104
5670
6378
831
664
2106
4811
887
4318
5384
5706
5248
6372
3022
1483
832
4166
5395
6545
2930
1780
1783
2109
2109
4822
5432
4812
5670
5569
1335
5395
6371
5394
657
5247
5247
3022
3510
4144
2245
4144
658
6377
3022
1346
5400
5248
6545
2106
678
6378
846
2106
2918
655
2207
4812
1927
2824
4165
887
5406
1783
6372
6390
4332
4153
3022
846
2104
801
4154
677
678
664
4822
5387
5610
1928
5246
803
5405
5389
5706
6371
4811
5389
4317
2929
1335
4144
5395
4317
1920
3510
4143
4332
846
1931
2287
657
5394
889
5431
1920
1962
4332
5388
4146
5391
2824
2915
2287
678
1931
6389
1482
4374
1926
3510
5394
6372
4812
2931
3477
2245
6285
4154
4145
801
4331
2287
6875
5395
6285
721
4812
5245
1929
4165
3510
1962
802
1971
5392
5431
655
677
6389
677
2109
4812
888
5406
4122
5404
631
5388
4374
1935
5404
1980
1483
1334
1482
4410
5386
4317
4317
1926
4332
3023
3510
5400
4331
1335
5403
4145
6875
3477
3022
2824
4954
1482
5400
802
1957
5245
6374
1929
1950
656
4812
4812
4145
5418
5386
4375
4332
4146
4811
4955
2287
6374
5396
4410
5383
656
4811
634
1929
5418
5411
4317
1334
1935
5424
2832
4331
1483
1945
802
1963
2914
1919
3477
632
802
4807
1935
5396
802
5425
2915
5393
2914
4122
5396
1937
889
4373
5393
1328
4146
4121
1976
5403
6388
2931
4411
2824
631
4289
1482
3479
2833
5414
1919
5383
1980
1980
4807
5424
4954
1943
923
4122
1922
1941
4807
5417
633
800
5426
1951
4410
1956
656
2833
4332
4291
6294
4411
891
4807
2915
5402
4807
5402
5426
4410
5436
800
6294
1937
1937
3479
4375
5417
4411
1327
4121
5437
4807
1327
3479
4411
634
3020
923
4290
5404
1919
1325
2831
6388
5424
2832
4119
3019
3023
5412
4411
5416
4291
4121
1327
6373
5418
5425
656
1327
1951
4119
6374
5418
1327
1325
4289
721
4807
1968
890
6294
922
4955
634
5380
5422
1957
802
5412
5410
1932
4373
4291
4955
922
3023
634
1941
1956
4285
3479
5437
1943
925
6877
1327
4119
5440
2833
4804
5416
1325
1950
2833
1958
1955
6294
1966
5429
1951
4807
4209
1329
6546
4408
5381
1485
4376
800
1922
6373
4209
6877
6388
797
5433
5419
891
1955
1978
3019
4209
4285
5433
2833
4209
1324
5430
5423
1948
2837
4285
5429
4804
5057
4408
4286
6474
1325
6292
1327
634
5056
3503
5426
1486
1956
722
925
5419
4375
1947
2831
5437
5439
890
1325
4806
4805
4285
5415
922
4120
3503
4119
5410
1955
1972
1493
1968
1950
5415
926
6292
1329
4209
4408
5439
5416
1589
4958
5423
3020
1326
6546
5220
634
1493
1329
3503
4285
1587
1485
4286
5440
4376
2831
1966
5409
3478
6475
722
1486
1978
5027
6295
1955
6310
4804
1978
5052
1587
5436
6877
2831
1324
4210
4285
1589
1557
1589
4804
2837
6546
800
6310
1487
4120
4806
3019
6474
5058
1557
4805
5025
4287
4959
5057
5057
4286
3019
5211
1975
4959
926
5439
4287
2837
4287
1979
2831
5197
5211
6296
4409
4964
3478
1742
1583
927
722
1972
1751
722
2830
6876
1489
926
798
5163
1969
1948
2849
797
1975
6310
5163
5408
1490
4958
5059
1751
5024
4210
5025
4965
926
3512
1487
1587
5059
1484
6475
1587
2830
1557
4804
6295
1954
5027
5059
5438
1489
5159
2846
5060
6310
3503
3020
2831
1252
5055
4964
2830
6295
6290
1490
6296
2846
5025
1557
6310
1487
1586
1587
5022
4733
4958
1490
1190
1252
1978
1967
5196
4210
1249
5159
1588
4287
1492
3503
3021
5055
4959
6310
618
1555
1954
2834
1949
5022
5021
5196
5049
1979
6474
1554
3481
2847
5408
5049
5438
5055
2830
6876
1490
1588
2835
4732
5438
1203
5408
3481
4965
1593
5022
1969
4964
1949
2846
5160
4412
1751
5033
617
6295
4675
4965
1189
1727
4288
5054
6290
1552
3021
6293
5021
1202
1557
5028
6293
1492
5019
5060
3024
6310
5023
3481
1492
5196
5023
5022
1488
618
5061
1742
1489
1189
4413
3481
2847
5442
1427
5066
1691
617
5442
1203
1590
2829
4412
4675
1249
5028
1252
6290
1590
5049
6293
5196
1584
1203
1267
5199
1427
3021
1491
1548
5030
1559
6310
1555
3481
5159
4963
616
5199
1555
2829
6295
6290
1981
1203
2836
1552
1488
6307
4413
1203
5031
1251
4962
1588
6297
4956
5048
5199
6290
5019
4412
618
5023
5066
1582
1266
6297
4675
5160
1266
1488
1549
5019
4963
3021
5161
4733
5161
5033
1981
6298
1202
4732
1556
5199
5066
5054
5033
1977
4956
1981
1727
1554
5048
4688
3481
5158
4688
1331
1727
1727
5198
5062
4412
929
1558
5199
6297
1331
1491
5160
1251
615
4957
3021
1559
4956
1556
4751
2825
6473
929
1552
2835
1491
1977
4413
4734
4676
4733
3481
4962
1582
3481
1727
6297
6307
1691
5162
6298
2848
4751
5199
1488
5050
5065
5066
6473
1266
4963
5031
1267
4957
6298
4413
5199
1202
5156
1553
6291
928
2836
1553
2840
1585
1549
5030
2847
4734
4962
4960
5033
1553
659
5062
1556
1730
4689
4105
615
1265
4735
660
2841
2841
1691
2884
4676
5069
5199
5155
942
2835
5063
1592
4675
5198
659
5158
4751
5162
615
5033
3025
5017
1977
2848
4687
928
4104
1265
4751
4687
4960
5050
4751
1585
5198
5050
5069
5192
5041
3025
1730
4751
1268
5065
5192
659
942
2838
1584
1548
5063
6879
1581
6308
1497
1582
6300
5161
1561
1581
5198
2825
1562
5080
6335
1687
1494
5068
5198
5198
5079
4735
5070
5041
615
1693
1553
4750
1591
2842
5198
660
1693
6299
5063
5069
2884
6286
1727
1690
1595
2840
5155
5162
5079
1250
5051
2841
5070
5050
4689
1547
5198
1268
620
1265
1494
2841
1584
5064
929
6286
1494
2852
6309
1330
4961
620
659
1250
2838
1592
4960
1201
4734
4960
1551
6335
2841
5075
1729
6300
1349
1688
4689
4900
1596
1497
928
1596
6343
5155
5075
1550
942
1330
928
1690
5192
5079
1595
4967
621
1562
929
4103
5078
4106
1729
5081
5069
1729
5212
1759
5198
5041
2841
1690
1596
6299
929
5063
5068
4750
1722
942
1596
4416
620
5069
1551
4414
4734
1758
1550
5198
3174
4103
4900
1687
2843
1562
4966
5076
6288
1580
5070
4749
941
1581
1722
1561
5043
2839
4825
6286
2826
4689
4689
1610
659
3174
661
1596
6335
4961
6286
4748
1610
5075
1591
5082
2842
5078
1193
4416
693
6288
6288
5378
1602
4416
6289
1594
5040
941
929
1605
5064
5071
2842
5042
1561
5076
5075
5081
1602
691
1729
1596
5077
1610
1349
941
2828
4689
6309
1547
5082
5038
4750
5082
620
1576
2828
6286
3174
2842
1608
1551
619
619
6343
5068
6301
1193
4966
6343
3080
1496
4150
4961
1688
5043
5078
1608
2828
4968
6299
4414
693
1610
1608
6335
5082
5081
1602
5068
4825
1608
1270
3174
5072
621
5080
6288
619
5038
6301
4147
5212
1496
6301
693
5076
2843
930
1573
2827
5378
1597
5044
5067
6289
4966
1606
5226
1601
1193
654
5194
1743
5035
661
941
654
6313
5078
1609
5073
1743
5038
4414
1723
621
1610
5082
4148
4825
5095
5379
4416
5214
1613
5096
1495
5034
1613
1270
4825
4825
5374
1606
1192
766
5045
2874
1270
5035
619
3174
766
5045
5374
1602
601
5038
4254
3078
796
1597
796
671
5067
6313
5376
941
5193
6299
1194
619
1576
1601
4825
5194
622
5035
4749
5376
1269
1212
6287
4415
769
4148
5214
1605
2874
1598
6302
1757
5377
1611
4149
1612
5214
5076
4149
5193
6302
4428
3174
5038
5379
1194
1757
5377
5193
4825
6289
1601
5099
930
5034
5039
1609
1611
2843
1608
5226
1573
693
4749
5373
5213
5165
1611
5095
5098
1495
1723
654
5193
1349
1630
5100
1917
1576
5226
4179
4415
5379
3174
1613
1608
1576
5376
1757
4968
5214
6313
6302
1602
5165
1191
6287
5096
692
5374
5376
2845
5134
4254
769
5037
4255
1725
1495
4255
4428
6288
5373
1269
1572
5036
1612
1192
4825
4825
1191
647
1572
1195
622
601
5133
1666
3017
1568
601
5096
4142
5132
1725
795
1757
769
4695
5039
4968
2872
5098
622
5153
5118
599
4966
5375
5086
2845
1269
1426
1195
1598
1421
4695
1605
4142
5099
5132
5135
1565
2874
5086
1568
1731
5046
4149
5164
5100
1915
1574
1725
5096
1607
1575
4254
1195
1612
5135
4427
1569
4969
1744
5046
5164
5047
647
4255
4284
5226
5100
648
5116
5373
5085
2871
5118
5373
5094
5094
4176
723
1575
4176
5086
6332
5085
4180
1191
4179
4088
6304
1918
1495
5221
599
1568
769
6302
1421
4109
4695
5201
5086
1725
1648
5373
1574
2845
4109
5202
796
1607
944
5131
6304
5153
1651
648
3018
5096
1918
688
5131
647
1213
4679
1197
5104
944
5226
1572
1666
692
5093
1195
5047
1695
5047
2872
5094
5085
6332
1629
4284
4256
1914
5164
4179
1915
1426
5373
5375
5121
5202
1578
5083
1630
5103
4173
648
1651
3018
1918
2851
599
5222
1630
1196
5107
5096
5105
5221
1271
5201
5226
1195
4089
5094
4088
4427
5107
1914
1625
4107
4107
2845
1604
1630
1271
6305
1213
692
1654
3018
1424
5103
4284
1731
5093
5097
1724
5083
1574
726
2845
5104
4679
646
5154
643
1695
5217
1615
5107
4256
1197
5093
895
1567
1578
3042
1649
5105
5203
4175
5222
944
1650
5104
3045
4158
5148
1914
6305
5114
1625
3044
688
6332
1615
1631
4696
5171
5216
1629
4753
5083
5217
5085
5107
5113
1615
4108
3077
1567
5170
5107
5216
2844
1654
1577
1918
1630
5106
5121
737
4160
5113
4427
1678
1197
723
5169
4427
1424
6306
5206
767
1678
1578
1197
5170
1630
4158
5101
5142
5218
4107
5088
2871
5087
768
1646
1629
1749
1198
4284
5101
4173
5106
1724
4090
5215
4738
5144
724
646
5102
5127
4174
1731
4677
5107
1213
6304
5215
5107
1726
5113
5137
893
4211
1726
1677
1731
5143
4895
4108
5084
5148
4136
1604
4738
1627
1678
768
1708
1708
1631
4256
646
4427
737
4175
4752
894
4738
5083
5138
5224
5222
1626
4898
5102
5171
1913
1350
1627
1726
4090
5084
5088
1677
1578
725
1915
5170
1198
895
3041
1631
723
688
1631
1676
1636
1616
5143
1197
5130
1197
5142
4696
1577
4379
4256
5130
3045
1915
2851
768
5144
5127
4256
1638
645
6490
892
1726
5088
1625
4157
5126
6312
5204
4174
3506
1423
5169
3043
5147
4898
4741
5084
1577
5224
1679
1628
3026
5140
4379
1679
767
3507
645
5222
5128
4741
4754
5187
1628
1625
5145
5126
611
4681
611
5174
4212
611
5088
5101
5222
3014
1638
5187
737
1198
4898
1636
4859
4896
4696
3018
724
1717
1629
1396
1912
1679
1423
1627
1717
3041
5092
4257
5144
1641
5138
1624
1641
1624
1662
4100
4826
5204
1352
1663
5172
5147
1679
1764
4379
5187
4212
5123
5147
1676
5140
4870
3026
1628
1685
3064
1631
1628
6490
4212
1636
4859
4100
4157
1618
4696
4136
6490
1256
4211
3035
2851
645
3031
6312
6488
893
2850
1198
644
4896
3506
6491
1198
6312
4131
1753
627
1662
4858
1675
765
5372
5207
3040
4871
1634
644
4870
5139
3026
1702
5172
5129
4826
6311
5178
765
5136
5144
630
1764
1256
4739
4715
3506
5208
1657
3035
1717
5168
4116
1736
894
627
5123
1396
5174
892
1717
1734
4827
1764
5177
5091
1423
4754
1350
2850
1640
4378
1764
1703
1645
6491
6488
894
3040
1624
4715
6499
4683
4099
724
644
6479
1663
3033
627
4684
5124
1628
3031
752
627
630
4116
4897
4683
5207
1257
2868
1628
4211
1634
6476
894
4211
5187
4716
1399
4379
4857
6478
4827
1640
2868
1736
5208
1258
5168
2953
4827
5092
1735
1624
627
5139
5209
4740
4872
4132
1663
762
1353
6312
1703
1717
630
4754
3040
2866
4131
5189
6476
893
4859
3026
4871
1253
1663
5146
6479
6483
5112
5166
1640
4378
2953
6478
2870
1635
1236
789
4897
6482
6504
4131
5177
2870
4683
2954
3033
1736
4871
6478
751
1667
5109
4378
6311
789
4859
6312
738
4857
764
1644
3506
1397
1258
4226
1351
4861
628
4716
6312
1642
630
5189
6483
4740
3036
1733
752
2855
751
1667
2954
5209
5090
5090
4717
4102
1746
6478
1622
4116
5124
2953
1737
4827
2866
3039
4718
2865
6414
1351
5186
4717
5146
6504
5168
5187
1398
6479
628
6318
4102
1700
1737
1632
5089
1640
1642
6318
6328
5090
6316
1680
789
4115
6480
3036
4213
5167
1633
4871
3032
2909
1635
4718
5112
789
1673
4716
2870
3036
6482
1738
2855
1237
3076
4857
1667
4241
2907
2909
6480
4133
1642
1673
1658
3026
4718
2955
6480
4720
752
3032
6482
2866
738
3015
629
4380
2870
4214
1353
762
6484
1383
1633
4857
6487
752
5180
4897
1253
1733
2857
4225
1643
789
2865
1387
1738
4864
789
2956
628
6312
5180
4884
4214
1236
6480
5110
4380
6328
1746
1748
1680
2855
1668
6318
1420
2821
5109
5110
4240
1741
3015
2858
4277
6316
2860
1738
4133
4225
3033
6504
1661
4871
4717
6414
2866
5186
1254
4115
1620
1385
4214
2867
4861
3037
6318
4117
6487
5089
2862
628
6317
2853
1659
3037
1622
6480
1659
3498
2864
2860
4737
4864
1668
3033
1398
1697
5179
5180
4225
5180
1682
4863
4887
5184
2862
6330
5149
1748
4133
1382
2864
4381
1672
6485
4240
1386
6368
6880
3015
4280
6330
1311
4241
2955
2956
6318
4280
4854
6328
4884
3015
763
2867
6485
1681
6414
2857
1437
6323
2858
4861
1398
6500
6319
5186
5184
1420
1413
1254
4884
2957
1236
1672
2853
1253
4720
4864
5182
4277
2860
5182
4892
2908
4084
5149
6880
1386
2866
790
5179
2907
4863
2867
6323
6413
742
2859
1680
6880
5152
2857
2864
4227
4791
750
4241
4887
2859
4227
1384
5179
705
1382
4228
1705
1683
2860
6318
6327
4228
1420
2861
1760
750
4280
6368
1384
2853
1681
1706
5150
6327
2858
1681
4892
2820
6325
6314
6485
6417
4720
6485
4214
1835
2861
1347
6319
752
1721
4268
5152
4888
1711
6500
2857
705
4883
1413
4887
5152
1706
1705
4084
1721
1437
6327
1669
1670
4111
6314
1760
1410
3016
1233
4381
4745
5182
794
6501
1760
2859
623
742
741
4128
4227
794
4118
1381
4719
1669
4239
1236
1437
1705
5179
1713
4112
1760
5150
790
4281
4888
5184
4112
1438
4269
1347
4111
1312
1232
628
932
932
1712
2957
1721
794
753
4228
1419
4269
4253
1311
4128
1411
4893
6327
5228
4193
4736
5150
1419
1233
598
740
4791
750
4278
1438
3065
5179
6281
4891
6319
4791
2859
649
750
4084
4742
6501
4888
626
4910
4245
4084
4891
4853
4281
1348
4885
6315
1436
6392
642
794
1537
1348
1347
1315
3497
4744
1670
1253
4238
761
4245
4909
623
4886
4886
4765
1671
1347
4743
2859
4823
3016
6315
4137
4865
779
3027
4268
6367
1671
779
1712
1412
1716
1711
3016
4865
4850
1315
1720
4743
5150
1232
780
4266
4266
1199
1435
6282
1537
4850
4083
2959
4685
4863
4893
779
652
6501
4911
4853
4769
5008
4274
1710
1233
4128
4193
1429
4686
1253
642
6282
4764
4418
4719
4138
4865
1287
4796
794
4764
5296
4275
4767
4278
6367
695
1235
4742
3027
2932
1538
4867
598
673
4903
5008
4909
778
1720
1285
4238
1720
5328
5008
6477
598
4742
623
1388
4685
4792
1438
4085
673
4885
6418
5327
4137
4192
652
1537
4267
4685
5013
4867
5008
4161
4171
5296
1835
5327
4907
4850
4085
4273
5328
750
640
1234
2959
1406
5009
1235
4083
759
1378
623
4170
1538
4267
4865
4113
787
4183
1411
626
6502
1200
4796
4744
4418
4138
1377
4169
1287
4850
4685
3067
4243
5230
1415
2961
3509
642
4907
1282
4685
4243
4867
4085
4276
788
4792
1430
6477
1538
1414
4246
1435
4686
2932
4192
596
781
4258
4685
1312
704
1538
4169
1285
1388
4086
4685
4906
4902
761
771
4867
4980
4882
4980
4795
1538
4137
1392
2814
624
1315
4742
1289
1234
4113
4890
1283
4902
3067
1282
1539
4908
4911
4879
2960
1436
5297
4417
683
1411
4795
1415
4792
674
4685
683
640
1866
4686
1836
1316
4796
1200
4744
1538
4258
2933
682
1836
6392
1866
4085
4129
4757
1273
4245
770
682
1430
1866
682
772
625
4866
6421
682
6457
5013
5363
651
3028
759
786
1391
4686
4686
4852
642
4906
1402
668
6418
4113
1763
1415
4164
6393
4182
4205
5364
1763
5298
1389
4850
4882
1402
1866
4246
4867
2932
1380
1868
4238
1234
4908
4902
1392
1545
6283
1378
4755
674
4852
786
2952
682
651
650
2932
4743
4417
4866
4686
2905
1406
5364
1417
1388
6362
4686
4258
4879
5363
3067
4140
6467
4164
1415
757
4138
3509
1546
4129
625
1389
604
4852
6422
1433
4686
6283
625
4205
4795
4795
4866
1393
1432
794
4086
4113
6362
6458
1868
2934
596
1430
1432
1545
4686
4742
5342
1539
1417
1430
4182
4182
2963
1546
5010
786
4140
6392
4259
2963
4851
4114
1379
4878
756
1504
1393
3028
3008
1274
4139
604
4208
1391
2933
1837
2938
1545
4878
6359
1414
6358
1316
4155
4980
2905
1539
4882
668
4866
4882
6359
5011
1870
4880
1402
4878
6395
6283
2934
1407
1274
4820
1294
6457
1539
5363
4156
1406
1402
4878
6502
5342
5310
1395
1293
4878
756
5298
6393
6423
5012
1260
1274
4882
4155
1403
2932
6436
1403
4091
1260
4163
603
6393
5310
1404
4817
1297
1403
720
4881
4882
675
1393
4156
1390
594
6284
1293
1404
4976
4878
4776
4204
1871
1389
1414
4091
1393
2999
3029
1414
1390
1403
4877
667
2822
5012
6436
1539
668
5354
6283
1416
1389
4163
2963
696
1871
1260
1433
1881
4773
6283
5012
1394
2822
4262
1417
4881
4881
1415
6441
5309
675
4091
1395
6396
1380
2938
1380
6438
1295
4262
4185
4082
5333
4156
1871
2903
1433
606
4773
2906
6458
6410
1292
5310
1296
1407
2964
6457
4881
720
6358
4201
6395
1390
2937
2962
4880
2932
1844
5354
6441
1262
2904
4185
1844
4818
4216
1430
2932
5333
6284
6356
6438
1394
4155
4185
4979
1844
1260
4093
6466
6466
4881
4093
1389
4184
1417
667
1394
1292
4773
4979
5299
2971
4979
1390
1408
1379
1262
4979
6356
1880
6356
1416
1898
1416
4082
4773
3030
1292
4264
1902
1879
6424
2903
6430
3030
2901
1430
4773
3008
667
1259
1839
4820
5309
3030
715
2822
4081
1898
1417
4978
1417
1295
6356
1296
4092
1395
1840
1409
730
2999
4184
5303
1380
2935
594
6454
1379
4979
1904
4382
5303
1292
6356
1417
6442
1262
2964
4874
1259
5354
4978
4820
4082
2822
5304
699
4201
4082
2902
1878
5305
6356
1296
1897
1905
1292
1430
6424
6439
4918
4775
3074
3007
3030
594
6451
6427
594
6274
729
4186
1407
1848
4874
1259
4978
4218
1542
4918
6454
2822
1905
593
2823
4918
1262
2901
4185
2972
1895
4081
2936
4982
1543
5360
4917
6401
6409
1409
4697
6451
6430
2972
6355
729
4819
4216
1893
727
4982
2942
4775
713
1341
3483
1341
6403
4186
2823
1542
897
4382
1896
2813
1408
4187
4081
1896
4873
6355
1900
1905
3074
1905
1505
3007
1342
1903
4834
1849
4917
4983
6398
2901
4819
1846
594
1895
4186
697
4917
593
5358
4774
2976
774
4774
4218
6405
6426
6401
2967
1755
590
4918
1344
4697
2900
4873
6450
4913
4873
591
6334
1506
2979
4383
697
1842
2900
6456
1506
4917
728
6403
2897
1507
4918
2873
2899
4834
1511
1809
776
6429
1838
697
4698
4123
2966
591
5356
1849
4187
4873
4919
3472
4913
2992
5306
4123
1507
5306
2945
5350
590
2945
5356
5322
6450
2897
2946
6465
2898
4187
6408
2982
1342
591
6450
4698
728
1900
1900
896
4197
1874
2968
5359
4916
4196
6461
2993
3079
4222
1343
1342
6408
590
4919
1809
2992
4224
6461
2981
4188
701
1754
1507
2972
4919
2940
1445
6468
4079
1445
1536
6344
4196
2982
6406
1445
5322
1342
4914
5357
4197
700
2939
5357
2897
5350
2943
6464
5359
4189
2897
6450
2944
4919
4221
2983
1873
5336
2969
4915
2897
4219
1874
2897
4698
591
5355
4126
2873
2996
6468
3001
589
5336
1536
4124
896
5350
1507
4189
1509
1536
4699
4783
4079
5288
1317
4783
5336
4914
589
1754
2984
6468
3002
5352
1401
4221
2980
5355
4915
4198
3010
1446
5337
5337
2997
5316
4125
1507
4125
1301
4195
3003
700
5337
736
5270
6469
701
5318
3010
5324
591
2991
2949
5288
5345
2873
4723
5316
3003
4077
2940
1894
3172
4221
1536
1217
5316
731
4219
4783
5277
636
6503
2950
1536
1443
4198
5355
5316
6345
5337
5337
5290
1357
1301
700
591
5324
2970
731
5336
4799
1317
1356
636
1889
1439
5294
4125
4783
4077
1358
592
1317
1864
5345
2991
1317
5345
1318
5324
1875
710
5315
1442
6469
2970
3004
1889
5287
1317
4700
589
1428
3005
1300
5270
5325
6497
1443
3170
5294
5315
6345
4220
637
1219
5349
1428
4125
3010
2878
1536
4723
1300
5324
592
1318
1536
5346
5276
4077
1439
5337
2947
4723
5294
589
6497
5312
3006
5312
5287
592
592
1428
4220
5325
1359
1300
702
1856
5292
4799
592
1317
1300
4723
1359
733
4782
1865
4901
3062
1890
5287
5274
4729
1442
1443
4797
1536
709
4782
592
2948
6337
6470
4901
4723
4797
1299
1317
5346
6342
1298
4190
1864
1319
1892
1440
735
4781
5291
1864
1241
1317
592
6346
4797
4781
4723
3062
5291
702
1298
5314
592
4723
1306
4781
1829
5293
5274
710
6338
5292
4901
6498
5291
4729
734
4797
5325
5314
1865
1875
5323
2990
1241
4780
4190
3062
711
1891
4073
4798
6346
6470
4780
6470
4726
1298
1831
585
1300
5313
1298
1828
1299
5295
1864
1319
1304
711
711
4729
1306
4798
1855
4073
1319
4798
1242
4724
4200
3011
711
5292
1298
1892
734
1876
6498
1884
1865
4200
1298
1884
1876
6338
1310
1241
1305
4798
1883
4798
5291
5281
1241
1857
610
1830
1319
3011
4096
1319
4074
1319
707
4191
4191
5274
1857
5292
4722
6471
5313
5348
1864
5323
6352
6341
6347
4727
5292
5291
1310
1855
610
6470
4096
5313
610
1242
1298
1814
4780
4096
4798
1852
1886
1240
1831
5292
4722
1241
4722
1241
5275
3011
703
5343
1240
1852
4798
4271
610
585
1240
6350
4728
1862
1832
574
1826
1858
1858
1831
1814
1298
6351
3011
1827
4060
610
1307
6354
6351
1298
1832
5343
5326
784
1862
734
1241
4727
1241
4060
4075
609
6339
609
6471
5343
1239
4097
784
1858
3011
588
4074
4076
1814
574
1241
1853
1219
6341
587
1813
1830
4075
1886
5282
1243
1853
5343
2882
4728
1813
4722
4271
1239
6350
1307
588
784
6351
1833
4234
6354
6339
4271
1240
1243
4097
4076
1239
1305
6348
4725
1888
5286
1304
4234
1886
1309
3012
4704
6354
712
1863
1813
4075
703
3012
3012
6350
1813
609
1240
586
1239
1854
6354
5280
4728
4074
5284
574
4075
1813
1239
588
784
5285
5283
4728
4095
5283
712
5285
2887
4271
5284
1822
1886
2894
3060
2895
5311
609
3012
1882
1240
4075
1823
4075
6348
1221
1281
2882
1221
4075
5284
2894
2892
1823
588
1309
5280
4059
1882
1238
5284
712
4095
712
6349
5283
6349
4303
1303
2887
2895
1816
1822
6349
5284
1240
6348
4075
2887
1882
4788
6349
712
2893
784
2893
1824
2892
1281
1834
572
607
4704
1816
5311
1243
441
2891
4098
749
4059
1824
1825
6349
4788
1824
1825
5271
4270
6349
587
4308
1321
2891
1245
1321
782
153
6340
5271
1245
4062
4270
1238
1811
749
2974
4272
4303
4231
4061
4310
4233
2888
4075
2890
4233
4270
783
2891
2888
782
219
1280
1850
608
4301
4703
2881
152
5271
216
4303
5271
1245
4307
2890
4231
4233
812
4309
441
812
2889
4295
154
4301
1811
2890
154
153
2880
783
219
2889
151
4295
1817
4307
4293
4316
1812
4310
2889
4309
4315
608
4788
286
4307
1811
2880
1811
783
218
4808
4293
4292
299
4061
827
299
218
4314
2880
4306
4801
1812
216
4313
4314
743
1817
1811
151
4306
743
219
1811
1812
3797
815
4309
4762
4313
4316
3921
4762
827
151
299
4801
285
454
1812
286
3051
4801
4794
176
4793
298
4808
207
3841
1812
1810
334
1810
309
175
806
744
297
3819
214
4793
334
3921
3840
3797
210
309
175
310
3945
210
4794
3664
3165
745
3841
3059
297
3732
4762
207
310
462
3921
3796
3920
805
3796
3795
3795
3770
4762
3808
807
297
3728
805
3664
3655
207
3163
225
297
307
3735
3163
3731
3795
3615
224
176
3919
307
3811
3655
3046
3568
176
3808
3665
3046
3732
3615
175
461
301
3659
300
6494
175
306
3162
3770
302
296
3726
3662
3731
3046
3735
3944
202
6494
3658
173
224
3568
3568
284
175
3162
301
3615
284
3615
3659
175
3162
175
3732
3659
303
3816
296
302
3814
173
3664
3654
6494
3944
3738
225
3661
3571
3653
3770
3724
3569
3658
3724
296
226
175
3719
3724
3569
3653
103
3653
149
103
3911
206
206
3911
3658
296
303
173
145
56
57
145
3569
3699
3738
3053
3719
3816
173
3685
305
3661
3667
3685
3650
3718
150
3566
3572
3661
202
173
3613
3654
62
149
3714
59
226
3052
226
3566
3052
3572
203
203
3713
146
3870
3650
3781
3700
3918
145
3781
3611
174
150
3700
54
3739
3562
102
3667
201
305
3816
3870
3652
3793
3526
150
3605
1907
3781
305
102
1907
3526
3714
186
150
141
141
57
3868
3652
3565
54
3734
305
187
3699
3793
3585
3865
282
54
3918
280
3868
146
3607
269
3756
3697
174
91
3918
280
3739
3585
3698
187
97
146
3700
201
3700
204
3698
204
3734
91
423
3734
227
3868
3780
3595
3865
186
138
362
3907
3779
141
3167
3865
3950
3750
3528
365
3768
3918
3698
365
3756
227
3918
3526
4023
67
384
4015
269
138
3167
464
3698
3559
3528
4007
3780
97
365
3899
4023
364
423
185
4007
3973
3804
3973
3698
3697
4023
16
3608
362
3768
16
3900
366
423
4007
443
3768
3983
67
3983
384
3804
3998
3918
3698
185
3559
3608
256
524
384
41
3697
524
3866
464
3983
364
3698
83
16
3930
443
3750
67
4007
222
138
292
3768
362
3698
464
366
3524
3997
362
3973
3981
4016
3698
3898
3790
3768
522
3933
268
3981
3885
96
4040
185
3790
3930
3899
256
3930
446
3933
96
48
3898
3981
222
4016
3768
3768
4019
41
268
245
5243
3933
3993
3532
3997
276
361
276
185
362
256
3898
4016
4016
404
524
3669
3768
3895
185
3897
3537
404
3768
403
3929
496
3768
4006
256
3895
3768
3927
3934
26
5243
446
522
3524
4040
3844
4040
256
4068
428
428
3768
3898
3927
4068
3768
3844
3929
3898
362
3939
3529
3890
268
3939
496
26
400
3898
41
361
3902
5243
6882
3934
3898
533
398
3898
3845
6882
3975
534
3901
3897
256
395
496
3901
496
446
3898
428
265
3901
237
5233
361
6882
13
534
3889
533
3669
29
3901
3901
3902
534
4013
3844
40
400
4046
4054
400
267
520
361
3549
3901
533
20
361
395
496
42
3885
3962
3975
17
3975
495
3901
520
395
3861
3551
4046
530
495
399
3521
3889
266
3711
494
403
407
3876
361
3777
3882
4013
530
3711
3902
3889
494
3889
3901
3885
532
4054
3523
3890
494
400
246
3845
3901
361
3971
40
3890
265
493
39
530
5233
361
4013
396
398
3549
40
447
395
3961
520
493
3523
27
3889
395
3711
3971
3711
265
20
3902
3971
398
3876
340
3875
544
3627
544
5232
3889
4046
27
5232
399
399
3971
3889
3861
518
3889
447
246
3901
361
3971
3711
3858
39
401
341
519
3875
519
3712
3901
494
3884
5232
3889
397
519
3873
399
3691
3535
396
361
5234
238
396
3889
3670
493
493
3901
399
39
3889
3627
397
3884
394
3670
6272
1778
3711
3894
3882
5234
518
266
3873
5234
3893
3874
399
544
398
3691
545
3881
3894
357
3855
3894
3692
263
458
262
340
394
401
5234
3491
3863
355
396
3644
341
492
494
399
3853
544
6272
3932
350
246
401
3874
343
3881
399
399
3773
1778
3894
458
1778
458
358
350
388
401
492
492
358
3889
584
3880
5234
545
3874
3693
3695
3863
3893
3709
355
3893
3773
3881
6251
3695
5234
3692
121
399
3695
468
5234
3852
3874
399
1777
3880
3702
3893
3894
3691
3874
397
3619
399
3670
3894
468
393
3695
3893
262
3695
470
399
408
390
3880
3874
1777
392
3881
492
357
3702
3855
458
356
450
458
3880
387
388
3692
3709
390
388
3881
156
489
3693
263
1777
580
11
3881
391
3893
3852
3619
3695
6251
490
9
388
5241
3695
121
3695
3893
116
3881
348
392
393
3894
470
5241
356
3893
132
3707
3692
490
3893
3894
391
387
387
458
3881
3520
3894
391
392
3694
3641
378
388
3520
3767
499
556
3851
399
5241
389
3638
349
3693
200
3893
580
392
3705
3851
3693
3705
391
380
3695
458
3767
391
3707
3767
132
477
348
499
3894
458
3692
477
455
391
387
2783
3695
3694
3708
3520
3635
3767
392
3638
3519
182
391
3767
458
392
3849
3767
458
3767
422
3520
411
3694
391
3694
2807
111
3693
391
389
3682
3518
3766
3767
388
200
3767
392
380
3694
3767
477
458
111
3520
3766
387
387
392
3783
3673
3710
458
339
380
3767
391
3682
242
3696
367
3694
182
3514
3682
499
234
392
107
2807
3514
183
3747
3748
392
3766
183
3518
458
3783
3696
392
3767
107
387
3519
182
3783
3767
378
369
339
392
3515
254
3696
242
3783
385
3708
3710
194
381
194
3514
179
3767
369
3783
3782
3766
3696
179
199
182
183
458
3766
3745
235
337
3680
3516
106
385
392
253
199
6
182
381
3767
369
3648
3766
3696
254
3782
254
3696
3648
3681
3696
182
254
254
3745
3766
233
199
7
3674
3681
179
183
3764
179
369
199
3696
106
3671
385
3673
3772
3785
253
3764
3766
179
235
253
3680
3782
3764
3764
1776
254
6
3765
3745
3785
180
3513
3766
199
106
254
3785
8
254
369
385
3681
381
3772
385
3765
179
252
3671
375
3674
137
3764
3785
233
385
199
252
254
3646
1767
3681
179
3674
3681
3684
180
236
254
3671
179
261
3765
3684
3681
1776
1776
3785
180
3680
3513
137
196
3785
3765
375
254
181
181
3646
1767
181
1
386
3645
4
3671
386
236
180
336
385
3684
3671
3674
196
236
136
181
3683
197
181
180
161
3681
197
336
3764
386
3677
1
3771
181
3765
252
386
3645
167
3671
184
386
3683
3684
184
386
168
3671
3765
3684
135
3787
3771
3784
3787
255
3676
260
161
3784
180
134
270
3771
3784
3683
270
386
136
3676
260
136
162
3671
255
255
3677
3689
3678
3677
180
255
159
3689
414
3164
3671
135
134
3164
259
184
271
3676
3784
161
3689
3678
3787
3678
252
169
133
160
133
255
252
259
252
3683
167
3678
3771
3675
255
3683
3689
270
3787
3784
3164
170
162
3675
3678
3787
133
259
272
160
165
273
271
259
271
169
414
445
133
3787
3683
3761
3690
272
165
166
170
169
3675
273
165
3761
271
445
414
133
272
3787
271
165
3787
3675
445
275
275
3763
3787
166
3675
259
3690
3787
271
164
273
3675
171
3690
272
171
166
3763
273
249
172
445
3761
172
445
166
164
164
3760
3760
171
171
164
414
249
445
171
275
3763
275
177
172
414
3760
413
171
414
275
249
414
3762
172
172
275
414
412
166
415
249
275
163
415
177
3762
178
163
250
415
163
415
415
412
413
413
163
248
178
250
251
251
250
177
250
251
415
415
177
250
250
250
250
250
3404
3406
3410
4987
1363
4837
1362
4987
1363
1516
1139
1365
1364
4838
1139
4838
1362
