7990
7990
8764
7990
7990
7994
7976
8764
7976
9147
7990
2718
4455
7994
9147
8306
9264
8306
9264
9147
8124
6088
6088
9147
8109
8124
9278
6816
9232
6060
2688
2688
8446
6329
6311
8053
6324
6097
5130
3205
8646
8586
8306
6311
9232
8574
4887
7273
6311
7175
6897
2735
5063
2688
6324
8503
8446
4468
8586
9278
9202
8124
8574
7917
1869
6311
6884
6311
2998
6094
9140
1419
8053
8124
9337
836
8586
6897
8558
3983
4268
7273
6605
7175
3540
705
8586
9278
8574
3590
8824
7428
3017
9134
9134
6311
3012
6984
7151
1869
3479
6705
7151
7354
6311
2241
6214
5063
7354
9154
7917
716
6329
8019
7428
6214
7175
2770
1821
3540
4468
1821
6311
3876
2252
2125
5130
6626
6626
6897
3292
7151
9352
2287
9278
6094
6884
6984
8266
8124
2135
8574
6023
6311
8053
3864
9365
2125
2287
7300
9352
2135
113
2735
2241
6307
7300
716
6514
6705
6984
6311
1821
8019
6605
7151
8099
2135
2339
8574
6165
6626
6319
5130
2812
705
6307
7394
4354
2038
2135
6884
6319
8816
6329
2241
8124
3893
3486
8503
9278
2287
9140
2886
2252
3479
3292
716
9365
2289
9278
9352
7151
9140
8306
6311
9365
4468
8266
2252
8306
9154
6626
6984
8053
5010
6897
3983
7255
4747
2135
9134
2125
6597
6023
1821
6656
4747
3479
3876
6597
2735
705
8019
3540
8448
8145
1821
7394
8448
2241
6607
2135
6705
7226
6884
5063
1821
6134
7255
2735
6626
6514
5913
8586
6705
6329
8448
8019
7255
8446
3292
6023
3486
6605
5917
7255
3168
5913
9140
4354
3479
6656
2287
59746
6626
8448
1821
9365
2711
8816
5010
6626
2886
3893
6134
7394
6984
2289
6354
8446
2135
2287
9365
5917
113
8689
2252
2698
9365
1572
7282
6897
2241
6354
7226
7255
8689
7255
8053
836
7151
2252
4690
2241
7255
7255
2638
2241
3486
6134
6607
8574
7282
6311
2135
2241
836
2252
1572
8099
1821
9140
9154
3744
8446
8310
6897
3168
4690
4188
5913
8446
2135
836
7414
7226
3876
8251
1821
7850
7414
7926
6984
8446
6311
2252
8601
113
8019
3168
59746
5917
8145
6134
9140
2252
3479
1821
7255
2882
8448
4697
6329
59746
6329
3486
3540
705
1572
9154
2241
8116
2287
7163
2135
59746
2241
1821
1572
7414
8446
6605
2638
6626
2975
9154
8448
7394
2252
2252
6626
4881
2638
6625
8053
2711
4697
4690
6311
8448
113
3744
6736
8449
7226
7295
7394
716
7394
9134
6311
6936
2277
7394
4188
2882
3470
6329
8266
7226
2638
2882
8816
7926
7394
2721
8099
8448
6626
7150
3251
8574
4881
9140
8310
6365
6529
3251
7414
8816
1821
2289
2289
7295
7282
6736
1572
59746
1821
1821
8720
2241
9329
5974
8448
1821
8601
6134
4907
6023
2638
59746
7394
8689
6736
2638
2252
7394
9341
6777
9341
2975
9140
2975
3988
6730
2277
7261
6736
2135
7414
4377
3988
8448
109
7163
8266
7282
7217
4907
3540
7226
6134
59746
7282
5974
2244
2711
7150
8720
7394
7841
3517
6736
59746
3988
7163
836
2638
8756
6884
3470
9140
6460
3470
8053
6329
8310
1821
716
2241
6936
2711
2244
7414
2721
2038
6365
2638
7163
4377
2638
3517
6936
8720
7163
8251
6663
2244
3470
4907
7150
2252
6529
7226
7850
5917
6730
9393
4742
2638
2252
6329
3988
4881
8449
6035
6329
3251
6329
716
7414
7220
2721
7295
4881
2277
5903
2721
8448
2244
716
7163
7261
8449
7163
7220
8512
3988
7220
4481
9393
7926
8689
6777
6311
1432
9186
2135
7841
7220
8756
5903
6626
4377
6767
93
3988
8449
8705
8211
8714
4377
109
6134
3251
3517
7217
3988
6777
7163
9070
8053
7282
8310
7163
3517
8714
6736
7841
7926
8264
7217
6460
6625
7414
109
7102
4481
64
5903
2711
93
4377
61
3988
3988
8714
2711
7102
8689
7947
6777
9186
8211
5903
4481
6777
7163
6329
8705
2252
6777
8449
8211
3988
7414
4481
8574
8574
7282
5903
8472
8851
64
8756
7217
6767
7217
5903
1432
2252
3988
7217
5974
6736
6777
3988
5903
2711
5903
8749
8211
5903
7282
7414
8816
93
7414
8749
61
2252
8749
6551
7841
160
7217
8310
64
5917
7217
7083
7077
8472
109
9070
9065
7841
9393
7282
90
7947
8851
8689
7217
8756
6936
64
5917
7077
7947
6663
7083
64
8749
5924
109
9070
7083
7217
8756
7926
7841
6625
8264
6797
9085
8512
6939
7115
7447
8264
9065
9393
9393
7077
6765
6135
8648
7115
6552
7926
6405
6732
6732
6625
6135
6329
8897
6248
8053
8756
8756
8472
6765
8211
8756
7447
8512
9070
6974
7895
160
8484
5897
6271
6732
5897
8163
8194
5924
7864
6329
5924
7864
9065
7818
8163
9085
6381
6551
7818
7057
160
8472
9407
6405
6936
7818
8519
8273
8674
6405
9065
6625
5897
6625
6248
9100
6248
5945
7947
7447
7947
8897
8648
6381
6732
6797
9043
7447
8756
9422
7841
8163
5924
8512
6248
8735
6936
9043
8194
6797
6732
7057
6974
8163
7818
8163
5934
8735
9043
6403
6403
8674
8289
7818
6625
8289
8484
9422
6271
6551
7573
9422
9026
8512
6551
8194
6403
9407
8163
6552
9100
8674
7057
5600
5945
8512
6580
9026
6381
6381
8321
5897
6271
9026
8961
9100
7577
6248
6995
9422
5600
7905
6403
8331
7057
7573
5590
9407
7567
8316
7052
8321
7905
8321
6580
6271
5837
6995
7577
5493
8652
5883
6974
9026
5989
5493
9026
8686
8680
5590
7573
5950
6407
6407
6974
5493
5989
6995
7874
7057
9026
5590
8321
5950
5583
7052
9026
8686
8316
6271
5590
8961
5514
8331
7905
8652
6277
5837
5493
6974
8652
7070
8961
7567
8686
8208
5837
8961
6407
7052
5608
5590
6277
8316
8208
5613
7052
8680
8331
8208
5627
7531
5950
7708
9026
6277
6995
7905
8686
7866
8316
5883
7621
8680
5989
7052
5508
8686
8208
5689
5608
8377
5514
5608
7052
7582
7582
7070
5883
8331
7658
5736
6277
7708
6277
7621
5689
8208
7531
5627
7866
8686
8652
5613
7582
9026
8686
8377
5613
5613
8379
6420
5883
6277
6995
8331
7469
9026
5583
7870
7870
7052
8379
5477
8377
7021
7866
7866
7550
7772
6995
5508
5613
6420
7801
8377
7866
5477
5283
7708
8377
5689
7621
5508
5647
5514
5508
5508
8379
7870
5311
8379
5736
5883
7582
7531
8377
5283
6420
7866
7021
5608
5613
7658
5736
5311
7615
5514
7870
7469
7550
5781
5658
5658
5477
7582
5613
5613
7615
7550
7758
7708
7021
7658
7582
5508
5689
5477
7550
7503
7621
8377
7866
8377
5702
7787
7021
7866
7787
5702
7021
5534
5613
7714
5613
7021
7469
5736
7647
5873
5781
7708
7758
7469
5769
7515
7509
5283
5736
5283
5702
7772
27745
7708
5545
5695
7509
7787
5647
7509
7787
5545
5534
5689
7758
7515
7672
5647
7772
5828
7601
7601
7714
27745
5828
5781
5695
5702
7503
5329
7615
5658
7714
7582
7615
5283
26258
7621
5647
7621
7708
5329
5695
5283
7654
7647
5828
7647
7509
5647
27745
5702
5252
7509
5252
7515
7515
7714
5769
26258
5769
7758
5376
7615
7672
5376
7601
5255
7758
5695
27745
5252
5647
26258
5828
7621
5393
5333
7772
5277
5255
5781
7654
5781
5647
7647
5362
5277
5388
5695
5393
7647
5366
5769
27936
5647
26258
5431
5425
5277
5431
5329
5220
5277
5356
5647
5431
5376
5366
5255
5277
27745
5277
5413
5781
5277
26276
5425
5356
5329
5413
7772
5333
27745
5277
5431
5306
28416
5388
5393
5277
5376
5306
5214
5243
5353
5388
28105
5366
32875
28416
27105
7697
5425
5425
27936
5431
5362
5277
5353
5376
5387
5393
5333
26276
5277
5277
5277
28736
5388
5277
32539
5214
32625
27936
5431
32532
5387
28105
5277
26276
27105
26515
27936
27808
5243
5387
32625
5220
28736
26281
32252
30895
28472
32532
32539
32458
32252
28525
32593
28074
7697
32532
32458
28074
28074
5387
28448
5387
28072
5353
32625
31151
32625
26281
30895
26515
28525
28072
30895
27105
28072
28525
28074
32539
27804
27929
27808
32875
32377
31110
27804
28074
32377
28045
28525
32875
27760
31151
30911
27808
32875
27925
28731
31110
32622
31110
32377
32615
30911
32258
32593
28472
32615
32625
32622
28472
28009
30895
26281
32875
26281
31149
28072
32622
26516
28009
27804
28525
32622
32462
28074
32462
28731
27495
28525
27760
27495
32377
32462
31110
27955
28009
30911
27955
31110
28525
32377
27200
32615
28491
32622
28491
32273
26516
32615
27821
28009
27200
31801
31801
28045
28009
28731
28491
32477
32477
28731
32622
27821
31100
31100
27495
27495
31100
33108
26492
32272
31801
32272
31801
28045
28045
32931
26492
26492
28347
32615
27955
33108
28491
27495
26478
32495
26492
26516
27822
27992
27816
28731
31086
32477
28347
31162
31789
27495
28009
28045
27194
28009
32273
31247
32462
32622
31247
32901
27992
32495
32901
28347
26492
27495
32477
31086
26516
31690
27992
31106
32931
31789
31453
31162
31106
26509
28702
27194
31086
33107
26539
27495
31789
27184
27184
33107
26407
31162
27821
26478
33107
32495
27184
27821
32272
27527
31106
27184
26478
26509
32901
26456
32272
32931
27992
27992
31056
27184
27822
31789
26509
27184
27825
26407
31247
31106
27141
27527
27992
31789
31247
31106
31467
31106
26472
28347
27527
27527
33105
33107
28347
32477
27821
32477
31056
32300
33107
26456
31453
33105
26478
27184
27821
27141
28681
27527
31060
31086
31056
31060
31467
31690
26509
27141
32293
32293
26456
33107
26966
31056
27825
32803
31690
26509
31106
32803
27141
31189
32814
26456
27776
27992
26509
32300
27992
28681
32062
27992
26509
26620
31407
31189
26620
28347
32062
26509
33107
32300
33085
27825
26407
26586
31115
31056
33095
27992
26472
26407
26966
32814
26472
31060
33095
27141
31115
27776
32062
27464
26620
31407
26586
27008
26620
28410
26407
31451
27464
26835
32062
33085
26835
26586
31607
31036
26456
26456
31115
27776
32062
26586
26620
33095
27021
31116
31189
31189
27776
26586
31116
26966
31115
27464
31595
32814
33085
27464
27141
30974
32287
31036
26620
31116
27141
32062
31115
32062
31189
26381
27018
31595
31607
26586
26586
33085
30974
26586
26878
26399
26381
31115
26835
26620
32831
26449
31407
26966
32856
33085
31451
33095
28410
31407
27464
31189
26334
26367
27008
32062
31451
31036
31036
31729
26620
27128
26399
26620
26987
32831
26835
30985
26586
31224
26586
33095
30974
28410
26867
33095
33085
27021
31607
27018
30974
31729
26640
31570
31607
31594
31407
26367
33067
26381
26640
30968
26620
26334
31729
26586
31607
31224
26987
31771
33067
31588
26987
32856
26835
27128
31407
26381
31036
26640
26449
30985
31407
26334
31224
26959
31771
30985
30985
31224
26774
31224
27149
26331
31729
28362
27060
26640
33067
27060
26855
26640
33067
27128
27149
31036
31224
26316
32831
26381
26640
27018
26331
26334
31594
28410
31771
33067
30968
26640
26640
31570
31224
31588
26855
31651
28362
31729
27149
26640
31729
26334
31588
30985
30968
26978
31771
27018
33067
31771
30968
27149
32849
31451
32820
31224
33067
31224
26867
31570
26959
31594
26640
26959
26640
30985
26331
31428
31224
31416
26640
27161
26331
31588
31224
26959
26959
26640
31588
26640
26774
26774
26316
26331
31224
31771
28362
31771
27449
31428
27018
26941
31428
30985
30960
26855
27161
26299
26867
27060
31206
26855
30968
26978
26381
30985
28362
31570
27152
26941
28745
30960
28807
31224
30983
27161
33067
26978
31651
26774
27046
26383
28807
32820
32031
30960
28807
31224
26331
31224
27161
31757
27449
31206
26383
30968
26867
31588
33161
31567
33144
31206
31651
32849
32031
27152
32820
28807
31206
31651
26941
26383
32849
32031
31359
31771
33161
26975
31567
28745
26316
27152
26299
28807
31588
26867
27449
30983
26867
26319
26855
26975
26774
31391
32031
31757
26299
27046
28807
28807
27046
28807
31567
26815
28807
26774
27046
31757
31588
32031
30960
27152
33161
31651
31359
33253
27313
27161
29000
31359
31586
32031
32849
32820
31757
31757
32031
32031
32031
33161
27161
28217
26941
27431
27152
31374
26383
26299
28851
28814
28807
33144
26815
26975
31586
32792
30926
26299
31374
33161
32751
33253
27449
31588
33014
29000
27313
31359
33014
26779
26319
28814
32031
31757
28807
27046
32023
26299
33161
32031
32031
32751
31391
26299
31374
33253
28814
33144
28614
31359
33165
26941
31374
33332
32023
28851
27046
27046
26299
27431
26941
30901
31532
33332
27449
33253
27313
27431
29000
28814
30901
26815
32792
33332
31359
28851
33014
30926
27431
28998
32023
31586
27315
32023
32792
33253
33213
33014
32751
26815
27313
31374
26815
28614
31900
28814
27046
31532
33253
26301
31359
33165
28217
26779
31900
27431
33253
26319
31514
33332
27431
26779
30926
28814
26935
33332
26301
32023
31532
28814
27313
33332
28989
28208
31359
27431
32751
28614
28814
32792
31391
31900
28814
29000
28851
28208
33014
27431
31391
27431
26919
33253
26319
32751
27315
33165
31374
30901
33253
26301
32792
26919
26755
28998
28614
32023
32023
33711
26919
33213
32751
31514
28814
32023
27431
26755
28854
33165
28208
33044
33351
33213
33044
26935
31900
31514
31366
31366
28814
28646
31359
33165
26767
27431
28989
28814
31347
33258
26767
29197
28757
31391
32792
32751
31374
32023
33165
31532
26273
32691
26935
31366
31813
26767
33228
26273
33711
31514
28989
31813
28854
33369
33711
27216
33258
31347
26755
26755
33369
28854
29197
28757
31813
26273
31366
31336
26919
28208
27378
31529
29197
28208
28854
33369
32742
26935
29133
31529
31813
32742
33148
33711
32691
31336
33228
29133
28208
28638
31347
33228
28989
28756
26716
29481
33044
33711
27216
29197
33711
29133
33351
33258
26767
27216
28646
29397
33228
32742
29267
26736
31366
31366
29257
33369
33258
28638
26767
31868
26727
33148
26727
31336
29133
32691
31347
31471
33351
29481
33351
29133
29412
32742
31336
26727
29133
33705
32691
27378
31813
27216
29195
31366
31980
29267
29197
31529
31529
31813
29133
27378
33444
33587
29267
26736
33568
28638
29412
33258
27216
33044
29133
33568
31824
33444
33148
29195
27378
29251
27378
31824
31980
33342
31868
33587
32985
29412
31471
31868
29267
31868
33444
31824
26727
33705
31275
29195
27378
29195
26720
29257
28646
29308
33705
32976
31471
29397
31868
33444
29357
31824
26716
29257
33568
33568
26736
33705
33211
27378
31868
29412
28540
29251
31824
27216
29412
33342
26716
33702
31316
28131
33587
33587
31980
26707
26727
26727
32976
33568
33702
29195
32985
33587
31868
29251
33568
29308
31471
29357
33444
31868
29647
29310
31824
31967
26727
31471
31967
29195
33627
31275
27260
29481
29308
33587
29251
29647
31471
29388
29925
26736
29421
33629
33444
27722
32976
33211
32988
31316
29925
33702
29310
28131
29481
29213
33587
29925
33568
32988
31316
27378
32976
33442
29077
29251
31824
29397
31824
27722
31309
29195
32988
31471
26707
29077
27318
33627
29257
33211
27260
31309
33575
33444
26707
29213
33629
33575
31309
31309
31914
33299
27378
29310
33442
29425
31177
29308
32988
32181
33541
28962
32002
26707
29213
27722
32764
29341
29341
32007
28540
33430
31924
33006
32002
33290
29425
33399
29925
28962
33299
33575
32684
33299
27722
33430
29181
32997
29425
31930
32997
33541
28540
31882
32988
29181
33430
32002
33006
33575
27722
27722
29310
27722
28962
27722
27722
31924
33290
32181
32007
26707
27318
33469
32684
29073
31924
29077
29341
32214
33006
33575
27318
33541
27418
31177
27722
27722
29310
33427
29425
27408
27370
29181
27408
27722
28540
31177
27370
32002
33399
32997
32002
29280
33502
33299
29280
33427
29425
32684
32214
29310
33549
32764
29073
32162
31177
32139
34253
33549
27408
29314
29280
34382
32002
29206
33399
27408
33469
29308
59872
27722
29310
33502
32679
28561
33306
32997
31949
33752
32007
32007
32139
27370
29206
34253
27722
33306
33502
29127
28569
28540
28540
33427
27370
29181
34291
33427
29206
28561
31949
32162
27408
29325
33549
27418
32232
59872
31949
27722
33549
32214
29127
29545
33549
29073
29031
29280
32139
32001
32214
32679
29314
27722
32001
29073
29015
34382
34382
33665
29254
33306
32232
28569
32162
32001
34505
29206
32679
32139
27722
33427
27722
33665
34291
32162
34382
59872
34505
29254
34291
29206
29027
28561
28865
27722
27722
29325
29545
33549
27370
28540
27722
29127
27722
59872
32001
34382
33427
34382
32187
33452
32187
29206
29545
32235
29027
31987
29100
33306
34291
29545
33665
29254
31987
28865
29031
34394
32763
33665
29073
34382
27722
29073
27722
28561
34505
28540
32001
34382
32162
32187
29325
34505
27722
33452
27722
34107
32763
29254
33665
34505
33549
29325
30284
30284
28865
28569
28569
34394
31987
33829
33883
33817
29254
29015
29545
27722
32235
27370
33549
29100
34297
33452
32235
28865
27370
33306
34321
33665
33883
33549
33829
34394
29208
34313
29208
29027
34505
32763
33817
27370
29027
29545
34505
27370
27370
33949
29100
33452
34125
33452
29027
30865
33549
33914
34107
28540
29100
29254
32235
33883
34313
34394
34099
29325
29545
34125
34297
28569
34321
27722
33829
34714
29100
27370
33452
34125
33883
34099
29919
34313
28865
27418
34499
27370
33883
34714
29919
30589
34125
29015
29027
33829
34394
27722
34297
34883
28865
27418
29456
27370
30006
29208
30865
29027
34883
30865
34499
30865
29456
30006
28641
34321
30445
33807
34883
34321
34877
29100
30632
34469
30067
28540
34877
33807
28641
34883
29545
33963
27722
34394
30201
30445
34394
27722
34099
30589
34877
27722
30006
34297
30632
29456
30589
29629
29015
34499
33949
34297
34883
30445
34469
34714
34422
34125
27370
34323
34758
30006
34883
29549
27418
33949
34297
30445
30632
33807
30865
27370
34714
34469
28641
33963
34394
30589
34323
34959
33947
33901
34877
27370
33894
34499
29647
30445
34877
34422
33841
33807
30632
29647
30006
30445
30589
34099
27378
28641
30445
28540
33841
34959
34389
30632
34025
28540
30006
30001
34422
34877
29629
29456
34959
27378
34469
34758
27370
29647
34758
34113
34469
30445
30632
30589
33841
30201
34422
34389
30439
29549
30589
34422
34909
34025
34248
30853
26720
29957
34959
34114
27378
34909
29629
30853
29957
34114
27378
33894
34374
30439
34909
34113
34323
30067
34959
34469
29647
30001
29505
30439
34114
34323
30170
34248
34422
33894
33987
30589
29629
34469
34909
29647
30632
34758
30589
34909
30001
29505
33757
29505
29985
29943
34909
33757
26895
29629
34073
30167
30729
34484
27378
29518
34299
33722
30170
34484
29957
30853
30729
30001
34323
30781
34758
34909
34025
34927
26895
30439
30781
29985
34323
34073
34087
34073
30432
34323
29702
34687
34473
34299
34038
29957
34758
29985
33757
30781
34374
34959
34473
30529
33837
30170
29629
33757
26720
30170
30349
34389
30170
34927
34422
30001
34374
29702
33975
26895
34905
29524
33837
34927
34473
34473
34927
33975
26895
34758
30059
34299
34630
29985
30059
29511
34687
30170
34909
30853
29616
33757
34141
29524
30167
34473
30853
30729
30236
30167
29811
29451
34687
26720
34927
34374
34430
34905
30529
30529
33757
30059
34031
30059
30781
33975
34430
29702
30141
34687
34740
30740
30740
29511
30432
34905
34435
34374
29811
34905
34299
34038
34047
30529
29712
34435
29449
34018
29702
34740
34630
30236
28229
30236
34047
30141
33722
33837
29511
34087
34279
30141
34740
34279
29449
34073
34031
30154
34430
34630
34374
34018
34430
34435
30220
34430
34905
34430
30059
33837
29524
29723
30349
29511
30141
30059
30059
34927
30432
33725
33722
34687
34947
30059
29511
29723
30432
34552
34749
34905
33722
30125
34141
34031
30740
29611
34905
30059
34141
29712
28229
29712
34812
30740
33857
33722
30253
30432
30220
33725
30740
33860
34405
29449
34435
34279
30560
30125
34749
30452
34141
34552
29811
33725
30125
29511
30752
30253
34749
34279
30253
34042
34047
28229
29524
29524
34626
34947
34812
34812
30154
34018
34018
29862
34047
34435
34031
34947
29712
34405
34405
34129
34552
29712
30752
30752
29897
29838
30125
30752
33860
34534
34523
30059
30452
34523
30560
30125
34812
30100
29838
33857
30356
30154
29862
30560
30452
34812
34033
34749
30752
29873
34197
34626
34947
34279
34042
34552
30752
30752
34947
34435
30302
29862
34457
34129
34800
30100
35737
34812
34457
30752
30452
29524
34150
30312
30412
29897
34150
29865
30253
30125
30452
34626
34523
30752
29862
34405
29712
30752
34171
34724
34197
29850
33857
34552
30649
34457
34534
29838
29712
29865
35737
30649
34800
29897
30452
34947
34749
30100
34150
30125
34129
34279
34523
34947
29838
34947
30100
34129
29873
30253
34724
34532
34800
34457
34033
34442
34129
30412
30356
34724
30649
34967
30302
34150
34523
34442
34033
29712
34724
34171
34532
30412
30759
30752
34033
29850
34197
35433
29873
35433
34800
34310
34310
30356
34312
34967
29862
38239
34800
34724
34523
35433
30125
30452
30312
29865
30649
30302
37584
37535
30412
34967
35628
29873
30100
34724
30475
37547
35771
29887
34042
34534
34534
30475
34532
35821
34967
34567
30267
34567
34567
29887
30412
35628
37535
34312
35433
30796
30759
35433
34532
30312
30312
34724
34523
38239
34033
35786
30253
30796
34967
37547
34197
30412
35477
34033
30759
35771
37535
29982
34680
34310
30796
35786
35628
30759
34967
34523
30475
34310
34523
35422
34680
34534
30367
30412
37547
34680
35433
34523
34642
34724
34310
36113
30759
30267
34209
30475
35433
34596
30367
34731
37531
35433
30475
35786
38239
37584
34532
34197
35628
34731
34221
30796
35720
35720
37547
35422
38239
30309
37940
35621
34731
30309
37531
30396
34938
30309
34967
37413
30367
30643
35603
35730
34523
30643
37547
30302
34567
37584
36113
37460
35771
30396
30796
37506
34938
35541
35730
34588
34567
30312
34938
30626
37584
30267
37940
34596
34596
30626
34588
37352
35639
34938
35720
34731
34310
30473
37548
34938
30643
37535
37508
37894
37894
34731
35707
34596
30473
36213
34221
30473
30367
34567
34731
35621
35621
35541
30396
35504
37285
35786
34680
30643
35603
37285
37508
37352
34209
34680
37506
35504
37940
30643
37413
35603
30473
35621
36158
35504
34588
37940
34642
37413
30396
35639
36213
34731
30309
37876
30396
35730
36113
34731
35707
34938
37562
37413
37894
30626
30643
30309
37548
35707
37940
34596
34938
30643
37285
37508
35720
35621
35621
36158
34680
34680
34596
36113
30626
34567
35639
37508
34938
34588
34680
37460
37822
36113
34588
35639
35541
30626
37929
36213
37876
36434
34567
36555
34938
37352
34731
34642
35541
35432
37352
37876
35587
36177
37856
35587
37413
36270
34731
37933
36120
35603
35603
30396
36434
37856
34680
36555
35587
30473
37584
35587
36213
34567
37562
37822
36197
36197
37508
35621
37876
35621
37352
38172
35621
38097
35587
36270
35432
36270
37508
34938
37822
34588
36177
35504
37420
36434
37846
38097
35639
37508
37194
37933
35840
34938
34567
36555
37933
35603
35527
37199
37194
36256
37856
38100
36177
37508
35666
37856
37194
38097
37281
36177
35906
35707
37384
35536
37856
37846
37199
36177
37420
38172
37876
35536
36256
37281
36555
37822
36197
36555
36301
36434
38172
36193
37194
38172
37876
37281
36555
35906
38097
35666
36120
37194
36434
36434
37384
35443
35639
37822
36434
37786
37910
37420
35621
37562
37929
37846
37476
37453
37494
38097
37281
37384
37453
36205
35840
36555
35587
36254
37420
37856
37856
35536
37822
36120
37933
35845
37856
37194
38172
38086
35556
36301
37199
37494
38097
36105
36456
36177
36555
36120
37856
35432
38097
37281
37494
37199
35845
35536
38097
35432
35527
36193
38100
36193
36865
37194
37856
35556
37620
38172
35432
37910
36561
37856
37933
36561
38100
37620
38086
35840
37384
35571
37281
37453
36434
37194
37846
35840
37494
36927
37786
36193
41765
35845
37281
35845
36138
37961
36254
35432
38222
36254
37856
37476
36193
38086
36205
41765
38222
37604
35432
36561
35556
37856
38100
37786
38100
35900
35571
36865
36456
37910
35900
36561
37910
36561
36193
35846
38652
37096
37627
38100
36138
36138
35536
37039
35900
36105
37856
37846
37604
37627
37604
35556
37786
35556
37786
38823
37620
36138
38652
37808
36865
38823
38652
37961
35846
36561
36193
37909
37453
36456
38222
36456
37900
37961
36561
36105
38086
37604
36138
37039
37876
38100
35846
38086
38360
37039
38100
36927
38086
37039
37627
37371
36838
37808
41489
37476
37808
38086
38222
36138
35571
38565
38565
38222
37039
38100
36561
36871
37786
37604
36865
36138
36193
37961
36456
36347
37371
37808
37444
37909
41765
36094
35571
41765
38100
37444
36838
35597
38222
38086
36347
36456
38222
38086
41489
37604
38002
36838
38565
37444
35846
36561
38222
38652
37039
35983
38652
36866
38360
36094
36445
36129
38100
38652
37039
38360
37494
38222
36927
37886
37591
37591
35597
38360
37980
36445
35597
38093
37808
37886
38565
35913
37096
37677
38222
38823
37444
35913
36561
41765
35983
35983
38100
38673
36347
37039
37811
41790
37808
37591
37645
37039
36129
37811
38093
36094
37371
37371
38222
38360
37645
38711
36871
36129
37956
38093
35913
36871
38093
36129
38711
37677
37808
38565
37362
37096
37039
37273
36445
36445
36347
37039
38086
37909
41790
38093
38711
37811
36347
38711
35597
35597
38093
36871
38689
36980
37039
37808
36883
37808
37677
38222
38711
38002
41765
37096
36347
36129
36838
36094
37174
37677
38002
38093
38711
35983
38360
38689
38711
37039
38565
36883
41489
36866
36347
37956
37980
38002
36347
36347
37761
38093
41765
35458
36094
36883
37591
36445
38665
36883
38565
38437
37174
37677
36076
36445
37808
36445
38634
36327
36587
38689
37978
38665
38437
38518
37645
38518
37371
37273
38093
38823
37811
38093
37096
35983
36445
38093
36980
38678
35913
37808
37761
35597
38360
37811
37096
38565
37683
38002
38823
38437
37591
38823
36980
37677
36413
41765
41810
37137
36495
39483
36495
38665
37677
35983
37174
38002
38093
36094
38093
37780
38002
38064
36400
38678
36445
35458
41765
36765
38597
38597
38634
38689
38433
37103
36327
38437
36883
38689
35458
37978
37956
37909
41489
37761
37103
38093
37273
38351
37761
38666
36763
36871
38002
36495
36327
38731
36076
37174
37700
38437
38665
36883
38689
36327
36587
36822
36763
36445
38064
38597
36871
37683
38678
37174
38093
38667
36587
36076
38351
36495
37273
37677
38861
37103
37174
35458
39493
36765
38634
38518
37700
39483
36763
36887
38597
38666
38731
41489
38002
38518
38518
36445
38861
39493
36763
36587
41810
36587
37713
36887
41489
38029
38634
36822
36495
35983
38667
36763
38064
38731
36327
36495
36400
37700
36587
38064
37780
38667
36413
36587
39493
36327
39484
39787
38433
38294
36887
38351
38351
36887
38574
36327
35293
36765
35458
36587
38469
38938
38045
36495
41825
35458
36963
38064
38634
38064
37761
35458
37138
39484
38002
38667
37980
36495
38029
38294
37273
36413
38634
41825
36737
38294
38456
36822
37138
38667
36373
36373
36720
40901
41825
38520
38520
37982
36963
38938
35458
36737
39509
38366
37138
38294
38681
37780
36495
36413
38294
36720
38681
38520
35293
35983
37978
38574
38064
41489
38433
38799
36796
40901
38366
36822
38029
38029
36963
37780
38678
37020
36413
37761
38064
38520
38387
38520
39787
39483
36796
36327
37138
38520
38029
38366
41810
35458
36327
39787
41810
39493
36822
35890
37978
38535
38045
36741
36737
37020
38574
36963
38294
38387
39655
39493
36963
37982
38469
37978
38387
39787
38947
38029
37780
38433
38064
38281
39881
39787
39483
36905
38029
36822
36822
38456
36765
35270
38938
38799
37020
39787
38456
39509
38585
38029
38585
38045
36942
36796
38585
38045
38387
41765
39483
38535
35270
39493
38535
37982
39787
38444
38535
35983
36373
38535
37713
37781
38029
38281
36327
37713
37978
36942
37982
36905
36373
36905
38281
36741
38799
36822
38938
39484
39388
41235
38938
38938
36619
36905
37713
41765
38843
38947
39484
39655
38535
36942
37982
38947
36942
40221
36796
36413
41765
36741
39787
37982
38392
39787
39742
41235
41235
38843
35976
35270
38045
37983
38044
38540
38585
38947
38044
36327
38392
37781
38045
37982
40203
36905
35976
39422
36942
36327
36905
39720
38586
38799
38843
41235
40170
38820
41235
38064
36822
38585
38947
36373
40203
38843
40901
38456
37781
36942
39357
36729
41765
35976
38843
38861
40901
38064
41235
38271
36942
38938
38861
40170
38271
36942
38540
39422
39357
37982
38799
41235
38820
38823
36741
35270
39278
36741
35890
38820
38456
36905
37983
38586
40170
36907
38456
36729
38938
37983
39655
36729
38586
38861
38843
37713
39742
36413
36729
40221
36413
38947
38586
38044
38586
38456
38044
36937
38586
38938
38820
40782
38044
38820
39742
38045
38938
38820
40032
36937
38843
38820
38861
39523
38820
38456
38799
40782
40170
38799
38799
40189
40730
38799
41239
38044
37983
39278
38271
36907
38820
40183
35890
40696
41239
38938
40032
38044
38823
40170
38938
38947
39388
40189
39523
36937
40237
39464
40782
41647
38820
40084
39388
39523
38456
40084
40189
40032
38823
35976
40782
41489
41239
35270
39357
40237
40782
39924
39742
39388
35270
39278
39278
35976
38044
35976
40730
38444
38820
39278
41195
37983
40696
41647
39422
41239
38820
40696
40886
41660
40886
41647
40039
40183
38799
38044
41195
39938
40225
41489
41664
39278
40696
38044
41647
40782
41489
38820
36937
38820
41489
39523
38947
40730
41239
41382
40039
39464
38799
41195
41656
40448
40782
39742
40900
36937
41489
39742
39523
39894
38947
39523
38799
38938
41664
40725
39278
35890
41680
41489
41195
40237
38044
41195
40059
40138
41660
40187
40039
41647
41489
39357
40158
39422
40857
41489
41489
41489
38799
35976
40059
40900
41195
41382
39278
40856
39464
38044
41664
40187
35890
41664
40237
41647
39938
40442
40442
40730
38044
41202
39629
41489
40142
39388
40051
40856
40158
41489
38938
41532
41202
35976
39924
35976
40857
41489
39894
41664
39422
39523
35270
40725
41660
39278
40138
41489
41195
40856
39523
39278
35976
41489
35270
39924
40877
39464
39994
41489
39523
41647
40847
39924
39523
40886
41664
40038
39549
38947
40460
40857
39894
40125
39894
40051
35976
41647
52252
39357
40725
52252
53006
53006
41202
41489
40237
40039
38947
40158
53006
41660
40142
35234
39924
41680
54709
52174
40051
54557
51055
35080
41680
41680
54557
41664
35976
41680
54709
40877
54709
35270
35080
54557
35250
54557
35234
52174
39924
53006
53202
40673
52252
41680
39549
41202
40074
39629
51481
39906
40138
52174
38947
40237
40059
53202
52621
54709
53202
40673
39924
39549
35292
40673
39464
53202
53006
52252
40915
40038
35976
40074
40856
41680
51055
52174
41680
51055
52174
41647
40460
54557
40442
41556
40857
41680
41647
39278
41672
54709
39278
40738
35234
35080
54316
54709
41556
39437
41680
52174
53188
41222
41202
41672
52621
54316
35284
39924
51481
35234
40424
54316
40051
39547
52174
40756
54709
40756
51333
40738
54709
41680
52803
40773
54480
41660
40125
41680
52873
41680
41647
51333
51092
35250
53188
35250
51216
40282
39906
41555
40847
51481
40138
40756
35080
51411
39437
53188
39994
41647
41202
40836
52174
40282
52174
40847
39924
52608
40125
52803
53162
39894
40038
39549
35080
39547
41647
35270
35284
35250
35250
35066
51216
41680
54709
35080
53188
51481
41255
52873
51481
52978
40773
39906
40108
54709
54480
52240
39994
35066
35066
40738
35234
35072
39906
40836
54709
40915
52629
41647
53162
52699
35066
39924
35072
51201
40125
53162
35066
35250
41556
40051
54384
40858
54709
53162
40142
51201
51985
41660
40138
52126
41680
40055
40858
39263
51201
40738
41287
39278
35284
40929
51201
52608
52126
51216
35256
35296
40277
54520
35316
39906
51985
39437
35270
52965
35080
51201
35080
53106
51092
52699
41255
51985
51201
39547
40495
35250
53158
35322
52126
52699
40472
40058
35234
41647
51333
52629
39437
51985
53162
35066
40104
51216
40673
35066
40424
35066
51333
53162
40495
53106
51898
51333
39278
39547
40125
50983
59897
51216
40058
40108
51201
52965
35041
53106
35080
35256
39437
53162
35322
51201
53106
52126
35316
51302
39437
40915
35322
40817
35250
35296
52126
40763
35316
51302
40495
35260
54344
39263
54520
41647
54520
35296
51985
51092
41287
35296
59897
54520
51262
35234
17238
40858
52674
53158
50983
40271
40673
40771
49559
53162
16996
50212
51262
50450
54520
41255
39437
51302
51231
40472
17238
39696
40738
49559
35260
35080
40125
51231
35041
40104
35041
49559
52126
49559
50212
52674
35041
49271
49271
47690
50983
35250
52126
49559
40673
40802
49271
40771
53158
54344
54550
49559
39547
51985
40428
51262
51302
41255
52126
51302
52965
49559
40495
51302
54550
49559
41202
40058
53106
40683
40055
39357
52965
35072
49559
48885
50212
50983
51262
16981
54520
41461
40771
49271
51302
54665
54665
50450
51231
39906
54384
49271
17238
17222
51302
51262
35072
40832
51231
17160
35080
48818
54497
35316
39437
47566
51302
40836
35270
49271
17238
40428
47619
52965
52126
40108
51262
40055
50450
50983
49559
17238
39263
54550
60070
48818
52729
35234
50212
51302
35270
40472
51262
51262
16999
51272
54550
16999
53736
52126
47566
40929
40125
17222
49559
51272
47658
40817
16996
17259
51262
35033
40125
40817
49271
40768
39263
50983
51302
49271
54497
40495
47690
53877
41647
54497
40490
47690
47354
17053
35250
16999
41289
50450
53736
40058
39592
48961
53736
53736
48940
47570
47354
40763
51272
53502
51272
54520
39357
17222
49063
47570
39437
47313
39696
51302
17055
51302
35033
35250
53877
40771
59388
49271
35033
48872
47570
41101
53877
40683
17238
47566
49271
52965
45667
50212
41101
47012
53908
49582
17222
53502
40055
40104
40472
53413
47354
51262
53736
40104
17217
48401
40248
35270
41461
39696
41287
51269
52965
47570
52965
41289
53736
51272
49165
40817
48872
39696
47376
50212
52126
17259
47012
17055
49271
47570
17259
53413
49165
52965
52126
40763
48401
51262
47658
40104
17259
51262
35250
49063
53016
40307
48961
51262
47012
49609
16999
49271
40683
39357
47354
39263
47244
39696
50204
40771
45667
17236
52965
40768
35270
47313
47531
50204
17259
40802
50262
50838
53908
17550
35033
47313
40836
47580
48412
17259
48998
48923
40428
40763
50262
48401
48401
49609
47273
49748
47231
40248
49013
50262
50330
41253
50838
17011
47065
52965
35270
47354
48401
40505
49609
47376
35033
41725
47354
46953
49165
59388
47012
39357
17550
53877
53877
40307
41461
49609
40832
53332
17217
40431
48994
53158
50418
45667
48994
41754
40768
47313
40975
50330
49582
52965
49609
49582
47012
35250
50354
47456
47354
50330
48965
47376
49609
49013
17190
17190
17236
48412
49165
47570
51262
40111
50418
17236
17053
49165
35270
47307
47036
47065
48809
46851
47273
17194
49165
47065
17259
47313
41106
41743
47012
48401
17194
35270
40771
50330
49748
48412
47531
17073
41743
17044
49345
17217
41725
40817
48401
50838
41725
17222
41718
47354
17270
49345
52965
47231
40311
47012
48904
48412
53975
47313
53975
41289
35230
48809
50838
41718
40817
50354
17259
48412
40307
47036
53908
48998
46351
40975
49937
48998
53332
17141
40505
35180
49776
47376
53158
47376
47273
40817
48412
50354
40975
40505
53016
47509
41743
17270
49345
17053
47435
17194
41106
47354
50330
52965
35250
47065
41754
17073
54820
35179
40431
49742
40307
17190
35270
40802
53423
35230
49937
49937
49582
48412
53975
35230
50983
39357
48904
48809
17236
46978
40311
50983
49345
49364
40490
46830
46830
47313
41289
50359
40396
17544
17236
46351
50897
41259
53788
17236
50359
40771
40967
48545
46978
47065
41718
40431
50354
53112
47273
45805
50379
47280
17044
50142
41754
50983
17046
48904
49474
17094
53788
35230
45666
17270
41144
49611
17270
50354
46830
50379
50359
17544
53975
35230
49776
40111
17091
50354
41106
49474
47273
17044
35179
17141
40794
40975
53188
53975
40307
40505
17190
17270
50354
41135
53112
53788
47065
54820
49531
45666
53903
40248
46851
48545
40490
50354
53975
47280
41253
41135
40794
45666
17006
17270
40794
48685
50359
50983
40967
35230
17141
50983
41253
46839
48904
48904
49474
41259
49776
48904
49345
47313
35230
48535
41754
49474
48213
17224
48685
17046
47130
40802
48213
53158
45984
35230
50379
47435
49660
47280
17141
49776
17101
35230
41718
48307
47130
53158
47307
48307
53975
45666
17217
53975
53788
45813
50359
35230
49224
50919
45805
17190
47307
46056
35179
48904
46378
40407
17091
50379
40794
41702
41705
53868
46992
55084
53975
49957
41106
48307
53975
49474
51012
40339
46565
55084
48213
46378
45728
17073
35230
40396
17213
50379
41743
17217
40975
48904
49660
17288
17116
40339
51012
47509
49249
48213
53788
40407
17194
16972
49776
59419
17194
53760
49474
17270
35230
45991
50142
35230
41144
41253
53788
50791
53868
46839
17134
51012
17270
47078
17544
48904
49474
17116
40339
48213
47944
17213
50791
40794
46839
49249
49531
17043
55084
49249
17141
17116
40802
46565
45728
17141
51012
17134
40817
41702
45728
49531
40307
50919
41743
50142
47280
49474
53572
49957
40396
53760
53572
53572
17101
45991
35230
41702
16972
41754
17213
41300
17005
17043
41705
17288
46851
48261
46839
41267
40975
41135
41300
48213
41135
41699
41018
41705
16972
48904
48904
41267
17141
41725
41754
17213
48213
40351
35346
41048
17278
49330
47130
47130
17026
17544
49957
45595
40481
47944
49117
17213
53577
17026
48578
40794
35346
17101
17141
48165
41217
41019
48176
41754
17288
17134
51012
48176
18056
47078
40950
50791
40407
45595
17288
45226
48337
41754
17217
35346
53577
47944
40817
41048
41699
35179
48337
45228
16978
47796
17278
41705
40794
17213
46565
46992
41697
17213
17474
47307
49474
53572
51012
16973
46848
47078
18162
48261
17141
51012
35346
40303
17213
45228
46992
48337
45979
48165
17134
46839
17474
49474
45979
40339
49474
17544
41711
46009
45226
17292
17144
17288
40950
41754
41702
18156
41702
50665
47944
41018
35179
17134
46543
40351
16973
16973
51012
46218
49117
17005
17116
41699
53577
17134
40396
41116
17292
47211
48165
46832
18056
45228
41135
46218
17026
53577
40817
46578
35346
17278
17134
48261
41011
46606
17026
17213
45228
17144
41699
41304
18162
17544
46985
46688
17150
17029
17288
47148
46606
46940
17144
41754
17292
48165
17029
47796
51026
48165
49474
40303
41073
18156
17134
48013
35346
47944
40351
40481
48176
40339
46578
17292
41117
17043
46543
51026
45979
41019
50725
41705
41030
18156
41754
17144
46218
46576
41116
17144
48176
53577
48165
46940
16973
16728
17032
35346
16728
48165
17134
48176
40950
17144
41011
47148
45832
18162
35346
17116
41697
17150
41048
35346
45223
17032
48165
41048
17026
41699
45273
45832
45557
48013
18056
40407
45587
46025
17474
17150
45979
45829
17144
16978
50703
50725
18162
46682
47944
40817
48176
18156
46640
40481
17321
17144
40817
16728
18162
41018
47944
41711
46907
17292
18119
17144
41217
40303
50532
18162
50677
41690
18156
41267
17321
46556
45273
18121
41304
45273
18071
45557
17292
46517
46634
41116
41073
16973
17292
45587
50532
48165
17474
45829
40399
18121
18056
45557
18162
48176
50577
17029
48165
17024
41018
17029
35346
41697
46688
45202
46025
17024
46137
41304
18162
17456
48077
17292
41267
46634
17144
50649
48165
18129
45273
50577
45218
17292
16728
46903
45596
41691
50703
18156
46576
48013
41116
17129
46903
50532
40401
18119
17144
46517
18162
16728
18071
16973
18121
18162
45571
17129
41697
17321
46682
47953
46675
50703
46640
50665
17129
40399
45218
41117
40945
45631
17292
17292
40999
17024
40405
18156
18129
45273
41030
17144
40288
48077
41002
40401
17329
45587
35346
17456
47218
41116
18056
45223
45273
17321
18119
41690
17029
17292
16728
48077
47708
40401
47970
18071
47791
41267
18096
18127
40403
45587
18162
41690
47970
18129
45829
17298
41176
16728
40405
47218
17292
41116
47824
45202
45596
41304
17419
41690
17292
17129
50579
41176
19115
50532
35166
18127
17292
50579
16728
45571
41024
18054
45596
40999
18096
46738
46801
18121
41170
47218
45273
41073
35354
47791
17318
18121
45876
35354
50524
50609
41116
50665
41002
45276
46688
17329
17329
47901
18129
45876
41087
40291
41024
41691
45218
17292
47708
40381
41002
17024
46675
41030
18063
45285
45829
16728
46640
16728
45596
46640
40405
17419
18127
35166
40403
35221
40288
48077
35083
47829
18127
46682
17298
17024
17129
46688
16728
19115
46669
45596
17397
46669
18102
35354
17298
17540
16876
41691
18127
45276
19115
45596
18113
35091
45631
18162
17318
35354
17024
18129
41002
35166
45596
17462
47884
18127
35166
17540
45865
41116
47849
17462
45865
35221
40381
35166
41690
46801
46669
18129
18102
18121
41087
47884
45360
47222
17318
16876
47708
45596
47829
18073
19115
18162
47901
41690
35150
18054
17540
18102
45242
41691
17358
45242
18162
17298
45608
18521
35107
17298
17397
46738
18162
50609
45360
26166
17318
46752
16888
41273
35392
45596
18067
35083
47785
45242
26185
46669
17417
16876
45876
17397
41691
47222
18057
40986
45596
19115
16847
40291
47785
35365
41265
17540
35340
35392
41273
18127
45596
40996
47884
26166
18102
35166
47708
35091
45285
45469
40986
16876
35201
40996
35107
19111
35157
46752
45608
45427
35221
41273
18063
18113
19111
46792
17417
46792
45360
45285
18162
41002
17425
17318
18178
18178
41002
45883
41265
45469
26206
19102
45489
17417
35091
17497
26185
45242
19115
41691
17534
35395
19111
35365
18521
26166
17335
17024
45608
17358
17425
18178
47764
17425
26185
45531
40986
45242
45489
17312
18113
45463
35395
45913
35192
18521
18178
16888
25468
35360
26155
35091
16888
18178
19102
19111
46396
18521
25027
35391
18178
16847
35364
16888
17335
17024
26197
17425
17358
46423
17534
17313
45427
45456
18054
17497
17425
26206
41273
45489
16888
24683
41273
18178
16888
46396
17425
19064
35192
45245
26176
40996
19111
24731
35201
18057
35360
35163
26176
45522
41265
19111
40996
18073
26166
17336
25005
35157
18102
26176
16906
26233
41265
35157
16888
16888
19115
35364
26206
26233
24687
17312
17425
17358
35391
18067
23577
17534
35362
23598
35192
25005
17425
45531
18502
16847
24683
16805
45419
35121
18521
19111
35163
35201
24646
18178
24978
45463
18521
16888
35216
17425
17313
19102
17318
18113
18502
35163
17312
25493
18776
16906
45958
26166
35364
35360
35145
45958
19115
35145
35391
16906
16773
17425
35362
35124
17312
17336
17415
35364
35157
18776
35215
25002
25057
16888
35201
24922
35216
25073
35192
24683
17336
25393
16796
18776
35121
24978
18073
18905
17318
23598
18054
35163
18067
19102
35201
45918
17425
25005
16906
25493
25475
18178
26176
16767
35145
17312
16805
17436
16773
35145
46396
18521
17024
25057
45245
17497
35215
24922
35124
46423
24646
35362
16906
24687
35201
23598
18113
35216
24731
35364
18957
18057
35364
17312
16757
45419
16734
19079
16805
18189
19064
23577
35391
16757
24880
16852
24683
16927
16734
16927
24936
45495
23598
16906
35163
19102
17336
25189
18067
23598
16927
17351
35216
16838
16738
16773
35124
25057
24922
35391
17530
18178
18502
19115
24687
23640
25185
24687
18996
17302
17436
24880
18178
16868
16918
17494
16868
45918
25005
16757
17415
18521
24705
18867
17421
16838
24880
25315
35124
16918
16883
18522
17518
16796
24943
16927
17436
17436
16734
24712
24712
19064
24880
19079
25005
25493
18847
24943
35211
24936
17338
16738
16738
16883
18873
18178
24669
18178
18502
16852
16883
18905
25143
35124
16927
24705
17451
16757
17494
24705
35391
17351
24687
19079
23555
18957
17835
17421
25315
16734
16918
16924
16904
19115
16883
17494
45918
17528
19196
17530
17451
18521
19064
24961
25393
23558
16890
17531
25478
24922
25315
35211
18867
24922
16780
17302
18847
18178
24943
16780
23639
18873
18189
16904
17494
23647
23666
17338
24936
17380
24876
23639
23619
16904
24829
18169
24936
18957
17391
23666
17451
23647
16919
18534
16958
23555
18873
24936
16918
19079
17367
18996
24669
19102
19196
18172
17528
16819
23666
19073
24943
19102
17479
19079
16908
23408
17835
18873
23619
17403
23640
24816
24876
17351
17530
16919
17530
24712
19079
17380
25315
18781
25412
18270
24829
16958
23735
25412
23999
18522
18914
18534
19046
24852
16780
16780
23555
16904
16797
18873
25143
16819
18847
25412
18172
19073
18996
16883
18957
19071
18534
25143
17403
23508
16908
16800
23408
23408
18420
19079
19079
18172
24791
24852
16947
16904
18169
18867
19136
23666
16800
25107
19046
24899
18420
18867
18464
23408
24791
24791
16780
18914
23735
24844
18105
16819
18522
23756
17403
23449
17364
23467
18996
17353
17403
18867
23735
25107
17403
24876
17391
24809
17364
18781
25107
23711
17380
16940
24809
18856
18169
17835
23711
25412
16948
17367
19044
18957
18270
16780
18534
18996
18512
25918
23467
24899
23999
23999
18867
24844
19071
24050
18890
18781
23487
24061
18867
24809
17511
17516
25342
23439
19046
23391
18420
18512
16904
17750
19123
19044
17347
18867
17391
25528
18867
25528
25342
19046
25419
17516
19123
23711
23711
18996
16947
24809
19044
18880
17835
25125
18867
18880
18996
19044
18464
18408
18890
16782
25412
23467
18511
19230
16948
24844
18105
18777
18256
16797
24763
19044
24809
17750
17835
18880
17610
24791
24876
18420
18880
23439
18777
16800
24791
18880
18511
16780
17479
18867
23864
17348
19123
18984
19136
18464
24903
25999
23508
17403
24763
24765
23518
16940
17750
19136
18984
16797
18464
24061
23391
17747
18996
25125
24050
18990
19051
18880
18777
25586
18512
19033
24809
18511
23408
18512
23508
23391
19123
23452
25640
23439
18867
17825
18854
17690
19044
25999
18528
17808
17516
23487
17610
17825
19051
16948
17344
26011
24796
17347
23391
24158
18256
17825
17747
26011
18512
17825
18270
25647
26050
23487
18337
17747
25640
19033
25665
19044
17633
17598
18511
19165
18880
18464
25828
17682
25342
18509
23391
18482
18990
24796
16947
23473
19230
25125
25509
17348
18511
18834
17677
17747
25680
18984
17842
17682
18777
24765
23391
24478
18439
23864
23408
25680
18990
19165
18854
17825
19044
25509
24809
23380
19123
26050
18408
18880
17690
25342
18464
18439
18854
17682
17747
23370
18528
17633
25586
17808
19230
23452
26011
18801
17597
18482
18509
24158
25828
17816
23391
19181
19033
24158
25342
23370
25419
19051
19230
18270
17841
17747
23380
24415
23380
19033
18337
17690
17516
19181
18597
17842
18834
18256
17598
25761
24415
17677
25680
17644
19028
25665
25665
17633
18256
26094
23966
19028
18990
25509
17644
18337
17644
23944
19230
25672
26094
17763
19046
17932
18801
24478
23921
18984
18482
24478
24201
18482
18297
19051
18447
18990
18262
24765
24157
23487
18967
17344
23966
19181
24765
25903
18475
19123
25983
24201
25658
17841
25680
17904
18990
18973
18597
23370
25983
18322
17597
23370
18297
24415
19033
17816
24201
25828
25983
25571
18447
25627
18801
26094
19181
17682
18408
19230
18389
25610
17932
18297
17816
19224
18475
17763
18801
25680
24415
19181
18597
23921
23370
25781
17628
19123
18475
18352
18389
24158
23419
25790
17841
18280
25627
24159
17644
18476
17682
18752
25610
19028
19181
19228
24159
24201
18337
24497
25781
25816
25790
25846
23944
17598
24230
19247
16364
25903
25846
25571
25610
18297
19051
18475
24159
18396
17704
25571
18984
25903
19247
17904
23328
25781
24157
17932
24497
18801
25601
19184
24201
25227
19230
17816
18008
17904
18352
24080
17780
25623
19224
24316
18752
19199
25816
18943
24415
25837
19199
18476
25887
26094
17726
19181
25782
19247
18476
25790
25782
25781
18681
19228
26075
24478
18447
18352
19168
19247
16364
25571
18806
25772
24031
19230
25571
18984
23325
18313
19184
18008
18280
25837
18389
19224
23325
25846
19199
25790
23930
18984
18285
25739
18806
18752
18451
24489
25363
24428
19181
24159
19247
25627
18040
19011
25739
24159
18313
17816
19224
24152
18984
18362
24316
18681
19183
19168
18984
25237
18373
17912
24159
17786
19028
25948
25739
19224
25887
19184
19228
25782
25772
24463
18474
17786
18008
25601
18474
18681
24492
25887
18040
18752
25961
17628
25961
25227
24152
17624
18943
17704
24210
25739
25772
25623
25227
24027
19028
24152
24080
24230
25948
19186
19247
26091
19186
18988
24080
24080
25747
26091
19184
16364
24424
25739
17786
18988
18451
25601
18373
19228
19217
18752
24428
19028
24210
17903
18291
17707
16364
24316
18396
18451
24027
19168
17694
17768
17628
19247
17912
24463
19247
24080
17786
19183
24031
25952
17624
18586
17903
25739
18681
25864
25758
25772
17707
18474
18040
25237
18285
19217
17624
19168
25739
18943
25222
24223
19259
16335
18362
24223
18577
23957
24492
25363
16364
17694
17912
18044
25227
24223
18917
26091
24210
24293
19186
19068
19228
18567
17707
19008
18676
18676
24031
19247
17768
26042
25739
25222
18605
18396
25729
24550
18008
25747
18917
26091
17903
25952
19228
25227
18767
26114
24027
18586
16526
16335
19122
18567
17903
16526
18044
25864
17903
23957
25747
25864
26042
25288
25871
18767
24293
17903
18234
25758
25288
18917
18605
18767
23930
24489
25729
19207
24463
19179
18349
24463
17721
25961
24080
24463
25747
18291
24130
25248
21255
24108
18393
26139
25747
25747
25744
17707
26072
25871
19228
24326
24223
17991
24473
18541
25747
19008
24326
17710
25729
26042
19247
17994
24080
23949
24276
18577
25222
25952
25744
18282
25948
18676
26072
25864
19186
24495
25747
18234
18706
18567
18393
18676
23930
21377
16364
17994
18393
18567
16723
16382
17939
18706
18917
18282
18767
24550
18044
16325
17694
18044
24405
21255
18676
25306
24248
17721
16325
24072
19186
16479
24240
18349
16335
24240
19207
25222
25306
24563
18605
16382
16335
23949
25288
25744
24276
17894
18668
24130
16364
19122
20619
19068
24248
21221
26042
24248
21953
19249
25747
25871
18676
23949
24240
17710
16364
25729
26139
17991
24083
18605
24240
16463
18706
26042
24405
16526
17694
19007
24563
25747
18760
19122
16479
24108
18546
24130
17894
25269
17576
24454
26072
17987
18607
24463
24083
24080
21594
18715
16429
17994
18349
19186
19186
23894
18917
18760
19008
24240
21255
17939
17994
17898
23894
25306
24473
21036
18541
20619
16390
16463
16334
17576
17576
21528
24467
16463
17622
24288
26125
18607
16364
24093
21377
26116
18541
25859
24080
25269
25306
21221
24467
16411
24248
24240
21369
23894
16325
18607
18368
19186
16723
24495
21036
25843
17991
21036
18706
24372
18368
17994
18760
18541
21970
24405
16687
16687
19207
26139
18048
16390
17894
19207
16289
18349
16493
17939
24072
21594
20619
21970
18368
17873
17710
16526
16334
23894
21970
21255
21036
21221
24467
26139
16429
21970
18705
18760
26042
18668
25248
17576
16687
25843
18048
16479
21953
18349
18048
16334
25269
18546
16348
24633
18715
21528
24353
21475
26135
17622
17894
24129
16555
23776
16390
16360
20475
24622
21342
19008
18607
16360
15955
20619
22834
21267
24622
25843
16526
23813
18668
23894
21036
16475
16429
21293
21146
16463
21528
23894
21204
18201
21382
23894
18705
16429
16429
21641
24129
15476
18247
21538
23813
18705
21342
16687
18760
18247
21538
21641
24467
15114
25843
17574
16299
18561
24353
18561
15266
26135
15955
21932
18607
21329
17710
15511
16687
24372
23776
16429
20475
16209
21342
17987
21932
18700
18237
18014
14205
18722
16475
21528
24093
23813
24377
17964
15725
21565
22002
16485
22103
21528
25269
16485
21329
17964
16723
18760
25843
21146
15511
15725
21565
21329
16429
17622
23776
21031
16348
21382
21600
22834
22002
18546
21970
16555
24633
16334
17987
21163
21475
60081
22002
21293
21054
18201
23813
16360
21329
16325
21990
21243
23001
24372
16555
16483
14205
21146
18760
23894
21970
24372
21932
15725
17873
21528
15955
17964
24467
60081
15493
18014
21204
15158
21641
21932
18222
21397
17574
18722
21402
17569
21967
18201
17569
16723
17576
21163
18700
24607
21350
22103
15476
16429
16429
15493
16687
24607
15511
16209
15114
21475
22980
17590
22775
15114
21204
14205
21324
21967
18622
15725
18722
17888
21600
17873
16321
21054
16209
21332
21350
15269
17894
21628
21565
18222
18700
15228
15511
24377
15226
17888
24093
14205
21031
21324
21528
22993
23813
21565
22775
23774
21928
16485
21565
21243
23051
23305
21967
21204
23840
23305
17574
15511
22103
21528
16723
24610
17888
22980
21928
21565
21600
16687
17569
15902
16555
21243
16719
21402
21163
21945
16307
21350
21163
21281
21281
14217
16140
23305
14217
21565
16431
21945
16426
15493
16483
14251
17948
22105
18201
21528
15269
22775
18722
17964
15226
15935
17888
21102
21565
21967
22975
21163
23305
18222
15935
20482
18561
23840
15426
21088
17948
21332
22976
16719
17590
21204
22105
15141
21088
16687
18235
14545
15482
20993
15426
16555
24607
22980
15158
21173
15511
21600
23280
21600
16321
21281
21945
16431
22107
15902
17974
24467
21565
16483
23051
15228
21163
21628
21565
20482
24613
21945
21990
20646
14240
16719
22976
17590
22105
18648
15269
21584
21990
15479
21397
21204
21687
21528
16237
21102
16555
15511
14203
21281
14251
16723
21397
24467
22156
15928
15928
18222
23764
21990
16237
17879
18235
15158
23288
17590
15484
20646
15902
23774
21173
21095
22165
21945
23305
18611
18222
20993
14545
15729
20656
16699
23280
21064
23272
21397
17974
15482
21173
18608
22808
24613
15592
22910
21687
21128
14217
21584
15426
22958
20993
15592
14349
21475
24467
17879
21118
22156
15273
15141
16431
23272
21989
17946
21699
21064
22107
15951
21945
21064
21945
21397
21739
23272
15933
16305
22808
21028
21397
21064
18218
23288
22135
22105
21990
21687
21565
16235
19269
21739
16723
22847
15482
16140
21013
16723
15484
17958
21151
18748
22847
24613
15482
21028
21990
14349
20511
20517
60081
15928
20948
16307
21917
18331
22919
22107
22904
15504
15902
20511
14240
21687
22165
14259
21071
16437
20578
16109
15729
20540
21730
14238
23774
14310
21397
18235
17948
21071
21397
22165
21739
20544
16145
15802
22165
22291
23774
20780
14616
15933
20938
21475
15933
23764
16437
22117
22847
18331
23077
23077
21989
17974
15729
16723
16235
14217
15956
16130
16437
21945
20496
15924
21584
22089
14306
20540
21699
22134
15222
22117
22165
14259
20938
20948
22291
24613
16107
23051
21028
15504
18608
15594
21989
16140
15141
21989
22854
22919
23060
20780
15482
21888
15482
20517
17946
22135
15825
17974
21888
15592
23051
18648
18331
20578
21730
17974
22349
15466
14259
18637
22165
20948
22156
19271
20938
17980
20639
14238
18784
15491
21013
19280
60081
14306
14245
20938
22135
15924
22954
22008
16261
20551
15825
22954
18748
16314
15466
21584
21892
14245
15956
21006
22008
22156
20508
20938
15246
14564
15246
21900
15760
15246
20948
20511
21584
22757
22349
21006
16235
15504
14306
22919
20584
14085
17946
17590
16109
23026
22107
22435
22084
22954
15491
22117
23026
15594
21716
17589
20578
23288
20496
22143
23288
22143
22760
14358
14294
20639
15216
22745
21712
60081
22954
15517
15825
21006
15760
20948
60081
22854
20551
20780
16261
22008
22781
15431
21989
22008
14259
15760
22919
20584
14358
19271
23060
17946
15933
14259
15432
15802
15282
18648
15466
15573
17980
19266
16145
18650
15504
15459
14085
18784
14367
15504
17980
14060
22184
22961
22760
20742
22412
16226
21016
20744
15279
11969
22418
15459
20780
21845
16261
22052
21712
21906
14294
15827
21945
16226
20920
20578
22873
15517
15432
14601
20730
18784
21699
23041
15282
23026
21873
20657
23101
16130
22961
20948
22435
21900
18637
23026
22745
14586
15517
21932
21720
15491
15956
15222
18650
23075
15840
15517
22074
22034
14367
19266
16130
15279
22143
20730
16504
14328
14324
16109
15459
14297
22745
15288
22961
14578
20948
22008
15573
16191
22961
22873
20657
14074
14328
20744
15212
15338
22008
15802
22418
18794
16130
15802
21006
21778
22445
15825
20742
14288
14586
23075
15338
23101
21699
15210
21873
15491
14586
21716
22388
22143
22961
21845
21884
14509
11966
14080
22745
16074
15289
17980
22074
23026
22873
15956
15279
15517
14060
21811
18794
16145
20584
16261
11969
16175
22745
21511
14297
14302
20948
21763
23075
15840
15491
14288
15319
22396
16203
23026
14074
14300
16500
14060
21932
15319
14328
15466
15288
23101
11969
14288
16188
23111
20938
15840
15827
23026
20584
17980
14964
20742
14959
22031
18784
22429
15210
14106
15212
20601
22896
21778
17980
23115
22873
21811
14302
14509
15199
22752
16191
15541
16188
23111
15466
21884
21720
21720
20738
14360
22309
14288
21976
20657
20948
15491
22025
14586
15517
15308
21851
15670
14057
15212
21496
20738
21511
16500
21873
21006
22544
14297
22896
14583
14360
22061
22025
22302
21719
23075
23115
14583
14553
21720
14603
23079
23026
21458
14369
15199
15760
21881
22302
11969
15293
16090
22396
21851
20948
23026
22300
21778
15319
15199
14300
22388
15541
16172
16368
20742
23111
16267
14853
16090
14369
14126
23115
22300
22047
16261
21851
15563
14369
15874
16191
15293
14300
15517
14964
16271
13637
15842
15319
13951
15289
16074
14286
22544
22302
20742
14394
16191
21881
14074
16175
22752
15529
14103
23115
23026
15670
22360
22388
20966
23026
15559
22896
17980
21881
11969
13951
16203
14369
20920
15842
14553
22309
22740
23079
15541
22309
14583
15468
13173
20938
20920
16267
23112
16271
15386
21559
14603
15303
22388
14126
14103
15288
16500
22258
11969
20738
14057
15517
21496
16096
21458
22219
22502
13951
15514
20601
15201
14583
21436
14394
21719
15315
22896
14603
16395
22022
15201
21976
14369
22022
16296
15345
15303
14026
20966
22309
15288
22544
23249
21835
21881
14103
21881
22658
20970
12069
21789
15315
14399
21665
22740
14126
22507
15345
15822
22316
14384
16267
22456
15790
14380
16271
20718
14399
22581
16267
15563
15559
14583
20718
11935
14553
11969
16271
15085
15514
14384
22613
14057
15529
14849
14470
15386
20601
22544
14597
14581
21496
21789
15468
13574
16096
11969
14959
16203
22316
16395
16175
15874
20966
21803
21559
15303
21803
14125
14852
14496
21665
14380
22456
15517
22585
21835
14853
20970
15514
14470
14128
15558
15389
23079
14380
20918
15529
15345
10746
20836
16158
16267
12069
15389
10746
12589
21835
15676
22507
14057
22727
22658
15303
14583
14695
14057
15468
15296
15689
16158
20718
15790
12589
16395
22613
23146
20865
14695
15386
22613
14125
13657
14398
14597
14384
13942
15874
14384
13951
16146
15296
15620
14581
16191
22728
10762
20918
11224
23179
14597
15529
15676
11966
13574
12069
20918
23146
22727
14496
22728
14849
14695
22316
23150
14484
14597
15689
12323
16255
22476
15822
21862
21803
13663
16540
15689
15389
15410
15558
15554
14470
10746
13663
21461
13547
14013
22316
16264
16203
14849
22727
21835
23200
14488
15689
20865
22585
11909
11224
21789
14488
15083
10767
15620
14484
22574
22365
22896
16392
16392
23138
14959
22728
13663
16200
14057
15695
10767
13950
22581
14470
12914
14125
14695
14116
14398
14042
20865
15695
22476
15547
14973
20836
16158
20849
15083
16393
21835
12033
14687
14581
20836
15389
15400
16158
14496
20975
16540
11224
15418
14025
10492
14496
14687
20862
11909
15660
10687
14496
14849
14009
15400
13663
15634
15660
15620
22569
16414
12087
23150
16175
16264
14981
10492
14047
15410
11169
11169
10731
22306
15620
11344
15389
14695
16255
14496
14473
21803
12575
16082
10762
13801
22306
12575
23138
12331
23238
23179
16255
21803
20765
22569
23182
11344
20865
22365
12592
10746
10746
15625
15090
11177
15634
20765
14489
14828
14699
20970
14125
12575
15396
16540
13963
20862
14072
14649
10483
23211
22476
14470
14398
12914
11624
16175
15400
11177
14095
14499
14013
14485
21803
15695
20801
13663
14095
14020
11231
14072
20849
13801
15443
22495
20975
16082
14831
15634
20911
15547
15702
11188
14649
14047
12605
23182
12309
16264
23182
11880
14649
16255
15547
20975
15410
22492
14699
20808
15083
14514
15702
10687
10498
14095
14473
14687
15396
15634
10678
14699
10687
20911
14649
14642
11631
14020
16146
14095
11320
20765
14514
10549
11880
16158
15681
23226
14828
13152
11625
22495
14489
12303
22625
15410
11631
15634
10678
21803
14437
13196
14514
12914
15418
16540
15625
20801
12087
14499
14485
22652
10549
15695
20765
14699
16392
10492
11880
23218
14852
16163
15400
11320
12197
14699
10492
20911
14514
11215
12133
20808
12949
16255
15634
13660
10492
15090
11624
14831
14687
15346
12363
10810
14699
22574
15620
15634
10549
12309
22492
14513
14699
11208
11186
14981
12750
20911
10922
12018
10922
20753
15634
14473
23166
16570
15355
22569
20975
12290
23226
14437
10922
12600
11186
16392
12197
12978
13963
13963
12025
14828
14849
13970
14519
12460
12914
20753
23218
20808
12432
14699
12460
15681
12820
11624
15090
22520
20801
15625
12087
15634
10810
15061
12832
15090
14009
12820
14514
14653
10526
12566
10492
12750
12832
12949
12820
12832
12826
15361
20890
11245
12832
14009
10687
11333
15367
16061
12303
13191
22713
11624
11624
20862
15400
11208
12447
15348
10498
14437
12813
23218
11642
14016
14519
10526
11347
12813
13786
22701
20765
12018
12447
12820
10492
20911
14831
22526
12586
16264
23226
13963
11186
23166
12498
11998
22625
11275
12432
20862
13191
15964
12832
15367
15364
14831
11344
14519
20890
11624
12181
13152
11347
12935
22492
11576
11624
10810
12025
11333
16392
14653
15987
11642
23218
12586
14485
16163
12839
14653
15361
22701
15613
20862
11301
13191
11624
11998
15361
10526
20753
20753
20890
23180
13272
13663
14513
14437
11576
13735
12586
15063
15346
12949
13272
12498
11624
20975
11559
12978
12935
12949
14519
14519
15006
12839
10917
13191
14653
14009
11895
15006
20872
14438
22631
11900
12181
13223
23180
16061
16063
12586
14435
15613
11576
22713
15061
15090
15069
12498
11900
11923
13660
20881
22520
14428
10922
12181
12978
12018
15348
20890
12018
11923
20881
12525
10953
12447
11900
13791
11998
15063
13618
12586
11128
15377
14009
12978
11333
14512
13152
12447
11900
16540
11559
11572
22634
15375
11900
12181
13786
14016
11331
20858
23218
12586
12018
14428
12477
14831
11344
12477
11759
23218
11854
15638
14016
11572
12453
10937
15331
12477
13191
11156
12018
12428
23180
14512
22703
15723
11993
15375
12453
11491
11900
14451
11559
12453
22701
13660
11759
23180
14830
15965
13660
22703
12477
11642
15346
13600
20858
11344
12978
15348
11583
11998
12935
22701
11854
15006
15441
12453
23218
13191
13229
14448
11998
20858
22677
13600
11200
12935
11156
11156
23218
11499
11559
12428
11759
22634
13760
22526
15069
22526
11920
15382
11200
14518
14522
11835
14512
12453
13234
13191
12690
14448
12159
13735
13742
12502
11572
15322
13618
15006
14009
11156
13191
20881
11491
13791
22703
14808
12159
10953
14831
12655
11583
11499
13684
13472
14518
12655
10874
13738
12949
14831
11835
11993
11090
11920
22677
14428
14518
11107
12655
23218
11824
13886
13886
11156
11824
22701
14517
12935
15346
22677
12502
14448
11107
11487
14847
11107
22703
13145
22631
13684
11107
11090
13216
11090
12935
12684
12935
14522
14448
15965
12502
11200
13265
13505
10643
13234
13873
15965
13631
12949
14448
16063
15346
13635
13261
11128
11559
15965
13216
13600
14522
12684
12935
11080
12935
15382
11090
15322
11778
22634
12096
13125
14793
14830
14517
11475
22526
15070
15723
11518
22631
11107
13286
13888
11475
12502
11090
12935
11077
13684
15006
11140
13635
11583
11080
11128
14522
13600
11821
15441
11491
14522
13286
13505
11814
11090
15322
12682
13626
12502
12949
10643
11499
11119
11694
16006
14796
15965
15723
11504
13976
15723
16606
14836
16650
13618
13472
11140
13635
11080
13893
13551
11119
11518
13600
13626
15444
22529
11119
13684
13631
14518
14839
12668
14522
14814
10811
13550
11773
11084
11467
11470
13125
13907
11504
13873
14839
11074
14836
10890
13738
13505
14793
10811
12093
11694
13227
12949
15997
12949
11541
16650
22529
13551
14785
13888
12682
16006
13145
14713
14522
12682
10896
11074
12783
13626
16006
13626
13258
14796
13125
13286
11401
13486
11084
10811
11470
13631
10890
13505
15723
12668
16650
15723
11084
15444
11790
14669
13177
13286
14669
13893
11533
11470
11467
14819
14953
15723
11119
12884
13907
13626
10896
11448
11396
10896
15322
16059
13114
13177
13878
15723
13488
13626
11504
13114
11084
14940
11541
13076
13082
11119
16029
13551
11401
12848
15328
13295
13810
13258
15723
13893
10842
14803
15322
11800
13486
14713
10896
11121
15736
11396
13456
11813
10842
13082
11813
13480
11462
15723
13480
11800
10899
11448
13076
13456
11383
13076
14713
11430
13177
13125
15322
11448
13893
14940
12783
12783
14946
11430
12617
14813
11758
11009
13985
11525
13295
19708
13875
12894
13125
11430
15723
11121
15328
13456
13992
11525
13562
16049
16018
14730
13082
14839
11121
13394
13101
11869
14407
13101
12611
13907
13985
13177
11461
13101
10899
13125
11013
14664
11430
16022
13313
14664
13076
11462
13394
11433
11758
16049
13076
11448
13480
11121
13847
13562
12553
11044
14823
10575
13076
13847
12617
13076
13893
15322
11721
11609
16029
13435
11869
13460
15716
11044
12611
11737
14946
11462
13082
16049
12909
12611
19392
19938
14407
11432
12543
19938
11044
11013
15716
14730
13408
11869
13442
10617
13002
13847
13408
11721
10575
10503
12352
13068
10987
10987
13435
11464
11061
13082
11061
19768
10503
13456
16022
10987
14806
14628
11720
16018
11443
12352
11729
15322
13334
13313
11432
10570
16029
11717
11464
13456
14715
13394
12542
19710
13847
12611
15736
11464
15022
13847
19938
13859
12342
19976
14813
12611
13009
10503
11721
11464
13847
10987
10987
10602
13408
19768
16022
15322
11729
14922
15022
11044
11721
12543
13409
12342
13435
13069
11065
11061
19938
14715
13435
15181
12543
12540
10570
13334
12543
10570
12543
11729
13096
13391
10572
13065
11720
14922
13350
13435
10599
12543
19461
15716
19802
13387
16022
14628
11729
20373
13009
19710
11065
10572
13847
13859
13054
14928
10602
19802
11061
12352
19364
12611
11717
16022
11729
15181
12543
12611
10618
13697
14715
13069
10987
13451
11717
11065
15716
20373
11001
13387
11001
10599
15181
15181
19802
13859
11729
13339
16022
19779
13346
10523
11721
15181
12543
16022
11717
13339
14936
16056
12561
19916
20196
13346
10599
13695
10501
13065
13009
11743
12611
13390
16056
15181
13350
19488
11615
19916
11717
11743
15193
12543
10618
19388
15192
19950
12540
12528
13366
12220
13391
16056
11021
12540
12528
12543
15181
13854
11743
16056
11717
20196
11021
19779
15192
10513
15181
11717
19379
16056
13390
10984
13695
13391
19461
10523
19916
20373
11021
10501
14936
11743
11729
10513
12561
13096
11606
13334
12528
14161
19950
20196
12337
13324
19908
11723
13854
11615
14161
11615
10606
15192
13040
19739
16022
10518
15192
13324
15193
10604
12540
12528
19657
12337
12337
10501
19379
11723
13346
19908
12528
11723
12537
11723
11602
13057
12337
10523
15192
13366
14936
13013
20373
12229
12561
11602
15192
12229
13013
19461
19805
12528
19367
11723
12220
11723
11021
19388
12528
13350
15187
13020
12528
13057
14270
12528
19950
12528
15025
19942
19942
13695
13350
10523
11060
11014
10518
10621
12540
11606
10507
13854
13815
10592
10523
11021
19805
13346
15187
11615
14270
10518
15187
12537
15192
15022
14161
14270
11723
12226
13344
13025
13040
10523
11060
12528
11060
12528
10444
13057
19820
11035
13025
12226
11723
10559
15187
19739
13025
10592
10587
13016
12987
20215
13322
13361
13361
13040
15022
15192
10614
13057
13324
20378
15187
19379
10625
10614
15192
12987
11035
11057
12135
13016
14936
12528
10592
12528
20378
19514
15187
13840
15187
11014
11035
13024
14262
12135
13361
13057
19839
19950
14161
15022
20215
12528
12221
14928
13854
19731
15027
13020
19514
13344
13854
13356
12221
11035
14900
10587
15027
11060
10559
13024
10592
19379
19839
12135
10614
12179
19389
10625
13840
10559
13025
13356
14262
14161
13024
19367
10639
10559
12271
11035
19657
19389
13344
19820
13018
19699
10625
12135
13033
15027
19514
19820
13018
13018
10592
15027
15187
13025
19726
13024
12989
10625
13840
10587
19950
10631
20215
19514
15027
13024
19839
12135
10625
11026
10587
11597
11026
12135
10625
14915
10559
10631
12283
13344
12119
20378
12167
11026
15187
13018
12272
13025
19514
12275
19514
10639
19680
19858
14900
19680
19514
10631
12119
12167
12275
19839
19820
13840
20373
12272
15033
10631
12135
11597
12135
10637
11026
10637
19462
19660
14915
12167
12164
12283
10637
10631
13025
10639
19514
14915
12272
19950
10637
12135
12232
12135
12232
12236
12167
19858
13356
20221
14771
19699
12164
11026
13356
20329
12267
14150
14918
20373
12236
12236
10637
19950
12236
12236
13823
10566
10637
19731
19504
20329
12267
12164
20329
12140
59104
13821
13823
12164
20373
10566
15033
12146
14918
19343
10566
19462
13712
20378
19514
13702
14859
19514
12247
13702
10566
12140
12267
14859
12140
20286
19832
12284
14771
19451
19688
12163
20329
13823
20314
19462
13823
12164
13997
12247
13712
13702
19660
19504
20329
19660
12099
19527
59104
19451
12146
12247
59104
59104
14869
12140
20286
12099
20329
19527
14902
13997
19417
20182
14869
19514
12099
19504
20182
14771
19950
20111
13997
12146
14869
12146
12140
20111
20378
19417
19527
20273
20378
19640
20273
20111
20037
14869
19313
19983
14869
20314
19446
20037
14770
14902
12146
20329
19313
14770
20286
12146
14869
20380
19630
19504
19551
19446
20182
20184
19551
19640
20329
20273
19983
20314
20175
14869
20111
20215
19983
19543
19284
19585
20273
20378
20294
20129
14869
14892
20215
14892
20108
59104
19881
12146
20329
20380
45111
19585
20215
20184
20378
20380
45104
20108
59104
20111
20171
45104
19543
20011
20158
14779
20129
20128
20329
19590
19551
20294
20111
20103
20184
59293
20184
19887
59293
59205
59205
20186
19551
20148
19889
20329
20444
19887
20011
59232
20294
59115
44879
20329
20108
20029
59115
19548
59205
58263
44882
19284
45076
20108
20014
59232
59115
59221
19284
20148
19992
59115
19590
58263
59104
44884
44864
59250
20294
58170
59104
44884
57539
20186
44883
59274
20186
20416
19548
59115
20029
19551
44895
58170
58108
19284
44882
59221
59221
59264
59104
57539
44864
58263
59264
58263
59250
59104
57539
59104
19590
59250
45076
44779
59274
44883
20016
19284
20011
58125
58170
19551
44779
44879
45010
59221
58149
20186
20093
58234
58108
20093
59274
44806
59104
19548
20093
58234
58149
57451
58149
59164
57451
58205
44782
44782
58205
58108
59274
45076
19284
57431
59147
59147
57431
58234
44980
44779
57539
19548
44779
19284
45019
44754
45010
58114
45019
58152
44914
59106
58209
58278
45010
44895
19284
58231
58125
57550
59164
44918
57517
44806
58220
44806
58209
58220
58278
44879
44879
45053
57399
58312
58152
58383
44914
44953
57431
58383
58322
44895
59106
44914
57476
44944
58190
57498
58114
44794
44754
44779
58312
58190
58308
58410
59106
58293
57588
58383
44754
57498
57588
58410
44918
44801
59106
57434
57434
59147
43777
58190
58322
57476
44963
44754
44815
44980
58308
58289
44984
57588
57476
44953
57588
43777
57399
59024
57580
58354
44940
44895
58849
44953
57588
44944
58289
44980
44815
57603
57399
44914
44794
44914
44801
44980
44801
44963
58849
44827
44963
44850
43777
58107
59094
44984
44801
57465
41886
43543
58412
57434
59050
44984
59028
58354
58165
44295
44968
44953
44980
44295
58354
44850
44953
58410
43777
59035
44892
44410
57580
57465
59050
44751
44980
55703
58165
44620
58107
57603
44295
44970
43777
44295
44827
44816
44620
43543
55680
43543
44980
44940
43777
57422
58972
41886
44968
57422
44963
44064
44827
44620
55654
44968
43631
59035
43631
44892
55680
43815
44953
44980
44816
55703
58972
45153
42983
44892
57649
44940
42983
44620
44751
43631
44295
44980
59035
57422
55471
55654
58354
59035
44620
44856
57465
55649
44968
41886
44980
44751
44064
58735
43785
41886
43543
44462
43758
44980
42387
58986
44968
42983
58557
57392
44462
58830
57626
43741
44816
58986
55471
44970
45153
55471
44768
58557
57626
55482
42387
44462
44856
43758
44968
44968
44462
57649
57392
57638
44493
58557
43358
58343
43785
55482
44861
55482
44816
41886
45153
42387
43758
43758
44201
42983
58788
44968
58709
44816
42381
58433
44201
44968
44201
58884
44186
44968
43598
45153
58709
44968
58917
58891
58967
44493
44768
42983
58735
43741
58327
43741
45153
43741
58884
58884
44968
42387
58917
43741
44968
58327
58884
42387
41886
44379
58433
42278
57392
44379
44186
58967
45158
42387
57649
44861
42376
44493
43358
58891
42387
42983
42331
42387
58496
43358
43718
42983
42384
42381
45153
42346
44186
42384
44186
44768
42387
58884
57699
42384
57654
43716
44861
43358
57696
42983
42389
42983
58788
58901
42384
42384
42376
42983
43718
58327
57816
45158
43718
43383
45158
57677
44267
44861
58433
42384
42983
57761
44861
42346
44186
57649
58830
43416
43718
57761
43718
44186
42384
44267
42346
58537
55345
43718
42564
44186
42350
58735
42389
57444
42371
44186
44201
57733
43700
44861
58701
58788
43718
42564
42371
42376
42389
44186
42389
42384
58830
43014
43383
58718
42278
44186
45158
57677
58496
42384
44861
43713
57816
42278
57699
44186
55267
42564
43716
44861
43718
42353
42331
58433
57816
42214
42346
43656
44267
44186
58718
57897
42389
42346
42371
43713
42371
57699
57761
42376
43713
42331
43700
57608
43689
42561
58759
42561
43707
42389
43718
57897
43707
42350
42350
43713
42389
58537
44231
42389
42214
57677
42384
44861
43713
42371
58508
55267
42337
57763
44177
43689
44177
42320
42384
44186
58830
43707
42389
45159
44177
43700
42350
42272
58492
42353
44861
41992
57643
42353
42389
58718
44186
44186
42384
42350
55267
42389
58759
45159
58830
57941
58718
56263
44120
42371
42218
58788
41992
44231
57444
43700
41992
42260
43707
42350
42561
42331
42272
42569
43689
42218
57813
56875
42218
42316
57994
42080
57994
57608
57941
42337
41992
42616
58822
57763
42353
58450
57763
44120
44186
42350
58450
42561
56263
58688
57773
57677
42337
43707
57796
43689
42350
42350
57103
44120
42218
42080
44120
42080
57796
57773
42140
42337
44120
44120
57796
42389
42616
56977
41992
42569
43707
42325
42252
58822
42260
41992
57763
42260
57103
43689
55951
42252
41992
42316
57796
42350
42252
42610
41992
58450
43707
42350
43171
56977
58807
42260
42218
42272
43707
45159
56062
42350
58718
42218
42610
57986
42252
42260
57994
42252
42841
42350
57726
42331
56977
43707
43171
42085
43689
44120
57813
58807
56875
42080
57813
42768
42080
56977
42346
42140
42316
41992
42331
42140
43689
58061
44109
42325
57994
43171
42616
57982
43689
42122
42260
58450
56062
42252
55951
44109
57994
42140
43700
42252
57796
42252
42260
57958
43689
56213
42085
57986
42218
42841
43700
57813
42260
56025
57103
42316
44109
42260
42218
42122
42346
42346
42080
43689
57186
42218
42122
42085
42264
58450
57986
42140
57186
42151
42899
42508
56981
42350
43700
45159
56167
57773
42325
42289
42260
42616
42085
57193
56981
42325
57193
42122
56594
42252
42080
42151
42122
57103
42151
56025
42887
56213
42899
42218
42080
42316
42887
58014
42122
42346
58039
42252
42264
57132
57186
55911
42151
42085
56167
57193
42289
42122
42151
42080
42085
57061
42151
42080
42151
56025
57186
56981
42264
42122
42264
56201
57974
42325
42122
45159
57151
57092
42209
42151
42140
42289
42151
42085
56594
42264
42151
42887
42080
57974
57186
42209
42346
42346
42085
42314
57103
57140
42080
56086
56594
42151
42122
57151
58014
42247
42891
42264
42289
57189
57151
42899
56498
42085
56113
56201
57189
42128
57018
57034
42085
42209
42128
57092
42080
42314
42247
42085
42151
56113
42346
57193
42289
42314
42151
57986
42887
56086
42085
57185
42068
42247
58014
42314
42185
57132
57140
56647
56594
56647
57189
42088
42151
42887
42314
42230
42209
42247
42088
42302
42289
42128
42080
42209
57098
56493
56846
57158
57177
56671
42185
42085
42118
42302
56538
42289
56594
42151
42887
57116
42209
42247
42068
42230
42068
42247
57116
42000
42247
42289
42068
42068
57098
42209
56846
42302
56642
57115
42000
42088
42128
42239
42088
42887
42302
42247
56671
57146
42185
57103
57239
42158
42118
42239
42209
42088
56493
42118
57158
42230
42239
42239
56596
42068
56538
42202
57098
42158
42090
57376
42209
42302
56671
42068
42158
56647
42068
42887
42185
42000
56594
57239
42185
42202
42088
42096
57146
56596
57115
56771
42239
42158
56846
42185
42302
42096
42068
57258
42302
42000
42088
57115
42000
42007
42090
56551
42068
57146
42088
56574
42202
42007
42000
56596
56596
42158
42090
57158
57376
56771
56591
42158
42202
56596
42068
42291
42291
57258
42302
42291
56832
42040
57207
56643
57146
42040
56551
42090
57366
42185
42007
57146
57115
56591
56551
56792
42291
57335
56609
42291
42090
56771
42000
56609
57366
42239
42040
57128
56832
57279
42291
42202
42096
42040
57207
56776
57146
42108
42040
57335
42007
42108
42040
56781
57146
42202
42007
56719
42169
57279
42157
42169
42043
56899
56690
56771
42157
42090
56678
42089
57279
42157
57335
42089
42040
56792
56899
56690
56792
56768
57146
42043
42043
57128
41974
57300
57128
42090
42043
56598
41974
42172
56730
57146
56719
56678
56730
56735
42108
41954
56899
42157
56771
41974
57300
42169
57300
42096
56616
56722
56580
56722
42043
42096
56735
42096
57335
56776
57300
57279
56904
42043
57335
41974
42089
42169
42157
56730
56775
56768
56904
57300
42169
56722
56735
42022
56580
56806
42057
41954
56735
41954
56616
42172
57240
56722
42169
57335
57242
56911
42022
56806
56605
56775
56616
56904
42057
56806
57242
41954
57240
42172
56722
42022
42169
41954
56806
42169
56904
57240
42033
42033
41984
42169
56605
56904
56735
56911
42169
41954
56750
42057
56904
41952
56911
42022
41952
56605
41984
42057
56708
56787
57240
57242
56787
57240
56605
56750
56750
57386
57386
41952
41952
56750
42172
56708
57240
41952
42033
41984
42033
41925
56787
42172
57386
56855
41952
42172
42033
56708
42172
56920
56787
56787
42033
42172
56403
56605
41988
56708
42033
56752
41988
41925
56920
56363
56752
41931
41988
56752
41988
41988
56403
56855
56855
56752
56382
56363
41931
56386
56386
41931
41925
41931
56386
41988
41988
41925
41931
41931
41931
41931
41931
7394
6023
6736
38666
38780
38689
37137
38666
38780
38780
37174
38703
38739
38709
37174
38709
37137
