13908
13908
4998
5494
13908
13899
13901
4998
13901
4883
5494
4845
14009
13899
4984
2341
5005
2341
5005
4883
2341
10151
10151
4984
2355
2339
2365
10211
5006
10156
5612
5612
13078
15245
20674
2335
20674
10145
14009
5700
2355
13078
2341
20674
5006
13033
4953
10172
15246
10188
10159
4845
5722
5607
15245
13026
13078
14067
13078
2365
5001
2335
13033
5642
10207
15257
10156
15257
5607
10180
4984
10207
2335
2341
13887
10170
18439
10159
13033
14243
13980
10172
8520
9905
5614
10237
18439
5006
13059
5484
5638
10162
5656
4873
4871
15245
5630
9916
10034
10677
5626
10199
16655
10192
15257
10088
20605
5722
10192
4984
5642
10238
15245
13893
10162
20605
9905
5630
16959
5612
14067
10214
15257
19189
16378
16655
14009
20686
20686
10159
19189
10297
2355
10677
2365
10180
10247
9916
13040
2335
16655
13036
10192
15257
2335
19191
13094
16378
10677
9978
13092
16655
10247
4880
16655
20672
9978
10234
20612
10199
9916
15257
10677
13893
8520
10034
13095
16633
16299
13036
20609
20684
20672
14009
5692
10234
20609
10162
13980
10677
16258
10247
20672
5642
15245
16633
2341
19189
5632
13026
2365
10752
4984
5692
16378
5624
19189
10238
13094
10752
2365
13092
10297
4983
2358
15245
13094
14067
13040
16322
2318
4984
20684
9953
2335
5722
10159
14243
9978
4844
10309
4871
16378
20619
8203
16456
8510
4844
5624
19189
20619
4880
16467
13954
5619
18443
13095
16456
10196
18443
16633
8509
16633
8467
9916
10247
5722
16456
8487
9958
4880
20684
20612
8192
18439
8467
15245
18443
13954
9958
18443
19189
8203
5632
8511
8186
9958
5518
8192
4984
13980
5624
8510
10752
5632
20684
18443
10752
13094
13949
13949
5722
15245
5692
19189
8487
10196
9953
10752
20619
13062
10309
10752
13094
8185
10247
5006
10752
5619
13094
16467
8467
10159
16633
20619
9937
9978
2362
9958
2362
10234
9953
10752
14243
16633
9958
9958
5092
16322
5624
20612
8509
13036
8467
15216
16633
10356
10234
16322
16467
13026
16473
4983
5001
5543
18443
2358
10159
5518
14067
13993
8182
13062
10311
10234
15195
9937
19189
13040
16473
2341
15195
13100
9953
13062
15257
16959
18439
10250
13954
5518
5692
8185
13095
8486
4984
10733
5624
16473
9958
5692
18443
6301
15236
5694
15245
5624
5441
16467
16467
5001
10356
2200
16963
16424
10356
5694
10361
16473
16467
15211
13062
8509
5087
8504
5420
4984
18443
15211
10752
16322
20684
5067
5102
20684
2335
5619
14009
13993
15216
18443
10250
5404
8182
13062
9937
8467
15211
10234
15211
4871
15216
10159
16959
15211
5543
5692
5624
15236
13040
10366
5087
5692
13949
2168
15211
4871
13026
18439
20684
16424
5518
13054
5067
5046
2318
8510
8491
5518
15211
13949
16473
10677
10752
10400
8470
8182
16467
19172
16473
16963
5051
10113
2198
8185
18443
16473
18439
8486
6301
8197
5087
5430
15211
2425
8182
4871
16322
15211
13100
10312
13095
5424
4984
5424
5587
8197
16959
10392
8197
10361
15195
13993
14258
18443
10250
9950
2191
8470
10400
14009
5441
10366
8487
19172
8467
8185
16963
5461
10311
5051
15211
2191
5441
8182
5430
5404
9950
10234
5067
5406
10250
5424
4984
8495
5430
2335
15236
2286
16473
16467
10361
15195
5455
16473
15211
5046
16450
8483
5050
16424
13993
5050
5430
10159
5051
9950
13048
8491
16963
5424
6285
10311
10269
8495
10366
2318
8185
8197
2168
6285
5050
10746
15236
5587
5068
13062
10400
15236
5402
20684
16456
15211
9937
5041
10400
5068
10746
16450
5041
13143
16473
16467
10265
10392
13123
10373
9937
13123
5404
10366
6285
2168
2168
2377
10265
15216
16450
2406
10269
2191
10373
5406
10604
20722
6305
10269
16446
5587
13123
5041
6289
4984
6305
16446
8461
5406
5441
10366
5404
10269
10373
2406
2276
8486
2313
10265
5441
4984
8197
2191
13941
13048
10400
20722
20722
15211
10250
10373
5587
10732
10604
5455
16444
6305
10743
5587
14258
4984
5461
10373
2276
13098
10269
2377
6289
10604
5587
10265
10265
15236
5041
10746
10269
13123
6289
5406
15211
5587
13108
13108
10400
10604
13143
5455
10732
5406
10400
10743
10366
10743
16450
10746
14258
10400
8154
8184
10329
14258
10743
5461
10583
5587
5592
10732
8470
15195
5455
16444
15211
5388
10743
10746
5592
8498
2191
10264
10400
2286
10732
8154
10403
10583
10604
13143
10250
5028
5028
2191
2168
8470
10255
13098
5455
2377
10370
5388
15195
10746
8154
10255
13098
8457
10583
10746
5592
8456
10255
5030
10370
10403
5388
13941
2162
20722
13048
8155
5030
13143
10645
10403
8199
13048
5020
2157
2155
10585
10400
8461
2377
15468
8457
13320
10264
8184
8184
20722
8461
8155
13320
8470
2276
5452
5452
13143
10400
5020
5452
8199
13143
5030
15156
2189
10264
2324
10589
15195
8154
10589
2400
13941
8457
2294
8161
8456
2294
5020
13336
2276
5030
15468
8498
5452
10400
10264
13140
2155
10645
15195
13336
13128
13048
2189
10264
13336
8592
10631
8161
8479
5017
8461
8154
2157
8199
2162
13320
2400
15468
8202
8154
5030
8208
5452
2157
2162
2381
8456
13143
8461
2192
15156
2400
13320
8154
8202
10403
15156
2381
13320
2381
8461
2192
5017
10641
10641
2189
2304
13336
8592
2304
13140
2157
10641
8592
13106
2148
2400
13128
8583
13320
10641
2155
2400
8457
5017
2189
8540
15232
8154
13128
8161
2400
10411
15468
13320
10631
15156
2400
13320
13306
13140
8461
8447
2148
8161
2294
10641
13306
8540
13106
8583
2132
13140
13136
8540
13320
2294
13317
8142
10641
8143
8461
13128
15175
2381
8208
15153
2400
8583
8202
2381
2148
2192
15232
13106
8447
10411
10411
15156
8202
8447
8447
2192
8540
2400
8583
13306
8447
8165
8532
2400
2148
2325
15464
8165
2132
15153
5033
2304
2381
15464
8142
8143
15156
2381
8540
2132
13136
2160
13317
8142
2132
15464
8540
8583
15232
15464
2304
13317
8583
8540
2185
5033
13306
8147
2395
8447
2239
13284
15464
8447
2304
2148
2299
2325
15175
2246
2185
8447
8540
15435
2160
13317
8133
8165
2080
15153
8165
8540
13136
2305
15430
15175
5033
13136
8165
15464
2239
15464
2247
8133
13317
2395
8147
2299
2185
2299
8527
13136
13284
2140
2080
8527
8527
13297
15430
15175
15430
8447
13317
2185
2395
8165
2304
2304
8547
13284
8546
2080
8547
2299
2304
13284
18191
8447
15435
8447
8547
2185
2080
2299
8527
8147
2228
2080
8133
2247
15430
8546
15175
15430
15435
13297
2304
8178
13297
8171
15175
2305
2395
2080
8178
8547
2304
8547
8171
8527
13136
8171
8133
2086
15443
2304
2187
13284
8171
15175
8133
8546
13136
8527
8527
2086
13279
13279
2239
8547
2228
2233
15430
8133
8527
13284
13284
2239
13340
2299
13340
15430
2084
8546
13279
2084
8547
8547
15443
8527
2209
8527
8569
2187
8171
13247
15175
8171
2239
13279
2086
8171
13284
13340
8171
8171
8171
15470
18197
8244
2228
20575
8581
2106
2084
8581
2106
2084
20575
15470
8133
13279
13284
2233
8569
18191
15470
13211
13211
2209
8258
15470
8601
8601
15470
13340
20587
2086
8258
2228
18122
2086
8171
8258
2072
8569
2086
2228
20587
8601
8171
2217
13247
8569
18197
2106
8569
8178
15470
15489
18213
15489
13274
13274
2228
8171
15266
8244
13274
2092
2092
18122
2092
13240
20587
13271
8601
8258
15489
8569
8258
15490
2092
18213
13271
13252
15478
20587
8252
2217
8252
8581
13252
2251
15478
13252
20748
18213
13252
2251
8252
8252
15490
15266
18122
18213
15478
2217
15266
8258
15490
13271
20748
18195
2092
2217
20585
15478
15270
15478
13274
8252
15490
20750
18213
13271
15289
13274
13252
13271
15270
15490
2217
8244
8252
13252
18213
15490
2092
8244
20748
8252
2092
13252
20585
2217
18341
8244
20585
18341
18220
18220
8252
2217
2092
15490
2103
2092
2217
18220
18423
20750
15490
15479
15479
15289
18390
20907
18260
20748
18423
8244
18129
18245
18167
20585
15478
15490
20585
15289
8252
8239
20741
2217
18423
15270
15289
20741
2268
2103
20776
18423
18232
13229
2268
20936
18390
20907
18341
18423
13229
20907
15490
18167
8239
18167
20585
2103
18423
2268
18423
20741
18260
15292
20936
15479
18260
22829
15479
20907
20907
18232
8257
20764
8239
18129
2268
2103
8257
15479
18180
22829
20936
18167
15283
18277
18390
8239
18129
20764
15292
18254
18409
18260
18167
18245
18390
18277
18390
20776
18245
18423
18425
20776
22941
18260
20741
18138
20741
18277
22935
18245
15283
15479
15283
20934
18409
18380
23023
13229
15283
20907
20934
15283
23023
18180
18380
18254
20780
22941
18390
20780
18276
20934
18180
22829
18245
8239
18425
8239
18277
15283
18425
20647
22941
22819
18254
18245
22935
22941
22816
20647
18380
18138
15283
18425
20647
18409
18409
23023
23023
18409
18254
20934
18308
24893
18308
18245
22941
22935
18287
20934
20934
20798
18425
20780
18276
20809
23023
20774
18353
20934
22787
22852
20774
20647
22819
18400
18380
20809
18308
18254
23023
23023
22935
22819
22941
18287
24893
18371
18425
24893
18180
20774
23594
18287
20809
23015
23023
23612
18400
22787
23531
20798
24761
18287
24893
23631
18315
24761
23015
22816
22819
24883
18315
22859
23023
23507
22819
22994
18315
22873
18308
22837
23028
18315
23594
22827
22837
18308
22994
24761
22994
23028
23015
23531
23015
18308
18308
20798
20806
18411
22827
22852
23507
23015
22827
22852
22873
24893
18411
22864
22994
20806
23507
24696
24761
23612
24761
23042
20798
22994
22994
18315
23507
20809
23612
22859
23535
24761
18308
18315
23015
23620
18315
20806
22827
22859
25649
22859
22827
24883
24883
18411
24883
23594
18287
23015
25649
18287
18308
23020
18315
22864
24770
22852
23531
18287
23015
24696
23545
25649
23507
24815
23015
22843
22927
22994
24842
20806
22864
24696
22927
23015
25649
23594
24696
23009
20809
24696
23015
24690
18308
23519
22853
22873
23009
18308
24770
24696
22917
23052
22853
22859
23552
23020
24883
24690
22864
23519
22843
24696
23015
23009
23620
23009
22853
25649
20809
22853
24815
22973
22927
24770
24690
23052
23009
18336
24770
22977
23020
24850
22859
24770
23009
25649
24690
22889
24842
24696
24696
22843
23009
24842
25559
23519
22977
18336
24815
23519
22973
25649
24797
18336
24770
25649
24842
25649
24696
24850
24696
24675
25567
22910
18336
23545
22973
22973
24530
24797
23009
22917
22853
25559
24850
22927
25649
23545
22991
23620
25559
24815
23519
24815
24530
22916
23611
22973
24675
22973
23052
22889
24792
23611
24770
24770
24675
25649
25636
22889
25649
25553
23552
22927
24528
22973
24792
23009
24675
24797
22916
25500
24540
23519
22889
23545
22910
24725
24675
22027
24838
23545
24838
24806
23052
24530
25567
22087
24725
25632
22973
24675
22027
18336
24802
22910
24540
24530
24837
25559
24866
22927
25636
23620
25567
24725
22087
22991
24528
24806
22027
24802
25567
24675
24528
24528
24792
25591
24792
25636
22009
24675
22891
22889
22087
24530
22889
25610
22087
24530
25636
25632
24725
24792
25591
23580
25567
22027
25484
25586
22009
24837
25500
24675
24530
24725
22087
22087
24838
24792
24837
25610
23577
25500
24675
25632
22087
24792
22027
23577
24530
24806
25484
24516
22910
24516
24675
24725
25632
24866
24824
24640
24802
24516
24601
25500
24837
25553
24837
22087
25553
22087
24545
25586
24824
24601
24807
22087
25636
25586
24651
24802
25553
25553
22027
24837
25632
25579
25579
25591
25586
24601
24557
22891
24557
22009
24807
25484
25494
24807
24530
24725
25610
25535
21985
22310
22889
24601
25610
24806
25484
25542
24545
22891
24834
25632
25494
25553
19821
22070
24713
24545
25531
24516
25484
24638
25591
25494
25553
22070
24640
24713
24713
22070
24601
25586
24601
25535
24516
22033
24557
25511
19821
22290
24651
24516
24651
24516
24596
24638
24860
24601
25531
24640
22070
24601
24638
25494
25553
24860
24713
19808
24557
24545
25484
24834
25553
25591
25531
21989
22070
24651
22310
22009
24545
22310
21994
22290
25503
25572
19840
24601
24516
21985
25494
22070
22033
22280
22070
24834
22290
22033
25579
22280
24591
24651
24601
19821
25531
24516
24638
19813
24596
25503
22108
25571
19813
24651
24605
24860
24640
24591
24596
24713
24713
24605
24545
22108
22290
25494
22033
22062
19808
25511
21994
22062
22070
22070
24589
22290
25503
24834
24860
19821
21985
19821
24589
20005
24596
21985
24638
24587
25511
25511
19840
24573
25572
21994
22070
24605
24596
22070
22310
24605
21989
24589
24605
14664
20005
19840
21989
19808
24605
22070
24589
25511
19808
24573
25503
6843
24591
24605
22062
22280
22280
21985
22033
25502
14664
24638
24589
21985
24605
25511
22049
22108
22057
14664
22290
19840
24591
19801
22062
24573
6843
22049
22108
24605
24653
25503
24605
19989
24605
19644
24573
20005
22290
25503
19808
22290
25450
24587
22057
25502
24630
24605
21985
19808
24573
22305
25572
24587
22049
24605
21994
24653
24483
21981
22240
6843
22062
25454
24483
16841
14664
24630
22057
25450
24591
22108
22305
19801
22057
20005
22149
22057
19989
19843
24473
22057
22149
22062
22245
24473
11492
19840
22049
22263
19644
16841
20005
25503
24473
19794
14664
14644
16864
19989
22280
22245
22140
22149
14644
14664
19644
22305
19637
20005
24653
22057
24605
21981
22245
22062
24483
22305
24473
24483
19644
24473
25454
24587
24653
6841
6841
22057
25450
19801
24473
22240
11492
22140
11483
19794
14644
16841
11483
25412
19843
19989
20005
19794
14644
24473
24630
16841
6732
25454
6841
6829
22240
19646
16864
14644
24627
22140
6829
22142
24473
19644
21981
14644
19801
22245
22240
24483
22142
11483
22149
6841
16864
6841
19843
22263
22247
25450
24630
11483
22247
22142
24483
6732
25454
11492
19967
6829
6732
24473
14644
6732
19843
19629
11492
22247
25434
6848
19629
22120
25459
16850
22263
24473
19629
16864
11483
19629
11492
24483
14644
16850
16864
25430
22120
19646
19980
25459
16841
6844
6841
25434
24461
14644
25434
16850
6848
22247
24466
16923
19847
11492
6732
19801
19980
19646
22263
24461
11470
11476
6732
19847
16850
11462
19646
6732
25430
6829
11505
11483
6844
24627
25459
11483
19967
24627
6841
11492
25430
14630
24461
25459
16843
14630
25434
11476
14644
11511
20051
11505
14644
6829
19629
24466
11470
25430
11492
25430
6789
19964
19628
19847
24461
24466
22120
19957
6844
25459
6727
14630
14644
16906
19628
6713
11470
25430
11476
16916
25459
25434
22120
19628
20051
19967
22135
6848
19619
11476
6805
16850
25434
14630
14630
16843
19628
19628
25430
6713
11476
25430
11462
6805
11511
11476
24457
16850
19622
6789
23340
24457
24465
19964
16843
16906
16850
20051
6808
19622
11470
24466
20037
6727
11462
6808
23285
19961
11470
19619
6727
16916
25459
6808
19964
16906
19957
19961
11470
24457
19957
11512
22253
23285
24465
11462
16916
19957
22129
23334
16874
11455
24457
19619
16906
20027
19628
20037
6789
23334
19657
23328
23334
22253
11421
24447
23334
6808
20027
6834
23350
19964
19619
11455
11462
6805
22130
6797
16874
6718
11470
20037
19957
11518
11470
23328
24422
23328
19680
11512
6707
6797
14533
16830
11462
24422
6797
6707
6713
24447
19680
23350
23328
19619
11455
6704
23284
20037
20017
6808
11455
6797
16830
11421
16874
19985
23285
23285
6788
23331
19689
24422
20027
6797
19657
11455
24422
23334
22130
19680
6808
6712
19663
16880
14533
11409
24443
11455
20021
24447
6808
23331
6701
24447
11409
14529
6797
24443
6808
23350
16897
23328
11553
11455
16890
16897
24447
19689
20017
6788
11518
23328
19689
6712
11455
24422
11421
22214
6707
20031
6797
23331
14529
11550
6704
23303
16890
23328
14529
22190
11512
23334
11428
11540
16898
23331
6707
23305
6797
24422
24447
6797
22214
6797
19689
22214
6824
11455
19985
6707
23328
6824
19985
22167
20077
6704
20017
24443
6824
11540
23284
22198
24422
6797
11428
19669
11520
19692
23320
16880
11553
23320
6824
6712
23305
19669
24452
20031
24452
6779
6701
19985
23303
11428
24452
16898
19692
6797
22167
23312
23312
23312
19732
23303
11569
24452
19732
11428
22474
24357
20077
11540
22198
6824
11550
6704
16880
24357
16901
6824
6776
22190
22316
6824
22167
11569
22198
20068
14492
6707
6776
23276
16901
14492
22174
23276
19754
19669
19692
23320
19692
6768
23312
20077
14492
14492
11428
6745
6745
16901
19732
16898
19732
24368
20077
19669
22364
6824
23320
24357
11569
11533
22474
22193
16901
16898
22198
11558
14502
16898
22474
16898
22174
22379
22364
6779
24403
19732
19754
20077
19732
20068
22218
11558
6760
11533
6760
22174
19736
24368
22316
19702
23320
6768
22193
11569
19754
6745
19702
22218
24403
16901
22174
16898
22442
6824
22474
6779
19736
20083
6745
23148
14492
22374
19732
22329
6753
6776
23259
19702
14492
14502
23266
22218
22218
23148
22481
23259
24368
6768
24351
6779
24351
23259
23266
22364
22340
6760
22340
14502
22174
24368
19732
6760
22193
22374
19702
19736
19721
6779
14502
24351
24403
22174
24403
22174
22388
14502
6776
24351
22374
22218
11558
14560
22474
22340
14587
22193
19721
20088
19732
22388
22218
14502
20084
14597
22481
22174
23259
6760
6779
24403
24388
19859
23148
11558
20084
24373
22481
19702
22325
24351
19702
22179
22442
19721
20088
14576
19859
22481
24403
22193
22325
14560
22374
6768
19702
22481
22222
20084
23266
22388
24351
24388
22329
24373
14505
23148
22325
23256
22340
23266
22174
22222
22388
14505
22222
14560
22222
23256
23148
22447
19743
23142
20084
14502
19743
19721
22179
22179
14576
23259
22442
19721
24351
22442
14502
22354
14595
22340
24388
11588
23142
19743
22329
19851
22179
19721
22325
23220
24373
23142
23256
22179
22495
23231
14560
14587
24373
19721
23142
14576
19721
24388
20084
22447
19743
19712
23220
14557
22354
22354
14587
24373
23142
22179
24348
22222
22435
19712
14587
22442
14597
24388
22179
19712
14505
14597
24436
19716
22435
14595
14560
22435
23220
19716
24388
24328
24328
23142
22329
23231
23139
23115
19859
22447
22442
23139
23374
24345
14557
19743
23115
19851
22442
23231
23220
24373
19716
22495
23231
14505
22435
14615
19712
22435
22495
19716
24436
14615
23139
22179
23115
24328
22398
24388
19743
23220
22354
23115
24373
14505
14597
24328
22398
22491
23374
14557
19859
22435
19716
22411
22403
23256
24441
22447
14595
24226
23139
19716
24441
19712
23231
14505
14615
22491
23220
23371
23139
19859
19712
22354
24328
24226
14603
14597
23115
22411
14615
19716
22495
23115
19716
23115
19716
23220
22454
24436
23390
23231
23385
14505
24345
22509
22495
19871
22411
23139
14557
22435
22454
24219
24345
22396
19933
23374
22403
23115
23220
19712
22403
19716
19716
19882
19761
22541
23124
23115
23231
19720
23652
23652
19871
23220
19712
22497
19720
14603
24219
19874
23374
19720
23231
24345
23115
19746
19933
14615
23124
24249
22403
22414
24345
22491
22423
23371
19720
22419
19761
24226
23124
24226
22411
14608
22541
19761
23390
24249
19933
14603
14615
19933
14608
22541
19716
23231
24249
24203
23231
23385
23371
19720
22423
24289
23115
22497
24250
23652
22539
22411
14615
22403
23115
22403
22419
23448
22509
19720
22515
19761
24308
19933
19761
23223
23124
24250
25378
19882
23385
23115
19882
19917
23427
22423
24301
24289
23115
23167
23390
23223
19761
19905
24308
22508
24289
24203
19874
19874
23124
22429
19917
22539
19882
22497
19789
24223
23157
22523
23157
23641
22419
24250
24249
25304
23652
24203
22423
24289
24203
22523
23652
19882
24908
19942
24223
24308
19905
19942
19905
23167
19917
24289
19942
25367
24203
22539
22515
25304
25304
22419
25378
25378
19781
23181
24396
24250
24301
19942
25378
23390
22515
25351
24150
24301
19781
24250
24905
23641
23636
23176
23448
24289
25367
23641
22429
22523
23427
19781
23124
24250
24250
25367
23223
23167
23665
23181
24212
24150
23396
19905
24203
23181
23157
19789
23181
23641
24301
22525
24258
24905
25304
23157
25367
19789
24135
25351
23674
23636
22525
23396
23395
24135
19942
19781
19789
24908
19923
23674
23448
23636
19905
23674
19942
22427
24150
24135
23665
24150
24908
23157
23157
23444
23404
24905
23176
24212
24160
19912
25378
25351
19912
23181
24905
23765
25303
23396
24242
25304
22427
23444
23181
25277
19789
23680
23769
23176
23395
24212
24135
19942
24191
23674
24177
23176
23190
19781
19905
24914
23448
23680
23690
19789
25303
25385
23765
19928
23190
25277
23396
24258
24916
25357
23458
24242
23395
25374
24905
23181
24135
19912
23190
23455
24150
23458
23190
24258
23769
23986
25385
24212
24177
23176
19928
24177
23404
22427
23412
25385
23176
23765
23444
25277
23743
23769
25303
24242
23190
24067
24135
19912
23765
23412
23743
25303
23690
23419
25374
23769
24150
19789
19928
23690
19912
23690
23176
25292
23769
25253
23743
24914
24242
23711
19912
24112
23458
24160
24067
24150
25357
23190
23190
24112
25379
23986
25157
23419
25157
23765
24141
24191
25292
24191
23743
23455
23994
23765
23769
23711
23412
24916
25277
24916
23412
25253
24914
23690
24022
25357
23743
23419
23419
25182
23769
25179
23986
25379
25231
23690
24134
24160
25194
24141
25231
23743
23720
25179
23706
23706
23458
25357
23419
24022
24191
25157
25253
24916
25157
24134
25078
25078
23769
23711
23994
24112
23419
25179
25253
23743
23986
23986
25357
25379
24112
23190
25231
24022
21885
23776
24141
25264
23419
23419
25264
23743
23711
25194
24191
23711
25144
24278
24160
25182
25357
23988
23776
25156
23706
24119
24186
23982
25330
25076
25179
23690
25194
25157
24160
25182
24186
24055
25156
25357
21885
23997
24056
24134
23986
25144
24186
24112
25253
25231
23459
23986
25144
24013
25078
23965
23419
24186
25078
24055
25268
23746
25324
23743
23997
25179
25266
25130
23459
24262
25266
23988
25324
23706
24056
25330
23736
25379
25268
25264
24048
23746
25379
23459
24262
23736
25078
23746
25078
24056
25179
23982
24134
24178
25076
23722
24013
25143
23746
24975
24186
23982
25194
23965
23746
25266
24013
24055
24141
24141
24186
25211
24160
25194
21885
23736
25170
21882
23736
24186
25144
25144
25157
25268
25156
23997
25143
24278
25076
25130
24013
24055
24013
24093
24278
24048
25156
23965
25266
23972
25130
25268
25144
25174
25156
23722
19468
24119
23997
25268
21872
21882
24186
25337
19440
25266
25330
25324
24186
25211
23746
24093
23972
19440
25076
25076
25078
23960
25211
19468
24178
23746
25076
24001
24048
25211
25149
25152
25174
24278
24278
24178
25337
25076
23736
25152
24017
23746
24262
24278
24093
24178
25330
24262
25152
25113
25078
19440
21882
19440
25200
23722
25266
23746
24013
24186
24119
25113
21944
24013
19440
25330
25084
23722
24975
23972
21872
24186
19468
25337
25144
25130
25266
25200
24260
24186
25007
24975
25170
24093
24934
21882
23736
24093
24178
25170
25170
24048
25149
19455
25149
24013
23957
25149
23939
24969
21890
21944
21872
24017
23941
24119
23941
25065
25156
23960
25200
23941
24278
25152
24048
23962
19455
25129
23941
24104
25076
19468
25129
24940
24001
24001
21859
23722
23941
25065
24017
25049
23722
24001
23939
24017
25084
25174
25113
24093
25122
24260
23941
24001
25084
19463
23957
19440
25113
21882
24004
25076
24119
25170
25007
25152
25200
23957
21843
23962
23957
19455
19319
25007
25174
23939
24969
25337
19463
25200
25017
24048
24934
21890
19505
25007
24104
19437
19463
25149
24096
19440
24260
24048
24094
19319
24278
24004
24094
24096
21890
25149
25007
24975
21890
19463
24260
24260
25122
19505
25084
19455
21755
24104
19353
23957
19485
25049
25152
19353
24068
23939
25065
25017
25065
25065
25337
24104
21944
23939
24004
24068
19353
21755
24940
23939
21944
24940
21843
23934
21851
24934
19353
24104
24969
19463
23957
25122
19454
25065
23877
19415
25007
23934
19463
23957
25149
24094
24975
24004
24094
25007
19461
24260
21772
24068
24940
24096
21851
21761
21755
19319
21755
25047
19428
21890
21944
23934
21859
23877
24048
25017
23957
21890
21890
23941
19341
25122
25007
24950
24104
23939
23842
23939
21851
24950
24934
25017
19454
21851
24981
19437
25007
21843
21749
19337
21793
19505
23934
25047
24961
25122
21772
21851
25065
23877
23877
19461
19505
19341
25049
24104
25049
23863
21890
19463
25047
19337
23877
24940
21890
19341
19428
21755
24981
25200
19413
24094
25017
23934
24981
19428
19428
25065
25047
19485
19341
25047
21772
19415
23939
21749
23939
19334
21793
23939
24940
23939
21749
19485
23816
24940
23877
21817
24068
23842
19485
23934
24961
21241
24068
24068
23877
21793
23926
24995
21241
23842
19341
24934
21201
21820
19461
25017
24981
23816
23877
23863
19413
21761
24995
24950
21761
23926
23863
16609
24950
23934
19485
24981
24981
23877
19485
21817
19461
23934
16609
19319
23842
21755
24981
23877
19337
21756
21820
19347
21239
19334
24995
25017
21201
23926
19347
21793
19334
24068
23934
21239
19413
19461
19461
24961
19293
19428
25017
24950
23926
23842
19428
19293
21817
16609
19485
23877
21787
23863
21814
24995
16573
21820
21820
23926
19345
24981
21749
23832
21752
23877
19461
19407
21749
21201
23842
23926
24995
23816
23816
23877
19307
19407
6123
21221
21193
6130
23926
21814
21239
23901
24961
19346
19384
23877
24068
18534
21793
21791
23863
25032
25032
24981
21791
19485
19413
21752
23926
6152
23832
24995
19346
21206
21206
23926
21221
19301
21239
21752
23877
21935
23842
19384
23877
6123
23901
16573
16609
24981
21201
21935
24995
21746
19384
23901
19485
19257
21820
19301
19301
19257
21752
23798
21935
21817
21239
24981
6138
6119
23901
24977
24995
23877
23926
16573
24961
21156
21935
6123
25032
6154
21935
24068
18534
16563
19384
21193
25032
23891
25032
19307
21156
21935
19257
6130
6123
18534
18522
19407
18534
23914
23863
23926
21787
23832
23901
16608
21820
25032
23926
21236
6119
21810
23891
23891
21221
19293
23832
21791
23798
19369
23901
16542
18534
6123
16542
21236
19384
21177
16542
21752
21791
24977
6138
24977
6154
19384
21803
16553
23901
23926
21156
23901
18591
19538
23926
21803
6119
25032
21193
16573
21236
23798
23798
23798
19257
18532
16608
21156
23798
21935
19256
21206
6112
6130
19362
16539
19538
21791
23926
23832
19256
23891
6154
15690
21221
23901
24977
21156
16592
21193
16553
19384
18534
6149
21935
16585
21156
11334
21206
21236
25032
23926
19280
21221
19369
6112
16553
23901
6123
11334
21156
19256
21138
23850
19384
16542
16608
21752
21206
19362
21236
19294
18534
19524
16574
15690
15690
23798
6154
16585
16525
19538
18522
23914
25032
16542
6097
21236
21935
16557
11334
19524
15690
16535
23901
19294
21206
24977
21177
6142
15690
19541
16585
21156
21138
21803
19524
15690
19541
23832
16550
21138
11334
6260
21156
6112
16557
18532
16589
15690
19265
19260
15690
19280
21156
10977
21220
21206
11334
18522
21193
19524
21138
16557
21064
15690
19541
19294
19541
18591
21193
11334
6112
19538
6149
6112
21138
19538
16589
23832
21177
19264
16548
15690
16589
23914
21220
11334
16578
21138
21138
15690
18532
16548
19272
19294
18591
15690
21106
21225
15681
19369
19264
11334
16608
6149
18591
21138
21173
16608
11316
16578
19280
10977
21803
6142
19280
19541
16525
18532
16523
21236
18532
11288
21225
19538
19538
15690
23850
6199
15690
21138
18591
19541
19272
19272
19272
16574
16523
21236
21106
11334
19280
19538
12361
16578
21064
21106
16548
16578
6161
21220
16525
6142
19272
19524
15681
15690
11316
19280
15690
11332
12361
6260
6097
15690
18591
18532
6199
11332
16548
21225
19538
23850
18532
19541
11334
16578
16529
16578
11359
19538
21225
21220
18519
15673
21177
21106
16523
11316
10918
23914
6260
19280
19538
18512
19531
15690
15673
19280
19531
12361
14484
10918
19272
10970
6097
19272
18591
16578
18491
19280
10970
21138
19280
19524
23850
19538
11332
21138
19524
6196
15690
18591
11359
21138
11359
11334
15681
16523
21220
21106
6197
6237
12361
21106
21064
11389
11359
19524
14465
14465
21064
6197
6161
19272
15690
18591
21064
15683
15641
15664
21173
6196
15681
16578
18591
18480
16578
19554
11389
6616
10918
10970
21173
19531
18574
18574
18512
18512
21225
18574
21106
18480
18591
19531
18591
21225
11359
10977
6167
15690
21106
11359
6260
18512
16523
14484
11389
15664
14478
11389
19531
15643
18512
21064
21095
15643
16578
18483
23914
18559
15690
21095
11389
14465
10940
16578
10918
18532
19531
6616
11389
15683
21106
14484
15664
11389
15683
6616
6100
21173
18559
10976
6616
6100
14484
15681
10970
21095
15681
10976
6100
18538
11359
18574
18512
15664
15683
18538
11389
21064
18574
6167
11359
18480
10911
14484
19554
19554
21173
11359
15641
21173
21064
18512
19531
18512
18519
18574
15682
18512
21064
14484
18480
18574
6100
19554
19531
21085
14478
11359
11361
10911
14478
14484
18559
6100
18519
10911
18480
15664
10976
10911
15641
6611
10911
6611
19531
18574
21095
11402
11359
14484
15664
10976
11402
18499
21085
11359
18574
14484
15664
21085
21064
6253
15641
18559
11361
15635
19554
18512
10960
6100
15682
6237
18559
18548
15682
15642
11359
14484
10940
18495
10906
18512
10943
21095
21064
18480
18626
18626
6237
10943
21095
21085
10940
19531
10940
6611
18491
14478
21095
18512
18574
6558
10960
6253
6611
6100
11402
18519
14478
18519
21173
11359
15665
10906
18564
18512
18626
15664
10911
6100
21085
6558
19531
10960
18483
10976
14478
11361
14478
10852
18574
21056
6611
18499
6558
11387
18623
10906
18499
14478
11361
18480
19554
18491
11361
10906
18626
18559
18564
21056
18559
10898
21085
6100
6558
21095
10976
6253
10976
18512
15632
19531
18495
15682
15625
14478
15665
11387
10960
10852
21095
15682
6191
18483
10852
10906
10852
10906
10940
15682
18491
18495
6558
21085
18480
18623
18564
6191
15664
10852
6191
15632
10960
18626
21211
11361
6611
19531
17756
18623
10898
15635
6253
15625
18495
21216
10906
21085
14484
6611
10852
18626
10870
18476
10852
18574
14477
6191
18574
10943
6558
14477
15591
15621
10852
18495
18478
2499
21085
10870
10852
10870
18626
18476
18623
6572
10852
18559
10960
18473
18626
2499
18469
6191
11382
18548
21056
11361
18478
18574
8681
18564
15661
10870
10960
17949
15591
6611
17952
22684
17952
17756
10852
21056
11387
21085
21211
22684
14479
15623
10852
18626
6191
12954
22702
15661
12954
22684
5185
6191
6191
12949
14477
10852
6191
17975
18476
12949
10965
5185
17936
10852
12954
10852
12966
18626
18102
17893
15591
17936
6191
2468
17745
21216
18623
12884
18619
15621
12966
8690
15632
21211
18102
19042
12949
18102
15565
18619
18548
16625
15565
18623
17893
18102
17936
2499
11382
10870
21216
18495
6191
22728
12910
6191
22728
12978
15591
11361
19050
11361
14479
18515
6191
10965
15591
14365
12949
15591
6611
10852
5185
18034
17975
14479
18626
6191
12966
17889
18495
17745
14365
18034
18032
16625
18619
12897
12292
21211
18032
15654
2489
12910
18510
12949
18515
22728
6572
17926
6191
19042
18472
18014
14479
8690
6191
19042
6274
10965
22728
22728
10870
18077
10870
12966
11375
2489
14479
18473
12897
15661
18510
6274
17889
18619
17889
6572
15603
17745
18469
12978
11375
12978
18469
18619
18034
21056
19042
17917
5229
11382
2468
5185
2499
10965
10874
16625
12292
12292
12023
12869
6191
17926
6274
17917
17889
18495
19042
17924
17889
18472
18564
15623
12960
18014
17924
11382
12023
12023
6611
12292
5165
2489
2471
12960
2468
19042
10965
18070
18012
12023
18619
5165
1777
15565
18004
14365
10874
14479
15654
3801
18515
12946
17917
15623
12842
17926
16625
15619
12978
12023
15617
18515
15591
18004
6611
6611
15591
16625
6568
17853
18034
12960
12966
16625
10920
11375
18034
14365
5227
17926
18619
10874
17926
5190
12842
6274
12842
22728
18012
2564
17926
17853
2478
11378
10874
18070
14365
12960
13554
11364
15619
12292
15603
12869
3800
5168
17926
17917
12023
8681
12960
15565
12023
11364
12023
17917
17917
11378
12842
2030
12869
15575
2478
8690
17853
3800
12869
15654
15617
12842
17853
6274
12842
5190
10926
5168
18070
14365
17853
17910
12960
14365
12960
5227
2478
10926
2478
10874
16625
12960
18515
14365
12960
11384
10926
13554
15591
4046
10965
4046
12292
17926
12869
6611
10920
3801
2030
1777
10565
5288
18515
3800
17910
17853
6568
15567
2450
20473
17917
10920
20473
17853
21011
4046
18510
5216
12960
1777
11375
5288
5227
17740
15121
10926
5164
8690
17926
5190
8680
5190
20488
12960
20443
20473
3801
5190
7623
20488
1738
12869
10874
2030
20443
15565
2471
7623
2458
12820
13554
4046
20488
2489
1738
11364
12869
12960
2564
12960
12869
12842
21011
11378
12960
4046
20488
17745
15654
12820
15575
15619
21120
1826
5165
20571
21034
21011
12869
1777
10926
4046
5229
2450
15121
12869
12946
1738
21011
1771
2489
3801
20571
5288
14365
2030
17853
5165
2443
1771
14365
5164
21034
3800
14365
5227
3800
17917
2471
10874
20440
5288
11378
3801
1826
2030
15617
12869
15619
21011
12869
20409
5288
15575
13597
21011
23089
13554
10565
21011
12960
21120
11364
17853
17853
10565
12869
4046
10565
7623
2030
12946
17740
8690
5288
20409
12820
1738
2478
10920
5190
17853
5165
8696
2442
15121
18515
15575
12869
12869
15121
2035
11405
12946
20571
15603
2035
17779
1738
1778
10926
10874
10920
17745
20556
7620
15654
5168
21018
15055
15055
23089
13597
1649
18628
1829
20390
12869
4046
10535
14340
20409
13575
5216
2030
5227
2030
10920
2030
5201
10874
7623
2458
20971
15121
5164
23089
13575
17740
7623
15567
5288
12946
7588
1537
15121
20556
17740
3801
20440
21018
14340
20390
15652
8690
17779
20390
1428
1824
15073
8680
14364
21005
6574
12258
2482
5227
17745
12869
17853
13575
17853
2557
7620
1829
7588
2482
23089
5226
12869
20971
2030
5288
4040
10920
15121
13597
5288
20398
7588
1537
2030
18628
21005
12869
1649
8680
5190
1824
12258
20398
1537
15617
21018
1824
3801
15052
10565
7588
15567
21120
1754
15575
3801
5225
20971
2450
7588
5288
1529
2458
12258
2030
4047
20971
5288
2436
16088
1754
15013
10927
5201
12869
2443
4047
21005
5190
20971
20398
17773
18628
21564
21005
21005
7606
1738
7606
3791
11405
23091
21564
21564
2564
1428
10547
1728
1529
21120
1724
21005
17772
7615
12899
5201
8696
1784
1724
7588
20971
3790
10535
10927
7623
7623
15652
5226
15052
2450
20426
14364
11364
16088
1540
21564
15121
16088
15567
2458
12899
2450
21564
23091
1529
7606
21046
3790
10547
21598
2030
1784
21527
20398
12899
7615
23091
5158
5158
5288
15121
7588
13585
1824
8699
21569
14340
10927
7588
12258
2000
2049
1728
21584
4035
1994
5203
7588
1728
5201
2030
17735
15600
2049
21598
5216
10527
2451
21527
15013
21003
4015
10560
10505
10560
15052
14364
8696
2516
21005
1428
15608
14340
8680
1480
5201
7588
1529
2050
15652
3790
20545
21005
20398
12869
20398
2571
10535
21549
1480
8680
5237
21598
5288
15121
15652
2049
15013
16088
15121
2451
7615
20971
15013
5288
17772
5225
15013
1829
1540
1829
1994
2504
21005
21598
2436
17772
1425
4047
10505
5201
7588
10927
3849
5203
17735
1719
21527
1529
10547
1719
15573
10560
16088
5231
17773
14971
15652
5201
12258
2436
20426
10535
7565
15052
23091
21003
20426
10535
1447
10535
21046
21549
14340
1829
8644
1447
15099
15099
17779
2058
2058
12899
2571
21598
12719
10927
14340
15121
1480
2567
7571
5265
20967
2460
2460
21003
1829
1994
8696
17773
21510
1824
1982
15115
21543
2030
10560
7565
15608
1447
6437
20398
15046
10547
7588
10535
15115
5201
17717
7606
5201
21598
4015
21584
21598
10927
20426
10535
14971
8699
10547
21503
2571
15046
1982
6426
5225
5265
2436
2451
1425
20426
8699
17772
5155
5201
21598
5237
1425
7571
1719
16088
15046
21003
15013
6574
13548
21003
8649
21503
20426
2030
2557
5225
2436
15115
10527
5147
2436
21559
21559
1486
2460
10505
5244
1486
2557
13585
20545
20545
15046
2567
15013
15046
7713
1948
10527
20967
15573
15046
21598
14336
21559
6437
1984
2442
21529
1680
7720
10535
16095
13548
14971
2030
5265
14971
10547
10506
8680
21510
1982
1824
2062
21510
20426
15115
14364
20426
7587
7887
20967
10527
21003
1486
15115
5155
2062
21003
17003
20398
7713
8656
10527
16095
2436
8696
8680
7826
1948
1699
20426
7565
1308
21629
20426
15046
1480
17770
4035
1480
15561
7713
20967
10547
10505
12719
5244
16095
10505
14333
2451
20398
14971
5155
10527
12719
1622
4015
20467
21503
7699
8656
5155
6426
15013
1982
5155
7634
15046
5147
10506
15126
14971
10506
17717
2568
7699
1867
7826
3849
14336
1403
5155
1982
6437
20545
16106
12113
8658
15561
16095
5244
1867
2451
13548
20467
15046
6437
1622
20467
5265
10527
2436
2055
20950
5265
1458
14334
2516
8696
21003
20953
15652
1520
15611
14971
2032
15046
15115
7565
12719
7634
15126
15126
12113
15126
10505
8718
6426
15608
12195
1304
10527
6437
8680
5155
4076
16095
13592
2539
2451
5237
1304
9582
5237
8696
2535
8699
6426
20953
15046
2539
14336
15608
15611
5147
21533
8658
10505
2504
5203
20532
1985
1985
12113
14333
7848
15544
8656
16106
15020
5244
15020
6426
20538
2431
15611
12113
12195
21611
2568
2532
21611
15608
5147
14334
1622
21629
6437
1703
17717
1867
8656
15544
5155
7887
15556
15611
14334
10505
7821
16106
5237
2504
8696
5231
15557
7890
10506
15544
5155
8674
2431
5244
3806
1935
8696
12195
10514
1935
16098
15126
1458
6426
13546
1703
5147
16066
12195
1458
15611
8644
12195
7974
1948
15556
7694
15557
14333
13546
10514
20953
7634
17770
20953
6437
8646
7699
7699
5212
5265
5155
17717
8712
8696
5147
8720
1862
16106
2460
17003
14336
1698
8658
6437
6437
1403
7846
15024
10514
10514
8696
15020
14334
12720
5231
5212
1603
21611
4053
6437
7974
5237
7848
12113
7821
5386
2032
15611
5155
14334
16066
2431
3953
6416
5247
7974
12195
8712
1299
5155
14333
2062
3806
5265
12113
5155
1709
3999
1968
12195
10481
5212
21611
10514
15544
1510
9532
16098
8646
1308
5147
14334
8437
10498
16098
8662
8642
16066
17770
2062
5155
5386
6441
1698
1510
7795
2532
1565
8674
2532
5247
8712
12195
7848
3806
5237
12195
16053
15020
21601
1968
6416
5231
12113
10498
5231
15557
14334
16047
1290
12195
2505
3776
7943
5155
15611
10514
8696
5252
2504
10481
8443
12113
21601
2504
6416
8712
7943
8428
7858
15507
6441
8658
20953
15024
10506
5252
7694
8439
5247
10506
1608
1565
5278
13546
16098
5237
16053
5247
3984
8642
10481
12195
5386
17003
5212
2535
16098
8646
1896
5312
5252
12195
1303
8618
1565
5278
1883
8720
5147
1303
8712
4053
8437
6441
1299
8428
6441
7858
5212
1709
3847
5231
1293
6416
5312
20953
1498
9532
10506
8443
12720
6441
6441
7855
5155
16046
1896
10514
16038
12113
2542
6425
10498
8708
3806
7667
15024
6425
7668
1303
5278
10506
9532
5374
2547
3847
12195
1498
9532
5252
8428
1896
7786
5212
5385
1896
7972
8606
1610
5247
3776
8437
5386
10516
4053
1599
8618
14334
5271
1709
5278
17003
6441
6416
6441
5278
7786
10506
8708
10477
3774
15502
3967
1599
4001
1862
10516
12720
7790
5386
1290
8054
5212
5312
2506
6416
8654
5276
14334
8439
2433
5247
8668
16038
2504
8662
10498
7952
10419
10506
1610
5237
6378
8443
8429
10477
5257
8720
10516
5312
17003
9532
3776
8642
16031
6410
8429
2547
6416
5271
8618
7952
5276
8720
16031
5252
8425
5374
2547
17003
8654
1618
5374
5385
15502
7667
8012
1209
8888
8720
5312
10437
1896
1303
5276
1498
5386
5271
5374
1896
17003
7668
2542
6378
7972
2505
6416
1891
1891
6378
1260
1709
8429
1293
8716
8402
8708
5257
7790
10477
1568
1885
5237
1862
2506
8385
3773
10419
10419
8412
5257
8443
1293
8672
1225
8654
7790
5374
3773
1267
2527
6425
3967
2433
6410
7780
8425
5385
3828
5374
7961
4001
8654
8888
5271
5237
8618
1209
8636
9535
8636
8402
5255
3774
5374
6416
10516
3774
5385
5276
1578
8030
10419
1614
10516
8716
5312
5374
5385
12437
5271
8385
5276
8016
10516
8618
8054
5317
8720
10477
6418
5255
2525
2527
8030
8888
15517
5271
2527
5385
8120
5237
8402
8888
8120
1303
1267
5237
8720
1891
1568
5255
10518
6371
1255
9500
8113
3811
8716
5385
3773
7961
8402
6371
5276
5278
8412
8720
1260
6371
5374
10518
8349
8608
10437
8349
5317
5316
15517
10437
8672
5374
10421
1901
5317
1498
8016
1880
8716
3980
3613
1225
8608
8033
6410
8621
9496
8385
3980
1595
10478
5385
7792
10421
12437
3811
6418
2505
8056
5317
3580
8672
8412
8753
1225
5374
8623
8608
1229
5280
8016
11864
15517
1876
6433
3580
3815
8621
8120
8039
1225
5385
1209
2577
8636
5317
1255
3839
8043
8388
1210
1229
6410
10516
5317
3839
8883
3839
8079
8120
5317
2525
10491
10491
5374
5316
2525
7725
1225
8018
3773
5280
9496
8883
8621
8608
3980
8341
5276
8608
5374
8608
5317
8760
10421
1572
8883
6418
8043
10437
10478
5316
3854
10491
3899
8033
2578
8379
9496
8623
10459
16124
8722
8388
1266
10421
5374
3613
3854
12663
1595
8621
3613
5316
5255
5316
7765
10421
1901
8722
3595
3580
8627
3595
8883
10829
1614
8895
10467
8124
5374
8760
8388
9500
6371
8721
8895
3815
1229
8420
3595
8043
1210
3595
3613
7737
10491
5280
11707
8341
1901
2577
5318
3888
1210
6418
12663
2525
1901
8079
11757
5316
11864
5257
1880
8895
3980
1219
6433
1901
3613
3854
1201
1151
3595
3613
5280
8627
3815
3854
8076
8613
8898
10454
8721
6380
9511
3595
8613
8048
11707
3980
8895
8024
10429
3580
8024
3595
8076
11864
10422
5318
11864
1219
8391
3595
1595
8099
10422
3589
11757
8895
17228
5283
8760
10454
10429
2525
8721
3815
3595
3589
8341
1593
8634
12663
2578
8341
5318
2577
8722
3580
1266
8898
8736
1151
8613
8895
8760
8634
1219
3595
1205
3899
1923
3589
1205
1595
1201
3888
1272
8060
8869
3865
3597
3595
11864
1593
5338
10459
8898
8089
6374
2525
6380
5283
1219
8379
8898
3854
3589
3854
3854
5369
1906
1266
2578
8721
3597
12403
1272
11864
7770
10422
10829
12796
7763
8721
1205
1595
11707
7765
8391
8732
3589
8076
1205
9526
10461
1201
3888
8634
10831
6407
8736
8721
2525
8076
1272
5338
3589
3597
5344
9511
8722
11864
1926
11757
8060
1196
12403
1130
12777
8420
8104
3589
2525
5283
8869
3888
6380
9526
1232
8869
11757
3589
11707
1272
1128
1923
12787
17213
8898
5369
10429
5364
8076
15349
3888
8060
10461
8736
8634
1926
19107
2525
1232
8729
2525
8376
3907
11864
17228
10441
8355
5338
8732
3600
1926
3893
1130
1246
12660
10461
17228
3597
17826
1196
8736
12403
12660
8127
8127
5344
1926
6091
3907
3856
6405
1585
1246
1585
10433
1128
1272
1272
6380
19107
8092
5369
10441
2578
12660
10823
17826
1130
1196
8355
8869
11864
8732
8127
17213
8869
8065
5342
8392
10831
3589
8732
3893
12660
1232
1196
2589
5364
1272
8729
8264
17228
5353
8853
8853
10446
5344
13012
3856
8392
1272
8744
3854
12787
3893
11757
19165
1930
3600
8736
6405
19107
17826
3600
15347
6393
3597
2589
8729
8331
8268
10433
12777
8737
13003
15349
8060
2589
13012
3636
1930
10831
12667
8355
8875
8392
1196
10448
1246
15330
6063
17812
1232
6091
12674
10823
8092
5344
5353
6003
8851
2586
8355
5994
1585
5344
8744
5342
1136
15325
3599
6063
15349
8732
15349
1930
13012
8875
8851
1232
8853
8127
6091
8737
3859
3604
3868
8853
13012
1246
8264
3859
8065
10461
10794
10446
5991
13006
3603
3600
15370
2589
1146
6063
17826
2585
6082
3880
6003
5994
10823
1146
10795
5997
10448
17826
8793
15325
1136
1146
8331
8326
10448
6041
6041
6003
13011
13006
1234
2600
3636
6045
5999
20523
1146
17814
5991
13006
15698
6045
8822
15370
13011
13006
3603
10794
8330
3919
10446
2585
9873
8092
8791
15365
12660
15349
10798
15698
8742
6089
8272
13188
8791
3916
12696
12801
12696
3634
13188
8363
8737
1235
12801
6082
3624
3604
20523
3868
1194
12674
6041
10795
8862
2604
10448
9873
10448
13006
15336
13006
16152
16152
6045
3919
5997
20503
6082
3604
15336
16156
6045
13188
8862
8791
17814
15370
6031
8273
15698
10448
2600
2604
3631
6041
8751
6089
12685
19112
6045
19112
13183
6020
17834
8791
3631
20523
8357
10798
1234
13188
6020
6045
3560
17822
6045
6063
9873
6041
8862
12696
16511
2585
3919
15370
15698
9868
1234
3919
10446
3620
12685
1163
13010
6041
12801
2606
3560
6088
1141
13006
3916
9853
6088
15374
3620
1141
13145
6051
15698
3562
8822
6057
16156
12674
3758
16504
3758
8822
13006
3932
8306
8751
13010
13010
8306
3644
2604
3746
16511
1146
8817
16160
8273
2606
10771
17844
16167
10779
3746
6051
3691
19116
9872
3625
13145
8813
8326
9872
8325
8369
3631
15336
3919
15374
6057
2604
6088
1241
6031
3943
9868
3644
8791
15369
1141
3560
6006
1182
8751
3943
13013
14886
8369
20507
12685
2604
2606
3932
9872
3560
15694
19116
3932
15374
14886
3639
19116
3625
13156
6020
3639
1140
8813
3746
6051
8817
13161
12700
17849
9853
8273
8817
10779
13013
1234
15374
9868
17844
17831
12674
8813
14161
3695
1244
13192
16511
3691
12700
3691
18690
8357
15369
8817
16177
15406
13192
16511
3742
14125
3672
14161
17831
13148
8299
3768
18761
14872
14170
1187
13200
15694
8817
6051
12700
3644
8325
9866
3657
19116
1244
9866
15746
18690
10786
1141
8793
9848
16167
13161
1187
8369
6031
3695
16160
13200
15385
17834
3748
9863
15694
3666
1244
8303
15406
8299
3738
14879
1241
8791
14161
9848
3691
14161
14876
1174
13161
15406
3668
13157
3657
3742
13156
13013
3672
14874
18761
20507
3742
10782
17831
3644
14886
3643
20516
9868
13196
18690
3650
5851
3668
10786
15746
20883
16508
8793
15746
20833
8817
8813
5851
8811
10782
8788
18692
16177
15375
14125
14886
20513
14152
13161
18690
8817
3738
18761
20833
18707
3666
13157
3666
10782
14138
9848
15396
18761
9842
1164
8303
8813
15400
3738
1346
16823
13161
18761
18760
8802
18754
10786
18662
14133
12700
14872
9863
14874
19608
3715
8813
1352
3715
15694
3650
16217
13208
15396
14161
9839
20513
15396
18712
1192
3738
8782
8791
14876
20516
16187
13196
3666
14872
17831
8303
3675
8777
1174
14872
17840
5880
14152
9863
15391
16823
14879
15400
18712
18692
13208
18707
20516
1164
8315
9842
14106
18680
18704
18761
19608
8813
5851
8782
15390
7549
1164
18754
16508
18680
9842
3666
15746
18712
16177
3700
15400
16217
17839
5851
20833
13196
10807
1346
3679
3726
7548
16823
3673
17839
3738
15400
7471
5880
18692
14126
15400
18692
5881
8777
18662
18662
7482
14152
18707
9842
8777
14440
18707
14440
8808
9863
18674
20850
8811
7520
5851
9839
16516
18723
16217
14440
20516
10807
18761
14106
20847
9839
5854
3675
7454
18704
7549
3715
20847
18707
5880
14435
20883
14106
7534
14440
16217
7454
8782
15743
19613
15390
14133
15391
9839
18754
3704
9860
14440
15391
9839
1352
3724
20872
14088
7548
15409
8808
5880
5851
14088
19613
7478
3704
15390
12733
5793
18704
14432
3715
18654
14147
9877
18707
14440
16809
7538
12733
3679
18744
7538
8802
20850
18654
3716
7454
18682
1362
18682
14435
20846
1346
14088
1171
15391
14432
18707
18744
14435
20896
5787
20846
20833
8315
18704
14078
9839
18719
14081
14081
20833
16820
14430
18716
5854
14223
15409
14432
12750
14081
7538
18744
7478
9860
3724
7454
21300
5793
15391
3726
7520
7482
14223
15743
7549
8782
20872
14147
1325
12750
1325
9837
3699
16809
9837
20833
12750
5789
20516
18654
1336
8823
3679
14432
8824
18704
13382
14430
7482
7538
3716
18744
7534
3724
1336
5789
14432
14226
18727
16798
5837
14223
7520
16812
8824
20516
15743
19613
14106
1336
3704
3716
14435
16812
9752
18716
16809
16820
14078
5787
9860
7538
1319
9745
8824
8782
20896
9877
12750
18716
14430
18727
9837
7517
14445
20856
12750
14430
9752
18719
3679
2747
9877
19613
7456
18654
20865
8823
5921
14094
5799
8782
3699
5921
3704
13382
3704
20890
14430
13382
18719
18744
2733
7452
11128
3712
7530
13382
18744
14222
9837
7452
20883
15743
14445
5837
21300
5863
7523
16809
1367
18649
20883
21300
14430
7523
21900
14407
18790
21260
7517
2747
14382
14430
14382
1315
2733
2740
9753
15409
16798
3734
20856
7542
14430
9745
21299
7484
14445
18716
9877
3733
11128
20890
16798
8824
18731
18649
14407
7452
18649
8824
2733
13363
5922
15409
6533
7530
8823
7542
7517
8838
20883
13363
9759
3733
7517
8838
5837
14226
13514
8823
9758
7439
7452
20856
3720
14226
1341
3720
15409
18790
8824
18738
16816
1317
14226
20865
5922
5863
16807
20139
14214
16807
5802
18731
18786
15727
9837
14226
14220
20890
18786
14382
16794
12754
8824
11128
14220
5799
14427
5823
11128
14407
18719
16816
18649
9753
14427
2740
8838
20890
11236
1371
9759
6502
2747
13503
20890
8829
16807
5863
8828
2727
21299
5921
1341
9737
15730
6533
7461
5822
5823
21260
20139
11127
12735
18731
1315
21299
2733
13497
9733
21300
20893
20883
13363
7461
5922
13497
7523
5922
14226
11127
9758
1392
9788
16807
18792
3720
3733
13514
11127
18786
15727
6533
8838
14427
9733
5863
11064
1371
1317
6489
15730
5919
1341
16794
2740
9826
11076
21263
6497
2728
8845
13357
20889
2729
18783
14387
15727
9737
16816
21302
6489
11131
14225
9733
7508
14226
5838
15733
14387
2740
13503
6547
8828
21302
7486
3733
1371
8845
11097
15733
8829
8829
5801
13368
5838
9742
12744
5801
14226
20139
5822
13514
21263
6497
6500
11103
7489
3733
1371
5919
11064
11127
11103
18792
6547
14406
15730
2740
5906
11221
8842
1392
2727
8824
14406
1341
8828
2698
13514
5829
13357
20139
5838
11064
2729
20139
11071
15757
7444
6488
11236
6472
13368
1341
12744
21268
5807
21260
9788
9765
6547
15755
6500
9788
9826
11076
13514
6547
11236
18783
15757
2698
5919
20893
9809
11131
14387
5919
14226
18792
18792
5829
6488
11124
18784
7508
6488
21294
20141
5906
5919
2728
21268
9788
14928
13357
20889
8842
6488
9826
1392
14928
13374
2740
8930
11055
2698
1381
14225
20139
11223
20141
9783
2703
13510
2703
9733
6547
17271
9777
8828
21302
15721
5905
6547
9804
6488
13510
2698
9809
7495
174
5919
7495
5926
6488
21254
21294
8930
13488
9826
13374
11131
5829
11094
6488
2737
5944
6451
5833
5801
1392
2698
14410
9777
9830
13374
6451
5905
1341
21254
14387
11055
6462
2711
11223
11092
20140
11097
5807
15757
5913
13510
18780
6472
13356
11086
14410
6547
7508
21267
11040
6451
5913
11092
14387
11223
21302
5812
5926
5925
18792
14930
21294
11221
11223
2698
14709
183
6467
13488
13488
15718
13356
9771
13500
18780
11059
2711
2698
20139
6472
17281
14892
6462
17277
11082
14903
17270
5833
17277
2737
9809
15718
6462
11094
9781
5900
5884
9771
14709
15713
9777
9804
11005
6472
11251
14930
11082
11055
14399
5896
6451
11082
20133
14709
7501
12740
2711
174
5956
6451
9804
6462
6462
11040
183
2648
2715
20139
9809
9781
9830
15706
9783
12740
21254
5925
14387
6457
2804
11220
21294
2712
11172
15721
2699
5944
2796
14410
15706
11259
11082
18780
21277
11251
1381
14705
11118
6469
5846
8931
183
11251
2699
2796
2649
14707
17270
360
19224
14401
9818
6469
18774
2712
5973
6457
18794
14399
14399
5896
20145
11259
5900
2715
5884
2712
5884
14720
5950
5927
13500
11118
7500
2813
11050
11156
14892
5843
21705
13512
12762
6451
2712
11086
11238
18794
11259
14903
13512
6457
7119
21277
11012
6535
360
6470
11251
9818
14944
14399
11118
11012
6535
14707
7500
14290
14712
6477
21434
5846
8931
11238
16731
14399
14712
2699
11247
2649
5982
14399
2699
5956
21288
355
17270
15713
2809
5950
8934
14720
18774
2648
2714
6457
8931
2815
11156
6470
14172
7281
11247
14944
21281
7500
21434
2649
11116
14720
2785
18794
18769
2813
20148
6510
19224
14705
5929
14399
5930
5846
2813
15713
21255
5846
19074
7117
21255
11168
20148
176
7133
11059
11259
14944
14707
18767
360
9019
14399
14401
11218
2616
11259
9814
7119
6477
14290
14707
18769
7281
11247
6484
11253
2785
17281
14718
18778
7119
11218
8931
11050
11239
18769
6535
5929
2649
11026
11247
6477
11050
14285
2813
15714
176
18805
21255
21697
16731
5956
15832
11156
17270
2640
18809
21288
355
2616
6484
2699
2785
18801
15789
13512
5982
11190
2636
2813
6484
7126
8938
8931
21281
11116
2772
2809
7280
5930
18801
19214
15832
14712
7119
18802
19214
14707
12762
18805
14895
15784
8931
14712
18774
11168
14297
18767
18769
2789
13519
2619
5973
2619
14895
11188
21288
15791
21699
360
6480
14172
2772
11156
14274
18809
5956
2767
9814
14697
18769
18801
5933
9019
19097
2772
7133
176
18809
2772
11175
18801
6483
7117
176
11190
15779
9019
2772
14285
355
2662
2765
19074
8983
6865
21281
15784
7133
15784
15784
11168
17303
7281
19214
20148
14274
365
20145
6871
2815
6483
19214
2640
21272
19097
18769
2642
8923
16731
21281
11178
14274
2659
2619
15779
8919
9814
8907
2636
14718
7108
11050
11168
20145
16731
11168
15800
11244
8918
2772
14712
18808
14707
17643
104
8919
176
17262
18809
11050
8963
7133
14925
2767
18808
17262
15791
14697
14274
7126
11190
2667
8983
14285
2820
17262
17643
5933
14958
14707
18802
21425
2820
19092
6871
2659
8923
13530
15779
11168
14925
6480
152
15779
14958
6879
14697
2629
18812
14172
355
6518
11168
8983
2825
2820
21699
19245
21692
18820
148
21448
2619
17608
2629
11152
21926
19597
7280
14718
19092
11244
17602
13533
104
14958
20145
15779
21282
21912
9015
15800
14702
21282
8963
21412
2642
17303
2825
8950
6483
21282
8961
9002
11146
19084
14185
17643
16742
11146
2637
2820
15800
14719
152
19574
365
2668
2827
15800
17608
17641
14925
11168
11187
6876
11168
11168
14196
148
11192
17602
19084
14192
8907
104
355
14196
14693
148
21429
7133
7280
21412
17297
14192
7108
7133
9315
7277
13530
14958
14321
14719
17262
13530
8905
15801
11152
17643
11198
7272
2637
17639
9321
18933
11180
7280
17649
19597
14925
9015
18814
18808
14185
104
2670
7277
2655
2825
21912
14702
14693
6855
17608
14958
2655
8907
21409
15780
19574
2825
11187
7112
15829
2668
21912
18820
7098
15801
11146
14174
14719
2670
18813
14702
352
14693
7133
8954
12762
14702
8981
11168
19083
14192
7109
21448
9002
17615
6855
19245
19103
7112
7277
14185
11146
16780
15801
13533
2667
11168
16765
20122
15829
15829
18926
19063
19067
17649
14692
9313
11168
148
11146
17791
7108
140
19574
17615
21926
152
17639
14196
14185
8954
22784
11192
2655
6879
18825
14702
14174
2685
11198
9002
15829
17608
2685
6855
18933
339
11169
7267
16780
17305
8981
15780
15829
352
21448
22784
346
19574
17305
7098
17592
20122
17654
7116
11169
18920
14196
14323
2690
18825
8954
115
22776
14323
21437
11180
7096
15811
19063
14321
6863
339
2690
21437
19067
7280
16774
11192
17650
14323
7138
8905
2680
93
104
15811
17592
17297
7277
17532
7275
9002
20126
21920
6879
155
20089
17608
15829
17615
17297
8907
15829
19574
14323
14174
21420
21338
20122
6879
7138
9025
7280
2685
18831
18831
17615
19083
11169
14327
9009
18933
2667
22776
21284
14185
22784
21448
17525
9313
346
20089
18879
17468
18879
6891
18825
18825
21912
14327
15823
14200
19076
8981
21284
11202
2685
8960
8960
14185
3401
18831
14202
15811
15811
18932
4464
21420
142
18825
11146
22653
16774
7109
11192
17468
18880
15811
11198
17615
21437
9700
4458
20326
6879
7096
6884
17535
9025
17297
7010
7109
14318
347
8907
20326
8997
20122
17468
7205
14327
93
20122
21420
4458
22776
7275
20119
21493
137
21437
141
16776
7267
4464
21919
11169
17532
19076
20122
18831
334
7116
21338
20089
365
9033
15823
9334
20326
20326
17615
15811
7189
15823
17297
18831
17535
137
7096
14318
2681
137
3350
11169
20353
15805
14692
11202
14200
7205
21484
2680
2681
17313
9027
17791
16776
18879
14202
21422
20326
347
159
16789
6891
8997
22653
17468
346
22776
18880
7099
18932
9027
20326
141
9334
17615
16789
14200
18932
19075
18831
21439
21484
14202
14692
21335
16765
9009
14318
8997
6856
9313
9700
137
17615
20350
16776
21917
21335
18842
18842
159
18831
9033
19593
17525
19594
21422
3350
2680
20353
347
20334
21439
92
11213
4458
17313
20323
137
4464
20110
17525
3328
15810
17297
7205
7189
14202
17525
17535
334
22653
20119
7263
9356
4458
21342
159
14692
7109
19075
16776
19594
21917
6900
14327
18850
19594
7205
21494
7099
17505
7275
7156
11213
6856
7088
135
17468
18834
18890
9700
18831
334
7263
14200
18835
4464
20329
9356
15823
19594
7010
19593
9334
3328
289
7189
16776
15810
4464
2681
20089
9326
159
18861
7149
133
17525
9690
159
20260
18842
21439
20260
159
20353
21308
21422
14202
19054
159
7189
9700
7205
7149
17521
137
20259
14692
21342
21335
18835
3397
16776
15805
347
21484
3328
6910
19075
76
125
4458
137
6972
16765
9326
4464
7161
20355
17485
2681
17521
21331
6856
20089
21422
17507
20282
17525
2681
21338
20353
19148
21335
6998
334
11205
20350
4458
6910
7189
21487
17804
20296
92
17468
18833
20329
6899
9351
16776
9688
7185
7181
19075
159
20260
22650
20260
125
11205
17313
7156
7002
20353
18833
9009
4400
9351
18835
21484
17523
754
19594
4454
7087
17530
9326
4454
21361
20313
21484
6944
6944
21331
7185
20355
20323
7163
159
7189
17485
76
21383
3334
21498
289
334
347
3342
54
18835
7205
20296
9714
7185
18861
7163
18890
7087
6941
18845
22650
19054
4473
18861
9714
9698
7156
19148
17431
6899
17521
9688
88
159
19148
19054
18845
17521
9331
17505
19148
7002
131
21403
20323
9331
9331
9413
21328
6941
754
20350
7088
133
7018
159
4
9688
17507
17505
17481
20355
9413
17405
9714
3319
20110
19148
3336
19593
20252
7161
17493
76
20347
20265
20388
21498
20368
21309
17804
19594
18835
21309
20355
754
18835
20313
20268
17480
17480
9331
6998
18903
9351
18845
4473
7000
300
19593
289
20252
9686
6945
69
22637
744
290
739
20368
20296
3334
3330
21498
19054
6970
9418
22650
17481
6901
43
4455
22638
7205
22636
20289
17481
50
739
289
18903
76
13735
20308
17405
7161
6981
9331
19593
14680
9342
17507
290
4
20247
20363
7181
17326
20355
3283
290
17394
9714
17405
9688
20347
300
18861
6955
4441
9342
17496
69
744
3336
3330
9686
9351
17493
300
17496
22638
290
3319
748
54
6966
744
754
22636
4435
736
3283
7148
9416
20313
7018
21372
748
20308
4400
7015
21328
9688
744
9351
3283
22637
4400
14846
19148
20285
9688
6945
9331
22636
755
6945
4455
20383
736
7173
22636
300
6945
736
286
14843
7000
17394
9423
759
7373
300
205
19593
4435
736
20265
22636
21498
17394
7205
20289
64
6955
301
7143
3342
9714
14865
17493
300
21361
9413
9351
736
7181
20380
4401
286
759
19140
7018
20268
17431
3269
18907
3269
22636
9351
3336
20383
13744
9681
23103
17405
7181
20308
4400
3269
7373
19140
6941
7376
7196
60
65
13646
7000
7000
4
6901
7181
9489
22636
20296
18907
9413
301
7173
9418
14863
3280
6970
21361
22636
9331
755
7205
17493
7156
7181
6955
17317
7181
4441
3390
736
7037
191
7173
7173
21498
7173
7173
7196
9714
22637
65
7181
17394
3267
725
9686
20104
7037
7376
20380
301
301
22620
9423
724
9342
13735
198
4400
7205
20302
3319
5
4443
727
755
7205
11
20337
22636
13646
9342
7173
198
17431
6982
23103
7037
17317
20304
81
13637
20383
9351
22628
20383
727
9413
22620
7376
20098
7205
9686
9421
6981
17405
6901
19593
301
7037
21369
17403
9473
20380
725
301
3267
13646
755
13744
3336
17379
3267
20302
7037
3388
17394
7196
3390
9705
20304
9408
22620
81
14846
301
22628
9705
727
17578
22628
22620
20381
14842
14843
4401
4396
725
47
7037
6966
9722
9489
14842
9331
301
17405
724
9493
9473
9463
4443
6901
7000
7205
3269
14846
3390
17317
3267
6994
17578
3388
23106
3267
7037
7331
20380
17376
20098
7037
3388
9408
724
20380
6966
6959
6988
9351
3278
22617
14843
22617
23096
4396
13630
7354
9473
13646
14679
22620
13646
17423
22620
7354
13647
9331
3300
5
22628
6966
21369
7354
13630
9678
17390
9473
751
4446
21457
9351
3278
6905
722
725
20383
9421
3267
7354
11
47
58
17578
14817
7354
22628
4396
9351
6981
17403
9351
3390
20304
3303
9417
37
722
9413
13630
9705
9351
14838
13647
13646
9375
23103
4435
20225
14679
17569
9678
9404
197
3278
3388
722
9342
20380
14813
3390
20381
7074
949
14795
20225
9351
3300
9714
23096
22620
17403
9463
9722
751
17569
9463
20380
3303
7041
13735
9404
20380
14834
7339
4409
17583
17569
20225
21466
707
9463
17583
13647
14817
17423
701
9404
3375
23103
10
23106
7062
23106
17423
9678
702
13757
4427
3303
4446
9404
14838
14794
9375
3375
7331
480
469
9387
701
9705
21457
6995
478
13647
14838
22620
197
13
20225
7065
7025
13656
20092
9463
751
17554
14813
7339
13751
9463
3312
17379
9463
20092
3303
17569
17569
17427
20225
4406
13757
17569
9404
20380
3297
17356
480
13656
3297
20380
4133
9463
9669
20225
9421
3378
13647
203
7074
17586
20225
9472
23106
14795
17586
17554
7339
17569
9404
9375
9463
4406
4409
17376
9387
708
14791
14835
12475
7339
17356
949
20224
9468
3378
20092
9705
20380
7041
13656
665
949
7339
21466
4406
9375
9404
17569
9377
9585
17569
9665
3378
20237
7041
9468
939
7074
4130
660
23106
7069
9669
690
23106
17586
14825
467
709
9586
17554
9377
17554
7432
7079
13656
20219
699
17569
13662
4406
16010
3297
13723
660
4122
14824
14835
3380
17558
9665
9378
20237
9387
16016
383
17554
17586
4409
4174
14695
949
9669
668
468
13747
4130
997
4427
16011
7284
13662
20219
17569
469
20237
17586
690
16012
20219
9705
20216
13659
14824
14824
13750
7069
9585
4422
7069
3312
20216
3379
17586
227
383
16016
472
668
17356
14695
17558
939
13662
17358
14791
949
13622
14744
3379
7339
9377
17359
9392
709
4130
16010
20211
997
467
9382
13747
16012
4122
13836
9587
13662
12638
9622
20211
13750
20183
14748
14695
9392
7432
12634
7284
13668
13622
12565
20183
13624
7350
9672
9587
4128
13747
13659
9655
4410
4410
20179
14791
4410
457
668
398
227
14747
952
9672
13659
9378
481
20211
13662
12638
13668
13624
9626
4136
16004
20183
438
4226
7316
20183
671
9393
13671
960
803
20216
16004
13624
4172
20183
12634
9378
9622
20179
438
7318
4227
17358
13624
14744
9653
13836
7316
4122
13624
13671
963
13668
7430
4414
4414
16004
4414
7316
677
4226
7316
13847
13624
677
16027
7316
803
20187
4122
12565
20193
9386
9626
12631
17359
962
9587
9593
998
393
9587
14747
4410
13671
386
803
7430
4171
457
9386
9391
12562
9672
13671
9622
7385
382
714
20183
4105
4219
932
16004
14729
13624
7324
9393
4415
4117
9393
9641
451
386
20203
686
9393
13692
9391
12641
13836
393
4226
7324
13847
16004
12631
7406
809
13847
4117
16027
12641
7406
13698
457
20170
9587
13682
14729
12631
20170
440
9587
16027
17359
9653
13847
13692
4166
20203
4410
7402
9653
13682
9641
4414
996
12631
16022
4114
15960
9633
451
4105
4152
12562
9607
4098
13682
12641
13801
962
20170
4410
7402
809
15960
447
20170
13848
12641
408
9591
16022
13698
13698
7396
686
13692
16022
4414
4166
379
20151
4216
12624
14729
13841
4415
4219
12617
9598
13848
9653
20170
7411
12544
12624
4164
13845
12631
20151
4152
7411
9598
4091
442
9633
922
12619
981
369
4098
369
15960
4091
14747
9641
15968
408
13848
12617
457
13698
13705
809
20170
4213
4216
9650
4415
1005
981
13682
4152
9641
20170
15973
7420
16027
13682
13714
4102
4102
7420
9653
9641
9598
12624
20170
9641
12624
9607
4415
15960
14754
12627
16027
4415
1005
20151
7420
12544
9641
447
4237
4193
7411
4234
13841
13848
4098
15971
4204
13692
13707
442
442
9601
918
12645
4164
4415
9591
1019
9633
13848
4237
4415
9650
9607
9650
12645
379
4102
20170
12624
20154
13845
13705
4237
4204
12624
14766
13707
12539
9650
9650
4193
368
13848
15990
4234
4232
7420
13705
4152
9650
9641
4234
13845
20170
981
4102
9598
4102
4209
15990
12543
408
408
15988
15971
4152
1102
14765
4102
1102
20154
533
13713
4158
12497
4150
4237
9633
12649
424
4237
4142
9598
9617
14780
15988
14754
4150
13714
9598
1072
1096
9650
368
4152
4142
625
4206
13714
4345
13776
12627
9650
12497
970
625
14765
13705
403
14754
501
12651
4158
4158
12651
12539
981
625
13848
13707
9602
15973
12496
20170
1072
625
4142
4209
1102
14780
4150
625
419
12496
625
13713
12543
13776
15973
4234
4234
13707
13779
14766
13773
12649
9598
1102
923
1102
1102
12539
861
625
20164
4150
1096
625
9617
13854
625
9601
1102
12651
4237
20154
981
15985
4158
15988
9614
625
13779
15985
15973
501
4209
1072
970
625
20164
13854
13713
424
1072
14781
13779
15973
1102
9602
614
1102
13483
1096
14782
4142
4142
403
14781
12651
12497
13710
13707
12649
9614
13713
12650
419
419
12527
13710
13714
4206
20164
1102
13713
614
12651
13779
9617
13776
14782
614
625
13854
20164
1041
1102
15981
12651
12497
1096
12497
1096
410
9602
4345
13713
1102
20164
625
623
1102
4235
1102
12527
12523
9614
15978
4205
14782
20164
20173
15981
990
13773
12652
9614
1041
4142
13779
525
13710
12652
13773
15978
13713
13713
1102
9614
986
1072
12518
1096
4158
13483
13779
403
13779
13714
13713
1067
621
1087
20173
9614
4359
13481
614
990
4205
1072
20164
986
499
4364
14782
15978
614
1047
419
1034
20173
12501
986
12511
14782
12497
623
1072
12502
867
4362
1087
12652
20174
499
12501
428
623
1076
14782
621
614
9617
970
417
648
20173
12501
918
499
1047
4348
15981
514
12502
13793
21714
14782
600
4345
15981
15981
12502
1050
13779
1076
13796
1067
20174
12501
495
12511
13481
12502
4348
600
990
1067
4359
1087
12501
12486
12518
623
12486
13793
12502
986
645
12502
1076
1034
21714
4207
1055
645
13779
15981
21714
1076
13477
1067
600
417
831
13796
994
970
600
12508
1055
1045
1067
4333
4348
433
4198
21714
13823
12508
13793
623
13793
12482
12486
12482
512
918
994
1055
1050
1068
12482
12508
1087
417
600
987
21714
13477
12482
13793
21714
1087
1055
1067
1055
4329
1034
4207
13793
514
993
645
1034
4353
1034
588
914
4198
1062
1028
12482
4199
1062
1028
496
544
12482
4329
582
4353
1062
993
4358
1087
4333
654
435
1034
4207
12479
13823
1118
914
891
544
560
588
4207
13477
544
993
602
1028
544
544
1087
1034
993
1087
13794
4340
1079
1122
553
560
994
4344
541
3448
513
541
993
582
1028
588
545
891
602
4353
840
993
541
4330
496
1118
1079
4326
4329
1021
1079
13794
1079
4340
541
916
582
541
560
916
13477
1028
602
555
13829
4199
4351
602
1087
1079
1118
1079
4353
3430
572
582
4330
3430
563
13794
4351
553
1021
582
3429
916
3448
572
568
1118
835
1126
4340
582
13834
13832
1116
1126
3428
835
584
606
572
12566
569
606
563
4327
4330
3469
4353
843
884
4351
3436
3429
584
4330
582
4336
3428
13829
4354
884
916
4357
874
4371
4326
835
1126
4336
3436
1126
590
4357
574
3436
3428
13834
4389
4324
4371
12566
13834
606
3409
843
874
4784
4379
4327
590
606
13832
4371
4379
573
4784
564
874
4784
4795
4744
12566
606
3436
850
4324
3429
874
3409
4787
4301
4759
17659
4393
4379
574
4759
593
4744
4741
911
4306
851
4372
3408
4803
4381
4803
4306
3431
3408
4381
12575
4741
4324
850
886
4787
4301
4755
4324
870
4753
12566
870
4393
574
3409
3466
4381
574
3465
4301
4755
3431
4297
911
4803
4737
4372
4393
4381
886
4737
4374
4742
4803
4306
4753
4245
12575
3438
897
900
4392
897
12589
4301
3409
4586
4755
3408
12571
17659
3411
4586
3438
12571
12578
4737
3409
12578
4372
897
4245
3466
3478
4737
3438
4381
3438
4245
4764
4737
17663
897
4764
3415
4374
900
4306
4392
4381
4626
4392
4737
12571
12571
4749
3485
900
4245
3453
901
3411
3214
3456
3438
12572
4289
3550
3519
3453
4303
4298
3519
3438
4763
4245
3480
4381
901
4749
905
3550
4764
3519
4303
15881
3456
4247
3412
4578
3415
12582
12593
4262
3415
3550
4298
4247
12580
4821
12593
4578
4763
3214
4323
15894
901
3412
4578
3523
3214
4289
3519
4749
3415
901
4763
4764
3225
3480
15880
4247
4262
13805
4626
3495
4578
3555
4809
3485
15894
15880
12593
3523
3500
3456
3539
4821
15894
3513
3412
4247
3507
4279
3555
12583
9263
4809
15894
3539
15894
3500
13473
15880
4616
4262
13464
4323
12580
15858
13473
15853
12585
4834
15891
3011
15867
3058
3044
3499
3495
15880
4626
4323
3044
3197
13805
4576
3495
3536
3227
3225
9268
12599
15894
13473
4288
3227
15894
12599
3225
3039
4834
9268
3058
4279
4623
4566
15894
13473
4547
3227
3060
3202
4616
9268
12585
3038
4288
15891
15858
3042
3044
4566
3044
13464
13464
3038
4262
4552
15853
13473
13810
3011
9263
15891
3038
4566
13473
3038
4638
3038
4323
4566
2959
12599
13469
15867
4547
4552
15867
9261
9261
4618
13469
9263
2997
17669
3038
4288
17712
4613
13810
4654
4654
3227
4638
3060
15858
13808
4566
12599
15853
17712
15891
9268
3219
2959
9261
3044
3060
3060
13469
13469
13859
12599
9261
13859
4262
3060
2922
4613
2959
15867
4547
4654
12585
15883
4654
17669
13859
4620
4605
13469
2943
15853
2943
12599
17712
3060
4618
4279
13808
2992
4549
3032
4552
2959
4646
15853
4605
15867
9261
15891
13469
2943
2943
9268
9261
3189
17712
3074
15865
13463
4552
9263
12599
4283
4549
15848
17712
3032
15883
3074
12599
4549
4549
4613
2992
17669
9261
3189
2937
3219
2937
15883
2872
4654
4646
13469
13469
4549
2922
17712
3219
4654
13469
15853
3032
4552
13463
9085
2854
15848
4613
15891
13469
5143
9180
12599
2996
2922
4549
13469
9263
15843
13469
4588
2922
2937
9261
13469
3005
15886
15865
15848
17688
9180
17670
17709
4654
13808
17712
5143
2950
15848
2922
13808
4318
13469
9277
3149
4520
13469
13469
17688
9261
2950
3218
4518
15891
2872
2872
15891
4271
4318
15848
4542
17688
9277
4661
15848
15865
15848
4620
2922
2854
2936
4522
2950
9254
13469
9274
15865
4479
4542
2872
9274
9254
15886
3219
13469
13811
2992
9180
4283
4279
2855
15843
3144
3074
2936
15853
3005
17688
17709
9180
13469
13469
2922
9277
2855
3145
17709
9180
15891
9085
4588
17712
15843
2936
4512
17709
5144
9205
4512
15853
2950
9180
2936
15886
15865
4542
4518
17670
15865
2854
9274
9205
3149
4522
17709
15865
2992
2936
2936
5133
4661
17688
2936
9159
2855
5114
2866
9225
4588
9254
2936
17709
2866
4522
2936
15886
15891
2936
17709
4507
9098
13469
17670
9085
17688
9180
2936
2992
4479
4512
15891
5110
9254
2838
15853
2932
17688
9180
2854
2932
17709
9159
9254
2891
15891
19040
4480
15886
15843
2932
5114
15886
13469
3145
9197
9197
17688
15891
4512
13469
4588
9159
2858
4279
3145
4594
15843
2936
17688
3074
2891
9098
13811
2838
2879
17688
2932
15886
9254
15865
17709
9205
2838
17670
5108
4490
17688
2992
5133
17670
5144
5114
9098
15891
2932
9234
3145
5110
15865
4493
5110
9188
9179
17679
4490
9225
4507
4507
4522
9061
15891
2932
5114
2838
17679
15891
3076
9159
17688
17670
9159
17670
5114
4522
15890
15891
9179
9188
5114
13469
9217
2858
2932
9197
2932
2983
13469
3139
17689
2838
5108
17688
3074
2838
4493
17708
2891
3008
25771
17678
17708
9234
2891
4490
2891
15891
9159
2912
3145
17689
17688
19040
2891
9142
3165
15891
3145
17688
9192
9090
17708
17689
5133
17708
9217
17678
4490
9142
2892
2891
9184
17685
2838
9179
5108
3147
4490
17685
5108
9106
17670
2892
9142
17679
3008
2891
9156
17679
2838
9061
9188
2983
25786
9156
9217
5139
2891
17678
17689
4494
3165
19040
4494
9179
5133
17679
2891
17708
25771
17708
17689
25776
2835
5108
17685
9106
17687
9217
2932
25771
17689
5108
2912
3008
9192
17689
17687
17678
9142
9142
17687
2834
3139
17689
17678
17685
19040
4494
9061
17679
3145
17708
9171
9192
4490
17678
13399
9142
3165
4515
2983
9171
17689
9217
17678
3076
4498
13399
3075
17678
9106
17708
17685
17708
17678
2912
17689
5108
9171
5108
9167
17687
17687
2986
9229
4711
17678
9142
4711
17708
2986
2904
3154
3169
17689
17685
3175
3079
9171
17678
17689
17685
17678
3175
17708
17685
17708
4726
3154
4498
2986
9130
13412
25768
4718
2986
17678
9142
13399
3169
17687
17689
9130
9171
17708
17678
9090
2986
17689
9229
17685
4718
3154
17687
9131
9142
17678
2986
3075
2834
17687
4725
9106
17708
17678
13399
4711
13410
9151
2986
9110
3079
2978
9151
4516
17678
4694
25768
3154
9130
3175
4664
17678
17689
9130
3172
17685
2986
13412
17685
13410
4694
9142
3079
9110
13399
13417
15906
9052
4692
17678
3153
17678
13410
4718
2986
17687
2904
2904
15906
9070
15906
3153
9142
13417
9052
13399
2986
17687
13412
9131
9077
9110
9136
17687
17687
3175
4516
4664
2978
3153
4694
17687
17678
9136
9077
4692
9110
9070
13417
9067
3079
17692
2986
19001
2988
9136
13410
3093
13399
13412
9116
9136
19001
3175
17692
4691
9077
15955
3075
13399
9131
9130
13410
9131
9077
9110
13410
4694
2904
17692
13448
3182
2988
9136
13417
13417
9130
4691
9136
13431
2988
13410
13410
15945
19001
4692
13417
4664
2988
9131
3088
17692
9116
4699
19001
13412
15908
9136
9067
19001
2988
15939
3182
17692
13417
9131
9128
13449
15945
13448
15906
13410
13404
4684
19001
9116
9136
19001
3079
9077
13399
9131
3093
13431
2988
9116
4681
19001
13449
9128
15906
13417
13428
13432
9067
9067
13404
9131
13431
3088
15908
15939
13404
13417
9067
9136
9118
9116
3093
9077
9116
4699
19001
3088
15950
13449
17692
15937
19011
4684
19001
13400
3111
13448
15939
4681
15908
9116
13432
9118
9116
19011
15939
13432
9067
4674
13421
19002
3093
15933
3127
9116
13417
9146
17692
3088
15939
3111
9146
19002
13432
13400
19011
17692
9118
3111
13417
13400
15950
13421
3114
13421
13424
19002
13448
4681
15908
13428
19011
15937
9118
3127
13421
18979
9118
19002
15918
13448
4675
15918
15939
3111
9146
19002
3093
13428
3093
13448
19011
9146
15922
13428
18992
4674
18979
15937
15937
3121
4674
19011
21391
3111
13429
15922
13428
13448
13429
3114
19009
15947
15937
15922
15937
19002
19009
4681
19009
13443
9118
3116
3114
18979
18992
18979
13429
21391
13424
13429
4674
15949
15922
18979
3116
13429
15937
4681
19011
15922
15921
19017
21391
4681
21391
15947
18992
3121
15937
13429
13443
3119
13443
19009
15921
21400
15949
15947
18979
19017
21400
3116
21391
4674
18954
15937
19009
18946
21391
15938
13429
18969
3119
18956
18956
13429
18954
15949
18969
4681
13443
18946
21391
15938
19017
18979
19009
18936
19009
19029
21400
18946
19009
22658
15947
3119
18967
15949
3119
21400
15938
15938
18979
18967
21391
21391
15938
18956
22658
3119
19029
19017
18946
18956
19023
21400
18956
18967
18975
19029
18956
19017
22658
18946
18939
19031
19023
18956
18946
18964
21400
18946
22658
19023
22667
18946
19023
18975
18985
22667
18960
18946
22667
18946
18946
18964
18975
18975
22667
22672
18985
18960
18983
18983
18960
19023
18960
18983
18960
18960
19023
18960
18960
18960
18960
18960
10196
8197
8197
16552
16552
19257
16561
16552
16555
16552
16555
19257
16559
16559
21746
6154
16555
