24561
24561
4690
4496
4496
24563
24561
4690
24561
24519
4496
4496
24357
24563
4688
24851
24691
24851
24691
24519
4780
9361
9361
4688
24603
4780
24063
38577
24691
38708
24010
24010
24870
39197
38889
24612
38889
38202
24258
24012
24763
24870
24839
38898
24684
25049
24325
38687
39210
38708
9362
4496
24357
24004
39197
4706
25049
24229
24870
24063
4738
4780
25049
24577
38006
38895
9338
38895
23949
9301
4688
38137
24612
24839
24662
9337
24819
9362
4750
4564
4564
38830
38997
9266
23949
38106
24819
24063
25049
23844
24447
38806
4464
4690
4496
39210
4447
38478
38335
38006
23949
38831
9251
9391
38895
9227
38911
4622
9391
4688
24577
38137
9414
4541
38806
38911
9266
4447
9119
24010
24229
9119
38895
23916
9495
38380
4622
39197
39197
38798
23844
38335
24763
38069
24063
9301
9338
38478
4534
24839
38335
4788
38930
38895
24612
4564
4733
9495
38069
38669
4733
9251
9337
24297
38380
38755
38669
38106
38899
38831
9301
38895
9129
4541
38997
38335
24778
38360
9495
4788
9370
39197
38891
24357
4447
38106
38755
38806
24098
9127
9251
9338
38891
24577
9414
9236
24839
23921
4469
4706
24063
38069
4688
4423
9495
23975
23844
38137
24660
38069
24063
4733
38335
4690
24819
9451
4733
24167
4534
9495
24839
4688
9414
38478
24612
4622
38724
24229
38669
24297
9251
4496
9495
38755
38930
9129
38997
24297
23949
4416
38755
24297
9143
4541
4649
24860
24778
9143
38806
4785
38380
39207
38360
38831
9290
9338
4622
9129
9200
38432
4496
39207
38899
9370
24819
38831
9414
4785
4539
38432
4785
23844
38930
4469
38997
39028
38432
23916
9370
4688
24098
23975
38997
38069
4469
39197
24860
9129
24660
24577
24577
4622
9414
4423
23921
9200
38803
9290
38069
38755
25040
9251
9129
24660
9454
9338
4523
9092
4649
24660
9143
38830
38724
9236
38755
9290
38669
24063
38432
24063
38096
38478
9495
24167
9236
38669
38432
24297
9495
23986
9400
39207
4788
38831
9451
38360
38380
38097
9495
38134
4706
9111
24510
4738
4574
4785
24837
38724
23916
24167
24139
9368
24887
9251
38096
38803
9290
4416
4788
9111
24839
38803
24660
9290
4785
9197
9092
24819
9312
4539
23916
4449
9454
24660
9400
24510
9092
4475
9129
38432
23821
24860
24357
9414
23946
9414
23986
4649
38097
9111
4738
38380
24878
9129
9251
38360
23946
9236
9111
38134
38803
24887
39006
4626
39207
4426
4688
4785
38803
9495
37938
39197
24297
4626
9414
24839
4649
4625
24139
9451
24860
9312
4412
9368
4785
9290
38830
38803
38097
38803
24024
9451
38724
9092
38803
4574
23821
23986
9451
24593
38432
4626
23821
4675
24650
38803
24024
24878
24860
9198
9251
23884
24887
24297
24510
24837
38755
38997
23884
38803
24577
9129
9091
9129
38669
9400
9368
9111
4449
9111
9129
24024
9219
24874
9454
24860
9111
24819
38899
24350
9199
4626
23986
38803
4523
9368
24024
37938
38803
4727
38360
24874
23910
24510
23910
24139
9199
9092
38432
9199
38360
38799
24246
24139
24860
9312
9286
24593
9400
9351
4625
4649
38432
9200
4449
38830
9454
9129
24376
9251
24024
38803
24878
24376
9368
23986
24139
38488
38097
4626
23884
9338
23891
24510
39006
24005
24063
9451
24819
9129
9138
9236
38799
24376
9129
38803
4690
9089
38755
24024
9251
4618
24024
24005
38790
24024
38488
24894
38997
9129
23891
24350
9251
38291
39006
38435
4778
9197
9199
24650
24281
24024
9236
9414
4618
4626
24887
38845
9414
23884
9414
38035
38803
9290
24510
38845
4626
37959
9089
24024
24860
38035
9138
38488
38658
4785
38498
9290
4768
24139
38435
4643
24655
24650
4523
38413
9451
38033
24702
9270
24878
38435
23884
9089
9198
4618
9270
9152
4618
4785
24510
24496
24504
24246
9152
9200
23996
24005
38546
24139
9270
38498
4738
24839
9400
4778
38488
24005
24510
9199
4704
24650
24894
38658
9198
9198
9215
38608
9278
4643
9089
38264
24376
38033
4618
38291
24139
24139
24504
24376
38498
4523
24874
9270
4523
24496
38264
4618
38413
38488
9414
24035
9236
9270
24887
24496
24139
9215
4618
24887
24887
38845
38264
4768
24376
9089
23996
38658
9270
38546
38291
38033
38291
24139
38658
38741
38743
38413
24139
38264
23996
38291
24384
24496
38264
9400
38799
24462
38033
9215
24384
38264
9236
24496
38995
4704
38608
38658
4527
38264
39040
38658
38539
9103
4768
38608
4741
24035
24595
24655
38845
38138
24874
24376
4523
38655
23996
38799
9236
9428
38138
4552
38991
9317
9236
24469
38211
38154
24702
38539
38840
24384
4504
24595
9448
24049
9192
24702
4768
38174
38655
9215
24895
4511
4552
24655
38138
38840
38211
4523
38655
38991
24462
38154
38744
38744
38966
38211
9192
4504
38845
24839
24463
24376
4768
38840
4511
24463
38743
4768
24702
38782
24794
38608
4527
9317
38790
9428
38527
24619
4504
38989
4778
9414
38211
24833
4743
24469
24619
24702
38640
38995
24463
38846
38608
4768
24646
38527
38799
24469
4766
24895
24794
38608
4511
38966
9317
9448
38840
4741
9186
9428
4552
38743
24595
4504
24039
38846
38735
9457
24039
38730
24463
4516
24595
24619
38989
4762
38759
24794
38790
24039
4504
9457
9428
38846
38782
4770
24463
4770
38759
24794
24039
38612
38612
24794
24787
4511
38985
4778
24787
4516
38780
38985
4766
4516
24619
4762
38994
4504
38612
24646
24619
38994
4743
24592
38846
9448
9428
4766
39158
24039
38179
38846
24463
38179
38780
24039
4504
4743
4762
9186
38759
4516
39156
4776
38612
4520
9406
4766
38994
24646
4762
24788
38854
4743
4776
4504
9457
38780
9457
38762
4762
38735
4770
38730
38782
24039
38994
38735
4770
24592
24794
9190
4795
38989
38179
38179
38782
9428
38989
38759
24794
9406
24624
38994
4743
9379
39156
38762
24624
4516
24787
38780
39156
24646
38730
4520
4776
4770
38873
9458
9458
38782
4770
9406
4516
4762
24592
24963
9458
24963
38873
9406
9190
9190
38873
24787
4520
38982
38854
24795
4520
4520
39156
4770
9379
25009
4520
38873
9379
4776
4516
4776
24787
39087
24902
24795
9440
38854
39111
24592
4520
9458
38982
24639
39111
9190
9407
24788
24046
9407
38731
4520
4814
9189
38873
25009
38873
24902
39087
24963
4718
39156
4770
24583
24949
38982
4814
24624
24583
24963
9440
9440
4809
9407
38731
9472
38762
4809
24795
24624
39156
24956
24956
39132
24984
9379
24963
38771
24956
24956
24984
24046
38762
39111
9379
39132
24583
24963
24949
9439
38939
25001
24963
9465
24902
9472
38956
39111
9472
39111
4809
24956
39074
4809
9189
39087
24046
4718
24963
39151
39132
24956
39132
38982
9439
4814
9189
39074
4773
39111
24956
24795
24979
9439
39087
9465
38956
4814
9439
9439
4773
4718
24949
24907
38771
25001
4814
9472
39076
9439
24979
24979
24902
24966
24949
24966
39132
4803
38956
24949
4803
39132
39132
39111
9439
24946
9439
38771
4773
38939
22093
39081
38958
25001
4718
4773
9480
24979
24579
38939
9189
38939
39132
24804
9480
25001
39081
38969
24579
4803
38956
4803
4803
39081
39114
39074
23065
24979
24046
38956
24046
9381
23066
23066
24946
39074
9381
38958
9439
39127
24966
37253
3036
9436
3041
4814
23106
39134
39076
24946
39097
3036
23135
37253
38969
9189
23135
22093
9381
22093
24579
39097
9480
39127
39114
22080
39117
4227
22080
23135
39134
9436
39134
4227
23106
3036
23133
23106
23066
39081
23065
39102
36258
8891
39097
39076
9381
3036
23050
23065
22093
39127
7698
39102
23135
39102
38969
22093
3036
37192
23066
39102
23050
22093
3041
8909
8909
39097
7699
23133
22080
39127
23135
37253
8903
37192
23066
38969
23131
22126
3041
37253
36227
8903
8891
4227
36240
37192
38969
22080
23066
37253
23065
3992
23069
7702
37192
23135
7702
8909
23066
23050
36227
22125
39134
36240
36240
3036
3992
7698
3996
3994
8909
37253
3992
3989
3989
8909
23135
23101
8895
22126
22125
3996
23050
23069
8895
8895
36227
36227
37247
23069
36227
3989
37217
23046
8655
3994
15877
22105
8652
8652
8895
8661
37247
8655
36259
36240
22105
23069
8660
8661
37217
3997
22126
8657
15877
3989
3992
23101
37217
3991
36230
3992
23046
23078
8652
36230
22112
37275
22105
30234
22118
23069
23101
23069
8655
13440
8661
37216
8652
13440
37197
8652
37216
36230
13440
36259
8655
37275
3994
22112
22118
36259
8652
13432
37197
37216
22105
30351
23101
23078
37275
3994
8655
8661
22118
15941
13440
22105
13440
1706
13432
3991
8655
15877
2309
2309
8657
30255
12122
37262
3994
8655
13433
30234
2309
30351
30255
37275
27758
15941
361
30287
1706
30351
30287
37216
30351
30287
16044
361
16004
37262
30255
1706
5194
22118
27758
16044
8661
15877
37275
15941
37275
13432
30351
2309
30361
30234
36270
12122
2299
36270
30255
27779
6480
361
13425
27779
20159
5196
1706
1706
30287
30287
15941
12122
27758
16000
2299
12106
2299
30234
30234
12104
30287
30289
6480
20159
5194
16004
6480
30287
27758
16021
30289
30361
5196
27758
30351
27779
1706
13425
6480
13433
12122
30302
30286
30234
6174
30255
12106
20159
23112
20159
20159
16039
30366
23112
12104
6480
30302
30286
20176
15933
30361
12104
5194
20159
12104
20159
23112
16000
23058
30286
30352
6174
16021
12122
30361
30286
12122
6174
34296
15982
37269
16000
26440
30302
16000
23112
34296
26440
12106
7077
23058
34296
30366
30286
16039
30302
12104
12104
6480
30366
15933
34296
30390
12122
30286
34296
26436
37269
20159
23058
30358
7077
30366
15874
15874
20107
23112
20159
30302
34314
7077
7077
16000
15982
34314
23112
26440
3459
23058
20089
15982
30286
23112
16000
30366
7077
26440
6174
6135
7077
23112
15933
23058
23058
1471
12104
30286
26449
20085
1364
30302
15982
6135
23058
30390
3459
12104
30286
15925
3459
26449
15874
20079
30294
6134
30366
7077
1364
30366
30358
15925
34314
30286
30231
1471
15874
7077
34314
20107
30243
12115
20089
15988
37269
37269
30262
20089
20070
12115
34314
34211
37269
6135
20079
34211
20070
12115
30358
20089
6135
20107
30286
7077
1471
30262
6245
30231
34220
37269
20079
30243
6241
15925
12115
34211
30262
20081
20070
30294
34211
20089
6135
15922
30262
30231
20110
26647
12059
20107
20110
6135
30262
12059
6135
15988
30243
20085
20079
15988
30243
26449
20070
12059
20070
30231
20089
26449
15922
15988
15781
20110
30358
26378
20085
3459
30262
30243
15690
20070
30262
34215
34438
30358
20089
6241
30231
12423
30294
1471
6135
1362
15988
1362
15690
34220
1362
30243
20110
30243
30294
6245
15922
1362
15922
15922
15781
30262
30049
26647
30231
26392
3459
34215
15988
30138
15781
30262
20110
20070
26362
26362
20110
15988
26640
20134
26392
15968
15781
30138
20142
20134
12059
1472
37099
15690
34285
30138
15968
6161
30243
15781
30138
12051
15922
26392
12076
15690
12051
34285
12031
6241
30049
1471
7046
15968
30138
30294
735
1472
30138
22923
34285
12076
15988
20142
15781
26717
15922
30049
30315
12076
26640
26647
30138
15988
26647
26362
30138
15988
30049
6161
15968
15922
26717
12031
7046
29892
26647
30315
30315
12058
26362
12076
15988
15968
30138
30138
20142
15792
12051
34215
12315
26362
12076
6161
30138
15792
29892
12051
15760
1373
26391
12076
26378
15699
12076
1373
6161
12031
12029
12321
22923
15699
15792
26362
20142
30111
12058
30138
30111
30138
735
30315
12029
15792
1472
30138
7033
37099
12058
22923
7046
26391
29891
12050
30053
26721
26721
26717
30315
15792
12076
26647
12076
29891
12029
26378
26646
12029
15760
15636
26721
7033
29992
26361
26646
15792
26721
1373
26391
7046
735
26640
12058
30053
26646
30117
15636
30139
22923
735
7033
15760
26391
12315
26728
26361
30117
30053
12321
22923
15636
29891
22923
30315
15792
7033
2256
29891
12076
30111
12387
26362
12050
15760
12058
15760
15792
12315
12311
15792
30053
12321
30139
15792
12315
26646
30111
12321
22923
12398
2256
15760
26379
12058
30117
30004
30053
30004
30139
12058
26362
29891
735
26361
30004
26362
26379
26728
12028
22923
15760
29992
26652
30139
30139
26652
30139
1093
34266
30139
26728
26652
2256
12041
15792
15636
30053
15762
12315
12398
15790
33481
7033
37137
12028
12041
15790
12311
3449
2256
11999
15636
22923
22923
15745
7027
26361
26646
29882
33434
12387
30102
30004
33434
30147
30139
15762
34266
26379
1093
3449
15623
29992
12387
15762
3449
15790
29992
12041
1093
37137
33481
12028
15745
26728
26728
30147
2222
11999
30147
26652
2222
30004
15762
15790
2222
19471
12028
30004
12387
15790
30147
15762
30102
12398
15745
26365
12387
729
15790
33434
26652
26652
29980
29882
26651
2222
19471
15762
29980
11816
30102
29882
37137
30147
2222
34266
12298
729
3206
33434
15725
15623
29882
7027
2222
19339
26365
2222
12298
4216
11816
15745
3449
26709
26365
12396
34266
26139
11808
30147
26651
1298
15790
29980
12396
15725
26353
26728
11808
29882
4216
26728
19339
15746
29980
26709
15623
25432
26651
15746
30002
15531
19471
30147
26365
15746
37137
26353
3206
30147
19471
37137
30147
12298
3206
15725
30147
37137
33434
26353
15725
29980
12298
29882
26638
4216
30002
19471
26365
15746
12374
1293
4216
30002
12298
34401
26709
7029
30103
15531
15531
11816
34401
729
12298
19339
30147
15531
29980
26709
25432
15746
26353
19339
15746
11816
1302
6069
11808
19339
1293
15623
30147
26139
12396
15725
26703
5552
7029
30147
12396
15531
26703
37144
6072
3206
12298
1448
12374
15531
15725
1298
26703
12289
26651
15625
15531
26709
729
7016
12427
19339
37112
1293
25432
19881
12427
29877
15531
1295
6066
26709
22965
25432
37144
30103
1293
7016
15625
3206
26638
26120
26127
1298
37144
26120
25432
19881
1448
6069
5552
19339
15531
12289
2268
15531
12289
1295
1305
5552
26120
26139
1295
1305
37112
30103
26702
26638
1302
12427
29877
37144
12427
29877
22965
15531
26709
29877
6073
37112
22965
1448
8876
7016
1466
15625
6072
19881
19849
6072
26702
1466
26120
19881
6066
1295
5552
12289
1295
20254
22965
26638
22965
5552
6076
12289
1295
26709
33990
22965
12289
26127
19849
7016
6247
1466
19874
30103
37144
19874
19874
2240
33990
6071
12427
304
8876
7016
12427
8017
6076
19849
7016
1302
29877
19849
1293
16067
304
6247
6071
33990
6071
2240
11841
22965
1295
22965
2268
37112
19867
12365
8876
12365
12427
19849
26713
2356
19867
33990
6071
6247
26124
8876
8017
5561
23148
2268
20254
30023
12365
16067
6247
2240
26702
8017
12427
12427
26696
23148
2356
6071
19867
6076
6073
33990
2240
7016
6076
15671
6066
23148
12365
8017
15671
304
19874
26696
6066
6066
11841
15504
23148
6247
11849
11849
12365
33990
20305
5561
15585
30424
16067
19867
34397
5561
19849
19874
26713
19867
15585
6247
15671
19867
33997
26124
5561
304
6247
26124
20254
30023
6071
34424
8913
16121
16136
26124
11841
16121
19923
11826
26184
16063
7041
8017
34397
30424
19928
26184
15504
11849
12365
6071
11841
16136
37300
33990
15618
7127
2216
26713
11835
30424
19923
15585
26696
37300
5566
2251
5566
16121
26155
15561
2216
2346
26696
29861
16121
1479
15561
19867
19928
16121
34397
7041
2346
8913
15561
30011
11852
15585
1479
8913
2216
26696
34446
26713
19909
30011
30011
15616
5566
16063
2251
11802
2216
16063
37300
2251
5135
7127
16121
1479
11835
16121
26164
2346
29861
19923
37300
11846
15723
1479
26184
11826
19923
29861
2346
2216
11852
1479
29929
29927
7041
26713
8913
29924
29927
15723
16063
15585
15616
26696
5566
16110
19909
37300
2251
34446
30478
11959
19914
1479
30070
2346
29908
15561
29927
29924
5566
2346
30429
26155
5135
34446
26155
29927
26304
15561
5135
2216
15660
19923
2216
30478
2216
16110
7115
2346
30429
11959
11959
7037
1479
19909
6250
19914
15561
4200
11978
23154
29953
30011
34072
15660
2216
6250
15660
37085
16065
30011
26164
26164
7037
20306
11959
26304
15660
15723
19914
15706
15616
2227
2231
34061
6250
11978
6085
16110
2216
30429
30078
30070
30063
23154
34061
29851
15706
16063
6250
26304
20049
19914
37085
34072
20306
29953
11955
26164
20049
29924
23154
15553
30429
37072
23154
30429
29851
7115
2231
2216
15553
11959
30412
7003
2216
8021
7020
15723
15723
16065
30078
16114
2227
30078
20249
2216
20306
6250
2231
2231
7002
23154
7003
16065
15706
11976
15660
37072
20306
7020
11978
6250
29958
26309
34072
7002
7003
34072
29905
23154
34061
30063
7003
30429
7002
34048
2216
15709
23154
15709
20249
16065
12281
6250
6122
11955
29958
15601
34032
16114
1359
37072
16114
7020
15601
34032
37058
2263
11965
16114
8021
15709
26614
8021
8059
26309
20306
30063
2216
15660
20049
12281
34072
20306
6127
16065
26614
12360
11965
34200
16114
2216
23154
34072
8021
8021
30403
30063
34200
2263
15601
16313
2216
16313
7020
30010
37072
29933
11955
8059
2363
5605
2263
2363
11955
30403
34197
16114
22953
16046
2216
2363
1359
2263
8021
15709
8021
29958
12435
12360
20048
8059
37058
6122
20306
37122
8059
4201
34032
16046
12281
2363
37058
8021
2363
20048
12360
37122
30153
34200
11955
1350
22953
2263
16260
34072
6122
20249
2263
30063
16372
26294
16313
16114
5605
26309
16046
16274
1350
16260
34200
16355
5605
26691
12435
6127
1350
16372
30699
30153
16285
30466
29958
1359
2263
26614
1359
2363
30403
26691
30726
8059
30466
30153
8864
8864
23005
29844
12435
29844
30699
30403
34197
16372
30403
20048
12435
22953
2351
5605
5605
1350
30726
37122
2351
16313
34197
12435
6122
20036
29933
16355
29958
5605
16371
26614
20280
30153
2351
26294
30403
16349
5605
30726
30153
26294
30466
12435
4201
16349
23005
30403
1350
16372
16349
16274
30684
16371
16372
30466
12435
34177
26691
4201
16349
5605
5605
23205
29844
30675
16372
4201
37122
20036
16355
30153
16371
23005
20036
16285
2351
30675
16215
12435
34391
7122
2351
16355
23210
4265
5605
30644
30729
7122
34167
16260
30690
34197
7122
30699
23205
3391
326
5605
20280
37122
30729
7122
16349
2351
34183
30726
23005
30675
3391
16372
34391
30644
16372
16274
22908
5605
37152
34167
23210
8864
2406
2406
7122
34177
29844
16345
23005
20280
23210
8864
34391
30699
3391
16260
30690
2351
30603
34171
30699
2386
30690
16215
2406
37152
2351
16274
2414
30749
23005
22908
34391
30763
37363
37152
16260
2414
34177
23210
16345
16215
16238
34167
30603
22908
23005
30644
34167
16372
34167
16412
30749
37363
4263
37363
30749
30730
23005
23205
30690
34183
16260
34177
37152
3391
37352
37357
16345
323
29944
16173
7177
34171
7137
30763
2414
34167
2414
2414
16238
23163
30690
30763
7142
30749
326
16254
4263
16264
30763
2414
37347
326
16215
16325
16264
30699
2414
30749
23205
7142
2406
3391
16173
8917
20008
29944
8925
23205
37352
29944
7177
326
30595
23163
16345
30763
2406
30623
16238
30690
16412
34472
20008
23163
16201
16173
23163
16215
30690
2414
30766
16325
20332
30749
6251
34472
2414
29944
2415
7142
37347
12273
16254
34472
30623
16201
7145
7137
7145
30595
34145
30667
20310
7167
16401
12504
16173
16412
30768
8917
12273
6251
16238
6251
7142
16238
16201
8925
29944
20310
1481
7142
7142
34472
30768
2415
16215
20310
34147
2415
16325
16264
2382
8917
30623
16201
30683
16238
37347
1481
20332
7145
34147
7145
2382
30595
323
11935
34472
20000
20009
29944
1481
20009
26224
16254
16238
30595
16193
12504
20310
16222
16193
16222
7142
16201
2415
16193
30766
11935
30683
6210
6251
6266
7149
6251
30766
16401
8917
12273
12273
20310
16401
6251
6266
6210
30766
12504
1481
16401
12273
7145
20000
12356
30528
34145
2415
30766
16254
30623
26224
30612
2415
8917
11929
12273
30766
29831
7142
11918
8917
11935
19970
26267
2370
20009
8917
7145
1481
29831
12356
20310
26593
1441
7145
34155
30566
30766
2415
12496
29831
12356
12356
34147
26267
6266
12496
16163
16401
16394
30595
16211
16211
26593
12356
2370
16238
16401
6229
12504
20332
11918
20316
30595
30566
30528
6210
6098
7149
30528
1328
12448
2370
6251
29831
16193
8917
7145
16394
34457
26224
11929
34113
34132
6210
8917
29831
2415
16227
1481
30528
34469
11882
19970
16163
12496
12356
20316
30528
30566
16163
2370
34132
6212
16227
12255
16394
34457
34105
16394
16227
30566
29831
26267
11918
5141
6982
30612
11918
34469
26276
7149
29831
12496
16171
30528
6212
19970
6229
30528
11918
16394
11882
34105
1328
11945
6982
16227
11945
26817
34132
34469
34105
30528
16394
26250
26277
16171
16394
34457
11918
30566
12255
12496
16186
16163
26817
16171
34457
12255
34469
26277
11945
19970
16394
20219
12356
16211
11920
6982
34113
16394
30528
16171
34132
1328
16186
16186
380
26245
11945
12255
1331
6982
26515
30528
380
26218
11882
6098
34469
26817
11907
12495
12495
6258
12487
2212
34385
19960
16394
1483
1335
26817
26515
29818
5141
26817
30528
6230
11920
19468
29818
16171
34469
33555
6258
11907
26277
1328
26218
26250
12356
19970
12448
29818
12495
26250
2212
20219
6103
20219
16186
26245
6982
34464
12266
12487
33551
30528
26515
25519
1331
5141
26515
1483
1335
19468
12356
34464
26277
30528
2212
19410
19410
29840
5896
380
26515
26582
12266
6258
11907
12495
26240
33555
34464
30528
1335
16186
29818
12495
1335
26807
2212
1483
6103
29840
11884
11907
25519
16186
19413
1483
12479
26245
26515
26277
12356
6090
33551
12448
6258
11907
11920
25519
6090
26795
19468
11920
1331
19410
26807
1483
380
26240
26203
26250
19410
26807
19468
5141
19410
34464
12454
34364
11876
29840
1335
6230
22898
11884
6103
26240
33551
26668
1335
29840
11884
6230
12182
3371
26529
20221
26582
29840
26240
1455
22898
5896
26203
3369
20221
26515
22898
6107
11876
6103
12479
12448
20320
26240
12182
12252
6269
1335
26203
12454
12514
6090
19410
22898
26240
19398
19398
19413
12495
11907
26582
1483
6090
34462
20221
6090
6103
20221
12454
6268
26807
5896
29828
25519
19468
26795
2212
26240
33551
19468
11876
19468
3371
11903
11876
25519
19410
26240
1104
33551
6090
6268
6103
25519
12182
12514
20320
19468
29828
26910
34462
11903
34364
12514
29828
26668
6230
12454
5896
1335
390
1104
19413
6107
26240
34364
11185
26582
12514
20320
22898
6185
19468
19398
26203
26866
6269
6103
11903
22898
12454
26664
6107
20221
26910
19398
22898
3369
22898
3371
12454
26668
3369
6267
5896
6107
19413
34492
1498
29828
12182
6185
15469
12252
11193
19413
33512
7889
12252
12514
26668
34364
12182
26203
1104
34492
11903
11185
26548
7889
33551
29828
29828
3369
19382
6185
25504
6090
1455
25504
6103
20221
390
20320
6090
6103
1456
26866
1498
12517
12252
11903
26866
19382
34408
26910
5866
34492
19398
3369
20320
3369
26496
5866
11185
29826
22898
22898
26910
1456
1104
12515
7889
22898
20211
26496
12515
7889
33517
11252
11252
33559
12182
15469
26496
19398
26656
3369
11252
19382
19398
34364
33559
29606
1455
33512
3369
15469
12252
26496
11185
11193
1496
29606
33559
12252
6185
20320
6103
6185
6267
29826
11193
29804
11252
11193
1496
19398
6185
33559
19382
26656
26548
19365
29804
29826
1456
25504
26910
20351
29826
1427
12513
19365
8132
1427
12513
1320
1456
12325
19398
19382
12252
12325
1425
26072
12517
6185
29500
26072
11185
1320
1320
6041
20320
26548
12515
8132
20211
11717
11193
11193
26664
6267
11717
19398
19382
6183
29826
6183
26499
26548
20211
26062
19382
12252
19398
11717
8132
29606
19382
26062
33517
29804
19382
33559
33517
11717
20211
26656
19365
11193
26058
12513
26499
20211
20338
26499
15457
19365
11193
20338
12325
29500
12252
12325
29826
19365
1320
20338
19398
29597
1425
29804
26862
6271
12252
6271
34367
12550
6285
5866
1320
6285
1320
15144
29814
19382
6285
26072
15469
11717
6041
26499
26656
1412
19382
1425
1097
33559
26656
29500
29814
12513
33559
26499
12513
29826
5868
8132
11724
6044
20351
15457
26548
34367
6041
20338
6051
6183
1320
1320
19817
20351
19819
26656
1412
26656
1425
6285
19817
34367
22834
1412
33517
6285
11724
12550
26882
26499
5868
1278
12325
29814
15457
29814
1504
12550
6183
6183
11193
19819
34367
6047
12537
1097
26879
1097
22834
26071
15457
29597
1097
26879
19360
15139
29597
1320
8136
15144
1412
19360
15457
34367
29494
15216
15216
1320
26071
1097
26499
6907
1425
19819
29494
34367
5868
1502
29814
26478
15139
1412
12325
18034
26935
26484
26656
26862
15457
1425
26058
34367
1098
19360
26478
29814
1320
19360
8136
19819
15457
29597
22834
12231
26882
26478
1098
11724
12550
5868
3338
6907
22834
26484
29814
26558
1097
3338
6044
22834
15216
15457
5525
18034
19819
1502
26558
15243
18034
5868
26102
1097
12153
1504
22834
6051
26058
19360
1098
8136
12225
6051
26484
6286
33496
5868
15457
11222
26478
12550
12231
6274
12153
1502
20350
5887
26484
1425
1097
26484
15139
12225
1098
22834
20350
10782
26102
26558
12551
1097
6051
6907
15457
26558
3338
1280
12153
15216
15139
6044
6044
12225
29811
29811
26478
5888
19360
1279
32162
1097
11222
12231
26478
11222
29492
29492
1097
29494
11725
5525
6274
1098
36978
12153
1280
1098
10782
15457
6286
26050
26478
26558
5893
26484
6279
1280
15457
1097
11222
33496
15243
11725
11725
26882
15216
36978
6288
6907
26478
17791
1502
15457
26478
26478
1409
22837
6286
34373
26484
29597
26888
29811
10782
5893
15216
15216
5888
1280
26464
29811
12153
29811
15243
26464
6040
11725
1502
10782
15215
15154
20354
15155
15154
15154
3223
6289
12231
22837
26050
33496
29811
3223
6923
1502
8004
12153
12153
26102
15243
1433
6044
15243
19452
22837
6289
15215
26888
6289
29577
3223
29811
32844
32162
10842
33490
17793
33490
12557
1280
33496
6279
1409
22837
26484
22837
11767
1409
1282
6053
3471
29811
34373
32844
5523
2155
2155
15243
11725
15215
18238
26464
2155
36978
11725
34373
32155
32155
2728
6288
1409
10842
22837
1433
11710
12153
10782
36978
29507
22837
33490
26464
19441
34373
6278
1280
15155
12557
5893
11710
33490
6040
26102
6923
33490
22837
2155
26102
20354
32155
6278
22837
26888
6040
26464
11710
33490
1433
3223
4984
18238
6278
26102
2728
5523
2155
15153
12611
7497
29577
36978
2155
6279
11710
6291
1409
2139
2139
29811
4984
3211
29577
5893
32844
6040
3341
36978
4984
22837
2155
33984
33490
6935
3471
29577
2164
11710
26464
26464
8004
3341
5893
1282
1433
32843
6935
6040
1522
26464
17791
7497
15227
1122
36978
11710
1122
6927
2155
26464
33597
29562
34373
5893
15153
26470
1282
26469
32843
34373
36978
2164
1122
1282
12139
34373
1121
32155
22837
6278
32155
26469
1409
1122
1433
6935
1122
32843
29577
1122
2139
29507
1121
32843
26469
26469
36978
15213
32843
15221
2155
11767
29577
26470
33984
6923
20361
1122
1121
1121
6278
11767
26469
6823
1122
33579
6278
15221
33597
6053
12550
15227
2164
7499
15227
7499
6923
15227
19438
33984
11763
2164
6927
1433
12550
6927
6935
11767
2164
15221
19438
15221
7497
7497
29562
26470
33579
15221
12139
19438
32155
26566
26469
7497
6278
1522
33984
26957
32155
15221
1282
6923
29577
33579
15221
6927
1121
11238
12625
3211
29566
11767
15213
32155
19438
7497
34373
11763
11767
15227
2164
7545
25456
7497
25456
36940
2164
33984
6061
22805
6909
6935
26470
7499
33579
25456
19843
12625
15221
2164
15221
1282
29566
29562
15227
1282
11238
7496
25456
11238
26093
2728
19438
12139
25456
22805
15221
33597
6823
15221
1281
1433
11763
7545
26469
3342
7496
29566
12139
33579
26469
6927
7545
29564
6296
6061
26470
7496
12625
5780
26470
26470
33581
36940
1281
7496
7496
26566
3211
1522
15221
29564
12139
26566
6927
6061
6909
6823
7496
29564
25456
12139
15222
25456
3342
11238
11238
25456
5890
26093
1282
12139
11763
15221
15221
8106
11763
26469
15222
11767
3342
12139
8106
36940
5890
2728
29566
26470
36940
20361
15222
6296
7496
5780
29562
7496
2797
15260
33984
15221
26566
33976
29061
25456
15213
19843
12235
29567
6823
33581
7496
5733
6296
25456
15213
2164
11238
5780
29553
26470
7496
29523
5780
29553
18926
2728
6823
12139
6296
18926
3211
7496
6913
26093
26469
6913
7499
3211
20234
36940
12139
15221
6913
29553
20234
33581
6178
11763
1522
33581
15224
6296
17798
1281
3342
26093
33581
6061
26093
26566
15116
15260
15116
2138
1406
29567
18926
26566
17798
15224
11763
3211
14760
15260
26470
3211
29463
29550
6296
3211
5855
12235
3211
19843
6296
15224
29523
5733
6296
6061
2797
6296
18926
15260
20198
33976
2797
6901
17798
29547
5733
2797
18926
6178
36940
1406
5855
6912
6178
26564
1522
6061
12235
29552
29061
14760
15224
6824
3211
29547
19289
12235
20234
6913
29061
29463
11125
5890
15224
6296
2130
26093
33976
26566
15224
2053
14760
19289
26086
33976
33976
32129
1406
32129
25238
15207
12658
33976
15116
20198
29463
6823
12658
18924
12658
29463
20234
3211
15193
26093
6901
29547
6294
1406
2130
2053
6912
6296
2728
33976
2797
1406
6823
2153
5733
12658
29550
12658
26983
11769
6801
25238
18924
29462
36937
19454
6294
2130
12643
29552
15224
14760
15193
29552
6296
14760
11769
20198
26564
20234
26964
6178
12658
25238
33976
5733
1522
5733
15116
26564
1406
15116
29547
29057
3211
6912
36937
26086
26983
33976
6911
1522
2153
5733
6294
26983
6294
5733
29547
15207
2130
29462
33976
2148
14767
1406
12658
5884
5733
12658
29061
26086
2053
29550
29550
25238
1406
18924
14760
12633
29061
19289
29057
22792
6912
6294
6801
12643
18924
33450
14760
32129
2153
26983
20198
12658
12658
11769
26086
29462
12658
26097
25538
26983
22792
2148
11769
26097
33450
26983
32129
14760
2149
14767
29792
26983
22659
6824
15168
2053
11769
15168
12658
29773
11773
26564
29552
2148
20198
33573
1286
25538
5733
6824
42503
6824
25238
42500
42263
42503
18924
6294
26564
36937
6801
6911
42263
12643
36807
25445
2053
12658
42500
41867
5884
42500
42447
899
1522
1522
42500
12658
33450
899
42500
15199
42500
32129
17767
42500
26983
10378
25445
41867
2053
42263
42455
26097
42500
1522
22659
10912
6911
14767
42503
1286
25538
41867
6801
33573
6911
10270
41743
42500
10270
26097
1286
11773
26965
6801
14767
10270
41620
42500
22659
29793
33450
5884
22792
899
42275
10390
12658
42439
41920
6824
29773
41753
29773
12658
15199
899
5881
6824
12658
10527
26097
5779
25445
17767
41753
42500
12658
178
899
41899
10270
22792
10912
12658
41743
41753
11111
2053
41674
25445
6917
41753
33041
14706
10390
2148
10527
2148
42275
29792
10528
899
41743
15199
10446
12658
6801
899
41743
899
5881
10270
42405
33450
10272
33450
41899
6911
14686
12658
15192
41674
25538
22792
899
41534
178
41563
29792
6824
10912
19435
41899
6911
41899
15192
2053
41749
33573
41743
10270
14686
29773
22659
17767
14706
5881
33450
11111
33450
33450
19314
41901
19314
42502
19314
10272
41674
22792
41743
41674
10294
15192
14686
36807
10528
10402
42502
29793
19314
899
5779
25440
11200
14686
19435
10528
22659
41743
5881
41574
10153
899
1286
14767
41679
6801
10294
12658
33450
12658
25538
42303
15196
42303
10270
36807
10294
41666
12658
25538
41845
19314
36807
15197
29093
10294
29792
5779
29093
11111
6973
41679
41286
41823
10422
11111
18048
29758
41342
12658
1286
41666
2053
32137
41679
17767
10294
19314
41542
42405
10153
22792
41666
41679
14706
29773
33450
41574
12658
41845
10153
29759
29078
25445
29093
42405
41743
178
41666
41472
19314
33572
10422
6801
19314
6917
899
42405
10270
29773
42524
41342
42405
29093
14706
6801
41679
41743
42405
33041
36807
42524
41679
19314
41542
17767
11111
178
41574
12658
42524
41543
41823
899
10422
2028
2041
12658
2041
33450
11111
10164
15417
12658
10422
6974
19006
10153
29093
10191
5881
10185
25442
41679
42405
15427
25440
10367
10164
41679
25445
19314
15197
41743
41543
41679
6973
26097
15192
40436
42405
2794
9959
41679
40327
10191
22792
14756
10422
10255
29758
19314
2028
29781
9882
19006
17749
29046
10255
17749
29046
17749
40436
41823
40567
40327
41743
17749
9882
9883
10242
10523
33151
41364
39612
33567
19435
9882
15196
42653
41743
10185
9882
14706
41484
29759
42353
10422
22792
41823
42405
42524
40457
29773
10422
10155
40567
15427
29078
42653
33567
29075
7741
41445
11200
39507
39674
9948
10523
41514
11112
41364
14686
15192
9884
42405
42086
10242
9948
41449
14686
42095
39507
19314
899
10370
42655
11200
2141
10278
1085
17749
9896
10455
899
14675
42095
42405
15159
32137
39507
19314
6969
42143
41445
10370
29075
42405
29075
40327
10523
39697
19314
29093
41230
9948
9896
41241
25445
39998
10422
32137
29758
42655
41679
25442
42353
10155
25442
9882
41364
42095
29781
29046
19314
39623
42653
42211
2041
2794
17749
42655
11200
29046
19435
9884
15416
29093
10523
42405
9884
10455
6974
42086
39507
29093
10455
33041
42021
41514
2794
33151
25442
15427
9959
40117
33041
14756
9660
40088
40088
9948
41230
10278
15417
41445
39738
10524
41364
7741
899
39623
41175
14756
10422
2028
10422
2794
10422
11200
33151
40117
15196
39998
9884
17749
40509
41175
29781
39743
33567
19314
42086
9883
42527
9884
9959
29781
42143
39738
9660
899
39738
29078
29046
29758
39738
42655
10640
40117
33572
1085
9959
37038
32137
1112
2028
15427
42405
42655
41175
42655
15427
40117
41445
40088
2041
40509
14696
42353
39998
10370
17749
42149
2794
9884
10143
17749
9972
40088
42527
41775
15417
40319
42405
42068
6804
17749
10640
33151
9660
42527
29075
9660
10524
42143
9608
33439
9883
29103
32137
41514
29103
42143
14696
39963
15183
9884
19314
42655
15416
37856
10422
10143
39963
17749
19435
39939
42544
10018
11112
11200
42405
15159
10143
40319
17749
39982
9660
6969
2202
39963
40018
40319
39505
42021
39503
42086
6974
40509
39916
39939
2202
42544
25442
42211
42655
37856
42066
40319
6969
39505
10524
17749
33567
42067
10254
40144
9794
42902
7741
11113
39743
39503
29075
1112
9608
15183
10018
11113
37031
39939
42582
39916
9884
9794
29103
15416
42353
15183
39939
9888
42655
39505
9660
42902
6938
39390
10370
42039
39260
9972
10524
39505
40324
14756
2046
19314
40358
40183
10143
10640
29075
39260
19314
18196
40088
37856
10233
42165
10254
9520
42165
42944
14675
40144
42225
17749
10233
18198
32125
42902
40018
14756
33151
15416
9520
39503
40018
42111
6938
29103
18196
9608
11120
29025
2041
40018
42544
29025
11120
29042
10467
17749
40088
42507
42904
29727
42902
40583
40018
9972
10233
9972
2200
37856
39920
10467
36799
2041
39390
17749
40358
6810
42902
10018
39899
40167
15416
9608
39982
10018
19314
8852
2033
10018
42005
42582
42803
42944
2041
40018
39427
15183
6969
42510
10349
32125
11200
9592
18196
42167
4136
2200
10254
9520
42573
29637
42225
29103
6938
39900
2033
37031
40123
29075
2046
37856
15159
10018
32125
39505
9608
9888
39845
10017
32101
42507
32125
40657
39900
19314
10700
29727
42507
9592
9842
29761
42841
42841
10233
2200
40018
29797
15282
19314
40214
42544
15417
9823
19314
39879
15423
15417
39845
10700
42944
6804
37031
39390
10700
42944
9842
39413
10233
6938
40110
29103
42507
18196
40583
39899
29649
9847
32101
40214
2046
18198
40110
2046
39427
42111
39413
40018
11113
10017
32101
40123
29042
29637
39402
2200
39899
42944
6938
2033
17749
15159
15183
42573
9972
29075
8852
4136
2046
39427
1112
42510
9823
42944
39241
40657
39808
10018
37038
42165
39845
6962
39390
10017
10488
22892
14696
15183
40214
32101
17749
15159
39811
39811
42573
15423
32125
17749
42507
22892
42857
40722
40583
40657
15417
10018
40722
9847
10233
32101
9756
29103
40036
39427
11120
39811
15266
42901
18902
39427
10249
40096
32101
39419
42167
40110
10488
15304
40123
29649
32125
36799
9520
42902
10700
10233
9520
10017
40214
11120
40701
40866
9847
9756
32101
9838
42682
9842
4136
10233
9838
14689
40583
9847
29761
32101
39241
18903
7742
29042
10018
10249
41742
40701
40110
18198
9520
40701
40036
10467
8852
42165
41742
9548
40866
40311
36989
32125
29797
17749
39413
32125
15282
15423
40583
40110
15307
29643
8852
41705
10349
9838
39402
9608
33413
4136
15266
40110
10364
4136
40096
40657
17756
32101
40185
40110
32105
4973
22892
9608
10700
40110
10507
15304
42698
2046
10364
15282
40722
39899
29649
29753
39313
39899
17749
42682
18903
41168
40606
40657
15266
41742
40606
15304
29649
18902
42968
40211
17749
42698
11120
2041
7742
40311
40727
6810
42700
32105
40110
10488
40657
41006
40856
29797
40096
40281
41006
29649
40185
32105
36799
6938
29088
17749
22892
29643
15266
29722
15307
42949
39241
42857
22892
15423
18791
2201
39370
18791
7742
15441
29722
29621
40657
40657
15441
15304
29088
29088
2046
39370
29753
32105
18902
4136
41006
42901
42901
36989
2170
40094
9498
29727
39241
40692
17756
40692
29621
9878
18903
32105
6940
17749
39346
22892
2195
39462
37002
15307
15293
41705
39241
15266
10734
4973
42776
29761
40242
4136
40185
39439
37002
15282
32105
40110
9985
2041
18902
7742
18791
39457
40986
32099
40242
15325
29722
18903
2046
42949
42802
37008
17756
29643
42802
9985
40986
41705
29621
42880
10364
15307
39241
22852
42698
32105
6964
17749
40800
42033
39233
40185
39457
15282
41168
32099
40657
40856
29532
9985
2170
6961
40185
40185
4136
22852
15307
4973
37002
36799
15307
6955
42726
9985
15441
14689
15293
10685
29753
15266
29621
42698
40856
40572
32099
29643
37002
39767
15293
29797
18791
14689
10685
39346
42841
15266
40986
18791
40856
33387
40110
2041
42796
32105
15325
15293
39241
18903
42842
33387
17743
40800
17743
7742
2201
15307
2170
42802
42744
22852
6940
4136
42973
42842
42802
22852
37002
14689
39457
29643
40239
10671
39457
9985
6964
4973
15307
15293
40239
32105
39241
6968
33413
39241
29532
42796
15325
18902
18062
43058
10671
40856
2195
10671
6961
2195
17743
37002
17743
40856
42973
18791
22852
39462
39767
39457
42767
18062
18791
6940
32106
2033
39233
15293
39241
8827
22852
15406
42973
40263
15325
32106
29643
6955
22852
15382
29680
40185
33387
39457
18902
33387
37002
40263
40266
40829
39233
10813
29753
9985
40572
32099
2169
40185
40907
17743
32099
43058
10671
15307
42880
9985
2188
39457
17743
42842
8850
29680
22852
2041
14689
15325
15441
9985
29081
10696
15325
2169
22852
22892
8850
42717
15307
42705
29722
15307
15440
37002
42842
40239
10813
2201
10080
5841
10055
14689
10727
42753
18791
4973
5841
15325
40744
42717
40224
33460
40907
8827
10813
18061
40831
17735
40224
10753
29643
40224
6940
2199
29643
32106
37008
42744
10055
10033
6940
40856
15442
17735
32099
40224
14689
15440
42753
22852
42717
40224
2169
40254
10696
40856
15325
18791
10696
40833
6961
43058
17743
43095
40239
2188
33460
42819
43051
5843
19246
22852
10727
17735
22865
33386
29446
19246
17735
40856
33460
37008
37002
10690
41026
42852
43051
42755
10682
33460
29532
40856
2188
22785
41073
15325
14689
15406
29446
29081
17743
2169
10080
15408
15297
29531
40224
15382
33412
37850
40779
32106
37850
10756
2188
18061
40907
40254
29680
19246
6955
29643
15328
22865
40224
43095
5843
41073
33386
41011
15440
29446
15297
33409
40762
17735
29718
41073
2169
40942
651
15442
22865
29081
10756
15328
18791
41026
10055
40836
2201
29680
29718
15325
37850
42992
15442
15297
42723
2188
15297
15328
42992
15328
40856
2199
18061
40836
19268
29446
10341
10341
11085
2776
10727
40254
22785
29695
40976
29695
11085
40856
29680
42717
42723
18791
10682
2193
40270
43096
37850
37850
41027
2169
40898
22785
29485
15440
29080
40856
15328
43093
6905
15382
29425
42819
15408
33386
40875
40942
22865
42755
22865
40779
42852
29081
29680
15297
2188
33409
2145
29531
41027
29310
10047
2169
42755
651
29446
33460
10690
22865
2711
10756
40779
37850
10756
29415
29695
651
15328
2185
29079
15297
40270
2711
10112
5729
33409
41073
17735
4971
29695
29425
11085
2193
2188
41071
29680
41118
15297
2188
22865
40875
2185
40976
36816
40875
2145
6905
2185
29079
10341
42717
2169
29415
11085
22785
41118
40825
43018
29695
22865
43093
10038
10047
11085
2711
2710
40976
6806
958
25415
22862
29415
9706
29080
5729
9706
2711
651
10114
32086
29485
15328
37850
10341
17735
42993
41056
42993
29049
42852
15367
2197
29336
41041
6896
29310
40976
40815
42852
42985
6816
22865
40898
37850
29079
43018
6896
15408
10114
2711
2193
29485
40976
6806
15397
22862
29324
29336
2197
15074
41056
19268
41118
42992
29425
139
43038
4974
40875
10038
15408
22865
15130
19268
29310
2711
2134
42852
41075
41155
2145
15180
6896
5729
2710
41715
36816
41715
9700
40875
2710
2193
6816
29049
22862
651
19268
40875
15169
41056
43038
15073
10118
36816
4974
29336
42852
9706
15074
29336
22862
29331
2710
6806
37850
42993
29410
6892
10107
5729
6816
651
41717
29049
41717
41041
2194
10051
10118
29324
32086
41122
6876
41155
6902
32086
22862
139
41717
6902
42985
4974
15367
2710
19247
2710
9706
32086
3046
29331
19253
2193
29310
22865
29410
6892
10756
6816
5729
36122
22862
29370
41155
41122
29447
29331
36816
43038
15180
10118
22865
10107
15180
19253
15367
40898
29049
2126
6902
9706
42992
2194
17721
42782
15130
6896
6903
2193
18682
39768
15169
2710
19268
18191
42987
36816
18685
15130
32086
18682
139
41717
15169
2134
22865
15367
17721
29314
43038
18685
36122
36891
29049
5729
29331
6896
41091
22862
29314
40993
6902
3046
29377
10108
29410
15374
10108
15042
35963
19268
5729
17721
4134
15130
41158
19253
3941
40844
32086
15346
15169
29377
29370
956
29049
32086
29410
14997
36894
43038
19253
15374
39777
42987
8815
6903
3202
39777
17721
19268
6876
15374
6902
29384
36891
2131
36891
8821
29370
29314
15130
19253
15180
18685
18692
15346
15180
21867
15169
21950
959
32828
29377
21964
15042
19253
19268
18697
2866
29427
29384
8604
6894
14997
25282
15100
15130
41158
29384
18685
15367
18686
18685
19253
18682
29474
3202
36894
15042
8815
959
19268
7711
32086
25470
18688
7711
29331
15180
21867
2131
7710
41102
36891
15374
36121
15180
40844
32086
15169
21961
8815
29427
29451
29314
36894
4134
7710
29474
956
15026
15054
2126
7723
6876
19268
18692
3202
32838
15130
29474
15130
21867
36113
40844
14702
14997
15100
8821
21961
25282
36095
22738
8821
3202
14702
15119
959
2131
18692
18697
29331
29384
2710
29400
15080
35963
36094
21961
7716
32086
36891
29314
21812
19253
2101
14960
29331
14997
39786
21812
2101
36900
29412
37385
6894
36894
14702
21818
21973
15126
14960
29474
29408
6871
15026
21961
22738
29314
29474
29474
32825
7710
2126
21817
5781
21812
23251
25470
21961
22744
21947
29400
22798
22798
959
25282
15052
7716
2710
29400
2098
29474
29427
22070
15126
15130
8633
6877
19268
6868
8633
6871
8821
35965
956
36113
25470
22758
36894
23246
29474
14960
22738
2101
15088
959
29334
37405
6871
22773
6877
6877
29400
15089
3053
21964
8620
22798
29334
4273
18698
21818
22744
6895
18698
15005
36891
25470
15052
21961
14997
8627
25470
15048
2098
29334
8620
37405
6880
21947
29305
21818
8627
36177
2101
3053
22771
3979
37842
36785
8935
6877
8620
15126
29390
22744
36213
25282
21947
22738
5781
33421
32086
36160
15089
15069
22773
36723
2098
37405
15088
21947
15089
36723
956
15126
36213
22758
6895
36177
6868
36094
18698
3975
8821
33060
22738
6877
36120
5781
29307
23246
22764
23246
6877
3053
22744
36208
23236
35965
29408
25470
29390
15089
3976
14997
15005
36185
14991
14665
25282
22070
4154
25470
22068
15066
1020
32059
18053
37842
1020
29390
22051
28942
36196
15126
15126
36213
36196
6880
5781
18026
15066
3978
3976
19159
2098
22771
29441
15066
36136
15123
22051
15089
3975
29210
29441
33060
36213
13085
3978
15019
37842
36208
23236
29390
14954
32059
36160
29307
8642
18053
36185
37842
29210
29154
5781
33883
22036
29154
21973
29478
22036
14665
15047
22036
6403
29305
22743
22036
25470
15047
2109
36136
22068
2093
29305
18026
37842
29210
14991
29390
32059
6880
3977
8643
3975
36153
36136
5781
21973
15069
36137
6859
22764
8643
36153
29441
13331
33060
29154
13381
27725
14935
33883
6880
6880
4154
14991
677
5781
33298
5781
6827
493
5781
13396
13331
14935
493
36846
677
36136
6403
37842
19159
22036
18026
29441
15019
493
29441
29421
32059
5781
29210
14665
6859
18921
791
36185
29210
29254
19159
21989
29390
15047
6827
18053
3977
29289
1240
2100
2109
29421
15126
13085
21989
6880
36879
27725
15047
15126
13085
6861
29210
15019
36723
5781
8641
33420
15066
6859
15066
33060
13348
21989
33890
33298
12878
3977
33886
22743
2103
19002
6859
14665
29216
36160
33883
18921
37842
13284
36137
32068
1020
6861
22557
13396
5449
15051
1240
29210
33890
5449
33890
33886
677
8643
791
6010
6861
2103
6859
19159
2090
13348
5449
14954
29154
5295
14667
15009
2090
2093
6833
19740
456
33298
6403
27684
25090
15009
1998
19740
5449
2109
29210
13403
19740
25911
33298
2103
13337
15051
13087
29289
2103
22637
29210
1020
36879
29216
256
22637
13331
29210
33886
36722
32068
456
19159
6010
29254
13284
13284
36834
29210
29289
17692
18921
13331
6859
22557
14665
22557
12883
6403
8643
29216
36163
6442
13331
29266
19002
29267
15009
2090
13284
1240
33886
17702
1631
25090
6861
14804
19718
29216
36722
6862
14784
1998
33886
4850
15009
13403
14813
4850
6012
12927
32059
14791
36722
29210
6004
12878
14815
25899
2090
17692
27217
19718
6442
13284
22736
32059
6842
2109
18921
6432
6010
6432
17702
36836
14804
36841
2091
29233
2109
29291
29017
14667
1608
6442
17692
1240
1997
15066
1626
1608
15009
6827
1631
36023
15066
29266
13396
1998
6833
2067
27204
29254
13331
12927
14813
2090
22557
32059
5088
36023
29266
5491
5295
25899
29190
29210
22736
6842
29266
25421
248
25891
5088
29267
6833
27263
14932
12883
248
29190
15066
11572
27498
1626
22557
13312
1997
29266
6862
29233
36062
11572
4850
14791
36062
36856
6000
17702
14815
33850
256
11572
11572
6841
13233
32059
21895
29291
18185
29123
6853
29130
13283
22557
36856
14812
17692
6841
14836
32044
13312
6000
29291
36856
27498
36062
13078
14812
2085
31788
5491
36834
27204
27346
13312
2109
29130
13284
27564
1997
33115
14784
18185
13284
14918
14932
6853
6432
33850
36834
33862
13078
248
13312
1626
6004
14798
27581
29233
29266
12927
21837
11572
13283
36856
14944
6841
27564
29129
22690
13233
29267
248
6849
1997
27338
13078
25891
22557
6000
6856
13272
2091
27513
13312
32044
14804
18918
22716
25421
25873
2067
13272
17702
27661
14784
14918
12883
5789
6000
256
2085
33115
12927
12927
14784
14932
13078
6849
33115
13321
19598
13078
36856
6853
21895
27338
6841
25421
14944
33123
6856
11571
6856
13078
27263
32044
11571
33137
27338
33123
2091
14880
952
21837
29129
23687
27338
13078
2085
13321
6361
33137
33293
13321
32044
952
31775
33862
13259
6439
25267
27581
6849
11571
14904
32044
19598
27581
33123
14812
17702
33834
5789
29136
27661
36856
14918
14944
5789
13259
29130
22716
27564
14836
2085
21831
13321
14901
3309
1023
6849
19598
19598
36070
33115
14836
22708
21915
33115
31775
36002
3309
14904
952
21792
22690
21792
13263
27338
22696
5789
14798
36070
13321
19598
21915
13259
6352
2085
27338
27511
27581
13078
10949
33123
11571
10949
25267
5996
27560
13321
21895
1018
33137
27661
13321
14828
10949
37766
21915
29130
7378
17688
14784
6439
2631
27570
14880
31830
14798
25473
33741
29129
37766
6352
1023
14812
14828
19152
28923
22716
36070
33123
27511
14590
17326
7972
12866
14590
8771
22708
13263
8771
21834
19597
19598
14779
33115
17367
13259
33293
17688
22696
14918
13321
25267
1661
27570
14901
33137
31830
27560
31775
6361
36002
13263
25473
22696
22716
17367
13263
27570
7398
19705
36070
5953
1018
2627
7378
37766
3203
7398
31775
37763
6352
28923
14828
19705
19596
1661
33123
29136
19597
36002
22708
13321
7398
11548
14856
12866
28923
13263
14779
12927
27215
8771
1018
5789
2631
37766
14856
17326
22716
21834
22716
6362
19596
1605
13144
13241
12911
952
5953
14856
31826
19597
13241
31688
28923
952
27233
33741
13309
14901
36070
17326
31839
36070
14785
21792
27233
27605
19596
31839
27511
21922
13258
6376
36783
12866
19596
13309
19596
19152
13143
12911
7378
27661
27570
14847
33745
31826
13309
7398
36070
14779
19597
19705
31593
4110
36037
6362
27544
31758
11548
19572
19596
952
1605
37763
13143
13058
1018
33816
19596
31826
31753
31794
31830
37763
6362
19597
5793
4110
36783
31794
17367
10945
14585
28923
31688
36783
18041
33745
1991
2796
19152
17367
27645
21922
37763
13240
25800
3203
2796
27215
17247
2627
5977
31830
33475
5977
14901
11548
21911
27401
7404
1018
33475
6362
13241
11618
25800
658
31758
36037
5793
23600
13307
2631
36037
13265
13144
25800
19572
7378
13309
12911
37763
27215
36053
14779
5793
13043
12850
14856
33715
7404
36053
17326
31753
13144
27645
17247
19152
33473
27401
11618
18041
23560
23560
6376
31808
6413
19152
11420
17462
27605
13143
17424
31593
27605
33715
35949
13058
18040
17247
17424
31839
17247
11151
27487
31630
2661
7380
36053
13258
1991
18975
17406
6413
21911
27323
19780
31794
13307
37742
17224
33475
17463
17463
13043
27381
17322
23626
25800
12911
7404
31630
5966
13039
13143
31808
12957
35949
11420
19585
13227
27315
33473
25800
36053
13043
25807
11145
31598
37785
11151
2638
33816
19780
3278
17406
13306
6776
25957
36783
18975
2661
31808
25807
25932
7404
7404
2004
12850
2638
37742
11002
4361
11151
37778
23560
14585
27323
13039
13306
25807
37782
11002
2661
17322
30958
6413
27555
13258
19780
13258
27381
12850
17247
27555
31765
18041
13144
37757
13258
17462
6776
3278
14585
23560
21790
31832
2638
2796
19585
28958
30958
33811
37782
13043
27534
13039
21790
23626
23626
5966
4114
27323
33473
31630
13306
25932
13306
7380
7404
31630
17412
13306
27555
19586
33811
21800
17253
6350
31765
27487
19780
17224
11151
13216
13258
23560
13043
5970
13216
37778
11490
27234
30890
17257
23572
13140
5966
33473
31844
12957
35949
31765
13306
30938
18041
18040
12957
1587
33816
30956
1588
2660
17257
30867
27534
30867
7380
21790
17412
21790
4989
13306
2660
4989
7223
25957
6377
17257
11623
30910
11490
17424
3278
31765
37785
2652
17253
37782
23560
11490
6377
35949
33816
17404
30938
12961
25807
23560
27469
11490
11464
4114
11600
17404
17384
2660
3278
13227
31566
4989
12961
13306
23572
17470
6377
1207
30956
11490
1587
27534
36034
30854
25797
4114
33811
16601
17412
19586
13039
1601
36034
13216
11623
6792
6350
31648
13306
16601
36034
1207
25957
25957
807
23560
2601
21908
17479
5970
27555
25957
3278
30938
23625
1601
17412
626
27299
1601
37499
17424
19586
30956
12893
21790
30854
1601
2660
28998
1621
2657
25797
31832
17469
17404
2657
19660
30903
6372
11600
27469
37725
17276
17257
37499
7223
6390
31566
30910
31648
1601
25918
17479
25797
30956
19664
17200
11588
25797
30890
7225
6792
17470
1588
23625
17257
1207
7223
13027
19639
31648
16485
13140
19645
31832
30903
37725
31587
25943
37725
23315
5966
2601
1207
11600
13041
6423
35949
12859
25804
6372
1588
16574
12969
21908
25943
25924
25797
19660
25833
33908
16456
31587
25846
13027
16547
5066
16485
25918
1588
12969
12893
7225
2021
18795
807
1207
6749
13027
19660
12859
16606
11600
19660
21908
21908
17200
7329
33908
17274
19645
17257
12859
17276
31574
16574
4348
2441
25837
31833
12969
7393
27460
36776
626
37725
17412
23315
11588
19645
27474
6424
19660
33908
30840
17412
11600
7212
27200
31663
11585
2441
13027
33908
30922
28998
19660
25837
30956
11585
7225
31833
807
37698
19639
31663
16547
27390
6424
30956
19664
31574
11506
33908
11515
16606
11472
11506
17267
25846
18795
2021
6372
12969
17211
5066
7236
19660
21885
12963
3293
5066
11506
27474
13027
17276
30922
6013
18182
25837
31833
7393
21885
27476
31574
1599
19660
12929
1599
31374
11585
16547
37698
23546
1207
2597
16547
12929
6390
25833
2445
16517
32848
5966
27474
31374
2438
30829
18006
33777
18182
7225
1617
18795
6373
19658
1207
25769
12963
33777
30903
32848
19770
807
31346
1617
30922
33909
3293
33908
12929
16456
37696
19660
7212
25769
5066
7393
6424
12929
13193
17182
11515
31663
33909
19770
31668
17211
1599
6373
22643
1207
25833
36487
18006
17267
25920
27474
2432
21885
19767
25846
18795
1215
19770
11506
12929
11472
33777
17412
1012
33766
21887
12929
19767
30840
33777
27390
25837
7969
12929
11493
6749
2467
11472
16547
25920
7366
37648
19658
16545
7317
22643
11472
37458
25920
6388
7366
21887
27476
18725
1617
13032
11493
2445
3306
18006
11515
37458
27529
7969
25915
37696
1989
19639
17302
12929
27460
2595
13193
2622
1599
31374
28831
458
11472
16611
6373
4097
1599
30829
2026
19630
1599
25769
11472
11590
7337
2026
33766
25920
6373
1599
18725
16517
1215
1599
16517
6373
2620
25835
6518
30829
6518
33777
6412
16456
28831
16545
7326
17182
17044
37648
2622
1215
11590
16545
1218
5986
4097
458
21887
35973
7235
7969
25769
2595
1215
3306
25920
6388
31374
33780
11467
37696
7337
7396
6412
7329
7235
36029
36335
36044
33780
12929
7314
11472
7317
13032
2432
6388
2026
2432
19630
31666
33780
31429
30829
1600
11472
16456
36044
31346
23542
31437
25770
11457
25843
2543
11493
2432
18767
23544
28993
8993
19658
31684
11493
4097
17319
1215
27368
23490
6518
27476
37458
13586
22643
6518
30806
1012
7325
1218
230
17176
19184
11586
7969
27304
1600
11513
7362
2554
7359
3291
4104
7359
3306
1192
1218
27457
6531
11586
28864
7314
4097
27529
18786
17013
2432
18202
7329
6518
7969
6531
27304
8673
37630
25830
6518
7396
21887
16449
1600
33780
11590
25835
6518
25843
36029
23478
23544
1613
37423
36029
11467
11493
8673
8993
23509
21902
23504
11457
1600
36335
13586
18764
7346
5080
25770
10797
6412
7969
23542
23504
27529
18786
23478
2543
8598
2432
19184
16617
18158
17071
31666
31429
28864
7396
22626
2543
7337
30829
7362
7326
23490
18202
23478
7314
16449
23490
35970
6518
27457
13014
27524
6542
11467
1613
31544
11394
32897
28864
18764
13658
7346
27288
11467
11473
17176
2432
11499
7326
11530
11394
33285
8993
25253
2625
1192
28993
13113
33749
7359
27358
21902
12953
33358
7337
27921
11499
33285
3291
37655
27358
5958
17176
31331
19679
11467
5915
17044
25253
31429
27374
2432
37630
25841
33832
23478
2543
7337
31527
25830
18786
2624
22516
22516
28907
28860
17169
6407
7395
27921
2554
11525
5080
32213
7346
33285
33285
12953
14471
2554
11379
18158
31300
5080
17071
5958
17997
7337
23509
13194
1746
27994
23509
1613
16617
23538
27374
31331
6421
13113
10797
19621
8759
17156
13113
27994
25843
27937
13658
11535
2737
11394
23490
6407
28907
7395
16449
25841
27358
33285
1987
31544
31331
19184
13179
17997
31437
13596
7346
11394
33319
6407
12953
17169
2468
11499
11473
27373
17085
31331
3073
31300
33358
37655
27358
23490
16960
2624
23490
13451
31527
22516
5915
32213
6421
11394
3073
5684
35970
11499
17085
22626
27921
13014
22626
28860
19560
5820
25830
28993
36318
10797
4104
7509
13651
27937
13654
22626
27367
36318
13194
2468
17837
31530
5991
5684
17810
5684
5285
28864
11535
13113
21884
1746
16968
27464
3073
25841
11394
11525
8759
5990
23538
31323
31527
13597
31323
19184
17810
12953
13654
12953
2624
3291
13179
33678
17169
27937
17169
22516
25830
5990
32897
13113
8597
27373
23443
14471
21884
23738
35991
27921
11394
2468
31530
4104
19621
5958
11394
32213
28905
27521
13596
3159
27921
25996
1760
7313
31530
16958
27525
17810
28982
2729
19560
33750
17097
6759
6759
2542
17005
5285
25996
5990
31457
1746
27965
23539
17085
7346
7293
16958
31331
5820
28993
27957
23509
31527
11065
7395
5820
16946
28003
27464
19560
16968
7346
1636
14471
28982
5991
25135
1987
32908
27937
28819
25996
27525
13654
27921
28860
27937
22626
13120
11304
2016
7342
2542
13105
23509
14471
27464
5957
8597
2731
32897
17162
4952
25671
11496
19691
17095
33750
18218
7509
12953
23443
31527
25996
19184
4104
32213
2738
25830
11394
208
19184
8759
3159
28905
1181
27794
33677
11065
28819
13651
7507
23539
11394
16960
13113
7313
27957
23738
2731
5990
31509
25823
839
5990
2738
31323
31530
19173
13673
32897
32220
33678
25823
11435
13120
4104
13120
27291
13176
13687
11435
31527
22516
11496
5957
17005
33677
7315
19173
27521
16958
17095
25666
2016
16931
25226
11346
16968
27921
17097
27965
28860
2586
11346
19560
14471
11394
31454
28903
36659
16958
32908
19184
25135
6759
16968
32220
13187
28003
2738
23440
1715
13187
4952
33678
28905
11394
33164
5831
25662
2731
28979
22626
13673
1638
13444
31496
13120
17005
28903
4344
1715
16931
7930
36659
27937
13101
25295
13187
28819
16968
17005
5820
7507
27353
16946
13105
25135
7315
14560
13444
31444
18891
13687
7507
14560
6033
13120
7313
33677
1987
27464
27291
7306
2586
22516
13702
7923
31496
7923
31444
13597
2016
6033
2731
27271
5990
22147
1966
32220
27353
17005
27957
22516
2521
16960
1983
19172
16946
2016
5831
7354
37524
839
25226
27855
11304
13105
11340
27794
2738
7512
31293
11414
25671
13687
13105
5990
5957
4344
5956
28979
11034
25662
6406
16958
23738
7923
25671
950
25666
19173
13687
1638
26010
2739
36659
7510
7354
33164
5820
16968
14560
26016
1181
26016
1047
25662
10803
33314
25295
5957
13101
5956
839
36659
22147
5945
13597
11340
13101
839
28979
11389
37524
16931
5945
25661
5945
18002
32194
33240
28903
27855
26010
5818
1984
7923
11304
1983
27362
16946
6522
17005
11359
11034
14473
19172
22147
7923
25666
7512
33164
13444
5818
13444
25296
2731
13101
1179
1966
23440
13444
33081
7306
31444
23440
13673
2739
11340
33081
2013
1984
17130
1966
13101
22176
36659
18948
17150
28903
14428
31272
26010
36659
33188
30996
27279
2731
13687
6406
28982
14428
28903
1983
14411
31496
11414
18948
22175
5957
30996
13687
7510
1966
25226
18943
1052
13187
6537
36648
18948
2016
27443
26009
33240
6523
6501
33240
950
1155
13105
27276
5957
13687
13105
25661
8680
19553
19553
33188
25295
13458
36659
13101
23440
28903
11359
1157
17005
6537
7306
17860
1024
1155
1049
14507
1984
6501
25666
2473
14473
6522
1966
25296
7306
1179
509
2739
22504
23435
1155
6740
13444
26010
509
22500
22176
11034
13458
22622
37881
6406
11683
5818
28787
25692
1157
7512
33188
1179
14507
14411
26005
6502
33164
10803
27443
11375
14507
14425
7512
11683
31503
27443
1966
13444
25296
17130
37524
1178
1024
11034
1052
16632
31496
36659
18948
14456
11402
11067
14507
14473
11034
19172
6784
509
3170
1257
2584
1984
14507
28784
37583
25661
28903
5945
14507
6406
839
7921
33240
31496
1769
36659
11375
1155
23435
26028
17150
5915
32271
17869
25692
13444
11340
2739
23435
25727
1769
6740
1257
14456
17869
1769
11374
33363
36685
28768
7306
3170
26005
1966
19023
11067
2584
13607
26028
13480
25678
18058
7923
25604
1984
25296
1966
28761
14473
37903
36325
11375
14456
5945
28397
36659
11034
33164
27443
831
14456
13611
1179
25617
28860
1157
11410
3158
11410
13480
7923
16632
33240
17824
37602
25727
11664
33164
33667
839
11410
28032
1179
37881
26028
36325
22622
22622
3158
36685
25295
19172
2584
6740
5915
13444
33363
1721
28397
1966
6740
31272
7921
14456
25296
25712
13529
25692
13686
7923
11375
28765
33164
28734
14428
7921
17130
2471
11034
33164
1984
28860
6740
25678
33328
6740
33328
37903
1155
18851
33328
18060
1169
13681
31496
31864
7921
6036
6505
1966
1966
1155
7306
13681
30996
37881
18851
23435
7923
25661
19047
22499
2584
1984
18963
7923
22622
27443
1257
3158
30996
27965
1024
11664
31879
25745
7998
1956
33667
22622
11413
27867
7935
13480
25727
13702
28397
1155
26028
7435
28804
7304
31261
28761
11683
17898
11067
1966
28048
5945
13686
5915
27443
13681
1966
22511
3158
1767
37881
16632
18224
1169
25967
7921
557
18058
27968
2471
32271
33667
33339
1257
22622
33630
1966
1721
32271
13702
13529
1721
1155
27867
26028
25604
831
831
1049
1956
7998
8754
37903
33105
25604
25692
10975
11683
14530
27965
5915
33105
16900
2584
28048
7935
19546
6036
16632
1956
13729
28878
1257
557
25640
13729
25617
28097
27867
18058
7435
25617
16632
33339
14530
6505
28760
6717
28734
7935
10975
11335
25604
11657
25712
23435
19546
25609
33328
3158
37893
11654
1721
11664
1257
6036
19474
37528
16639
22499
1721
6724
33697
7998
19474
37602
2668
28824
1767
16900
25700
7935
10975
17898
14530
1049
25640
31261
13729
25609
1953
19238
14628
1257
25967
5909
1721
831
5798
31879
11289
37528
16639
33667
13742
33339
19238
14530
30996
19474
31222
5798
6036
3158
3158
36588
25640
16900
27871
37898
13563
37602
33002
18851
13721
22352
1024
25692
27871
25604
18863
27867
31893
31864
5906
6505
5798
16639
37903
25745
11654
11683
28824
37898
1769
13563
27968
27871
2697
32940
37898
36588
25990
33630
5909
22352
1721
11314
27867
25734
18963
5915
19478
13495
25990
11335
14530
33002
18863
25640
1067
25745
28737
25637
11679
31253
11289
2754
22363
22212
22363
25692
5909
25602
36588
18863
25609
2668
23383
25305
14530
31222
33090
28878
18225
13495
33630
11654
18851
1952
27871
6718
28097
19474
31891
7935
1769
11654
25604
5909
17898
25692
17631
10824
5943
28760
23681
13563
11314
11679
27867
831
2754
13563
36588
27891
2697
1956
2668
13495
17668
27871
2584
25688
32300
27867
8721
18863
19478
22494
7440
19478
27871
33697
8664
5906
1739
11654
25609
11314
7469
31183
7935
19200
16812
31018
25305
19800
25602
33628
22494
33628
17517
31874
25990
5943
18863
7439
32300
27871
25610
13509
4102
31018
25609
25734
16841
25305
25688
13544
31183
25307
11649
31222
17668
8664
36369
33697
6716
31893
1869
18851
25637
25402
32300
19489
8664
13489
25978
2665
4102
25305
11638
25688
1063
25978
5836
1724
6507
11699
1739
13509
19200
25734
23681
25122
22494
22363
25597
33628
17668
11649
31222
28452
8664
25305
25704
2671
1135
1739
16818
17909
31902
18211
32300
3258
17517
32298
16857
36631
16886
33090
25609
1724
25973
13544
23383
8664
13489
19489
25734
8664
32300
5048
13489
25973
25973
16857
7440
25307
16821
25402
17631
36283
14319
1744
19235
2671
33697
10907
1265
17517
7440
11649
36631
2693
18211
28091
7253
2691
7854
16818
25610
33177
18211
5940
22490
16857
25734
6507
31884
2665
28452
25122
33089
16869
1876
25307
1724
19482
7848
6507
23520
25973
32850
31893
25706
25978
1135
25610
19482
2691
19235
25973
2693
25610
32300
25307
16857
25122
1744
31222
16785
16818
25597
33628
16818
23383
1265
2666
19235
7445
25121
32315
13489
5940
10907
6507
2693
19482
19482
2693
7540
23520
33708
6512
19168
32315
25610
25973
1265
33089
1744
37535
14394
5025
33708
13499
17938
5025
13753
28452
7848
25977
16680
32850
2859
10907
2689
6718
32347
1876
32850
22434
13499
1744
2858
19781
28091
14319
2689
33708
14319
32850
4
32347
32850
16795
2693
4
5025
6553
14394
5025
23447
2669
27898
6698
7540
13753
2858
37535
7061
7848
31899
17531
25198
7445
16818
1744
16673
22490
27898
23520
19168
6698
36361
14394
32347
1744
5408
28096
2667
1785
27893
16857
2859
28578
33708
31897
13499
7443
33089
23418
15824
33708
7061
23383
17531
27898
11269
25739
2689
25739
17577
562
17531
32347
5836
1879
25590
4
31933
22490
1879
14287
5025
19112
32850
2687
19168
5025
25198
2686
31897
13753
6500
19168
31168
5025
2858
33087
15814
2689
17952
27898
16781
7447
33087
2686
7061
14319
28724
4
25590
14287
36361
28613
14245
17981
15824
17530
7061
17981
14343
17577
33087
6677
33620
23418
5364
23652
5938
14248
27893
1879
19112
2484
28471
25739
17610
2687
6553
11269
16758
25590
16758
17948
16683
31940
32347
23665
7444
15814
4314
18035
32
31168
16781
32970
6500
31934
17552
19112
17952
15814
2676
5364
15824
31933
25198
2764
19168
28613
28594
2676
7254
19169
14276
19169
25739
17979
7445
7061
33617
2484
22266
17567
14248
17610
14351
23652
27898
18035
32332
32970
19081
7255
7255
14343
15824
25309
31968
32016
31965
6500
14343
16758
14276
15824
31965
32970
25309
28471
17584
32855
7061
17572
25309
1885
33689
7444
2678
6500
19081
7255
31948
31943
17552
7061
14248
33087
17948
31929
18035
15814
1886
17979
5899
17948
16762
17584
22409
22409
31136
28319
23652
17948
4314
28471
922
28613
22266
32332
1885
32970
28471
28613
17567
16683
14276
32855
23665
6571
22266
14351
32321
16422
17572
31929
17584
16699
32970
32970
17948
22409
1886
37814
30787
30787
37814
14351
15824
32970
7061
32332
22266
31968
28582
14276
28471
10939
17948
37814
16699
16683
2488
31992
33617
15824
28613
6710
14276
28613
6571
1004
4025
10939
22266
14276
32321
7061
22289
22409
32970
11046
28471
30193
33250
32855
31064
15803
16758
28471
30193
25309
28613
1046
15824
15803
15824
17948
16758
18036
28613
2678
28613
1034
28292
19064
6710
19108
14219
7444
14248
14356
10939
10939
16762
2488
36433
18826
81
2681
7272
32016
22387
31968
28471
18826
11046
17948
25309
33250
19064
18826
1046
4025
18826
16754
16720
32970
33689
32978
30780
19108
28613
33250
32321
16720
28471
25309
28288
25309
25309
16699
922
18826
7454
18826
25309
18739
28471
18739
18826
31136
25309
14356
32970
6571
6675
7464
11046
6558
7272
18826
28613
31992
7464
40
12795
6581
28292
18826
7457
18826
16754
1044
6581
6571
25309
32016
25309
7272
18826
25309
19064
25309
7258
11046
19064
14219
7454
14356
1792
16737
19108
22289
28471
22387
1825
14217
14217
16720
16762
16737
16429
7454
25309
4025
18826
14364
28613
28471
32970
7258
18826
18826
1034
6558
33250
25309
32016
16730
1034
30193
1034
30193
14205
31136
18036
3142
25309
28140
18826
13852
25309
32978
25309
16722
14205
7272
6558
1014
6710
7454
6571
32016
31083
32970
16731
7272
33250
24
25309
13947
16731
16731
32970
28692
14164
81
25309
7272
36477
6581
16709
30193
1014
19064
25386
14219
25310
16737
3142
6581
1811
32963
6707
31136
33111
19064
18826
31083
16429
6581
28140
36477
1044
33351
31087
6703
18826
31095
14217
31099
6707
14164
4939
14205
31083
1034
13852
6581
16722
18152
32978
32963
16731
28692
13968
3142
14225
1811
32963
31099
1811
18826
6581
28307
14225
1811
6707
81
28319
13968
31113
35873
31136
13977
2492
32963
7818
31087
1002
33111
31138
31138
1798
6569
25309
32963
33351
6581
28692
3142
13938
14205
3187
1798
16429
1002
6669
6581
33111
32963
14164
4065
14205
1811
4065
25209
2492
28552
19074
1798
6581
37552
6561
16429
7271
19074
25310
6561
6561
32963
1033
6658
18826
14225
940
35908
36477
28307
1002
1898
7271
37554
6658
35857
35873
13878
24
6561
33209
1898
32963
22306
32963
14189
13818
14189
13991
28307
28214
7271
31087
6658
14189
1898
32963
10995
1002
28552
6658
1033
14189
25209
6658
32963
37554
6658
37554
35908
37552
16429
25209
13977
6669
19074
37552
35846
37552
14033
36477
12792
37554
6658
14189
3187
37554
37554
13938
22306
10995
35857
14033
35850
37554
31090
27090
5764
35857
13912
22278
37552
12792
10995
27149
5764
28385
28300
14030
13977
14030
12792
12811
1835
8728
1033
5384
1835
13912
5764
37552
8728
5764
35916
27130
6658
35934
13985
13959
28164
35846
13940
27090
13985
1835
8728
14033
8728
22335
1835
28300
10986
35850
28300
8728
22335
35908
13940
35900
35898
35861
35857
28164
35898
35880
5384
35857
22335
5384
14033
14041
13959
5384
12811
28164
443
1573
35880
3187
6321
10986
35887
5384
5764
35898
5260
21724
14041
14041
35908
1558
21734
35880
5260
13985
5384
21764
21715
5384
12752
14041
21782
35878
5384
35898
6316
14041
35900
35880
35887
35898
21682
25117
443
443
12845
1572
21782
12811
21734
35833
35861
12811
5260
21734
5384
6312
427
1558
443
35909
21764
35833
12785
35878
6310
35898
6343
5260
35897
27029
35861
6343
35887
35836
427
35898
12845
5260
12845
12734
12785
35887
6312
35854
8370
21745
8574
443
1550
21745
35898
6310
27007
35833
21764
443
35878
27029
35186
12837
419
21745
35897
419
27007
932
21745
443
21071
2852
35836
1558
8573
1550
21004
35878
8346
8574
35836
35186
21785
8346
3914
932
12669
8574
35853
3910
8370
21712
3683
35185
12669
35876
1558
21712
8346
21768
12665
35854
2852
35895
21004
35876
35121
35836
35797
8346
21741
35895
35836
12837
21665
21768
35185
21785
3914
35878
35121
3893
8142
8574
3683
12669
8370
8556
8312
35895
3651
35146
3651
21034
35853
8312
8556
21768
3707
35797
2848
8369
35895
21654
8142
1550
21002
35121
21707
3912
35805
21683
20869
3893
3912
12837
20869
3893
21732
8369
35801
8556
21729
21732
20958
21002
8312
21034
8556
8312
18106
8553
35802
8329
3893
8369
2848
35853
8556
35146
35194
35809
20958
21643
21654
8329
21729
2848
35853
21707
35797
21683
21059
21707
21030
21754
35853
20869
20773
21707
35805
8142
20857
21030
35088
35831
21731
35088
35801
35004
35802
20857
8329
20773
34520
35799
20376
35831
21683
3688
21662
21754
21640
35809
3515
20831
8142
35831
21732
35088
21643
21030
35088
21059
34520
35783
18136
21683
20874
34907
21059
7679
20764
34907
21662
35801
35088
35088
3688
21731
35799
35831
34610
34610
35194
20374
20874
20831
35197
20376
18136
35802
21643
34907
20885
20374
35016
35227
18136
35024
21683
8178
34907
8178
20874
21658
7659
35016
21640
35024
21640
20885
21648
35784
35227
8178
21645
34520
21658
35799
21646
34520
20382
35016
18136
20376
35782
20374
20453
20915
20376
35790
34609
32818
20471
20419
34610
35056
20374
20882
21083
21083
7660
21640
21637
21646
8151
20874
35782
21637
3508
20471
35016
7660
18256
8151
35194
35056
18136
21646
20915
21083
18256
20453
35166
7660
20382
2916
8151
18136
35785
2916
20471
4833
20471
21645
21645
2916
34591
21386
8144
21639
34609
18676
8151
18136
2916
4833
21646
2916
37438
18298
32808
21496
18298
21639
21646
35790
21496
20915
35773
7593
32811
35231
3880
7557
18676
18134
18676
8151
21646
35166
34591
2843
2843
3712
35633
2916
35794
35194
35633
21627
32808
21646
18136
8151
20427
18298
32811
18562
18676
18676
21646
21646
21496
21639
32542
21472
34591
18297
20453
37438
18297
35773
21482
35556
18667
35755
35556
3877
21472
8375
35633
21646
18297
35794
18298
21627
21639
18297
8375
34590
34567
18530
21472
18287
3712
18298
8504
32782
35628
35772
32782
35755
21632
18297
18297
7557
32429
20419
21632
20461
35785
3880
3705
8151
21627
32429
2842
7564
21639
18287
35755
20453
21627
21467
21404
8359
18667
18134
32440
20427
2901
21083
2901
35755
18297
8504
8504
21632
3880
21467
18297
21615
21188
2842
21632
32782
18287
3705
21617
34597
18556
32440
35628
35755
21632
35231
32807
21627
2901
18287
21404
3880
32429
35779
3880
21185
18377
2901
32429
21632
3483
35755
35773
32440
21615
7564
3877
21617
8504
34567
21615
8537
18530
8145
18377
34567
32807
21632
32429
20461
35660
21632
21615
21615
32429
18530
21188
21404
35755
2920
2941
35755
34597
32807
8145
21467
21615
32429
35712
8145
35772
7564
8375
18556
18556
18530
35712
18530
32440
21615
32807
35773
21174
21404
18656
32807
32440
35759
20427
21632
34548
18530
32406
32706
34597
18374
8145
21188
20459
18656
32807
3483
21614
21632
7560
21632
21632
18556
32429
18374
20414
21617
7560
34776
34597
21185
21615
8145
18272
21404
21617
34567
7580
35660
32797
18656
32797
18656
35759
35779
21572
21404
21607
35758
18247
32807
7580
20414
35712
20722
35758
20388
18272
2993
34568
35712
21614
2993
35771
18374
35311
18486
32726
21185
32518
18374
21617
18427
35712
18427
35759
35759
18272
20722
21317
32706
20722
21607
34597
21614
7656
18272
18537
21174
21404
34776
35313
32518
18486
32797
2993
21614
7560
2985
18374
20722
35771
32518
18425
34776
21617
21572
35758
8145
2993
35311
35759
20722
21553
7560
7560
21614
35759
21404
20722
21532
8543
3485
34593
21553
21206
8147
3025
21614
20459
18425
7648
35748
2960
2993
20722
3025
35759
32518
34861
20721
32496
18512
21607
35300
21272
21614
18537
8527
21607
35748
34568
7648
34775
2993
32515
21532
35300
34832
3739
35313
32413
32413
34834
3739
32726
21206
21330
35385
35748
34776
2960
8406
18512
34776
34775
20414
32413
20700
21607
8147
21607
8386
35385
34832
34776
32413
32413
35507
20722
7608
3485
18425
32413
2960
18505
20722
21255
20722
18425
35473
20689
20459
18306
21330
20727
18425
20721
8378
34834
20722
7620
18505
3739
2960
34775
32413
3485
21553
20722
21614
20721
2960
8543
21214
34775
21605
20700
7620
34593
20727
20689
35748
20722
7587
34834
2833
8147
3485
18425
7656
20632
18306
7566
35277
21553
21272
3578
35473
7661
21607
3485
34865
34834
3484
18273
8147
34832
18306
35748
7566
18275
8527
8147
7546
35748
18306
20632
20722
3735
21214
20727
21113
32413
8527
34834
18306
20722
8378
20722
20689
35507
3485
35277
20632
34593
20700
7587
18306
35473
20689
35277
20567
3484
32679
20689
20700
34775
35757
35757
3578
3553
21255
20700
34834
20632
3572
3735
34698
34834
3770
20730
7643
32420
21272
34775
3553
34869
21265
2833
2905
8147
20689
7546
20632
20556
3740
18273
20556
34775
37430
20727
20632
20730
34775
20567
20730
35277
7546
35280
7643
20700
3578
3484
37429
8447
34834
34738
8378
20730
3572
3556
3770
21265
20596
20632
21131
21605
34869
34775
20596
20632
34775
21262
20730
20632
20730
35280
3778
21272
3572
34834
3572
35273
8527
2905
34772
34869
3553
3778
3578
20596
34834
34869
20596
34775
37430
3572
20596
37429
20631
8538
3778
20631
34865
34865
20626
20615
20580
3553
20631
35431
37430
20596
34772
3553
8447
20730
34756
3572
34869
3778
20576
34868
35431
34775
35405
35410
3778
8260
3725
20479
20626
20702
8260
3725
20626
3572
20727
20626
20596
35405
34865
3525
34868
3552
20596
8209
8215
35410
20626
3522
20626
20730
35365
3552
20631
20580
3556
8183
34715
8538
3778
34738
20596
8215
3552
3572
20631
20727
34865
34753
34868
34772
20626
20631
20479
8184
20479
20576
3522
35253
20631
20626
34772
34753
34628
34868
34715
20596
34701
3525
20631
3572
20626
20605
20626
20730
3525
3549
3570
34868
20626
20626
20479
20631
8184
34753
35365
3526
3549
34879
8260
20738
34738
34748
34868
3570
35253
20580
20631
20580
3530
20605
34772
20595
3598
8260
8184
34772
20576
20605
20738
20595
34701
20626
34628
3598
20479
20605
34879
3522
20631
8232
35253
20626
3570
8183
34772
34701
20626
20605
34724
3530
20625
3598
8225
34769
3557
34717
3526
34653
20741
20741
34675
20626
8232
34769
20626
3525
34748
3549
8225
20549
20576
20605
34879
34675
20626
3557
8261
34716
20745
20605
20587
34701
34702
20741
8225
20576
3522
34653
34717
20741
20625
34702
34769
8232
8232
20526
34748
8232
34648
20625
20537
34663
20587
20625
34648
8225
20506
20626
20602
3557
20549
34724
34675
34654
8268
20587
34746
8268
34891
34716
20602
34702
20506
20745
2809
20526
34661
20553
8268
20625
34769
20625
20538
34702
20587
8261
20625
20587
20602
8225
20625
34703
20585
20711
20602
34663
20741
20537
20741
20711
2809
20670
34683
34672
20603
34891
8205
34746
20537
20741
20587
8231
20625
34815
20670
18085
34815
34731
20585
34769
2809
20544
20603
20538
20670
34891
2809
34726
20602
20622
18085
20670
34663
8205
20553
18085
34891
34741
20670
20600
34672
20602
20544
20753
20666
34852
34703
8205
34815
8205
2809
34769
34683
34763
20675
34731
20544
20642
20670
20622
20675
20600
34828
20711
20600
18085
34816
34726
20670
20544
20753
34785
34683
34852
34815
34778
34763
34741
18091
34741
34828
20622
20642
34785
20753
20675
20666
20681
34894
34778
34811
34816
34828
3582
18089
34811
3581
34741
18091
20663
34785
34894
20753
34894
34814
20753
3581
20642
2815
20622
20756
20753
34816
3581
18091
20675
20753
34894
34814
18089
3582
34894
20681
34852
34894
34811
20663
34763
18091
34816
18091
3581
34816
20651
34819
34814
8248
3582
3582
34899
34894
8248
20663
18092
20651
34894
18089
20756
2815
34894
34819
20663
20651
20651
34894
20663
2815
18092
20663
3582
34899
34805
2815
20663
20660
34819
20664
18092
34804
8248
20664
34805
20651
34805
34819
2815
20664
8248
20664
20664
20660
20651
20660
8248
2813
34805
2815
2814
34797
2815
34804
2815
2814
2814
2814
34805
2815
2815
2815
2815
2815
38806
38905
9368
1505
6279
11725
19441
12557
6279
12557
26888
25158
25158
1273
26888
26888
25158
