47230
47230
46952
47230
47695
46962
47233
47219
47233
47219
47695
47746
48075
46962
46936
47098
47062
47095
47062
47219
47098
51087
51087
46936
47067
47197
47126
51785
47062
51811
47691
47691
47092
51144
51131
47126
51129
51087
48075
47544
47067
47201
47098
51131
47065
47145
47340
51061
51144
51320
51031
48122
48095
47736
51129
47203
47155
47472
47092
47126
47119
47098
47145
46969
51817
51144
51056
51294
47736
51316
46945
52091
47099
47098
47043
51811
47092
51031
47150
48455
48447
51066
51161
51442
47736
52091
47092
47126
47155
48258
47235
51095
47830
48163
48163
51236
47734
52219
51449
51817
47736
51155
51396
51088
51238
51581
51147
48095
51088
46936
46969
51811
51142
47030
51095
51147
51442
47734
52348
47239
47472
51673
51238
48258
52545
52174
48075
51129
51129
51118
48258
51405
47016
51679
47126
51316
51028
52219
47150
47098
52185
47149
51088
51294
47126
47593
47005
51562
51673
51067
46994
52185
51811
48122
52161
51157
51152
52091
51157
51155
51404
51294
51673
47030
51129
51449
47016
52161
51562
47149
51083
51129
51136
48075
48329
52091
51157
51095
48439
51933
51396
51028
51136
46970
51142
52161
47098
48329
48329
47203
47126
51679
46945
47734
52545
47736
48258
51811
47005
51679
47126
46994
51405
48163
47201
51236
47005
47472
47150
52545
47098
47119
51129
51405
47099
48095
51118
48455
51067
48122
51945
48163
51598
51192
51135
51673
51161
48122
47736
47593
51157
48122
52093
47025
47239
47179
47016
51673
51095
47179
52161
51129
52161
51155
51354
51028
48095
51673
51156
51026
48122
51129
51157
51137
47092
51155
51142
47179
47030
52254
47179
48258
51135
48329
51129
51294
51474
48361
51137
46945
48439
47736
51161
51679
48329
51129
47179
51673
47005
46970
46970
48095
51129
47734
48329
51156
51074
51404
51598
51192
47182
51945
51679
47005
51294
51028
47121
51598
47239
47005
51673
51152
51118
51586
51192
51354
51067
47126
51026
47126
51765
51405
51598
47472
51586
51026
52254
48122
51586
48262
51157
51129
47158
51155
51236
52161
52045
51765
52545
51902
46999
51673
47219
47119
47597
47179
47201
51118
48361
47472
48465
51092
47182
51396
51765
51074
51354
47593
47150
51673
47098
51074
47004
51404
47182
51238
51598
47092
52071
47025
48361
48329
51293
47016
51155
46945
51933
47736
51673
51026
48329
46883
48071
51233
48329
51233
48262
48235
51925
51902
47119
51581
47160
51679
51405
52058
48329
51574
51673
52378
51074
47182
51129
48122
51129
47640
46936
47179
51074
51598
51586
51129
47326
48122
51129
47098
47239
48071
48465
51235
46883
52071
48362
51089
47182
51354
51152
51074
52292
51074
48116
51235
51101
51933
51074
47597
48329
48262
51233
47150
51474
48122
48329
46970
46981
51074
47383
47022
46883
51129
52507
48212
47158
47326
46945
46887
51192
51161
48212
51074
46970
51673
51679
51679
51212
51155
51089
51902
48329
51673
51679
48396
51581
47008
51089
46883
51673
47089
51156
48415
51098
48122
48262
51074
47121
51089
48116
51586
51074
47004
52058
47008
48262
46945
48262
48465
51098
51933
51213
51098
51581
51117
47491
47893
46883
52071
51401
47191
51156
51212
48415
48235
52016
51156
48329
51212
51089
51598
46923
51396
47926
51074
47022
48235
51089
48262
48212
52563
52292
47326
47652
51028
48262
46945
51129
47884
47126
51235
47089
51673
51925
51574
51117
47013
51683
51074
47383
51648
51192
47311
51405
47484
47311
47884
51101
47926
52563
46911
51161
51683
48262
47385
51396
52555
51163
52016
46887
51293
51098
46984
48172
47311
52555
51233
47518
48104
46907
51212
51233
47652
51233
52378
51074
51401
46945
51212
48104
52555
51981
47926
46883
51679
52378
52563
51213
47178
51413
51401
47178
47893
52016
47385
46984
46981
47135
52508
51235
52452
47135
51968
47022
52016
47652
51742
51198
47438
52505
52293
47518
47178
46915
46917
46928
47438
52293
51156
47652
48235
51020
48212
51968
51413
46928
47098
51156
46887
52563
48235
46945
51098
47191
47010
46911
51035
51198
51129
51110
51013
51298
47385
51981
51605
47013
51974
47438
51616
47518
47893
46928
46923
51413
47079
47019
51968
47135
47385
51660
47521
51964
52563
51239
46915
52555
51968
47178
46917
47652
51110
47521
46907
46907
51155
51742
46883
47013
51981
47652
51035
52505
51020
51616
52452
52555
47893
51035
51250
51112
51964
47893
51616
46923
51660
47652
46919
51605
51155
51071
47116
51974
51110
47652
51616
52026
46919
51198
47191
51105
51035
46887
51981
51240
51035
51301
51660
46883
51013
46930
46930
46899
47019
51155
51742
47019
47013
47079
51020
46922
51101
51616
51296
51742
47019
51192
51009
52026
46919
51188
52287
46928
51301
51211
46922
47010
46899
51173
47191
51240
47031
46883
51105
51020
51110
46907
46947
47019
47019
51742
51211
51156
47079
51020
51194
47116
51013
51250
51250
51173
51156
51239
46988
51155
47077
47116
47116
46883
51211
46947
47116
51112
46883
47031
50947
47191
51105
47089
51125
51101
51250
51016
46872
46988
51188
46890
51239
51188
46890
47034
46921
47077
47031
51170
51183
47116
51224
51206
46883
46892
51016
50947
47116
46640
46907
47168
51206
46921
51173
51125
51272
51216
47034
51216
51296
46892
50985
46899
46988
47079
51170
50989
51281
47031
50985
46988
46892
46899
47077
51188
46883
51189
47169
50947
46880
46988
51281
51281
51224
50947
46872
46988
46890
51189
47169
47031
51206
51206
47168
46851
46988
50997
46851
46838
46892
51204
51183
46640
46898
46861
46840
51183
46988
51204
46857
46872
51183
47034
47168
51224
50997
51296
46840
51239
46880
51170
51170
46988
51124
50947
46861
46857
47034
46838
51216
50980
46892
50997
46912
51206
46878
51224
46640
50977
46892
46838
46838
51169
47034
46912
46988
50999
51204
51281
50964
46838
50989
46872
50989
50985
46880
50977
50989
46872
46898
47168
50976
46640
51188
51124
51170
50947
51281
50977
50980
46200
51224
46861
50977
47034
50980
50997
51169
46861
46898
46851
51204
50976
46857
50985
46880
46851
46872
50967
51281
50992
50947
46872
51170
46892
46085
46898
46857
50931
46857
51170
51169
50976
50976
50967
46851
46878
50977
51169
47168
46878
46878
50999
47172
50980
46207
46880
50967
50980
46643
46087
46848
46851
50989
46123
47168
50977
51169
50947
46898
46878
50992
50976
46892
50944
50976
51169
46085
46085
51170
50986
46880
46195
50997
50967
46195
50947
46126
50992
46857
47172
50997
46848
46087
46848
50977
46085
46092
46892
46857
50977
50977
46878
50953
50986
50966
50964
46878
46199
47172
50997
46643
46643
51169
46092
50980
46857
50949
46848
46643
46092
46164
50964
50944
50980
51169
46087
46088
46848
50980
51266
46195
46088
50992
46126
50966
50937
50944
50966
50944
46090
46643
51259
46090
51266
50986
46085
47172
46088
51266
50949
46848
50949
51256
50977
46195
51256
51259
46131
50944
46643
46199
46092
51256
50898
50218
50937
46161
51277
50928
46131
46092
47172
46792
50949
46195
46161
50966
50218
51277
46092
46090
46817
46088
46848
46088
50966
46087
50949
47172
46087
50949
50949
50180
50928
46199
51277
50949
46199
51266
46157
50225
51256
46195
46092
46131
50297
46169
46140
51266
51266
51266
50236
46164
50301
46195
50229
50733
46140
46175
51277
46175
46175
50229
50180
50218
46168
46169
46161
50733
46164
50735
46618
46168
46817
50218
50735
50285
50724
50236
46144
50225
46828
50219
46179
46161
46131
50297
50218
46817
50242
46828
46792
50918
50724
50297
46792
46157
50242
46164
46140
50242
50301
50735
50229
46665
50280
46169
46144
46672
50297
50219
50297
46169
46310
46828
46161
46175
46390
50225
46168
50724
50301
50280
50242
50218
50242
46817
46175
46663
46388
50280
50280
50285
46676
50285
50733
46678
46826
50735
46678
50724
46383
46678
46826
50248
50248
50242
50272
46676
46665
50280
46673
50918
50907
50257
46390
50733
46676
46310
46672
50274
50257
50921
50259
46665
50249
50283
50254
46665
46663
50918
46665
46388
46663
50921
50283
46676
50882
50882
46390
46383
50257
46384
50882
50724
50249
46310
46678
50274
46672
46358
50882
50274
46678
46665
46665
50248
46676
46826
50283
46310
46346
46672
46383
46663
50254
50283
50481
50481
50272
46331
50283
46346
50253
46665
50248
46358
46336
46354
50472
50259
50254
50919
50400
50248
50921
50477
46673
46330
50469
50919
50253
46834
46308
50476
46336
46341
46681
46826
50253
46331
50283
46678
46336
46681
50481
50283
46673
50880
46789
50472
46834
46330
46834
46330
50477
46346
50919
50479
50471
46346
50919
50481
50480
50481
46341
50469
50476
50924
46358
46834
46834
50469
50481
46789
50473
50479
46354
50396
46834
46389
50921
46358
50476
50919
46308
46330
46308
46789
46340
46369
46834
46330
50476
46335
46330
46329
50880
50481
46346
50443
46354
50478
46834
50426
46335
50396
50426
50469
50479
46330
46358
50465
46681
50398
50480
50480
50396
50480
46354
46358
46305
50443
50465
46389
50443
46834
50479
46787
50919
46335
50406
46329
50406
46314
50396
46335
50910
50421
50431
46305
46340
50426
50421
50910
50406
46362
46362
50398
46329
50406
46651
46651
50465
50465
46651
46305
50771
46306
46335
46306
46340
50426
50421
46787
50465
50771
50443
46335
50443
46305
50406
50465
50771
46365
50771
50910
50406
50443
50396
50434
46369
46362
50405
46306
46305
50465
50465
50426
50431
50421
46314
46327
46365
46329
46335
46348
50443
46365
46787
50406
50465
50465
46362
46369
50910
46786
50443
46327
46787
46338
46365
46306
46327
50465
50434
50434
46369
46294
50434
50465
46338
50429
50416
46294
50403
46306
50910
50771
46294
46362
50429
50910
46306
50416
46327
50416
50447
50741
46348
50741
46306
46787
50447
50447
46374
50424
50926
46338
50741
50424
50411
50406
46326
46327
50434
50416
50447
46338
46326
46327
46362
46327
50451
50447
50416
50417
46294
46338
50405
46362
50910
46362
46327
46290
46294
50741
46683
46294
50447
50424
50411
50424
50434
50424
46368
46368
46374
46368
46360
46786
50741
50424
46290
46290
50455
46294
50385
46322
50926
46270
46786
50417
46327
46270
50424
46338
46351
50741
50411
50363
50417
46290
50447
50428
46322
50363
50417
50424
46360
46326
50416
50878
46327
50417
46775
46290
46262
50926
50403
50416
46294
46322
46342
50359
50451
50403
50385
46351
50451
46363
46775
50428
46262
50411
46332
50781
50414
46683
50417
50926
50423
50878
50358
46360
50781
50363
46322
46775
50363
50414
46238
46322
50453
50455
46262
50385
46322
50781
50414
46342
50380
46260
46332
46332
50389
50414
46258
50384
46262
50453
46238
46274
46262
50781
50423
46363
46258
46322
50423
46260
50423
46322
46262
46322
46342
50384
50389
46238
46270
50781
50781
46775
46363
50414
50365
50358
50384
46262
50773
50414
46277
50453
46363
50385
46274
46262
46274
46775
50359
46276
50778
46461
50778
50773
50389
46322
46363
46322
46322
46332
50414
50422
50329
50422
50352
46277
50363
46262
50781
46322
50414
46342
46363
50359
50849
46470
46265
50380
46277
50350
46322
46461
50781
46260
46783
46257
46250
50773
46265
50432
50414
46363
50414
50778
46461
50781
46783
46396
50350
46470
46265
46257
50352
46276
50363
50422
46363
50796
46700
50546
50453
46263
46250
50617
46396
50352
46461
46263
46263
46461
50333
46322
50422
50778
46461
50329
50348
50546
46265
50348
50333
50617
46265
50432
50546
46700
46396
50363
46276
50432
50617
50350
50453
50617
46259
50849
46470
46265
46282
50546
50617
46261
46396
46257
50333
46780
50329
46461
50422
50546
46461
50617
46257
46301
46282
50813
46469
50350
46469
46470
46282
50546
46245
46276
46245
46396
46805
46461
50849
46261
50352
46259
50546
50353
50617
46263
50617
46244
46396
46282
50617
50422
50775
46547
46700
50796
50352
50617
46257
50546
50333
50376
50363
50775
46715
46469
50348
46469
50617
46240
50813
50348
46240
46301
46700
50333
50422
50617
50850
50348
46461
50333
46282
50813
50796
46263
50345
46443
50546
50637
50810
46700
50617
46715
46443
50422
46805
50352
46780
50775
50345
50810
50806
46245
46715
46700
50804
46715
50777
46715
50807
46805
50617
46469
50353
46282
50850
46545
46301
46547
46805
46460
46780
46244
46460
50807
46245
50617
46460
46780
50637
50353
46244
46715
46752
46469
46301
50813
46547
50810
50775
50806
50777
50804
46547
50850
50617
46443
50850
50331
50850
50813
50330
46549
46715
46805
50617
50850
50806
50804
50850
50804
46443
50334
50804
50376
50850
46469
46545
46460
46713
50807
46805
46779
46550
46460
50391
50808
50891
46549
46545
46460
46244
46761
46468
46469
46713
46729
46715
46301
50550
50334
50637
50804
50550
46710
50391
50331
50806
50806
50804
46801
50334
50533
46547
46761
46713
50803
46710
46301
46779
46460
50803
46545
46546
50891
50391
46549
46546
50330
50331
50806
46729
46468
50804
50850
46715
50372
46301
46729
46392
46779
46549
50372
46710
46460
50804
46801
50391
46550
46445
50528
46710
46468
46729
50544
50850
50868
50803
50804
50528
46729
46779
46801
50803
46460
50391
50804
50891
50544
46392
50334
46536
46468
46550
50550
46546
46713
50804
50823
46729
46547
50533
46729
46536
46460
46468
46546
46761
50334
50533
46710
50330
50532
46547
50544
50868
46543
46460
50831
46531
46445
50334
50331
46546
50804
46460
50331
46543
46801
50615
50330
46392
50544
50528
46445
50372
46729
46779
50544
50391
46801
50554
50851
46550
50804
46761
50891
50544
46536
46549
46546
50544
50891
50550
50611
46546
50615
46536
50818
50868
46460
50372
46777
50533
46445
46710
46392
46460
50831
46536
50868
50611
50550
50391
46447
46729
46436
50851
46468
46763
46543
50544
46447
50615
50341
50550
46445
50611
45369
46801
46436
46799
50888
46546
46546
46392
46392
50818
50532
46531
46799
50341
50818
50550
50544
46531
46447
50342
50544
50535
46549
46536
46763
46531
46447
46799
46543
50342
46532
50527
46742
46447
50341
46436
50831
46458
46546
50554
46506
50549
46444
46458
50831
46447
46531
50611
50341
46803
50540
50540
50891
46392
50831
46744
46530
50888
50851
50527
46765
50540
50851
50540
46444
46763
50888
50818
45369
46447
46763
46799
46447
46532
46530
46436
50615
50625
50535
46531
46419
50549
50525
50342
50888
46799
46458
50482
50540
46419
50482
46803
46447
50341
50831
50532
50554
46436
46765
50522
50833
46744
46744
50525
45359
46447
50535
50342
46531
50622
46799
50341
46530
50483
46532
46531
46765
45359
50625
45359
50483
50540
46765
46530
50341
50482
46436
46532
50532
46447
50833
50540
46744
45369
50525
50540
46765
45369
46506
50483
50888
46419
45359
50522
50833
46448
50535
50549
46448
50833
45369
50482
46447
46503
46419
45357
50504
50888
50591
49439
46506
45346
45359
46530
45359
45366
50547
46765
46744
50522
46746
46419
46447
50622
46432
45414
50483
50624
50504
50622
50525
50889
50547
46432
45366
46765
50547
46746
46419
50504
46503
50342
49461
46448
46448
50621
46432
46432
50889
45414
50547
50889
50830
46503
50833
50547
46432
50620
46551
46744
49461
45359
45357
45350
50621
50620
50620
45366
46448
46429
50504
45366
45357
46746
50830
46448
50522
45431
50504
46551
45414
50624
49450
46448
45350
50619
46765
45350
50591
46039
46520
50830
50624
50522
45357
50591
50624
45431
50515
50889
50621
50515
46432
46403
50623
45836
46592
46038
45409
50889
46429
49450
49447
50624
50495
46039
49455
46448
45818
45409
49439
45836
46403
50508
50830
46503
50521
46448
50620
46520
50591
46038
45431
50835
50508
49447
46039
49450
46592
50830
45427
46448
46403
50618
50581
45814
46448
45427
46520
46039
45815
50630
49450
46403
50317
45388
49912
45818
45431
46403
50317
45405
50618
50495
50618
45430
49401
49401
45405
49447
46551
46033
45836
46485
46551
50508
45814
49522
50521
46592
46485
45429
46592
49517
46484
50581
45828
50508
45829
46033
46484
49455
45412
46033
50581
46484
45405
45816
46484
49442
49520
49912
50618
50317
49518
49520
46033
46551
45431
45412
50835
49447
46589
45430
50495
46033
50495
50319
45429
45836
46485
49447
46484
49485
45378
49442
49518
49447
46484
50684
49492
49522
50495
50830
49520
49455
45427
49522
45405
45814
46033
45405
50319
46485
46560
49904
46577
50500
45430
45429
49529
45856
45441
50495
45829
45412
45441
45828
46577
49485
49912
50684
45814
45405
50581
46560
49492
46567
49912
49517
50618
49529
45856
45420
49443
46560
46033
45816
45682
45412
45412
45441
49442
49951
45828
49442
46560
46485
50500
49451
49455
49455
46577
49443
49417
45682
46589
50581
49441
45816
45829
49492
49904
45856
49485
45378
49518
45816
49518
45856
45423
50684
49526
46577
50677
49417
49904
45441
45328
45378
45423
49912
49520
45328
49951
50135
45814
45559
46567
49451
45559
45383
49451
45802
45328
45328
49951
45420
45797
49518
46577
49520
46567
45682
45816
45559
49478
45856
49529
45704
49417
49417
49441
50684
49518
49520
49914
49485
46577
49443
49455
49520
50677
49518
49517
45324
45602
46564
45602
45802
46564
45797
49951
49496
45378
49417
45383
50648
45559
45704
49526
45552
50118
45324
50684
49417
45682
45876
46567
50677
45602
49518
50677
49520
49890
45856
49438
45328
45559
45449
45797
49914
45658
49443
46564
49517
45876
45876
50117
45552
45772
46577
49914
49951
49856
50648
50117
50117
45682
45839
45704
45324
45449
50118
50135
49478
49518
45839
49520
45658
50674
45682
46564
45843
50684
49890
45552
45568
45552
45324
45658
45704
45624
50674
45624
49951
49496
45658
45876
45449
49443
49417
49481
45658
49890
49443
45742
50648
45665
45797
45665
49854
49856
46564
45452
45876
49438
50674
50117
45839
45772
45624
45627
45779
49914
49496
45703
45627
50117
45552
49517
45449
45552
50674
49890
45665
45779
45324
45789
50117
45624
50648
49478
45772
49874
45839
45552
50108
49856
45703
50135
50001
45630
45627
49518
45627
45658
50648
49478
49794
49520
50135
50674
49854
49496
45665
49854
45772
49854
50108
49691
49890
45568
49691
45452
45658
45568
45665
50674
49785
45742
49794
49799
45665
45449
49890
45667
50011
45735
49821
45624
50001
50648
45568
49518
45789
49856
45665
49517
49691
45627
50648
49794
50674
49517
49767
45772
45742
45627
45665
50648
45772
45552
45627
45703
49874
45568
45553
49767
45667
50011
50011
45730
45627
50648
49648
46053
49763
49825
45552
45742
49890
45735
45624
49785
45553
45665
45876
45487
45665
49825
45730
45772
49821
49691
45665
45624
45630
45630
49648
50013
49794
49691
49785
45779
49573
49890
50648
49799
45983
45922
45544
49785
45789
49799
49767
49691
45627
45665
49561
49794
45667
49825
45772
45553
49825
50013
45553
45703
45924
49648
49648
49785
45982
49757
46051
45544
49691
50011
49763
45627
46026
45785
45640
49757
49567
49799
45667
45789
49573
45553
49561
49763
50108
46013
49573
45730
46051
49648
45670
45703
45553
49795
46026
45924
49557
49767
49799
49648
45789
45553
50011
45640
46051
45730
45735
49763
50017
45924
45670
49557
49654
45553
49654
45670
49767
49799
45487
49799
49720
50143
46026
46053
50094
49561
46013
50017
49658
45922
50094
49572
45640
46024
50116
45571
50143
49763
49654
49714
45553
49763
45670
45670
45787
46026
49572
49714
49654
49720
45553
46011
45487
46011
49795
45553
49557
45972
46005
46082
45485
50143
45972
49795
45983
49759
45974
45922
45924
49706
45982
49757
50029
45983
49567
49757
50143
45553
50116
46026
46051
49714
45974
50017
45464
49572
46026
50101
45982
45571
46005
45924
45571
46005
49572
45972
50169
46082
46082
49720
50143
49799
45972
49757
45647
49759
49566
45985
45985
50101
50017
45924
49759
49658
49757
50116
49744
49570
45972
49557
46026
45974
45571
46026
49714
49634
45983
50073
45787
50143
49654
45464
45467
50029
50116
45972
45647
49683
49683
50100
50070
46026
46005
45974
50091
45647
46082
45485
45494
49706
49679
45467
50084
45995
49566
45972
45978
49845
49570
49728
45494
49746
46024
46072
49799
45985
46082
49845
45647
46082
50079
46011
45995
49676
45933
45961
45974
46001
45933
46001
49728
45467
45935
45933
50070
46072
50084
49566
50073
50075
49746
50169
50169
45935
49706
45492
46024
45961
45933
50073
50100
49744
50070
45961
45584
45935
45492
49845
45985
45995
49634
49744
45935
50070
45985
49679
50079
49564
45935
49634
46072
46072
50169
49706
49683
45492
49634
46072
45961
50098
45504
46080
49634
49728
45584
49706
46009
45956
49743
45492
49845
50075
49728
50056
45584
45895
50070
45510
45508
49743
50098
49604
45644
45933
45935
45590
49746
45504
46001
49743
45995
46001
45995
45933
49665
45961
45644
45963
45961
49673
49728
49683
49660
50082
49746
49683
46072
45534
46001
50114
50057
45498
50066
49746
45590
50114
50098
46023
50114
49673
49744
49634
50057
45584
45508
45584
49683
50054
45536
45895
45950
45895
45510
45894
49683
49728
45590
45504
49673
49595
45508
45513
45590
50056
50082
45590
45506
49728
49734
50098
45515
49674
49734
49660
45537
49604
50056
49674
49734
45895
45948
49728
49595
45890
49665
50063
45515
45584
46073
49597
46073
45899
50066
45506
45894
50098
49665
49619
50082
49683
45590
49591
50171
45950
45899
50056
45538
49736
45963
45895
45498
45886
49619
45950
50114
45513
50054
50056
45899
45895
45590
45508
45510
45505
45511
50063
50114
45899
50063
45950
50043
46073
45498
45505
45509
49977
45899
45528
45890
50060
49736
50063
45508
49597
45536
50082
50054
50082
45886
45895
45895
50114
45536
45886
49595
45537
45886
45899
45948
49619
49736
50057
49674
49619
50063
50043
45511
45528
49734
45950
49618
49605
50056
45899
50171
45525
50087
49591
45511
45890
45894
49985
45895
49610
45886
45505
50171
45505
45505
49988
49734
49618
45528
45536
49619
50063
49736
50077
45279
49674
49674
45899
45948
45538
45511
49618
50171
50063
45950
45525
45525
50060
50077
45509
49984
49610
45528
49983
45886
45531
50061
49605
49618
49984
45887
45505
50171
45895
45948
49619
45886
45534
50163
50060
45537
45886
49629
45505
45278
45899
45284
49988
49984
50171
45511
49985
49396
45534
49983
45516
45528
49629
49985
49983
45537
45513
45279
45525
49399
45543
45509
50060
49610
49610
45525
49399
45293
49989
45284
49628
45543
49989
45529
50060
45887
49989
45887
45291
50163
50061
49396
49977
45503
50060
45537
50043
45541
45540
49988
45539
50087
49621
49984
45540
45887
50077
49608
45503
45526
49984
45887
49984
45529
50171
45284
45276
45276
49984
45541
45293
49628
45887
49610
45543
45531
50166
45289
45887
50060
45528
45529
45531
45531
45516
50087
45534
50166
49983
45509
50166
50163
45526
45543
49399
49628
50077
49981
49629
45293
49627
45886
50050
49396
45293
45529
45293
45539
45516
45529
49629
45284
50061
45291
49396
49621
49399
50156
49394
45541
45284
45278
45291
49621
49627
49983
45516
49633
45531
49981
49977
49633
45543
50087
45503
45306
45289
45531
49984
50050
49989
45289
49610
45284
45276
45887
50050
45293
45309
49610
49399
49628
50166
45516
45887
45534
49633
49984
45526
49627
45309
45887
45503
45516
45306
45276
49606
45503
49628
49394
49625
45278
49614
44875
49981
45541
49981
45887
45293
45543
45278
49394
48597
45293
45531
49606
49633
45541
49608
44502
49614
45516
44502
49633
49399
49396
49981
49621
45503
45298
50050
49386
49621
45306
49610
50156
45526
45306
45276
50166
50166
45310
49399
44875
48598
45293
45516
49383
45298
49608
49381
48597
49614
45309
45518
45278
45503
49625
49394
44502
49370
45518
45298
49627
45310
44502
44468
48597
45518
45997
50050
44468
48598
49390
44444
44471
50156
45997
45518
49625
45309
49606
45520
44471
45298
45309
49633
50156
50087
45306
48545
45520
45518
45293
49625
44502
45288
44875
49394
49380
45293
50050
44510
50166
50050
49383
49370
45288
49372
44446
45288
44467
44442
49370
50156
45298
49606
49633
44502
49372
49372
45310
49390
49383
44865
49370
45987
44510
44443
48598
45987
44510
45520
45310
45306
45309
45298
44449
45306
45302
49381
48598
50050
49386
49380
44443
45520
45520
48545
44865
49633
44443
48951
45997
44446
45288
44458
49387
49383
44444
45309
45298
49377
49370
49625
49625
49387
45997
48597
45298
44449
44442
44446
48598
49392
45298
48597
49390
49374
45518
49382
49390
44446
45997
49385
44443
45288
48545
44865
49365
45300
44467
50050
45518
44443
44458
48598
44860
49386
44449
45302
49370
44662
45299
48597
44441
49392
45302
49374
48561
48951
44442
48951
49387
44443
49380
48545
45296
48592
45520
44441
49372
44458
48561
48561
45518
44446
48545
49370
49385
45300
44512
45300
45298
49382
49385
49386
49370
44865
49382
49365
44510
49370
49374
48598
44660
49074
44865
44512
49633
49387
48545
48584
48952
49377
45299
45299
44662
44865
44660
49385
45300
49387
45302
48561
44701
49387
44447
45300
49390
48561
44446
44701
48532
49365
48556
44510
44860
49372
45296
48555
44434
44434
49365
49377
44458
44446
49387
48584
44434
44512
48532
44458
44447
48584
44512
49043
44458
48532
44479
44454
48562
45299
48592
44441
45300
44458
45296
48550
48505
44442
44587
45299
48597
44512
49365
48505
45300
44446
48948
49387
48559
44701
49370
48601
44860
45300
44501
44521
48534
48956
48505
48951
44512
45302
48872
48550
45296
44461
48555
48555
45299
44458
48534
44662
44415
48872
44587
45302
48532
48555
44413
44660
48583
48559
44660
48948
564
49377
48555
48550
44512
44660
48584
44590
44441
45296
48515
44521
44660
44710
48550
44590
44701
48556
48568
44512
44858
44791
44587
48592
49074
44458
44415
48534
44501
48952
48956
48534
48556
48559
44512
44708
48601
48583
44501
48539
44413
44710
44479
48583
48956
44858
44512
48956
44454
44454
44413
564
44479
44710
49054
48550
44704
44512
49026
48505
44415
48550
44708
44461
44413
44587
44968
49074
48583
44501
48556
48555
48555
48584
44461
44521
48539
44512
44708
44501
48601
131
48550
48568
44512
48505
564
49043
48539
44413
48562
44858
44461
44413
44710
44415
408
49074
48555
48551
48872
48956
48686
44461
44415
44461
131
49026
49069
564
441
48613
44587
49043
48536
48948
48555
44791
44710
44415
48555
48601
44413
44512
48537
48550
48956
48872
44660
48556
131
48872
44587
44587
48583
44461
48956
48555
44413
48555
59
48552
49074
441
44704
44710
44587
44968
44479
44968
44958
44958
44475
48537
44959
44415
49074
48522
48522
44475
48515
44710
48588
44413
45139
48568
59
44959
48583
44665
44479
44415
48537
44968
130
48537
48867
44461
48522
408
357
49066
48552
44791
48520
131
44461
49026
48686
44417
44475
48956
44417
44959
44413
44475
49026
44615
48556
48551
48537
48515
44697
44697
44665
338
44813
49066
48552
44587
49104
48685
48564
44616
44616
44943
48536
44413
49066
44475
45188
49069
44413
131
49043
48513
44417
48552
48546
48685
48551
48686
44461
44813
131
48872
48685
48552
49074
48564
49056
48520
44475
45016
49054
44938
44615
48798
44417
130
48872
48546
49069
48552
45188
44461
48537
48677
357
48564
44943
49056
44665
44813
44938
412
48867
49104
45016
428
49069
48985
44417
44581
44581
48520
412
44613
48867
48872
357
48872
44484
49104
48985
44417
44665
48513
48520
49031
44615
48867
44491
49069
48552
48552
48708
44484
48872
44475
44959
48497
48520
48771
44943
48546
44616
357
44813
49069
49104
44665
44665
49104
44697
48546
48706
49091
48564
48872
45209
48546
44484
49033
408
48551
49118
44417
44665
44491
45139
48551
48771
44616
44417
130
44616
49033
44417
49070
45188
48522
44665
408
49118
49069
44581
48513
48771
567
49030
49033
49104
44805
408
44665
44665
45139
49118
48528
49094
49118
44602
44665
48771
49070
130
44959
49033
49030
49070
48771
567
44697
48794
48708
111
44697
44417
48985
44697
412
49309
44805
49089
49094
44417
44417
49138
45188
111
49138
49030
45139
44491
44671
44685
44671
412
412
49309
48528
48771
45052
45139
49089
121
48577
49033
414
414
44943
48513
48706
111
45052
44484
48889
48901
48771
45052
49138
49089
44685
44602
44613
48901
45139
45209
121
49147
414
49094
44424
45003
44805
44491
48776
414
414
414
49138
44417
49094
49091
45196
49091
49031
48577
48982
48776
414
44581
44602
45052
44417
45052
44491
49138
49309
45052
44491
49147
121
414
44685
49031
44613
44685
45139
414
45209
45052
48703
49030
45052
44485
45188
44424
49147
49033
44485
44616
48901
45003
49138
49030
49138
48776
48889
412
48606
48528
44404
44602
48769
48528
48577
48776
49138
44485
121
121
48577
44404
44527
44783
48901
45003
48577
49138
49091
49299
49031
44404
48889
414
45139
44804
414
44485
44685
44695
414
48884
49031
44491
44424
44424
44783
44783
49094
44424
48528
44805
45003
44491
45003
49094
49138
48982
44527
48901
48528
49138
44602
44804
412
111
48769
48889
111
48769
44490
48606
44783
48577
49030
49094
414
44805
45196
45188
49139
49030
48775
461
48982
414
414
44805
44490
44695
48769
49138
48528
121
49299
48769
49138
44695
44613
49031
45003
412
44695
44613
461
49322
48703
49037
49322
48982
44613
45196
49138
45139
44804
48889
48873
45188
48769
48528
44424
44527
48775
44804
411
111
44485
44723
48882
48775
49098
49031
48577
44783
44490
44783
45196
44424
49139
44783
48577
461
44804
44424
44613
44485
44490
48528
44613
48785
49139
411
111
411
45003
44613
45196
412
44804
49312
48982
412
48606
44693
412
44695
44490
45003
49037
48769
48873
461
49322
48982
48769
44783
48528
48785
44424
461
49312
48528
48577
44527
48606
45003
48873
49114
44485
44804
48819
44613
49325
44602
44578
45196
49139
49114
48785
461
48884
44804
461
44783
48703
49038
48509
45022
44490
44723
44527
48818
49037
48528
48884
45004
48884
44693
45209
44613
49037
44804
44424
44694
49038
44613
44810
44613
44694
45196
570
45196
48882
48785
49322
411
45004
44810
44439
49130
461
44613
48528
44694
45004
49038
45022
48982
44893
49139
118
461
45003
48530
44693
44810
44694
48783
44602
411
44810
570
48790
45022
44485
45209
48873
461
44723
45003
45004
48530
44578
411
48528
44893
44694
49037
48982
44527
48982
44804
48713
45004
45210
49325
49260
570
49310
48783
48885
461
49037
49325
44613
45190
48982
461
461
411
48921
48892
45194
45234
48783
48528
45210
44723
45004
44893
49130
48982
44893
48509
48816
44439
48892
48790
44809
45004
44810
44723
411
49114
44527
49275
45210
49310
461
48810
570
44809
48921
44723
48921
45190
48921
44420
118
44613
45003
48818
44692
570
48806
49260
392
45234
45210
44517
48806
48921
392
48884
44723
45190
44602
44692
392
44578
48816
45190
44490
45003
45175
44893
48783
45196
48530
48790
45210
45003
48713
45004
49275
48921
48816
30351
49038
44699
30034
30495
30351
44810
461
48713
48783
48530
49318
30495
461
48714
48921
44723
44893
30034
30248
49310
30034
30598
44527
44527
44893
30247
118
48921
44527
30034
45190
30034
48646
44602
30230
48921
30247
392
30247
44439
30489
30853
48810
30230
44893
44578
44809
49152
44723
31423
44420
49260
30248
49151
48713
49331
30867
29909
30034
30489
48810
44439
45021
392
48810
44723
30867
30489
30230
44517
44690
48646
49152
45040
44893
30922
30317
44893
30922
30248
48819
48898
30085
48790
570
45170
44893
48818
48806
118
30034
48806
44699
392
44602
30085
31247
118
44723
44893
30316
31623
44796
44809
118
29909
30177
399
44439
30230
392
49331
30177
49152
45136
30317
45040
30139
45210
30972
44698
30184
44893
30139
45170
27972
570
49151
44893
30139
44527
48816
30972
30972
48921
32066
48646
29748
49319
44420
461
45190
31423
49239
45040
44527
31562
44439
31623
44690
48816
44796
45021
30177
49318
30177
45175
44439
30085
49151
29909
30972
44420
48898
44517
44602
45003
48816
48646
399
393
393
44527
29748
44527
31425
44527
32164
31429
45200
30139
31429
31756
45170
44420
48714
31247
30085
31425
48781
44527
44893
45241
399
44723
44420
45021
31247
44517
29909
48646
31765
29909
44893
44439
44714
31756
49151
31754
231
393
118
49274
30241
45170
30241
31914
48714
31754
31231
570
49239
27972
44527
48714
45210
48808
31754
44698
45241
48808
399
44690
32733
30085
30177
29748
399
399
49152
27972
118
44420
31426
44439
48646
31756
44527
31754
44527
31754
30972
27654
45228
31231
32733
45136
48898
393
31765
118
29117
27654
49331
49274
399
48808
30972
29909
44723
31426
31914
44527
48730
29365
49151
44527
49331
44893
30972
30972
48898
32937
27971
29289
48808
45136
48694
32733
29909
29365
49152
49184
33117
32733
44527
32522
44527
399
44723
31765
118
33117
32522
29117
231
29656
44440
45136
570
45136
393
464
29117
45178
118
29656
48781
150
27304
48808
27971
48816
27304
399
31231
30972
45241
399
29997
27971
32481
399
44527
45178
27654
32522
32733
48781
48811
45171
40689
30972
464
40899
32587
40899
27304
45040
44440
29365
31231
49319
44527
44440
45241
40863
464
44527
48694
31473
44527
48730
44527
40899
29028
40689
40899
27626
44527
40863
40863
31118
32733
393
29028
40778
48811
45136
42038
45171
33193
27626
27304
40863
45136
31346
49332
32066
29185
45200
29028
29236
33129
40564
49166
29289
27304
40689
45241
49276
33193
48808
49241
48619
32733
44714
41398
40517
40517
32733
32587
150
28765
44519
45171
40447
29236
31251
31118
39780
31473
44420
31251
41398
231
231
29185
32587
44723
45024
31473
118
44527
39780
27626
118
44440
29997
29236
45136
511
41398
44527
49166
29997
32522
29028
49184
28941
49241
40517
32733
40438
44527
48804
27079
39780
39780
27079
393
39780
29289
511
49319
32587
32587
399
32522
27304
393
41586
28992
31251
45091
48694
231
40447
33193
27693
45136
399
44527
32587
44714
48694
45136
40447
45178
48804
32733
29236
40447
27156
49166
31251
41398
48808
28458
49319
31118
32481
464
511
393
45226
40517
41650
49152
44604
39980
43148
43148
39780
28458
32251
45200
32522
41480
32522
28765
48636
259
40639
28458
44604
29236
44440
29236
399
29236
44714
511
41650
45171
39780
40863
44527
39780
28458
45242
41398
48811
44527
31251
41586
33129
40447
40517
45242
27156
41398
39980
259
40447
49276
48730
49319
40447
33564
32522
42770
48730
150
40517
45091
511
45053
44440
45226
29233
34097
28458
34097
45226
42770
32522
42094
45053
39780
44519
28941
40517
29195
44527
27868
399
40447
27981
44527
41480
41986
33129
28992
45178
39397
28941
31148
48730
44527
32522
511
40381
33129
49184
39980
32522
27166
41986
393
41586
48695
48619
32481
48804
27166
44519
39397
45171
42094
231
34097
45178
511
29233
28765
39397
44527
45136
39397
33564
41482
464
44714
29233
45024
27981
40517
44527
39397
39980
49166
45200
39397
39397
39397
42622
31148
42622
27166
48781
39397
39265
39397
45226
34132
393
27705
34097
48619
31148
39265
49166
42586
28941
44714
48811
32235
31148
42094
39397
27166
48619
304
41405
41405
49241
44519
43148
45024
41480
150
49333
39397
33564
39265
40447
39397
48695
45178
29233
45149
39397
39472
34182
42641
39980
27166
511
39265
28994
33677
39265
40070
28941
42586
39472
44714
44714
44527
40459
43232
27394
32522
49184
39265
231
304
43232
48619
28941
27830
31051
39397
27112
28447
44604
42094
31051
44527
29236
45091
48804
27836
39265
44604
511
45149
39326
41639
40459
28770
393
48804
538
43148
259
48699
45053
39268
34273
48699
259
49221
33677
44527
43266
34182
31166
49276
31166
39941
39268
40070
28941
40070
45226
48636
39149
33644
49221
45053
39265
44527
40459
49276
27830
41375
39472
41586
45149
42646
39472
41480
44527
48743
44440
41639
28941
33564
28941
28351
45135
40459
39265
45024
49182
33831
27981
48804
44714
43266
538
27514
44604
45242
33597
39326
33831
511
33424
476
538
39472
44604
49179
42284
48717
44714
48636
44422
41233
48636
42646
42646
38134
40459
41233
48636
33831
48636
38134
39149
231
32522
49180
33831
42507
42507
49179
28875
28961
28941
45226
39265
49182
25
259
37680
33581
45063
42370
44527
39003
45149
45063
40459
33690
32310
48699
49333
39169
33690
28254
42507
39227
28994
538
42283
48695
33831
304
40096
39472
511
43266
48636
37680
44714
44651
42283
44714
39265
28770
39060
39265
304
41248
48636
42284
48690
511
39169
45242
38134
32310
538
44763
44527
45024
45149
33831
41230
48717
48743
44714
44714
39265
45073
33831
42370
33424
39472
38134
37680
41375
44651
27112
40459
49180
39169
41248
28875
45195
45073
45024
37680
511
44527
44422
39003
39003
33831
45063
476
44527
33581
45226
27453
39944
39944
38295
45063
41375
39941
42507
28941
48636
40214
48695
37188
39265
259
39003
304
27830
45135
39265
28941
43680
48636
38942
27514
42283
28875
259
42283
511
48636
49221
38845
28254
33690
28643
39107
41248
37680
259
41248
42370
42507
39003
48636
37680
33831
42507
44714
28871
37680
44763
39995
42475
49179
511
39060
44422
48699
48690
41375
28941
28154
41248
43768
45088
39107
41248
37188
33401
48743
27226
33401
39265
42475
37680
511
476
49182
44527
38942
476
259
45149
39944
42283
44714
511
49182
33401
28635
41106
38845
43924
49192
44714
304
42283
27687
44601
43680
38295
44527
48636
42475
42283
48636
44651
45169
43924
33690
41375
27514
259
33529
44714
27547
304
39944
37065
511
48743
39169
37065
44527
33690
44422
27514
41106
40167
304
33401
41106
231
511
44422
28496
37680
44527
33401
259
44623
49221
37680
39944
48828
33690
476
42372
28875
38004
37624
43777
44651
43760
42475
42475
326
43431
476
49221
293
48906
44527
45078
511
304
48690
44714
27439
39167
27453
45169
45149
45073
45078
38845
45073
48857
45169
48717
293
39944
39941
45169
259
48906
48906
44714
38996
49333
476
44422
44601
37624
27817
27817
326
25
42372
38347
49180
39024
41123
44527
41315
292
37680
44422
476
326
231
38845
45169
44422
39107
48906
44714
9
28222
39107
304
28286
45099
28193
49179
38347
44714
37193
38710
48906
259
476
42430
38011
44623
45135
48857
45073
38953
37624
48636
38710
44601
48690
44422
44527
27439
28678
48857
44527
317
28643
38004
37624
33529
292
27516
27547
186
39167
36
33529
509
48828
44527
37680
28678
38710
43735
38996
25
27516
317
39944
43735
49335
39941
25
48862
43735
37624
44601
259
186
45099
48906
49221
186
49221
27045
38011
45169
44604
11
27192
49328
309
292
33529
43513
41164
317
511
48857
42222
9
49335
45073
44648
28222
38845
28741
304
37624
45073
43777
326
42222
44623
28665
509
44601
25
39159
45138
28741
293
36
37624
36
48857
44748
186
25
28871
27376
259
326
186
27407
27067
28678
36
48906
44648
38845
285
38710
33690
38996
38395
49199
44748
36
11
38935
48636
38011
49328
49192
38993
49335
28871
44601
45138
304
27192
28222
43580
45149
28222
48862
44422
36
473
36
43513
27421
44606
11
38993
42222
38760
28678
309
44604
326
509
44604
38996
9
39159
44650
11
44624
27407
37192
186
509
317
49221
11
45138
473
43735
297
38760
45138
298
48857
37142
37192
43508
38922
24
49328
38395
41164
317
5
43735
37193
36
48636
27242
28222
186
27439
38395
44623
38993
36
27067
49192
473
36
44623
44604
186
45169
38395
49199
28853
44648
9
11
45086
49204
27045
186
27045
48690
36
45086
473
28741
37142
24
45096
37142
309
43528
44648
27928
27062
45073
44748
298
191
37893
27045
38760
303
37193
44650
24
304
43528
191
38832
27045
317
38993
297
44638
285
509
48857
27376
37234
41164
285
38162
45086
186
303
38996
44648
45087
27062
36
27045
38760
5
37142
28024
37274
191
44605
28904
42263
48862
27188
36
27421
38935
44623
317
28665
27045
49213
37
5
27928
191
44604
309
298
24
191
38162
303
48857
48857
27376
38903
27233
27188
27068
27045
285
49022
37274
44620
45104
37152
191
44648
45138
1196
49199
36
5
38056
45145
36
49329
38993
44620
49328
509
37886
509
303
27930
44606
1502
38244
37142
48857
37
49221
285
44648
44604
38757
27309
49213
38667
309
38413
45087
298
5
48827
37886
36
49237
38667
5
38056
191
45086
44604
49204
27930
44648
44605
38706
37761
38513
45096
546
49237
191
303
28024
45086
5
28407
44620
5
44648
28024
44605
37274
44638
1502
38530
44624
1196
28381
27098
795
126
27234
38413
44747
48857
38413
502
795
37274
546
28407
28407
44606
28407
44620
38056
28586
509
546
38757
37
38244
44747
49022
45087
48862
37274
192
27309
44650
44620
1192
28609
44638
1236
37177
38244
44605
27068
44605
38530
27067
48864
546
5
44608
48827
44775
49329
38757
49320
38413
5
28586
191
1196
285
28586
44605
16
26831
37886
300
26831
1191
547
191
192
44605
48862
5
38056
5
37848
285
48827
37152
16
502
547
1192
37
44620
44620
37546
546
38757
5
44608
44605
38232
44606
38071
546
37274
45086
406
44608
474
28609
28407
5
1191
37
44747
38789
38175
26863
502
44605
27234
38530
38413
37
17
18
38757
474
45122
1502
192
1191
37077
48864
285
37077
16
191
38667
300
49329
192
300
28610
16
28407
37848
26499
502
26849
44608
45087
48864
37546
1502
49320
38071
38629
26849
26831
547
44608
37220
296
49216
26863
1196
45145
37546
16
44608
49344
37498
474
45145
192
48827
48864
45087
17
38513
45094
38667
26497
1192
44608
26864
49213
37224
38513
45145
44766
45114
45094
49329
18
45114
28625
37485
38413
44775
44775
1502
285
18
28625
296
28625
37934
37224
18
44620
547
506
192
18
44620
37274
45111
38528
26864
5
37498
296
49219
48864
26849
36981
17
48824
193
49216
18
503
302
26502
296
1192
37546
302
547
18
26453
506
26849
37546
45145
36899
37498
48825
1233
37485
504
38629
406
302
192
44608
26453
49344
26965
48825
44608
18
751
18
37962
302
26850
504
192
44608
49321
44766
1197
1196
26946
1214
1414
37946
193
503
36882
38789
795
48824
1207
26455
44775
37498
193
37546
44775
192
44765
36981
1214
17
125
36981
26497
45128
18
26446
44775
1236
49344
45131
28610
38528
45112
13
45128
751
26499
1197
26826
45129
1196
26970
44767
26453
45111
45122
44766
44765
17
49321
26560
26547
37519
48825
506
1414
48824
817
37571
193
49219
37485
125
26456
1214
37144
1197
44767
37144
193
37960
45128
1414
13
45131
45129
38641
13
26501
38773
302
193
45126
1214
550
751
1216
1231
1197
45131
48824
26547
228
44765
36981
26501
49321
49344
45112
36482
18
45128
504
44767
110
1213
48850
45122
556
1197
1216
48848
45129
13
45126
26454
26499
267
44736
26501
45126
26472
110
37453
1207
26547
267
228
45131
26501
751
1233
1216
37471
795
44767
796
974
44736
36881
1213
26547
44765
26547
26547
13
26583
391
45112
556
267
391
110
45112
37962
302
1128
26501
36482
48824
45126
26951
45122
37962
38641
48850
44765
37439
44736
37100
1231
45127
26446
48848
1128
1519
48848
556
45131
37960
110
751
267
228
974
37571
504
45147
26581
45127
37453
45129
391
45129
26501
38641
37100
268
45131
974
1197
26446
685
37100
44736
1375
45127
268
44919
110
44754
26499
26501
551
1216
13
1197
19
37439
36536
26446
37439
1115
48850
48848
26573
228
45131
44773
554
268
36881
26936
45131
1216
1414
36515
686
556
268
26573
26547
44754
45127
1178
1115
1216
267
26516
199
48850
391
391
37070
37960
17
26583
791
26936
26547
1519
26472
45127
26513
1197
44754
889
110
687
769
37453
13
1357
45127
1178
1128
26590
44754
44756
38659
1211
45147
554
38659
1219
1375
37960
962
37559
1518
268
556
26547
1178
44773
199
45131
756
110
1224
36515
1216
756
1213
1211
1411
917
26581
26547
37559
695
1219
26547
26510
26552
214
686
26510
221
1142
1519
769
26516
268
37548
687
267
194
1224
37559
36515
1354
26512
1323
26566
36536
37453
194
26581
768
26511
1518
1136
36515
1211
37559
44756
1354
214
37100
687
26513
44773
791
553
1411
36605
935
756
769
1219
214
36515
935
26516
917
1219
962
273
36544
268
670
36605
1141
37471
26510
26566
1378
1213
199
1213
37070
686
1142
26547
771
26547
1341
26581
214
36515
26544
36598
1411
868
1411
909
26573
268
221
37548
194
1478
687
26517
214
687
26547
989
935
1116
1478
1517
756
1354
26517
1485
36544
273
1014
36544
36553
1354
791
929
769
26510
26573
277
194
768
686
986
36579
1478
26516
935
26573
1378
686
1430
36552
26521
26519
703
868
36544
26544
1411
272
1116
36605
1141
36605
1478
36536
1517
1378
1141
791
36558
26513
1224
26552
1452
26512
1452
771
26524
36618
1229
276
26512
873
768
268
36579
26547
1014
1476
929
1517
1341
703
1411
1116
1407
26581
36551
26550
36598
36579
686
26544
986
36584
872
771
36551
36598
893
26524
1341
1485
26525
36552
910
36559
1383
1407
272
270
768
929
1229
929
1173
26590
893
26590
26524
909
26528
1434
989
36579
36560
1116
277
26524
909
670
775
26528
893
670
1116
929
1341
1452
865
272
26547
36551
1378
1104
232
26544
1120
771
1173
1478
26519
929
26523
270
1044
670
708
26530
26543
1383
670
36552
990
1005
26521
893
1378
703
1216
893
36597
1476
2121
872
946
1430
26571
26543
36554
1224
26571
26571
36554
881
270
946
865
1478
1341
36597
36558
780
1063
26723
36584
1063
910
893
1044
26587
1120
990
26521
1383
36553
1372
36553
36559
2121
36610
26587
36553
893
778
670
1011
2104
26550
1104
788
1434
36551
708
775
2112
1014
1483
26543
26530
1206
36559
36964
1489
778
780
26543
1372
775
1384
26587
26543
36563
1480
780
26587
991
26531
2104
778
1005
1384
2139
630
1380
26529
1005
26525
1372
36558
1477
1063
26530
881
36552
1104
26724
26587
1486
1383
929
991
1040
26817
872
1044
1149
1044
26550
36623
36610
1380
36597
36553
26817
1303
2136
630
778
2104
26924
26532
36564
991
26540
1149
978
1011
26928
1380
1477
630
1149
780
36564
1372
778
26587
788
1104
36610
26550
1063
708
1477
1372
36964
26529
1051
36569
2107
991
36597
26928
36564
26724
2139
1104
1384
1045
1040
36569
36563
36749
991
1480
709
1433
2104
1372
1044
929
1486
1005
26529
36563
1029
26817
1042
1997
26531
26529
1045
1489
26910
36623
1997
863
26587
1040
1164
1040
36582
1104
26928
26910
726
2112
1029
1303
36610
36571
863
1433
36610
36570
1386
1372
1984
1389
1303
1162
26768
36582
36563
630
1483
36623
2107
26768
26550
1386
1997
26921
36571
26531
720
26817
1045
1303
630
1372
36564
26540
1419
1023
36564
1405
36552
991
1051
36569
26768
26921
26922
2776
26924
1065
26540
614
1149
1489
1104
1486
26928
1029
1405
1023
1029
1389
726
1065
26728
36750
2107
1405
36623
36564
26817
1023
2085
2790
1469
1159
36582
36603
26728
720
1486
26924
36961
1042
1386
1156
1489
26733
2136
2132
1395
36961
36569
1456
36778
26728
26550
26728
26531
36619
1534
36760
1372
1303
26918
26768
26922
26732
2776
1984
1389
36750
1456
1023
26924
863
26550
1395
723
36603
26728
36582
720
36778
1065
26734
2028
36571
26928
1074
1023
725
720
1458
36570
1026
26733
2085
36750
1463
2136
26768
620
36563
26768
2040
1386
26918
26918
1463
2132
26726
1395
1386
26728
26728
26728
2776
1395
26754
36800
2776
1162
1984
2780
1301
26922
1060
26728
36954
1074
26778
619
36940
2780
2028
723
1158
26768
1456
2087
36940
26747
2136
26928
36814
997
2839
26728
1060
1464
2814
36799
26980
36750
1585
36760
1395
26924
1717
2262
26728
36760
2780
1023
2085
36950
619
1458
36758
2776
2074
2030
619
26733
1158
1716
36750
716
2040
26767
26816
2087
26908
2028
2775
26726
26728
36760
2793
716
725
26734
1386
2776
36800
26917
1718
1464
26767
1023
26764
26928
36940
716
620
660
36760
26816
26806
26981
26742
36619
2040
36949
36766
36764
26747
2109
2780
26782
2109
1585
36766
36756
26816
26778
2028
997
36750
26816
1026
1585
2793
26734
1467
2775
2087
1463
36759
2040
36746
665
1105
1442
2411
36779
1166
2814
36950
2030
1023
1026
658
2773
665
36760
2773
36756
716
2074
36954
26914
716
2789
666
26816
2776
26747
26806
26806
1099
2793
1721
26981
2839
2087
656
2030
26816
620
26983
36746
2087
997
1105
36764
2749
36954
36796
26710
2411
656
1716
1721
26742
36764
1060
26778
36771
36764
1574
2141
2262
2793
660
2262
2749
2812
36619
2773
1034
26754
26816
26983
2773
2395
26806
36796
1034
26816
1060
26782
666
26764
2775
26709
1099
26753
36950
2789
2028
620
2040
2793
666
1992
1716
26791
1716
36810
26714
26791
26983
26628
26913
1165
37012
647
2761
26787
26628
2411
2704
1165
36814
36799
26786
2087
36759
2133
1105
36838
1099
26767
36814
36838
26714
2761
36766
26709
26628
36950
1106
26914
26714
26714
26709
660
26753
26913
2832
36823
36746
1034
36946
2732
26807
2252
36823
1100
26806
26754
2703
649
36766
36785
36746
2749
26983
26765
26709
1474
26747
2749
26753
26791
1574
36823
26714
2761
2704
2732
2394
2812
36810
26806
2411
1034
1106
2732
1721
1762
647
2704
2257
1292
1165
36946
1731
1762
658
1721
36823
26628
2812
26687
36655
1539
1762
36785
2095
2064
36771
2397
1760
36771
2087
26983
26628
36796
2704
1574
2913
36806
26628
26709
36673
656
2712
36766
2913
1983
26807
2017
37012
26644
26776
36655
26765
2832
26812
26913
2717
36785
36673
1100
2411
26807
26765
650
36806
2704
36838
1992
2712
26776
36823
1992
660
2252
36797
26714
1089
2017
2064
36927
2842
37013
658
26983
1539
36819
26776
651
2703
36838
37015
37013
26791
1292
2194
651
2397
2095
1574
36658
2435
1089
2419
36629
26628
1731
649
653
37013
26687
36927
26644
2817
26807
2420
2064
1637
1100
1539
26786
36793
1992
660
36847
26993
2703
2411
37018
26786
26776
2842
26769
37015
26702
26687
26637
36925
2419
36658
36629
26786
36658
1705
2837
1094
1574
1721
36851
26644
26995
650
26812
2712
36633
1091
649
1089
2762
36670
36801
2704
2704
1982
26765
1722
2420
658
1721
2215
2397
2017
653
36927
26786
26812
36670
1093
655
1100
1992
1637
36658
36670
26628
26644
26624
36793
26914
2214
36670
2768
1089
26698
2712
26624
1539
2666
26995
653
2064
25807
2399
1731
1705
26702
2400
1637
36818
1092
26786
36847
26013
26765
657
657
37018
1985
37020
2420
2435
26812
36640
26812
2419
2836
2435
653
26812
36847
26630
36818
26990
1992
36732
2751
36658
26604
2001
2215
26609
26633
2001
26786
36662
26609
2410
26801
37013
2817
2214
2194
26698
36732
2419
1096
26791
37013
2768
26812
2666
1089
1096
25807
26888
36851
2411
26988
2407
2215
2844
36847
2821
2419
26765
1725
26819
2836
26812
2594
2837
2666
36633
36910
25036
26072
2751
26073
654
26995
2751
1094
655
1992
1093
2001
26786
36923
36719
36045
1732
2836
26819
36656
1994
36662
26786
26702
1985
26073
1732
1722
1089
26995
26633
2837
2836
25807
26072
25039
657
37020
26637
2916
26801
26888
36847
36660
2844
36656
1985
36818
2916
1724
26620
26791
25807
36656
26628
26369
2410
36732
2392
26072
2215
36660
26637
36847
36633
25417
1994
1749
26633
1096
36719
36847
36633
26884
2666
1659
26064
1725
2168
36925
25807
2423
1954
26609
2916
26880
26884
2400
26064
2407
1096
26064
1730
36656
2399
1680
25421
1680
26703
2756
36908
26073
36660
2419
25039
24959
2423
2666
36908
2884
2751
2392
25807
36636
1098
36674
2411
27021
1749
26073
36656
2765
2666
2402
1666
26988
1651
24959
26369
2798
26064
25998
2392
657
26659
25807
2400
2756
2419
2884
36045
2419
1680
36923
2188
25991
26073
26064
36674
36719
26819
36674
36903
26899
1985
25807
25981
36045
36833
36434
26609
36735
36833
2407
2752
36720
26064
25421
36707
1659
36847
26899
26791
26880
2798
1680
1688
2163
25893
35449
26064
26698
26884
1624
26073
26620
27021
27021
1749
2765
36833
25039
25807
25036
26819
24934
2423
1994
2188
1651
36720
2326
25807
35061
36434
2401
2168
35061
25429
1652
26073
26765
36641
35998
26620
36833
2403
1643
26073
2656
36735
2383
25966
1954
25998
36833
2798
2344
26646
36720
2383
25966
2752
2326
2163
2861
25998
34997
25417
36707
36636
2383
26646
2861
26384
36833
26384
1690
26432
26884
24959
36720
1650
1680
36908
25807
2163
36707
35042
26694
26461
25807
26073
36707
26059
36641
25998
24934
35458
36107
2351
36735
2403
2392
26880
36646
2863
25809
26620
25780
25809
35453
25966
25417
2752
2188
26436
2163
25421
26318
36908
36733
2168
25429
2366
36923
36641
35449
1651
2326
2917
36045
2351
35458
25998
1688
36903
26646
25893
36021
26062
36045
35453
2321
25998
2163
35458
25998
35458
36049
26141
35956
26318
1681
2861
27025
2321
36021
36702
35061
36107
25780
26161
25041
26375
34997
36104
25998
35047
2163
25807
36908
1649
25886
36733
35047
2368
24959
35956
36013
1667
26461
26162
36646
1643
26059
26141
26666
25809
26432
35956
25429
1690
35927
26442
26318
26141
34766
36045
36702
36712
36646
26318
25807
35461
24899
26432
25417
36049
34929
34729
26428
25417
35455
1649
26423
2404
36049
36702
34929
26694
36646
2163
26308
25687
26062
25425
26375
2917
26384
2326
35998
36712
36425
34994
24734
26308
25029
26318
36013
2188
26127
24967
25809
35460
34724
26315
26432
25041
36912
25426
25809
2620
24734
26161
25809
35918
26428
26009
34773
24734
35927
36104
36912
25836
25483
25429
26666
25807
25429
36500
2222
36712
36048
2620
36048
36045
36464
1681
34724
25417
35461
25041
24698
34729
24967
26059
26009
25425
26375
36726
25426
26315
26442
36698
2372
36712
35918
24893
26884
26418
36105
36702
35461
36707
27025
34994
34773
35772
36464
35460
2368
36013
35886
36173
36092
25836
35484
25885
35455
25687
1667
36702
1649
1948
25961
35769
36045
34766
2329
25809
26441
1681
36030
34724
25044
34767
35925
25994
36500
24899
26062
1948
25836
25011
2338
35455
27025
34997
26062
25426
25749
25994
36702
25416
35886
36464
2329
26308
1649
35886
2338
2293
34724
26417
26441
25011
25429
26009
36646
36500
25809
26059
34994
24803
34936
26163
24735
34936
26418
26308
26417
35918
36105
26009
34724
35484
25426
36173
25687
25425
1944
1542
35460
36801
37055
36105
36416
35886
34724
37057
36045
35772
26442
1542
25806
36092
26009
36726
36092
36726
35917
24886
25737
25836
2372
36464
25871
26062
35886
35484
25250
26163
24741
25994
26304
35886
26308
25806
2329
36464
36159
2222
36464
37055
25737
24741
36193
26350
24886
25450
36919
1667
25429
25044
2293
24735
34862
2327
34724
35017
1937
25450
34767
2620
34907
34725
25416
1542
24886
35484
1542
25416
36698
35886
35918
25836
36173
35460
26441
25589
34907
25806
35991
34725
25836
25858
2329
36416
26442
26441
24846
1944
26059
34725
26418
25806
35886
34918
2372
24966
26308
2338
25954
36698
34862
36045
26163
25806
36193
35460
35869
26059
36212
26163
34766
35839
35917
25486
35484
26062
25914
34724
24698
2372
2327
36919
1944
34918
36474
37055
24886
25450
34731
34881
36474
26350
25481
24886
24886
34729
34725
24869
35917
35017
35886
24461
25994
37055
35017
2620
35869
35868
25805
24461
24803
25589
2372
34908
36464
25250
35991
1946
34767
25250
26009
26308
36212
25250
25836
24869
24843
36092
34908
36173
26124
2222
26188
34724
24830
26243
36212
36474
35869
25858
25938
24966
25583
25416
36464
34729
35520
1937
36500
36045
35868
24462
34881
34918
24462
26003
1937
34766
25687
2623
25583
34734
36464
25805
24869
25452
26059
26188
36707
25249
34724
24867
34899
36194
35282
35839
24461
24872
25481
24461
26062
34899
24803
35448
35017
36173
25586
24867
35282
36698
26021
1944
1948
35841
25836
1948
34725
25551
34730
37057
1946
35868
2293
24481
2895
25858
35869
26308
1937
36919
35868
26007
25452
24977
34862
36464
2617
2293
2617
36698
35448
26114
26243
26243
26350
24875
36455
24850
36444
25805
25994
34724
36460
24830
34684
34899
25614
34905
24481
2895
26345
25834
26306
25481
26150
26150
36381
24850
35869
24830
24650
36474
36460
36194
26121
36092
36919
24830
24470
26118
24818
35839
35839
25805
24858
34862
24486
26409
35991
25592
34858
34732
36194
25614
26063
35841
36326
25848
34905
34862
24872
36212
2921
35281
2221
25589
36432
1676
34731
34731
24850
24461
36054
36326
36473
2623
25834
34725
24841
1944
2614
34858
24867
34684
34518
1946
35868
24702
34899
24491
35520
34518
24867
36381
36268
25551
24875
2614
26100
24461
34734
36460
34781
24481
36919
35841
34684
36326
36340
26333
36338
34728
35841
1939
26100
25590
24491
35281
24850
26114
25255
24470
36455
36473
36092
2921
35991
24830
34725
35619
26063
26021
1937
36698
1545
35495
26306
24818
34883
36326
25414
24481
35520
25481
35904
25592
25834
24481
34724
26345
34732
25798
35952
36340
24486
34684
25848
34858
24843
25581
24647
26100
34905
35619
25481
2221
36473
34874
36141
24417
36473
24787
34905
34874
25255
25829
35990
35520
36382
35986
26150
26409
24481
26100
36054
25840
25614
26266
34905
24803
26021
36473
25266
36382
34681
25255
35990
24858
1676
35861
24702
24417
2615
25577
24650
36094
1676
35446
34518
24818
25682
25546
24644
25592
1545
34519
35504
24867
36919
25414
34781
34523
24647
35495
26176
36382
24787
24841
26063
25852
35446
35719
34733
25592
34518
35284
36194
24787
34734
1939
26252
26156
25798
34874
26100
25266
34519
24841
26173
24417
36382
35504
35841
26265
34523
26176
35504
25471
25414
35446
35491
36095
24645
26021
34781
35487
24487
26303
2617
1939
25682
35491
24487
36318
26265
34681
36382
24459
35946
36429
34883
24818
24470
24459
35446
35489
35446
2617
25682
24701
36318
34781
36052
36232
26173
24470
35512
36095
25266
35619
25471
24818
24645
24493
1947
24645
24492
34734
35489
35498
24417
2615
36275
25600
26172
25683
36060
1610
34781
34677
25592
35625
26253
26169
36232
35946
24841
35986
34733
24644
35990
35990
24645
25481
35446
35625
2598
35861
25255
26253
26100
35862
24689
35446
35491
35488
35319
35319
24646
24487
35862
25650
36318
1947
35990
1683
34376
34733
36232
26266
36132
25457
35446
26173
35618
25577
25826
26266
25457
34733
25600
35498
24414
35682
36039
35618
2289
2289
36188
34519
36275
35861
2615
24478
35319
25600
24492
36338
24645
35611
25289
24644
25266
24639
24347
26173
35446
36039
35512
34514
26303
2615
25703
35289
1610
26203
25582
24644
25457
26303
35490
34677
2617
24761
25841
24689
25683
35488
25257
24478
25456
24642
26203
25577
35298
25533
25458
34524
1669
34677
35861
35298
35298
34680
36095
1610
25826
35990
35289
1676
35315
24488
25257
35502
25531
25531
25718
36150
35498
26252
34789
24642
2354
25459
24414
25852
36330
2347
25561
24701
36443
36330
36188
35576
36132
36146
1683
25852
26169
36053
36275
26252
26172
36037
35608
24420
24420
34676
34500
25650
35446
26203
25457
34524
24644
25840
24473
35836
34677
24787
25257
26203
24478
24474
25718
36188
35861
24414
25467
35611
24642
35289
35502
25650
25511
24689
24346
24414
25852
35319
26303
35861
25511
24340
25577
24473
25650
25257
34718
36214
25841
2615
2614
35298
25839
34727
34676
25582
24474
25257
35608
36132
35318
1677
36150
24631
24473
1677
34727
25841
35488
36443
24644
25703
35289
24761
34674
25533
24493
24476
24414
25365
35502
35446
25561
24634
25561
25839
24474
24638
24473
24340
34385
24476
26351
26321
25431
25718
24476
2614
35499
36037
35315
35614
24476
36298
25374
35315
36146
35489
25286
35298
24631
25851
25374
36332
25458
35611
35490
24410
34676
26303
25826
24689
24664
36207
25286
35318
26321
24634
1980
25286
25411
35880
35292
1677
34446
26351
35836
24644
25284
25839
25431
24412
36332
25698
35624
1677
35299
35861
24493
35289
25362
34376
24638
34789
35752
25391
24634
35682
34674
35298
25511
35318
36150
25374
24634
24413
25651
34525
35752
25839
24372
25567
24372
25698
35299
25412
36146
2488
34697
36095
25841
35318
36035
25374
24372
34450
25651
2287
35836
34354
25257
25257
25650
34528
35292
24334
24690
35318
35611
26303
35880
25698
34674
25362
35299
35499
34455
25411
34366
36338
26303
35298
26355
35299
25391
34388
35543
34361
1669
34455
25431
24625
25511
35543
24494
34460
34508
35614
34460
34508
34354
34789
25852
25278
34455
1678
24367
24507
34446
2606
34525
34451
36132
25362
25362
25851
34446
24413
34640
34718
25278
24665
35299
35880
25363
24356
24789
24425
26355
35299
24334
36297
26335
25567
34640
34440
24594
25816
34388
35736
34450
1669
36035
25274
25527
36146
34666
25698
36204
24425
34659
25851
36385
2348
34508
34446
34656
2347
25815
24686
25844
25362
34474
35636
26355
35638
36297
24507
25362
24399
25575
26355
2287
24624
2595
24399
36197
35316
24664
2595
34441
24625
35463
36298
35396
25851
25274
36332
25362
25698
35463
24425
25700
25700
25844
36201
36332
35880
24761
24665
24507
24723
34450
35325
34727
35624
35862
34666
25362
25841
24594
34452
35638
35624
24792
24789
35308
34441
24365
35833
24624
1669
24399
35306
26335
24664
36204
24627
34474
35290
36201
2595
2341
34450
24624
34659
24436
36235
34754
34361
34361
34663
25383
25816
35861
25844
35736
24665
24365
34626
34452
25575
34727
26269
25639
25816
26269
34451
25523
34666
24612
24334
25698
34754
35682
34451
25535
34697
1669
34411
24507
24761
35614
34663
24627
1810
24436
24507
36204
34695
25381
34626
24334
24356
25274
26335
35884
34451
25639
24794
34663
2335
25815
34666
24612
35884
24613
35397
24356
24436
34640
25535
34826
34663
34451
25575
25575
34658
36204
24792
36235
34827
25700
34696
34641
25275
24627
24605
24501
34663
36235
35861
24605
36146
34760
2606
35861
36201
34663
25383
34789
35599
26335
25815
34399
34827
24507
25700
34394
36235
24613
34532
35123
34641
36379
36332
34451
24663
25698
26335
36204
35599
24507
34394
25639
25523
36197
26269
24505
34641
24612
36204
24326
35736
34361
36374
26277
34635
25760
24795
24772
24623
24773
35419
36385
36284
34429
24606
34626
1907
1671
34644
24505
34826
35636
35293
1678
25575
35833
26269
24501
24724
36353
35293
35290
25679
2335
34399
24507
26269
35872
36385
1810
34399
24623
2597
35741
2335
24623
26335
26090
25789
36374
24794
25091
25698
34641
36379
24607
24724
1663
25523
24607
36235
25091
34404
34827
36374
34695
24605
25610
25275
34750
25639
36353
35603
36374
36284
25555
26090
34468
26090
35424
34429
34399
24747
24663
2597
34644
25760
35846
35859
24326
34539
24724
2356
36308
34404
24606
2335
34803
35876
34532
25679
24530
2356
34535
35599
24596
34429
34405
25555
34403
34635
26102
34805
24606
36374
35302
35603
2356
34750
24769
25270
35648
35339
35125
25762
35730
25610
36309
1663
24530
34637
26090
34403
26090
35872
35307
25523
36353
24507
25555
25679
24747
35599
25407
2488
25270
24746
36301
35845
25407
26102
34774
34639
36374
34637
34404
25307
26278
25823
24457
1566
34760
2356
34827
25760
24737
35125
25112
34769
24772
35603
34539
25523
35876
25555
1671
35730
25610
26359
35643
36353
34803
35648
25634
36308
36301
1810
34746
34637
24596
35339
24623
35648
25405
25823
24534
25307
35741
1678
26359
24724
34746
25823
2343
24661
1916
35859
2356
25407
35302
24457
34534
34403
1567
34655
24530
25091
35599
35730
35278
1897
34708
1978
35690
25107
24745
34708
25721
25810
34774
36368
1566
36380
34534
34746
35568
35821
26086
34539
25823
25407
24324
36380
24661
36388
35125
34702
25367
35125
25823
35139
24669
24669
36309
35846
24596
1807
24528
24717
24534
35337
2485
35399
25634
35432
1807
36368
25721
25810
25823
25444
35139
25101
35710
36305
1897
2850
34544
36311
26359
35690
25823
2343
24530
35648
35648
25721
1978
36368
26086
35432
34774
36309
24737
34534
2850
1807
25444
34356
35535
24796
36388
24743
25721
25634
2587
25867
35793
25405
24659
35710
25405
35355
24357
35125
34561
24796
24574
24357
35648
35355
25302
35640
25499
25302
35842
34649
35139
25766
2591
2343
34702
34777
35081
25305
34486
35337
24781
25725
25047
24542
35793
25112
1896
35432
34649
25302
35535
25725
35541
35859
25301
24542
35851
25503
2846
2601
35648
35081
24574
34566
35570
25442
24796
35570
34813
1896
25305
36122
24357
35710
24576
34649
25727
24796
25302
35133
34566
24806
35648
24552
35334
24542
24806
25499
35640
25727
34561
25725
1790
36134
34486
24574
35093
24568
35855
25087
34486
35855
1926
35139
24806
24576
3206
36122
24682
34574
35135
24574
35541
25343
35116
24552
35648
1969
34654
35541
1911
25503
24796
25302
34699
25371
24575
25727
35135
2601
35855
24682
35355
24542
35371
1790
35842
24806
25727
24710
35478
35755
25727
24575
34389
24526
24578
35653
25343
3240
25052
34557
35133
24567
34742
1830
25442
2846
24542
35478
24806
35531
35855
35334
25302
24565
3206
1830
25316
34583
1969
35334
34701
25117
1790
35541
2575
25316
35097
25087
25371
25047
35371
25117
34742
35541
35653
24710
24806
25316
1790
24567
24575
24554
35799
3240
35133
35135
24682
35093
35085
24575
1822
34838
35799
35371
34584
35855
24575
24580
1822
1822
34584
35531
34838
35474
24565
35855
34838
24567
34701
24681
35755
34742
24514
35550
24653
35085
34574
34584
25302
35541
1892
35404
3461
34574
2846
1830
24806
3190
35653
3166
24578
24514
1790
25084
35365
2480
24554
3166
24653
34691
2568
35541
1586
3523
24681
35135
34701
35541
24554
25052
1822
35855
24567
34583
1965
24575
35404
3190
24589
34586
24514
24711
2500
2500
3461
25084
1591
34591
2846
3472
35344
24589
1830
35404
2638
3523
1965
35799
2478
1822
35478
3141
3118
34591
24712
25052
24710
35757
34606
1822
2500
34744
1822
2500
34557
1890
24653
3141
1586
1822
3523
2638
24520
25065
35404
3139
35474
34838
34581
35900
35088
1822
24579
35474
34838
34838
2500
1903
1822
1557
1965
2934
24579
3412
2500
24517
2500
1965
2574
1965
34744
24589
1903
34744
1791
24577
3178
3139
24579
25056
35087
1965
1591
24517
35363
35365
1591
35900
34838
1965
1557
3118
2638
34586
1557
1965
25065
24584
1958
24584
24560
2278
35755
3489
3489
24589
2500
34586
3523
24520
35474
34838
2480
2638
2638
25056
1898
1965
36393
1958
34838
1965
34616
1965
1965
35365
2638
24577
3514
34557
35087
34607
3139
35900
35363
1558
2500
35757
34606
1791
3544
34713
2574
1965
35759
1965
24584
1800
34713
34589
2638
34606
2265
35364
1558
2265
1958
34838
34744
1557
1975
25086
34589
24589
1586
24579
24589
24520
35362
25329
24519
1903
1903
24560
24579
24579
3544
35344
2631
24584
1558
24591
2500
34616
2278
35088
1967
1558
1965
35759
34587
2266
34608
24591
1586
34838
1586
34838
25056
35364
3118
25329
2266
36393
1558
1776
2631
3290
2631
1625
24713
35363
34607
3139
34744
35344
34589
34608
35088
3514
1625
35363
34586
1975
2640
1902
24591
24588
2278
34607
25329
25329
2631
35362
2473
34616
1626
34838
3192
1967
3425
25086
2643
24579
25329
34713
1558
2453
35346
35358
3288
1967
1558
35077
3139
34713
34602
2471
1795
3290
34592
34608
1967
34587
1903
34552
34607
1630
2458
1779
34592
1594
1558
2269
1632
1891
3288
2453
24588
34607
1797
24588
1780
1776
2266
34552
1558
1558
34616
2574
25056
1776
35346
1630
2471
1795
35346
3544
35358
1902
24588
2640
35362
34592
1558
3454
34608
35358
1632
34592
2643
2453
2278
2269
34607
24588
1793
1779
1967
1632
3084
1558
35077
2305
3288
2282
24588
1594
1626
1776
1597
2640
1632
2458
1776
1632
2271
34550
35358
2982
34607
1597
2643
35357
35357
2272
1967
2305
1844
1779
1833
3409
2462
1833
3113
1632
34618
34623
2305
3397
3454
1782
3145
35357
3384
1597
2640
1778
2282
1597
1597
1597
1793
2513
2460
34607
2304
2271
1597
1626
2282
1779
1844
35077
35361
1967
1597
3371
34620
2282
34618
34620
34623
3290
34551
2982
3371
1902
2304
1778
34551
3332
34551
1559
2246
3131
34620
2271
1597
2995
34620
34620
1782
1778
1597
3290
1559
3365
34620
2304
3402
2454
3397
1779
1779
34551
3131
1597
3300
3374
2245
2584
1778
1836
1559
3145
3124
1779
2465
3124
2275
1779
1779
2241
2310
2304
2241
3384
3330
2272
3371
1786
1833
2465
3332
1785
3159
1836
1779
2275
1559
2275
1608
1779
2584
3110
3365
1881
2275
1608
3409
1786
3309
2454
3521
3290
2465
2454
3303
2454
3330
1608
2286
1559
1785
1884
2286
3124
2275
1843
1884
3392
2995
3686
1843
2241
2242
3374
2454
3365
3182
1786
1608
3521
3131
1881
3300
3365
1786
2242
1843
2995
2547
3730
1841
1836
3309
2538
2539
14358
1841
3309
3303
3374
2539
3161
2542
1843
1843
1861
1884
1865
3202
1881
14358
3521
3202
3691
2932
2539
3686
3730
3100
1843
3262
1841
14358
3032
3392
3691
2539
2538
3691
2547
3686
3521
2549
3315
3353
3606
2551
1841
3668
1870
3161
3032
3315
3686
3521
17398
3072
3389
1841
3226
2977
2547
3672
16886
14358
1871
1843
3528
17398
3686
1865
3606
3072
2547
3606
18588
18588
3072
1841
3617
3261
3353
3100
3261
3202
3597
3620
18588
3322
3353
17398
1870
18588
1871
17012
8409
3276
3621
2977
17398
3128
6715
16886
8409
3621
3028
3128
16886
1871
4120
24055
2977
3316
6718
3528
17012
24055
3261
18588
2972
3261
3353
1865
3226
3019
16886
1870
2965
3620
16970
3147
3621
3641
6725
4138
14554
24055
16886
3278
4120
14554
4120
6718
3621
14312
24055
3019
6718
3385
2975
17411
3278
2977
3621
3723
6725
16970
2965
2973
3322
3723
6725
7172
2972
3715
4138
3723
3715
17411
3278
24055
3581
3019
6407
6718
16886
7172
17334
14312
16488
3641
3643
16488
7229
17411
3385
3621
17334
14554
17508
17334
6407
3714
2973
16488
3581
2975
3621
4458
3710
7190
7229
4458
7327
3714
3621
7624
16561
7190
14678
3621
3747
7642
16488
17334
4470
17827
3710
16561
3643
7624
16488
16561
3649
3644
3581
17334
7190
4092
7300
3577
3039
17334
7149
7624
14678
23103
3715
17827
3040
7642
17862
7327
14678
6034
3710
7190
4092
16535
7300
23103
6370
16548
7300
6034
17862
16548
4092
4470
14694
17334
23092
18593
18593
12927
4092
7642
17862
3581
3710
3643
3573
16535
6370
3581
16548
17827
6036
16535
12927
23092
4287
23092
7642
4506
14666
17862
6036
16548
6036
6370
4496
14694
17862
23092
4501
14676
4501
14704
4496
14714
4506
18088
6036
4591
14687
12927
7154
4774
4591
14699
18593
14676
7154
13855
18593
19243
4458
9104
3971
4092
14666
4491
4484
4491
14666
4774
3791
4484
13855
4870
18088
14666
12927
17334
16955
19243
4415
4496
9277
4092
12927
7154
17862
14666
4506
5113
23103
4415
14699
12927
4870
24227
7154
6225
6225
12927
14725
7869
14676
4491
24022
5146
14666
3791
4591
24227
4496
5113
18348
5113
19637
24227
5113
4491
6225
14699
9277
4774
3791
19603
14666
16955
6225
14666
9904
6020
9904
17334
4496
18088
24022
17729
19243
3971
19061
4591
16410
24022
19243
4489
19637
6225
6020
20116
13838
5113
19637
13007
9904
9904
6225
6225
8883
4494
20082
22861
14725
5146
13007
18348
5146
14687
8883
22861
4506
3791
22861
4477
22861
17906
19061
6225
9423
14714
9423
4489
4494
5146
16858
20544
23987
4465
23415
9606
7591
5146
19061
19637
19061
14702
19637
6020
6225
9423
9423
20116
20082
13855
4494
4006
16410
6225
4260
15314
4489
20544
22861
20057
4494
9494
14692
6098
4489
22861
23366
17906
5146
6020
20082
6655
5023
3971
5146
14692
9583
17729
14929
4494
6227
8883
9583
4489
13842
22861
6227
19589
9494
4260
4465
20544
4406
20057
16764
6020
4494
23987
19589
4489
4996
9548
23366
6227
15314
14711
6227
3847
9641
5023
20082
4494
6250
14621
14702
20057
4489
20018
4477
6227
17729
16925
4489
23987
4996
19589
4838
16925
19784
6227
15314
4006
16641
4494
4489
4489
20082
4996
8677
22552
6019
10220
9641
14621
14725
19784
19589
12815
4489
15314
17269
19589
14702
19983
17269
4406
10373
5023
16672
4996
19761
4493
19784
14702
3847
12455
9641
19761
19761
14684
13842
6227
16840
4465
19983
19889
20540
10475
19589
13842
4006
4996
19761
6250
4476
6227
20018
4493
4493
4006
19784
9641
6655
6227
20487
14621
20540
3847
4493
14711
10486
16641
6251
16925
15231
16641
19761
5074
20018
5074
14684
14711
12815
22552
6019
14701
10373
19776
15294
6929
17269
6227
16412
4465
10427
4465
16925
18785
4476
10486
16412
9625
18855
10346
20188
8677
20188
5074
6227
10220
17269
5074
14684
14684
10486
6227
3847
19889
4492
4476
14725
4482
19589
10427
6250
3847
22552
14620
18785
15294
10346
15294
10486
4482
20487
4380
5002
4493
16412
15294
9766
14684
6251
12068
14701
19589
10160
18855
14701
4492
6929
20398
20398
4482
14684
12068
4493
8677
14711
4380
20540
6101
10580
14673
5002
4476
4006
10429
20540
16840
9766
10429
4482
5002
14684
20188
14711
6250
15231
9766
6019
17162
12068
4476
6250
14209
6019
16842
14209
20540
14620
10160
20398
6101
18785
16412
10878
18785
20418
20487
14689
8681
20540
10710
10710
16063
16840
14620
10160
20891
9766
14684
14620
6929
14673
4476
6019
14673
6019
18855
16063
14700
6019
20487
20398
17188
4492
19658
4380
10429
20398
10160
6250
4492
8598
4492
10429
21028
4487
6929
4920
10697
4492
10429
6250
20875
14684
4492
20598
5002
10878
10160
14620
14673
4380
8598
4492
5708
6250
10110
16435
11651
14620
6911
4487
19628
14588
4492
4487
16842
4492
15172
14684
16063
16434
9766
10114
20598
5931
9766
20487
17162
6911
12068
5708
21028
15172
5708
9766
16435
14689
6250
4920
16434
14700
4920
14750
15136
6250
17188
14673
15282
16842
4920
5931
4492
10878
11651
4445
10697
20487
16842
14684
10110
4492
20875
4492
4487
17188
9766
20693
5931
14588
5708
19944
10110
20875
4487
15763
4380
6250
19628
4487
4487
5931
16435
16435
5708
10110
3948
4487
14689
5931
6250
5481
14750
14689
6911
4446
19628
15128
12068
14660
10114
16434
11651
16218
4403
14673
4487
15282
5931
6929
12603
4403
12993
5931
14588
4446
5708
4492
14660
12993
4487
15763
15279
20693
19864
5708
5708
4403
15279
21824
14660
14700
20875
4446
4403
4390
3948
11425
4487
5931
5481
6911
16434
14660
4487
5708
5931
11336
4446
5708
4446
15619
6856
16218
4403
14689
4445
23339
18733
4403
14660
16414
4403
5251
5708
4446
14689
16434
4446
5931
14588
4403
6242
15279
5708
18733
7106
5708
16414
16414
5931
4403
12993
4390
5708
15619
15279
4446
14660
4403
17677
4446
19864
4403
16434
6856
4403
20310
22615
5931
21656
23339
7106
16427
11336
5912
5931
6242
14654
7489
6243
4403
4445
5931
4446
21656
16414
12870
16434
4403
6242
14755
14611
21434
5931
7489
5931
4446
17677
4403
5708
4390
4390
17094
14598
17094
6856
16414
6242
14611
4403
4403
6243
4445
16414
20310
16434
14660
6243
6243
11951
22130
22532
4390
7489
17677
6243
5931
14660
14611
18904
16434
14598
6242
14611
12837
6243
6220
6249
4402
5931
4439
12837
4403
6220
16405
5931
6249
11951
6243
22532
14611
17038
12993
4394
16414
16427
4439
14654
14611
16434
4439
17677
4390
6243
6183
12948
6220
14660
4449
6243
14654
14810
16433
4394
4402
4439
4449
14611
6249
18904
6243
24271
6220
14647
6129
6243
14611
14810
6249
6220
23046
16433
14611
6243
4394
14598
12948
6243
6243
14659
16433
6183
14598
6183
16371
4449
4437
24271
6243
14611
16433
6249
12867
14611
4394
14654
12837
4394
6234
14647
14810
6249
6183
16427
16371
4449
6234
4394
14611
14611
4437
14647
4394
12867
23046
14598
4437
6243
14610
16433
16416
16416
12837
16416
16416
14810
6243
6129
23013
6183
4421
23137
14647
24271
6249
6234
6182
6200
16371
24271
23046
14647
6235
16419
16416
14647
14744
4394
16419
12554
6179
6249
6200
18820
8639
16416
4421
14629
4421
12867
16420
6235
14659
6249
6235
6234
14659
4421
16419
6182
4421
6234
23013
6179
8625
4437
6179
6249
6200
23124
14744
4437
14647
23137
16419
8625
6179
6235
16416
6249
17597
4520
12326
17597
16420
6182
14629
6033
7351
4437
12867
7351
16365
6033
16399
6234
6180
12304
6182
14117
14117
8639
12304
16367
16365
4520
6179
14744
6157
7351
6179
12867
16367
16347
14117
14744
14117
6033
14659
18817
16368
6135
16420
7351
8625
4520
6180
6135
6157
16347
6180
6179
12304
16325
16399
4520
12867
6179
14117
18817
16367
17532
17532
16368
16367
12304
16367
16347
6180
5939
14117
6180
6135
4524
6169
16367
14732
14744
16325
16347
6135
16368
17532
4524
16347
12304
6180
14117
16367
6179
16367
14763
6179
4557
5939
5936
5936
6169
6170
16327
4557
3789
6137
6170
16367
14732
16368
6135
16358
6169
16368
16358
14728
6170
16368
3789
16325
3789
5939
16327
5939
14763
14763
23162
6137
4557
16358
16358
23162
5936
23162
5939
16358
5936
6170
5936
16368
16327
5936
4557
6193
16358
5936
5936
6193
5936
6149
16327
16358
5936
6162
6149
14763
6170
6193
5936
14763
6170
16359
5712
16340
16327
6162
6162
15920
6170
6170
6141
6193
6141
15920
6193
16340
6162
6141
16340
6162
16359
6162
16340
6162
6162
16359
6162
6162
6162
6162
6162
51095
51091
51089
48497
48988
357
48682
357
48988
48497
48613
338
49067
49067
48678
48988
48682
