15043
15043
15043
15043
15043
15058
15031
15046
15031
15046
15043
15061
15033
15058
15046
14774
15062
14774
14723
15055
14584
15130
15115
15046
15051
14471
14688
15128
14723
15139
15047
15047
14689
15143
15143
14688
15108
15127
15033
14715
15053
14617
14584
15131
15062
15042
15061
15096
15143
15132
15124
14772
15060
14678
15108
15040
14776
15034
14689
14688
14723
14471
15042
14713
15128
15143
14763
15117
14573
15122
15055
14762
14471
14584
15065
15139
14689
15124
15052
14785
14771
15083
15145
15132
14573
14762
14689
14688
14776
15036
14608
14711
14784
14738
14738
15143
14769
15137
15142
15128
14573
15096
14701
15096
15143
15114
15116
15060
15109
14547
14713
14674
15143
15064
14676
15146
15137
14770
15123
15047
15034
14762
15117
14770
15119
15119
15033
14777
14777
14675
14770
14730
15056
15098
14688
15122
14763
14754
15042
14471
14731
14776
15096
15117
14471
14771
15050
15140
15092
15122
15029
14731
14674
14772
15119
15131
14750
14620
15146
15116
14754
15117
14706
15064
15108
14532
15056
15119
15140
14776
15141
14777
15131
15033
14769
15093
15141
14662
14639
15123
14671
14674
15131
14713
15143
14759
14584
14770
14769
15052
14688
15107
15055
14770
15090
14573
14770
14674
15050
15098
14688
15029
14730
14738
14585
15143
15050
15034
15052
15090
14584
14581
14777
14532
14471
15034
14763
14785
14750
15060
14731
14738
15090
15146
15109
14706
15145
15060
14573
14540
15146
14772
15093
15064
14608
14552
15056
15092
14676
15042
15119
14777
15119
15116
14754
14674
15060
14706
15146
14699
14772
14777
15146
15131
14585
14729
15143
14446
15064
15122
15042
14770
15109
14769
14778
15117
15122
14504
15141
14547
14639
14573
15145
15107
14769
14777
14552
14706
15050
14608
14713
15034
14777
14769
14770
15146
14676
14532
15107
15146
14692
14654
14706
15050
15117
14674
14509
15107
14608
15050
15091
15116
14674
15119
15145
14754
14750
14688
14699
14471
14621
14532
15090
14640
15119
14699
14699
14737
15119
14769
15146
14777
14776
14729
15143
14654
15119
14621
15090
14620
15040
15091
14547
14581
14541
14446
14617
14675
14504
14640
14611
14726
14692
14671
14621
14662
14532
14540
15041
15091
14584
14662
15050
14532
14446
15117
15107
14585
14661
14606
14504
14574
15117
14758
15146
14547
15088
14573
14706
14699
14575
14552
14505
15143
14769
15143
14769
14678
14620
15091
14581
15119
15040
14706
14601
15104
14574
15119
15091
15091
14595
14692
14778
14737
14777
14575
14581
14446
14595
14602
15090
14777
14683
14721
14777
14471
14608
14683
14640
15143
14446
14661
14541
14726
14446
14564
14669
14676
14557
14595
14721
15117
14305
15088
14595
14611
14575
14574
14664
15041
14564
14737
14575
14297
15050
14595
14686
15040
14552
14777
14601
14502
14692
14683
14547
14617
15125
14778
14502
14595
14297
14706
14657
14706
14669
14633
14747
15091
14574
14708
14706
14545
15104
14758
14627
14552
14708
14585
15144
14505
15094
14721
14574
14595
14688
14726
14721
15119
14595
15050
15104
15050
14575
14547
14575
14611
15094
15088
14699
15094
15104
14389
14682
15072
14446
14412
14564
14604
14633
14669
14683
14396
14564
15144
14574
14669
14627
14554
14396
14601
14613
14595
15040
14396
14726
14502
15072
14564
14557
14683
14429
14455
14502
14438
14778
14429
14471
14664
14585
14760
14454
15119
14305
14356
14760
14365
14686
14451
15125
14545
14601
14640
14545
14429
14455
15069
14564
15027
15125
14554
14502
14505
14565
15104
14778
14564
14379
14694
15094
15050
15069
14545
15119
14664
14542
14684
14692
14382
14664
14429
14664
15091
14389
14564
14438
14382
14684
14479
15084
14613
14552
14554
15091
14565
14699
14446
14564
14564
14261
15072
14564
14433
15050
15050
14509
15103
15117
14451
14509
15104
15040
14564
14429
14285
14777
14682
15104
14454
14542
14261
14435
14357
14377
14682
14454
15144
14429
14429
14564
15072
15103
14564
14581
14550
15144
14379
14565
14396
14317
15094
14604
14499
15027
14465
15126
14777
14365
14412
14384
14433
15084
15084
14356
14454
14682
15104
15072
15072
14377
14396
14384
14275
14758
15103
14509
14433
14385
14542
15103
14565
14664
14435
15119
15103
14408
14357
15074
14365
14542
14408
14408
14382
14385
14323
14356
15084
14429
14465
15103
14465
15103
14451
15119
15072
14465
14559
15094
14304
15072
15103
14396
14385
15074
14398
15084
14464
14389
14297
14454
14365
15074
15104
15119
14398
15126
14604
14455
14465
14231
15084
14694
14465
14304
14385
14323
14412
14377
14317
14704
15050
14382
14328
14758
14356
14403
14384
14298
14389
15119
14417
14285
14758
15125
14284
15119
14398
15121
14387
14377
14304
14282
14298
14499
14425
14748
14473
14392
14318
14261
14455
14465
14365
14473
14316
14352
14354
14285
14282
15144
14274
14383
15135
14499
14412
14559
14150
14748
14464
14392
14499
14464
14230
14272
14298
14323
14282
14316
14272
14520
14261
14177
14149
14424
14240
14231
14165
14183
14559
14165
14274
14499
15121
14379
14392
15121
14230
14316
14255
14275
14318
14383
15126
14272
14282
14240
14323
14354
14285
14183
14272
14198
14473
14424
14240
14255
14488
14238
14310
14381
14177
14381
14485
14352
14520
14425
14862
14179
14383
14150
14417
14177
14242
14272
14252
14425
14275
15121
14218
14526
14219
14149
14179
14862
14417
14150
14282
14149
14031
14862
14230
14526
14219
14177
14166
14166
14424
14379
14128
14488
14379
14323
14108
14183
14293
14198
14108
14258
14218
15126
14862
14240
14862
14258
14525
14157
14424
14282
14488
14485
14218
14392
14179
14181
14181
14862
14165
14100
14179
14862
14128
14218
14381
15112
14252
14392
14161
14166
14063
14181
14198
14293
14252
14218
14217
14235
14128
14161
14141
14223
14100
14169
14342
14218
14242
14258
14242
13999
14179
14525
14150
14258
14108
14424
14186
14198
15112
14165
14181
14149
14150
14525
14342
14192
14181
14179
14293
14128
15112
14186
14381
14179
14108
14162
14100
14186
14089
13999
14063
14161
14258
14100
14169
14244
13999
14045
14099
14252
13937
14108
14141
14002
14089
14099
14235
14186
14186
14099
14162
14141
14208
14235
14058
14128
14128
14223
14258
14188
14065
13973
14100
14188
14161
14087
13993
13964
14036
13996
14058
14187
14235
13999
14108
14141
14244
14186
14089
13999
14186
14235
14047
14047
14099
14036
14063
13937
14186
14099
14065
13982
14192
14001
14089
14258
14172
14045
14108
14045
14208
13937
13992
14087
14089
14187
14208
14141
13998
13999
14099
14199
14141
14058
13992
14186
13964
13964
14235
13973
14188
14089
14199
14045
13993
13973
13886
14199
13982
14188
14235
14087
14061
14045
14187
14172
14065
14061
14001
13996
13981
14025
13889
13981
13981
13990
13964
14002
13973
14055
14036
14047
13992
14061
14003
13998
13993
14026
14055
14208
13937
14055
14039
14058
13889
13993
14051
13973
14055
14036
13892
14025
13937
14187
14208
14058
13992
14045
14065
14026
14065
13886
13981
14039
14187
13973
13973
13996
13990
14045
13990
13998
13895
14025
14045
14087
14026
14026
13916
14208
13939
14187
14026
14051
14055
13873
13845
14055
14065
13992
14051
14003
13841
13896
14003
14055
14003
13878
13923
13958
13887
13916
14024
13896
13884
14007
13895
13895
13845
13916
13892
13897
13872
13886
14007
13886
13807
13873
13897
13939
13862
13807
14055
14055
13878
13841
13744
13815
13835
13876
13887
13884
14003
13892
13814
14025
13814
13887
13744
14024
14003
13887
13873
13894
13923
13896
13894
13958
13878
13916
13725
13878
13841
13841
13716
14003
13835
13958
13872
13884
13815
13700
13884
13873
13759
13872
14055
13862
13719
13866
13767
13894
13814
13764
13753
13923
13878
13759
13865
13887
13865
13837
13757
13814
13807
13756
13865
13774
13757
13751
13893
13893
13866
13767
13700
13725
13878
13686
13744
13721
13807
13696
13865
13739
13735
13751
13759
13766
13721
13742
13753
13865
13894
13866
13753
13696
13759
13753
13757
13753
13722
13866
13700
13864
13761
13756
13764
13807
13764
13761
13865
13865
13734
13757
13719
13751
13739
13864
13759
13757
13774
13647
13893
13700
13734
13894
13734
13764
13751
13764
13632
13866
13866
13766
13766
13566
13563
13787
13621
13732
13632
13761
13686
13647
13686
13719
13742
13762
13566
13566
13796
13721
13732
13686
13632
13721
13566
13732
13598
13599
13557
13647
13621
13578
13598
13732
13563
13787
13518
13632
13578
13581
13597
13589
13761
13686
13552
13598
13632
13598
13632
13732
13644
13453
13762
13552
13644
13591
13581
13597
13581
13473
13592
13557
13721
13518
13626
13598
13721
13581
13588
13591
13605
13588
13592
13598
13624
13630
13499
13557
13591
13459
13385
13459
13588
13473
13624
13626
13563
13557
13461
13461
13461
13557
13581
13644
13641
13588
13605
13450
13552
13461
13453
13552
13592
13605
13400
13518
13413
13353
13453
13618
13618
13592
13413
13588
13518
13459
13558
13581
13323
13557
13493
13618
13588
13520
13461
13592
13385
13357
13416
13453
13461
13410
13368
13430
13473
13473
13430
13581
13453
13592
13499
13499
13520
13385
13410
13400
13400
13413
13413
13400
13459
13641
13450
13473
13416
13473
13368
13368
13403
13469
13618
13357
13461
13630
13493
13357
13413
13383
13323
13469
13410
13410
13383
13410
13520
13426
13403
13357
13450
13233
13413
13424
13368
13430
13424
13416
13235
13353
13385
13461
13403
13383
13323
13403
13227
13469
13413
13403
13426
13305
13403
13348
13235
13386
13211
13323
13288
13235
13413
13276
13276
13173
13459
13305
13424
13233
13430
13368
13295
13264
13450
13241
13468
13288
13403
13368
13305
13387
13424
13235
13368
13433
13245
13403
13170
13386
13386
13348
13348
13212
13368
13264
13233
13237
13368
13241
13227
13211
13235
13276
13368
13383
13233
13211
13211
13150
13235
13433
13227
13368
13237
13288
13295
13227
13403
13241
13403
13235
13288
13231
13245
13174
13231
13433
13239
13241
13239
13276
13239
13173
13173
13235
13212
13150
13184
13245
13304
13249
13251
13170
13295
13276
13235
13241
13200
13184
13237
13235
13200
13304
13072
13213
13170
13264
13165
13237
13251
13433
13048
13012
13165
13237
13239
12924
13011
13239
13227
13012
13170
13072
13251
13040
13264
13264
13239
13040
12934
13011
13216
13433
13264
13068
13213
13256
12934
13072
13304
13040
13036
13012
13025
13239
12924
13237
13264
13239
13216
13216
13150
13025
12999
12991
13072
12999
13017
13013
12934
13170
13256
13040
13068
12991
13025
13239
13011
13036
13083
13012
13012
13036
13017
13083
13048
13040
13170
13013
13213
13040
13025
13019
12992
13083
12934
13018
13071
13019
12991
13040
13012
13011
13019
13036
13014
12980
13017
13025
13040
12992
13017
12950
13216
13048
13071
12999
13018
12980
13008
12979
13068
12993
13040
12993
13072
13038
12924
13025
13011
13025
13008
13036
12991
12924
12934
12991
13012
13018
12787
12986
13018
12844
12993
12950
12831
13017
12991
13017
12902
12934
13038
12971
12902
13040
12986
12980
13036
12934
13012
13017
12840
13013
12840
12924
13062
12855
12843
13017
12992
13018
13025
13012
13017
12763
12991
12844
12902
12855
13014
12844
12993
12999
12786
12979
12843
12934
13017
13008
12830
12979
13025
12991
12844
12902
12831
12830
12796
12999
12812
12786
13000
12796
12986
12823
13017
12855
12986
13038
13017
12831
12787
13018
12782
12812
13062
12993
12787
12829
12823
12750
13000
12840
13038
12902
12831
12782
13017
13017
12840
12812
12801
12826
12763
12732
12796
12786
13017
12796
13025
12763
12831
12698
12851
12694
12844
12831
12694
12698
12786
12668
12924
12668
12812
12831
12796
12732
12830
12844
12840
12829
12844
12829
12831
12707
12684
12812
12760
12829
12786
12750
12840
12812
12787
12844
12829
12801
12786
12806
12781
12749
12750
12796
12694
12823
12694
12845
12713
12851
12851
12713
12572
12782
12826
12513
12845
12732
12823
12796
12826
12698
12851
12657
12831
12732
12830
12786
12823
12657
12782
12829
12812
12830
12786
12573
12514
12763
12750
12732
12628
12487
12668
12495
12812
12829
12812
12707
12796
12701
12573
12845
12694
12514
12698
12826
12801
12572
12527
12572
12694
12763
12684
12664
12701
12668
12829
12664
12763
12615
12628
12684
12812
12698
12694
12572
12851
12527
12657
12750
12487
12482
12829
12840
12535
12707
12558
12616
12482
12826
12851
12749
12713
12495
12573
12707
12616
12487
12845
12616
12487
12830
12600
12487
12463
12616
12694
12581
12664
12782
12701
12572
12763
12412
12445
12514
12513
12399
12760
12581
12664
12684
12668
12694
12694
12495
12495
12495
12572
12359
12535
12615
12487
12701
12698
12628
12482
12701
12487
12487
12387
12600
12514
12527
12562
12495
12707
12550
12572
12511
12664
12845
12581
12558
12399
12514
12393
12558
12540
12482
12487
12664
12694
12487
12535
12495
12707
12387
12664
12495
12511
12393
12482
12550
12333
12487
12387
12400
12412
12572
12615
12550
12445
12664
12701
12420
12615
12542
12486
12615
12303
12511
12387
12542
12445
12400
12486
12399
12487
12495
12535
12498
12694
12412
12701
12386
12495
12486
12359
12303
12527
12615
12303
12498
12445
12445
12558
12562
12600
12362
12430
12600
12402
12381
12701
12615
12581
12333
12542
12412
12572
12535
12540
12381
12486
12333
12482
12581
12389
12542
12540
12207
12382
12615
12387
12542
12303
12511
12486
12402
12389
12399
12535
12412
12486
12562
12399
12342
12498
12393
12386
12382
12399
12382
12312
12386
12253
12393
12486
12420
12333
12482
12511
12362
12387
12430
12303
12333
12542
12498
12420
12312
12359
12153
12333
12333
12445
12420
12119
12498
12581
12342
12333
12253
12312
12382
12387
12312
12381
12389
12445
12386
12420
12381
12381
12207
12207
12342
12402
12246
12386
12482
12253
12169
12342
12246
12333
12482
12382
12153
12498
12498
12562
12288
12333
12387
12581
12299
12231
12362
12207
12121
12202
12119
12299
12206
12381
12169
12303
12150
12387
12445
12314
12206
12246
12312
12298
12389
12382
12068
12153
12090
12299
12207
12412
12420
12312
12024
12290
12068
12312
12150
12225
12562
12362
12342
12320
12121
12186
12064
12206
12231
12213
12269
12253
12312
12024
12246
12269
12169
12153
12299
12105
12096
12269
12314
12068
12269
12253
12389
12121
12202
12314
12024
11979
12269
12290
12152
12299
12288
12090
12153
12225
12121
12153
12202
12288
12058
12064
12298
12213
12253
12231
12246
12186
12119
12312
12119
12068
12150
12186
12213
12298
12253
12269
12231
12024
12121
12314
12150
12032
12320
12153
12068
12290
12320
12090
12253
11923
12206
12225
11979
12299
12206
12154
12150
12121
12314
12096
12314
12206
12121
12269
12064
11936
11923
12082
12024
12090
12096
11971
12213
12225
12064
11978
11990
12032
11979
12246
12206
12121
12058
11971
12231
12068
11923
12150
12129
11949
12024
11873
12269
12096
12290
11978
11974
12206
11946
12121
12202
11964
12206
12206
12081
11849
11971
12024
12213
11946
11965
12082
11915
12108
11946
11971
12131
11957
12090
11964
12006
12225
12096
12081
11952
12039
12096
12121
12087
11936
12064
12064
12246
12082
11973
11873
12094
11946
12087
12013
12129
11922
11915
12094
12058
11990
12094
11936
12006
11988
12108
11820
11873
12006
11936
12129
12186
11835
11965
12081
11835
11838
11973
12129
12096
11849
11976
12090
11965
11972
11949
11964
11820
11718
11976
11965
11915
11868
12032
11965
11919
11973
11835
12082
11916
11948
11915
12081
11988
11936
11976
11990
12108
11718
11793
11838
11949
11849
12108
12013
11915
11957
12081
11936
11838
11915
12013
11988
11976
11838
11795
11792
11957
11835
11727
11668
11868
12094
11813
11835
11916
11924
11718
11796
11990
11765
11791
11916
11793
11972
11658
11919
11915
11972
11689
11838
11751
11817
11800
11813
11988
11825
11846
11957
11663
11976
11571
12095
11658
11957
11793
11830
11833
11663
11801
11915
11868
11813
11795
11547
11668
12081
11835
11529
11795
11658
11801
12094
11916
11924
11703
11675
11988
11571
11672
11718
11817
11856
11919
11813
11793
11801
11797
11727
11528
11269
11703
11801
11689
11924
11751
11716
11924
11547
11793
11839
11751
11916
11672
11833
11915
11692
11813
11675
11747
11711
11689
11990
11988
11703
11813
11990
11571
12095
11727
12094
11569
11801
11636
11668
11747
11535
11915
11716
11672
11926
11675
11668
11250
11251
11668
11625
11856
11751
11673
11658
11391
11588
11726
11916
11292
11528
11571
11569
11547
11675
11813
11689
11703
11695
11695
11711
11528
11663
11423
11711
11716
11619
11657
11919
11636
11747
11625
11636
11610
11635
11391
11529
11625
11839
11747
11671
11801
11571
11469
11747
12094
11851
11839
11856
11426
11547
11726
11571
11426
11535
11535
11675
11524
11673
11744
11703
11204
11851
11851
11571
11787
11787
11269
11711
11528
11711
11423
11919
11535
11332
11625
11524
11423
11587
11469
11619
11543
11529
11528
11498
11671
11711
11528
11525
11547
11571
11449
11635
11726
11535
11711
11588
11889
11711
11889
11571
11532
11610
11469
11744
11521
11473
11423
11411
11607
11426
11744
11543
11469
11588
11629
11675
11571
11535
11529
11571
11428
11478
11625
11525
11851
11535
11204
11292
11498
11538
11528
11711
11269
11593
11856
11524
11607
11851
11625
11498
11460
11352
11543
11525
11524
11423
11726
11391
11726
11391
11426
11426
11411
11547
11610
11547
11538
11521
11423
11537
11593
11543
11478
11473
11473
11607
11851
11538
11391
11353
11460
11535
11460
11469
11538
11856
11205
11428
11352
11411
11538
11478
11428
11516
11521
11537
11292
11537
11352
11352
11537
11175
11593
11525
11521
11282
11744
11609
11535
11353
11225
11498
11532
11175
11226
11283
11383
11449
11391
11607
11521
11478
11537
11158
11516
11225
11283
11353
11543
11635
11609
11428
11516
11383
11282
11246
11158
11426
11532
11094
11226
11269
11226
11538
11543
11332
11282
11298
11444
11460
11352
11333
11537
11352
11538
11352
11282
11444
11428
11383
11408
11175
11538
11354
11537
11521
11521
11516
11426
11283
11607
11391
11212
11538
11411
11456
11269
11353
11332
11408
11354
11269
11225
11460
11537
11449
11444
11226
11407
11426
11460
11635
11426
11305
11516
11226
11537
11408
11305
11607
11226
11158
11428
11383
11383
11444
11538
11332
11250
11492
11226
11408
11407
10948
11352
11428
11452
11516
11212
11202
11188
11460
11383
11318
11224
11158
11355
11166
11259
11305
11101
11444
11537
11188
11094
10977
11407
11101
11426
11408
11246
11006
11181
11212
11408
11283
10977
11318
11188
11407
11224
11211
11444
11265
11226
11355
11053
11426
11318
11166
11244
11383
11166
11114
11452
11158
11244
11408
11407
11246
10977
11216
11188
11188
11281
11251
11113
11094
11355
11224
11094
11238
11101
11164
11318
11006
11181
11452
11250
11238
11164
11006
11181
11202
11188
11281
11452
11006
11288
11163
11318
11337
11114
11265
11211
11281
11005
11288
11055
11094
11094
11259
11005
11246
11055
11244
11355
11114
11128
11255
11128
11355
11265
11211
10875
11132
11163
11163
11355
10948
11016
11053
11005
11055
11281
11244
11016
11132
11094
10977
11216
11244
11164
11238
11128
11265
11288
11113
11255
11255
11005
11273
11048
11281
11128
11163
11188
10857
10875
10857
11265
11288
10863
11288
11222
11094
11005
11164
11255
11265
10948
11113
11188
11318
11201
11281
10977
11105
11055
10948
10878
11105
11081
11188
11216
11273
11094
11281
11086
11019
11073
11048
11273
11132
10977
11274
11201
11244
11274
11222
11048
11255
11163
11094
10973
11163
11080
11211
11288
10958
11255
11113
10842
10948
10675
10917
11019
11201
10827
11128
10827
10958
10878
11016
11135
10842
11273
11086
11037
11273
11281
11027
10948
11081
11005
11081
11128
11005
11037
10895
10958
11135
11255
11128
11075
10970
11059
11273
11065
11135
10878
11255
11026
11005
10857
11281
10564
11037
10928
11005
10863
11135
10973
10827
10878
10827
10857
10958
10767
10767
11211
10875
11026
10958
11255
11026
10861
10675
11005
10628
11274
11086
11086
11073
11036
11073
10827
11037
11273
11037
11059
10767
10917
10641
11081
10970
10755
11080
11080
11274
11027
10751
10706
11135
11274
11081
10970
10842
11059
11033
11135
11023
10751
10755
10637
10749
11075
10770
11273
11059
10637
10564
10861
10895
11023
11027
10706
10706
11080
11059
11075
10637
11075
10767
10778
10928
10975
11026
11027
10827
11106
10903
10657
11135
10808
10751
10755
10970
10827
11080
11106
11026
10903
10657
10749
10808
10739
10917
10973
11036
11023
11106
10755
10855
10856
10808
10749
10975
10856
11274
10435
11033
10973
10637
11033
10564
10827
10827
10362
10623
10755
10827
10706
10920
11037
11081
10903
11037
11075
10755
11023
10738
15018
10751
10738
10628
10641
11027
10903
11023
10582
11106
11075
10776
10649
10778
11036
10649
10657
11033
10827
10592
11023
10975
10474
10403
10856
10307
11023
10817
10471
11023
10687
10592
10903
10739
10498
10590
10880
10362
10498
10739
10903
10590
10903
10973
10944
10592
10770
10778
10435
10592
10401
11023
10526
10471
10526
10920
11075
10764
10920
15018
10435
10739
10623
11075
10906
10362
10817
11037
10992
10720
10498
10592
10307
10649
10944
11023
15018
11036
10738
10341
10776
10817
10992
10778
11023
10687
10400
10764
10341
10811
10595
10992
10811
11036
10474
10498
10944
10764
10466
10435
10992
10307
10778
10880
10592
10811
10400
10471
10639
10623
10776
10623
10906
10778
10649
10738
10649
10889
10418
10498
10906
10992
10944
15018
10592
10903
10590
15018
10811
10474
10341
10225
10880
10889
10522
10776
10720
10992
10775
10526
10261
10189
10400
10778
10872
10775
10778
10189
10889
10603
10720
10603
10764
10279
10880
10423
10225
10649
15018
10811
10437
10471
10778
10474
10590
10992
10944
10273
10400
10522
10817
10811
10889
10431
10451
10811
10260
10466
10437
10418
10203
10595
10906
10555
10570
10522
10423
10811
10889
10602
10775
10649
10602
14998
10618
10920
10720
10665
10431
10906
14997
10602
10555
10992
15000
10279
10437
10817
10400
10775
14997
10872
10595
10992
10203
14997
10880
10595
10273
10341
10778
10431
10423
10992
10603
10570
10418
10189
15005
14998
10225
10381
10451
10423
10992
10381
10203
10665
10602
10281
10889
10273
10313
10570
14997
10279
10602
10570
10273
10474
10603
10202
10281
10180
10261
10665
10570
10183
10889
10260
10189
10602
10603
10437
10889
10437
10203
10313
15000
10872
10872
10437
10602
10225
10335
10889
10018
10992
15000
10519
15005
10889
10570
10225
10203
10555
15000
10992
10003
10920
10313
10459
10180
10519
10595
10603
10992
10314
10423
10014
10665
10260
10034
10335
10618
10570
14997
10034
10203
10034
10180
10618
10203
14997
10451
10570
10139
15006
10519
15006
10313
10014
10603
15005
10598
10139
10665
10335
10459
10671
10381
15015
10476
10279
10281
10699
10261
10541
10180
15005
10299
10437
10570
10381
15005
10003
15015
10598
10541
10570
10034
10203
10143
10314
10314
10313
10671
10618
10699
10146
10437
10180
10335
10203
10541
10602
10618
10180
10699
10281
10541
10041
10074
10437
10299
10459
15015
10665
10371
10383
10618
9944
10699
10598
10014
15006
9944
15015
9934
10381
10543
10018
10139
10335
10671
15005
10146
15006
15006
10383
10476
10543
10671
10383
10018
10519
10202
10018
10313
10371
10180
10598
10519
10519
9866
10041
15015
10041
9944
10671
10041
10618
9932
10250
15006
10250
9866
10541
10391
10541
10193
10014
15014
10476
10541
10618
10335
9866
10139
15015
15024
10618
10371
10193
15014
15024
10003
10034
10002
10230
10543
10618
10193
9984
9934
10543
10002
10616
9984
9953
10313
9642
10202
10074
10543
10397
9944
10193
15014
10699
15015
10074
10250
9944
10022
10299
10230
10022
10195
10476
10671
10476
10002
10699
15015
9944
10022
10230
10618
9934
9993
10002
10246
10476
9866
10003
10195
10485
10246
10371
10299
15014
10041
10180
15015
10397
9866
9929
9984
10426
9944
9929
9941
10250
15024
10022
9739
10250
15014
10543
10543
10074
10391
9953
15014
9858
10371
10002
10616
10485
10146
10195
9830
9984
10618
9953
10246
10193
10193
10146
10200
15003
10426
9944
9984
9830
9858
10074
10616
15003
10003
10248
10426
10230
9834
9830
10371
9713
15014
10616
15004
10299
10022
10200
15016
10022
10426
15014
10485
15024
9929
9739
9679
9941
10246
10002
10397
9921
9984
9642
9941
10230
9858
9858
9984
9905
9993
15014
10250
15004
10397
10250
10543
9792
10246
10616
10250
9905
10397
10002
15004
10022
9713
10032
10426
10032
10616
10230
9713
9834
10246
10299
10230
10022
15015
10246
10248
9858
9830
9710
10391
10426
9953
9993
9766
9921
10230
9953
10200
10200
10002
10131
9765
9713
10032
9713
9941
10250
10002
9993
9830
10200
9834
10250
9830
10002
9858
10022
9957
10114
9929
10246
10397
10246
9922
9922
9953
9953
10485
9765
9953
9921
15015
10426
9921
10616
9679
9922
10133
9642
10616
9921
10197
9792
9766
10200
9967
9724
10032
10616
10397
9993
9601
9705
9705
10118
9922
10426
9953
9601
10032
9765
9834
9993
10248
10002
10246
9741
9929
10200
9721
10114
9905
9953
9601
9905
10133
9941
9766
9493
10118
10616
10246
10246
10118
10485
9967
9765
10397
9766
9705
9862
9649
10022
10200
9551
9649
9957
9551
9834
9551
9953
10246
9993
10426
9551
9710
9679
9724
10397
9487
15016
9710
9922
9493
9705
9922
9957
9493
10234
9828
9922
9705
9967
15004
10197
10118
9789
9721
9870
9603
9789
9957
9957
10133
9551
9741
9751
9862
9649
9828
9765
10114
9751
9603
9828
10234
9603
9432
9483
10118
9440
10131
14851
9350
9453
10002
10133
9747
9601
10133
9993
9441
10197
9828
9705
9724
9710
9822
9721
9955
9955
9741
9751
10197
10114
9649
10234
9441
9862
9741
9441
9493
9352
10133
9350
9441
9487
9649
9828
9642
9828
10197
10118
9441
10133
9789
15004
9741
9453
9766
9603
14791
10197
10118
10234
9441
9746
9440
9551
9441
9649
9469
9642
9967
9487
9741
9839
9710
10133
9741
9741
10118
10133
9789
9352
9603
9766
14851
9955
9441
9375
9705
9705
14791
10197
9603
9955
9828
9955
9337
9603
9523
9317
9710
9441
9705
9294
10131
9432
9483
9483
10234
9967
9548
10133
9710
9746
9645
10234
9487
9752
9747
9828
9702
9352
9337
9828
9710
9705
10114
10133
9636
9432
9529
9636
9487
10234
9645
9789
9649
14851
9741
9922
9435
9373
10197
9746
14993
10118
10133
9603
10133
9702
10118
10067
9746
9529
9645
9169
9789
9350
9249
9249
9337
9317
9705
14851
9603
9469
9375
9301
9352
9752
9922
10114
9597
10118
9752
10133
9548
9301
9845
9317
9375
9350
10030
9435
9603
9529
9603
9649
10197
9432
9441
9523
9302
9603
9523
9352
9264
9645
10234
9249
9350
9971
9752
14993
10133
9441
9523
9603
9302
9741
9548
10234
9571
14851
9649
9352
9922
9264
9337
9432
9971
9571
9375
9375
9249
9373
9158
9597
10118
9294
9483
9645
9571
9839
9264
9375
9571
9523
10043
9375
9636
10030
9337
9010
9435
9746
9441
9487
10067
9158
9355
9355
9475
10043
9375
10067
9548
14993
9456
14851
9923
9355
9922
9649
9469
9179
9375
9337
9227
9375
9249
9355
9475
8955
9352
9523
9201
9355
10043
9435
9496
9169
9165
10030
9337
10067
9845
9169
9373
9752
10030
9529
9529
9435
9845
9227
9548
9456
9105
9496
9035
9158
9483
8955
9116
9650
9456
9308
9375
8942
9496
9105
9105
9845
9165
9355
9010
9035
9755
9105
9373
8996
14791
9702
9435
9456
9158
9116
9566
9105
9475
9394
9529
9249
10030
9360
9249
9571
9035
9469
9052
9010
9845
10030
9165
9368
9529
9165
9456
9702
10067
9105
9052
9105
9521
9521
8874
9355
9116
9105
9845
9052
14993
8983
9435
9496
9566
9923
9010
9360
9529
9105
10067
9035
8882
9005
9105
9165
9073
8925
9971
14791
8907
9845
8942
9529
8925
9496
8983
9845
9366
9249
10030
8796
9476
9521
9521
8907
10030
9010
8955
8850
8874
9456
8983
9360
9005
9476
9483
9971
9050
10030
9050
10067
8741
8874
9050
10067
8925
9566
9521
8925
9394
9839
9023
9845
9521
8850
9105
9394
9456
9105
9774
9366
9845
8925
9308
10043
9529
8907
9702
9005
9308
8907
8725
8882
9521
8800
9120
9529
9752
8925
9355
9169
8725
8660
10043
9397
9566
8983
9566
9752
8925
8882
9702
8983
8907
8874
8874
9456
9529
8882
9521
9845
9050
9521
10067
8925
8506
9381
9394
9394
10067
9845
10030
8828
9050
9010
10030
9308
9050
9366
10067
9845
9010
8660
9194
14995
8882
9120
8552
9755
9050
9521
9566
8506
8692
9529
8506
10030
8800
9023
8983
9308
8800
9521
8942
9294
9366
8741
9456
8508
9397
9194
9521
9381
8851
10067
8506
8725
8741
9120
9311
8874
8725
8602
8828
14791
9456
9366
9521
8506
9566
9397
8662
9394
9308
8662
9360
14995
9368
8552
9845
8656
8692
8602
9368
8508
8983
9845
9752
8660
8656
9381
9311
9774
10043
9065
8508
8514
9065
8983
8828
10030
8828
8850
9845
8662
8828
8983
9311
8851
10030
14995
9774
10067
9120
14995
8508
8602
9381
9496
9381
9366
14995
9294
9171
8851
8692
9360
9381
8800
8506
9171
8424
10030
9427
8843
8506
8399
9311
8282
9360
8506
8828
9120
8552
9621
9171
8514
8430
8983
9530
8486
8848
8026
8487
9774
8656
9065
14995
8282
9752
8848
8849
8315
8487
8398
9171
9097
8656
9171
8547
9097
9065
8983
8851
9701
9701
9752
9097
8843
8843
9097
9621
9194
8506
8942
14995
9308
8656
9427
8398
9065
9423
8424
14995
8398
8849
9361
8849
9065
8399
8282
9171
9621
8547
9701
8514
9171
9566
8516
8506
9621
9065
8505
9171
9361
8315
9361
9171
9427
8430
8236
8424
8398
8024
9755
9067
8424
9148
8399
8851
10043
8850
8026
9171
9701
9366
9427
8430
8848
9067
8516
9566
8236
8843
9171
9464
9171
8547
8983
9621
8656
7977
8486
9148
8179
8240
9097
9067
8843
7977
9423
8505
9171
9171
9171
9067
9194
7947
8575
8310
8398
8516
8546
9774
9621
9239
8179
9171
9423
8487
9097
9701
7947
7886
8236
9621
8177
9774
8962
8487
8274
8128
8117
8179
9067
8516
9311
8177
9194
9701
9194
8505
9171
9174
9361
9464
9174
9097
7883
9361
8843
8486
9171
8117
8546
8848
8516
9194
9067
9194
9701
8575
9581
7914
9067
8848
9065
8454
9701
9174
8454
9122
7884
8849
8430
8026
8546
9174
8430
9427
8053
9194
8620
9079
8620
7883
8949
8903
8949
8310
9067
8430
7884
8430
7977
8903
9148
7950
8762
9701
9464
8833
9181
8052
8902
9111
9098
9464
9464
8833
8939
9194
8274
8833
8575
8737
8761
9464
8902
9194
8833
8762
9114
9701
8903
9032
8414
8807
9464
8848
8236
8052
9774
8856
9621
7950
9182
8430
8130
7536
14969
8778
8737
14969
8516
9621
8849
8653
8516
9774
14969
8977
8807
8848
7884
9194
8052
7855
9464
9084
9111
9122
9391
8974
8620
7886
8832
7886
8962
8079
9464
8620
8414
8939
8778
8414
7883
8762
9581
8832
8759
8939
9774
9464
9182
14986
7855
7857
8939
8677
8832
8653
9701
8807
8762
7536
8974
8052
9174
9212
8080
8652
8079
9032
7883
8807
9122
8588
8308
8619
8962
7979
9464
8568
8274
8620
9255
14950
8762
14969
9194
9162
7744
9242
8962
8454
8856
7746
8080
9098
8856
9701
14986
7479
8620
7944
8849
8837
8052
9113
8233
9701
8587
7979
8588
9134
9174
7534
8627
9464
8627
8620
8762
8653
8762
8762
9464
9135
8274
8807
9098
14964
8838
7855
8471
8838
8838
8308
9242
8130
8652
8619
8591
7479
9464
8501
7555
8762
9774
9621
8232
8652
8627
8471
8761
8712
8469
8501
9621
9505
8712
8245
14986
9122
8762
8939
7746
8339
8079
8339
9134
7950
8838
8838
8962
7746
8645
8274
7951
8080
8414
8838
7555
7741
8414
8653
7479
8838
8469
9109
9109
8653
8653
7821
8619
8939
9621
14976
9701
8198
8712
9362
8643
9098
8838
14970
8469
7944
8591
14790
8627
7535
8762
8712
8939
8974
8469
7536
7746
8762
8620
9208
8470
9466
8434
8927
8274
7862
9135
8245
8501
7536
9122
9208
9075
7535
8643
8645
9208
8414
9174
7979
14790
8471
8950
7416
7862
8643
14790
9098
8671
9362
8962
9774
14964
8939
8643
8738
9109
9122
9109
9466
8627
8939
8627
8762
8653
8674
7974
8939
9109
7534
8863
8470
8414
8674
8198
8674
8199
8434
8950
7741
8653
8471
8674
8195
8199
8274
7974
8294
8712
14790
7534
8245
8149
8608
9075
8653
8608
8195
8698
8674
7855
9466
8950
8434
7744
8501
9242
7555
8609
8653
9362
7979
8712
9362
7862
9362
8530
8674
8608
8698
8296
9362
14925
14925
14976
8738
8199
8674
8775
8245
7813
8609
7554
8578
8294
8294
8609
8965
8434
7536
8641
9135
7855
8674
8950
8578
8753
7535
8950
8674
8530
7944
7444
8738
8145
7951
8198
8738
9362
8609
8565
8565
8712
8434
8863
8674
8965
8149
8530
8950
14944
8385
8706
8434
9242
8339
8609
8501
8746
9109
14790
9505
7779
8434
8763
9362
8706
8472
8939
9466
8296
9075
8232
8198
8609
8501
7162
8296
8738
8674
7557
8489
7951
8529
8738
8753
8274
8414
8294
8706
8646
8294
8199
8647
8950
8198
7329
8195
14790
8199
8897
8498
8199
14925
8674
8340
7101
7979
8501
8468
8578
8434
8174
8199
8073
8195
9505
7979
8174
8445
7533
8414
14790
8857
8446
8472
7534
8385
14925
8414
8294
7821
14976
14790
8653
8107
8199
7509
8529
14925
7416
8963
8704
8246
8246
8646
8294
8434
7618
8643
8377
8776
8674
8273
8539
8607
8294
9466
8739
9242
8739
8653
8739
9362
8107
14925
7554
8647
8446
9362
8586
8294
7100
14926
8245
8274
14944
8446
8410
8446
8529
7101
8299
8377
8705
8746
8377
7444
7889
7329
8468
8195
8578
8210
7862
8763
8529
7326
8198
8965
9242
7100
8489
8410
8294
8410
7509
8210
8643
8181
8174
8586
8965
8641
8647
8581
9098
8100
8653
8445
8498
8073
8406
8246
8410
8581
7618
8346
8489
14991
7889
9362
8578
8107
8753
8409
7951
8705
14962
8299
8210
8199
8446
8145
8107
8434
8145
8134
8965
8586
7616
8446
8501
8195
7554
8107
8403
8674
8586
9098
7813
14837
8195
8088
8388
9362
8489
7779
14788
8346
9362
8184
8705
7162
7618
14837
8346
8346
7982
8433
7982
8433
7534
8184
14837
8184
7618
8195
8199
8434
8195
8107
8387
8406
7534
8031
8641
9362
7979
8103
8387
8446
8586
8134
8273
8388
8088
14925
7951
8965
8210
7616
8406
8763
7390
8184
8409
14837
8446
8184
8145
7533
8375
7209
8184
8586
8195
7982
8585
8134
7877
8406
8739
8103
14837
8705
8488
8031
8184
7847
7847
8274
8346
8181
8259
14962
7557
14837
8073
8172
8181
8107
8064
8011
8434
8184
7987
8352
9172
4
8193
9362
8739
7101
8145
7931
8406
9172
8107
7188
14837
14925
8346
8438
8109
8145
8109
14920
8328
7889
7613
8406
7903
7864
8763
7557
7988
9362
14920
8409
8134
7049
8134
8585
8406
8406
8064
8406
7100
8107
8184
7988
7557
7411
14840
9362
8346
7049
7931
8141
8343
8446
7209
8031
8092
8141
8073
6874
8594
8141
8402
14960
8160
8193
7440
8346
8406
7209
7534
8319
14788
7805
9362
8181
8109
7962
7737
7101
7965
14837
8319
7877
7965
8145
8109
8092
7762
7390
8156
7049
9362
8107
7471
8406
7805
8031
8031
8343
8346
8406
8107
7903
7805
8343
8092
8329
8402
7048
7903
2
2
6945
8581
8580
8161
7100
8406
7534
8763
8073
8220
7903
7099
4
8073
8442
7188
7293
8156
14960
8035
7889
7390
14841
14990
8035
4
8157
8739
8109
7982
7864
7903
8172
8585
8343
7877
8181
7805
8446
9362
6996
7982
7847
14840
8438
8157
8406
8388
8406
7805
8156
7482
8107
14839
7100
8262
8035
8109
8594
7810
7471
7209
8319
8406
7482
6874
8963
9362
14840
7586
8319
4
7965
8092
8343
14928
8141
6996
7962
8156
7048
14839
8406
8581
7160
8420
7209
8220
8107
9362
7471
8345
8091
7903
7188
7805
8073
7903
7160
8259
8585
8585
8262
7099
8141
8585
2
8040
8107
8345
8145
8262
14840
8328
8345
8172
7900
7440
14840
8040
7953
7805
8008
7962
7982
8580
8073
8141
7877
7805
7557
14841
7932
14990
8580
8214
8141
8220
8328
8585
2
2
8091
7805
14928
7903
2
7847
8580
8156
7762
8585
2
6945
8107
8008
7209
7889
7557
8141
8040
14829
8141
7953
7101
8093
8141
8262
7928
6874
8011
7928
14840
2
8156
7877
7805
7022
9362
8008
8145
8224
7188
8585
14830
7847
7663
6874
7928
8438
7982
14839
7952
6945
7847
8109
8141
14829
8075
7953
8262
9362
7805
14830
7982
7805
6996
6943
7952
14961
8141
7800
8415
7903
7847
7802
7878
8585
8262
7663
6874
14839
8008
8073
7903
7209
7962
14937
8343
7878
14829
14937
8329
7663
6971
7729
8155
7810
7903
8415
7613
7889
8143
8585
7049
7903
7661
14830
8580
8157
14937
7953
6996
7953
14941
14941
7877
14830
7805
7300
8109
7864
7810
6993
8107
7878
7300
7847
7962
7924
8259
6842
7188
7586
6993
14839
7586
7864
6792
7482
8109
8585
7869
6842
8329
7864
7661
9362
14839
6944
7805
6971
7737
14937
7758
7802
7877
8224
14830
8143
6688
8008
8141
9362
7829
7732
8155
6971
7661
7877
7810
14834
6943
6871
14834
15151
7847
8415
7928
7893
7878
14829
6814
7966
6945
7926
7847
14918
7866
7661
8415
7805
7829
7869
7411
7128
15151
7470
7866
2
7805
7926
7847
7135
6971
9362
7728
8186
7243
8073
7663
7773
7869
14937
7720
7732
7800
14829
7847
7924
7810
7903
7661
7049
7810
8155
8186
7866
7868
7827
8224
7800
7663
7830
7953
6767
7869
7809
7135
7868
7868
8075
8073
7351
6814
15151
7300
9362
7300
7966
8008
6792
7762
8415
7928
6687
7878
8109
7903
7953
7830
7663
7663
15151
7829
7777
6767
7354
8075
7720
14839
8437
7878
14830
7354
14830
7732
7829
7128
8298
7661
7847
7777
7924
6971
8347
7732
7845
14830
7583
15151
6633
7847
7809
8298
7403
8329
7663
7847
7571
8097
7773
7810
7661
7352
14839
7663
7602
7770
7827
7869
6688
6814
9362
7777
7602
7550
7924
6686
6524
7893
6686
8298
8075
7128
7878
7775
7770
7567
6871
7770
7135
6871
7845
15151
7529
14830
7571
7354
7810
7893
7829
14838
7960
7878
7470
7580
7550
7069
7827
7777
7893
6814
7810
6711
7571
7793
7584
7661
7663
7243
7810
7128
7661
7689
7732
14834
7128
7732
7243
7793
7793
7748
7602
7809
6687
7560
7830
7466
7777
7689
7867
7529
7466
7720
7770
7847
7460
7560
6839
14834
7845
7631
6688
7661
7810
6839
7762
7584
6792
7560
6816
7724
7352
7777
7810
6632
6688
7770
7847
7770
7300
7845
6842
15151
7842
7602
7777
6993
7793
7878
14830
7352
7635
7696
7354
6362
7732
7352
7830
7770
14838
7466
7753
6767
7528
7878
7748
7847
7893
7603
7663
7715
7732
6840
7580
7550
7243
7341
14922
7830
7580
14922
6632
7847
7550
7827
7762
6631
7460
7583
7770
14838
7810
7562
7960
7567
8075
7069
7569
7829
6769
7636
7845
7571
7602
7354
7466
7756
7770
6470
7777
7810
7425
7351
7069
7467
7732
7528
7845
7567
7466
6947
7246
7460
7602
7374
7465
7374
7603
7119
6315
7689
6839
6814
7560
7352
7352
6711
7607
6816
7529
7777
7867
6549
7583
6522
7715
6730
6687
7550
7794
7285
7223
7636
7354
7434
7753
7562
7006
7528
6736
7345
7352
7069
7827
7313
6523
7491
7467
7602
6631
7467
7583
6688
7679
7845
6736
7560
7664
7753
7352
6631
7069
6816
7521
7352
7354
7602
3
7542
6633
7285
6769
7584
7223
7694
6632
7583
7722
6763
7583
7762
7548
7069
14922
6713
7434
7542
6711
7467
7694
7340
7528
6468
7405
7562
6362
7246
7562
6947
7664
7307
7006
7522
7722
7354
7603
6730
7562
7147
7223
7223
7399
7664
7629
6250
6315
6713
6769
14922
7014
7313
6315
6730
7607
7605
6630
7467
3
7564
7069
7374
7069
7542
7374
6816
7006
7583
7015
6688
6195
6522
7685
6523
7453
7583
7255
7352
7467
7119
7145
7069
7529
7406
7679
7223
7406
7345
6947
7584
7014
7069
6526
7583
7562
7583
7541
7119
6470
7491
7845
6736
6818
7607
7154
6730
6763
7367
7006
7684
7583
7015
7069
7308
7069
7515
7006
7422
6632
6198
7015
6526
7340
7522
7154
7345
7664
6362
7600
3
7258
6661
7069
7148
7542
7280
7664
7583
7351
7399
6736
6197
7434
7069
7345
7564
6441
6984
7564
7529
7014
7448
6984
6285
7014
6984
7568
7351
7378
7541
7309
6661
7374
7015
6497
6441
7301
7089
6523
7515
7564
7172
7203
6818
7069
7629
7223
6526
7202
7467
6549
7367
7529
6763
6167
7369
6602
6630
7014
6421
6441
6497
7583
7277
6711
7449
7252
7010
6599
7081
6470
3
7301
6630
6899
6250
6493
6285
7529
6362
7060
7107
7280
6195
6392
7089
7119
7351
7060
6779
7060
7541
7169
7351
6649
6818
6661
7014
7584
6649
7250
6497
7277
7081
6966
7369
6779
6286
6441
6929
7306
7583
6441
7014
6526
7351
6602
6984
7261
6779
7010
7248
6984
6818
7014
7081
6368
7172
7367
6493
7334
7399
6421
7345
7449
6526
7453
6198
6984
7014
6599
6913
6167
7203
6470
6681
7351
7154
7351
7308
6984
7201
6365
6838
6649
6285
6899
6779
6755
7117
6527
6863
6978
6838
6367
7109
7305
7154
6365
6527
7081
6392
7305
6899
7248
6195
7014
6681
7250
6527
6761
6198
7306
7252
6493
7042
6960
6195
6893
6043
6649
7143
7194
6417
7351
6438
7154
7309
6779
6955
6250
7121
7143
6599
6913
6497
6197
6899
6681
7042
6285
6959
6913
7194
6316
6368
6863
6365
6894
7280
6838
6286
7107
6197
6929
6527
7171
6593
6358
7171
6899
6882
6438
6753
7351
6438
6195
6981
7014
6952
7279
6753
6681
6417
6290
6094
6966
6368
6863
6593
6358
6316
6932
6838
6681
7217
6953
6043
6167
6417
7142
7042
6438
6203
6599
6198
6290
6286
6197
6316
6779
6173
6043
6196
6838
6249
6643
7252
6515
6249
6952
6148
6960
5990
6948
6290
6932
6710
6838
6279
6953
7154
7121
6368
6948
7154
6358
6894
6966
6195
7000
6290
6643
6681
6697
6724
7014
7143
6167
6417
6045
6710
6167
6198
6438
6907
6753
6755
6854
7142
6365
6249
6952
6069
6978
7109
6286
6599
6948
6249
7196
6863
6148
6806
6043
6755
6893
6150
6045
6358
7052
6042
6966
6681
6710
6834
7108
6094
6438
6912
6147
6948
6195
6042
6196
6952
7108
6999
6599
6358
6966
6431
6806
6965
7196
6249
6431
6147
6681
6069
5990
5989
6912
6953
6118
6173
7013
6593
6865
7052
6771
6806
7052
6704
6150
6043
6670
6838
6358
6249
6045
6358
7000
6479
6279
6173
6753
7217
6727
6044
6599
6670
6643
5989
6148
5990
6512
6094
6710
6890
6195
6150
5753
6042
6888
6907
6761
6670
6727
6855
6697
6676
6890
6147
6890
6431
5989
6069
6069
6487
6838
7052
7013
6593
6229
5990
6704
6538
5989
6040
6852
6162
6438
6045
6888
6094
6324
6775
6621
7108
6755
6681
6044
6643
6042
6148
5908
6279
6544
5990
5722
6910
6094
7013
5851
5936
6432
6834
6912
6538
6981
6069
6094
6697
6668
6346
6147
6620
6854
6358
5697
6676
6838
6673
6357
6908
6487
6710
6229
5722
7000
6887
6324
6477
5697
6382
6999
6948
6279
6912
6710
6477
6435
5992
6852
6162
6981
6040
6109
6147
6909
6487
6645
6068
6513
5753
6457
6472
6834
6544
7013
5911
6147
6774
6544
6673
6623
5826
6513
5989
6909
6681
6222
6530
5722
6771
6668
6381
6162
5851
5908
5851
6888
6513
5774
6265
6515
6265
5936
6381
6147
6774
6265
6775
6215
6435
6109
6623
6381
6357
6144
6739
6279
5960
6487
6540
6147
6111
6300
6387
5955
6457
5960
6435
5955
6109
6672
5722
6799
5989
5823
6799
6584
6030
6513
6186
6387
6668
6381
5820
5906
6189
6620
6309
6378
5823
6673
6459
6263
5852
6408
5851
6584
6400
6381
5845
6435
6820
6134
5950
6147
6215
6472
5774
6292
5960
6739
6217
5852
5722
6244
6665
6645
5539
6211
5992
6477
5960
6012
6673
6665
5494
5959
6477
6221
6388
6037
6505
6241
5751
5753
6186
6139
5777
6144
6109
5974
6030
6381
6370
6263
6369
6398
6620
6134
6309
6398
6111
6225
6370
6369
6244
6482
5726
5539
6482
6740
6164
6608
5852
6109
5906
6144
6189
6186
5494
6353
5753
6076
6244
6300
6482
6187
6076
5596
6387
6378
6665
6217
5820
6482
6187
5930
6037
6179
6244
6222
5974
6186
5777
5593
6139
5670
6241
6500
5852
5950
5822
6134
5950
6225
5992
5464
6208
6186
6476
6067
5747
5794
5435
6400
6211
6030
5930
6740
6012
5823
6400
6034
5496
5845
5596
6082
6292
5753
5843
6111
5814
5541
6209
6134
6532
5539
6208
5835
6532
5848
5718
5814
5792
5464
5726
6231
6608
5461
5639
6430
6297
6139
5955
6034
5716
6059
5637
6388
6132
5678
6584
5637
6502
6176
5843
6123
5946
6584
6034
5845
5794
5434
5668
5787
5478
5848
5539
6257
5435
5692
5668
5463
5494
5787
6025
5538
6296
6505
5992
5845
5461
5808
5637
5692
5496
5946
6134
5940
5538
5589
5946
5878
6132
5772
5589
5287
5496
5814
5794
5440
6025
5362
6402
5678
6237
5339
5740
6025
5516
6371
5610
6179
6076
5753
5678
6010
5716
5461
6155
5792
5563
5362
5716
5733
6296
6123
5440
6100
6337
6155
5740
5814
5689
5489
5668
5763
6073
6339
5843
5507
5593
5770
5149
6062
5440
5339
5794
5052
5310
6502
5478
5310
5836
5516
5478
5939
5787
5639
5463
5339
5406
6297
5684
5516
6237
5772
5615
5938
5973
6502
6076
5814
5610
5496
5489
5461
6154
6071
6339
5615
5237
5434
5313
5358
5406
5563
5357
5753
5287
5684
6337
5359
6073
5310
5615
5833
6025
5489
5593
5808
6296
5615
5381
5763
5310
5153
5285
6053
5610
6062
5686
5148
5231
5283
5639
6049
6177
5381
5313
5939
6128
5339
5678
5814
5267
5328
5187
5834
5755
5940
5356
5153
6024
5358
5834
5661
5080
5615
5507
6177
5833
5283
6108
5104
5483
5178
5201
6101
5507
5478
5211
6102
10
6071
5615
5148
6154
5684
5836
5836
5002
5898
5409
5527
5178
5264
5152
5610
5186
5973
5359
5406
5106
5615
5267
5148
5409
6108
6072
5357
5406
6205
6072
5785
5106
5232
5080
5187
5186
6053
5830
6108
5489
5152
5763
6102
5310
5313
5052
5264
5972
5232
5358
5256
5891
6127
5237
5601
5895
5661
6108
5660
6053
5287
5891
5201
5483
5686
5684
5836
5972
10
5231
5267
5915
4979
5287
5763
5046
5686
5201
5104
5939
5895
5830
5073
6071
5328
5898
4966
6177
6108
5409
5149
5074
4860
5153
6127
5127
5708
5413
6072
4811
5384
5834
5046
6072
5445
5232
5313
5430
5527
4811
5358
5660
5201
5313
5860
5785
5895
10
5256
5324
5650
5001
5187
5231
5174
5140
5836
5121
5681
5858
5409
5836
5068
5939
5174
5358
5074
5152
5168
4979
5103
5679
5660
5384
5860
5782
5140
5026
5860
5121
4864
5001
5601
5581
5728
5203
5891
4934
5578
5073
5256
5681
5891
5174
5106
5413
5755
5046
4866
5651
5002
5019
4966
5046
5708
5152
5073
5915
5148
5232
5168
5860
5413
5399
4966
4935
5785
5681
5757
5026
5051
4725
5765
4922
5001
5701
5430
5103
4864
5168
4835
5094
5900
5830
4787
5046
4897
5999
5582
5681
5765
5581
5807
4970
5543
5655
5891
5506
4995
5174
5578
5203
5047
5781
5891
5582
5836
4995
5068
5756
5582
4834
4687
4922
5765
4978
5014
4996
4811
5728
4970
5855
4860
5187
4897
5068
5651
4979
4757
5755
4966
5106
4834
5106
4934
4860
5757
4854
5782
4726
4891
5658
5399
5051
5174
4860
5556
4700
5506
5397
5523
4897
5026
4892
5765
5187
4996
4644
5019
5582
5047
5528
5856
4996
4564
4866
5781
4700
5658
5701
5581
5140
5106
4860
4892
5556
5603
4775
5377
5757
5603
4995
4891
5014
4922
4488
5014
5001
4648
5807
4934
4834
5325
5582
5578
4854
4672
5523
5543
4725
5582
4775
5097
4619
5094
4935
5581
4863
5430
5543
4700
4995
4612
4970
4757
4619
4567
4722
5506
4722
5658
5582
5506
5039
5529
5117
4811
5603
4619
5026
5397
5529
4479
4854
4864
5655
5293
5582
4996
5728
4567
4839
5757
4570
5168
5656
5629
5476
4839
5655
5277
5529
5369
4414
5010
5476
5476
5352
4488
5117
5010
4640
5756
5856
4485
5543
4922
5582
4775
5756
4489
5523
5325
4509
4726
5655
5658
5602
4700
5097
5168
5352
4864
5398
4648
5117
5221
4995
5161
5476
4946
4563
4922
4672
4648
5549
5397
4114
4486
4672
4757
4617
4687
4409
4563
4406
4645
4593
5316
4722
4565
4788
4617
5467
5529
4648
5301
5602
4570
4565
5425
4642
4514
5630
4839
4612
5630
4996
5097
5172
5421
4509
4687
4564
5549
5529
5476
5602
4644
4700
5655
4114
4431
5375
4615
5502
5476
5325
5603
5195
4750
5375
5117
4358
5425
5602
4490
4479
5346
5009
4485
5549
4509
5630
4567
4700
4850
5295
4642
4788
4640
5293
5476
4593
4615
4067
5369
4571
5216
4487
5039
4202
5370
5062
4411
4509
5629
5549
5656
5221
4645
4090
4411
4571
4642
4115
5216
4406
4490
4195
5630
5136
4409
4413
4619
5216
5172
5369
5278
4757
5375
4314
4067
4245
4202
4202
5346
5029
4197
4201
5373
4877
4381
4479
5299
5221
5062
4544
5398
5656
5097
5172
5138
5084
4195
5519
5630
5346
5374
4344
4314
4353
4115
4617
5161
5278
4912
4485
5278
4700
5372
4252
4413
4490
4546
5519
5270
4700
4381
4068
4847
4387
4342
4487
4068
4115
4520
4198
4351
5425
5346
5115
5519
4252
4151
4490
4346
4245
5216
5246
5137
5278
5137
5029
4847
4090
5246
4256
4121
4850
4326
5137
4201
4380
4912
4272
4067
5195
4415
4387
4245
5097
4415
4114
5163
4252
5346
5343
5274
4847
4201
4152
5299
4222
5109
4342
4406
5115
5130
5115
3886
4381
4406
4351
5115
5373
5097
5191
4877
4346
4954
4256
5374
5138
4197
4115
4879
5137
4067
5274
5216
4879
4324
5115
5216
4546
4090
4346
4849
5299
3934
4391
5194
4954
4256
5115
4380
4121
4252
4910
4849
5029
3986
4877
3917
3801
4393
5372
4546
3886
4847
4069
4847
4381
5115
4322
4314
3858
5163
4731
3959
4960
4326
5115
4411
4710
4256
4073
4275
3824
4252
4067
5274
4731
4954
5029
4272
4009
4800
5192
4198
5216
5274
4827
3888
4844
4249
4068
4121
4710
5137
4065
4009
4910
5115
4046
4201
5109
4994
3987
5115
4877
5343
4953
4205
5192
4222
5191
4010
4069
5097
5194
4910
5192
5136
4960
4073
4954
4406
4960
4010
4953
4993
5372
5243
3761
3759
4067
5136
3917
5216
5373
5243
4710
3858
4151
4824
4150
4272
5084
5194
4065
4275
4879
3987
4849
4710
4205
4824
3917
3787
4187
4017
5246
4324
3827
4249
4322
4827
4256
4814
4844
4953
3934
4046
4090
3703
3858
4395
3755
4100
3986
4741
5031
3917
5246
3986
4636
3824
4960
5192
4075
4064
4153
3993
4656
4151
3801
4960
4100
4187
4739
3986
4152
4559
4910
4123
4256
3703
3755
4983
3602
4017
5299
4067
4993
4739
4824
5031
4954
4582
5031
4572
4710
3888
4741
4851
4816
5163
4951
4879
4821
5243
3917
3680
4706
3904
4013
4549
3993
5243
4710
4741
4375
3599
3827
4069
3761
4880
4100
3904
4584
4422
3822
4739
4584
4851
4636
3728
4075
5163
4046
4910
3482
4582
3681
3755
3759
3682
3892
4820
4054
4741
3602
4951
3711
3764
3303
3992
3993
4748
4910
4818
5112
4827
5163
4123
3992
4368
4056
4821
3757
4748
3892
3873
5057
4100
3787
4584
4820
3581
4748
4064
4054
3888
3907
4163
3757
3761
4395
5112
3581
4636
3907
4473
5057
4375
3801
4636
4422
3482
4706
3684
4017
4395
4741
3658
4816
3703
4584
4559
4603
4368
4467
4164
4818
3873
4046
3833
5057
3733
4820
4054
3757
4375
4705
3755
4741
4584
3872
4741
3737
4748
3761
3680
3728
4636
3682
4013
3814
4395
4738
4013
3764
3635
4738
4705
4100
3866
3789
3822
4676
3733
3599
4163
4069
4572
4584
4608
4951
4654
4676
3737
3635
4501
3761
3599
3873
3833
4733
4501
4733
3695
3662
3481
4584
3635
4951
4549
3757
4765
3814
4638
3582
4167
3126
4468
4171
3303
3658
4741
4394
3767
4880
4738
3303
3581
3482
4733
4951
3807
4336
4404
4706
3564
4309
4501
4290
3814
4636
4676
3992
3801
5031
4336
3695
4404
3941
4676
4549
4820
4305
3695
4603
3737
3512
4636
3706
4733
3680
3635
4377
3706
3599
3589
4636
3711
4733
4467
3481
4336
4818
3584
3853
3872
4211
3764
4109
3357
4473
3711
4904
4580
4468
3256
3685
3853
3358
3695
4704
3728
4608
3482
3468
3458
3411
3853
4636
3414
4394
3584
3468
3828
3866
4339
3695
4552
4378
4192
3568
3685
4904
4468
4394
3695
3658
3729
4290
4741
3729
4738
3128
4580
4468
3633
4468
4630
4600
3662
3411
3706
3737
3582
3564
3458
3305
4309
4192
3706
4167
4399
3584
3853
4167
4395
3283
4580
4552
3415
4164
3981
4208
4467
3458
4630
4377
3329
3568
3303
4600
3458
3283
4704
4078
4632
4467
3695
3481
4506
3599
3813
3807
4443
3565
3293
4339
3303
4630
3828
3633
3468
4636
3662
4284
3411
3306
3568
4552
3981
4399
3512
4211
3293
3813
3129
3505
3599
4377
3126
4603
3584
3305
4164
4395
3764
4078
4600
3409
4008
3367
4023
3505
3357
3411
4167
4378
3358
3564
4086
4305
4394
3468
4309
3256
3706
3302
4292
3685
3302
4109
3853
4167
4552
4208
4087
3737
3255
3584
4632
3574
3484
3807
3606
3458
4023
4580
4208
4394
3794
3154
4399
4023
2966
4062
3606
3335
4496
4192
4580
4496
4399
4600
3658
3129
3515
3126
4600
4213
4211
4023
3387
3565
4266
3685
4164
3361
4078
4008
3309
3409
4305
4552
3357
4600
4305
3129
3685
4525
3852
3584
3236
4443
3807
3290
3306
3283
3565
3035
3686
3480
2966
3293
3236
3568
3633
3329
3375
3707
3505
3331
3255
3318
3707
4179
3899
4552
3514
4284
3375
4063
3515
3085
3208
4366
3480
3309
3956
3409
4155
4062
4243
3358
3406
4309
3375
4109
3335
3794
3387
3283
3305
3853
3505
4167
4179
3035
4330
4266
3335
4526
3479
3717
4061
4035
4379
3686
4023
4367
3162
3387
3595
4063
3154
3564
2857
3371
4022
3367
3154
4260
4399
3206
3236
3457
3086
4399
3852
2819
3390
3390
3479
3410
3104
4367
2857
3899
3484
4039
4305
2931
3409
3717
3794
3335
3261
3360
3515
3012
3084
4305
3565
4366
3222
3457
3216
4266
3798
4035
3367
3393
3104
2950
4022
3255
4259
3906
2819
3954
3154
3162
4062
4234
4399
3428
3956
3817
3305
3208
3707
4161
3274
2857
3318
4155
4023
3717
3564
3086
3179
3290
3930
3318
3384
3594
3505
3208
3119
4367
3335
3104
3236
3596
4243
4022
2993
3179
3061
3084
4259
3294
4023
3261
3331
2819
14914
3595
2871
3360
3480
2931
4285
3208
3061
3371
4302
3531
2993
3406
3428
3514
3406
3410
3393
3274
4399
3222
3717
3012
3193
2857
3700
3428
3754
3293
3972
3717
3956
3061
3162
2766
4287
3320
3012
3371
4179
3410
3817
4062
4085
3598
3206
4161
3104
4025
3017
3531
3254
4399
2950
3082
3086
3594
3084
3215
3012
3361
3598
3361
2899
3954
4040
3693
2985
3692
2874
3014
4260
4185
4159
3906
3851
3972
2788
3165
4085
2566
3618
3618
3017
3061
2766
3193
3880
4159
2970
2931
3323
4028
3598
3595
3692
4079
3700
3084
2766
3131
3945
2718
3294
2718
3393
3848
2886
3323
3323
2875
14914
3972
3976
4399
3143
3598
14806
2985
3070
3320
2630
3131
3179
3174
3143
3717
3219
2871
3141
2682
3174
2933
3693
4161
3393
2968
3320
3751
14910
3294
4287
2704
3268
3673
3692
3082
4028
3945
3580
3692
14806
3692
3142
3879
2970
3141
3294
2875
3676
2993
3165
4161
3925
3618
2718
4159
2874
14818
3234
3596
3531
2886
4179
3143
2704
3066
2820
2681
4079
3215
3112
2682
2606
4081
3208
3580
3268
3254
3469
3119
3066
3848
3903
3141
14803
3700
2630
2838
3017
2968
3676
2764
3379
2566
2606
4130
2766
3840
2875
4185
2606
2764
2766
2847
3700
4161
2682
3717
4081
3796
3880
3112
3879
3972
3700
3289
3930
2765
2840
3531
3925
14902
3836
2764
2993
4028
2968
2886
3668
3218
2875
3143
14916
2840
3692
2886
14818
14811
2788
14916
3167
3165
2970
3143
3174
14803
2789
3673
3215
2704
3073
2858
2605
3700
3527
2606
2838
3362
3930
14818
3527
3119
2842
3174
3118
3740
2606
3095
3142
3443
3518
3066
2477
3753
14910
3073
2632
3362
2875
3903
14803
3692
3577
3073
3700
2816
2858
14901
14811
2495
3525
2933
3532
2704
2764
3112
3066
2958
3142
3289
2495
3140
3836
3753
2582
3903
3112
3925
3850
2681
2788
3165
3215
14811
2477
14818
2958
14916
3218
14813
2704
3673
3845
3362
3165
2704
3525
14902
3379
2969
2646
2968
3069
3070
2789
3218
2916
2477
2763
2608
2958
3792
2953
3313
14902
3850
2606
2704
2476
2792
3476
3289
3313
3845
3845
2632
3690
2959
14903
3740
3925
2789
2646
14818
3234
2995
3668
2847
3213
3753
3903
2606
14810
2495
2477
3174
14811
2789
3112
3491
2879
14802
2746
3740
2540
3118
2921
3845
3577
3690
2608
14818
3362
3280
14910
3289
3578
2740
2959
3166
2763
2740
3280
3740
3280
2396
2455
3617
3174
3792
3668
2958
3092
14811
2953
3069
3401
2789
3234
14901
3165
3165
2709
2728
3362
14818
3669
2374
2852
3133
2958
2938
2959
2455
3287
2792
3165
2705
3133
2374
2476
2731
2705
3553
2606
3112
2260
2847
3112
2705
2936
3313
14902
14803
2842
2567
2921
2619
2393
3668
14810
2816
2582
3401
2396
3213
3571
2916
2619
3000
3069
2728
2477
2792
2842
14910
3773
2550
3242
2374
2936
2915
2566
2551
3623
14813
2958
2953
3218
3571
14802
3617
3234
3612
3672
2995
3578
3313
3672
3792
3213
3211
3740
14825
3166
2953
2816
2959
2879
14810
3313
2705
2921
3165
3553
14910
14824
2476
2606
2846
3287
14910
14901
14901
3612
3669
2789
2840
3177
2936
2806
2393
2879
14901
2566
2597
2587
3314
14818
3043
3494
14901
2444
14902
14901
2938
2757
2396
3522
3242
2669
2669
2816
3470
2374
2580
2792
3165
2557
14825
3773
14811
2540
3773
3166
14901
2540
2374
3398
2260
3571
3165
2938
2959
2532
2580
2822
2846
14901
2551
2840
2302
14810
2953
3165
2709
3623
14917
2709
14901
2728
2804
14901
14904
3211
2262
14901
14917
2731
2393
3424
3000
3177
14917
3522
2608
2749
3299
2477
14901
14810
2952
3134
2587
3250
2262
3080
2260
2606
2816
3043
2943
2566
2587
3325
14901
14811
3109
3165
2166
14902
3165
3740
2921
2729
2476
14904
2749
2936
3112
3314
2304
14902
3345
3133
3177
2540
14807
3570
2755
2959
2936
2669
2709
2374
14805
2709
3165
3079
2550
14810
14902
14811
3571
2360
3165
14904
2792
3000
2852
3470
2536
2710
2536
3133
14807
2633
3299
2166
2260
3401
3398
2852
3424
2608
2588
2749
2636
2396
14824
3080
2757
2641
2879
2921
2959
2557
2262
14811
3080
3043
3740
2938
2475
2936
14803
2301
2917
2936
2806
3079
3043
2816
2943
14807
2936
2508
14811
2806
2619
14811
2360
2633
14902
2917
14904
14803
14803
2929
14811
14811
3080
2374
3134
2667
2917
2385
2709
14904
2302
2422
2749
3146
3492
2936
2936
3109
2302
14904
2738
2166
2667
2398
14807
3424
2709
2283
2262
14904
2943
14810
2557
3349
3043
2710
2738
14803
2594
3135
2669
3201
2749
2385
3421
2557
2588
3299
14810
3133
3200
14904
2475
3109
3345
2170
14807
2302
2287
2669
2972
2166
3314
2936
14811
3177
2943
2894
3349
14904
2936
2611
2636
2943
2166
2498
2385
2611
3424
2749
2497
2729
14826
2516
2008
3421
2301
3109
2641
3122
2936
2880
2260
14904
2880
2880
3109
3400
3346
3251
2360
2263
14904
2486
14811
2806
2374
2894
3276
2816
2611
2972
2908
14826
2894
2643
2304
2262
2542
14803
2400
3227
2498
2385
2611
2509
2904
2435
3325
2516
14811
2660
3400
2314
2574
14811
2435
2475
2908
3492
2340
2509
2561
14803
2458
2942
3251
3135
2832
2327
2400
2660
14826
2636
2228
2904
2710
2972
2904
3146
2636
2816
2516
2485
2880
2340
3177
3146
2479
2111
2385
14826
2943
2360
2929
14803
2458
2166
2690
2908
3200
2287
2516
3146
2465
2283
2667
2904
3150
3146
2590
2263
14803
2387
2689
2816
2275
3150
2400
2301
2283
2690
2528
2400
2260
14803
3227
2517
2517
2475
3200
2304
3199
2228
2742
2126
2454
2594
2458
2435
2594
2816
3228
3277
2275
3199
2340
2314
3251
3199
14810
2458
2080
2832
2904
2906
14826
2080
2723
2590
14826
3228
2329
2542
2228
2454
3151
3276
3146
2327
2590
2652
3199
2564
2689
2894
2517
2636
3150
2942
2520
2528
2275
3200
2281
2854
2561
2854
2906
2111
2689
2050
2304
2329
2178
2580
3122
3251
2301
2275
2660
2188
2115
2176
2520
2111
2946
2509
2252
2517
3122
2652
2594
2353
3055
2509
2660
2479
2315
2549
2689
2652
3076
3003
2166
2738
2329
2252
2643
2387
2329
2742
2571
2906
3199
2179
2050
2590
2371
3151
2144
2090
2090
2377
2275
3228
2050
2643
2080
2868
2176
2275
2517
2667
2340
2346
3199
2678
2854
2866
2346
2571
2924
2571
2371
2273
2738
2178
2197
2190
2163
2504
2866
3001
2186
2924
2090
2170
3076
2643
2275
2315
2080
3055
2542
2377
2554
2190
2676
2564
2179
2163
2430
2459
2371
1911
2438
2008
2275
2854
2542
2678
2204
2340
1950
2279
2854
2424
1988
2439
2854
2517
2753
2188
2336
2068
2571
2430
2571
2866
2509
2377
3055
2440
2460
2307
1859
2564
2144
2228
2231
1901
2926
3001
2144
2438
1857
2110
2868
2163
2430
2186
2616
2346
2197
1990
2291
2190
1988
2440
1960
1988
1805
2315
2304
2678
2829
2377
3055
2459
2115
2715
2276
2363
2678
3055
1746
2564
2377
3076
2926
2050
2424
1910
2179
2193
2329
2854
2144
2276
2149
1959
2429
2116
2383
1960
2119
2438
2204
2242
2116
2866
2000
2329
2406
2197
2676
2273
1918
2430
2169
1950
2564
2548
2204
2076
2163
1805
2429
1901
1859
1910
2242
2571
1840
2715
1805
2761
2542
2204
2286
2627
2244
2813
2277
2013
1996
2761
2242
2814
1988
1910
1901
1988
2276
1746
2013
1927
2753
2866
1927
1892
2246
1891
2018
2193
1935
1746
2276
2110
1892
2715
2242
2213
2332
2242
1788
1733
2429
2547
1833
1702
2578
2547
2133
2286
2277
2000
2104
2564
2564
2242
1805
2548
2244
2032
1857
2627
1833
2575
1805
1797
2072
2292
1746
1842
2662
1901
2242
2276
1723
2332
2627
2013
1928
2429
2013
2544
2103
1702
2544
1842
2085
2349
2564
2487
2104
2370
1858
2035
2546
2110
1684
2213
1797
1920
1661
1840
2119
1931
1872
2355
1842
2276
1690
1905
2627
1733
1892
2032
2110
1930
1702
2026
1662
2426
1833
2017
2546
1735
1648
1920
2429
2193
2085
2292
2321
1875
1859
2321
1661
1892
1931
2546
1966
2321
2072
2110
2055
1747
1765
1647
2292
1842
2321
2132
2356
1905
1842
1858
2564
2055
2389
2026
1672
2370
1661
1964
1938
2132
2370
1691
1872
2321
1743
1684
1747
1820
1603
2318
1974
2294
1647
2014
1592
1861
1981
2027
2321
1617
2045
1662
1694
1735
1859
1765
1602
1734
1964
2055
1507
1779
2427
1974
2487
1905
2099
1562
2427
1842
2055
1655
1759
2321
2014
2014
2368
1876
1820
2079
1861
1603
1608
2235
1647
1954
1982
1665
1861
1518
1915
1675
1842
1593
2237
2205
1765
1903
1554
1747
2027
2487
1617
2356
1602
1627
1691
1662
1600
1876
1754
1691
1617
1690
2079
1554
2205
1541
2079
1655
1747
1915
1672
2014
2014
1738
2297
1518
1500
1647
1748
1938
1754
2014
1665
1592
2427
1948
2318
2237
1888
1861
1617
1617
2297
1593
1592
1602
1903
2272
1592
1954
1592
1748
2079
1893
1793
2066
1819
1780
2157
2235
1765
1541
1562
1507
1519
2294
1518
1665
1747
1570
2079
1554
1820
1903
1672
1672
1898
1563
1652
1554
1861
1871
1586
1541
1747
1500
1748
1507
1602
1543
1652
1608
1571
2272
1954
2256
1665
1888
1507
1486
1954
2041
1822
1765
1543
1543
1519
1691
1686
2236
1484
1484
2108
1774
1665
1507
1541
1500
1747
2158
1587
1571
1675
1571
1519
2236
1581
1608
1582
2066
2079
1665
1543
2040
1571
1543
2256
1585
1819
1521
1747
1571
1432
1473
1652
1493
1507
1508
1569
1470
2041
2158
1780
1571
1819
1602
1470
1471
1430
1492
1665
1571
1665
1486
1820
1462
1430
1668
1543
1572
1467
1571
2040
1774
1608
1893
1562
1774
1486
1508
1820
1582
1780
1529
1629
1737
1758
1948
1686
2158
1470
1474
1571
1486
1369
2041
1571
1529
1493
1750
1474
1819
1581
1401
1948
1445
1484
1737
1430
2041
1432
1652
1569
1473
1361
1473
1369
1581
1426
1529
2078
1474
1471
1529
1569
1595
1474
1898
1473
1774
1401
2023
1623
1948
1508
2066
1644
1436
1430
2066
1948
1562
1462
1470
1467
1474
2078
1529
1819
1493
1517
1970
1369
1948
1455
1758
1436
1455
1474
1473
1893
1508
1463
1608
1970
1717
1572
1773
1717
1650
1569
1686
1668
1360
1492
1620
1773
1819
1486
1970
1369
1750
1436
1717
1308
1569
1385
1640
1436
1529
1595
1946
2023
1428
1839
1717
1572
1470
1572
1483
1459
1839
1462
1819
1428
2078
1529
1529
1369
1432
1384
1650
1479
1589
1946
1486
1895
1970
2065
1839
1640
1401
1618
1644
1727
1463
1308
1426
1676
1618
1385
1946
1750
1686
1343
1569
1587
1517
1546
1483
1487
1474
1385
1492
1307
1676
1676
1551
1406
1305
1944
1683
1386
1474
1372
1525
1486
1483
1972
1439
1360
1401
1725
1814
1372
1868
1464
1755
1972
1666
1469
1479
1725
1532
1529
1483
1650
1426
1386
1410
1618
1814
1562
1676
1459
1406
1428
1895
1406
1372
1551
1467
1394
1475
1828
1532
1439
1360
1803
1462
1616
1314
1607
1343
1579
1725
1372
1445
1683
1683
1607
1725
1308
1410
1329
1483
1814
1666
1358
1479
1463
1607
1462
1372
1525
1483
1386
1305
1666
1475
1479
1406
1475
1307
1666
1525
1406
1607
1498
1868
1730
1487
1828
1475
1308
1616
1579
1410
1372
1578
1372
1394
1324
1329
1469
1467
1372
1533
1730
1803
1483
1309
1445
1396
1422
1710
1292
1533
1273
1406
1273
1476
1423
1479
1359
1316
1379
1828
1657
1498
1476
1476
1410
1394
1372
1525
1710
1435
1423
1273
1578
1305
1803
1538
1803
1279
1641
1434
1308
1314
1657
1475
1641
1387
1641
1406
1316
1422
1641
1498
1423
1422
1641
1538
1358
1339
1423
1279
1347
1387
1641
1657
1387
1382
1309
1394
1357
1641
1422
1423
1292
1246
1298
1297
1288
1314
1347
1421
1338
1357
1514
1372
1482
1339
1339
1290
1641
1514
1382
1247
1386
1482
1247
1289
1324
1380
1387
1358
1420
1275
1357
1514
1313
1482
1288
1357
1297
1313
1387
1245
1514
1288
1279
1289
1246
1328
1279
1279
1350
1290
1185
1328
1386
1288
1272
1313
1289
1244
1350
1435
1328
1267
1244
1185
1336
1345
1313
1232
1317
1232
1317
1388
1420
1289
1288
1194
1421
1245
1194
1345
1275
1278
1267
1422
1158
1420
1251
1237
1223
1239
1290
1345
1251
1223
1185
1137
1290
1301
1271
1267
1302
1251
1244
1237
1337
1192
1345
1194
1336
1388
1245
1231
1330
1366
1336
1267
1185
1251
1224
1404
1223
1388
1231
1239
1262
1158
1346
1279
1202
1183
1224
1366
1144
1251
1262
1251
1333
1404
1183
1346
1177
1240
1192
1137
1267
1287
1176
1158
1262
1283
1224
1208
1302
1120
1240
1283
1220
1216
1192
1069
1284
1225
1225
1192
1191
1295
1109
1224
1336
1069
1336
1284
1120
1153
1137
1224
1224
1209
1153
1191
1225
1263
1137
1177
1142
1224
1228
1242
1171
1263
1185
1336
1228
1171
1131
1187
1177
1109
1057
1295
1120
1225
1224
1182
1153
1201
1057
1224
1156
1287
1130
1171
1209
1235
1120
1153
1227
1073
1057
1242
1217
1152
1224
1153
1057
1187
1152
1187
1198
1093
1153
1093
1131
1218
1005
1109
1151
1057
1067
1120
1228
1165
1153
1235
1117
1008
1140
1165
1218
1201
1156
1165
1227
1156
1151
986
1093
1130
1131
1096
1198
1076
1218
1040
1153
1124
1057
1007
1124
1155
1151
1005
1093
1040
1059
1104
1151
1096
1049
1117
1124
1130
1109
1093
1129
1005
1140
1054
1129
1054
1133
1093
1098
1084
1140
1120
1073
1096
1063
1112
1040
1131
1076
986
1084
1007
1096
1084
1084
939
939
1065
1040
1140
1053
1028
1133
1003
1151
1087
1063
951
1040
1047
1059
1003
1063
1077
1054
939
986
1003
1114
1053
1084
1054
1093
1061
1024
1028
986
1077
1012
902
888
938
1040
967
1104
991
959
980
1013
1022
961
1005
1007
1049
1024
1025
1129
1012
991
973
1024
1114
1000
1024
1000
1013
888
1019
1022
1003
1012
1003
1025
970
937
1022
967
869
951
888
938
970
939
961
1022
974
961
920
959
932
944
1030
938
967
951
932
902
967
978
1030
956
850
958
921
997
963
997
1019
980
920
963
902
959
954
921
959
1010
848
978
974
970
913
958
959
1002
1022
1019
745
959
1010
974
938
959
884
956
932
869
888
959
967
944
798
918
967
961
1019
974
959
978
869
959
954
959
921
913
884
918
888
872
944
944
974
878
878
848
888
941
959
870
959
1010
869
831
814
913
913
850
954
959
938
953
943
918
808
888
870
1019
755
884
808
884
687
959
888
793
864
918
878
834
814
687
741
954
649
806
913
833
745
974
833
841
834
831
880
888
687
827
649
918
918
649
800
788
953
687
864
741
792
884
880
807
880
872
878
719
793
649
649
941
941
727
918
771
938
745
792
910
918
910
834
878
918
741
806
771
918
769
769
831
687
870
878
756
649
850
649
806
649
833
880
918
793
769
582
918
642
833
793
807
884
792
745
788
741
878
738
719
793
736
807
689
649
884
769
793
909
749
793
632
600
648
786
918
688
806
806
878
663
14799
841
793
833
709
663
736
649
807
600
847
808
793
808
727
815
729
729
689
786
648
642
815
870
612
600
719
788
808
706
630
663
909
671
761
703
14799
801
741
675
648
738
648
811
729
808
720
685
630
612
808
811
720
642
793
607
701
14799
752
788
600
706
578
675
649
751
688
689
729
706
729
729
675
752
600
673
793
708
719
788
685
729
749
601
726
688
709
734
629
808
649
706
601
720
749
630
726
689
720
675
751
751
564
671
661
703
701
649
701
709
671
663
601
748
600
594
600
765
642
722
601
793
612
629
601
719
719
601
661
685
765
565
689
593
565
706
649
701
685
726
719
595
751
582
751
601
663
708
581
601
565
554
751
600
719
661
495
720
666
542
628
720
565
484
708
708
663
719
726
565
578
748
658
593
484
561
622
601
505
523
541
606
607
600
541
565
601
585
722
651
688
734
582
689
559
535
663
504
519
689
518
640
765
719
542
722
578
559
554
550
595
14894
622
585
550
722
561
561
629
448
719
601
595
582
719
719
498
622
488
689
651
584
594
559
585
584
622
14894
640
565
14885
539
541
14894
601
601
565
537
565
541
595
565
523
486
550
565
502
504
531
527
565
588
468
550
468
527
571
539
484
565
505
504
600
621
522
527
498
488
571
591
565
565
518
565
478
527
535
651
539
541
666
584
486
14894
559
484
495
505
559
606
584
539
472
585
504
541
651
585
485
415
14894
601
519
571
588
449
485
527
565
481
522
441
550
14894
449
527
468
565
531
565
488
530
486
464
584
512
488
478
486
531
565
521
538
407
14894
488
488
527
621
472
505
486
537
488
585
584
441
481
448
585
375
379
666
588
495
527
468
555
419
464
468
571
488
588
584
523
495
468
337
527
512
441
505
379
527
538
488
521
447
464
571
488
505
407
478
493
527
472
520
441
407
368
394
419
488
584
419
366
555
527
488
505
584
391
379
505
379
464
375
319
407
527
441
436
519
352
527
491
468
394
381
379
585
555
379
341
353
352
379
447
505
355
394
381
472
472
341
377
368
486
505
363
353
379
527
377
417
379
571
407
491
366
265
371
294
341
493
436
375
397
364
319
341
488
397
320
341
352
307
341
379
348
472
337
491
377
433
354
384
363
341
375
341
379
285
377
381
368
368
355
353
415
375
472
433
384
377
352
381
307
472
371
371
311
341
381
364
294
319
265
320
357
381
341
311
371
250
491
333
379
400
350
381
307
341
352
341
314
337
306
307
383
341
341
242
381
250
371
248
337
306
472
311
379
238
384
383
314
175
271
381
368
261
352
311
253
253
397
363
341
265
352
314
314
400
381
250
253
242
352
315
262
253
371
300
341
307
299
341
400
381
251
216
277
381
253
238
246
271
216
286
299
314
307
250
381
383
246
341
350
372
306
238
263
265
213
315
208
341
271
238
299
314
307
229
258
258
307
315
265
194
299
216
199
253
258
341
14864
315
263
372
14864
207
381
193
175
271
254
207
167
242
341
213
271
286
150
250
248
167
228
168
14864
167
150
213
258
261
314
254
286
207
192
14864
253
246
254
194
202
271
238
254
228
213
167
254
168
186
156
196
175
199
193
154
156
225
286
208
191
154
167
109
168
192
199
228
14866
254
248
139
208
135
150
186
246
254
138
154
138
286
167
225
191
213
156
184
186
122
208
192
184
167
167
186
154
191
196
139
156
111
98
134
122
135
109
118
98
208
119
129
134
139
124
94
118
94
154
14867
156
154
110
134
100
186
111
156
109
110
98
135
89
225
14879
110
167
14867
118
124
109
85
129
111
129
98
89
89
134
14870
94
119
89
61
14879
124
156
109
14879
85
14879
89
85
92
124
118
118
85
85
100
92
110
129
85
14879
51
119
94
50
63
98
50
66
85
98
81
14870
124
61
66
61
66
51
51
52
52
14879
14879
51
64
81
61
14879
49
85
118
50
30
64
92
61
50
64
49
81
64
52
14876
14876
64
64
52
66
63
81
49
30
63
14876
27
14876
30
64
21
17
63
64
21
27
27
17
17
14876
64
14877
14877
64
49
64
14877
14877
64
49
49
64
49
64
64
14747
14747
14747
9529
14791
9317
14791
9529
14791
9529
14993
9317
9529
9529
14791
9529
14791
