6761
6760
6760
6759
6761
6838
6756
6749
6756
6757
6759
6763
6687
6838
6749
6824
6841
6824
6820
6757
6823
3360
3356
6749
6853
6823
6822
3355
6820
3355
6753
6695
6825
3469
3465
6822
3455
3356
6687
6702
6852
6825
6778
3465
6842
6861
6717
3362
3461
3359
3356
6716
6691
6698
3455
6863
6859
6669
6825
6773
6770
6823
6861
6752
3240
3462
3353
3463
6638
3361
6749
3240
6822
6778
6844
3298
6825
3354
6862
6676
6631
3364
3454
3311
6698
3239
6825
6773
6859
6662
6754
3438
6655
6750
6716
3461
6622
3290
3278
3251
6636
3440
3277
3439
3462
3262
3443
6691
3439
6749
6752
3298
3459
6807
3438
3443
3311
6706
3251
6695
6669
3251
3462
6661
3255
3263
6627
3469
3469
3354
6661
3271
6848
3221
6775
3361
3353
3291
6862
6823
3228
6861
3445
3430
6822
6667
6845
3254
3221
3357
6849
3230
3298
6716
3263
3452
3357
3239
3443
3441
3290
3430
3221
6807
3454
3278
6850
3307
3254
6861
3448
3460
3451
6627
6622
3239
3447
3438
6629
3251
3231
3353
3451
6807
3459
3255
6778
6706
6616
6863
6773
3222
6749
6706
3222
6636
6615
3298
6845
3222
6775
6849
3271
6750
6784
3461
6845
6669
6862
3222
6778
6749
3460
3291
6778
6682
3354
6676
3357
6681
3230
6750
3252
3446
3445
3216
3423
6681
6638
6661
3446
6716
3236
6807
6692
6783
6850
3241
3407
6788
3306
3425
3307
3441
3316
3353
6682
3216
3422
3349
6716
3425
3421
3449
6783
3421
3459
6788
6808
3358
6788
6615
3449
6616
3454
3432
3358
6615
3449
6749
6629
6633
3423
3222
6620
3425
6783
3216
6809
6752
6752
6682
3459
6706
6707
3421
3408
3281
3252
3422
6826
3228
3222
6809
3432
3353
6772
3252
6751
6809
3241
3420
3352
3255
3422
3316
3350
6773
3349
6775
3237
3224
3252
6673
3255
3349
3358
6681
3222
6616
3421
3425
6828
3420
3429
3212
3244
3237
3222
3236
6812
3216
6750
6769
6666
6788
6777
3354
6659
6671
6676
3431
6826
3273
3295
3399
3283
6657
6828
3216
6778
3407
6805
3281
6788
3397
3243
6784
3351
6804
6659
6622
3432
6809
3421
6749
3234
6638
3216
3349
6613
6783
6689
3428
6620
3459
6633
6692
3236
3296
6769
3244
6830
3220
3269
3258
6620
3244
3216
3219
3408
6788
3379
6719
3425
6615
6769
6788
3408
3253
3253
3425
6680
6719
3459
6778
6751
6689
6673
3428
6783
3351
6657
3411
6788
3280
3350
3408
3233
3408
6748
3397
3352
3234
3408
6666
6613
6649
3428
6828
3319
6719
6613
6752
6804
3408
6748
6812
6783
3427
3270
6704
6828
6680
6747
6777
3378
3423
6659
3407
6738
3216
3243
3220
3350
3420
3411
3219
6700
3216
3220
6719
3257
6810
3413
6783
3216
6784
3373
6714
3408
6719
6649
3404
6772
3413
6748
3246
3404
6805
3256
6810
6646
6747
6646
6673
3408
3234
3349
3409
3244
3399
6671
6673
6783
3337
3284
6815
3370
3350
6714
6692
3319
3375
6700
3420
3432
3243
6738
3272
6746
3404
6812
6693
3411
6647
6656
3312
3293
6680
6704
3351
6647
6747
3379
6704
6775
3428
6784
3216
3234
3244
3352
6738
3216
3404
6748
3232
3422
6748
3269
6671
6719
6693
3352
6746
3312
6790
3378
3243
6659
6714
3272
3304
3379
3319
6777
3414
3408
6804
6746
6748
3246
3428
6705
6685
6788
3350
3428
6704
3427
3234
3404
3319
6747
3350
6685
3249
3232
6745
6786
3234
3234
3269
3348
6788
3314
3319
6788
6656
3345
6714
6804
6804
6772
3305
3397
3232
6769
3256
6812
3345
6704
3292
3383
6714
3257
3293
6705
6788
6745
6743
6747
6714
3293
3375
6704
6704
3345
6656
3272
3314
6769
6779
3373
6777
3269
6740
6747
3406
6815
6799
6790
3348
3383
3427
3404
3337
3345
6744
3248
3292
6738
3232
6714
3304
6705
6673
6747
6740
3314
6774
6810
3272
6772
6744
3292
6744
3305
3269
3427
6745
3248
3272
6788
6743
6742
3404
6705
6790
6790
3369
3292
6786
6739
3248
6742
3348
3257
3345
3304
3292
3245
6705
3348
3413
3406
3305
6656
3304
6739
3304
6742
6741
3292
3370
3398
6798
3292
3404
6742
3245
3248
6741
3385
6815
3337
3348
6785
3292
3397
3348
3343
3341
6786
3337
6768
6745
6812
6806
3369
3338
6810
6739
6780
3343
6739
3398
3245
3415
3338
6811
3378
3341
3248
6741
3375
3338
6768
3343
3348
6742
6803
6813
3387
6796
3395
6771
6787
3340
3346
3403
6790
6743
6806
6806
3338
3369
3375
6772
3344
3376
6798
3337
3410
3412
3387
3372
3389
6765
3372
6774
6765
6739
6786
3346
6743
6765
3410
6786
6768
3404
6796
3340
6785
3342
3398
3412
3339
6780
6803
3378
6782
3390
3375
6782
6767
6766
6774
6771
3344
3376
6765
3368
3340
6786
6806
3339
3398
6765
6787
6789
6814
3340
6766
3384
3342
3388
3368
6768
3372
3415
6811
3405
6811
6765
6780
3367
3418
3415
6771
3403
6765
6819
6813
6774
3377
6787
3372
6795
3403
6771
6803
3395
3412
3368
3403
6781
6765
6781
3380
6795
6771
3339
3339
6817
6792
6766
3384
6792
6786
6811
3398
3385
6794
6818
6870
6793
3376
6802
3339
6803
6780
3382
6766
6814
3368
3388
3415
6793
3389
6870
3366
3367
6802
3342
3365
6870
6819
6766
6793
3380
3381
6819
3388
6781
3339
6800
3368
6794
3376
6819
6793
6791
3371
6801
6781
6802
3389
3365
3396
3380
6793
3419
6729
3419
3419
6870
3392
3418
6729
6816
6795
3384
6794
3381
3366
3366
3402
3416
3382
3328
6795
3401
6870
3392
6801
3381
3393
3380
6870
6833
6730
3365
3388
6819
3419
6800
6728
6729
3402
3396
3417
3402
6729
3401
6734
6732
6816
6802
3389
6733
3401
3371
3391
3384
3401
6730
6801
3392
3371
6834
6801
6801
3394
6729
3329
6731
6800
3401
3328
6728
6833
6728
6730
3333
6836
6835
3382
3371
3402
6833
6801
3417
3391
6734
3334
3391
3400
6730
6730
3401
3333
6800
6731
3393
3401
6731
3401
6795
3434
6733
6870
3393
6729
6833
6729
3330
6732
6870
6833
6734
3329
3330
6733
3336
3333
3335
3328
6735
6599
6870
3393
6728
6728
3371
6736
3329
6733
3470
6728
6728
6736
6607
3328
3334
3329
3336
6600
6725
6729
3329
3393
6731
6833
3417
6836
3336
3208
3333
3335
3334
6733
6728
3436
6735
3332
3333
6603
6870
6725
3394
3336
6605
3209
3331
3330
6731
3331
3437
6600
3325
6728
6599
6726
3331
3433
3434
3329
6603
3329
3206
6599
6726
6608
6601
3470
6731
6603
3326
3199
3205
6726
6727
6601
6725
6608
6725
3327
6600
3208
6608
6610
3327
3209
3325
3206
6611
3205
3209
6611
3332
6605
3210
3331
6604
6609
6599
3332
6726
6725
3332
3332
3332
3327
6607
3201
6603
3320
3186
6610
6600
3205
6610
6600
3210
3326
3202
6609
6726
6603
3205
6607
3327
6608
6608
6596
3202
3209
3206
3206
3324
6727
3210
6577
3200
6596
6604
6600
3203
3199
6611
3208
6577
6604
3194
3206
3203
6604
6605
3209
6607
6610
3191
3201
3324
3320
6725
3323
6726
6724
6595
3204
3200
3204
6723
6600
6577
6583
6594
6587
3320
6591
3206
3211
3323
3189
3211
3191
6577
6594
6591
6586
3324
3320
3203
6604
3203
3186
6586
6577
3324
6587
3207
6721
6605
6596
3184
3184
3189
3178
6583
6721
3324
6582
3194
3196
3191
6587
3207
6583
6576
6596
3321
3324
3176
3322
6723
3183
3191
3186
6724
6591
3193
6723
6586
6591
3196
3189
6583
3201
3184
6587
6594
3191
6594
3195
3207
3183
6598
6586
3322
6595
6606
3184
3321
6586
6721
6722
3184
6582
6596
3190
6598
6576
6595
6720
6592
3186
3189
3191
3324
3178
6587
3190
6720
3207
6592
3184
6583
6720
6581
3322
3322
3189
3321
3175
3181
3198
3182
6581
6592
3176
3193
3185
6597
6578
1128
6722
6720
6589
6597
3187
6590
3190
6589
6722
6588
3190
3188
6579
3179
6581
3192
6597
6592
6597
6592
3182
6593
1159
3187
3192
6575
1375
3192
3188
3190
4849
3176
3182
3198
6585
6580
6578
3176
3190
4612
3322
3187
6581
3176
6580
6588
1125
6584
3182
1375
6578
4606
6575
6581
4849
6588
6580
6590
1128
4849
4606
4849
3179
1122
6593
1134
6584
3185
6578
3192
4849
1159
1122
3198
3185
4606
6585
3190
6589
1159
3188
3188
1124
1137
4617
6585
4609
3182
1122
6589
1131
6578
3185
4617
1375
4849
1533
4606
1125
4612
1159
4607
1159
1122
1375
4645
4849
1121
1122
1159
1533
4618
4618
1375
4607
1123
4623
4623
1137
1137
4623
4609
1133
5004
4849
4611
4645
1121
1122
4613
1136
1136
1128
4607
1131
4610
1125
1137
1134
4622
1133
1159
1123
1130
1123
1376
4623
4618
1128
5004
4644
1137
1137
1121
1376
1122
4611
4608
4619
4608
4608
4618
1130
4622
4618
1128
1136
1137
4621
4623
1159
4617
1131
4608
4611
4608
4622
4591
4603
1137
1376
1376
4622
4644
1157
1137
4644
1376
1122
4591
1125
5004
1106
1114
4591
4619
1120
1106
4614
1117
4603
1122
1114
1113
4617
1113
4611
4614
1132
1132
4603
1120
1106
4644
1118
1122
1106
1125
4608
4603
1157
1117
1130
4644
4848
4564
4602
4603
1114
1127
1117
1117
4591
4643
1126
4621
1106
4615
4603
4614
4594
1113
4605
4591
1129
1120
1106
1120
1374
1117
4605
4605
4603
4605
4602
4613
1118
1076
4614
4614
1113
4594
1157
4603
1105
4616
4616
1118
4603
4616
1076
4644
4620
1113
1106
1132
1117
4614
1129
1374
4564
1127
1118
1120
4602
4847
1117
1126
4847
1119
4643
5002
4593
1105
1532
1117
5002
4603
4847
1127
1135
1532
1158
4615
1135
4605
4643
1374
4593
1107
4564
1119
1117
4605
1077
1105
1076
1126
1530
4620
1119
1472
4563
4593
1473
1077
4598
4604
1116
1135
5002
1158
4563
1077
1077
4643
1108
5002
4847
4847
1107
1077
5002
1158
4593
1116
4614
4946
4593
1119
1076
4604
4597
4563
1076
5002
1076
4564
4592
4564
4847
1374
1107
4597
4945
1119
1119
4593
4604
1077
1472
1530
1158
5002
1475
1076
4946
1115
4600
1158
4620
4573
4601
4641
1110
4601
1119
4846
1119
1115
1108
4561
4601
4563
4563
4564
1077
1373
1108
1076
1087
4946
1472
4573
1119
4561
1077
4846
4604
1110
1111
4641
4573
1108
4946
1107
4604
4561
1119
4592
4945
4596
4601
1475
4641
1155
1077
4604
1077
1116
4846
1119
4597
4562
1087
4641
4641
4597
1155
4948
1473
1373
4600
1373
4604
1077
1116
4574
4581
1471
4562
1155
4846
4573
4592
4561
1466
4561
1373
1096
4846
1531
1090
1078
4573
1108
1110
1078
4573
1373
1075
4562
4561
1475
4939
1373
1471
1090
1096
1095
4596
1110
4641
4573
4944
1075
1078
4596
4561
4596
1109
4941
1531
4561
1075
1078
4561
1471
4595
4575
4581
1087
4642
1087
4576
4642
4944
1075
4939
4601
4941
4561
4576
4561
1112
5001
1155
4596
1078
1155
1078
4574
1095
4947
4561
4581
1078
1075
1096
4596
4562
1155
1087
1471
4595
1078
1467
1467
1474
1096
4590
4642
1531
4642
1095
4601
1529
1529
4584
4575
4588
1109
1372
1095
1112
1090
4590
1109
4581
1089
1372
4575
1531
5001
1078
1529
1372
4588
1078
4588
5001
1075
4576
1089
4595
1474
1531
1156
1078
4941
4588
4588
1471
4590
1096
4845
1104
4642
1471
4642
1088
4944
1092
4595
4575
4579
4576
4845
4595
4947
4845
1104
4941
1078
4845
4941
1529
1156
4939
4590
4581
4642
5000
1089
5001
1372
1096
1100
1096
1471
4596
1092
1098
5000
1092
1470
1465
1089
1468
4584
4590
4576
1095
1531
1100
1471
1529
1100
5000
1465
1101
1465
1093
4638
4579
4590
4588
1104
4576
4595
4581
4663
1088
1372
1178
4581
4579
4845
4947
4939
4639
4638
4588
4590
4590
4998
1372
1091
1529
1101
1104
4944
1156
1097
1104
1100
1100
4576
1091
1089
4579
4939
4588
1098
4944
4998
4938
4845
1101
4579
5000
1156
1088
4584
5000
1468
1470
1100
4590
4638
1100
1093
4590
1097
4997
4590
4585
4938
4584
1097
4944
4663
1100
4639
1152
4582
4998
1089
4587
4639
4590
1104
1093
1529
1097
1101
1529
4585
4580
4997
1098
4663
1080
1101
1178
1099
4585
1091
4942
4639
4582
1104
4998
4588
1101
1178
4589
4579
1089
4589
4942
4663
4638
4998
4940
1465
1088
4582
1465
1080
4579
1099
1529
4580
4663
1098
4582
4997
1091
1470
4998
1101
4663
1470
4579
4639
1098
1468
4587
1099
1528
4997
1097
4585
4580
1099
1154
4639
1178
1091
4582
1099
4938
1152
1099
4942
4583
4998
1099
1178
1103
1091
4998
1102
4942
1102
1528
4664
1097
4938
1526
4997
4587
4585
4663
1097
4942
1094
1182
1103
1080
4663
4589
4664
1094
4565
4940
4577
1099
4589
1083
1182
1103
4999
1091
4567
4566
4565
4567
1528
4578
4578
4587
4587
1099
1154
4582
4999
1470
1102
1177
1099
4569
4589
1469
1099
1080
4583
4942
4940
4569
4589
4999
4577
1469
4942
1528
4586
4589
1184
4565
1084
4664
4578
1177
4558
1176
4999
4664
1083
4664
4582
1182
1184
4566
1072
1072
1152
4585
1084
4586
4583
1082
1094
1527
4577
1072
1091
1072
4996
4938
1082
1072
4577
4662
4669
4992
4664
4943
4943
4640
1102
1094
1080
4569
4640
1177
1153
1469
1082
4567
4844
1083
1072
4664
1102
4543
4662
1184
1084
1527
1371
4565
4577
1177
1469
4569
4585
1151
4996
4665
1151
1469
4569
1081
4999
1183
4572
1102
4943
4569
4476
4543
1082
4543
1072
1179
4669
4943
1183
1086
4546
4669
1527
4558
1086
1179
4586
4578
1153
1072
4577
4577
4585
1073
1061
4844
4503
1177
1084
4665
1058
1179
4665
1084
4527
1086
4665
4558
4844
4550
1074
1527
1073
1527
4560
4527
4546
4572
4543
4992
1179
4657
4586
1371
4569
4844
4558
1081
4546
4943
1073
1082
1179
1081
1151
1057
1371
4843
4992
4577
1371
4570
4844
1074
4558
1180
1058
4665
4665
1180
4843
4636
1057
4571
1179
1057
1073
4559
1084
1179
4501
1181
4535
4560
1058
4503
4503
4527
1085
1066
1183
4992
4665
4535
1074
4550
4503
4569
1073
6871
1370
4577
1074
4844
4571
1064
1150
4559
4527
1081
4657
4577
1074
4501
4666
1086
1061
1371
4503
1074
1081
4657
3473
1062
1180
3474
4634
6872
1066
4992
4636
4529
4560
1523
4506
1059
1058
1061
1074
4503
1523
4665
4992
4570
1062
4527
6872
3474
1068
4558
1049
4559
1181
4667
1074
4529
4657
1085
3475
1016
4529
1059
4504
1086
4571
4559
4535
1180
1071
4634
6873
4571
4553
4529
4504
1061
1370
4534
1048
4570
1019
4547
4577
6871
1048
4559
1069
1074
1065
4657
1370
1019
4560
1016
4506
4633
4992
6873
4506
1056
4658
1523
1049
4506
6873
4666
4504
1066
4530
1071
4529
1056
4527
4633
4534
1016
4570
4529
1055
4530
4559
4528
4542
996
1063
1019
1067
1048
1064
997
4633
4530
4527
4560
1069
1149
4505
4656
1056
4633
1055
1049
4553
4992
4542
1017
4530
1069
4556
997
1066
1019
4530
1044
1068
1523
1055
1068
999
1015
4556
996
4559
4658
4529
4559
1020
6873
4505
1044
4530
1056
4657
4552
1019
4542
4527
1056
4527
4554
4527
4528
4530
1070
1020
1044
4658
4559
1053
4505
1068
4531
1019
1002
1050
1018
4542
4656
1523
4505
4633
4992
4658
4540
4557
4527
996
1055
4529
997
4505
4542
1045
1147
1014
1014
4530
996
1053
4632
4531
1053
1015
4528
4527
1068
1021
4533
1052
4554
1002
4992
1001
4530
4553
1044
1052
4530
1045
1053
1044
4527
4541
4556
4524
1021
999
4540
1013
1018
4658
4658
4531
1018
4661
4554
1147
4527
4541
4542
1053
4657
4527
1001
4531
997
4531
4632
4527
4661
1006
4533
1018
4514
1053
1068
1015
1044
1063
997
1021
1052
4533
1522
1014
999
1045
1000
1002
4540
4659
4531
4659
4527
4531
4527
1013
1070
4554
1053
4554
1044
4661
4632
1006
4516
1172
4554
1044
1053
4632
4527
4531
1013
4661
1063
1045
997
1015
4533
1014
4541
4661
4992
4527
1047
4533
996
4531
1001
4537
4656
1147
4531
4541
4533
1021
1013
1053
1047
1147
1148
4632
4554
4514
4540
4515
1172
1021
1006
998
4492
997
4533
1045
4632
4531
4537
1047
1015
4516
4661
4531
4540
4532
4514
4659
1013
4659
1013
1070
4532
4656
4515
997
1011
1005
4499
1043
1040
4539
1046
4531
4527
4532
1054
1011
4532
4527
4537
1043
1013
1147
4554
4499
4659
4659
4527
1021
1005
4527
4632
1148
4516
1001
4514
4516
1046
1015
4531
4527
4540
4656
1148
4659
1047
1002
4499
1522
4539
4516
1148
1010
4527
1173
1070
4514
4659
998
4632
4532
1047
1006
1148
997
1021
1012
1005
1005
4532
1009
4499
1009
1148
1047
1521
4516
1047
4527
4532
4660
4532
1046
1046
4539
1172
1042
4516
4514
1521
4498
1006
4537
997
4659
1004
1046
4660
998
4656
1010
4516
1001
1030
4632
1046
1175
1012
1001
1173
4496
4539
4632
4532
1047
4496
4516
4659
4527
1521
4660
4516
1173
4498
1004
1002
4555
4674
1046
1046
4515
1010
1040
4516
4494
1043
4537
4659
1012
4660
4532
4537
4527
4516
1040
4491
4496
1041
1030
4519
4659
4630
4514
1046
998
1173
1030
1010
4657
1520
1521
1030
1146
4514
4498
4660
1046
4656
1042
1173
1030
4674
4519
1001
1172
4532
1040
4496
4517
1040
998
4517
4527
4494
1031
1168
1168
4442
1004
4659
4660
1030
1002
1010
4674
4519
4524
4630
1008
1041
1146
4498
4657
1520
4519
1001
1010
1146
4527
1520
4537
4659
1031
4519
4527
4517
1174
4654
4493
1041
1030
1028
1031
4656
4517
1004
4630
4674
4491
4552
1034
1002
4494
4519
1039
1168
4517
1168
4519
1173
1028
4577
1029
1175
1175
4519
4443
1026
1039
4657
1007
1168
4520
1040
1029
4630
4442
1004
4520
1146
1008
1168
1030
4517
1034
4519
4519
4656
4654
1520
1033
1034
1175
4673
4577
4577
4577
1174
4517
1041
4937
4490
4630
4657
1146
4517
1174
4443
1034
4673
4654
4493
1032
4442
1008
1037
4443
1027
1004
1144
4673
1007
4654
4674
1033
4674
1037
4553
1520
4518
1520
4442
4654
4490
4495
4654
4553
1520
4517
1186
4630
4630
1175
1175
1144
4937
1036
4518
1034
1041
4443
4478
1029
1038
4521
1035
1032
1035
1038
1027
1026
4937
1027
4509
4673
4495
4518
1033
1032
4443
1186
4656
1186
1022
4524
4521
1039
1036
4937
4518
1032
1022
956
1033
4509
4523
4673
992
4518
4631
4657
4479
1032
1169
4521
955
4524
1170
4937
4671
1035
1026
1035
4577
1025
4443
4441
1144
4990
4631
1036
4518
4631
992
4479
4656
1038
4508
4671
4673
4524
4508
4523
1023
4521
4518
4508
1187
4442
955
1027
1144
957
1025
1186
1186
4509
979
4990
4443
4673
4508
1144
955
1027
1187
4672
4937
4509
4990
1024
4478
4657
976
995
4518
1187
4478
1171
992
1170
4463
1032
4441
4440
1186
1033
1023
4990
1032
4441
4671
1518
4523
4631
979
1035
4937
1464
4479
4937
995
4440
1024
956
1023
1185
4463
4631
1187
4479
4657
995
955
955
4631
4508
4462
4463
1169
4510
4655
995
4476
4523
4656
4508
1171
4671
4631
4481
4672
986
1023
1023
990
993
1025
1022
4441
6547
4511
1185
1464
4511
979
1024
4463
1145
1518
4440
1145
1169
990
979
1464
4463
4656
4463
976
957
4441
4631
4462
4631
4479
4672
976
980
4462
4510
984
995
4656
4481
4463
1145
993
4462
4473
980
3126
954
4989
984
3126
990
4989
954
1188
984
3126
4631
4511
980
991
4672
989
976
4481
4463
4441
994
4440
6547
979
4470
4672
1519
986
954
993
976
4462
990
1188
4466
4463
1369
4989
982
4481
4631
4511
4462
954
4466
1145
4479
1145
1185
6547
4842
4463
4473
4474
4510
4479
976
1145
4464
976
4466
986
4440
4469
4469
4477
989
6547
4481
4842
979
980
977
4477
969
4441
1456
957
1519
4465
4842
4628
1142
4628
4462
991
4439
4464
4464
4466
1519
982
3126
984
1519
977
984
4475
4930
3126
4466
954
957
1369
4464
1188
4438
969
988
4475
4842
4434
3126
4842
991
4462
4473
1369
4470
4470
988
978
954
4930
4628
1456
977
982
969
4842
984
984
4464
4469
4930
4474
954
948
977
4465
4438
4438
976
969
4477
982
969
4452
1142
4464
4628
977
957
954
981
4466
4469
3126
4628
4467
1456
4465
6547
1369
978
4438
4464
1456
4470
4842
6547
4628
989
981
1188
4474
949
1456
4433
1142
4464
4480
966
978
1142
4930
4480
4842
4438
951
6547
4473
977
1458
991
4439
951
4930
984
4437
952
4433
983
4480
978
4467
985
4465
4439
1368
977
1456
1461
4467
978
4439
987
4468
4475
987
4474
1458
962
981
4931
4467
969
1461
4468
4473
983
4467
981
4480
948
4629
4434
4434
981
4468
4452
952
4467
1458
4433
4628
949
4437
4445
977
4452
4453
4841
4628
4464
1458
4433
948
1142
4472
949
1142
4471
4433
951
951
969
962
967
4929
952
4465
959
1456
4930
4480
4930
4474
4446
4453
966
4437
959
4436
1456
949
1456
1368
967
4468
4437
4435
4929
962
952
1142
4446
985
4629
977
987
987
4433
1458
4467
4935
4436
4841
981
959
983
4437
1458
4629
4435
4445
975
4929
4453
1458
951
952
947
4446
4465
4433
970
981
4472
952
4453
4467
4468
4446
4932
4434
970
4467
953
969
975
4841
1142
4629
962
4471
959
4445
4455
4433
4841
969
967
4455
4629
1463
975
4471
1461
4436
1143
4446
4437
970
1457
1457
962
946
4457
4446
959
1461
949
4932
1458
1368
4472
4474
4435
949
947
4931
1457
4629
950
4455
4432
950
4446
1462
1143
967
1143
4454
4461
4435
4467
975
967
4398
962
4467
4445
953
4931
4450
4397
967
4445
4456
975
4437
967
1459
4929
4927
1366
4471
4445
975
4454
1463
4471
4929
4447
4454
973
1368
1458
4932
968
4457
4461
4455
975
4398
4432
4397
968
1366
4455
975
4435
947
975
953
961
4432
946
4450
4432
4397
4454
960
947
4447
1463
970
4450
946
946
4931
1459
953
4435
961
4456
4839
4398
1457
4935
4839
4461
4931
4932
4454
4445
4455
4933
4935
953
1457
975
1462
953
4398
4457
4457
968
4435
973
4397
950
4456
4450
4432
4432
970
910
4927
4934
4447
974
961
975
975
970
4456
967
4445
4454
4454
4927
1457
968
4447
936
1459
946
4448
947
1459
4927
4456
1462
4398
4432
935
4839
975
4456
4397
960
4448
4398
4432
967
4933
1460
4422
4933
961
4451
4460
1454
4934
968
4935
947
910
909
4454
909
972
4396
911
967
4460
911
4457
4934
961
4447
953
910
4461
4451
935
960
1462
4456
4448
4459
4447
1366
1462
1460
961
4839
908
960
4839
960
946
1454
4422
936
4394
4448
974
971
968
1454
1366
974
4457
4460
4451
4394
4836
902
4456
971
4936
910
4398
972
4422
4457
1459
911
4836
4395
964
960
946
4839
4933
961
4448
960
4396
4395
974
974
4393
4836
972
1454
4397
4447
1454
4444
4422
936
4448
900
4447
1360
4393
4933
900
4457
911
4934
4459
4432
4460
902
963
4423
4386
4460
936
4444
974
963
4459
4836
899
972
907
4451
958
960
4933
4458
4933
4840
909
974
1462
909
4392
4936
935
902
4460
4393
960
960
4460
4393
911
4451
4392
935
4423
4459
964
960
4460
4836
1360
907
4836
899
4421
974
958
972
4444
4836
936
4422
4934
4392
900
4840
4709
4451
904
4423
4708
907
902
4444
4459
4396
4423
911
935
4393
4460
910
4933
1366
974
910
907
875
4392
4835
905
1360
4459
964
4458
4451
4362
1360
906
4459
4444
906
4933
4387
4460
4422
4362
4835
853
906
4708
4444
878
963
4392
904
4706
4362
4458
4386
4387
937
1140
4388
958
958
905
937
4393
4840
964
4444
4650
4388
905
4706
902
852
4444
963
4421
900
964
4458
900
4459
4393
4460
4971
4392
909
937
905
904
935
906
1361
4393
4460
4393
4949
875
4626
4421
4949
1360
4386
900
912
899
958
4758
4709
4460
905
905
4460
4392
909
903
906
900
4710
958
4650
935
4386
4386
3128
4361
906
958
4458
958
4420
849
934
6548
4709
4971
4386
4387
4362
4387
4387
4449
4444
912
4388
4392
1140
875
875
4444
899
4709
1367
4458
4389
852
4420
4459
1140
4423
4840
4392
909
4387
6554
912
898
4444
875
909
1228
1141
849
4758
958
4653
4361
875
1476
4391
4392
906
4392
4389
4460
4359
878
6554
958
903
964
899
4385
4385
4385
4707
4386
3127
906
4386
900
4625
852
4711
4708
4972
912
4391
1535
4392
4388
4627
4389
4761
901
853
4337
905
906
3171
903
1361
4361
4384
4653
934
4707
849
934
852
898
958
4444
4384
853
4362
4709
1476
4392
4971
1139
906
6549
849
4449
4359
909
1515
1227
852
4972
898
4420
4387
4362
1225
898
901
4384
4650
6549
1275
4391
4341
4449
874
1225
4648
898
901
1228
934
4361
901
1275
4392
4385
853
874
876
4971
898
4359
4624
906
849
877
4361
934
4359
4388
1499
874
1138
4972
850
4648
1228
4384
5006
901
4627
4627
901
4385
850
1500
898
852
934
4384
850
4359
848
1227
903
901
4337
4385
4359
4389
903
1516
4711
4337
4652
6553
849
4391
4987
4388
876
4385
3132
1231
4987
4341
854
1139
1166
874
873
901
4384
3132
4385
4385
4389
1231
850
852
1231
4363
4385
1515
1516
4651
4388
848
873
4987
1362
1166
4385
1500
876
4710
4385
4337
1275
4384
1225
898
4384
4837
855
4337
4337
901
4338
4926
901
874
4389
4359
4385
4837
4385
1228
1225
898
851
1363
4385
4391
4837
4365
903
848
1227
880
4972
853
1160
4710
4358
4359
1231
1231
1362
4385
871
4838
4837
4972
4648
871
4389
4384
4368
4837
3132
855
4391
4390
4384
4337
1364
1209
3133
3132
872
4337
855
854
4341
898
876
850
1163
1362
880
4341
4363
4358
4337
4358
4359
871
898
4384
4359
4837
4367
880
4837
876
4649
4358
4336
3133
4340
4385
877
873
4358
4364
4338
4391
1365
848
4364
6553
871
4390
872
848
871
1365
1231
1226
854
850
4711
4973
1477
850
903
1362
872
4364
1208
4366
945
4988
4972
4358
871
4390
903
871
854
1231
876
4711
1231
3133
4336
4714
3133
4359
4357
4357
3133
1501
876
4359
4336
4337
4358
4358
855
4337
848
4714
4390
4359
4336
855
872
3135
4649
871
851
872
4363
4358
1226
4367
1477
1231
4760
1477
4334
854
4358
945
848
1263
3133
4714
4341
4431
871
873
1477
3149
3135
3133
1453
4714
4359
4357
1477
871
851
4366
1231
1477
871
4357
4402
876
4390
1163
4357
4988
3145
1231
876
848
839
1163
4988
4339
840
4336
4358
835
840
4338
1477
851
4336
6556
872
4714
1162
4760
4364
4364
876
1477
854
876
855
4358
4334
4358
4340
4337
839
4358
903
4816
4714
4337
4648
4364
4359
1229
4988
872
839
1162
4399
881
4390
4648
4339
1226
4714
835
1163
3133
854
4324
1226
4324
4334
4335
848
1477
840
4760
835
1163
1477
4326
1229
840
4334
3145
1231
1229
945
6556
834
4431
838
1263
4974
4325
1479
4402
835
4973
4339
4339
839
1263
840
3145
1501
4321
1162
4325
1502
1230
855
4321
4360
4360
4973
3480
1230
848
1501
4334
3135
4324
4322
4402
1230
4325
4336
1540
1479
4649
4324
4402
1540
4339
4692
4340
1502
840
835
1517
4334
4325
4334
834
1162
4402
1229
1540
4334
1479
4321
1162
4402
838
4399
1162
4335
945
4324
4324
1540
840
4974
1276
4326
4350
838
4321
4360
4340
838
1162
4360
4431
4336
1264
4339
1277
1229
4402
1540
1230
1163
6556
1163
4325
1264
4334
4325
836
834
4692
833
837
3480
1162
1230
836
4649
4321
1163
1162
1162
1517
1161
836
4322
4326
1541
1322
4321
4364
4334
4649
833
1163
4649
1263
1502
4334
838
838
4324
4334
4326
4360
863
1263
6556
834
4320
835
1517
1322
4351
4323
1161
4360
3135
4321
1162
4335
4399
4649
4335
3480
1541
4399
1323
1263
1162
4326
4321
4431
1230
1161
1480
3135
4360
4322
4974
1541
1480
4431
1479
4322
4360
4431
4747
4649
837
4747
1264
838
4321
4335
1264
4335
833
3135
1478
5992
1323
4323
5992
6020
6004
4326
913
1264
837
1229
836
5988
4351
3081
1161
4360
4649
5887
6010
833
5929
6035
5264
6556
4649
5880
4649
1161
6556
5870
4321
5880
3135
5264
5856
1161
5905
1480
5876
4360
5988
6125
1322
6005
4649
4747
4323
833
4950
5985
4712
3082
5916
3130
1264
3090
6135
5808
5870
6136
1322
4712
4747
913
1322
4364
6135
5963
5856
4746
837
1481
833
4326
6556
6030
6029
4649
6029
5916
1323
885
5901
885
4352
4321
6556
3476
1323
6572
5808
1323
4370
1480
6878
5915
5867
4352
4950
6556
5916
6136
4326
4323
4399
5808
5915
1805
4360
5983
914
3090
5916
833
4713
6029
4320
5864
4319
6125
4370
5855
6556
5775
4319
5807
4352
3130
6556
5775
5264
1478
6152
6027
915
6138
1481
5916
3088
4713
1808
4322
5979
3082
4320
5264
5963
4950
6109
3103
1478
4371
4747
5916
3088
5916
6506
4712
5816
3130
5775
6152
4713
886
4747
6878
4431
1478
1481
864
915
915
6556
6027
6556
5855
5264
6138
5979
6513
5744
5979
6111
4319
4713
1263
5827
5807
5983
837
6556
4649
4370
914
4950
4712
4747
5827
4746
5759
3476
6150
5785
6556
4712
6878
6099
3130
6121
4649
915
4352
833
5836
4319
5836
6152
3081
6121
5975
5268
3082
6219
5264
3082
4320
1323
6121
3103
4370
1323
1206
3103
6099
6191
5916
5916
864
1804
3088
6202
6572
4712
5968
4803
3476
6099
5264
6121
5264
6121
5970
6191
4371
5983
6062
4746
885
915
6145
4399
6219
6191
3089
3083
1480
1514
6152
5794
4950
5968
6152
5264
3131
6218
1455
6556
3089
6556
6152
6152
884
6078
6202
6152
1323
4713
3130
6062
5744
5970
3083
3081
6078
6062
5264
6129
5264
864
4950
6150
4399
6121
6145
5916
6572
6218
4803
4746
4352
6552
1481
1206
6218
6513
6572
6218
886
5268
6186
1323
6202
3134
6199
914
5968
6152
4372
1804
5744
6218
5955
1480
5264
6512
5794
6145
6062
883
1322
6506
2362
6083
1206
2362
6053
2407
6204
6513
4803
5932
5962
3096
6556
4712
4369
2069
864
6878
3130
5968
5264
1448
5264
2206
6218
2403
2366
5607
5264
2765
2206
5852
6095
915
6218
2403
1455
6505
2069
6508
6065
6221
6196
2206
4802
5837
3089
6083
6218
6514
6218
6149
6078
2407
884
5932
6199
2403
4372
3093
6065
3129
3084
3134
5960
6878
2069
2409
2407
6095
5962
5268
6204
4802
6508
2206
6149
5825
5829
2392
5972
4802
5825
2069
6556
6556
6218
6079
4951
6506
5962
4352
6878
2416
6221
6572
4803
5530
6083
6505
1481
2221
6556
884
5607
6082
6218
3095
6066
3084
2366
5959
2422
5264
3129
6196
2536
2538
6194
1480
2397
5932
3476
3089
6053
6050
1480
6083
6205
914
2765
6204
5530
3482
3130
6556
2313
6065
5844
6551
1206
5264
6079
4951
1455
6552
2206
6521
3129
5959
6083
2206
5648
884
5829
2039
1514
6170
3104
5852
6050
864
1481
914
4372
2367
2739
3097
6555
2467
2729
2729
2535
6171
5972
6520
6082
2283
6082
6204
1514
6572
2304
6170
6555
5932
4928
5751
1805
6218
5265
1481
2040
6508
2518
2170
6878
2538
6171
6562
2041
1322
5264
5629
2758
6073
2401
2396
6562
5643
2274
2461
6556
2283
3084
1448
3106
2313
6053
6077
2722
3131
4352
2367
3142
1481
4802
4803
4372
6066
6079
6170
6079
6529
2735
6082
2762
6551
2538
4802
6066
2397
6218
5264
5627
1804
2390
6173
5264
2313
2751
6073
6218
6520
2386
6066
5847
1448
6878
6063
915
2422
6075
3095
2467
6066
5643
2733
914
2762
824
3134
5972
3129
5643
4928
2396
6508
2170
6556
6079
6521
3135
6066
6204
2518
5264
6552
2507
6053
2234
864
5265
6066
6505
6173
2390
6878
2553
2456
3105
6529
2501
2386
2383
2711
5831
2713
5843
3141
2553
2507
2638
6529
5617
915
5862
6079
1800
5847
2383
3140
2711
6066
6878
1455
5738
5847
2169
2518
6161
3134
1808
2041
2040
3095
4928
2733
6508
2326
4352
3117
2502
6075
2501
2401
2502
3129
6521
6066
6507
2651
2578
6079
2712
2578
6161
915
2479
5751
5754
2638
2345
6066
2711
2527
6555
5265
5264
2385
2169
6169
6063
3131
2631
6567
864
2717
3476
5751
5456
5731
2647
5456
5640
6550
2169
5832
6878
6066
6562
868
5720
2383
4353
1481
6517
2651
2713
2385
6217
1803
867
1804
2733
4352
1447
6551
2383
5617
824
6572
1448
5660
6878
2717
6090
5630
3094
6161
2345
2383
2345
6239
2352
6561
3134
2565
5637
1448
4921
2506
6878
2385
3094
5457
2234
2404
2369
6518
2704
2553
2342
5264
3118
4311
2234
6239
6075
6239
5640
4920
2372
2479
6507
3118
6074
5711
868
6878
2119
1805
5712
4419
6542
5660
2638
6090
915
5732
867
1803
2473
4312
3117
2703
3085
5265
3476
6552
2352
870
2704
2709
2578
2385
2330
3134
5752
1514
2456
2565
6572
6059
3137
5752
2275
2275
3139
5536
5446
6239
6561
2480
3119
4352
6567
2270
5637
6528
1992
5264
2482
6519
6527
2372
6059
5732
1447
3117
2631
6159
5736
2180
2669
5751
1804
2704
824
5752
1805
2345
2404
1802
2119
3134
2369
5265
3120
2703
5265
2506
6217
2659
2480
1808
2331
870
2703
3085
915
2586
6542
2473
5736
1804
4928
6567
6510
6558
6074
2345
3085
3117
4353
5265
2496
4928
6159
1992
5462
2473
2455
2270
2233
3120
5454
2372
3138
2586
2331
5536
6529
4928
6518
2270
1481
5265
6510
2482
2482
6090
6559
868
5265
5752
6529
5713
2345
2345
2455
6528
2233
2456
2275
6238
3476
2482
823
2473
2493
6572
2493
864
5457
4920
2588
6233
2705
3134
2640
5454
2703
5603
6568
2117
1802
870
1448
2637
5458
5740
5751
2677
2330
2270
6569
2330
2011
1991
2482
3134
2270
5656
2042
6555
5604
2372
4419
2345
2700
3139
1481
2491
6510
1447
3086
2233
6238
5461
2330
2254
6542
2637
2330
2473
5464
3118
5472
5461
2493
2700
2372
1803
868
3119
5265
2640
867
4352
6558
2345
2117
5262
2927
3118
5464
5576
2270
2634
2010
3109
4354
1805
2233
5597
4353
2251
2455
5265
870
1991
2703
1514
3120
6541
2289
5740
2233
5712
6572
5635
5262
5612
5268
2282
2508
1802
3117
2593
2627
6567
5656
6558
5749
2385
2455
3154
5460
1982
6572
3152
6510
5686
2270
6567
5635
6569
4297
1447
2292
2345
3137
5523
867
2117
5603
2508
1982
2250
3119
2254
2042
1982
1802
1991
1514
811
1804
824
6567
6540
1800
3153
3086
5262
5548
2682
5711
6560
6558
4298
6540
2586
4921
824
6560
3086
1804
2282
2455
6560
6572
824
823
5263
2593
3110
868
6509
4353
1982
5686
5686
1803
6569
2249
2292
3116
2627
2330
5265
2330
1804
1982
6516
867
1802
6556
2622
6541
6558
2622
824
5262
6569
5460
2643
3161
5459
6542
5524
3109
2293
4354
2135
2293
867
6569
868
2114
2627
4297
4920
810
4298
2593
1991
870
2293
4353
3086
6516
6878
5687
6237
810
6567
1801
5604
2290
2179
5635
1804
5715
5675
5262
2684
5264
5635
868
3092
5264
2179
6237
2294
2087
2613
6569
5749
1801
2282
2232
1247
2290
6570
3092
2087
1997
4353
6572
5262
3121
823
811
6878
811
5638
2627
6539
4424
6572
5460
3110
1805
1805
5635
2070
2330
1800
2927
810
2096
6569
1248
4298
4353
5465
2611
5445
3161
2179
4298
2250
1803
2114
4297
5537
867
4354
4352
2683
6509
5698
1803
6878
2215
5264
810
4731
5262
5268
5604
5693
6572
1802
5261
5683
5449
6240
5264
823
4424
2611
2927
2294
5523
2613
2290
3116
4730
6878
6569
2002
868
2627
1247
3109
2626
1247
5537
4356
4297
3153
5675
5523
2232
6516
5466
3086
6516
6878
823
5264
2249
5693
4298
6568
2584
2096
2611
6240
1805
4299
1802
868
4299
2175
6569
2584
3121
6556
6516
5683
2215
5262
868
2927
810
6572
6509
938
2226
1803
2611
6509
1803
823
2215
2135
1988
2002
5268
3110
2272
2096
1801
6572
2232
2151
5264
870
5674
5466
4951
5693
2272
4298
2605
5265
5447
3116
938
5264
4297
4424
4354
6539
2272
3092
5613
4424
6569
6572
6531
3116
5633
4951
5638
3087
6878
6531
823
5556
2004
4352
4731
1998
3153
2249
4424
5685
5448
4299
4730
1804
4356
2272
5633
2698
870
2222
841
4352
3161
2114
6555
2617
5605
2927
2057
1803
6539
1802
868
809
5693
2253
2096
1802
2070
6531
4951
870
2063
4424
6532
5485
5264
5638
2698
6572
2001
5541
2232
4356
4299
5747
2096
3087
5645
5263
5689
2004
4296
1801
5556
5632
3108
6569
6556
5685
5262
4299
3153
3156
4352
5263
2232
1800
809
817
5482
2176
5555
5674
5483
5605
1800
841
2232
4297
3485
2137
4356
4424
6515
1803
3092
5264
6572
2213
6516
5264
844
2606
6511
3107
870
2095
868
869
5673
4296
3161
2224
2004
938
6569
808
2927
4424
4299
2065
5688
3107
2138
3154
2004
6532
1804
6567
3108
2269
5265
3087
2056
6572
2213
4356
6531
4424
3111
5645
4424
4299
2176
1988
1986
4731
1797
3087
5262
870
5541
6531
5264
5654
4296
6556
4424
5540
4424
2071
6539
3161
2096
6515
3156
5702
5717
4352
3159
5647
2201
4327
816
2171
808
6569
2227
938
5657
5654
4299
5540
6515
2214
5688
1798
1798
2145
6572
2184
4327
842
6535
3091
2227
4424
5688
842
6511
3151
5555
6535
3154
2071
2211
4304
5484
4424
2095
5557
3091
1797
6556
4296
3111
4328
844
2774
3107
2201
6568
5482
5261
3156
1800
5534
4304
6567
5664
2009
870
5645
2927
816
5262
4424
4299
3087
6567
2214
5264
1986
1800
3108
2137
5265
808
1795
1803
6572
6511
6511
2009
1798
2079
6567
4296
4304
2072
4299
2173
1797
2072
4328
842
4296
3087
5717
5659
6572
3152
6569
4327
2144
2022
5644
1792
4304
5535
2095
2201
6569
6567
5263
2193
1787
4330
3161
4424
3152
2184
1787
1799
2184
5265
5261
2080
869
843
5261
1798
5582
5265
5654
1986
5497
1790
5554
4296
6535
3112
2286
3153
843
2066
2186
5554
5664
1795
4304
2184
1798
1787
5696
3156
6515
2137
6567
6511
842
2257
1790
6535
4424
3114
3112
6533
6381
2265
6515
2258
5497
1802
4296
5535
3113
2019
2092
6535
4304
4329
6515
843
5265
4330
5561
2241
2066
4328
6530
3154
1801
5265
5482
1797
5483
2093
2019
6573
6511
1792
1789
5261
5262
6515
2184
6533
2266
5571
6568
2257
1797
3113
3112
5554
2235
6567
3112
5259
1787
5263
1790
1798
5669
1798
1803
2122
1799
1795
5262
5481
1795
5561
2256
6515
2242
2066
3114
2927
2258
1790
2204
3159
1799
5261
5251
5481
842
5670
3114
4304
5262
6572
5263
2074
869
5550
3112
5261
5251
843
4304
1798
3151
5384
1794
1800
2021
5259
1788
2066
2036
3161
3112
1797
5571
6530
2036
4424
2122
6530
5262
4304
2229
1795
6567
842
2235
5496
6534
6574
5574
4329
3156
843
5251
5550
2093
6535
6573
5250
6569
5495
1797
5562
4329
1802
5549
4305
5481
6537
4330
4304
4304
6567
3099
5571
5573
2021
3114
1795
1800
3102
860
2107
5259
3122
2089
842
5562
1794
2014
1798
5251
2014
5259
2021
5250
3158
6574
5250
4329
2245
6571
5670
2088
1799
5257
6537
1794
1788
6572
1789
1801
1798
5250
3115
5571
5261
4305
2236
5669
3100
3100
6534
2231
6567
6534
1788
4305
842
1795
3122
4330
3114
1796
1789
3099
4330
6571
6536
5561
5405
5257
6536
5431
6537
5384
6523
2017
1794
5389
5257
5257
5250
5706
6569
3152
1789
2148
6570
5251
2923
6568
6536
2242
1791
5564
5256
5573
5565
6573
5441
3100
6534
3115
5257
3100
3160
6534
2074
1799
3151
5406
2231
3102
6536
5432
4330
2074
2245
3122
5252
2100
6536
2061
1801
6543
5387
3099
2921
2924
3122
3115
5250
2100
3100
6382
5256
5260
6381
2107
1788
6526
5441
6526
2149
6524
3100
6524
5431
2245
2089
5252
5253
6385
1796
5389
3508
2109
6536
1796
6534
5252
6523
3160
6523
5405
5706
2913
1791
6573
3155
6567
2100
1980
5387
2105
2927
3122
3099
5398
6571
5253
6543
3102
5252
1971
5397
5253
1793
3158
1923
6570
3115
5252
5441
5421
6524
6543
3160
1450
1793
5257
5385
6543
3098
3100
3100
2111
2111
6567
5441
6382
5398
5390
2926
5385
6538
5382
1796
6524
6523
3160
2923
6573
2105
6574
3155
6526
3160
3152
5391
6524
6543
1924
1794
6526
3102
2111
3101
1796
2243
6385
1946
857
5256
2913
5564
1786
6538
6543
5253
6567
3160
2913
1920
1793
6387
1791
1791
940
6568
5405
5390
1946
5249
3101
5390
5425
5397
6538
3508
5406
5252
3122
2926
5260
5392
5256
1944
2924
5257
6526
2913
1921
1920
847
5381
3124
5403
1941
2149
5252
5407
6376
5381
857
1786
1924
2916
1921
6522
2925
6538
1963
2923
5382
6369
6382
3098
1449
1937
6381
6387
6386
1793
6526
1951
6380
5383
6385
846
6385
6522
1962
5256
3508
1938
2911
1941
5407
5404
2916
2918
6544
2917
2243
6382
2911
5395
5258
5394
2917
5407
6369
1920
5421
1960
1450
857
940
6385
5407
5256
6525
1944
6525
1785
2924
5391
6370
1204
5391
6384
6380
1449
1784
2921
6380
2925
5392
846
1922
6522
5249
1921
1961
847
6382
6385
6386
5433
5407
6544
6370
5260
6570
4922
1929
3160
5383
6381
5404
2920
3508
2918
1961
5433
5423
5254
857
2875
5421
939
6369
1450
1960
2911
1938
1786
1941
679
677
2911
6382
1951
5380
2911
5399
1786
5380
1786
6376
5414
1951
3123
6369
5380
862
6379
5254
1929
5391
6544
1781
6382
680
2917
6525
939
706
2925
5429
1941
5404
1935
1929
6570
5399
4923
1932
856
6376
1943
1960
6570
5413
2917
887
5414
1964
4344
1951
2920
678
6370
6525
6379
6382
3123
6382
1781
5393
6570
5393
5414
4690
5416
802
6384
1929
1951
679
6544
5413
6385
859
5254
5416
6570
859
706
6382
801
1785
680
6370
5420
1964
677
655
6544
5434
939
6376
1782
1784
5428
6382
5409
6377
6376
859
5247
5433
5402
678
859
1964
4333
5249
5433
1338
677
6378
846
6382
1937
1781
4922
921
4922
845
5427
5435
1947
2929
5428
5427
1947
6369
6377
4923
856
1785
832
1959
1952
6377
658
5419
1932
680
4343
1338
6376
5393
632
4333
5409
633
1961
678
1948
1953
6384
1943
5420
1961
4813
6378
862
6545
4405
5401
655
6371
888
1969
5247
6375
4342
5248
889
5440
5408
2930
1953
1956
1782
6378
6371
5402
632
6375
801
5426
5435
1969
2931
6377
5434
4426
5408
4346
6378
5247
633
4343
1338
721
5211
5247
5027
632
1952
803
666
5211
6372
1967
658
5419
5416
2930
633
4813
4333
6371
5026
1345
4318
3022
4333
5059
1956
1943
721
1973
1972
5021
666
4167
920
4332
4342
5393
5021
1694
4194
5436
1783
1768
6390
5027
721
803
917
3022
4331
1947
655
4332
5426
6371
656
1943
5430
663
5248
802
632
1955
5060
6371
1557
4346
4333
1959
5056
1948
5057
4168
2833
633
4317
6371
1557
1966
1557
4426
2931
6545
888
4404
631
4318
4813
1780
5246
5018
1972
4333
5021
4332
4167
5019
5408
4332
1780
5439
1956
4167
1345
5426
4331
2931
4374
1751
657
5026
5440
4374
4407
4166
663
1981
1587
1346
802
1978
1587
800
634
4152
722
1483
889
5059
1974
1590
1333
889
1589
4403
5059
5062
800
4167
5436
1589
5019
4166
5029
4332
3477
1336
631
1949
5436
1325
5245
1694
634
1593
4425
4374
1559
5061
5052
5426
1493
5415
1482
5159
1768
1783
1783
2833
1780
5058
4166
1493
6388
4143
799
4290
1482
5029
1949
4813
1324
1589
1949
5161
6389
4144
799
802
2915
1959
1975
5026
4317
3023
5057
1552
4291
797
3022
3022
5024
4151
4403
1325
1693
1559
2915
1981
5161
5062
5028
5018
1954
5246
1693
1324
3477
5442
5018
5052
5024
1493
4152
799
1548
890
6373
5415
1346
5442
1324
4289
1978
5161
1974
4165
1981
1482
5024
4821
1555
5058
1486
6390
4286
4165
2931
1559
4290
5024
4425
1549
3023
4152
5062
1336
1549
5061
4151
797
5158
5438
6374
4403
5020
1325
891
5049
5020
5048
1493
2830
5159
1977
722
891
4822
1489
1483
5220
2832
5161
1554
1486
5052
3479
1586
1489
4809
4289
3019
5017
3019
4143
1691
5016
4153
5049
1556
3479
891
5048
1485
3023
1190
1687
5065
1548
3505
1693
1489
5197
4122
1486
5161
1693
1489
4375
4144
1583
2824
890
1603
1493
4153
4822
1334
5023
3019
4121
1548
4285
4151
5040
5050
4145
5069
4809
2830
5068
5051
1599
2837
4290
4286
5025
798
1493
1977
5158
4143
3020
5070
6388
5070
5049
1586
4373
1334
6388
1693
5050
5068
5023
5065
1751
4153
1586
1556
1693
5016
4810
1489
5196
3505
1335
1581
1559
5051
5053
4809
3478
1603
5050
4285
3510
798
5022
3020
2830
4144
3023
1547
4154
1693
4209
2834
6474
3478
1591
3125
1190
1751
6285
4377
4285
4377
2830
4121
1551
1489
1556
4285
4153
1554
5070
4285
1490
4209
5049
1490
5041
5068
5051
6374
1189
4143
5023
2837
4154
4376
6875
5050
1329
5199
1692
4144
925
2834
1580
1490
1555
1688
5065
3478
4377
4119
4145
5064
1580
2831
5054
1692
1581
4811
4954
1487
1189
6546
1487
1266
1267
1728
2830
4287
5160
5050
5196
1488
1252
5042
1690
4287
5042
1484
5030
4210
5070
2829
5064
6474
5155
1751
1490
4411
923
4959
1267
4119
4410
4146
5041
4119
1728
5050
5038
5031
5066
5072
3503
1596
4120
1189
5067
5199
3478
1488
3020
1556
1687
5042
6294
1547
6877
2835
1599
6475
5040
1595
1598
5043
2835
1595
5063
5066
1585
1249
5071
5043
5043
5064
6295
5157
5072
1487
1550
1692
4210
1690
1189
5042
1484
1550
6474
5212
5160
2829
4287
1595
1728
1692
1490
5033
5040
5064
3020
5038
1266
5155
5067
4807
1603
5043
1497
1491
1189
1251
1267
1553
5212
3478
4210
1250
1267
4958
1326
4805
1488
617
3021
3503
1689
4804
1329
6295
4145
1603
5063
1265
5033
1576
4733
1329
1584
4411
6877
1743
2835
922
1743
4955
5033
5079
1689
1488
1327
925
1728
5066
5077
1573
4288
1265
1594
926
4959
5044
6292
1596
5077
5191
1576
5039
1487
5044
5072
1265
1561
1573
4732
2846
5045
5071
4120
1727
1488
1598
4410
1491
5191
1571
4409
6295
618
1687
5378
3024
4956
6292
1722
1497
1595
6296
5032
4733
1569
5076
4962
2829
1598
1730
1595
5376
3021
4806
4965
2835
4408
4806
1594
2846
6473
618
1573
5063
4804
4675
4963
1594
5079
1722
5378
1268
5044
3481
6876
926
4733
4733
5045
1686
4410
6298
1573
5076
2848
2846
1564
5212
5076
2825
5376
1730
5080
5079
5035
1689
618
1597
1598
5045
1597
2849
2848
1250
4806
4958
1602
5378
5072
4120
5044
1265
1598
3021
4965
4732
2826
1575
1602
1488
2840
4957
5039
6291
3481
4676
4957
3512
1251
6292
6290
1564
5045
5213
1745
3021
4965
6473
4413
926
1594
1744
5078
5378
5035
1686
5374
6310
1744
1268
6473
5192
1265
5063
6297
2841
5374
6290
6293
5046
1494
6290
927
5080
1494
926
1915
3021
5213
1916
5086
5039
6297
4676
1562
4956
1723
2884
1427
5378
1572
5134
616
2848
1427
4963
5134
1696
5081
1572
5200
4413
1730
2852
1609
5034
4413
3512
5198
5078
6876
5165
1594
5082
2828
5213
1729
1268
4688
4412
5192
1562
615
3025
5086
1729
1268
5134
2840
3024
3021
5085
5076
1601
2847
5200
4735
1331
2826
1916
2826
616
5047
4961
5047
942
5134
4734
942
2841
1916
1606
4688
5034
2841
5134
4962
5047
2852
2827
4965
4413
2827
6307
5164
1723
1610
1601
4960
620
5087
1609
6293
1608
5165
6335
4104
5134
6291
4957
6473
5374
5035
2884
942
5085
5134
4412
6298
1723
5036
1203
5122
5073
1696
1608
1496
1917
4104
1915
1203
4961
5379
5086
5085
1609
5194
5118
2827
1610
1427
5134
1202
1568
5035
1615
1616
6879
4105
4900
5078
6300
1729
1664
1616
5047
620
4750
5119
4960
6291
1606
5085
1759
4751
5081
1203
5073
5222
1496
5164
4735
2839
5122
6298
1745
2828
6289
6309
4734
6335
795
1605
5135
1608
615
4687
4688
1758
620
1601
941
1270
1427
5126
1652
6300
1666
2847
5194
6308
5115
1917
2843
619
2839
4967
5373
4749
1202
5118
621
5219
5219
660
6286
5096
5085
1495
1270
1758
941
1914
660
4966
2874
4900
5036
5116
5119
1652
1610
5087
1666
1607
5375
4103
5126
5194
1577
1616
1566
5379
1613
1655
6288
941
1611
5218
6309
1914
6286
1655
5375
5121
5373
648
6289
6313
4104
5193
1269
5219
5095
5222
1201
5116
5379
5194
5194
6308
796
1617
4687
5084
1330
5088
4688
1759
4105
4147
4748
1611
1212
5218
660
1648
766
6309
660
6291
4967
5153
5084
1567
1749
5379
1617
2844
4960
5115
895
1613
929
5153
4748
5219
1750
648
3017
5379
1611
929
5153
619
768
4103
941
5108
662
6343
1912
1749
928
5099
941
5375
1708
5171
1201
5099
5208
1330
1725
6302
6289
1604
5120
4150
1577
1758
5095
5096
5125
5105
1913
5208
1567
5107
4687
648
1750
4254
1612
1213
662
5373
1568
1194
5147
5379
5144
5218
726
5153
4104
941
4416
5098
4147
4428
5145
1625
2874
4428
4110
895
2874
1568
1269
4749
769
1203
1643
6299
647
5106
6302
1607
5100
5195
1648
5125
1753
726
895
5105
5226
648
5107
648
1708
5105
1640
5145
6288
1194
5100
895
1665
1913
661
1749
5144
5153
4416
5170
929
1678
5106
691
4150
5177
1625
6287
5132
2874
1193
928
1330
1708
1567
4695
5169
5154
1725
4109
5136
5105
5222
5145
5097
1640
6301
1201
1649
5093
5145
5154
1213
1643
1912
1612
1724
4869
5112
1271
4148
5097
4427
1717
647
894
5114
4427
647
4968
5132
766
1678
1913
1757
5093
1724
4150
5204
4870
5112
4107
5171
1349
5171
766
1637
1630
1677
1193
4753
5204
4414
4870
1647
4148
6472
4689
5146
725
646
5143
5097
4415
1607
5226
5146
768
6303
6472
5146
1646
5097
5205
892
6303
1649
1679
1607
4869
4149
4108
5092
5177
4107
1626
3080
1630
1717
768
1717
1680
1726
4255
646
4427
1271
4415
4752
724
4689
5124
5205
4427
5170
1613
5225
5143
5169
1912
930
1630
1646
4148
5209
5092
1679
1682
725
1643
5113
1195
894
661
1724
796
930
1647
1679
1638
1682
4869
1424
6472
1424
4870
4969
1913
6303
4695
6472
691
1643
1213
767
5146
5201
4695
1674
646
4415
892
1636
5092
1626
4179
5109
4256
4871
4415
3018
1424
5114
662
5186
5225
4689
5209
1912
4135
1679
1724
767
5204
6305
789
766
1349
646
5172
5173
4181
4108
5102
1631
1626
5186
5111
1195
5226
1421
5217
4753
1193
5172
4858
5372
1646
1674
5205
643
1195
5225
1639
4856
4427
6306
4254
725
789
1630
630
1625
627
645
1629
1680
690
5372
4255
5146
1682
4858
1627
1681
1624
1685
4149
4181
4871
653
1726
5128
5109
627
1424
4283
5101
4752
5089
5186
627
4858
4117
767
1631
1636
1349
1724
1631
4142
4212
1639
4857
4178
4179
1682
4696
4136
4415
693
4284
1421
2851
645
690
4256
4141
893
768
1198
644
4427
3018
4177
1197
4256
4135
1712
789
1646
4856
1738
725
5175
4872
1196
4117
1736
644
4872
4858
767
1625
5128
5201
4181
6306
5110
737
5091
4117
630
1423
693
4825
4858
3018
5372
1712
1421
1681
5101
4118
1639
724
627
5210
1396
5217
2851
1311
1634
4181
1423
5149
5175
645
4754
693
2851
1683
4378
1424
1624
1628
4680
4141
2909
1426
1627
4857
3080
4178
4178
762
644
4089
1685
653
789
4678
5089
1628
602
2850
628
628
4277
4681
4678
4884
693
1198
1662
4212
1684
4257
2909
4284
4715
4858
1396
4379
4884
4088
4176
1683
1197
1675
5090
1349
5138
645
4825
5168
1399
1624
628
4859
5183
6332
4117
5224
1734
765
601
4256
1624
1311
629
4226
1196
1764
4135
4861
4257
893
4854
3026
6281
893
1662
4277
4089
4158
5151
5138
1681
4378
1423
4088
1198
1736
2851
1311
4681
4158
3080
5224
5110
614
4677
645
599
1738
4883
4088
2851
1703
5151
4378
6311
790
4854
6312
645
4855
738
1644
3506
1397
1349
4251
686
4718
629
4860
6312
1683
629
4859
4159
4825
1422
1663
2850
692
2850
1712
645
5181
5188
5188
4860
4680
1633
4088
1700
4118
5181
2953
1733
4176
1764
613
4854
1764
4132
693
4791
4279
4791
3080
5139
5140
1397
4175
628
4175
4677
1661
1733
1736
5179
1681
1683
4180
4684
5188
6332
1315
1311
4118
4088
1422
4213
5187
1635
4883
602
2909
1673
4854
5150
1312
1399
4718
614
669
4100
1738
692
1237
2872
4855
1703
6312
762
2909
4088
4896
1683
1382
1644
3026
4279
2953
4175
4378
2850
669
4159
1764
2955
3506
1410
4381
614
4212
601
765
4159
1398
1632
4855
4100
3026
5184
4896
1253
1732
685
4131
1683
790
2866
1382
1383
4280
1312
2955
790
6312
5189
4885
6368
1237
4090
5182
4381
4682
1633
1746
1315
692
1635
4173
2953
1429
5152
5181
6476
1712
3506
686
4791
4180
3044
1382
4133
4225
599
3077
1661
6281
4280
4132
2953
5150
1254
4278
1714
1382
4214
2866
4718
3041
4175
6282
4100
5179
612
2820
6332
692
1659
3042
1701
4090
1659
3077
2866
3044
4380
4280
1672
3043
1413
1661
4861
5189
4134
5189
1711
4717
4281
4717
612
4682
5152
1671
4133
1381
2865
4381
1385
4101
6476
791
6368
4087
3015
4269
4683
1316
4240
1420
741
4173
4269
4268
4684
4885
3015
2956
1418
4895
1683
4134
685
2907
4099
944
4717
1384
6332
4429
4796
4717
1761
1413
1253
4886
742
1236
1385
692
1253
4241
4888
4868
4792
3035
5184
4897
2957
4173
4850
4087
791
2867
1312
4861
763
4717
1418
4099
4133
1420
3043
1315
6492
5182
685
2865
6415
4796
751
4240
4282
3031
4252
779
4862
2870
1381
4134
1668
1711
3035
4180
6329
6413
1419
3035
1761
751
4765
4737
780
2871
1683
1706
5152
4684
944
1377
6412
1430
4683
4180
4101
4253
4720
4895
6367
1835
3042
705
4090
753
1698
4267
5182
4765
1711
3507
1350
2870
4903
1411
4888
4868
1706
1671
4174
1698
1437
5231
1387
1669
6492
6333
1760
1411
3016
791
4380
4888
4862
1381
6333
2867
944
3031
741
1419
4099
4227
1381
4879
779
4238
1387
4240
1236
2908
1671
4862
1713
6489
1348
4850
790
4765
4275
4861
6489
1437
4266
705
6492
1312
791
1406
1258
1258
1710
742
1721
791
753
4892
1287
4266
4250
1316
4099
1411
4892
5231
5227
6330
4720
4850
1287
791
1350
1285
4850
753
4792
1438
2871
4862
6282
6329
4429
4850
1352
3036
1236
4429
4888
6333
4274
1352
4737
4228
4174
6326
4865
4274
1418
5013
4174
2959
4238
2862
791
1347
1347
2862
1377
3064
4275
1669
1253
4238
740
4248
4736
3037
4902
4886
4764
1670
705
4904
1352
6329
3016
4741
6482
4717
1282
3027
4267
4737
1670
1282
1710
1544
1715
1711
3016
4717
4865
1378
1720
4275
4865
1386
781
4975
4266
1347
1436
4882
1348
4867
4429
761
6327
4887
4893
1282
3036
3507
6367
4863
4893
5227
4273
1715
791
6331
6330
1508
6326
1836
2863
4879
5327
6333
4719
6482
4864
1287
4853
793
4273
5296
4276
6327
4792
4910
1257
1232
4743
3027
3027
1347
4887
1350
1347
4902
6327
4909
1503
1720
1286
4239
1388
5328
5008
4239
1350
4744
3031
1232
4824
4792
1435
6479
1347
5013
6366
4172
6487
6330
3037
1537
4266
6327
4094
4717
5009
4891
5008
5297
1835
4172
4906
4853
4740
5331
5229
751
640
1386
759
1407
5009
1233
6489
1288
1378
3032
4205
1537
5014
4863
6478
1503
4741
1544
1353
6500
1200
4851
4906
4739
6485
1377
4170
1538
4867
4824
3064
4769
4686
791
2960
3016
2861
4206
1503
4824
4766
4745
4826
4757
1282
4795
1429
4239
1538
793
6417
2963
4891
1236
4891
1353
1503
5014
4824
1316
640
1200
4205
1286
1388
6479
4891
4206
4879
1288
1503
4745
5013
4795
4890
4851
1538
6331
1392
3066
3032
1380
4744
1285
1386
6478
4890
682
4882
1258
1503
771
4910
4911
4882
755
2961
5297
4739
1538
1539
4852
791
4795
640
4891
1538
2863
682
4192
1836
1316
4852
1200
5363
1538
4130
2934
683
1837
6391
1866
4827
6323
4769
684
4230
1866
1763
1409
1763
1763
770
3033
4863
6421
683
6467
4094
4207
3484
3027
1288
682
1388
4823
4891
4863
2861
4207
1200
1257
6418
6481
1763
791
6325
5297
6316
4756
5363
1545
4909
1235
4866
6283
1402
1546
4246
4744
2933
1380
684
6457
1386
4908
4880
1393
1545
4795
1378
4766
640
5366
682
729
1546
3484
649
2998
4904
6500
4742
4823
757
1407
5363
1539
1235
4208
4193
4130
4882
6362
3076
6321
3509
4129
791
1273
6322
3509
770
6324
3033
1234
641
4866
6422
1433
4193
4851
595
4755
5012
4851
4742
1394
787
793
6319
6320
4208
6392
683
2938
1353
1429
1282
1545
4193
4904
4771
773
1508
1429
4827
4739
1504
1546
4139
682
6321
6391
4094
2964
5011
6481
1379
4130
1273
755
1391
3028
2998
684
6322
641
5330
1388
2971
1837
1837
1546
4192
4744
793
6360
2822
4112
4889
757
772
6283
2853
4742
6283
4743
5366
1272
4881
1402
6324
5297
5012
2938
1407
1274
4880
626
6457
773
4208
6319
1409
1545
4130
3498
4771
5310
1395
649
4129
1274
5298
6392
6422
5011
793
1272
6283
6320
1402
2998
5340
1402
4137
1234
4139
641
6393
5330
1402
4890
595
1403
1272
6283
6283
675
1394
6318
1389
2853
5012
626
1405
4977
4129
4111
4245
773
1234
793
4137
1394
2971
3028
787
1390
1403
4129
598
2822
6359
5340
773
2856
5310
5012
1539
1389
4094
1839
2853
1405
1415
719
1274
4112
6284
6359
1394
2822
5338
1416
6283
4881
793
4743
4204
675
4140
1395
6396
1380
2935
1380
4904
1297
5354
6314
4085
5013
4084
1404
1272
1433
603
4114
757
6458
6410
1290
5308
625
1407
2965
6411
6283
719
6360
4203
6395
1260
2936
715
4881
3007
1871
5320
6360
793
1272
6501
1404
4817
4216
1342
3007
5013
6358
6359
4904
1390
4083
6314
6284
1404
1415
4139
6431
4382
4979
4139
1260
6315
1416
598
1542
1294
4114
4979
5301
2935
6284
1260
1409
1379
787
6284
6438
1274
6358
1871
1404
1871
4083
4113
3028
605
5340
2903
2904
6424
1272
6431
729
1414
1429
4114
729
597
1260
1505
4881
6404
727
714
2822
4113
605
1844
6357
1404
606
6438
668
4772
1542
1838
1409
728
2971
4417
4204
2823
2967
932
4265
1543
4979
1434
6458
6404
606
6438
1844
6435
1433
2965
4979
1259
5307
6357
4881
4086
2823
4889
3065
5302
4182
1431
719
4772
6442
593
1845
1905
605
1416
6397
6435
6284
4776
3496
896
1755
932
5320
6430
931
6275
897
4182
1407
1881
4979
1261
6357
6410
1542
6284
4265
2822
1905
668
2823
4979
1432
1261
6502
2969
606
4086
2968
4817
1543
4093
6356
5299
6426
1409
4698
6405
4382
2969
6442
728
4881
4698
2904
727
4889
2939
4773
1881
1845
1755
1416
6403
4417
2823
1905
897
4382
1845
3075
1408
4156
4155
1899
4979
6439
1295
1905
3075
1262
716
896
1342
2903
6454
1881
6444
4817
6399
1262
4820
2904
931
1291
4185
3067
6355
668
4093
4776
1904
719
4777
4697
6404
6427
6400
735
2878
694
4978
1510
4698
2901
4874
4834
6444
4874
590
4185
1506
2902
4383
699
713
2901
6405
1506
6355
1216
6460
2898
2823
4979
3074
2899
6456
1510
1296
1877
6428
2941
2814
4698
4819
2966
697
4155
1848
4082
4918
4978
2878
6447
719
4093
4819
1506
5304
1842
6406
698
1842
4778
4874
6456
2898
1849
6459
2899
4184
6408
2978
1342
590
4834
2878
2877
1898
1295
733
6409
1510
710
4774
4913
4224
6460
1877
6274
4697
1343
1400
6465
698
4918
591
1846
6428
6407
2976
4186
3079
2877
2897
731
4918
2939
1506
5360
4082
1445
1897
4699
4196
774
6406
1506
4874
1400
4914
4778
4197
2873
2950
4779
2897
5350
2940
6464
4774
4082
2898
4915
2943
4917
4222
2981
3009
4873
734
6449
2984
4222
1843
2897
4701
589
4779
4819
6334
774
5358
3000
700
4919
1900
4982
1216
6406
1507
4082
1401
1809
4699
4187
4778
5288
1896
4189
4919
4914
701
2877
2980
5358
2944
6463
1401
4222
2975
5356
4915
4195
635
1446
4916
4916
1859
5319
5322
1507
4981
3172
5277
3002
2873
5344
1814
4778
5306
3079
5317
635
5356
589
2984
709
5287
6449
6334
4779
5316
2944
4080
2949
3009
4188
4222
1809
1305
5316
2883
4219
4080
4223
1445
4188
707
1900
1442
4198
5356
5317
6342
4916
4916
5290
2996
3172
3063
589
5358
2887
2886
4919
4778
1895
2995
1444
3003
2988
5336
4123
4080
4778
2997
589
1873
638
5315
1357
1895
5344
1873
5358
1446
1814
5314
1442
5306
2887
3001
3003
4726
1895
4786
1301
3170
3006
3063
4778
5356
4188
1442
4783
5336
5315
6342
6346
636
1303
5346
6503
4123
1861
1306
1900
5356
3063
5358
589
1874
1900
5346
5276
4080
2991
5344
2948
5356
5336
1310
4901
5344
1829
5312
4729
589
589
6503
4220
5334
1889
3062
3170
2947
5337
4779
702
1895
3063
5356
1359
749
4077
638
4782
4901
1889
4726
5276
5274
1439
1442
4778
1900
1813
4077
1299
2948
4784
4123
4782
5334
4080
1310
1895
5347
6342
1310
4781
3010
1894
1891
2991
1815
4078
4124
638
1318
1873
585
6346
4778
4781
5356
4901
4126
3170
585
5313
1299
4723
3013
4781
1813
5337
5276
1815
4786
5294
4901
4190
4126
4728
1820
4078
5334
5313
636
1875
5334
2990
1894
4780
4781
4901
1298
1827
4781
4078
6341
5334
4780
4124
4727
703
1443
574
3062
5293
585
1826
1310
6350
3010
1317
1221
592
1298
4728
4784
5007
1856
4076
1317
4078
1865
5334
4780
636
592
5293
1310
1891
749
1441
4191
1883
637
4780
585
1441
1876
4786
4059
1864
3013
5007
2990
5007
4124
4235
1864
1857
586
1876
586
1831
4097
586
4075
1318
1815
4781
4781
6347
1857
5293
4723
6470
5292
6351
3010
6469
6352
6341
6347
6350
5291
6470
4059
1856
586
6469
4097
5292
587
1865
1308
2888
4076
5007
5007
1883
1891
609
1830
6471
4723
1318
4723
1318
6348
1831
4059
6470
609
1855
5007
4096
586
571
609
6351
6349
637
1884
4789
1816
1855
1858
1831
2881
1321
6353
1831
1834
4074
587
4703
6471
6353
1321
1884
6470
6470
1238
3011
812
1864
5285
1319
4800
4075
822
6347
822
6470
6470
1242
4097
1238
1853
1831
574
4075
4308
2881
4801
1319
1852
812
4237
572
1816
1832
4309
1834
5280
1245
1853
5323
2974
6349
2888
5326
4096
1242
5285
4703
573
1238
5343
1851
4237
6471
6339
4096
607
1245
4097
4308
1863
3471
6348
4798
2895
5323
813
5279
1858
3730
1830
4301
5343
820
3011
1816
4309
4061
1830
1830
6354
2889
822
784
1320
1863
1851
5323
6432
6349
4763
6354
4801
4309
1812
1863
573
1238
5343
4722
5283
4231
4722
1281
5343
1812
4200
6354
1239
2891
1833
3666
1854
4725
822
3012
3012
784
4762
1823
4308
6340
829
441
2974
3471
4309
5286
1854
2895
1823
573
3730
5272
3665
1833
442
5286
820
4095
818
5283
4722
5311
4301
828
2974
1854
2889
1239
5311
5283
743
4270
4794
1812
1882
4762
5311
1281
2893
818
2894
1823
2892
441
2891
3663
1281
4703
2889
4271
1825
3943
1824
4231
826
3665
1824
1823
5283
3811
2893
1824
5271
4271
5311
217
4307
3730
1824
2890
3727
819
216
5273
5271
1825
3665
5311
442
219
826
454
4095
4301
4231
3666
3719
5273
783
3722
1823
5273
5273
1314
1825
783
819
453
215
1822
453
4313
3922
807
452
5271
3798
4313
5271
1850
4307
1850
4231
4095
454
3731
3943
829
782
3732
441
4295
219
1850
152
217
805
1313
442
1850
216
4292
825
4307
4292
3922
807
3719
1850
3719
3922
453
3811
3051
4307
220
804
220
804
3951
3663
4793
3732
153
3809
3165
154
3051
4313
804
3721
3688
223
3798
3732
3735
208
426
1313
285
3721
219
299
220
1313
3818
425
3719
3719
4793
3922
3726
3719
3920
286
153
3811
3951
425
223
334
3820
3809
3720
154
3721
151
3809
208
3951
223
212
334
223
285
297
257
220
151
3820
211
3720
3059
3723
3817
3808
209
308
297
310
3725
209
3720
3662
461
212
6493
3046
286
3724
3720
299
308
284
3725
3795
3919
212
3795
6494
6494
3919
3720
3808
424
297
3809
258
3687
3796
207
103
300
296
284
3813
103
3736
6494
3616
210
175
461
307
3686
3568
104
3615
176
3808
3687
104
3724
3911
297
424
214
3655
176
417
297
258
62
3814
213
296
3725
3688
3715
104
3813
3812
207
417
3658
176
225
3568
3615
56
296
59
214
3575
56
3911
3655
175
62
175
3718
3659
302
306
144
213
461
173
3662
3567
61
3812
3815
300
3662
3570
3659
3814
3813
3615
3658
3813
144
224
175
3715
3718
3575
3654
59
3659
145
102
3052
225
224
61
3658
144
306
149
145
54
53
141
3575
3738
3815
61
3715
306
149
3685
302
3662
3653
3685
3653
3738
149
3614
5367
3686
202
173
3793
3567
102
146
3714
59
205
281
206
3614
281
281
202
203
3713
146
3661
3653
3657
3717
304
141
3657
3605
173
149
3700
54
304
3565
95
3653
173
226
305
3662
3756
280
3526
173
3791
280
3657
205
95
95
3527
3714
206
146
140
53
50
3869
3756
3582
99
3713
226
206
3816
3500
3926
3888
460
50
423
79
3661
147
6496
269
3554
3714
173
72
464
460
464
3926
3739
187
98
147
3699
201
3700
203
3918
203
3714
72
227
3865
187
3869
3781
3561
3865
187
245
201
3660
3526
15
420
3888
3056
3751
3528
174
3918
423
3918
150
3554
227
464
3527
3660
277
174
3869
269
245
420
227
3739
3923
3528
3888
3781
84
150
3733
4012
148
227
204
3888
3887
3056
3781
3699
3697
4012
13
3790
201
3918
14
3865
364
227
3865
440
3739
4010
276
4010
527
3923
4012
3918
3698
185
3923
3557
188
523
523
41
3697
523
4007
446
4010
148
3739
277
13
333
440
3751
276
3865
221
14
314
3918
362
3698
400
364
3775
4023
527
3886
3983
3865
3698
3698
3799
3768
534
333
268
3983
3896
36
3984
188
3799
333
3733
256
333
446
333
33
321
3698
4007
221
4007
3768
3768
3983
41
268
237
3900
332
3974
3529
4000
321
362
36
185
527
400
3698
3866
4007
404
402
3778
3768
3758
185
3697
3548
404
3903
407
333
496
3768
3973
188
3758
3903
3552
332
33
3900
446
534
3774
3984
3751
3981
256
4000
322
321
3768
3698
3552
4000
3768
3749
333
3898
362
3973
3539
3897
267
4006
496
28
400
3698
238
496
446
5243
3997
332
3898
403
397
3897
3531
3997
3981
402
3768
3899
256
396
496
3768
495
446
3897
322
237
3768
238
5243
361
3997
265
512
3898
485
3669
31
3898
3768
446
402
3866
3752
331
401
4033
4030
401
267
512
361
3552
3768
485
28
361
395
495
17
3896
4006
3979
28
3979
537
3901
512
396
3740
3551
4030
540
529
399
3775
3898
262
3892
495
407
407
3999
361
3844
3895
5243
542
3899
446
3897
492
3898
3901
3885
485
4072
3774
3897
492
401
246
3740
3901
398
3977
38
3897
262
529
38
542
5242
361
5242
399
397
3551
331
401
396
3939
517
545
3523
24
3889
395
3892
4041
3892
264
22
3902
3977
395
3999
358
6883
448
3632
507
5242
3889
4033
24
5242
399
399
3977
3889
3861
448
3901
447
246
3901
492
4041
3892
3539
330
401
355
517
6883
504
3977
3902
492
3884
5242
3889
387
504
4055
399
3890
3910
396
1778
3975
344
396
3889
3759
491
491
3902
399
330
3889
3632
387
3885
393
3625
3632
398
5233
447
3882
4044
448
9
4055
4044
3901
5233
399
507
397
3691
546
3884
447
350
3910
3902
3692
360
447
9
358
393
401
3975
3492
3753
357
396
3853
357
553
492
391
3854
467
3632
3861
330
194
401
5232
344
3957
399
401
3523
1778
3894
447
1778
447
122
408
388
401
490
553
122
3893
467
3884
3971
553
5232
3692
3889
3753
3893
3970
132
3893
3882
3957
3742
3889
3971
3691
2807
391
3889
581
3971
3854
5232
401
390
3883
3753
3893
3894
3890
3874
387
6262
401
3759
3894
581
378
3889
3893
12
3889
469
391
409
389
3961
5232
200
392
3957
1777
350
3759
3855
447
132
473
458
3961
388
391
3691
3970
389
391
3963
194
558
3692
242
390
475
247
3963
392
3893
3852
6262
3695
6260
1766
247
391
3874
3889
2807
3889
3893
2817
3875
349
392
378
3894
477
3874
132
3893
347
3883
3691
484
3893
3894
392
387
387
3894
3875
3704
3894
391
458
3695
3852
261
391
3701
3889
1765
497
3855
391
5234
389
3747
411
3694
182
3894
367
392
3773
3851
5234
3519
392
377
3695
458
3893
392
3773
3893
347
368
234
1765
3894
3894
3694
369
109
391
388
109
3695
3694
3880
3704
3617
3894
458
3747
3520
389
392
3894
458
392
3747
3767
458
3767
234
3701
411
3694
391
3695
339
242
3694
392
387
5234
3617
3894
3893
391
182
3767
392
381
3694
3893
369
458
247
3517
3894
183
183
458
3693
3707
3710
458
234
375
3767
392
3693
5
3767
1767
3694
179
3520
3709
181
234
392
6
235
3517
253
3747
3748
392
3766
253
3518
458
3694
3696
458
3767
6
183
3519
179
3693
3766
261
1776
235
392
3517
392
3767
189
3693
3766
3707
3710
3
195
194
3515
183
3766
1767
3783
3694
3766
3695
179
181
181
253
385
3766
3746
234
3745
3710
3518
2
3766
254
254
181
236
179
196
3767
197
3514
3766
3696
385
3782
254
3696
3674
3783
3696
179
254
254
3746
3766
234
181
3
3673
3682
179
253
3767
183
270
180
3764
2
3679
3766
3672
3516
3782
254
3766
3766
253
236
254
3682
3782
3764
3764
197
385
236
3766
3745
3782
184
3513
3766
180
134
254
3696
8
254
197
385
3682
162
3516
3766
3766
252
253
3672
167
3672
160
3764
3764
336
385
180
254
385
3648
270
3682
184
3674
3682
3785
184
336
385
3679
253
161
3765
3785
3681
168
168
3785
184
3682
3513
160
167
3764
3765
168
254
180
180
3648
271
180
134
385
3513
135
3680
3765
134
184
336
385
3785
3671
3674
159
336
136
184
3680
271
180
184
159
3681
168
3647
3764
386
3674
133
3647
180
3765
255
386
3646
170
3680
252
386
3684
3785
252
3765
169
3671
3765
3684
135
3784
3645
3784
3765
386
3674
336
160
3785
272
259
271
3645
3784
3680
271
386
136
3676
336
136
170
3680
255
386
3677
3784
3677
3674
273
255
166
3784
3787
3164
3683
135
259
3645
3164
252
272
3676
3784
166
3689
3677
3784
3678
273
171
259
166
259
386
252
3164
255
3684
169
3677
3645
3683
3787
3683
3689
171
3787
3689
3771
172
170
3676
3678
3787
249
3164
273
165
164
255
272
3164
273
171
3787
3771
259
3787
3684
3678
3689
273
164
163
172
171
3683
255
165
3678
171
3771
3787
249
273
3787
273
164
3787
3690
3761
414
414
3689
3787
172
3675
445
3690
3787
273
249
275
3690
273
3689
275
273
163
3787
275
445
171
3761
3760
178
3760
163
164
248
3690
3760
177
273
248
414
445
413
177
275
3763
414
275
178
414
3760
413
177
414
414
413
3763
3690
177
177
414
414
3762
163
3763
413
275
251
3763
250
3760
250
251
415
3762
248
3763
3763
412
412
412
251
412
250
415
412
412
415
250
415
250
412
415
250
415
415
415
415
415
3445
3408
3409
1278
3136
4653
1534
1278
3136
1278
3136
4830
1354
1222
1476
1222
1223
