6719
6717
6717
6714
6719
6761
6708
6749
6708
6749
6714
6748
6746
6761
6749
6854
6757
6854
6820
6749
6853
3360
3356
6749
6852
6853
6822
3356
6820
3356
6662
6654
6858
3469
3465
6822
3455
3356
6746
6705
6852
6858
6823
3465
6842
6862
6748
3362
3461
3359
3356
6747
6746
6644
3455
6857
6865
6744
6858
6773
6770
6853
6862
6702
3298
3462
3354
3463
6649
3361
6749
3298
6822
6823
6840
3353
6858
3356
6863
6744
6742
3364
3454
3311
6644
3237
6858
6773
6865
6742
6708
3438
6740
6749
6747
3461
6740
3288
3276
3297
6634
3440
3264
3439
3462
3301
3443
6746
3439
6749
6702
3353
3459
6759
3438
3443
3311
6740
3297
6654
6744
3297
3462
6742
3251
3254
6761
3469
3469
3356
6742
3313
6843
3250
6822
3361
3354
3225
6863
6853
3258
6862
3445
3430
6822
6742
6839
3251
3250
3357
6844
3264
3353
6747
3254
3452
3357
3237
3443
3441
3288
3430
3250
6759
3454
3276
6848
3255
3251
6862
3448
3460
3451
6761
6740
3237
3447
3438
6741
3297
3267
3354
3451
6759
3459
3251
6823
6740
6692
6857
6773
3253
6749
6740
3253
6634
6740
3353
6839
3253
6822
6844
3313
6749
6784
3461
6839
6744
6863
3253
6823
6749
3460
3225
6823
6714
3356
6744
3357
6746
3264
6749
3242
3446
3445
3239
3423
6746
6649
6742
3446
6747
3237
6759
6653
6827
6848
3238
3438
6828
3255
3425
3255
3441
3316
3354
6714
3239
3422
3349
6747
3425
3421
3449
6827
3421
3459
6828
6839
3358
6828
6740
3449
6692
3454
3432
3358
6740
3449
6749
6741
6639
3423
3253
6692
3425
6827
3239
6845
6702
6702
6714
3459
6740
6755
3421
3445
3318
3242
3422
6868
3258
3253
6845
3432
3354
6773
3242
6662
6845
3238
3420
3352
3251
3422
3316
3350
6773
3349
6822
3295
3270
3242
6759
3251
3349
3358
6746
3253
6692
3421
3425
6829
3420
3429
3247
3245
3295
3253
3237
6831
3239
6749
6770
6742
6828
6777
3356
6759
6761
6744
3431
6868
3256
3351
3407
3290
6740
6829
3239
6823
3438
6845
3318
6828
3397
3232
6784
3352
6838
6759
6740
3432
6845
3421
6749
3237
6649
3239
3349
6737
6827
6746
3428
6692
3459
6639
6653
3237
3239
6770
3245
6832
3243
3272
3245
6692
3245
3239
3236
3445
6828
3379
6757
3425
6740
6770
6828
3445
3239
3239
3425
6762
6757
3459
6823
6662
6746
6759
3428
6827
3352
6740
3411
6828
3284
3350
3445
3295
3445
6747
3397
3352
3237
3445
6742
6737
6697
3428
6829
3319
6757
6737
6702
6838
3445
6747
6831
6827
3427
3273
6759
6829
6762
6749
6777
3378
3423
6759
3438
6702
3239
3232
3243
3350
3420
3411
3236
6737
3239
3243
6757
3304
6809
3413
6827
3239
6784
3373
6763
3445
6757
6697
3408
6773
3413
6747
3248
3408
6845
3257
6809
6695
6749
6695
6759
3445
3237
3349
3409
3245
3407
6761
6759
6827
3340
3312
6832
3370
3350
6763
6653
3319
3375
6737
3420
3432
3232
6702
3272
6750
3408
6831
6702
3411
6697
6759
3287
3337
6762
6759
3352
6697
6749
3379
6759
6822
3428
6784
3239
3237
3245
3352
6702
3239
3408
6747
3293
3422
6747
3272
6761
6757
6702
3352
6750
3287
6797
3378
3232
6759
6763
3272
3304
3379
3319
6777
3414
3445
6838
6750
6747
3248
3428
6761
6763
6828
3350
3428
6759
3427
3237
3408
3319
6749
3350
6763
3232
3293
6747
6786
3237
3237
3272
3348
6828
3314
3319
6828
6759
3345
6763
6838
6838
6773
3305
3397
3293
6770
3257
6831
3345
6759
3338
3383
6763
3304
3337
6761
6828
6747
6748
6749
6763
3337
3375
6759
6759
3345
6759
3272
3314
6770
6779
3373
6777
3272
6702
6749
3409
6832
6759
6797
3348
3383
3427
3408
3340
3345
6717
3292
3338
6702
3293
6763
3304
6761
6759
6749
6702
3314
6774
6809
3272
6773
6717
3338
6717
3305
3272
3427
6747
3292
3272
6828
6748
6708
3408
6761
6797
6797
3369
3338
6786
6708
3292
6708
3348
3304
3345
3304
3338
3248
6761
3348
3413
3409
3305
6759
3304
6708
3304
6708
6712
3338
3370
3398
6742
3338
3408
6708
3248
3292
6712
3385
6832
3340
3348
6785
3338
3397
3348
3343
3341
6786
3340
6769
6747
6831
6808
3369
3339
6809
6708
6780
3343
6708
3398
3248
3415
3339
6805
3378
3341
3292
6712
3375
3339
6769
3343
3348
6708
6838
6810
3387
6814
3395
6771
6789
3340
3346
3403
6797
6748
6808
6808
3339
3369
3375
6773
3344
3376
6742
3340
3410
3412
3387
3372
3389
6744
3372
6774
6744
6708
6786
3346
6748
6744
3410
6786
6769
3408
6814
3340
6785
3342
3398
3412
3339
6780
6838
3378
6782
3390
3375
6782
6745
6743
6774
6771
3344
3376
6744
3368
3340
6786
6808
3339
3398
6744
6789
6796
6812
3340
6743
3384
3342
3388
3368
6769
3372
3415
6805
3405
6805
6744
6780
3367
3418
3415
6771
3403
6744
6803
6810
6774
3377
6789
3372
6817
3403
6771
6838
3395
3412
3368
3403
6781
6744
6781
3380
6817
6771
3339
3339
6816
6792
6743
3384
6792
6786
6805
3398
3385
6795
6806
6870
6794
3376
6766
3339
6838
6780
3382
6743
6812
3368
3388
3415
6794
3389
6870
3366
3367
6766
3342
3365
6870
6803
6743
6794
3380
3381
6803
3388
6781
3339
6768
3368
6795
3376
6803
6794
6791
3371
6767
6781
6766
3389
3365
3396
3380
6794
3419
6729
3419
3419
6870
3392
3418
6729
6818
6817
3384
6795
3381
3366
3366
3402
3416
3382
3328
6817
3401
6870
3392
6767
3381
3393
3380
6870
6734
6730
3365
3388
6803
3419
6768
6728
6729
3402
3396
3417
3402
6729
3401
6733
6732
6818
6766
3389
6735
3401
3371
3391
3384
3401
6730
6767
3392
3371
6833
6767
6767
3394
6729
3328
6836
6768
3401
3328
6728
6734
6728
6730
3333
6837
6834
3382
3371
3402
6734
6767
3417
3391
6733
3334
3391
3400
6730
6730
3401
3333
6768
6836
3393
3401
6836
3401
6817
3434
6735
6870
3393
6729
6734
6729
3330
6732
6870
6734
6733
3328
3330
6735
3336
3333
3335
3328
6800
6600
6870
3393
6728
6728
3371
6800
3328
6735
3470
6728
6728
6800
6607
3328
3334
3328
3336
6610
6727
6729
3328
3393
6836
6734
3417
6837
3336
3209
3333
3335
3334
6735
6728
3436
6800
3332
3333
6603
6870
6727
3394
3336
6605
3327
3331
3330
6836
3331
3437
6610
3325
6728
6600
6726
3331
3433
3434
3328
6603
3328
3205
6600
6726
6608
6602
3470
6836
6603
3325
3199
3208
6726
6736
6602
6727
6608
6727
3326
6610
3209
6608
6725
3326
3327
3325
3205
6599
3208
3327
6599
3332
6605
3210
3331
6604
6609
6600
3332
6726
6727
3332
3332
3332
3326
6607
3201
6603
3194
3189
6725
6610
3208
6725
6610
3210
3325
3202
6609
6726
6603
3208
6607
3326
6608
6608
6598
3202
3327
3205
3205
3323
6736
3210
6576
3200
6598
6604
6610
3203
3199
6599
3209
6576
6604
3194
3205
3203
6604
6605
3327
6607
6725
3324
3201
3323
3194
6727
3320
6726
6724
6596
3204
3200
3204
6723
6610
6576
6583
6594
6587
3194
6591
3205
3211
3320
3191
3211
3324
6576
6594
6591
6586
3323
3194
3203
6604
3203
3189
6586
6576
3323
6587
3186
6721
6605
6598
3183
3183
3191
3178
6583
6721
3323
6582
3194
3196
3324
6587
3186
6583
6576
6598
3193
3323
3176
3321
6723
3207
3324
3189
6724
6591
3193
6723
6586
6591
3196
3191
6583
3201
3183
6587
6594
3324
6594
3184
3186
3207
6577
6586
3321
6596
6606
3183
3193
6586
6721
6722
3183
6582
6598
3192
6577
6576
6596
6720
6592
3189
3191
3324
3323
3178
6587
3192
6720
3186
6592
3183
6583
6720
6581
3321
3321
3191
3193
3175
3182
3180
3185
6581
6592
3176
3193
3187
6597
6578
1131
6722
6720
6589
6597
3188
6590
3192
6589
6722
6588
3192
3190
6579
3181
6581
3322
6597
6592
6597
6592
3185
6593
1159
3188
3322
6575
1159
3322
3190
3192
4849
3176
3185
3180
6585
6580
6578
3176
3192
4612
3321
3188
6581
3176
6580
6588
1128
6584
3185
1159
6578
4606
6575
6581
4849
6588
6580
6590
1131
4849
4606
4849
3181
1121
6593
1133
6584
3187
6578
3322
4849
1159
1121
3180
3187
4606
6585
3192
6589
1159
3190
3190
1123
1122
4617
6585
4609
3185
1121
6589
1130
6578
3187
4617
1159
4849
1125
4606
1128
4612
1159
4607
1159
1121
1159
4645
4849
1375
1121
1159
1125
4618
4618
1159
4607
1533
4623
4623
1122
1122
4623
4609
1136
5004
4849
4611
4645
1375
1121
4613
1137
1137
1131
4607
1130
4610
1128
1122
1133
4622
1136
1159
1533
1134
1533
1157
4623
4618
1131
5004
4644
1122
1122
1375
1157
1121
4611
4608
4619
4608
4608
4618
1134
4622
4618
1131
1137
1122
4621
4623
1159
4617
1130
4608
4611
4608
4622
4591
4603
1122
1157
1157
4622
4644
1106
1122
4644
1157
1121
4591
1128
5004
1105
1113
4591
4619
1376
1105
4614
1120
4603
1121
1113
1118
4617
1118
4611
4614
1129
1129
4603
1376
1105
4644
1117
1121
1105
1128
4608
4603
1106
1120
1134
4644
4848
4564
4602
4603
1113
1132
1120
1120
4591
4643
1127
4621
1105
4615
4603
4614
4594
1118
4605
4591
1135
1376
1105
1376
1158
1120
4605
4605
4603
4605
4602
4613
1117
1374
4614
4614
1118
4594
1106
4603
1532
4616
4616
1117
4603
4616
1374
4644
4620
1118
1105
1129
1120
4614
1135
1158
4564
1132
1117
1376
4602
4847
1120
1127
4847
1077
4643
5002
4593
1532
1126
1120
5002
4603
4847
1132
1114
1126
1107
4615
1114
4605
4643
1158
4593
1108
4564
1077
1120
4605
1076
1532
1374
1127
1111
4620
1077
1473
4563
4593
1475
1076
4598
4604
1119
1114
5002
1107
4563
1076
1076
4643
1530
5002
4847
4847
1108
1076
5002
1107
4593
1119
4614
4946
4593
1077
1374
4604
4597
4563
1374
5002
1374
4564
4592
4564
4847
1158
1108
4597
4945
1077
1077
4593
4604
1076
1473
1111
1107
5002
1115
1374
4946
1116
4600
1107
4620
4573
4601
4641
1472
4601
1077
4846
1077
1116
1530
4561
4601
4563
4563
4564
1076
1155
1530
1374
1090
4946
1473
4573
1077
4561
1076
4846
4604
1472
1110
4641
4573
1530
4946
1108
4604
4561
1077
4592
4945
4596
4601
1115
4641
1087
1076
4604
1076
1119
4846
1077
4597
4562
1090
4641
4641
4597
1087
4948
1475
1155
4600
1155
4604
1076
1119
4574
4581
1078
4562
1087
4846
4573
4592
4561
1474
4561
1155
1095
4846
1112
1531
1075
4573
1530
1472
1075
4573
1155
1373
4562
4561
1115
4939
1155
1078
1531
1095
1471
4596
1472
4641
4573
4944
1373
1075
4596
4561
4596
1467
4941
1112
4561
1373
1075
4561
1078
4595
4575
4581
1090
4642
1090
4576
4642
4944
1373
4939
4601
4941
4561
4576
4561
1109
5001
1087
4596
1075
1087
1075
4574
1471
4947
4561
4581
1075
1373
1095
4596
4562
1087
1090
1078
4595
1075
1466
1466
1096
1095
4590
4642
1112
4642
1471
4601
1092
1092
4584
4575
4588
1467
1156
1471
1109
1531
4590
1467
4581
1529
1156
4575
1112
5001
1075
1092
1156
4588
1075
4588
5001
1373
4576
1529
4595
1096
1112
1088
1075
4941
4588
4588
1078
4590
1095
4845
1372
4642
1078
4642
1089
4944
1465
4595
4575
4579
4576
4845
4595
4947
4845
1372
4941
1075
4845
4941
1092
1088
4939
4590
4581
4642
5000
1529
5001
1156
1095
1104
1095
1078
4596
1465
1101
5000
1465
1097
1468
1529
1470
4584
4590
4576
1471
1112
1104
1078
1092
1104
5000
1468
1100
1468
1092
4638
4579
4590
4588
1372
4576
4595
4581
4663
1089
1156
1152
4581
4579
4845
4947
4939
4639
4638
4588
4590
4590
4998
1156
1182
1092
1100
1372
4944
1088
1098
1372
1104
1104
4576
1182
1529
4579
4939
4588
1101
4944
4998
4938
4845
1100
4579
5000
1088
1089
4584
5000
1470
1097
1104
4590
4638
1104
1092
4590
1098
4997
4590
4585
4938
4584
1098
4944
4663
1104
4639
1154
4582
4998
1529
4587
4639
4590
1372
1092
1092
1098
1100
1092
4585
4580
4997
1101
4663
1079
1100
1152
1103
4585
1182
4942
4639
4582
1372
4998
4588
1100
1152
4589
4579
1529
4589
4942
4663
4638
4998
4940
1468
1089
4582
1468
1079
4579
1103
1092
4580
4663
1101
4582
4997
1182
1097
4998
1100
4663
1097
4579
4639
1101
1470
4587
1103
1091
4997
1098
4585
4580
1103
1526
4639
1152
1182
4582
1103
4938
1154
1103
4942
4583
4998
1103
1152
1178
1182
4998
1099
4942
1099
1091
4664
1098
4938
1528
4997
4587
4585
4663
1098
4942
1091
1184
1178
1079
4663
4589
4664
1091
4565
4940
4577
1103
4589
1102
1184
1178
4999
1182
4567
4566
4565
4567
1091
4578
4578
4587
4587
1103
1526
4582
4999
1097
1099
1153
1103
4569
4589
1084
1103
1079
4583
4942
4940
4569
4589
4999
4577
1084
4942
1091
4586
4589
1469
4565
1083
4664
4578
1153
4558
1177
4999
4664
1102
4664
4582
1184
1469
4566
1176
1176
1154
4585
1083
4586
4583
1081
1091
1081
4577
1176
1182
1176
4547
4938
1081
1176
4577
4662
4669
4526
4664
4943
4943
4640
1099
1091
1079
4569
4640
1153
1080
1084
1081
4567
4844
1102
1176
4664
1099
4996
4662
1469
1083
1081
1151
4565
4577
1153
1084
4569
4585
1058
4547
4665
1058
1084
4569
1183
4999
1181
4572
1099
4943
4569
4473
4996
1081
4996
1176
1371
4669
4943
1181
1073
4543
4669
1081
4558
1073
1371
4586
4578
1080
1176
4577
4577
4585
1072
1066
4844
4485
1153
1083
4665
1525
1371
4665
1083
4525
1073
4665
4558
4844
4549
3474
1081
1072
1081
4560
4525
4543
4572
4996
4526
1371
4656
4586
1151
4569
4844
4558
1183
4543
4943
1072
1081
1371
1183
1058
1061
1151
4636
4526
4577
1151
4570
4844
3474
4558
1085
1525
4665
4665
1085
4636
4545
1061
4571
1371
1061
1072
4559
1083
1371
4502
1180
4843
4560
1525
4485
4485
4525
1086
1065
1181
4526
4665
4843
3474
4549
4485
4569
1072
6871
1150
4577
3474
4844
4571
1065
1060
4559
4525
1183
4656
4577
3474
4502
4666
1073
1066
1151
4485
3474
1183
4656
1370
1051
1085
3473
4500
6872
1065
4526
4545
4992
4560
999
4507
1524
1525
1066
3474
4485
999
4665
4526
4570
1051
4525
6872
3473
1071
4558
1370
4559
1180
4667
3474
4992
4656
1086
3473
996
4992
1524
4634
1073
4571
4559
4843
1085
1074
4500
6873
4571
4553
4992
4634
1066
1150
4534
1049
4570
1149
4548
4577
6871
1049
4559
1068
3474
1067
4656
1150
1149
4560
996
4507
4529
4526
6873
4507
1048
4633
999
1370
4507
6873
4666
4634
1065
4506
1074
4992
1048
4525
4529
4534
996
4570
4992
1056
4506
4559
4527
4542
1001
1050
1149
1069
1049
1065
1039
4529
4506
4525
4560
1068
1016
4504
4655
1048
4529
1056
1370
4553
4526
4542
1523
4506
1068
4556
1039
1065
1149
4506
1020
1071
999
1056
1071
1002
997
4556
1001
4559
4633
4992
4559
1019
6873
4504
1020
4506
1048
4656
4552
1149
4542
4525
1048
4525
4554
4525
4527
4506
1009
1019
1020
4633
4559
1055
4504
1071
4505
1149
1036
1005
1014
4542
4655
999
4504
4529
4526
4633
4540
4557
4525
1001
1056
4992
1039
4504
4542
1044
1015
1522
1522
4506
1001
1055
4515
4505
1055
997
4527
4525
1071
1147
4533
1005
4554
1036
4526
1038
4506
4553
1020
1005
4506
1044
1055
1020
4525
4541
4556
4523
1147
1002
4540
1045
1014
4633
4633
4505
1014
4658
4554
1015
4525
4541
4542
1055
4656
4525
1038
4505
1039
4505
4515
4525
4658
1004
4533
1014
4991
1055
1071
997
1020
1050
1039
1147
1005
4533
1041
1522
1002
1044
1007
1036
4540
4514
4505
4514
4525
4505
4525
1045
1009
4554
1055
4554
1020
4658
4515
1004
4661
1042
4554
1020
1055
4515
4525
4505
1045
4658
1050
1044
1039
997
4533
1522
4541
4658
4526
4525
1018
4533
1001
4505
1038
4538
4655
1015
4505
4541
4533
1147
1045
1055
1018
1015
1043
4515
4554
4991
4540
4512
1042
1147
1004
1037
4493
1039
4533
1044
4515
4505
4538
1018
997
4661
4658
4505
4540
4532
4991
4514
1045
4514
1045
1009
4532
4655
4512
1039
1012
1008
4499
1040
1170
4539
1021
4505
4525
4532
1011
1012
4532
4525
4538
1040
1045
1015
4554
4499
4514
4514
4525
1147
1008
4525
4515
1043
4661
1038
4991
4661
1021
997
4505
4525
4540
4655
1043
4514
1018
1036
4499
1041
4539
4661
1043
1168
4525
1148
1009
4991
4514
1037
4515
4532
1018
1004
1043
1039
1147
1046
1008
1008
4532
1010
4499
1010
1043
1018
1041
4661
1018
4525
4532
4632
4532
1021
1021
4539
1042
1521
4661
4991
1041
4498
1004
4538
1039
4514
1035
1021
4632
1037
4655
1168
4661
1038
1172
4515
1021
1028
1046
1038
1148
4496
4539
4515
4532
1018
4496
4661
4514
4525
1041
4632
4661
1148
4498
1035
1036
4555
4442
1021
1021
4512
1168
1170
4661
4494
1040
4538
4514
1046
4632
4532
4538
4525
4661
1170
4490
4496
1171
1172
4516
4514
4443
4991
1021
1037
1148
1172
1168
4656
1027
1041
1172
1029
4991
4498
4632
1021
4655
1521
1148
1172
4442
4516
1038
1042
4532
1170
4496
4660
1170
1037
4660
4525
4494
1173
1031
1031
4990
1035
4514
4632
1172
1036
1168
4442
4516
4523
4443
1034
1171
1029
4498
4656
1027
4516
1038
1168
1029
4525
1027
4538
4514
1173
4516
4525
4660
1146
4519
4493
1171
1172
1520
1173
4655
4660
1035
4443
4442
4490
4552
1022
1036
4494
4516
1169
1031
4660
1031
4516
1148
1520
4577
1026
1028
1028
4516
4478
1170
1169
4656
1036
1031
4654
1170
1026
4443
4990
1035
4654
1029
1034
1031
1172
4660
1022
4516
4516
4655
4519
1027
1175
1022
1028
4630
4577
4577
4577
1146
4660
1171
4673
4521
4443
4656
1029
4660
1146
4478
1022
4630
4519
4493
1174
4990
1034
1025
4478
989
1035
955
4630
1036
4519
4442
1175
4442
1025
4553
1027
4517
1027
4990
4519
4521
4495
4519
4553
1027
4660
956
4443
4443
1028
1028
955
4673
1024
4517
1022
1171
4478
4476
1026
1024
4520
1023
1174
1023
1024
989
1170
4673
989
4518
4630
4495
4517
1175
1174
4478
956
4655
956
1464
4523
4520
1169
1024
4673
4517
1174
1464
1518
1175
4518
4522
4630
990
4517
4440
4656
4477
1174
982
4520
992
4523
986
4673
4441
1023
1170
1023
4577
980
4478
4989
955
4479
4440
1024
4517
4440
990
4477
4655
1024
4509
4441
4630
4523
4509
4522
976
4520
4517
4509
1144
4990
992
989
955
1519
980
956
956
4518
1187
4479
4478
4630
4509
955
992
989
1144
4631
4673
4518
4479
980
4476
4656
1464
989
4517
1144
4476
984
990
986
4937
1174
4989
4481
956
1175
976
4479
1174
4989
4441
995
4522
4440
1187
1023
4673
1186
4477
4673
989
4481
980
1518
976
957
4937
4440
1144
4477
4656
989
992
992
4440
4509
4463
4937
982
4511
4510
989
4473
4522
4655
4509
984
4441
4440
4475
4631
983
976
976
987
991
980
1464
4989
4671
4508
957
1186
4508
1187
980
4937
954
995
4481
954
982
987
1187
1186
4937
4655
4937
1464
1519
4989
4440
4463
4440
4477
4631
1464
976
4463
4511
981
989
4655
4475
4937
954
991
4463
4470
976
1185
993
4480
981
1185
987
4480
993
1145
981
1185
4440
4508
976
1463
4631
985
1464
4475
4937
4989
988
4481
4671
1187
4469
4631
994
983
993
991
1464
4463
987
1145
4462
4937
952
4480
981
4475
4440
4508
4463
993
4462
954
4477
954
957
4671
4441
4937
4470
4471
4511
4477
1464
954
6547
1464
4462
983
4481
4466
4466
4473
985
4671
4475
4441
1187
976
3126
4473
1458
4989
966
1519
994
4464
4441
4439
952
4439
4463
1463
4452
6547
6547
4462
994
981
1185
981
994
3126
981
4472
4453
1185
4462
993
1519
952
6547
1145
4930
1458
970
4472
4441
4628
1185
4441
1463
4463
4470
952
4469
4469
970
1188
993
4453
4439
966
3126
981
1458
4441
981
981
6547
4466
4453
4471
993
1142
3126
4464
4930
4930
1464
1458
4473
981
1458
4931
952
6547
4439
3126
1519
993
977
4462
4466
1185
4439
4465
966
4464
4671
952
1188
4930
6547
966
4469
4441
4671
4439
985
977
1145
4471
1369
966
4842
952
6547
4474
969
1188
952
4453
4474
4441
4930
1456
4671
4470
3126
1462
1463
4452
1456
4453
981
4929
1456
4842
975
4474
1188
4465
975
4464
4452
1143
3126
966
971
4465
1188
4452
973
4467
4472
973
4471
1462
948
977
4932
4465
1458
971
4467
4470
975
4465
977
4474
1142
4436
4628
4628
977
4467
4931
1456
4465
1462
4842
4439
1369
4929
4446
3126
4931
4931
4437
4439
6547
1462
4842
1142
952
4471
1369
952
4468
4842
1456
1456
1458
948
968
4454
1456
4464
949
966
4453
4474
4453
4471
4433
4931
969
4929
949
4455
966
1369
966
1143
968
4467
4929
4629
4454
948
1456
952
4433
975
4436
3126
973
973
4842
1462
4465
4457
4455
4437
977
949
975
4929
1462
4436
4629
4446
959
4454
4931
1462
1456
1456
1143
4433
4464
4842
974
977
4471
1456
4931
4465
4467
4433
4456
4628
974
4465
950
1458
959
4437
952
4436
948
4468
949
4446
4454
4842
4437
1458
968
4454
4436
972
959
4468
971
4455
953
4433
4929
974
967
967
948
1368
4461
4433
949
971
1369
4456
1462
1143
4471
4471
4629
1369
1143
4932
967
4436
1457
4454
4841
1457
4433
904
953
968
953
4934
4445
4629
4465
959
968
4927
948
4465
4446
950
4932
4422
4450
968
4446
4457
959
4929
968
1460
4454
4423
911
4468
4446
959
4934
972
4468
4454
4435
4934
975
1143
1462
4456
1459
4461
4445
4454
959
4927
4841
4450
1459
911
4454
959
4629
1143
959
950
947
4841
1368
4422
4841
4450
4934
946
1143
4435
972
974
4422
1368
1368
4932
1460
950
4629
947
4457
4398
4927
967
4457
4398
4445
4932
4456
4934
4446
4454
4936
4457
950
967
959
904
950
4927
4461
4461
1459
4629
975
4450
1457
4457
4422
4841
4841
974
965
4423
4933
4435
961
947
959
959
974
4457
968
4446
4934
4934
4423
967
1459
4435
935
1460
1368
4447
1143
1460
4423
4457
904
4927
4841
900
4398
959
4457
4450
946
4447
4927
4841
968
4936
1462
4423
4936
947
4421
4448
936
4933
1459
4457
1143
965
964
4934
964
974
4451
910
968
4448
910
4461
4933
947
4435
950
965
4445
4421
900
946
904
4457
4447
4458
4435
911
904
1462
947
4398
911
946
4398
946
1368
936
4423
935
4397
4447
961
906
1459
936
911
961
4461
4448
4421
4397
4420
906
4457
906
4458
965
4927
974
4423
4461
1460
910
4420
4836
1360
946
1368
4398
4936
947
4447
946
4451
4836
961
961
4839
4420
974
936
4450
4435
936
4394
4423
935
4447
899
4435
937
4839
4936
899
4461
910
4933
4458
4841
4448
906
902
4386
4387
4448
935
4394
961
902
4458
4420
963
974
1366
4421
908
946
4936
4460
4936
4395
964
961
904
964
4444
4458
900
906
4448
4839
946
946
4448
4839
910
4421
4444
900
4386
4458
1360
946
4448
4420
937
1366
4420
963
4420
961
908
974
4394
4420
935
4423
4933
4444
899
4395
4421
4421
905
4386
4835
1366
906
4394
4458
4451
4386
910
900
4839
4448
965
4936
911
961
965
1366
1367
4444
4421
907
937
4458
1360
4460
4421
4396
937
958
4458
4394
958
4936
4449
4448
4423
4396
4421
852
958
4835
4394
912
902
4444
905
4624
4396
4460
4387
4449
934
1139
4391
908
908
907
934
4839
4395
1360
4394
1140
4391
907
4624
906
850
4394
902
4420
899
1360
4460
899
4458
4839
4448
4625
4444
964
934
907
905
900
958
937
4839
4448
4839
4626
1367
4420
4420
4626
937
4387
899
909
963
908
4709
4421
4448
907
907
4448
4444
964
849
958
899
4626
908
1140
900
4387
4387
1140
4840
958
908
4460
908
4385
875
901
4627
4421
4625
4387
4449
4396
4449
4449
4389
4394
909
4391
4444
1139
1367
1367
4394
963
4421
912
4460
4391
850
4385
4458
1139
4386
4395
4444
964
4449
4625
909
853
4394
1367
964
1361
1139
875
4709
908
1138
4840
1367
1140
4392
4444
958
4444
4391
4448
4361
912
4625
908
849
1360
963
4384
4384
4384
1139
4387
1139
958
4387
899
4627
850
4949
4835
4708
909
4392
1139
4444
4391
4420
4391
1138
901
852
4359
907
958
1139
849
937
4840
4341
1138
901
1139
875
901
850
853
908
4394
4341
852
4396
4421
1140
4444
4625
1362
958
4627
875
4389
4361
964
1362
1361
850
4708
853
4385
4449
4396
1228
853
901
4341
1140
4627
1225
4392
4388
4389
878
1228
4926
853
901
1361
901
4840
901
1225
4444
4384
852
878
1500
4625
853
4361
4837
958
875
1275
4840
901
4361
4391
1141
878
1139
4708
874
4926
1361
4341
4627
901
4420
4420
901
4384
874
1275
853
850
901
4341
874
4361
876
1361
849
901
4359
4384
4361
4391
849
1362
4949
4359
3127
1279
875
4392
4627
4391
1500
4384
1476
854
4627
4388
855
1362
1476
878
877
901
4341
1476
4384
4384
4391
854
874
850
854
4758
4384
1362
1362
1141
4391
876
877
4627
1362
1476
4384
1275
1500
4626
4384
4359
1225
4341
1228
853
4341
4385
851
4359
4359
901
4390
1534
901
878
4391
4361
4384
4385
4384
1361
1228
853
873
1362
4384
4392
4385
1279
849
876
1361
3136
4708
852
1162
4626
4714
4361
854
854
1362
4384
1231
4420
4385
4708
4926
1231
4391
4341
1354
4385
1476
851
4392
4336
4341
4359
1477
1211
3132
1476
871
4359
851
855
4388
853
1500
874
1226
1362
3136
4388
4758
4714
4359
4714
4361
1231
853
4341
4361
4385
4651
3136
4385
1500
4925
4714
4337
3132
4338
4384
1275
877
4714
4972
4390
4392
1477
876
4972
1279
1231
4336
871
876
1231
1477
854
1227
855
874
4949
4648
4357
874
849
1362
871
4972
1208
4365
848
4365
4708
4714
1231
4336
849
1231
855
854
1500
4949
854
3132
4337
4341
3132
4361
4385
4385
3132
1161
1500
4361
4337
4359
4714
4714
851
4359
876
4341
4336
4361
4337
851
871
1480
4925
1231
873
871
4758
4714
1227
4651
4357
854
6563
4357
4360
855
4714
848
876
1264
3132
4341
4388
4335
1231
877
4357
3149
1480
3132
879
4341
4361
4385
4357
1231
873
4365
854
4357
1231
4385
4760
1500
4336
1226
4385
4365
3144
854
1500
876
835
1226
4365
4390
839
4337
4714
834
839
4390
4357
873
4337
4988
871
4341
1453
6563
4972
4972
1500
4357
855
1500
851
4714
4360
4714
4338
4359
835
4714
849
3146
4341
4359
4926
4972
4361
1479
4365
871
835
1453
4692
1453
4336
4926
4390
1227
4341
834
1226
3132
855
4358
1227
4358
4360
4334
876
4357
839
6563
834
1226
4357
4326
1479
839
4360
3144
854
1479
848
4988
1263
4335
836
1264
4646
4714
1501
4760
834
4648
4390
4390
835
1264
839
3144
1161
4340
1453
4714
1160
1502
851
4340
4364
4364
4648
1480
1502
876
1161
4360
1480
4358
4339
4760
1502
4714
4337
1540
1501
4925
4358
4760
1540
4390
4349
4338
1160
839
834
3143
4360
4714
4360
1263
1453
4760
1479
1540
4360
1501
4340
1453
4760
836
4692
1453
4334
848
4358
4358
1540
839
4646
3143
4326
4350
836
4340
4364
4338
836
1453
4364
4335
4337
1229
4390
3145
1479
4760
1540
1502
1226
4988
1226
4714
1229
4360
4714
833
1263
4349
3082
837
1480
1453
1502
833
4925
4340
1226
1453
1453
3143
1517
833
4339
4326
1541
1478
4340
4972
4360
4925
3082
1226
4925
1264
1160
4360
836
836
4358
4360
4326
4364
863
1264
4988
1263
4319
834
3143
1478
4351
4323
1517
4364
1480
4340
1453
4334
4692
4925
4334
1480
1541
4692
3480
1264
1453
4326
4340
4335
1502
1517
1498
1480
4364
4339
4646
1541
1498
4335
1501
4339
4364
4335
4431
4925
837
4431
1229
836
4340
4334
1229
4334
3082
1480
3135
5995
3480
4323
5995
6020
6004
4326
1207
1229
837
1479
833
5988
4351
3130
1517
4364
4925
5890
6010
3082
5923
6035
5264
4988
4925
5883
4925
1517
4988
5870
4340
5883
1480
5264
5856
1517
5905
1498
5875
4364
5988
6110
1478
6005
4925
4431
4323
3082
4974
5985
4950
1264
5916
1323
1229
3088
6138
5808
5870
6117
1478
4950
4431
1207
1478
4972
6138
5963
5856
4713
837
914
3082
4326
4988
6030
6029
4925
6029
5916
3480
3090
5898
3090
4351
4340
4988
1481
3480
6572
5808
3480
4369
1498
4649
5873
5867
4351
4974
4988
5916
6117
4326
4323
4692
5808
5873
1805
4364
5983
1207
3088
5916
3082
4712
6029
4319
5864
4322
6110
4369
5855
4988
5797
4322
5807
4351
1323
4988
5797
5264
3135
6149
6027
913
6137
914
5916
3083
4712
1808
4339
5979
1264
4319
5264
5963
4974
6113
883
3135
4371
4431
5916
3083
5916
4747
4950
5816
1323
5797
6149
4712
884
4431
4649
4335
3135
914
864
913
913
4988
6027
4988
5855
5264
6137
5979
4320
5744
5979
6121
4322
4712
1264
5827
5807
5983
837
4988
4925
4369
1207
4974
4950
4431
5827
4713
5759
1481
6150
5785
4988
4950
4649
6098
1323
6098
4925
913
4351
3082
5825
4322
5825
6149
3130
6098
5975
5268
1264
6219
5264
1264
4319
3480
6098
883
4369
3480
864
883
6098
6182
5916
5916
864
1805
3083
6202
6572
4950
5968
4950
1481
6098
5264
6098
5264
6098
5970
6182
4371
5983
6046
4713
3090
913
6145
4692
6219
6182
3096
3081
1498
1513
6149
5784
4974
5968
6149
5264
3130
6218
3134
4988
3096
4988
6149
6149
3089
6078
6202
6149
3480
4712
1323
6046
5744
5970
3081
3130
6078
6046
5264
6129
5264
864
4974
6150
4692
6098
6145
5916
6572
6218
4950
4713
4351
6551
914
864
6218
4320
6572
6218
884
5268
6194
3480
6202
1481
6199
1207
5968
6149
6561
1805
5744
6218
5955
1498
5264
4319
5784
6145
6046
3140
1478
4747
2362
6083
864
2362
6079
2407
6204
4320
4950
5932
5962
3097
4988
4950
6562
2038
864
4649
1323
5968
5264
1447
5264
2068
6218
2403
2366
5607
5264
2769
2068
5852
6081
913
6218
2403
3134
4746
2038
6506
6064
6221
6195
2068
4712
5837
3096
6083
6218
6514
6218
6149
6078
2407
3089
5932
6199
2403
6561
3095
6064
3476
3131
1481
5960
4649
2038
2409
2407
6081
5962
5268
6204
4712
6506
2068
6149
5825
5829
2392
5972
4712
5825
2038
4988
4988
6218
6079
6556
4747
5962
4351
4649
2416
6221
6572
4950
5530
6083
4746
914
2221
4988
3089
5607
6082
6218
3131
6063
3131
2366
5959
2432
5264
3476
6195
2559
2560
6171
1498
2397
5932
1481
3096
6079
6052
1498
6083
6205
1207
2769
6204
5530
3141
1323
4988
2307
6064
5844
4713
864
5264
6079
6556
3134
6551
2068
6508
3476
5959
6083
2068
5649
3089
5829
2041
1513
6168
3094
5852
6052
864
914
1207
6561
2367
2740
3084
6874
2451
2753
2753
2538
6169
5972
6520
6082
2296
6082
6204
1513
6572
2305
6168
6874
5932
6550
5842
1805
6218
5265
914
2147
6506
2517
2205
4649
2560
6169
6542
2041
1478
5264
5629
2765
6073
2401
2396
6542
5643
2274
2461
4988
2296
3131
1447
3104
2307
6079
6077
2719
3130
4351
2367
3119
914
4712
4950
6561
6063
6079
6168
6079
6529
2736
6082
2764
4713
2560
4712
6063
2397
6218
5264
5627
1805
2390
6166
5264
2307
2752
6073
6218
6520
2390
6063
5847
1447
4649
6063
913
2432
6075
3131
2451
6063
5643
2728
1207
2764
933
1481
5972
3476
5643
6550
2396
6506
2205
4988
6079
6508
1480
6063
6204
2517
5264
6551
2507
6079
2342
864
5265
6063
4746
6166
2390
4649
2551
2456
3106
6529
2501
2390
2383
2709
5831
2743
5843
3118
2551
2507
2653
6529
5617
913
5862
6079
1802
5847
2383
3105
2709
6063
4649
3134
5738
5847
2169
2517
6161
1481
1808
2041
2147
3131
6550
2728
6506
2319
4351
3139
2502
6075
2501
2401
2502
3476
6508
6063
6505
2652
2577
6079
2734
2577
6161
913
2479
5842
5754
2653
2352
6063
2709
2527
6874
5265
5264
2385
2169
5712
6063
3130
2631
6567
864
2751
1481
5842
5456
5731
2675
5456
5640
4951
2169
5832
4649
6063
6542
1799
5720
2383
4354
914
6507
2652
2743
2385
6163
1804
869
1805
2728
4351
1455
4713
2383
5617
933
6572
1447
5660
4649
2751
6090
5630
3095
6161
2352
2383
2352
6239
2356
6540
1481
2567
5637
1447
4802
2506
4649
2385
3095
5457
2342
2404
2369
6552
2704
2551
2333
5264
3117
4419
2342
6239
6075
6239
5640
4921
2372
2479
6505
3117
6074
5711
1799
4649
2165
1805
5715
4985
4730
5660
2653
6090
913
5732
869
1804
2515
4312
3139
2703
1448
5265
1481
6551
2356
1800
2704
2710
2577
2385
2331
1481
5752
1513
2456
2567
6572
6059
3085
5752
2275
2275
3138
5536
5446
6239
6540
2480
1247
4351
6567
2270
5637
6528
1992
5264
2482
6517
6527
2372
6059
5732
1455
3139
2631
6159
5736
2180
2673
5842
1805
2704
933
5752
1805
2352
2404
1802
2165
1481
2369
5265
1248
2703
5265
2506
6163
2675
2480
1808
2329
1800
2703
1448
913
2586
4730
2515
5736
1805
6550
6567
6510
6558
6074
2352
1448
3139
4354
5265
2496
6550
6159
1992
5462
2515
2455
2270
2343
1248
5454
2372
3137
2586
2329
5536
6529
6550
6552
2270
914
5265
6510
2482
2482
6090
6559
1799
5265
5752
6529
5714
2352
2352
2455
6528
2343
2456
2275
6238
1481
2482
867
2515
2493
6572
2493
864
5457
4921
2587
6233
2708
1481
2661
5454
2703
5602
6568
2117
1802
1800
1447
2645
5458
5740
5842
2655
2331
2270
6569
2331
2011
1991
2482
1481
2270
5656
2042
6874
5601
2372
4985
2352
2715
3138
914
2248
6510
1455
811
2343
6238
5461
2331
2251
4730
2645
2331
2515
5464
3117
5472
5461
2493
2715
2372
1804
1799
1247
5265
2661
869
4351
6558
2352
2117
5262
2927
3117
5464
5576
2270
2635
2010
3116
4984
1805
2343
5597
4354
2289
2455
5265
1800
1991
2703
1513
1248
6541
2086
5740
2343
5715
6572
5635
5262
5612
5268
2303
2516
1802
3139
2593
2628
6567
5656
6558
5749
2385
2455
3154
5460
1982
6572
3152
6510
5686
2270
6567
5635
6569
4297
1455
2292
2352
3085
5523
869
2117
5602
2516
1982
2254
1247
2251
2042
1982
1802
1991
1513
810
1805
933
6567
4731
1802
3153
811
5262
5548
2670
5711
6560
6558
4311
4731
2586
4802
933
6560
811
1805
2303
2455
6560
6572
933
867
5263
2593
3109
1799
6509
4354
1982
5686
5686
1804
6569
2249
2292
3092
2628
2331
5265
2331
1805
1982
6516
869
1802
4988
2625
6541
6558
2625
933
5262
6569
5460
2687
3161
5459
4730
5524
3116
2293
4984
2135
2293
869
6569
1799
2114
2628
4297
4921
824
4311
2593
1991
1800
2293
4354
811
6516
4649
5687
6237
824
6567
3152
5601
2290
2179
5635
1805
5532
5675
5262
2685
5264
5635
1799
3086
5264
2179
6237
2294
2013
2613
6569
5749
3152
2303
2225
3110
2290
6570
3086
2013
1997
4354
6572
5262
3485
867
810
4649
810
5638
2628
6539
4424
6572
5460
3109
1805
1805
5635
2232
2331
1802
2927
824
2096
6569
844
4311
4354
5465
2614
5445
3161
2179
4311
2254
1804
2114
4297
5537
869
4984
4351
2684
6509
5698
1804
4649
2215
5264
824
4328
5262
5268
5601
5693
6572
1802
5261
5683
5449
6240
5264
867
4424
2614
2927
2294
5523
2613
2290
3092
4327
4649
6569
2002
1799
2628
3110
3116
2683
3110
5537
4356
4297
3153
5675
5523
2225
6516
5466
811
6516
4649
867
5264
2249
5693
4311
6568
2585
2096
2614
6240
1805
4299
1802
1799
4299
2175
6569
2585
3485
4988
6516
5683
2215
5262
1799
2927
824
6572
6509
868
2226
1804
2614
6509
1804
867
2215
2135
2025
2002
5268
3109
2272
2096
3152
6572
2225
2151
5264
1800
5674
5466
6556
5693
2272
4311
2605
5265
5447
3092
868
5264
4297
4424
4984
6539
2272
3086
5613
4424
6569
6572
6530
3092
5633
6556
5638
808
4649
6530
867
5556
2004
4351
4328
1998
3153
2249
4424
5685
5448
4299
4327
1805
4356
2272
5633
2698
1800
2222
843
4351
3161
2114
6874
2617
5605
2927
2057
1804
6539
1802
1799
823
5693
2252
2096
1802
2232
6530
6556
1800
2063
4424
6532
5485
5264
5638
2698
6572
2001
5541
2225
4356
4299
5747
2096
808
5645
5263
5689
2004
4296
3152
5556
5632
3111
6569
4988
5685
5262
4299
3153
3156
4351
5263
2225
1802
823
938
5481
2176
5555
5674
5483
5605
1802
843
2225
4297
3159
2137
4356
4424
6515
1804
3086
5264
6572
2213
6516
5264
3113
2606
6511
3114
1800
2095
1799
1801
5673
4296
3161
2224
2004
868
6569
809
2927
4424
4299
2065
5688
3114
2138
3154
2004
6532
1805
6567
3111
2272
5265
808
2056
6572
2213
4356
6530
4424
3091
5645
4424
4299
2176
2025
1986
4328
3155
808
5262
1800
5541
6530
5264
5654
4296
4988
4424
5540
4424
2227
6539
3161
2096
6515
3156
5702
5717
4351
3160
5647
2201
4330
817
2171
809
6569
2227
868
5657
5654
4299
5540
6515
2214
5688
3158
3158
2145
6572
2184
4330
3099
6534
3087
2227
4424
5688
3099
6511
3151
5555
6534
3154
2227
2211
4304
5484
4424
2095
5557
3087
3155
4988
4296
3091
4329
3113
2774
3114
2201
6568
5481
5261
3156
1802
5534
4304
6567
5659
2008
1800
5645
2927
817
5262
4424
4299
808
6567
2214
5264
1986
1802
3111
2137
5265
809
1796
1804
6572
6511
6511
2008
3158
2079
6567
4296
4304
2228
4299
2173
3155
2228
4329
3099
4296
808
5717
5657
6572
3152
6569
4330
2144
2024
5644
1794
4304
5535
2095
2201
6569
6567
5263
2193
1790
6523
3161
4424
3152
2184
1790
3157
2184
5265
5261
2080
1801
3122
5261
3158
5582
5265
5654
1986
5497
816
5554
4296
6534
1787
2009
3153
3122
2196
2185
5554
5659
1796
4304
2184
3158
1790
5696
3156
6515
2137
6567
6511
3099
2257
816
6534
4424
3102
1787
6537
6381
2265
6515
2258
5497
1802
4296
5535
3115
2073
2265
6534
4304
6524
6515
3122
5265
6523
5560
2241
2196
4329
6536
3154
3152
5265
5481
3155
5483
2266
2073
6573
6511
1794
1791
5261
5262
6515
2184
6537
2097
5573
6568
2257
3155
3115
1787
5554
2235
6567
1787
5259
1790
5263
816
3158
5668
3158
1804
2256
3157
1796
5262
5572
1796
5560
2091
6515
2242
2196
3102
2927
2258
816
2197
3160
3157
5261
5251
5572
3099
5671
3102
4304
5262
6572
5263
2229
1801
5549
1787
5261
5251
3122
4304
3158
3151
5385
2920
1802
2020
5259
1793
2196
2036
3161
1787
3155
5573
6536
2036
4424
2256
6536
5262
4304
2235
1796
6567
3099
2235
5493
6526
6574
5571
6524
3156
3122
5251
5549
2266
6534
6573
5250
6569
5494
3155
5562
6524
1802
5549
4305
5572
6538
6523
4304
4304
6567
3124
5573
5565
2020
3102
1796
1802
3101
860
2107
5259
2910
2089
3099
5562
2920
2015
3158
5251
2015
5259
2020
5250
2927
6574
5250
6524
2245
6571
5671
2088
3157
5257
6538
2920
1793
6572
1791
3152
3158
5250
2913
5573
5261
4305
2242
5668
3098
3098
6526
2236
6567
6526
1793
4305
3099
1796
2910
6523
3102
2925
1791
3124
6523
6571
6543
5560
5405
5257
6543
5432
6538
5385
5249
2016
2920
5390
5257
5257
5250
5431
6569
3152
1791
2148
6570
5251
2923
6568
6543
2242
2916
5566
5254
5565
5564
6573
5441
3098
6526
2913
5257
3098
1784
6526
2229
3157
3151
5706
2236
3101
6543
5384
6523
2229
2245
2910
5255
2099
6543
2034
3152
6544
5389
3124
2921
2924
2910
2913
5250
2099
3098
6382
5254
5260
6381
2107
1793
6370
5441
6370
2106
6522
3098
6522
5432
2245
2089
5255
6525
6385
2925
5390
3508
2109
6543
2925
6526
5255
5249
1784
5249
5405
5431
2919
2916
6573
2928
6567
2099
1980
5389
2104
2927
2910
3124
5398
6571
6525
6544
3101
5255
1970
5398
6525
2917
2927
1971
6570
2913
5255
5441
5400
6522
6544
1784
1450
2917
5257
5387
6544
3123
3098
3098
2110
2110
6567
5441
6382
5398
5704
2926
5387
6369
5383
2925
6522
5249
1784
2923
6573
2104
6574
2928
6370
1784
3152
5394
6522
6544
1921
2920
6370
3101
2110
2918
2925
1931
6385
1946
857
5254
2919
5566
1781
6369
6544
6525
6567
1784
2919
1921
2917
6387
2916
2916
706
6568
5405
5704
1946
5247
2918
5704
5382
5398
6369
3508
5706
5255
2910
2926
5260
5391
5254
1944
2924
5257
6370
2919
1962
1921
939
5380
2911
5404
1941
2106
5255
5424
4318
5380
857
1781
1921
847
1962
5248
1450
6369
1963
2923
5383
6372
6382
3123
1449
1937
6381
6387
6386
2917
6370
1919
6380
5386
6385
803
6385
5248
1963
5254
3508
1938
887
1941
5424
5407
847
832
6545
831
1931
6382
887
5421
5258
5395
831
5424
6372
1921
5400
1934
1450
857
706
6385
5424
5254
6377
1944
6377
3022
2924
5394
6371
1204
5394
6384
6380
1449
1785
2921
6380
1450
5391
803
1961
5248
5247
1962
1964
939
6382
6385
6386
5409
5424
6545
6371
5260
6570
4922
1926
1784
5386
6381
5407
940
3508
832
1964
5409
5422
6375
857
1922
5400
655
6372
1450
1934
887
1938
1781
1941
679
633
887
6382
1919
6336
887
5403
1781
6336
1781
4318
5411
1919
2929
6372
6336
862
6379
6375
1926
5394
6545
2930
6382
680
831
6377
655
706
1450
5423
1941
5407
1930
1926
6570
5403
4923
1957
856
4318
1976
1934
6570
5412
831
888
5411
1964
4344
1919
940
655
6371
6377
6379
6382
2929
6382
2930
5396
6570
5396
5411
4690
5417
797
6384
1926
1919
679
6545
5412
6385
859
6375
5417
6570
859
706
6382
721
3022
680
6371
5434
1964
633
656
6545
5435
655
4318
1783
1785
5433
6382
5410
4331
4318
859
5246
5409
5401
655
859
1964
4166
5247
5409
859
633
4332
803
6382
1937
2930
4922
921
4922
801
5428
5402
1972
889
5433
5428
1972
6372
4331
4923
856
3022
677
1933
1948
4331
657
5416
1957
680
4343
859
4318
5396
631
4166
5410
634
1964
655
1972
1952
6384
1976
5434
1964
1769
4332
862
6389
4405
5429
656
4374
891
1978
5246
4317
4342
5245
890
5430
5163
2931
1952
1958
1783
4332
4374
5401
631
4317
721
5437
5402
1978
3125
4331
5435
4425
5163
4346
4332
5246
634
4343
859
722
5408
5246
5056
631
1948
800
666
5408
6390
1969
657
5416
5417
2931
634
1769
4166
4374
5027
665
4122
3023
4166
5060
1958
1976
722
1959
1966
5021
666
4167
920
4289
4342
5396
5021
1742
4144
5439
2914
918
4375
5056
722
800
917
3023
4291
1972
656
4289
5437
4374
1325
1976
5427
664
5245
797
631
1956
5211
4374
1949
4346
4166
1933
5057
1972
5415
4168
1325
634
4121
4374
1949
1967
1949
4425
3125
6389
891
4403
1324
4122
1769
2915
6374
5019
1966
4166
5021
4289
4167
5021
5163
4289
2915
5440
1958
4167
665
5437
4291
3125
4373
1954
2833
5027
5430
4373
4407
4146
664
1977
1560
1345
797
1979
1560
799
1493
4153
1492
1482
890
5060
1965
1981
1346
890
1587
4403
5060
5061
799
4167
5439
1587
5021
4146
5029
4289
1483
1333
1324
1742
5439
1324
6373
1742
1493
1590
4144
4373
1558
5018
5053
5437
1490
5220
2833
5438
918
2914
2914
1325
2915
5058
4146
1490
4377
4145
1190
4286
2833
5029
1742
1769
1489
1587
1742
5161
6388
4154
1190
797
3019
1933
1974
5027
4121
3503
5415
1549
4209
798
3023
3023
5025
4153
4403
1324
1547
1558
3019
1977
5161
5061
5028
5019
1589
6374
1547
1489
1483
5059
5019
5053
5025
1490
4153
1190
1592
2834
6546
5220
1345
5059
1489
4120
1979
5161
1965
4119
1977
2833
5025
4812
1588
5058
2829
4375
4210
4119
3125
1558
4286
5025
4144
1592
3503
4153
5061
1333
1592
5018
4153
798
5062
5442
6474
4403
5020
1324
2837
5049
5020
5048
1490
1488
5438
1691
1492
2837
6285
1491
1482
5052
1485
5161
1555
2829
5053
2832
1583
1491
4810
4120
1249
5016
1249
4145
1586
5020
6875
5049
1582
2832
2837
5048
1486
3503
1267
1688
5065
1592
1336
1547
1491
5055
4804
2829
5161
1547
1491
4376
4154
1751
3479
2834
1600
1490
6875
6285
924
5023
1249
4805
1592
4287
4153
5041
5050
4955
5070
4810
1488
5068
5051
1571
2836
4286
4210
5197
1189
1490
1691
5062
4145
3021
5017
4377
5017
5049
1583
4285
924
4377
1547
5050
5068
5023
5065
1954
6875
1583
1582
1547
5020
5235
1491
5030
1336
1334
1580
1558
5051
5159
4810
1484
1600
5050
4287
1328
1189
5196
3021
1488
4154
3503
1603
4954
1547
4964
2835
6473
1484
1687
1252
1267
1954
4411
6296
4287
6296
1488
4805
1550
1491
1582
4287
6875
1555
5017
4287
1491
4964
5049
1491
5068
5068
5051
6474
2825
4145
5023
2836
4954
4288
4410
5050
927
5033
1570
4154
2846
2835
1599
1491
1588
1690
5065
1484
6296
6290
4955
5064
1599
1487
5157
1570
1580
3510
6292
2848
2825
6295
2848
1265
1268
1554
1488
4751
5157
5050
5030
2840
1251
5042
1585
4751
5042
3481
5191
4962
5017
2840
5064
6473
5069
1954
1491
4806
925
4956
1268
6290
4408
6294
5068
6290
1554
5050
5067
5156
5066
5071
3024
1581
4963
2825
5212
5033
1484
2840
3021
1582
1688
5042
4959
1603
6876
1494
1571
4733
5041
1596
1572
5043
1494
1596
5063
5066
1584
1250
5040
5043
5043
5064
6297
5158
5071
2848
1603
1570
4962
1585
2825
5042
3481
1603
6473
5212
5157
2840
4751
1596
1554
1570
1491
5032
5041
5064
3021
5067
1265
5069
5212
1326
1600
5043
1496
2841
2825
2828
1268
1556
5212
1484
4962
2827
1268
4957
2849
6290
2840
615
2838
3024
1722
4958
927
6297
4955
1600
5063
2852
5032
1573
6298
927
1728
4806
6876
1569
1494
926
1569
4959
5032
5080
1722
2840
1329
2846
1554
5066
5077
1598
4675
2852
1597
1427
4956
5044
6293
1581
5077
5155
1573
5038
2848
5044
5071
2852
1727
1598
4735
616
5045
5040
4963
1553
2840
1572
4408
2841
5155
1602
4413
6297
2884
1688
5378
3025
4104
6293
1564
1496
1596
4676
5075
6298
1572
5072
4961
2840
1572
1595
1596
5377
2838
3512
4961
1494
6310
3512
1597
616
6300
2884
1598
5063
4958
4748
4960
1597
5080
1564
5378
2842
5044
942
6307
1427
6298
6298
5045
1689
4408
4967
1598
5072
942
616
1561
5212
5072
2826
5377
1595
5074
5080
5194
1722
2884
1576
1572
5045
1576
927
942
2827
3512
4957
1601
5378
5071
4963
5044
2852
1572
2838
4961
4735
2843
1574
1601
2840
620
6879
5038
6309
942
4749
6879
1202
2828
6293
6291
1561
5045
5134
1744
2838
4961
6300
6308
1427
1597
1696
5082
5378
5194
1689
5039
1331
1696
2842
6300
5076
2852
5063
6286
621
5039
6291
4105
5376
1495
6291
2847
5074
1495
1427
1577
2838
5134
1578
5165
5038
6286
4749
1730
4104
1563
1759
660
5378
1914
5117
1758
942
660
4960
5117
1615
5379
1914
5374
6308
1595
1270
1917
5036
6308
1202
5079
5082
6307
5165
1597
5081
1212
5134
1594
2842
4689
4687
5076
1730
1759
3174
5165
1594
2842
5117
620
3025
2838
5086
5072
1605
659
5374
6288
1202
2843
1578
2843
1758
5046
6302
5046
941
5117
6289
941
621
1578
1723
4689
5036
621
5117
4961
5046
1270
769
4961
6308
769
4900
5122
1563
1729
1605
6301
619
5085
1917
4105
1609
5165
5073
4103
5117
6309
6879
6300
5039
5194
1759
941
5086
5117
4687
4967
1563
5195
928
5221
5200
1615
1609
2845
1575
4103
1577
928
6302
5095
5165
5086
1917
5099
5153
769
1729
660
5117
1203
1565
5194
1618
1618
6343
4106
4147
5082
6299
1594
1695
1618
5046
619
4749
5219
6301
6309
1723
5086
1194
4748
5379
928
5200
5222
2845
5122
6288
766
5221
4967
1744
1212
4695
4428
6289
5073
726
1606
5116
1609
1759
4687
4689
1193
619
1605
1195
1269
660
5120
1654
6299
1651
659
5099
4416
5154
1575
796
1757
766
4968
5375
6303
1203
5153
622
5107
5107
691
6287
5373
5086
2844
1269
1193
1195
1731
691
4969
1613
4147
5195
5105
5219
1654
1729
5085
1651
2874
5047
4103
5120
5099
1913
1618
1665
5095
1610
1656
4255
1195
1608
5148
4428
1731
6287
1656
5047
5119
5375
646
4695
4753
4103
5098
648
5107
5096
5222
1201
5105
5095
5099
5099
4416
726
1619
4687
5083
3080
5084
4689
1194
4106
4147
6313
1608
1213
5148
691
1649
767
4428
691
6309
4968
5103
5083
1566
1677
5095
1619
892
6301
5154
894
1610
930
5103
6313
5107
1678
646
3018
5095
1608
930
5103
1757
2850
4103
1195
5106
662
6343
1625
1677
928
5100
1195
5047
1708
5222
1201
5100
5088
3080
1568
4109
4695
1607
5218
4150
1913
1193
5096
5373
5126
5205
1912
5088
1566
5143
4687
646
1678
4257
1611
2851
662
5375
1565
1196
5146
5095
5144
5148
1271
5103
4103
1195
4416
5097
4147
4428
5145
1626
1613
4428
4107
894
1613
1565
648
6303
768
928
1682
4254
1424
5204
4109
2874
5094
5132
1649
5126
1702
1271
894
5205
5226
646
5143
646
1708
5205
1643
5145
4255
1196
5094
894
1752
1912
690
1677
5144
5103
4416
5171
930
1676
5204
1192
4150
5146
1626
6304
5131
1613
1191
928
3080
1708
1566
4696
5172
5102
1568
4108
5125
5205
5222
5145
5114
1643
4110
1201
1637
5170
5145
5102
2851
1682
1625
1611
1567
4869
5177
643
4148
5114
4427
1717
1424
724
5127
4427
1424
6305
5131
767
1676
1912
1197
5170
1567
4150
5204
4870
5177
4107
5222
1349
5222
767
1638
1725
1674
1191
4108
5204
4414
4870
1646
4148
5202
4689
5146
737
1424
5143
5114
4415
2874
5226
5146
2850
4284
5202
5146
1636
5114
5142
893
4284
1637
1679
2874
4869
4149
4135
5136
5146
4107
1918
3080
1725
1717
2850
1717
1680
1685
4256
1424
4427
643
4415
4136
765
4689
5112
5142
4427
5171
1610
5225
5143
5172
1625
930
1725
1636
4148
5111
5136
1679
1682
737
1682
5169
1196
724
690
1567
726
930
1646
1679
1675
1682
4869
1197
5202
1197
4870
6306
1912
4284
4696
5202
1192
1682
2851
3026
5146
5215
4696
1674
1424
4415
893
1639
5136
1918
4179
5177
6312
4871
4415
3018
1197
5127
662
5146
5225
4689
5111
1625
5224
1679
1567
3026
5204
4379
627
767
1349
1424
5208
5174
4181
4135
5141
1724
1918
5146
5109
1196
5226
669
5216
4108
1191
5208
4858
5091
1636
1674
5142
646
1196
5225
1735
4856
4427
4378
4257
737
627
1725
1396
1626
630
1423
1630
1680
671
5091
4256
5146
1682
4858
1629
1681
1627
1684
4149
4181
4871
653
1685
5372
5177
630
1197
4212
5140
4136
5209
5146
630
4858
4117
3026
1724
1639
1349
1567
1724
4142
4754
1735
4857
4178
4179
1682
6311
4132
4415
693
4752
669
2851
1423
671
6312
4141
893
2850
613
645
4427
3018
4177
1198
6312
5224
1713
627
1636
4856
1385
737
5168
4872
613
4117
1673
645
4872
4858
3026
1626
5372
5215
4181
4378
5109
643
5092
4117
1396
1764
693
4825
4858
3018
5091
1713
669
1681
5140
4117
1735
765
630
5110
1399
5216
2851
1311
1635
4181
1764
5186
5168
1423
4131
693
2851
1683
4381
1197
1627
1663
4680
4141
762
1422
1629
4857
3080
4178
4178
765
645
4089
1684
653
627
4678
5209
1663
602
751
629
629
4115
4682
4678
4884
693
613
3014
4754
1736
6476
762
4752
4715
4858
1399
4380
4884
4088
4176
1683
1198
1675
5089
1349
5187
1423
4825
5167
1738
1627
629
4859
5210
4180
4117
4681
1633
737
601
6312
1627
1311
1397
4131
613
2868
5224
4862
6476
893
4854
752
6281
893
3014
4115
4089
4158
5110
5187
1681
4381
1764
4088
613
1673
2851
1311
4682
4158
3080
4681
5109
3044
4677
1423
600
1385
4883
4088
2851
1624
5110
4381
6311
628
4854
4241
1423
4855
644
1737
3506
1398
1349
4134
686
4718
1397
4860
4241
1683
1397
4859
4159
4825
3042
1734
751
692
751
1713
1423
5151
5185
5185
4860
4680
1632
4088
1661
4117
5151
2866
1732
4176
2868
3045
4854
2868
4896
693
4277
4279
4277
3080
5190
5140
1398
4175
629
4175
4677
1660
1732
1673
5182
1681
1683
4180
4683
5185
4180
1315
1311
4117
4088
3042
4226
5188
1672
4883
602
762
1673
4854
5149
1312
1738
4718
3044
670
4899
1385
692
1237
2872
4855
1624
4241
765
762
4088
4684
1683
1386
1737
752
4279
2866
4175
4381
751
670
4159
2868
645
3506
1410
4381
3044
4754
601
737
4159
1383
1632
4855
4899
752
5179
4684
1253
1746
685
4132
1683
628
2868
1386
1382
4280
1312
645
628
4241
5184
4885
4250
1237
4090
5152
4381
4898
1632
1668
1315
692
1672
4173
2866
1411
5150
5151
6476
1713
3506
686
4277
4180
3042
1386
4897
4133
600
6333
1660
6281
4280
4896
2866
5149
1254
4118
1712
1386
4251
2868
4718
3043
4175
6281
4899
5182
3035
2821
4180
692
1748
3041
1701
4090
1748
6333
2868
3042
4380
4280
1672
944
1413
1660
4862
5184
4133
5184
1711
4717
4281
4717
3035
4898
5150
1670
4897
791
2869
4381
1385
6491
6476
794
4250
4087
3015
4269
4100
1316
4240
2953
1419
4173
4269
4268
4683
4885
3015
644
2864
4157
1683
4133
685
762
4102
944
4717
1381
4180
4429
4791
4717
2866
1413
1253
4886
2954
1236
1385
692
1253
4241
4888
4865
4278
3031
5179
5231
738
4173
4796
4087
794
2865
1312
4862
2956
4717
2864
4102
4897
2953
944
1315
6488
5152
685
2869
6414
4791
751
4240
4282
3034
6415
779
4862
3036
791
4133
1669
1711
3031
4180
4099
6412
1760
3031
2866
751
4765
4737
780
3507
1683
1718
5150
4683
944
1377
6328
1429
4100
4180
6491
6416
4720
4157
4253
1835
3041
2862
4090
753
1716
4267
5152
4765
1711
6499
1257
3036
4886
1411
4888
4865
1718
1670
4429
1716
2907
6329
1387
1669
6488
4738
1348
1411
3016
794
4380
4888
4862
791
4738
2865
944
3034
1419
1760
4102
4228
791
6282
779
4238
1387
4240
1236
763
1670
4862
1713
6489
1418
4796
628
4765
4275
4862
6489
2907
4266
2862
6488
1312
794
2820
3076
3076
1710
2954
1721
794
753
5227
1537
4266
4252
1316
4102
1411
5227
6329
6327
6487
4720
4796
1537
794
1257
1286
4796
753
4278
1437
3507
4862
6281
4099
4429
4796
1350
3037
1236
4429
4888
4738
4274
1350
4737
4228
4429
6331
4853
4274
2864
5013
4429
760
4238
2860
794
705
705
2860
1377
3499
4275
1669
1253
4238
741
4227
4736
3032
4903
4886
4273
1670
2862
4904
1350
4099
3016
4826
6483
4717
788
753
4267
4737
1670
788
1710
1544
1715
1711
3016
4717
4853
1378
1720
4275
4853
1386
781
4764
4266
705
2908
4879
1418
5011
4429
739
6326
4887
5227
788
3037
6499
4253
4863
5227
6327
4276
1715
794
6487
6487
1544
6331
1438
2860
6282
5331
4738
4719
6483
4863
1537
4850
1414
4276
5296
4906
6326
4278
6367
2854
1232
6361
753
753
705
4887
1257
705
4903
6326
4908
781
1720
1538
4239
1388
4764
5228
4239
1257
4743
3034
1232
4891
4278
1436
6479
705
5013
4253
4756
6485
6487
3032
1199
4266
6326
4129
4717
4767
6325
5228
5297
1835
4756
4906
4850
4827
4206
4170
751
639
1386
741
1407
4767
1233
6489
1284
1378
3033
4208
1199
5009
4863
6478
781
4826
1544
1351
4418
674
6283
4906
4740
6484
1377
4766
1200
5011
4891
3499
4229
5008
794
759
3016
3484
4207
781
4891
4229
4742
4829
4770
788
4792
1411
4239
1200
1414
6416
2960
6325
1236
6325
1351
781
5009
4891
1316
639
674
4208
1538
1388
6479
6325
4207
6282
1284
781
4742
5013
4792
4980
6283
1200
6487
1392
6501
3033
1380
4743
1286
1386
6478
4980
1866
4879
3076
781
682
6367
6366
4879
1288
761
5297
4740
1200
772
4851
794
4792
639
6325
1200
2860
1866
4128
1438
1316
4851
674
5363
1200
4130
1835
770
1435
6391
682
4827
6321
4229
683
4228
682
1763
1409
1763
1763
1866
1353
4863
6419
770
6477
4129
4207
2859
753
1284
1866
1388
4193
6325
4863
3484
4207
674
2854
4247
6481
1763
794
6324
5297
6315
4771
5363
1871
4908
1235
4852
4881
1402
770
4248
4743
2933
1380
683
6391
1386
4911
4817
1393
1871
4792
1378
4229
639
6358
1866
2951
770
2859
652
2932
4904
4418
6359
4193
1288
1407
5363
772
1235
6363
6323
4130
4879
6362
3498
6322
3016
4129
794
682
6322
3016
1866
6321
1353
1234
640
4852
6421
1434
6323
6283
595
4771
6284
6283
6359
1394
1432
1414
6319
6320
6363
6392
770
2938
1351
1411
788
1871
6323
4904
4230
772
1544
1411
4827
4740
778
770
4114
1866
6322
6391
4129
1839
5012
6481
1379
4130
682
1288
1391
3509
2932
683
6322
640
4244
1388
2934
1435
1435
770
4128
4743
1414
6438
2822
4112
5010
1288
683
4881
3065
6359
4881
6361
6358
682
4820
1402
6321
5297
6284
2938
1407
682
4817
626
6391
772
6363
6319
1409
1871
4130
6501
4230
5307
1395
652
4129
682
5298
6392
6421
5012
1414
682
4881
6320
1402
2932
4262
1402
4138
1234
4114
640
6393
4244
1402
4980
595
773
682
4881
4881
675
1394
6318
1389
3065
6284
626
1405
4977
4129
4111
4246
772
1234
1414
4138
1394
2934
3509
1432
1390
773
4129
695
2822
6441
4262
772
932
5307
6284
772
1389
4129
2906
3065
1405
1415
1878
682
4112
4979
6441
1394
2822
5354
1539
4881
4820
1414
6361
6364
675
4139
1395
6396
1380
2935
1380
4904
1297
6451
4183
4156
5013
4085
1871
682
1434
604
4114
1288
6458
6457
604
5308
625
1407
2942
6467
4881
1878
6438
6365
6395
1260
2936
719
4820
2999
1539
5320
6438
1414
682
4417
1871
4890
6411
1342
2999
5013
6357
6441
4904
1390
4083
4183
4979
1871
1415
4114
6431
4382
4874
4114
1260
4084
1539
695
1542
651
4114
4874
6420
2935
4979
1260
1409
1379
1432
4979
6442
682
6357
1539
1871
1539
4083
4113
3509
675
4262
1879
1859
6424
682
6431
2951
1261
1411
4114
2951
694
1260
716
4820
6404
730
1849
2822
4113
675
1845
6356
1871
605
6442
696
4091
1542
1842
1409
729
2934
4185
6364
2823
2967
3067
6452
1543
4874
1877
6458
6404
605
6442
1845
6453
1434
2942
4874
1259
5307
6356
4820
4086
2823
5010
3496
5302
4184
1904
1878
4091
6444
593
1872
1905
675
1539
6397
6453
4979
4776
6275
896
3483
3067
5320
6430
2814
6274
3007
4184
1407
1849
4874
1262
6356
6457
1542
4979
6452
2822
1905
696
2823
4874
1431
1262
4185
2969
605
4086
710
4890
1543
4163
4978
5299
6426
1409
4215
6462
4382
2969
6444
729
4820
4215
1859
730
5010
2949
4776
1849
1872
3483
1539
6403
4185
2823
1905
3007
4382
1872
6274
1408
4082
4155
1844
4874
6445
1293
1905
6274
2902
1849
896
1342
1879
4834
1849
4913
4890
6399
2902
4818
1859
2814
605
4186
3075
4917
696
4163
4776
777
1878
4777
4218
6404
6427
6400
1814
2878
699
4918
1511
4215
2901
4819
6450
4913
4819
590
4186
1506
2977
4383
2813
1860
2901
6462
1506
4917
1216
6464
2898
2823
4874
6334
2899
5351
1511
1294
775
6428
3006
3074
4215
4982
2950
697
4155
1859
4082
4873
4918
2878
4912
1878
4163
4982
1506
4876
3000
5318
2873
3000
4778
4819
5351
2898
3001
6459
2899
4187
6408
2994
1342
590
6450
2878
1218
1899
1293
733
6409
1511
735
4779
4916
4224
6464
775
4186
4218
1342
1400
6465
2873
4873
591
2946
6428
5353
2982
4187
3172
1218
2897
731
4873
2949
1506
4093
4082
1445
1899
6344
4196
2992
5318
1506
4819
1400
5337
4778
4197
3172
709
4778
2897
5316
1829
6464
4779
4082
2898
5344
3005
4919
4222
2981
1843
4981
2887
5345
1357
4222
1510
2897
4702
589
4778
4982
4188
2992
4092
1828
700
5322
1291
5304
1216
5318
1507
4082
1401
1295
6344
4187
4778
5287
1898
4189
5322
5337
701
1218
2980
4092
3005
5352
1401
4222
2994
5361
5344
4195
1509
1446
5336
5336
3004
5317
4124
1507
5306
6503
5277
1891
3172
5293
1815
4778
5358
3172
5347
1509
5361
589
1357
1813
4726
5345
4188
4778
5314
3005
4080
708
1843
4189
4222
1295
1305
5314
1821
4219
4080
4223
1445
4189
1815
1291
1442
4729
5361
5347
6342
5336
5336
4726
1889
6503
3169
589
4092
2882
2886
5322
4778
1897
1358
1444
1892
2987
4125
6468
4080
4778
2947
589
3009
635
5313
1358
1897
5293
3009
4092
1446
1815
6352
1442
5358
2882
1827
1892
4728
1897
4786
1301
6497
1826
3169
4778
5361
4189
1442
4783
4125
5313
6342
6346
1861
1303
5348
4783
6468
1401
1306
1291
5361
3169
4092
589
3009
1291
5348
5276
4080
2990
5293
1886
5361
4125
1310
4790
5293
1244
5292
4728
589
589
4783
4220
5356
1856
3061
6497
1885
5294
4778
702
1897
3169
5361
1890
749
4077
635
4190
4790
1856
4728
5276
5275
2991
1442
4778
1291
2888
4077
589
1886
4784
6468
4190
5356
4080
1310
1897
6351
6342
1310
4073
638
1874
1243
2990
2888
4078
5334
635
1873
3009
585
6346
4778
4073
5361
4790
4124
6497
585
5286
589
4797
3013
4073
2888
5294
5276
2888
4786
6470
4790
4191
4124
6348
748
4078
5356
5286
1861
1875
5356
2989
1874
4076
4073
4790
592
1245
4073
4078
5282
5356
4076
5334
6349
703
1443
3061
3061
6471
585
1816
1310
5284
638
1896
1221
1809
592
6348
4784
4078
1885
4075
1896
4078
3010
5356
4076
1861
1809
6471
1310
1243
749
1441
4789
1852
636
4076
585
1441
1876
4786
4801
1874
3013
4078
2989
4078
5334
4235
1874
1834
1298
1876
1298
1831
4721
1298
4310
1873
2888
4073
4073
6339
1834
6471
4797
5324
6471
5283
638
5334
5286
5282
6339
5284
6470
5324
4801
1885
1298
5334
4721
6471
587
3010
1308
1819
4075
4078
4078
1852
1243
610
637
5323
4797
1873
4797
1873
6340
1831
4801
5324
610
1888
4078
4097
1298
574
610
5283
4270
636
1851
4800
2880
1888
1887
1831
1810
1321
5326
1831
2890
4310
587
3471
5323
5326
1321
1851
5324
5324
609
638
812
1874
5311
1318
3936
4310
822
6339
822
5324
5324
1873
4721
609
2892
1831
3061
4310
4306
1810
3935
1318
1853
812
6433
573
2880
1832
4794
2890
5278
2880
2892
4723
2974
4270
1819
4724
4097
1873
5311
3471
3060
609
4722
1854
6433
5323
5280
4097
711
2880
4721
4306
1864
3471
6340
4096
1824
4723
813
6433
1887
3729
637
4302
4722
820
638
2880
4794
4062
637
637
5283
1811
822
1319
1320
1864
1854
4723
4294
4270
3944
5283
3935
4794
744
1864
3060
609
4722
4798
4271
4307
4798
1281
4722
744
4096
5283
1242
782
2894
3665
2894
4798
822
3011
3011
1319
3731
1239
4306
5272
828
441
2974
3471
4794
4725
2894
1824
1239
3060
3729
5271
3810
2894
1280
4725
820
4098
818
4271
4798
4199
4302
828
2974
2894
1811
1242
4199
4271
1238
5273
3732
744
1862
3731
4199
1281
1822
818
1823
1239
1825
441
782
3663
1281
3471
1811
4095
784
3727
1850
4307
826
3810
1850
1239
4271
3719
1822
1850
6432
4095
4199
217
4306
3729
1850
783
3728
818
1332
4233
6432
784
3810
4199
1280
219
826
454
4098
4302
4307
3665
3720
4233
712
3720
1239
4233
4233
1314
784
712
818
1281
1332
1240
1281
3921
3920
807
3058
6432
3798
3921
6432
784
4306
784
4307
4098
454
3721
3727
828
712
3723
441
4292
219
784
441
217
804
1313
1280
784
1332
4313
825
4306
4313
3920
807
3720
784
3720
3920
1281
3719
3058
4306
220
1313
220
1313
3951
3663
3735
3723
442
3809
425
153
3058
3921
1313
3724
3688
223
3798
3723
3726
219
426
1313
215
3724
219
298
220
1313
3818
425
3720
3720
3735
3920
3769
3720
3165
218
442
3719
3951
425
223
335
3820
3809
3724
153
3724
152
3809
219
3951
223
212
335
223
215
151
257
220
152
3820
211
3724
3059
3725
3817
3808
209
308
151
286
3813
209
3724
3662
424
212
6493
3046
218
3737
3724
298
308
284
3813
3795
461
212
3795
6494
6494
461
3724
3808
424
151
3809
258
3687
3796
208
103
207
296
284
3814
103
3736
6494
3616
210
154
424
307
3686
3568
104
3615
299
3808
3687
104
3737
3911
151
424
214
3655
299
417
151
258
62
3815
213
296
3813
3688
3715
104
3814
3812
208
417
3658
299
210
3568
3615
56
296
59
214
3793
56
3911
3655
154
62
154
3718
3659
301
306
144
213
424
176
3662
3567
282
3812
303
207
3662
3570
3659
3815
3814
3615
3658
3814
144
214
154
3715
3718
3793
3654
59
3659
145
102
3071
210
214
282
3658
144
306
149
145
54
53
141
3793
3815
303
282
3715
306
149
3685
301
3662
3653
3685
3653
3815
149
3614
5368
3686
300
176
3791
3567
102
146
3714
59
301
279
224
3614
279
279
300
225
3713
146
3661
3653
3657
3717
304
141
3657
3603
176
149
3700
54
304
3565
91
3653
176
302
305
3662
3756
78
3526
176
3950
78
3657
301
91
91
3527
3714
224
146
140
53
50
3869
3756
3596
99
3713
302
224
3816
3167
3559
3869
431
50
423
294
3661
147
3937
269
3554
3714
176
80
464
431
464
3559
3739
187
98
147
3699
174
3700
225
3816
225
3714
80
227
4015
187
3869
3781
3790
4015
187
245
174
3660
3526
15
418
3869
3072
3751
3528
174
3816
423
3816
150
3554
227
464
3527
3660
277
174
3869
269
245
418
227
3739
3822
3528
3869
3781
84
150
3733
4012
148
227
204
3869
3887
3072
3781
3699
3697
4012
13
3557
174
3816
14
4015
364
227
4015
3934
3739
4010
278
4010
384
3822
4012
3816
3698
185
3822
3545
188
363
363
41
3697
363
4007
446
4010
148
3739
277
13
332
3934
3751
278
4015
221
14
430
3816
201
3698
400
364
3775
3904
384
3886
4007
4015
3698
3698
3802
3768
524
332
268
4007
3896
35
3983
188
3802
332
3733
256
332
446
332
33
327
3698
4007
221
4007
3768
3768
4007
41
268
237
3900
331
3974
3530
3974
327
201
35
185
384
400
3698
3866
4007
364
366
3778
3768
3758
185
3697
3549
364
3903
407
332
520
3768
3973
188
3758
3903
3551
331
33
3900
446
524
3774
3983
3751
4008
256
3974
40
327
3768
3698
3551
3974
3768
3749
332
3898
201
3973
3540
3897
267
4006
520
28
400
3698
238
520
446
5243
4002
331
3898
404
397
3897
3531
4002
4008
366
3768
3899
256
396
520
3768
496
446
3897
40
237
3768
238
5243
222
4002
265
486
3898
485
3669
31
3898
3768
446
366
3866
3752
330
401
4027
4030
401
267
486
222
3551
3768
485
28
222
395
496
17
3896
4006
4016
28
4016
519
3901
486
396
3740
3839
4030
513
496
399
3775
3898
262
3892
496
407
407
4005
222
3844
3895
5243
542
3899
446
3897
490
3898
3901
3885
485
4031
3774
3897
490
401
246
3740
3901
398
4014
38
3897
262
496
38
542
5242
222
5242
399
397
3839
330
401
396
3939
542
538
3523
24
3889
395
3892
4039
3892
264
22
3902
4014
395
4005
358
3989
448
3632
505
5242
3889
4027
24
5242
399
399
4014
3889
3861
448
3901
447
246
3901
490
4039
3892
3540
410
401
355
542
3989
3491
4014
3902
490
3884
5242
3889
387
3491
5240
399
3890
3855
396
1778
4013
344
396
3889
3759
492
492
3902
399
410
3889
3632
387
3885
393
3625
3632
398
5233
447
3882
4041
448
9
5240
4041
3901
5233
399
505
397
3691
549
3884
447
350
3855
3902
3692
360
447
9
358
393
401
4013
1772
6259
357
396
3853
357
490
490
391
3854
3493
3632
3861
410
194
401
5232
344
3876
399
401
3523
1778
3894
447
1778
447
122
408
388
401
490
490
122
3893
3493
3884
3987
490
5232
3692
3889
6259
3893
3871
127
3893
3882
3876
3742
3889
3987
3691
2807
391
3889
1773
3987
3854
5232
401
1777
3883
6259
3893
3894
3890
3874
387
6262
401
3759
3894
1773
378
3889
3893
12
3889
474
391
411
389
3961
5232
200
401
3876
1777
350
3759
3855
447
127
473
447
3961
388
391
3691
3871
389
391
3965
194
553
3692
455
1777
466
247
3965
401
3893
3852
6262
3695
3948
1766
247
391
3874
3889
2807
3889
3893
2782
3872
346
401
378
3894
374
3874
127
3893
347
3883
3691
499
3893
3894
401
387
387
3894
3872
3704
3894
391
447
3695
3852
261
391
3701
3889
1765
576
3855
391
5234
389
3747
3166
3694
182
3894
499
401
3773
3851
5234
3519
401
377
3695
447
3893
401
3773
3893
347
368
234
1765
3894
3894
3694
369
109
391
388
109
3695
3694
3880
3704
3617
3894
447
3747
3520
389
401
3894
447
401
3747
3767
447
3767
234
3701
3166
3694
391
3695
339
455
3694
401
387
5234
3617
3894
3893
391
182
3767
401
381
3694
3893
369
447
247
3517
3894
183
183
447
3693
3707
3710
447
234
375
3767
401
3693
5
3767
1767
3694
179
3520
3709
181
234
401
6
235
3517
253
3747
3748
401
3767
253
3518
447
3694
3696
447
3767
6
183
3519
179
3693
3767
261
1776
235
401
3517
401
3767
189
3693
3767
3707
3710
3
195
194
3515
183
3767
1767
3783
3694
3767
3695
179
181
181
253
385
3767
3746
234
3745
3710
3518
2
3767
254
254
181
236
179
196
3767
197
3514
3767
3696
385
3782
254
3696
3674
3783
3696
179
254
254
3746
3767
234
181
3
3673
3682
179
253
3767
183
270
180
3696
2
3679
3767
3672
3516
3782
254
3767
3767
253
236
254
3682
3782
3696
3696
197
385
236
3767
3745
3782
184
3513
3767
180
134
254
3696
8
254
197
385
3682
162
3516
3767
3767
252
253
3672
167
3672
160
3696
3696
336
385
180
254
385
3648
270
3682
184
3674
3682
3785
184
336
385
3679
253
161
3787
3785
3681
168
168
3785
184
3682
3513
160
167
3696
3787
168
254
180
180
3648
271
180
134
385
3513
135
3680
3787
134
184
336
385
3785
3671
3674
159
336
136
184
3680
271
180
184
159
3681
168
3647
3696
414
3674
133
3647
180
3787
275
414
3646
170
3680
252
414
3684
3785
252
3787
169
3671
3787
3684
135
3784
3645
3784
3787
414
3674
336
160
3785
272
259
271
3645
3784
3680
271
414
136
3676
336
136
170
3680
275
414
3677
3784
3677
3674
272
275
166
3784
3763
3164
3683
135
259
3645
3164
252
272
3676
3784
166
3689
3677
3784
3678
272
171
259
166
259
414
252
3164
275
3684
169
3677
3645
3683
3763
3683
3689
171
3763
3689
3771
172
170
3676
3678
3763
249
3164
272
165
164
275
272
3164
272
171
3763
3771
259
3763
3684
3678
3689
272
164
163
172
171
3683
275
165
3678
171
3771
3763
249
272
3763
272
164
3763
3690
3761
415
415
3689
3763
172
3675
445
3690
3763
272
249
250
3690
272
3689
250
272
163
3763
250
445
171
3761
3760
178
3760
163
164
248
3690
3760
177
272
248
415
445
413
177
250
3763
415
250
178
415
3760
413
177
415
415
413
3763
3690
177
177
415
415
3762
163
3763
413
250
251
3763
250
3760
250
251
415
3762
248
3763
3763
412
412
412
251
412
250
415
412
412
415
250
415
250
412
415
250
415
415
415
415
415
3445
3445
3409
4625
1140
1138
1139
4625
1140
4625
1140
1139
4626
1138
1140
1138
1139
