764
648
859
963
909
791
1022
1118
1403
1648
1403
1403
1477
1477
1582
1627
1195
1195
1195
1195
1100
1100
1006
1006
1123
1263
1123
1123
1024
1024
1024
1024
1123
1123
1024
1154
1006
1006
15038
939
1330
1306
1306
1330
1154
1307
1263
1197
1307
1628
1330
1628
1628
1628
1729
1898
1898
1729
1505
1505
1436
1478
1505
1361
1361
1361
1307
1361
1361
1361
1361
1361
1361
1361
1361
1264
1307
1307
1307
1361
1330
1263
1307
1330
1330
1330
1361
1504
1361
1504
1361
1361
1361
1361
1361
1263
1330
1330
1504
1504
1504
1505
1785
1898
836
909
1055
1055
836
836
1217
1217
1217
1217
1073
1217
1055
1073
1073
1073
1073
1073
836
911
911
836
1004
1004
1004
1004
1004
1004
15219
15204
880
1099
1118
1582
1728
1838
2085
1784
2187
2009
2186
2296
2084
2381
2443
2470
2880
3016
3015
2832
1838
1475
1403
1626
1387
1192
1357
1471
1093
15233
15211
15214
1672
15195
1915
15210
1849
1596
2691
2609
2743
2743
1848
1444
2739
2507
2343
2564
2806
2506
3013
15312
3190
15336
1022
909
1022
1022
1119
1358
1474
1695
1982
1695
2344
2589
2671
2786
2913
2785
3100
3054
2860
3118
3116
3117
3100
3254
3100
3054
2745
3018
3042
3042
3117
3100
2760
2689
3190
3054
2913
3190
3254
1100
1074
1074
1004
1004
592
676
729
616
1304
1173
1306
1305
1055
1055
1055
1330
1582
1648
1119
982
779
1794
1417
2726
2965
2964
2426
15330
3280
3190
15215
533
1358
1262
1262
1262
1304
1627
1726
1809
2124
2223
2340
2339
2222
2106
2263
1154
1263
1154
1361
1264
1390
1361
2320
2320
2721
2745
939
939
939
1011
1361
1197
1197
1307
1307
2383
2719
3119
2832
2786
3100
3190
15351
15351
3280
3280
2384
2384
2556
2641
939
1024
1024
1024
1154
1024
1123
1024
1154
1024
1024
939
939
1024
1126
1012
1024
1008
883
15038
15038
939
939
2445
2721
491
569
1361
816
1262
1121
1173
1121
1074
816
816
816
1004
883
1076
1076
1055
1055
1076
1074
1074
1004
1173
1217
1217
15257
2553
2468
2418
2418
2468
15265
15268
1983
15265
1984
1984
1984
1984
1782
1782
1834
1580
1836
1866
1578
2273
2123
2553
2781
2561
2830
2856
2741
2589
2965
15271
1697
1894
2906
3140
2669
2619
3138
3253
3225
2295
15054
2273
2317
1894
1894
883
883
883
677
1230
1044
2032
1664
1436
1479
1154
1154
1197
1197
816
3280
3280
15351
3280
15351
1154
1154
939
1307
1024
1024
1024
1024
1074
911
1024
1024
939
3016
3264
1241
1241
699
15308
3307
1986
2083
2121
1985
2721
3205
3408
1217
1217
1004
3215
1307
1307
3408
2385
1024
15351
2182
2182
2121
2121
2036
2036
2036
1984
1985
2121
2036
1984
1984
1984
15265
15265
15254
15265
15254
2376
2295
2295
2376
15269
2376
15258
2410
15258
2551
15257
2496
2592
15254
2314
15254
15265
2619
2619
2435
2293
2183
2183
2183
2295
2295
2183
2183
15053
15053
2435
2234
2234
2234
2038
15257
2592
2496
2592
2468
2518
2182
2410
2518
2410
2433
2496
2551
15053
2317
2467
15053
2433
2435
2293
2293
2435
15053
2293
2293
2435
2315
2410
2315
2315
2410
2410
2410
2410
2410
2410
2314
2182
2314
2314
2314
2182
2182
2314
2182
2182
2182
2182
2182
2182
2182
2182
3594
3296
3296
3559
2182
2182
2182
2182
2182
2182
2182
2121
2234
2234
4017
3751
3456
3778
4171
4570
4462
3880
4764
4924
5416
5149
5381
5470
6473
6473
6592
6619
4698
4889
4538
4397
3489
3399
3592
3592
6116
6087
6243
6315
7136
7163
7278
7363
6792
6987
6976
15112
5448
5148
5261
5416
3813
3877
3946
3876
7737
7831
7750
7686
3535
3340
15345
3420
5505
5123
4955
5323
6393
6242
6242
6368
6505
6561
5413
4955
5019
5413
6775
6708
7880
7751
7752
7893
7049
7061
6773
6814
7991
7790
7846
7959
5020
5190
6487
6424
6590
6590
5298
4922
4664
5081
7956
7986
8090
8244
4919
5053
5053
4919
6425
6545
6507
6319
6609
6773
6772
6509
6776
5324
5450
4925
4668
4668
5192
4447
4447
4017
3778
5351
5505
8065
4846
4524
4881
4978
3592
3489
5246
5406
5447
5447
5253
5253
5182
5182
7829
7685
6636
6351
6420
6637
5210
5372
5702
5591
4879
5168
4720
4586
5075
5075
6367
6144
5923
5873
5873
5933
3335
15311
15337
4157
3790
4157
4157
6174
6314
6314
6129
5553
5553
5442
5442
5758
5758
5922
5871
6177
6058
6196
6281
6972
6787
6738
6894
4627
4601
4394
4627
5218
4981
5044
5044
4792
4600
4600
4792
3374
3373
3489
4855
5181
5117
5117
3745
15059
4853
5052
5052
5179
6769
6767
7723
7590
7634
7747
8009
7976
7976
15315
3254
3371
3371
9175
9085
9429
9678
3622
3622
3529
3529
8784
8829
3116
3116
3293
3362
3456
8939
9178
3254
15351
15351
3442
3408
3408
8107
8087
15854
15888
15666
15882
15881
15901
15900
15655
9477
9260
9119
9604
8020
8029
15113
10070
9927
10462
10366
15798
15819
15781
15799
8184
8456
8386
8483
8712
8601
8482
9306
8948
8998
9243
8831
8746
8687
8787
15864
15856
9353
9577
9236
15379
9155
9237
15753
15724
9687
15546
15830
15801
15562
15790
8079
7876
7917
7786
7722
6650
6466
6419
6679
5372
5592
15780
15774
15793
15871
15700
15748
15639
9981
10660
9399
9301
9751
9840
9587
9589
9022
9130
8880
8899
8131
8132
8091
8081
8260
7587
7597
7597
7441
7291
7375
7050
7062
6775
5302
15087
8993
15785
15827
15827
15791
8803
8080
8223
6810
6988
6400
6270
10924
15134
9488
9685
9683
15894
15717
10143
10084
10785
10709
10379
10239
9578
10337
10038
9743
9744
15777
15828
15831
15696
15778
15883
15832
15671
15814
15661
15657
10756
11092
10074
10231
9831
10039
10702
10769
11026
11291
15536
15815
15697
15815
15765
15779
15596
15765
11429
15659
15716
15669
11677
11643
15537
11608
11608
11607
11504
11565
11423
11337
11523
11489
11201
11311
10817
11180
10704
10854
11238
11345
11509
11358
10667
11266
10951
10425
10254
10591
11179
15602
11527
15540
10502
10781
10255
10423
10136
10078
10632
11052
11388
11522
15535
11539
11510
15579
10860
10956
10761
10705
10465
10375
11138
11341
11597
11683
11646
11453
11505
11203
11182
11863
11776
11675
11733
11898
11734
11763
11842
11865
11899
11881
11750
11749
11612
11729
11926
11959
11708
12905
13127
12996
12782
12093
12058
12125
12075
12308
12285
12009
11999
12786
12613
12597
12933
12415
12616
12682
12338
12825
12809
12570
12477
12214
12523
12441
12254
12238
12524
13369
13384
13083
13115
12935
13058
13175
12934
13315
13358
13106
12995
13435
13328
13067
13260
13522
13532
13671
13640
13563
13293
13331
13600
13320
13580
13526
13386
13591
13551
13387
13623
13576
15773
15692
15785
15785
9990
9749
10080
9902
10256
10953
10378
11412
11549
11811
12299
11974
12335
12737
12510
13399
13114
13625
9187
9156
9277
9277
9909
9909
15724
15753
10537
15602
15579
15628
10288
10286
10041
10139
12047
12010
12255
11673
12060
12033
12378
12059
12315
9837
9900
9900
9836
7505
7505
6471
6609
6811
6588
6486
6437
6395
6285
5256
4922
7052
7165
7292
8540
8900
8947
9190
15724
15753
9866
15845
6905
6702
5210
5168
4719
4975
4683
4719
3621
3998
15761
15785
15761
9689
9687
9690
9841
9979
9615
15812
5078
5178
5293
5288
6056
6218
3362
3421
3538
3474
3348
4313
4313
3963
3964
9973
10304
7582
7246
7284
7476
6130
6221
6247
6182
6089
6089
5249
5296
5295
15354
15673
10724
7204
7361
7238
7119
6742
6877
6503
5016
5254
5254
9361
9363
9459
15845
15615
3264
3293
5117
4855
5675
5468
5120
15108
5707
5468
4666
4443
4443
4857
4699
4444
4699
4859
3777
4017
4205
4172
4125
3790
4157
4521
4382
4382
3457
3401
3851
3739
3793
3226
15314
4093
3793
3750
3687
3652
3264
3265
9711
9298
7650
7636
7499
7669
7669
7598
7093
7206
3018
7921
7766
7804
7960
8276
8483
9405
9405
3816
3504
3505
3588
7847
7813
5504
5599
6817
6146
5986
6043
5876
15706
15785
4489
4821
4489
4489
15828
15753
15805
15692
15709
15783
9489
9302
9585
9747
11441
11746
12609
12882
13113
13598
13436
4093
4526
4526
4128
4853
4759
4661
4497
4916
5014
4916
5113
5293
5045
5047
4654
4654
4908
4654
4262
4365
4365
4262
3471
3388
4602
4628
4369
4369
3684
3738
3624
3554
4139
4014
4600
4497
5295
15355
3986
3878
5874
5783
5971
6541
6381
6283
6468
6315
6527
7164
4079
4014
3650
5248
5181
5181
5218
5928
5930
6176
6057
4225
4346
4091
4225
3966
3675
3736
3967
9776
10067
8258
8224
8880
9690
9687
15827
9456
15713
15833
15667
15775
15775
15667
15715
15721
10040
12583
12832
12861
12556
12284
12584
12756
13104
13105
12833
13086
15753
15783
9152
9233
9130
8880
7688
7764
7429
7530
7427
7428
7276
7424
7404
7249
7584
7477
7247
7057
7012
7264
9364
15753
9185
9049
9180
4601
5596
5551
3736
4092
4295
3391
3748
3588
8764
8943
8942
15773
15692
9277
11185
15580
11269
11402
11551
11587
11762
11864
12357
12123
12337
12614
13084
12909
13330
13655
15785
15773
3920
15109
5121
4203
15820
15762
4625
4348
4441
4888
4697
2606
2461
2348
2606
2627
2288
2703
2370
2370
2823
2231
2459
2371
2230
2660
3057
3057
2874
3717
3915
4042
3914
3036
2772
2902
3165
3033
3313
3514
3228
3164
3197
2605
2930
3058
2662
2131
2541
2540
2404
2228
2512
2228
2201
2515
2373
2289
3283
3163
3032
3163
3036
2852
2682
2877
2803
2803
3286
3060
3167
3574
3848
3485
3311
3846
3811
3256
3720
3451
3452
3452
3454
3740
4130
4035
4161
4352
4036
3723
3810
4162
4439
4074
4137
4328
4757
4757
4597
4598
4240
4106
4106
4440
3795
3795
3837
3837
4321
4531
4240
4240
3915
4106
3770
3770
3744
3744
3720
3720
3796
3837
4491
4730
4657
4437
4566
4566
3718
3916
3875
3740
5011
5116
15360
5050
4886
4758
4138
4440
3981
3981
3849
3849
3794
3970
4001
4129
4598
4459
2683
2487
2587
2774
2629
2409
2875
2626
2080
3744
3680
4594
4594
4352
4319
4060
3937
3798
4789
4911
4788
4657
3771
3744
4563
4288
4130
4564
4130
4754
4564
15062
4983
4983
4754
4848
2754
3145
4042
4137
4459
2676
2541
3341
2897
3259
4692
4692
4566
4440
4598
4730
4567
4035
4130
3740
2108
3229
3718
3875
4913
15362
4884
4106
3770
2312
3916
3517
5210
5438
5209
6587
6879
6943
5599
5934
4888
4888
6134
15268
15269
2224
8132
8433
8543
2410
2293
2315
2121
2121
2075
15269
2619
1984
8125
8423
8304
7974
8531
8322
8533
8782
8683
8634
8966
8475
8597
8353
8427
8559
8477
8637
8520
8561
8764
8614
8582
8833
8834
8883
8883
8902
9134
4268
3443
3373
3531
4428
4752
4557
4057
3531
3790
4158
4158
4157
3376
15322
3583
3733
4558
4559
4819
4819
3377
3534
3713
3674
4182
6024
5967
5798
5445
5706
5445
5215
5215
3748
4140
4204
5173
5216
5348
5173
3412
3901
4285
4285
3864
4285
4722
4722
4285
5077
5043
15319
15321
15318
3508
3392
4855
4855
5016
5253
5016
4394
4077
3687
3589
3502
3901
5218
5216
5077
5524
5348
3467
4346
4091
4315
4560
4182
4315
4723
4489
4685
4685
5077
3687
4078
3919
3919
4112
4169
4078
4756
5218
5044
5218
4908
1264
1390
1154
1155
4594
4437
3572
3455
3165
3344
3230
3485
3742
1688
1473
1422
1620
1302
1548
1377
1548
1377
1347
1447
1617
1347
1749
1720
1418
1617
1299
1524
1646
1281
1692
1692
1693
1754
1348
1328
1191
1884
1751
2161
1799
1799
1853
2024
2312
2078
2053
1749
2053
1668
1524
1671
1620
1328
1645
1967
1801
1854
1621
1972
1238
1326
1801
1668
1967
2023
1769
2135
2026
2058
15052
2201
485
625
625
644
855
759
879
958
443
625
443
416
417
377
399
399
488
362
362
401
387
465
465
387
484
485
701
701
470
530
470
546
986
854
1045
1068
1095
1096
1235
1095
957
958
1046
832
1067
986
219
259
219
219
937
985
1051
937
815
704
191
235
235
209
485
416
338
338
416
384
375
384
485
484
484
484
375
375
300
300
300
273
1116
1051
452
403
403
452
936
936
191
235
832
1047
1097
1097
1144
348
485
484
572
572
572
572
15025
432
440
460
574
761
930
1067
1067
854
854
854
854
644
758
957
1045
1188
1045
1068
1067
1188
1257
1257
1169
15052
936
1211
1235
1235
1095
1144
759
759
530
759
376
376
377
781
781
348
235
284
307
277
301
266
301
301
300
300
308
361
361
375
375
375
348
348
348
348
578
508
259
219
1233
1169
484
488
484
280
280
280
309
240
218
218
258
338
306
306
338
330
307
197
290
284
197
726
465
704
387
379
379
508
290
290
290
484
277
988
933
725
934
258
259
320
320
272
300
704
403
326
726
726
726
291
465
725
725
935
936
235
197
1098
1098
1098
935
674
725
575
575
362
181
164
164
191
197
191
646
301
787
761
546
857
988
1145
988
1145
761
179
209
1070
1189
625
701
701
572
781
1189
1257
1257
1191
209
279
279
759
702
626
703
832
702
701
701
727
790
330
324
324
284
290
301
854
854
530
530
375
291
291
348
209
191
324
375
279
279
388
934
179
164
181
191
853
701
1299
703
574
273
309
279
279
280
279
144
144
144
144
209
122
130
130
122
122
96
96
96
131
96
96
96
96
96
66
96
122
122
67
67
67
67
131
131
106
106
131
106
106
131
106
131
157
106
77
122
66
122
66
66
77
157
157
157
106
130
122
72
106
77
77
106
77
77
77
77
77
155
190
189
155
166
182
192
190
166
182
237
290
290
237
216
273
190
190
216
177
189
217
273
266
266
183
213
250
183
240
217
240
182
183
6
6
6
133
15180
132
93
155
155
250
155
91
128
93
132
132
91
83
91
99
99
71
93
93
71
71
62
53
70
62
70
70
53
70
53
54
54
70
34
53
70
74
62
62
34
74
62
34
74
62
99
74
34
34
53
53
54
54
15177
54
54
54
99
93
74
61
61
71
15177
61
15177
33
33
27
27
34
34
33
163
216
216
163
15180
226
226
15180
135
226
226
279
213
213
216
163
239
170
216
239
272
273
213
268
15184
268
268
216
216
216
226
170
146
119
148
170
170
170
163
163
142
279
272
15180
135
148
148
135
135
15173
114
15173
142
142
114
119
119
114
114
87
87
87
87
15172
15173
15172
15172
60
60
114
114
69
60
15172
6
6
87
69
93
61
69
98
69
98
98
69
69
69
60
114
69
114
15172
60
69
142
142
142
98
119
119
119
119
15172
15172
69
69
69
69
69
69
272
255
255
255
255
238
292
15184
15184
238
238
292
309
309
15184
336
336
293
357
255
255
282
281
270
270
320
293
320
320
320
311
326
326
292
255
255
255
292
238
245
230
281
245
281
238
223
223
238
309
238
238
270
223
222
238
222
222
222
238
255
222
222
223
222
222
140
140
140
140
140
140
140
222
140
140
222
222
140
140
222
222
140
140
140
140
118
118
223
140
238
223
118
140
140
140
222
140
222
140
140
140
223
223
223
223
223
222
222
223
140
223
140
140
140
140
140
140
326
15033
15033
530
530
573
573
573
445
507
626
531
447
531
486
486
15033
15033
445
372
447
369
370
463
463
463
463
463
463
364
364
364
370
370
369
463
486
411
369
369
411
369
369
411
369
486
486
369
369
370
372
364
364
372
365
364
334
486
445
445
411
445
373
373
373
365
365
365
365
335
369
369
365
357
357
440
440
550
440
440
320
484
911
1055
1055
1073
1073
911
911
911
1004
1004
1004
1074
1004
1055
1055
1055
911
1055
1055
911
1073
911
911
911
911
1004
1055
911
911
1004
911
1055
1055
4891
4891
1055
1055
1055
1055
1055
3684
3946
3835
4187
7699
7238
7072
7103
7176
7385
7528
7496
7496
7637
7525
7382
7421
7622
7319
7174
7134
7142
7013
6906
6807
6829
7351
7224
7181
7352
6500
6649
6975
5742
5856
5856
5742
5741
5741
5680
5601
5602
5678
5678
5709
5888
5934
5934
6070
6028
5823
6374
6576
4629
3310
1669
4620
4683
4683
4682
3531
4158
4344
4416
7028
4976
4720
4344
4057
3934
3733
4160
3965
3734
3674
3965
4092
4385
4593
4725
4725
4906
5248
5216
5253
5524
5674
6195
5998
6332
8515
8305
8272
8473
7827
7819
8289
8239
8220
8180
8205
8672
8522
8712
8729
8223
8540
8408
8359
8046
8125
7867
5966
5919
5909
5593
5496
5641
5818
5172
4905
5445
5445
5042
5042
5043
5077
4723
4722
4819
5212
5845
5926
5971
6157
6015
6068
6025
6025
5999
5871
5921
5799
5672
5672
5497
5403
5549
5373
5401
5211
5847
5523
3497
3790
4821
4906
5044
5044
4906
4821
4725
4821
4593
4821
4347
4347
4347
4347
4346
4489
4347
4981
4981
4821
4821
4981
4723
5867
5778
5042
4820
4949
4949
4820
4685
4905
5734
5943
3749
3347
15321
15327
3998
4597
6481
6481
6919
6844
7663
7610
7419
8044
7827
7486
7379
6700
6036
5996
5905
5591
5947
5875
5875
6016
6002
5914
5855
5974
5823
6071
6245
6227
6228
6244
6209
2385
1651
1264
1264
2445
2721
1436
1479
1011
1024
1241
1241
2721
2385
3365
3559
3951
4144
6120
5682
5877
15082
4333
2914
1264
1363
1154
1241
4891
5452
6044
6374
6710
4629
6834
11131
15698
15577
11044
10275
9677
9452
15624
11224
15694
9382
9827
10917
10810
10330
11225
11172
8593
8894
8935
8474
8727
15868
10982
10942
10916
9451
9606
9891
10029
9479
9210
9120
9083
8726
10065
10624
10622
10412
10398
10008
8779
8377
8594
7645
9834
15785
15761
9179
10133
10415
9690
9687
9017
9018
15753
10102
10403
10560
10915
10841
15835
15546
9496
9496
9406
9692
9627
9783
15753
8728
8582
8712
8729
8428
8711
8538
8429
9292
8799
8792
1651
2244
526
3408
593
1264
1024
3921
4114
15707
4333
15773
7174
13783
13849
13967
13965
13811
13821
13771
13760
13928
13951
13813
13999
13824
13791
13906
13742
13955
13794
13783
13965
13984
13942
14019
13797
14131
14147
14214
15455
14115
14115
14127
14049
13904
14118
14038
14130
14154
14773
14651
14651
14651
14722
14722
14722
14722
14774
14839
14774
14774
14834
14834
15011
14920
14771
14996
14835
14835
14597
14598
14598
14597
14652
14652
14652
14878
14878
14893
15014
14804
14611
14592
14774
14774
14680
14774
14597
15485
15001
14774
15485
14976
14677
14611
14651
14771
14651
14680
15461
14975
15461
14922
14677
14771
14920
14785
14834
14834
14768
14769
14677
14677
15461
15461
15011
14995
14972
14918
14918
14972
14870
14920
14785
14870
14994
14994
15010
14994
14550
14507
14722
14776
14722
15014
15015
14680
14774
15520
14680
14774
14591
14768
14976
14976
15472
14768
14835
14994
14870
14835
14870
14920
14916
14916
14920
14831
13938
13809
13808
13956
13956
14103
14103
14102
14265
14182
14252
14195
14215
14258
14220
14184
14145
14468
15166
14447
14468
14506
14352
14590
14589
14766
14649
14782
14649
14971
14830
14957
14881
15497
15497
15529
15463
15524
14971
15529
15515
15472
15515
15504
15524
14433
14352
14414
14505
14588
15470
14351
14528
14705
15484
14586
14565
14547
14885
14715
14446
14314
14350
14764
14546
14565
14703
14780
14640
15476
14913
14348
14410
14397
14452
14659
14421
15494
14684
15471
14266
14266
14434
14573
15464
14553
14685
15463
15503
14863
14575
14750
14602
14864
14960
14788
14401
14401
14470
14493
15523
14844
15484
14885
15483
14883
14911
14969
15473
15494
15469
15525
14981
14281
14270
14336
15456
14336
15463
15515
15523
15523
15466
15466
15492
15465
15518
15518
15522
15502
15525
15525
15517
15517
15483
15517
15489
15489
15474
14969
15474
14969
15526
15489
15526
15526
15474
15474
14969
14969
14170
3621
4975
11508
11568
11506
15377
7668
7497
7668
9048
7219
15870
5591
5602
9569
2121
2121
2121
2204
2293
2293
2121
2410
2121
2121
5452
15077
5877
6029
1264
8245
8115
7709
8713
7943
6481
6121
8713
5996
7822
9308
7452
734
837
818
707
862
733
1015
818
1202
1202
1244
1394
1394
1653
1653
1311
1156
1156
1157
1199
1013
1013
884
1103
1126
1199
1126
1156
1011
1012
1012
1011
1126
1126
1011
1126
1013
1013
15038
1012
1268
1268
1199
1199
1126
1242
1242
1125
1242
1332
1701
1393
1332
1483
1701
1700
1534
1483
1700
1391
1534
1482
1391
1242
1242
1266
1266
1266
1266
1266
1266
1266
1266
1266
1266
1265
1265
1265
1265
1266
1266
1266
1266
1266
1393
1266
1393
1393
1393
1393
1393
1266
1392
1392
1392
1266
1393
1268
1393
1483
1392
1483
1601
1601
733
733
949
885
885
949
1107
1202
1107
969
1029
1029
969
1107
1029
1029
1029
1029
885
885
914
914
1079
1079
860
914
1079
1079
15223
917
594
917
1031
1653
1763
1485
1872
1701
2139
1840
1928
2141
2140
15904
2323
2275
2645
2497
2672
2645
1789
1335
1486
1244
1368
1463
1245
1159
1141
1165
15202
850
1589
1590
1820
1740
1414
1682
2323
2360
2360
2447
1822
1370
2527
2334
2334
2218
2779
2367
2733
15339
15332
2841
862
1030
969
862
1220
1030
1507
1538
1818
1660
2450
2334
2423
2501
2558
2361
15332
2732
2646
2836
2939
2836
2990
2968
15332
15332
2915
2915
3019
2915
2939
2990
2615
2424
3176
2558
2916
15340
15340
1156
914
1079
914
914
569
618
678
677
1311
1269
1157
1157
969
969
969
1332
1365
1633
1030
981
722
1278
1563
2601
2454
2845
2735
3126
3158
3158
595
15217
1220
1394
1394
1201
1202
1394
1703
1873
15904
2154
1844
2102
2031
1956
2115
1125
1011
1199
1265
1391
1363
1265
2125
2190
2569
2522
1012
1011
1011
1012
1266
1241
1242
1241
1241
2248
2447
2672
2672
2646
15332
15340
3245
3245
2446
2446
2569
2322
1011
1011
1011
1011
1011
1011
1024
1011
1011
1024
1012
1011
1012
1024
1024
1011
1125
1011
15038
2746
2474
1266
678
1201
15047
15048
1105
15047
767
860
767
860
1079
884
884
949
949
1079
1079
15048
15048
1105
1107
1107
2423
2424
2251
2324
2251
2142
2071
2018
1907
2071
1907
1816
1816
1907
1715
1507
1660
1537
1507
1715
1734
1903
15904
2324
2843
2698
2559
2525
3008
3008
1676
1790
2777
2972
2570
2525
3127
3127
15308
15903
15902
2142
15903
1904
1675
884
1552
1407
1125
1125
1241
1026
914
3271
3245
3245
3158
3300
1011
1011
1011
1242
1013
1011
1011
1024
914
914
1011
1012
2862
2862
1241
1241
1874
1874
2016
2068
2746
3021
3245
969
969
914
1242
1242
2474
939
2111
2111
2016
2018
1816
1816
2018
1816
1816
2016
1816
2018
2018
1842
2068
1816
2111
2018
2071
2070
15903
2067
2333
2215
2333
2283
15027
15027
2365
15027
2424
2363
2070
2018
2071
1907
2365
2284
2068
2284
2068
2067
2067
2067
2067
2067
2068
2067
2067
2067
2067
2144
2144
2067
2424
2424
2279
2423
15902
2325
2333
2284
2423
2284
15251
15247
15251
15245
15245
15245
15245
15247
15251
2144
2144
15247
15247
2144
2144
2144
2144
2284
2144
2284
15251
2284
2284
2111
2284
2284
2068
2111
2111
2071
2111
2018
2111
2018
2018
2018
2018
2018
1816
2018
2018
2111
3491
3491
3242
3206
2018
2018
2018
2111
2111
2016
2068
2068
2068
2144
3923
3656
3561
3595
4245
4080
4449
4466
4543
4927
5422
5711
5422
5327
6596
6713
6671
6491
5062
4766
4766
5305
15067
3780
3629
3492
6149
6406
6262
6091
7114
7297
7444
7114
6824
6764
7008
7036
5575
5575
5327
5265
4707
5130
4835
4835
7794
7778
7900
7950
3827
3825
3636
3636
5712
5630
5227
5425
6444
6498
6275
6275
6610
6612
5532
5453
5197
5197
6821
6712
8015
8034
7863
7824
7067
6963
6913
7067
8056
8055
8055
7898
4928
5059
6460
6673
6713
6552
15102
5512
5024
5306
8037
8022
8200
8297
5609
5609
5609
5332
6475
6306
6624
6690
6750
6914
6797
6548
6837
5128
5511
4927
5021
4701
4702
4572
4334
3853
3656
5605
5712
8209
4815
4972
5098
4876
15067
3780
5696
5747
5696
5696
5694
5693
5693
5619
7872
7719
6499
6566
6516
6364
5521
5773
5521
5317
4877
4584
4816
5072
5037
5099
6252
6292
6062
6062
6003
6003
3492
3440
3525
3832
4221
3832
3832
6171
6110
6414
6296
5719
5719
5719
5813
5813
5956
6031
5956
6311
6311
6126
6126
7041
7021
6735
6766
5200
5026
5026
5200
5486
5367
5367
5368
5428
5428
5202
5582
15063
15067
15063
5685
5722
5722
15091
4508
4469
5770
5770
5794
5724
6827
6930
7781
7779
7682
7630
7951
7838
15910
3299
3441
3441
3440
9169
9504
9421
8984
3712
3563
3527
3527
8774
8820
3208
3427
3460
3156
3426
9109
8958
3299
3300
3463
3463
8120
8140
15730
15563
15787
15808
15858
15675
15896
15688
9888
9673
9082
9208
8058
8121
8212
9472
9967
9967
9636
15822
15685
15731
15689
8366
8412
8461
8544
8503
8603
8655
9280
9358
9000
8976
8890
8888
15116
8819
15824
15848
9337
9250
15140
9412
9248
15142
15845
15845
15615
15761
11221
15867
15893
11260
7904
8122
7798
7756
7691
6696
6753
6461
6386
5665
5467
15746
15884
15859
15789
15829
10876
10688
10053
9663
15137
9414
10289
9756
9954
10381
9245
9055
9055
9310
8206
8206
8459
8118
8199
7601
7510
7730
7600
7310
7369
7095
6963
7123
5325
5473
9108
15857
15877
15899
15859
8773
8035
8277
6867
7035
6291
6383
10389
15136
9696
9846
9552
15645
10448
10449
11143
11242
10639
10865
11210
9415
9872
9634
9556
9557
15585
15807
15806
15772
15840
15860
15592
15681
10739
10474
11195
10002
10118
10115
9961
9724
10051
10386
10150
10549
10645
11113
11250
15621
11387
15620
15647
15609
15608
11538
11581
15565
15755
15555
11742
11704
11727
11726
11635
11535
11663
11408
11519
11533
11533
11149
11247
11306
10795
10576
11193
11404
11555
11555
11514
10960
10607
11276
11433
10214
10266
11152
10967
15607
11637
10827
11379
10430
10173
10114
10432
10644
10871
11368
11369
11535
11579
11630
15581
11467
11145
10736
10518
10521
10869
11405
11384
11740
11635
11662
11577
11438
11436
11365
11919
11782
11721
11855
11830
11969
11788
11815
11850
11837
11724
11770
11503
11739
11606
11938
11625
11902
12817
12819
13062
12990
12021
12087
12138
12084
12197
11903
12006
12274
12824
12880
12590
12513
12369
12326
12608
12504
12851
12517
12561
12793
12131
12178
12500
12471
12247
12515
13340
13042
13112
13374
12855
12780
13123
13041
13348
12964
13064
13310
13337
13009
13309
13647
13678
13336
13662
13597
13573
13572
13350
13325
13283
13349
13529
13528
13585
13310
13633
13585
13499
15650
15644
15588
15786
10208
9998
10512
10262
10827
11147
11147
11516
11622
11795
12245
12286
12022
12801
12435
13118
13375
13676
9410
9787
9716
9368
15761
15761
15706
15707
10318
11439
11537
11537
10514
10316
10211
10545
12038
12319
11980
11737
12008
12007
12305
12228
11996
10000
9958
10019
10210
7577
7437
6657
6674
6902
6714
6631
6598
6340
6361
5744
5533
7228
7227
7064
8567
9224
9359
9027
9866
6969
6785
5208
5399
4816
4520
4878
4878
3712
4028
15707
15707
15707
10086
15836
15825
15837
9419
9729
15760
5791
5766
5767
5792
6082
6379
3629
3632
3699
3782
15067
4379
4152
4219
4485
10273
10098
7608
7554
7357
7416
6152
6327
6250
6075
5976
6161
5366
5541
5692
5661
10478
11121
7336
7316
7356
7445
6752
6948
6516
5695
5718
5694
9655
9461
9461
15706
3175
3155
5611
5686
5717
5860
5717
5717
5718
5717
5062
4993
4738
4633
5085
4830
4630
4738
3755
3923
4117
4301
4028
4682
4221
4221
3267
3425
3753
4337
4307
3125
3208
4376
4516
4209
3782
4209
3044
3206
9563
9227
7740
7681
7452
7639
2914
7997
8013
7883
7773
8245
8363
9358
9358
4372
4304
4147
4148
7948
7961
5743
5859
6835
6161
5835
5891
6123
15706
4811
4811
4811
5001
15726
15745
15709
15709
9757
9550
9788
9957
11530
11665
12622
12891
13037
13335
13689
4612
4676
5070
4840
5582
5582
5535
5725
5657
5791
5725
5634
5393
5461
5660
5393
5070
5316
5393
5153
5153
5535
5232
3828
4020
5088
5024
4960
5088
4274
4305
4176
4306
5232
5387
5202
4995
5661
5692
4505
4670
5810
6021
5915
6628
6460
6443
6274
6495
6495
7150
4117
4670
4768
5486
5486
5662
5662
5899
6008
6008
6006
4480
4377
4279
4412
4054
4278
3995
3929
9940
9642
8414
8487
8927
15837
15825
15680
9443
15722
15676
15747
15610
15653
15618
15677
15683
10020
12490
12807
12588
12750
12502
12251
12804
12951
13013
12806
13024
15726
9142
9057
9028
15125
7835
7823
7454
7454
7565
7671
7370
7300
7411
7518
7657
7641
7211
7338
7155
7010
9629
15726
9464
9195
9044
5333
5747
5813
4214
4213
4995
4083
4304
4403
8815
8956
8953
15650
9596
15584
11487
11512
11653
11654
11766
15557
11831
12327
12292
12106
12627
12837
13066
13284
13621
15707
15773
4080
5745
5745
4801
4900
4900
4995
5331
5230
3475
3475
3327
3216
3476
3217
3695
3604
3432
3219
2940
3047
3430
3131
3804
3664
3805
3804
4936
5091
5133
5065
4004
4037
3756
3757
4196
4101
4579
4454
4354
4256
3602
3603
3973
3909
3137
3029
3220
3434
2867
3077
3352
2998
2945
3222
3222
4456
4232
4065
3975
4098
3758
3552
3436
3873
3807
4070
4008
3910
3942
4837
4769
4039
4133
4713
4644
4803
4577
4577
4641
4509
4509
4872
5272
5272
4582
4941
4940
4549
4458
5339
5390
5134
4967
5716
5727
5728
5690
5362
5514
5360
5268
4577
4478
4509
4577
5203
5203
5516
5362
5155
5309
4962
4803
4962
5031
4803
4577
4510
4803
5313
5313
5313
5313
5482
5585
5031
5031
5031
4509
5716
5716
5634
15093
15093
5613
5657
5267
5267
4869
4869
5267
4576
4425
4675
4675
5516
5615
3545
3544
3161
3305
3029
3220
3602
3972
2940
4962
4641
5313
5272
5272
4941
4610
4515
4872
5313
5313
5313
5539
4709
4803
5095
5272
5272
4840
5272
5392
5272
4576
5392
5392
5392
5634
3543
3806
5336
4938
5583
3511
3355
4390
4068
4199
5482
5585
5339
5613
5614
5313
5657
4515
4478
4675
3074
4196
4804
5065
5539
5539
5539
4803
5268
3105
5268
4478
5399
6716
7033
6983
5896
5859
5331
5332
6188
2169
2333
1956
8150
2525
2284
2284
2365
2365
1876
2333
2365
1907
8042
8086
8348
8253
8530
8797
8757
8527
8697
8550
8417
8550
8549
8416
8590
8440
8658
8737
8815
8814
8715
8793
8769
8835
8836
4449
3579
3579
3525
4485
4281
4427
4617
3711
3832
3711
4156
4156
3549
3789
3858
15070
4813
4875
4813
4813
3706
3857
3959
3786
4379
6009
5981
5840
5747
5747
5747
5369
5435
4635
4635
4272
5487
5542
5542
5487
15069
4216
4341
4341
4216
4616
4747
4747
4616
5368
5435
3827
3596
3701
3701
3596
5357
5357
5654
5719
5693
4801
4706
3927
3927
3785
3892
5368
5487
5486
5696
5696
15065
4216
4412
4716
4341
4716
4716
4901
4901
4716
4747
5368
3927
4271
4399
4544
4271
4503
4399
5313
5486
5486
5367
5366
1363
1264
1241
1155
5272
4941
4361
4166
4362
4322
4258
4671
4713
2463
2411
2193
2193
2127
2127
2305
2128
2305
2146
2146
2439
2389
2634
2414
2197
2665
2049
2049
2440
2440
2538
2578
2391
2307
2198
2145
2392
2908
2866
2631
2632
2686
2631
2632
2994
2792
2763
2664
2909
2577
2197
2533
2550
2326
2411
2763
2714
2811
2591
2766
2193
2193
2685
2577
2493
2764
2764
3079
2839
2766
2050
3080
1227
1227
1227
1227
1318
1293
1162
1132
976
1132
1002
1002
976
1037
1160
1037
1225
1317
1179
1083
1386
1289
1426
1425
1353
1353
1353
1274
1061
1061
1061
1002
1559
1862
1736
1608
1557
1574
1708
1557
1557
1430
1293
1248
1862
1711
514
514
514
514
1807
1779
1890
1807
1779
1779
582
582
582
582
923
1274
923
923
898
898
1163
1385
1274
1163
1385
1319
1319
1385
1163
995
995
995
1890
2049
1386
1576
1340
1321
1802
1802
538
637
1352
1292
1430
1557
1757
923
1274
1353
1491
1575
1452
1453
1491
1491
1319
1340
1061
1161
1807
1711
1862
1451
1608
1558
1451
1339
1450
1273
1736
1736
1777
1862
1862
1888
1933
1888
1862
2096
2050
1802
1933
1708
1933
1932
1132
1041
922
1132
1037
976
976
1559
1711
923
582
582
867
867
923
923
515
562
1183
1183
1000
1037
1084
1319
1163
1319
993
923
993
1163
1576
1575
514
583
2049
2049
1385
1160
1353
1204
1204
1110
1110
515
515
515
867
923
898
583
514
976
867
867
867
867
976
1510
1624
1493
1386
1321
1322
1530
947
1000
947
1453
583
1678
1571
1571
1513
514
514
1276
1183
1183
15042
1714
1276
1321
1774
1677
1802
1000
1510
1570
1571
1571
1803
823
537
1803
1803
1803
1803
1427
1427
1427
1427
1000
433
433
437
425
537
537
1225
923
1338
1247
1247
1513
1291
1678
1513
1757
1291
514
437
1678
1858
1132
1452
1353
1658
1452
1858
2148
2148
2059
514
15042
947
1162
1041
1040
1040
1162
1161
1559
1559
1779
1658
1037
1037
867
867
976
976
1558
1451
897
897
1163
944
1000
1163
468
468
867
1319
15042
15042
1276
1678
437
437
435
468
1807
1353
2197
1161
1061
993
1204
1204
15042
944
947
433
468
468
468
468
433
425
437
425
425
435
435
435
435
436
435
435
436
425
425
436
425
435
436
436
436
436
435
435
436
436
435
436
436
436
436
435
435
436
436
425
425
436
436
436
425
468
437
437
436
436
436
436
436
435
433
436
436
436
436
468
435
426
457
457
437
433
433
433
636
495
636
652
947
947
947
15042
863
437
437
863
863
457
15187
947
993
947
863
842
944
863
947
480
480
890
635
405
494
494
15188
635
495
426
15187
426
944
433
425
457
15187
405
405
405
405
425
425
426
405
15189
15187
15189
15189
389
389
389
389
389
389
15189
15187
15188
405
405
15189
15189
15189
389
389
389
389
15189
389
389
15189
407
407
407
389
15189
15189
15189
15189
15188
405
15188
15189
15189
15189
426
15187
407
407
407
15189
407
407
15189
15189
15189
15189
15189
15189
15189
15189
776
776
776
776
822
822
822
822
822
863
889
889
944
889
650
822
15045
997
776
15045
995
1063
947
15045
863
15042
15042
863
877
776
863
863
15043
15043
776
776
15045
863
664
664
15187
15042
1063
494
494
776
664
650
635
474
494
494
453
15187
15024
502
502
15024
15024
453
453
453
453
453
453
453
453
15024
15024
474
15024
453
453
474
453
453
410
410
15188
410
410
410
410
502
15188
393
15024
410
453
15024
15024
15024
15024
15024
15024
502
589
502
15024
502
15024
15024
15024
15024
15024
15024
15024
15024
410
15024
393
1063
15043
15045
15045
863
942
942
973
999
999
1139
1139
1081
1204
1138
1183
1183
15042
1110
864
865
15042
998
998
15042
1183
1183
15042
15042
943
1110
1138
1250
1183
943
15045
863
1138
1139
838
998
998
838
15042
998
15043
15043
15041
1250
15041
770
998
838
838
838
838
838
770
770
15043
838
838
838
838
838
769
770
769
769
770
770
769
769
769
709
769
769
769
769
838
770
769
769
769
649
649
769
770
565
15043
770
649
769
649
769
769
769
769
649
769
769
15043
15043
838
838
838
838
649
769
649
649
769
649
769
649
649
649
1183
800
1002
870
825
870
950
870
716
800
950
800
685
825
825
825
800
690
690
654
685
690
690
690
690
690
690
685
685
685
685
685
690
477
477
685
690
690
690
477
690
583
477
690
583
825
716
501
477
477
582
685
560
654
582
477
477
825
716
690
716
690
685
685
690
654
685
690
468
477
477
582
583
1340
1319
1319
1453
1491
1453
1319
1276
1453
949
885
1029
949
1029
1029
885
914
914
1079
914
914
914
969
969
949
914
969
969
914
885
885
885
914
914
914
949
914
885
914
914
969
969
4701
5021
949
969
949
949
969
4834
4638
4339
4614
7774
7356
7193
7212
7245
7574
7455
7769
7550
7777
7606
7619
7378
7339
7262
7393
7190
7153
7069
6984
6951
6889
7335
7187
7229
7367
6632
6558
7079
5649
5710
5834
5890
5835
5711
5575
5651
5651
5894
5893
5895
5895
5896
6188
6104
6048
5894
6670
6357
4629
4164
2412
4682
4415
3831
3618
4156
4415
7209
5208
4816
4414
3831
3896
3895
4024
4024
4151
3930
3930
4480
4744
4744
5236
5236
5236
5367
5487
5619
5813
5813
6064
6127
6344
8528
8397
8233
8268
7912
7927
8251
8278
8231
8280
8370
8526
8618
8603
8731
8439
8793
8505
8487
7840
8041
8076
5982
6082
6009
5790
5814
5749
5637
5342
5342
5369
5139
5369
5369
5238
5368
5002
5035
5139
5165
5884
5773
6141
6150
6150
6125
6126
6051
5813
6005
5839
5839
5839
5699
5544
5544
5344
5465
5397
5100
5753
5841
3563
3832
5367
5367
5367
5367
5236
5034
5367
5034
5034
4745
4745
4745
4480
4480
4616
4678
4678
5368
5001
5001
5001
5001
5002
5884
5842
4970
5137
5137
5002
4970
4970
5139
5754
5994
4051
3702
3598
3708
5584
7461
7693
7735
6633
6035
6090
6103
5937
5878
6018
6124
5892
5892
6140
5893
6322
6230
6307
6308
6323
2244
1552
1264
1264
4116
3922
6121
5647
5625
5303
4244
5890
10648
11161
10745
11081
9374
10027
9114
15757
15744
11168
9288
9884
10693
10394
10440
11085
10976
8592
8824
8916
8373
8738
10694
10650
10885
9602
10097
10063
9378
9037
9377
9081
9038
8776
10062
15531
10325
15576
8777
8467
8216
7744
15151
15707
15650
9144
9764
10249
15837
15825
9057
9028
15726
10396
10188
10222
10840
15664
9785
9629
9692
9785
8714
8769
8836
8835
8507
8793
8588
8715
13773
14006
13957
13806
13804
13779
13738
13996
14026
13753
13843
14010
14025
13818
13788
13826
13992
13787
13855
13969
14011
15399
15398
15399
14155
15389
14211
14212
14179
14192
14178
14010
14138
14113
14135
14109
14193
14793
14793
14793
14793
15447
14850
14850
15447
14792
14792
14792
14851
14899
14899
15008
14966
14817
14965
14965
14965
14755
15447
14850
14791
14850
14850
15004
14934
14963
15005
14851
15447
14793
14793
14792
14792
14792
14730
14730
15447
14851
15409
14937
14851
14759
14793
14793
14793
14792
14937
14937
14730
14815
14793
14817
14793
14899
14965
14817
14899
14817
14817
14815
15007
15007
14816
14965
14966
14900
14939
14899
14899
14899
14733
14899
14966
15008
14899
15008
14939
14713
14756
14850
14934
15447
15006
15003
14730
14792
14816
15410
14792
14692
14695
14793
14793
15007
14817
14817
14899
15008
14817
14733
14899
14940
15009
14899
14822
13785
13959
13817
14024
14023
14133
14111
14094
14329
14376
14329
14395
14394
14206
14244
14207
14159
14790
14710
14533
14579
14518
14580
14519
14627
14558
15164
14667
14735
14902
14852
15404
14983
15419
14983
15406
15442
15428
15009
15430
15442
15430
15442
15009
15437
14371
14323
14342
14477
14736
14943
14478
14799
15413
14903
15413
14826
14991
14904
14801
14535
14634
14522
14992
14992
14907
14908
14968
14968
14854
14997
14583
14522
14584
15423
14643
14856
14997
14647
14753
14374
14236
14359
14645
14645
14689
14542
15418
15403
14861
14859
14609
14857
14706
14706
14857
14453
14453
14473
14403
15437
15427
15000
14904
14991
15421
15424
15424
14997
14997
14998
14859
14970
14283
14338
14338
14356
14370
15418
15438
15438
15437
15427
15439
15439
15439
15000
15000
14861
14861
14970
14970
15013
15013
15013
15013
14998
14998
15402
15402
15402
15402
15402
14998
14998
15402
15402
15402
15402
15402
14324
11624
11665
11499
8953
7775
7564
7716
9002
7298
5575
2016
2068
2068
2068
2144
2144
2068
2284
2284
2068
