39344
9838
40885
39845
9270
26875
32844
10164
6877
29210
18256
20660
2814
20660
20660
2814
2813
2813
2813
20664
20664
2814
2814
34797
2813
20660
20660
20664
2814
34797
2815
34805
34805
18092
3582
20664
20663
2815
2815
34797
8248
18092
20651
20660
20756
20663
34819
2815
2815
34804
8248
3582
3582
20756
20663
18089
34804
34804
34804
20651
20651
3581
20756
20663
20663
34819
34814
34814
3582
20753
18089
34804
8248
34785
20756
20622
34804
34804
34814
34785
18092
20651
20675
20753
20753
18089
18089
34894
34814
8248
20642
3581
20670
20675
20681
20753
20663
34763
34828
34816
20666
20622
34816
20622
34763
34852
34894
34828
34785
18091
20666
20670
20681
20600
20600
20753
20711
20622
18089
34894
34814
34778
34785
20642
18089
34763
34852
20642
20681
20711
20711
20622
34894
34828
34811
34785
18091
20544
20670
20675
20600
20622
20622
34815
34683
18085
20602
20681
20622
34731
34778
20553
20591
20600
20711
20711
18089
34852
34852
34703
34731
20666
20666
20544
20711
18089
34852
8231
20544
34763
34769
34852
34703
34815
34663
20537
20591
20602
20745
20711
20625
2809
34811
18085
18085
20585
20625
2809
34769
34769
34726
20553
20537
20538
20544
20602
20602
20603
20745
20711
34894
34703
34769
34852
34852
34663
8205
34683
20553
20544
20585
20585
20603
34769
8231
34727
34724
34654
20538
20745
20745
3598
20711
20625
2809
18085
3530
20587
3549
34769
34852
34726
34663
20585
20603
20625
2809
8261
8261
34702
34724
18083
3530
20538
2809
34769
34891
34654
8205
34675
20605
3598
3598
20625
2809
8261
34746
34702
34727
34650
20506
3522
20526
20580
20576
20745
20745
2809
8261
34891
3557
34769
34772
34891
34716
20479
3530
3557
20608
20745
3598
8261
34891
34701
34650
20580
20576
20741
20595
3598
2809
8225
8219
8184
3518
20605
3598
20625
34716
34661
34661
3522
3525
3526
20576
20608
20741
20595
20625
2809
34772
8225
8183
20595
8225
34748
8219
35374
20479
3518
3552
3598
8225
34748
8183
8184
20574
20576
20608
20741
8260
8260
34717
8538
21262
3725
3526
3598
20625
20631
20626
34772
34772
8225
34701
35365
35374
35253
35431
3525
20556
3570
8219
34715
8183
35365
35374
20556
3570
34772
8225
34701
34628
20479
3778
3770
20556
20574
20595
20702
34868
8232
8538
35403
3778
20556
3552
20727
20596
20596
20631
34879
34879
34753
34701
34717
34715
35365
35405
35431
2833
21262
21262
3725
20596
20631
8260
34738
34879
8215
34717
3725
3778
20556
20566
20615
20727
20626
34772
34772
8260
34868
8215
34715
8209
8538
8447
35402
21131
21214
3570
3578
34772
34753
37430
35365
35431
21265
21532
21553
3485
20576
20702
20631
34707
35409
35277
20556
20566
20727
20730
20596
20631
34868
34756
32414
7546
34707
8538
35402
35409
3735
21265
20558
20566
18273
20727
34832
34869
7568
32414
8209
8527
35277
21242
18273
20615
20615
20615
20689
34772
34738
34879
34868
34756
7568
7568
8216
34698
35385
3735
3735
21214
21532
3485
3553
18273
20700
3578
34775
34865
34698
35507
35402
21242
21265
21214
21553
20414
3485
3553
2905
2993
20727
3578
20626
34834
34869
8147
34756
7568
37430
34756
32420
7631
37430
34601
35748
8527
8386
35473
21113
20558
2993
20689
20700
34775
34869
8527
35507
8378
8378
35473
35300
35385
21113
21206
20567
18512
18425
2905
18275
20727
3578
20632
34832
34869
32420
21242
21330
20558
2993
20689
34832
34869
32420
35311
35300
35300
21572
21206
21206
21532
21553
20689
21614
3578
20632
34775
35757
8147
32420
2903
8527
8424
2835
21330
21185
21553
20414
3485
18512
2993
20632
34834
34832
7566
7620
32420
7631
8148
2903
34601
8424
35311
21572
21206
20567
2985
18427
2993
21617
21614
34869
7631
7661
34548
8424
35311
2835
21400
18425
18425
2903
18275
2993
3483
20722
35759
35758
35757
34861
7656
7566
7566
7661
34601
35735
35712
21404
21174
21174
21560
3485
21614
21607
7566
34593
34568
8424
21572
21560
20427
20419
18427
18427
18537
18537
2993
8543
8543
34861
7620
34593
35712
35589
20458
20458
2985
2993
20722
20689
21614
20632
32413
8147
7656
32413
7656
32697
35712
35712
20427
20427
2985
18537
3483
34776
35759
35779
34548
34568
35589
21400
21400
2993
20388
21617
21607
35771
32413
7560
7656
32391
34597
35735
35712
18537
18537
2993
3483
21615
35758
35771
34861
8145
7656
7560
34567
8537
21174
21560
20453
20458
20388
21632
21632
21607
34776
35759
8145
32391
8145
7560
32807
35589
20419
18537
21615
21614
35773
35772
32406
32574
34591
8530
35712
35628
35633
21482
18562
18562
18537
18537
3482
3482
35772
35771
35779
32406
32505
32429
21482
21560
3873
20441
18537
20388
20388
18134
8145
8145
8145
32429
32706
34567
8537
2843
21499
20441
20453
18562
2916
18537
18537
20388
3482
21646
3877
34776
34776
35759
35772
35785
32406
32440
32429
34597
34587
35633
21499
21482
21632
21627
35771
35771
35794
8144
8530
35231
8359
37439
21386
20419
20473
35773
32782
32811
32811
7564
32406
7571
34597
34591
35633
21496
21083
20466
20453
2916
2916
18537
20388
20388
20382
21639
35794
7564
32429
8530
37439
37439
35645
2843
21496
3508
2916
2916
3482
21646
3877
35784
35772
35785
18537
34590
34587
35227
20915
21560
3508
2916
21646
21646
21639
21627
35782
7564
18256
32705
35166
35166
35645
4833
21386
2916
2916
20382
21639
18134
35784
35772
35799
35794
32782
35805
7593
7563
7571
37438
21083
20466
20473
2916
2916
18256
20382
21645
21637
8144
32782
7564
7563
7557
34614
34609
37438
34950
35056
20915
21560
20466
18256
20382
21645
35784
35790
35790
7557
32705
34609
34950
35056
20885
20991
20419
18256
21627
18134
35784
7593
35805
34590
35194
35227
35166
35016
20991
21083
20472
20471
20471
18256
21639
21640
35782
35790
35799
35805
34520
32460
8151
34950
20885
20466
18256
18256
21646
35784
35790
34520
32705
34609
35016
34927
20882
20885
21050
18256
20376
20382
21627
21637
35782
7659
8178
34609
35088
20831
21643
21640
21637
18136
35782
35784
35799
8151
35024
20882
20874
20466
21663
20374
20374
18136
35801
35805
35878
34520
7679
35194
21030
21050
20376
20382
21646
21640
21640
35802
8178
34609
20472
3889
18136
35783
35801
35802
8553
7659
7679
35176
34927
20831
20374
20382
21654
21654
35878
7659
35809
35809
35088
34907
34907
20789
21030
21059
21663
3515
20376
21654
3889
18136
20376
21731
21648
35802
35805
35878
35831
8553
7679
8369
20831
21059
21658
21648
3891
21654
35783
8281
20773
21030
21030
21731
3889
8574
35809
35176
35088
20857
20958
20831
20376
21731
21658
3889
35897
35897
8576
8576
35878
35876
35853
35809
35088
8312
8329
21683
21658
2852
2852
35176
8329
21002
21059
3515
21727
3891
3891
21654
8574
35853
35809
8281
20958
20958
20869
20376
3889
8576
8576
35876
8369
35176
8329
21034
3706
2852
35854
8556
8312
35130
21683
21707
21750
21750
25117
35898
35878
35853
8370
35088
35130
20958
21002
3706
3893
21727
21728
3913
3913
3891
25117
35898
8576
35900
35878
35854
21707
21727
3910
3910
35887
35915
35185
21034
21728
3913
21750
8556
8370
8346
3706
3893
21741
21745
35898
35900
35900
35915
35909
8370
12665
3683
3706
3893
12821
35909
35854
35185
27000
21071
21729
3913
12818
35854
8346
12669
3683
21729
25117
27178
35915
35909
8370
27000
3893
21712
21729
3909
12821
3910
35861
35854
35838
12669
21004
21665
12837
21745
27162
6341
35916
35836
35185
27007
21785
12837
12818
28300
27178
6346
6338
35908
932
12669
21071
3909
12837
940
6346
35934
35838
27007
12675
21665
21712
21768
12821
28324
6341
932
21071
3914
21785
21782
940
28324
6316
27007
419
12717
1572
940
6346
6338
35857
6316
6312
12845
12717
21665
3904
3914
21782
6346
35857
35838
6316
6312
6310
1535
21665
1550
21768
21764
12841
14041
13963
28300
36480
5764
27149
13991
13977
940
28385
35857
35846
6316
6316
6312
12708
12717
21665
1550
22335
1863
6633
28378
27149
33351
12734
12717
10986
28307
36477
5384
27070
21682
3914
1835
13991
28378
28378
25209
33209
27130
27081
27070
5260
12841
13963
28288
28319
5384
33351
5260
3914
10986
1835
13940
13963
36477
28282
5384
5384
33351
27081
5260
427
12734
21682
1549
1550
3904
443
22306
1835
13991
13968
25209
27130
35846
27070
14033
12841
13912
28282
28377
28377
28377
32978
3904
443
1835
13940
13991
13968
28288
36465
6607
27081
6317
427
21682
6607
25310
1550
12811
10986
14033
1811
13938
10895
25217
36477
36465
28282
8706
6607
28377
32963
33351
35868
35850
6317
12752
1558
3187
10986
13912
10995
13912
22278
10895
13947
28288
25386
32978
35850
12752
12785
12811
1811
22306
36477
5381
28377
1811
13912
5376
8706
28236
5381
5378
32963
35850
12785
12792
3187
13818
22278
13968
13947
5376
5378
25310
25386
32321
30780
35850
21724
1033
18826
13818
10995
25217
36477
25211
5381
5381
32978
35873
1014
14189
14225
14217
14217
10895
13968
28288
28214
30185
25386
1811
13852
13878
4939
28236
18036
3187
10895
1044
13947
922
25217
25211
36410
30193
30185
25309
19064
13852
13818
13818
14189
14189
14225
14217
5381
28346
32332
17948
16422
1014
19064
18826
1034
13818
14217
1044
36477
4939
28209
28236
28164
36410
32321
32332
14225
13878
1044
25211
4939
32970
1014
11046
14219
922
922
28594
28214
28164
28346
6581
32347
17948
16422
10939
11046
14205
28594
28209
28164
28486
14287
18826
18826
1034
1792
4065
14219
1044
14245
6677
5355
36381
7061
7061
25309
28613
1034
1798
1898
28594
28214
28164
5355
36381
33087
17948
2761
81
1898
14205
14205
14219
1046
1044
14248
28594
5817
4939
28209
6675
28486
28486
17979
11046
22266
1792
14164
14245
28552
8728
8728
28501
28613
1823
14205
1046
19168
14245
922
6677
28214
28487
28486
36518
25307
5408
32347
18739
22266
1798
1898
1823
28594
6677
28471
16431
11046
22387
81
14164
14219
19168
6675
6675
28214
28552
6569
8728
6658
14287
3142
3142
1798
14205
14248
5817
28509
28487
6578
2764
15814
22266
3142
3142
16731
16731
16683
14245
2858
25121
6677
6677
6675
6569
28509
6658
7818
28471
32347
32347
32347
17981
2492
1798
16709
16720
1823
2488
6675
28552
31083
8728
28509
36518
7848
16431
14287
15824
22387
16737
16731
2488
16683
19169
19168
5817
28552
6578
4025
16737
16731
28594
6675
6675
37554
6561
31222
15814
1886
2490
1823
2488
16683
19169
23383
14245
14245
6677
5817
36433
28552
31090
6561
6578
31222
1885
16731
19168
23383
6677
5817
31090
28509
7818
36518
36518
32347
15824
16737
16737
16731
14364
2490
2488
16683
25121
7254
36433
31083
31083
31083
31090
37554
37554
31222
17938
17981
23447
16754
16730
16720
16720
16699
2484
19169
2858
28509
6578
31222
15814
1879
1885
1885
2488
10907
7251
7251
31083
37554
7271
7272
31168
31222
15824
14364
14364
22289
16699
2484
10907
25121
28578
36433
7272
17938
16754
16762
13884
16680
19168
19168
28578
7254
31083
31083
37552
6561
31183
25305
25305
31253
17938
17981
16762
16762
14364
14364
22289
16699
25121
25121
7251
7251
7255
31090
31090
7272
17909
16857
15814
16754
14364
22289
16699
31113
37554
7271
31138
36598
31222
19081
19081
16758
14356
14356
16673
10907
7254
31087
31090
37552
6707
7272
13884
16673
16680
23383
7253
7251
31064
31113
31138
25305
8721
1876
16781
16758
16762
19108
13884
17552
17530
2484
78
18211
7253
7251
7255
31090
8721
16857
16869
16821
4314
14355
16673
25121
28724
31064
6710
31087
37552
28692
36598
31183
37898
17909
16781
2681
2678
2678
10907
7253
37535
28724
6707
31138
17909
16758
16758
14355
14351
14351
2667
23383
7255
31897
6710
31113
31138
31136
36598
37898
1869
16869
19108
2681
23652
17552
17530
17517
6707
31185
33339
37602
4314
1931
2678
17530
17531
18211
31874
7253
7255
31095
6707
31136
37602
17824
16821
2502
19108
17552
17530
78
23383
10824
31018
37535
37535
28724
31897
31064
6710
36617
31087
31095
31113
28692
28692
6703
6703
2754
16818
2502
14355
14351
19108
17584
17584
23652
17531
17517
6698
2502
2502
1931
14351
2678
31064
33250
33250
6571
6707
6707
16821
16818
14351
17531
78
2665
31018
36631
36631
31899
31064
28710
36617
31185
33339
37898
17824
17824
2502
1931
14351
14394
14394
2669
2669
2667
10824
31874
37535
31897
6707
28140
28692
6703
33226
37602
32271
2754
1869
16821
16785
14343
2678
2678
17567
14394
2666
17517
36631
31899
36617
6703
31185
2686
17584
18211
31018
28710
28140
6698
1929
2680
14394
2671
36631
31902
31899
31897
28710
31929
6571
6571
33226
7469
33002
31496
17824
17898
831
16818
1929
1929
17610
14351
23665
2676
2669
2665
18225
31897
7440
31929
33250
6558
6698
33002
37881
16841
16785
1929
17584
17567
14394
2665
31874
28140
31997
32271
17869
1869
16785
1929
2689
2686
17610
23652
2666
23644
2664
7435
31874
36631
31899
6571
7454
31997
32016
37602
22352
17577
2676
23652
14394
2671
18224
7454
7457
7469
31496
1929
19235
2665
2665
18225
7435
36631
31902
31893
7445
31929
31929
5364
6571
31272
2584
1929
2689
2689
23665
2680
4
2666
2664
31891
7457
31997
7469
32271
37881
37881
17898
17668
2686
17610
17610
18712
14394
19235
2671
23644
31893
7440
7445
7445
31933
7457
6558
31997
32016
32016
30996
31496
32271
17869
17668
2676
1948
7435
31891
31929
31940
7454
7457
37583
831
831
16841
13509
13499
17577
23665
2680
1785
19235
1067
2668
2664
18224
31891
28760
31893
5364
5364
31272
22352
17668
2693
14394
19235
19238
7435
31891
7445
31940
37528
37583
2739
2697
13499
2687
17577
19112
4
1952
31893
7440
7445
32850
7447
5364
37814
31992
7464
28077
32858
37881
2584
17631
22490
7435
28760
7443
31943
37814
31992
28077
30996
32271
2697
2693
19112
19112
4
18712
18712
1785
2668
2664
18058
18058
25406
31891
7445
5364
7464
5899
37524
31496
31496
2739
23435
13509
17577
1067
31879
25402
7443
37814
37814
31968
32858
17869
18863
13499
2687
4
22490
19235
1067
1952
19238
7435
8754
28077
28397
28397
17631
11269
28760
25402
6718
5836
7447
6553
37814
7464
28079
37524
37524
31293
7507
2584
839
557
17631
13509
11269
1785
22494
2664
18058
25406
31879
32850
31943
27898
31968
31992
5899
5798
7313
31496
32194
2731
557
18863
2697
17631
13509
1744
11282
1784
1784
18849
14628
19238
31879
28760
6724
32850
37814
18863
13509
13489
19112
13753
4
22490
14628
1953
1952
28760
8754
6718
32850
7447
28079
23440
16639
17631
11282
19238
28768
5836
6553
6553
6515
6500
5798
31293
7293
7507
2584
16931
13509
13489
1744
19112
11282
11282
11269
22494
1956
18058
28761
6724
7854
7854
33689
33689
31323
31323
31293
32194
2731
16931
1052
13742
13509
4
1956
36648
8754
28737
32850
28091
6515
25692
5798
37524
32194
2738
16639
13509
1744
13753
1784
22494
18058
28768
28765
6724
28091
28096
32855
6500
33689
28079
31527
7293
7507
4344
557
13742
13742
19482
19491
18798
1784
18849
18851
22500
1956
36648
6724
6718
5836
7854
27898
6515
33689
25692
17810
23443
839
16639
1739
1744
19482
19491
14628
22622
1953
950
28761
28760
8754
32940
32850
33628
6553
33620
37524
31300
31527
19546
11350
13509
19781
19781
11269
18851
22499
1956
28091
28091
27893
6500
33617
33689
25692
33188
7293
7395
1052
2473
2473
2471
13742
13509
19478
11282
14530
28768
28784
28765
8754
28878
27898
5940
5940
37423
839
2471
1724
19781
19781
14530
14428
8754
28878
32940
25597
27893
32855
33188
37524
31323
31527
4344
16931
16946
2471
11352
19546
13544
4102
950
28970
28974
32940
25609
28091
27893
33620
5025
5940
7315
16946
2471
3258
14535
14628
22622
14411
22504
10803
25226
28970
33628
27893
33617
25739
2738
23443
839
1739
13544
13544
3258
4102
36648
32989
28878
36685
32940
28096
25692
33188
31300
31300
31300
31527
31678
16946
19546
19474
19478
19491
19489
13690
14530
14641
22500
22504
28784
33628
33628
27898
6512
33620
25590
7395
10797
23538
16931
16946
13729
13729
19546
13495
1724
19781
19781
19489
22499
14428
10803
28765
8754
8754
36685
32940
25597
25597
25692
7315
31678
18158
17156
16968
13729
3261
19474
13495
13544
13690
14530
22622
14411
25739
25706
7315
2737
16958
19478
19478
13544
13544
19787
19781
13690
14535
10803
18218
36648
28974
36685
25617
33628
25978
6512
6512
14530
14641
10803
28784
31444
33314
28982
32989
36685
25617
25617
6512
25739
25692
7239
37686
7396
16931
16968
3261
19546
13495
19489
3258
14535
2013
22504
28982
28979
25978
25973
36283
7935
7315
31300
5389
31666
31663
37423
23538
16617
16968
14473
19047
13495
13495
11314
13544
19489
36283
25590
25590
18158
2625
16960
19478
1135
3258
19023
4102
4102
19173
1047
25226
36648
31444
33630
33628
6507
6507
25739
7935
7935
36659
16958
3261
13563
11314
1135
1024
18891
28784
36685
28903
25617
33628
25973
25973
6512
1983
1024
2013
18891
18218
25978
6507
25739
36659
7239
5389
31666
2625
17156
16617
16958
16968
19047
19047
3261
19787
19803
1267
7998
6036
5906
6507
5048
25739
37686
7396
31663
18158
2623
16960
14473
3261
11410
11410
19474
13563
11314
11314
3258
13690
13690
1983
10803
31444
33314
28982
28982
28905
2013
1047
25226
31457
33164
33630
5906
7935
8759
7239
31663
1012
2625
3272
3272
1721
11654
1063
11678
1267
3258
6036
27891
27891
25734
33708
36659
7314
7314
37686
23539
16960
16968
11375
11402
13495
13529
1135
1024
19173
17095
31457
28979
28979
33164
6507
5048
25739
7236
31663
16968
3272
13495
19803
5831
7998
26009
25973
25604
27891
8664
5943
8759
7362
31539
7393
17176
16617
1966
11375
11410
1179
1721
1063
1049
1769
1983
1983
17997
17997
31444
33314
6759
33164
26009
8664
5943
7239
7236
18006
18158
2620
2623
2543
16968
1179
11314
1063
11678
1267
1049
13690
11065
22626
18891
18891
31454
31457
5831
33164
1024
17085
28979
28905
28032
26021
26021
26009
27891
27891
27891
33089
7314
31685
23539
2543
23478
23478
1966
11410
3158
1721
13529
13529
1063
11289
25973
5048
33708
5943
1012
1012
17302
16968
11374
11375
1257
19221
11065
17997
31471
28979
26009
27891
8664
33089
37630
7314
7393
2596
23478
22516
18948
11654
11678
1049
11034
11034
2013
19173
33164
8664
8664
25734
7366
31685
31648
23542
2543
19553
1179
19221
11289
14560
11065
17085
22626
31454
7342
5831
5831
28905
6759
26009
25990
28032
25604
25604
8664
33697
27968
7317
7236
30956
18006
2620
23478
11374
11374
11414
3158
1257
1257
11654
11327
1049
1987
23509
31457
33164
26005
25990
8664
33089
37630
7366
31549
31668
2622
17302
23478
2554
18948
1179
13480
13529
11327
19221
11289
17097
17997
30806
28979
6542
26009
26009
27871
8664
8664
25637
27968
31648
2596
2595
23478
2554
11374
13458
13458
1257
11678
11065
22626
31471
5831
6759
6759
25990
25990
27871
8664
25745
33697
33105
7317
7317
7366
31549
7236
2543
22516
18948
13529
1257
11034
23509
22626
28982
28905
28032
26010
25745
33089
28831
7236
2622
2596
18725
19553
18948
13529
1257
18963
13681
1987
23509
23509
17085
7346
7346
7342
33319
6542
5820
33938
33667
27871
31346
31648
31648
16606
17182
2596
2543
2554
13480
1257
11327
11679
1262
19184
1049
14560
11065
17097
7346
28982
6542
26005
26009
26010
25661
27871
27871
27871
33697
28831
32867
7236
36729
31668
31648
30956
16601
2622
2467
2554
14471
11296
11370
11304
11679
11034
22626
7342
37655
6542
26005
27867
33090
33697
31346
36729
2596
2543
11389
11414
13458
13480
13529
13529
1257
11657
11679
13681
4104
18202
6759
6759
7326
33667
27867
25640
25637
31574
31549
17276
2596
18725
23478
11304
11394
11394
13444
11679
18963
1767
19184
17071
11065
23509
23509
2432
22626
30806
5684
37655
33319
7326
6537
6505
27867
25640
25727
25745
25745
33697
33328
2467
18725
17013
11304
11657
11679
1262
1987
23509
7346
7342
28982
33319
7329
6033
25661
27443
27867
33328
32867
31574
31648
17182
17211
2554
17013
11389
1720
1257
1155
11657
19184
1987
2432
17097
7346
37655
7337
7329
7326
26010
33667
33667
6502
25712
31346
36729
30956
2467
2554
12938
1155
11679
1767
17005
4104
22626
16449
37655
31374
6749
27867
27867
33240
33697
33697
36729
37725
16601
17267
23546
18725
22175
11304
11394
1720
13480
1257
11657
1262
13686
23509
18202
30829
5684
5684
33319
7337
27867
25727
25712
33697
6749
31574
37725
17211
23478
11387
11394
11394
13444
11657
11664
11340
17005
17071
2432
30806
7329
28003
26016
26010
6406
27443
27279
25712
6749
30922
30922
7225
31574
16601
17276
17182
2554
12938
13444
1987
23504
22643
22643
2432
16449
18202
5684
31429
37655
7337
7329
31374
28003
6033
27443
5945
16517
23504
23504
31437
31437
7337
6749
7225
37499
17211
4097
16545
17013
11346
22147
1257
1155
1155
11683
11340
6501
27279
5945
23504
23509
2432
2432
30806
37458
30829
6749
30922
31566
31648
17274
4348
17211
17211
13686
11340
33677
6406
6406
25666
25662
6502
6501
25712
27362
31374
31374
31574
16601
17267
807
2445
22175
11304
13444
1715
13444
11067
11067
11672
25662
27443
33240
27957
16517
2432
2432
2432
18202
6792
31429
30840
31437
7337
7329
31374
30922
37499
37725
30956
16601
4097
16547
11346
11394
1720
11664
13687
11340
27276
27271
5945
5945
16517
7337
37648
6749
7225
17257
23572
16545
13597
11394
12938
22147
1155
11340
28003
6502
28003
33677
25666
25662
32897
6501
27794
27271
23490
22643
23315
18202
37458
7206
30840
32848
7337
31630
4348
2597
17211
11346
11387
11394
1257
13101
11067
11664
11340
6406
5990
5990
27271
27353
27957
11394
1720
3159
1715
22147
6749
7223
7225
31587
31566
37499
23572
16517
23504
18202
18202
31429
37648
31374
25662
25711
27362
11387
13105
11067
11683
11340
7380
30958
16601
11145
17257
2445
2445
16517
18795
18795
2026
16456
30829
32848
6749
7930
27443
27443
5945
11384
11379
1715
1155
11067
13176
13687
30958
17200
17211
807
16547
2445
2441
2026
23315
30903
5990
5990
27362
13597
12953
3159
13105
13687
7223
31598
7380
7380
2445
2445
2441
18182
28998
30903
28003
27521
32897
27855
33678
27443
5990
5990
27794
27353
27937
27937
13597
11496
1157
7223
2601
16574
807
16547
16485
2432
18182
6792
7206
32848
7212
37648
37648
6749
7930
6406
5957
5991
5990
27291
11387
1613
12953
19691
13105
13101
13101
13186
13687
13687
7225
11145
2601
16574
807
16517
2021
16456
37458
31833
30890
30903
6749
27525
25996
32897
32897
27291
27291
27921
18764
13105
13101
1157
13687
30938
23572
23560
807
4119
2441
30840
33678
27521
5957
5990
6370
25711
27937
11384
11379
13451
13114
1638
13101
13176
13597
7223
33473
10945
11151
16547
2445
23315
2660
37785
6792
30854
30854
30910
5991
27794
27937
36318
11496
1157
13597
6776
30938
33473
7380
33475
2796
2601
16517
18795
2441
18182
28998
36776
8953
7212
30903
30910
27525
27521
33832
25830
27353
27937
13597
11384
1613
12953
13114
13114
1638
13120
13101
13673
31598
31688
31630
30958
23560
4114
2004
2004
16547
2445
2445
16500
16485
30840
30890
30910
30910
32897
5957
27373
27937
11379
13451
13101
13596
4989
4989
23572
2441
2441
2657
17469
36776
31833
31833
30890
5991
5991
35991
27921
1638
13187
13187
208
13596
33473
11145
807
16517
16517
2441
16485
2021
17479
30854
7212
30903
13596
19560
1613
18764
12929
19691
13187
13673
13596
5793
2796
10945
17322
17384
4119
2660
8953
30854
30854
7212
37757
30910
27295
27373
36318
25996
32897
36029
33832
25830
33285
33358
32897
27453
33832
33832
25830
25841
6370
32908
13596
13014
1613
11529
11535
13176
6776
7404
5793
11151
11151
17322
23560
17384
16500
36776
37785
31833
37757
6776
13014
18767
11494
11499
19691
1638
13120
13120
11435
11435
208
208
13596
30938
31688
33475
4114
2004
2004
16517
2437
17469
37785
31833
8953
7212
37757
35991
35991
27921
36318
33678
12929
11525
11529
4989
17322
23560
23560
2445
626
17412
17424
2657
2021
17479
37778
7212
31765
25830
27295
35991
27921
36029
5991
13014
12946
19679
13187
13176
208
6776
33473
5793
4361
2441
16485
2660
18040
30854
37757
37757
6776
27994
36029
1746
13014
11494
11499
19691
11535
1637
11435
13179
1760
7404
31688
11151
17322
2627
4114
2437
23625
37785
28958
30890
31765
31765
37757
25835
33751
27373
27358
33285
27991
6421
5958
6407
25788
11525
11535
11535
13120
31688
5793
33475
10949
10949
4361
17384
17412
2657
2660
37785
31832
30890
25834
27295
5080
18786
18767
12929
19691
13113
13187
13176
1746
31593
2796
17322
23560
17384
17384
17412
2437
17469
17469
17479
18040
25835
35973
27373
25788
25788
33285
27994
6421
33358
5958
25769
36029
25834
27358
27921
33285
18786
12929
11499
13179
1760
1746
1746
5793
33475
17247
2627
23560
626
17424
17470
2661
36783
31832
31832
30890
37757
37757
18786
1599
11493
13113
19621
7404
37742
33473
2627
4361
17424
17424
23625
18041
37778
28958
31765
6776
25834
27358
6531
5958
5080
7969
12929
11525
1637
13651
1761
6776
5789
1018
23560
4361
2657
2661
36783
31808
30890
31794
31765
37757
27304
27295
27358
27991
6407
25835
11493
3306
3306
11530
1746
6776
31688
33137
10949
2638
17424
23625
2661
18041
18040
31832
28958
31765
5986
27374
36335
36044
25770
6407
13032
13113
1189
13179
13194
1761
1746
7404
31593
37742
33137
33475
5789
1023
2627
23600
4361
17404
17404
17412
23625
17470
37785
37757
25838
35973
6518
33285
25770
25769
25769
25838
458
1215
1215
3306
11530
13113
13113
1761
18786
17326
23600
17406
2652
37778
31832
25838
25834
27304
8598
27374
27358
6531
6412
25838
21823
11493
1215
1189
13651
1746
31753
7378
7398
1018
17326
2631
17404
17424
17462
17463
31839
31808
31808
31794
37757
27358
6518
1192
12947
3306
19624
1761
7404
28923
28923
7378
25473
25473
25267
23600
17367
23625
23625
2661
18041
36783
31794
31758
25834
25834
35973
36335
25770
27460
25838
25838
458
13027
11530
19624
1189
18786
5789
5789
10949
2631
2638
17424
18041
36783
31830
31826
31794
37763
31758
6531
27529
7969
25838
1192
11493
3306
13113
13194
7398
25473
33137
1023
17404
17404
17412
17424
2652
23625
23625
17470
18041
31794
31758
25833
6518
6518
36044
25770
27460
25846
21823
1215
1218
13179
13194
1761
1746
31753
2631
4361
2638
952
25837
5986
33780
33777
27474
27474
27469
13032
12963
11515
21887
1189
1761
28923
25473
14932
23600
17404
23626
14785
17463
2661
18041
31839
31826
31758
31753
25833
27310
8598
33777
33766
25838
13041
1215
21887
19624
13179
13194
1192
7378
7378
7398
25267
1018
1023
2085
2085
17367
17406
17406
17462
31830
31826
31800
31800
31775
31775
37763
31758
31758
27310
33780
33909
27529
6424
33766
458
3935
13027
12969
1215
1215
1215
1218
1218
11473
1189
3291
31753
28923
5789
6862
5789
1018
2631
1991
658
952
952
36783
31826
31794
25837
6350
6373
25920
27460
27469
7969
3935
11473
13194
13658
28923
25473
29267
14918
14585
14585
17424
18975
18975
29129
31826
31758
6518
6013
25846
1192
12859
11506
21885
19658
1652
13658
13586
29291
14918
14901
14901
17367
17406
4110
23626
14779
952
31826
31800
31794
31758
27200
25833
27310
36034
27469
19639
12969
1215
1218
1218
13194
6856
7398
5789
2085
17367
17406
14785
36783
29129
31826
31800
31775
31753
6350
6373
27372
33777
27474
27469
25837
11515
19658
3291
13658
28923
7378
29266
29266
14932
17688
1991
14585
14847
4110
23626
3203
14779
952
31826
6841
31775
27200
6373
27310
33777
33766
25797
25846
19639
13041
11515
11472
11472
1652
13658
13586
6849
32044
2091
2091
1023
2085
1991
14856
658
23626
31830
31830
31758
31758
33780
33777
25920
6013
6013
1617
3935
19645
11506
1218
28923
6856
6856
6862
14944
14901
658
952
952
29130
33115
33115
37766
37766
31775
31775
5966
27372
33909
25918
36034
36034
35949
13027
12859
12893
21885
1652
19767
13658
33123
29267
29291
14918
14918
2085
14847
14785
33293
35949
35949
6350
6390
33777
33909
25918
36034
36034
5970
12859
11506
19658
11590
6856
25267
14932
17688
1991
14847
23626
952
33115
33115
31775
36856
33123
27555
25797
27234
1617
12969
19645
1588
12893
19658
19630
6853
29266
6862
6862
6862
2091
17688
14901
17367
1991
14856
14847
4110
14590
3203
3203
29129
33115
36856
6377
6377
6372
33780
33777
36034
27234
35949
11472
1652
19767
33123
32044
29267
14944
2085
658
29130
33293
33115
6841
35949
6391
33909
33908
13027
19645
21790
12893
13140
3293
19639
6849
6849
6856
29266
14944
14918
14901
17367
14590
22696
18185
29129
29136
31830
33115
5966
6390
5066
25918
25918
13041
12969
3278
12893
21885
11472
6856
14932
17688
14880
14856
22708
14828
14784
952
29130
36836
25421
33115
31775
36856
36856
33715
6372
27555
25807
25807
5970
19639
19645
1588
11464
11472
19630
11585
11588
19770
29267
6862
29291
2090
17688
22716
1991
14856
22708
14590
19152
14798
33293
33115
33715
6377
6391
6391
25957
27487
27487
27234
19639
13041
1601
21790
3278
19660
1207
13193
11585
3293
29233
6853
2090
14923
14926
14901
14847
14590
31788
36856
36856
29233
35949
33715
6377
25924
25924
33908
33908
25918
3278
13140
13140
3293
4850
32044
6856
6856
29266
29267
6862
2090
14944
14944
14926
17688
17688
17367
22696
19152
14784
29123
25421
5491
31788
6841
6390
5066
33908
25807
13027
21790
21800
1588
1587
19664
11472
11595
29289
2090
22716
18185
18185
36856
35949
33715
6377
27299
27299
27555
27555
27487
5970
6413
27234
1601
19645
3278
19660
11585
11588
29233
29254
14904
14904
14828
22690
3203
29130
29129
25421
5491
33115
5066
25807
11490
11490
21790
3278
12893
13140
11464
1207
13193
11585
29233
6856
6862
17702
23687
22716
14880
22708
14828
14784
29123
29136
36836
36841
6841
6842
36856
27323
27381
25924
35949
1601
21790
1587
13140
19664
13193
11600
6853
32059
6856
29266
29267
6862
2090
22736
14926
14926
14904
22708
22708
14836
14590
14798
31788
36856
33715
27381
6391
25943
25957
25807
27487
35949
35949
1601
12961
3278
21800
1587
11464
11623
6856
29289
14923
14904
22716
18185
33115
6842
36856
33715
27323
6377
25957
6413
35949
12961
3278
11600
4850
29254
36879
2090
18918
14836
14590
22696
14812
14798
14784
5491
5491
36841
36722
29210
33811
36053
25800
25800
36037
11490
11490
12957
1642
1643
11600
29233
29233
32059
6856
29289
22736
22736
14923
14926
17702
23687
22716
1997
1997
22708
22690
29123
29130
36834
6841
6362
27323
27323
25957
36037
6413
35949
12850
1587
1642
19585
13227
1207
11623
2090
23687
2067
22690
29123
36841
6842
29210
27323
27315
25943
36053
35949
1601
3278
12911
1587
13227
29254
32059
32068
6859
36879
29289
14923
14926
18918
2067
14813
36834
25421
36841
36722
6842
27323
25924
25957
36037
36037
6362
11490
11490
13043
12850
1643
13216
29210
29233
5449
29390
36879
6861
29289
2090
22557
22716
14836
22637
36836
36841
27323
27215
25943
27605
25800
6413
35949
1642
1643
21908
19780
13306
29254
36879
954
2090
22736
17702
22716
18918
14812
6827
36834
33298
33115
36722
36722
6842
29210
6362
6362
27381
27401
33816
36037
36037
13043
12957
12850
12866
13143
1642
19585
1207
13306
14923
14926
17692
22557
1997
18918
14812
29123
29216
6362
27215
33811
33811
27559
27511
11490
12961
13143
13143
13216
29210
32068
22736
23687
2109
1997
18918
2067
29017
29210
27315
5977
27511
11490
13043
13039
21908
13227
19780
32059
6859
36879
36879
6861
1020
19002
17702
18918
14813
14815
14791
22637
25090
33420
36841
29154
28942
36722
29210
27323
27215
27215
27401
33816
33811
27544
27570
6362
12866
12911
13144
19585
13216
19780
5449
29390
32059
6859
5781
18026
2090
15066
22716
2067
2067
14667
6827
33298
36722
29216
6362
27401
27544
27233
12957
12850
19701
13143
13144
13216
13306
29390
29441
954
1020
17702
17692
15009
14813
14812
14791
14791
29123
36841
29210
5977
27559
27511
6362
11490
13043
1605
19572
13143
13143
13227
13265
19780
6859
36879
1020
19002
17702
22557
2109
1998
14815
29017
29154
28942
36723
6362
27215
25932
33811
27605
5977
27559
5996
5996
27233
27233
6362
12866
1643
13306
32059
32068
14935
15066
17702
17692
15009
2067
14665
33298
36841
29216
6361
7972
6376
27401
13043
13039
13039
3309
13144
13258
13306
5449
32059
29421
22557
2109
1998
2067
2100
14667
6827
33420
36723
6361
6352
33834
6376
33745
33816
27605
27559
27233
19701
21911
13216
13258
19780
19780
29390
37842
29441
17692
1998
14815
29478
29154
28942
33060
7972
5996
27233
6361
6361
13307
13039
1605
13154
13143
11420
32059
37842
1020
19002
17702
2109
15009
1998
14813
14815
19159
29017
28942
36723
33060
27401
27605
36070
6361
13043
13039
3309
13144
11420
13258
13265
19780
13307
25470
29441
18026
14935
22557
14791
14665
25090
29017
29154
29154
33060
33060
29210
6361
36002
27645
27645
36070
27570
13307
21831
19705
37842
25470
29421
29421
14935
15088
15066
14815
15126
29305
29307
28942
29210
27338
33745
36070
36070
27559
27511
13058
19572
3309
13143
21911
21911
13258
13258
11618
6880
29390
32059
37842
29421
5781
15051
17692
2109
15009
1998
2103
14665
36723
33060
6352
27605
5996
27513
6361
6361
19597
3309
19701
19701
1020
2103
18921
19159
15126
25090
29305
29307
29154
36723
27263
36008
36070
5996
21792
13154
19705
11548
11618
13307
29421
18026
15088
15069
15066
22557
15009
1998
2103
2067
2100
18921
2093
15123
28942
33834
27338
27645
25873
6361
13307
3309
21911
1659
19596
11618
6877
29390
29408
29408
37842
37842
25470
29441
5781
15051
22557
15009
15009
22743
14665
29478
6903
29305
29154
33060
29210
6004
36002
33741
27661
27581
27498
19597
13058
21831
21895
13240
11618
37842
25470
29421
15089
14935
2103
14954
6868
33060
36070
36070
33850
27498
19597
13058
21837
451
21895
13240
1659
6880
29421
5781
15088
15066
15051
15051
2093
33421
29307
29307
29334
36723
27263
6004
27217
7979
36008
33850
27513
27498
21792
21895
11548
1661
21922
19596
11618
29421
5781
15088
15069
22557
2109
14991
14991
22737
15123
6871
33060
27581
25873
27498
1231
12883
451
12927
21895
1661
13240
13241
21922
13309
29390
37842
25470
22773
15019
15019
2103
15005
18921
19159
29478
33421
6868
6868
29331
6871
27498
6004
25891
6439
27564
33850
27498
13309
451
19596
13309
29408
25470
956
15089
15069
15051
15051
15047
2109
15009
18921
15123
29305
36891
33060
33060
7979
36008
33862
33741
27661
27498
27498
19598
21895
13259
6880
8821
29400
37842
25470
25470
25282
15089
15088
22773
2109
959
6903
27498
27217
27346
27661
6439
27581
6432
33850
25899
25899
21837
21837
451
21895
13233
19596
19596
6895
5781
15088
15052
14991
18921
22743
22737
6903
29307
6871
33060
6877
6004
27498
19598
19598
13078
12883
248
12927
13309
25470
25282
6895
15052
15019
15005
14991
14954
22737
8815
29314
29331
36900
27204
33850
27498
27498
1608
21895
1661
13259
21922
25470
956
15069
22773
15051
15047
15047
15019
15005
4154
22737
29478
36891
36891
29331
29331
6871
33060
5088
25899
27498
19598
21837
12927
1631
11571
19596
19596
29400
37842
25470
25470
5781
15089
15047
2109
2109
22764
15005
15005
14991
22737
959
6903
6877
27684
7979
33862
6000
27620
36062
25899
11572
13233
21915
13241
13263
13321
29412
37842
5781
956
15089
22764
29314
6876
36900
36900
36900
6877
25891
36062
6432
27498
13321
13078
248
12927
11572
13321
8821
8821
25470
25282
6895
2126
2126
15069
22773
22737
29474
36891
29384
27217
33862
6432
6403
36023
1631
13259
13272
25470
15089
2126
22773
22771
15026
15019
15005
2101
14954
14954
22743
22798
8815
29314
36894
29331
36900
27684
36137
6000
13078
1608
248
12883
11571
13263
29400
29412
25470
25282
956
15052
15048
22758
14997
4154
4154
6903
8815
6876
29384
25891
25911
6000
27620
25899
6403
36023
13321
19598
256
12883
1631
1631
13233
21915
21915
8821
29377
25470
25470
6895
5781
5781
2126
22771
22771
15048
22764
22758
2098
15130
36891
36891
6876
36900
36143
36163
5088
6442
6432
36023
36023
13078
456
12927
13233
13272
13263
13321
13321
32086
6894
956
2101
14954
14960
29474
29314
29331
6876
36143
6012
25911
33890
6432
6432
33886
27684
12883
1631
11572
13321
29384
29384
32086
25470
25282
6894
956
22798
959
6902
36891
29370
29384
27684
36143
36163
6442
13321
1608
248
1631
11572
11572
13284
29377
29400
25282
6894
956
15080
15080
22773
15054
15026
2098
959
29485
29310
4974
36894
29370
36160
6012
6010
6403
11572
21915
13272
13283
29412
29427
6892
6894
6894
15089
2126
15080
15052
14997
14997
2098
14954
22744
14960
15130
15119
29474
29474
6902
29310
36891
29324
6876
6876
6442
27684
13312
1240
1608
19740
13233
29377
29400
29412
32086
956
15054
15048
15026
14702
4134
15130
15119
29336
29370
36134
6442
33890
33886
6403
256
13348
1631
13272
13283
29377
32086
29451
25282
6894
2866
15100
15026
4134
2098
22738
15130
6902
29485
29310
4974
29336
6876
29370
36160
25911
33890
33886
27684
456
13348
12883
19740
11572
11572
11572
13284
19718
6896
2126
2126
15080
14997
22744
2131
958
36163
6012
1240
13087
13348
13284
13233
32086
29412
6894
6894
2866
17721
17721
2710
15054
15054
15042
14997
15130
6902
29485
4974
29336
29370
29370
29049
29049
27684
36134
25911
6010
33890
33883
13312
19740
13284
13312
29410
32086
6892
2866
15100
2126
4134
19268
29310
29324
29336
29079
29370
29049
36153
36153
6012
33890
33890
33886
6403
30771
27684
456
3977
19740
11572
13284
29377
32086
29427
6892
29451
6894
15346
14702
15374
4134
19268
3202
15169
29529
36134
8641
36163
33890
13331
13331
13348
13403
13396
13284
19718
29049
6894
2126
2710
15169
6905
29529
33412
29324
29324
29081
29079
6806
8642
5326
36208
13087
13284
13331
6816
29451
29447
29435
2866
2123
15100
15074
15054
15026
15374
19268
3202
3202
15180
15130
2134
958
6905
5843
29324
33409
29081
25911
33883
36136
1240
3977
13348
19740
19740
19740
6816
29410
32086
5729
32086
29415
6892
29451
29451
6896
29447
17721
15042
15346
14702
15374
4134
15130
36136
35964
36163
8643
25911
6010
36196
36136
3978
3976
13403
13284
13331
29435
2126
2710
15367
4134
15169
2145
33409
29081
29079
6806
29049
36134
36160
33890
36208
30771
13331
13087
3975
19740
21989
13396
13284
13284
29049
6892
29451
2123
2126
15074
19253
15346
15346
15026
15374
15374
19268
3202
3202
15180
29531
33412
5843
29079
29080
6806
36136
35965
36196
5326
36208
37403
36136
13085
13403
13396
13396
13331
13331
36816
5729
29415
6896
15074
17721
2710
15054
15367
15397
2776
8827
5843
33409
29079
8643
3978
19740
21989
13284
6816
29415
15100
17721
15374
2193
19268
19268
22785
958
6806
4971
8642
36163
36185
27725
37405
8935
8935
13331
1240
3975
21989
13396
36816
5729
29425
29446
6896
18191
2126
15074
19253
15346
15367
139
19268
2145
22785
2776
29531
33409
6964
29080
29718
36120
35964
8641
8643
27725
27725
36196
36208
37403
37405
36136
13087
3976
3974
13396
29695
2123
2711
2710
19253
15367
15367
139
15397
29532
5843
6964
8642
36208
8633
1240
13085
21818
13331
29718
29695
5729
29425
29425
29447
2123
19247
15074
2710
19253
22862
15374
19268
19268
19268
2194
22785
33413
33413
36208
3976
21989
21989
791
791
493
13284
4971
36816
37850
37850
29415
29447
17721
139
2193
8827
8850
6964
6961
29080
29718
8643
36185
37405
37405
3978
3053
13381
13284
29695
36816
37850
5729
29425
15073
15073
15074
22865
22865
22865
139
2193
15440
2776
6968
29753
8850
35960
7716
7715
8633
13328
22036
21818
21818
22070
493
13381
5729
29415
29425
29446
29446
29446
17721
2711
2710
2710
2193
15382
19268
15406
2194
29718
36120
7716
8642
36185
36213
36213
8935
8935
13085
23236
13381
13381
6955
37850
11085
19247
22862
22865
139
2194
22785
2776
8827
29532
6968
37031
33413
6964
6955
35960
35963
35963
36177
36185
37405
8633
3978
21973
4272
791
22066
22066
36816
37850
15073
15074
2710
2710
22865
2185
15382
15397
15440
29753
6962
6961
6961
7715
36185
8633
13328
22036
3053
493
29718
6955
37850
29643
29425
29425
33386
19247
2711
17735
139
15382
15382
15406
2194
22785
29753
6964
35960
36170
36177
36177
37405
32825
32825
22036
21818
21818
23236
22070
29695
37850
33460
11085
651
15328
22865
2185
2199
6961
7710
35963
32834
36185
36185
36213
36213
37382
37382
4272
22051
22036
29680
37850
29425
29446
29446
33386
11085
11085
19247
15073
2169
15074
2711
651
651
15406
2199
15440
15442
6974
33413
6962
29727
36170
37385
22036
3053
21812
21973
13381
22036
29695
2711
22865
2185
2188
2188
15382
15408
4973
29797
8852
6968
6964
29727
6961
29722
35963
36177
36185
37405
37385
32825
3978
18692
21818
21973
22051
22051
29680
33460
29425
15074
17735
17735
651
15328
15406
2199
2201
4973
29797
8852
29761
29761
6964
36799
36170
36185
36113
22051
3979
4272
22070
22066
29695
29680
37850
37850
33460
29643
29425
11085
2169
651
651
2188
15382
15408
2199
22892
2201
37031
6810
6810
32826
32826
22051
21812
23236
29695
32106
18061
2711
22865
18791
15406
22892
6974
29759
29727
6810
36799
36122
32834
36170
36177
36111
36113
39783
32826
32825
3979
3978
21812
18686
22051
22051
29680
33460
29643
29643
6940
6940
29446
19246
2169
17735
22865
18791
2188
2188
4973
6962
29727
6810
36121
36019
32837
39786
7710
18698
42867
23251
37008
33460
33386
5841
15297
2711
17735
15325
15328
22865
15382
18902
2195
2195
2199
6962
6962
36799
7710
32838
8627
39786
7711
18692
42867
18685
4273
22070
21947
22051
7742
32106
32099
15325
2041
2201
29759
6962
6810
36799
36019
36111
7711
21947
18698
21974
22070
7742
32099
29643
29643
6940
6940
33386
10813
19246
2169
2169
2711
17735
2033
18903
2195
15423
15441
15441
22892
22892
37038
6974
29042
32828
7714
39783
39783
18688
21974
3046
18685
18686
4273
21961
37008
29680
32106
5841
15297
2711
17735
15328
18791
2041
18902
18902
2201
6974
6969
6969
29759
29761
6810
6810
29042
40875
40875
36121
36108
36108
39786
7711
18697
21947
32099
29643
6940
33387
18061
2169
22852
15325
15325
14689
22865
2041
2201
18198
6962
29078
9706
7714
32837
39791
7711
18692
42867
21970
21947
32099
19246
2169
15325
18791
18791
2195
37038
29759
6962
29078
8604
39783
18682
18685
18686
23251
32106
32099
29643
6940
33387
17743
17743
14689
2033
15423
15441
6969
29759
29758
29042
9700
32837
41102
7711
21867
18697
21974
3046
42867
3048
41724
21970
21961
6804
37002
29643
36989
5841
10813
2169
15293
2169
15325
2041
18902
18903
18903
15423
29078
29042
40898
41053
7714
7723
18682
42867
37002
32099
33387
15307
15325
18791
18903
15159
2195
22892
22892
2200
18198
6974
39768
10108
41022
39791
10049
9706
42991
21961
7742
32105
32099
29643
29643
33387
22852
17743
15307
14689
1112
2041
19435
2195
15423
15417
37038
29759
5884
29078
29078
29042
40898
41053
40844
41022
41717
3963
29643
29649
33387
36989
18062
10813
10813
15293
22852
15325
2033
15441
6969
29759
29758
33041
29078
29042
40875
40993
41102
10049
39777
42987
42991
42765
42852
3048
21950
7742
32105
5841
15293
22852
15307
4136
14689
2033
2041
19435
6973
39768
10108
9706
3941
10341
42765
41724
42977
21950
6804
7742
29643
29649
36989
36989
18062
10813
2170
15307
14689
14696
18903
15159
15183
15416
2202
2200
29781
29773
6917
29042
9700
10108
40844
40844
41143
41143
41158
40811
10051
9706
42977
3963
29088
32105
32101
32099
15266
15266
15293
17743
15307
4136
1112
15416
15417
29781
37038
6917
33041
29078
29075
39768
41056
10107
40996
40993
10049
42991
42852
41715
41717
41717
43041
42977
42782
7742
29643
36989
15266
2170
17743
2041
2041
15159
15417
15417
29793
29773
29758
5884
33041
29078
29042
40907
40875
10112
10341
42765
3963
42987
32099
29643
29649
22852
17756
15307
4136
14675
14675
1112
2041
15159
15159
15416
29773
6917
33041
29042
40875
10108
40996
40811
10051
40942
42993
42992
43038
42782
7742
15266
2170
15293
14696
19435
2202
29773
29075
41080
40844
41143
41158
41158
10341
42765
42852
42755
42987
29088
32105
29643
29649
36989
36989
15266
2170
22852
17756
15307
1112
14706
2041
2041
15427
5884
33041
25538
29078
33572
33572
6804
6804
10112
10041
41056
40815
40942
10749
42993
42765
42852
42755
43041
43096
43029
42782
42931
29025
32125
15266
22852
14756
2041
19435
2202
6973
29793
29773
6917
33041
40907
40907
10055
10041
10107
10117
40805
43018
42782
42931
29025
32101
29643
29649
36989
14696
15159
15159
15183
15196
15197
15427
6973
6917
5884
29075
40829
40784
41041
41041
10115
40805
40270
40942
42985
42852
42852
42755
10690
43029
43018
29643
18196
15266
15266
2170
15304
17756
14706
15159
2202
29781
36937
29773
6917
25538
29075
6804
41155
41155
41158
10047
40942
42985
42722
42992
42755
29025
32125
32101
32101
29643
6941
6941
15279
15293
17756
2046
14756
14675
14675
14706
2041
15159
15416
29792
6917
6911
25538
25538
33572
40856
10056
10041
41075
40270
40270
10696
10696
42854
10690
10758
43018
10756
29103
18196
15282
15282
15307
14756
14706
19435
19435
15192
15197
29773
6911
5884
5884
29075
40907
10055
40829
41041
41122
41143
10047
40254
42880
42755
43096
43029
18196
15282
17756
2046
14696
15159
15183
15427
6973
6911
29075
33572
40856
40784
41126
10080
42722
10696
43095
43018
10756
43013
10748
29025
29025
32101
37856
6938
6938
15279
14675
14675
14706
14706
15159
29550
6911
5884
25538
29046
40907
10032
10038
41075
41122
10117
41143
41155
10047
40254
40907
42992
10753
42854
42880
10506
42744
43079
10758
32125
6941
15282
2046
14756
2041
19435
15196
15196
15197
2202
10912
5779
5779
6917
6911
25538
36807
33572
29046
40885
40185
40095
40833
10056
10033
42982
42854
42880
43096
43018
10748
29103
32101
33151
15279
15282
11200
14706
2041
2141
15192
15192
15197
2202
36937
29046
10038
41122
41126
40254
42722
42796
42744
43095
43079
10758
43013
42982
33567
6941
6938
18196
15304
17749
14756
19435
15192
29792
36937
29552
5884
5884
29057
25538
40185
40095
40094
10031
10030
41011
42854
42982
33567
29103
15282
2028
22659
2141
10912
25538
36807
29046
40831
40838
10114
40961
41027
41027
41011
40254
39230
42726
10753
42767
42744
42744
43093
43079
43018
43057
43013
42982
32101
37856
18196
18196
15282
17749
11200
2028
2028
22659
19435
15197
29550
6911
25538
6801
33567
40185
40793
10031
10031
10114
41073
9723
43009
42982
10696
29103
33151
6938
18196
18196
19314
14756
14686
14686
11769
19435
15192
15196
15197
22792
36937
29550
6911
6912
29057
33572
40831
40961
41011
10758
42796
10706
42880
42744
43093
43079
33567
7741
25442
15282
15282
11200
2028
19435
2130
10912
10912
25238
29057
36807
9592
9608
40747
41071
9723
10758
43009
42705
42842
42973
33567
29093
7741
18196
15282
19314
178
2028
22659
15197
36937
6901
29547
29547
29057
25538
33573
33567
40094
40831
40793
40600
40751
10030
41073
40961
41027
40227
40239
9608
41073
40227
42717
42705
10674
10706
42744
37856
11769
19435
2141
2141
15192
15192
15196
15197
25238
29552
29057
29061
33573
39505
40600
40747
40775
9723
41026
41026
39270
10727
10737
43057
42717
10697
42796
10706
10507
42880
10506
10506
33567
33151
2794
11120
17749
17749
11200
14686
14686
15192
22792
36937
29552
29550
29550
6912
6801
9592
9608
40094
41069
40800
40227
43057
43051
42767
10357
10357
29093
7741
19314
178
1286
1286
2028
19435
29462
6912
33573
10737
42705
42705
10674
42744
43079
25442
11112
11120
22659
22659
19435
2130
18924
29553
29552
6061
29061
6801
40107
40600
40751
40744
10084
39505
39767
43051
10697
42802
42802
42842
42167
42968
33567
33567
29093
7741
37856
33151
2794
11120
11200
14686
11769
22659
19435
19435
15192
25238
25238
29462
29547
6912
6912
29061
29061
41069
40800
9723
40183
40117
40107
40600
9999
9998
40744
42901
43051
43051
42717
42769
42033
42033
42842
41168
19314
19314
17767
17767
2028
14686
15168
15207
2149
2149
15199
2148
2130
6901
29552
29550
29057
29061
6178
6801
40107
40986
41026
40224
9998
9965
43051
42705
10507
42167
42968
33567
32137
33439
18196
178
20198
19435
18924
29462
6901
6901
6913
29547
33573
39505
39503
10084
9965
42685
42780
42780
10697
42769
41168
42165
42901
42901
10737
10737
42738
6801
32137
33439
11120
1286
2028
22659
2148
25238
29567
6178
40117
40107
40965
39270
39270
40653
9998
40692
40183
9613
9878
42901
42700
42841
42167
42165
6824
6824
2794
11112
11200
1286
11769
22659
19435
11773
15168
2148
2130
25238
29553
6913
29523
6061
29057
9537
39439
40211
40117
9999
9613
10084
10700
41705
42033
42857
42167
42165
10729
42738
10671
33151
11113
11200
14686
11773
15207
2149
2153
15199
29567
29567
26564
9537
39457
9883
9883
42779
42039
42802
10507
10364
10737
10671
6824
33450
2053
20198
11769
22659
2148
2797
6901
6913
29061
6178
26097
39507
40290
9852
40130
10007
40672
42841
41168
42167
10729
42700
26097
5881
18048
178
1286
22659
15116
2130
18926
2797
29463
36940
6901
6909
6061
6801
39457
10017
10002
42200
42252
10364
42738
42738
42705
42685
42779
41705
6824
899
2053
1286
11773
2153
36940
29553
29567
6913
29523
8106
8106
26564
39427
39507
9613
10017
10017
10007
40137
10700
10467
10249
42857
10507
10143
41208
10364
42715
1085
17767
14767
2053
22659
20234
15193
15207
18926
29567
26564
6178
6178
39457
40290
9883
39508
39507
39507
10017
40666
42682
42039
42803
42841
10349
10143
10143
41208
42252
42904
42925
6824
6824
5881
32137
33450
14767
1286
20198
11769
11773
11773
15193
2153
15199
15224
2130
18926
2797
2797
2797
29463
29463
36940
6909
6909
8106
10017
40672
42200
42240
41705
41705
42039
10249
39805
39805
9882
39743
40130
40123
26097
14767
2053
12235
11773
2797
29567
26566
26097
9696
9818
40405
40697
42698
42510
10622
42560
10700
42803
10349
10143
41230
41208
42252
42904
10364
33450
25445
11111
20198
15193
15207
15116
2797
29562
8106
39427
39845
10017
9973
42560
10467
41990
42197
9818
42200
10143
42149
42904
42944
42944
42047
26097
26086
32129
1085
14767
15260
20198
15193
15116
18926
33984
6178
6178
9551
9884
9883
9973
40592
42510
42045
42111
9696
39508
9600
39845
41222
6824
18048
19006
899
19289
1406
1406
1406
20198
12235
20234
15222
11238
18926
5780
2797
33581
29463
29463
36940
29566
26566
6178
39403
39403
9884
40567
10017
9972
42510
10622
10700
42045
42039
10249
42026
42111
10349
39507
39706
39738
39556
39508
41175
42143
42944
42047
33976
33976
6824
6824
1522
14767
19843
2153
15213
15116
5780
29564
29564
29562
29562
29562
33984
8106
8106
6178
42598
42690
39585
9642
10143
41230
41230
42039
10249
41990
42238
42143
42225
6178
33450
19289
20234
20234
2138
15213
15224
15221
11238
5780
33581
29566
29564
6178
42544
10467
42039
10233
39738
9642
40401
10185
33976
18048
11111
19006
1406
22805
5780
33581
36940
6909
33984
8106
41222
10178
41175
10640
39585
39604
39706
9614
40401
42026
10233
42151
42238
42143
42086
42086
42021
42225
6824
32129
32129
14767
12139
20198
19843
19843
2138
22805
15213
15222
15224
5780
6927
33984
26470
42598
10653
42582
10640
39820
10143
10178
42059
42080
42151
41783
42238
41784
10479
42225
25440
899
19289
1406
1406
12235
15213
11238
11238
7545
5780
33581
26566
39820
42573
10640
39738
9614
40567
10185
10185
42067
42067
42026
42080
10467
33976
11111
12658
19289
14767
1406
1406
20198
20234
15221
15221
33581
29566
29564
6923
8106
26566
42598
42637
10479
42021
42225
42059
10457
42213
41775
39517
39738
9687
40436
9961
9960
39898
10185
41400
32129
1522
15260
15260
1406
19843
19843
2139
15213
15213
15221
33579
29562
33984
26470
33976
10249
39517
39604
40436
10155
10185
10185
41783
41784
33976
6824
6823
26086
26093
11111
19454
14760
12139
12235
15221
7545
6909
33984
42637
42648
39623
39623
40457
9960
41400
42067
42213
10524
10398
41783
33450
12658
15260
1433
20234
22805
11238
7545
7545
7545
6927
6927
29564
6923
29562
26566
26470
10155
10185
42660
42637
42618
10278
10248
42213
10524
39636
39636
9687
40423
39989
10370
10370
41783
26470
33976
6824
5890
26983
12633
1406
1406
1406
12139
12235
20234
15213
15222
15222
15221
7545
33579
33579
33581
6927
29577
33984
26566
26470
42637
10474
10278
41493
9687
40457
40457
39989
10155
41400
41749
33976
33976
32129
33450
19843
2139
6909
10618
10278
41445
41445
42324
10524
9629
39636
39636
39623
41269
10155
41781
10402
41749
26093
14760
15260
15260
15213
15213
11238
19438
7545
5893
6927
6923
29562
33984
39998
9948
9888
9747
9948
42660
42637
10474
42213
39593
41364
10155
41286
10370
6823
11111
12658
19454
15260
15260
12139
12139
1433
1433
19843
2139
22805
22805
7545
33579
6923
34373
26566
26470
10618
42653
41704
41704
10278
42292
39681
9615
9660
10213
41775
10370
10402
26983
19454
19843
15227
19438
11238
1121
5893
36978
29577
29562
29507
33984
33984
34373
9948
40509
39998
41484
41493
41445
10524
42292
39681
41364
41286
10446
26093
26093
26093
15260
1433
19843
15154
15222
15221
15221
1121
36978
6923
29507
33984
26566
26470
40336
40509
9932
9948
41481
41704
41445
9629
9626
9660
41366
10164
41338
41342
41845
10242
26469
26469
6823
6823
5890
6294
12658
14760
12139
12139
22805
19438
1121
1121
5893
29582
33984
26470
9932
9932
9948
9626
41342
10446
10446
41449
41445
10242
36978
6923
5523
5523
5890
12658
12625
15260
15260
11763
11763
19438
40336
40340
39675
41514
41366
10164
41749
10524
26093
5890
12633
19454
19843
19843
19843
15155
15221
1121
33579
34373
26470
40340
9896
41514
41502
41366
41338
41845
41845
10524
42331
6823
26093
26983
19454
19454
15260
15260
1433
15154
15153
1122
1121
18238
18238
5893
29582
29507
29507
29507
34373
10164
41845
41823
41743
42353
41675
41445
41666
5893
29573
36978
6907
33984
26470
6823
5890
1523
12625
11767
12139
1433
15227
15227
15227
15221
19438
18238
41502
41823
10446
41980
42502
10524
42331
10528
18238
6040
5523
26470
26469
26469
26093
11763
11767
11767
1433
15154
15153
41980
41851
41980
42505
42502
41518
41502
41502
41674
41679
26957
6294
1523
3342
2164
11763
1433
15154
15154
11710
18238
5523
5523
33984
26470
41679
41543
42353
42353
29582
29582
6907
33984
34373
34373
34373
26470
26469
26093
5890
3342
11763
15155
15215
18238
10294
10294
41980
41823
41851
41753
10601
42502
6040
5893
29573
29582
5523
29507
26469
6935
6935
26093
26957
12643
12643
12625
1281
11763
1433
15154
15215
1122
1122
41674
41679
41502
41823
10446
42502
42353
42353
26050
6040
29573
5525
26102
1523
11767
15154
15155
15153
15215
11710
18238
19441
41855
41753
41543
42502
10601
6040
29582
6907
6907
26102
34373
26464
26469
6935
6294
3342
11763
11763
11767
1433
1433
2155
19441
41674
41679
41542
41823
42353
42500
42503
25158
29597
5525
29582
26102
34373
33490
26093
26957
26957
1523
12625
3342
1433
15154
15227
11710
10842
19441
41550
41855
10422
42503
42353
10601
10601
26050
6040
29597
29597
5525
26102
26102
34373
26469
6935
6053
8004
6294
2164
2164
11767
12225
15215
15215
2155
1122
18238
19441
41867
10422
41912
41855
41753
42503
18029
29597
5525
5525
6907
34373
34373
34373
26464
3211
1281
1409
11767
11767
12231
15155
15215
15215
2155
11710
41901
41912
42353
42379
42503
6040
6040
29597
29597
5525
6907
33490
6935
26093
26957
5855
2164
15139
11710
11725
10842
25158
41542
41576
41550
41863
41867
41867
41912
42503
42374
42261
18029
26050
29597
29597
5525
26102
26102
26102
34373
26464
33490
26469
6053
12625
1282
2164
11763
12225
15216
15215
15243
10842
18029
42503
42374
42379
42379
10390
41901
41914
18029
26050
6040
29597
29494
26464
8004
3211
12153
11767
11767
15215
15215
15243
11710
11710
11725
10842
1273
41574
10579
42261
18029
26050
29597
29597
29571
5525
34373
26484
26464
33490
6053
5855
1282
1409
12231
1433
12225
15216
15243
11710
11725
25158
10300
10272
41920
42405
42447
26050
29597
5525
6907
34373
26558
29811
6291
1282
1409
1409
15216
15243
15243
11725
1273
41574
10386
10390
41772
42263
18029
18029
26050
6041
29597
29571
29571
29811
6935
8004
11125
3211
11767
12231
12225
15139
15139
15216
15243
11710
11725
11725
25158
10272
10317
41920
41772
42439
18029
6041
29571
29571
29494
26558
26484
26464
33490
3341
1282
2164
12231
15243
11725
1273
10386
42283
42426
26050
6041
29492
26102
26558
26484
25456
11125
3341
1282
22837
1409
12153
11767
12231
12325
15139
15216
15243
15243
22834
11710
3338
41623
10270
42447
42455
42283
42426
42447
26050
6041
29571
6907
26558
26558
26484
26484
3341
15139
15216
11725
3338
1117
10782
10537
6044
6041
29597
29492
26484
33490
33490
29811
33496
6053
8004
6291
3341
3341
1409
12231
12225
15139
15139
15216
15216
22834
11725
3338
1117
42282
29571
29494
29494
26484
33490
29811
33496
25456
17798
1409
12153
22834
1117
10782
42455
42283
42282
10537
6044
26050
6041
29571
29494
6053
22837
1409
12153
12225
15144
15139
15216
15216
22834
22834
11724
3338
1117
10782
10537
42282
6044
6044
26050
6041
29571
29571
29494
29492
29492
26558
34367
26484
26484
29811
33496
8004
6288
17798
20361
3223
22837
1409
12153
12231
12231
12325
15139
3338
3338
10782
26050
6041
33517
26656
26484
33490
29811
6289
3223
22837
12225
15144
11159
11159
22834
11724
42282
10537
29811
29811
33496
6051
6288
7497
1098
12231
15144
22834
22834
11724
1117
10782
6044
6044
29571
29494
29494
29492
26484
26058
6041
33517
33517
29571
29494
34367
26484
26478
17798
1518
3341
22837
1098
1098
12153
12325
12325
12325
15144
22834
11724
26478
3341
3223
1425
15144
11724
6047
26058
6041
29494
29492
26484
26058
29606
29494
29494
26656
26558
34367
26484
29811
29811
29811
33496
33496
6051
6289
6286
17798
12611
12611
3223
22837
22837
11159
11159
11724
11717
29811
6051
6051
32844
12611
1280
15457
1098
12153
1425
12325
12325
15144
26071
33517
33517
29494
26656
29606
33517
26656
34367
29811
32155
1098
12153
1425
12252
22834
11724
11717
20354
1280
3223
22837
1098
12153
1425
15144
12252
26058
29606
26656
6183
26478
26478
29814
6289
6286
32844
26058
6183
26478
33496
26935
18033
6279
1279
1279
20354
1280
1280
3223
22837
1098
1412
12325
15144
11159
11252
26071
6279
1279
1098
12153
1425
11159
11724
11717
26071
26058
6041
29500
29500
34367
6183
26478
29811
29814
5868
6051
6051
18033
32843
33517
26656
8136
26935
26935
18033
1280
3223
15457
12325
12325
15144
11717
1279
20354
20354
1280
1097
1098
1425
12252
12252
26071
29606
33517
26656
6183
26478
26478
29814
8136
26875
26058
29606
29500
34367
6183
29814
5868
6051
8136
26935
26935
1279
1280
1320
1425
15144
19398
11252
26879
1279
19360
3223
15457
1098
1320
1412
19398
11252
11717
26058
29606
29500
26656
26664
26548
26478
33498
6285
26935
6271
26058
33512
29606
29606
25504
29814
29814
29814
5868
33498
6271
26882
6275
20354
19360
15457
1098
1412
12325
390
19398
12252
12252
11252
25504
34408
6183
26478
26478
6285
6285
6285
1279
20354
20354
19360
1320
1425
12252
11252
11252
1104
11717
11717
29606
25504
26664
6183
33498
6285
26072
19360
1456
1456
19398
19398
11717
26478
5868
6285
26879
20350
1097
1412
1425
1456
12252
11252
11252
1104
11717
26062
34408
26656
26664
26548
20350
19360
1320
1098
1320
390
390
390
19398
19398
12252
12252
12252
11252
33512
29606
25504
34408
26548
6183
6285
6271
26058
25504
34408
26664
26499
26478
29826
29814
29814
5868
33498
26072
6271
8132
8132
26879
12513
20350
20350
1097
15457
15457
1456
1456
19398
1104
11185
11185
19365
33512
33512
25504
34408
26664
26496
5868
6285
19360
19360
1320
1427
1427
390
19398
12252
1104
5866
25504
26664
26548
26548
6285
26072
19360
390
1456
19398
34408
6183
26499
5868
33498
33498
6285
12537
20350
19360
1097
15469
15457
15457
15457
390
11876
19398
12252
33512
34408
26664
26548
26499
29826
29814
29814
6267
12537
12513
20350
19360
15469
20211
20211
1427
1104
11185
33512
26582
25504
26496
29826
5868
26910
12537
19360
11193
1097
15469
1320
1320
19468
19468
11884
19365
33512
25504
26203
26664
26529
26548
26496
26499
6267
20351
20350
15457
1427
390
390
1456
11876
12266
11185
26499
33559
6271
15469
11884
11884
1104
5896
26582
26668
26664
26499
29826
29814
29804
33559
33559
26910
6267
12537
12513
19360
11193
15469
1427
1455
11876
11185
5866
26582
26529
26548
26496
6185
29826
33498
26910
20351
20351
11193
19382
1320
1427
1427
3371
19398
12266
26203
26496
29826
29804
33559
26866
1496
12513
20351
15469
15469
1320
20211
1455
11876
33512
26668
26529
26529
26910
1496
19360
11193
20211
20211
3371
1455
19468
19468
19410
11185
5896
5896
26582
26203
26203
26548
26496
26496
29826
29804
29804
20221
11884
25519
26668
6185
29826
29826
33559
33559
34492
6267
26866
12513
20351
20351
11193
11193
19382
19382
15469
15469
15469
1320
3369
20211
3371
12266
19468
11884
19410
11185
5896
26203
26668
26529
26548
34364
6185
26910
12513
20211
20211
1455
1455
11185
26582
26582
26496
12513
11193
15469
3369
3369
20211
12255
19468
25519
5896
5896
26582
26203
26668
26529
26496
6185
29826
29826
6103
26910
12513
20351
12454
15469
15469
20221
19468
11884
11884
19410
29828
29804
29804
33559
6269
12513
11193
3369
20221
3371
3371
11920
12266
19960
11884
11884
25519
5896
26582
26582
26203
26668
26529
26529
6185
6185
29828
26910
26795
11193
19382
3369
3369
20211
11920
19468
11884
5896
26582
34364
26496
6185
29826
6103
34492
6269
6268
19413
20351
12454
19382
20221
20221
20221
19410
25519
5896
26203
26250
26668
26529
34364
34364
29804
29804
22898
11920
11884
25519
26250
26245
26496
6185
29828
29804
34492
6268
19413
12513
11193
11193
3369
3369
20211
380
19960
19410
5896
26582
26245
6185
29804
26795
6269
20320
12454
22898
22898
3369
3369
12356
19960
19410
12479
25519
26582
34385
26250
26668
34364
6185
29828
29804
6268
19413
11903
20221
380
12255
19960
11884
19410
12479
5896
26250
6230
34364
6107
6185
29828
29828
6090
29804
6103
34462
1498
6268
20320
12454
11903
3369
20219
380
380
12356
11920
11920
19960
19410
6098
26582
34385
26250
26245
26245
34364
6107
34462
26795
12454
12454
11903
3369
12182
12182
12356
12255
19960
1328
6098
26250
6230
34364
26240
29828
6090
6103
34462
34464
34464
34464
1331
19413
22898
22898
12182
11920
19960
19960
1328
19410
26245
26240
6103
33555
19413
12454
11903
20219
19960
19410
19410
12479
26218
26250
26250
6107
6107
29828
29828
6090
6090
6090
34462
12448
12454
11903
3369
380
16227
11920
11920
12255
6098
26218
34385
26245
26245
6230
5141
6107
26240
1331
20320
22898
3369
1328
1328
12479
26218
26218
26250
26245
6230
6230
33555
34464
11903
12182
12356
11918
1441
19410
6098
26251
26245
5141
29828
29840
6090
34462
34464
1331
12454
11903
2212
16186
20219
380
12356
11918
11882
6230
6107
6090
6103
26277
34464
12448
20320
1483
11903
11907
2212
3369
16227
16227
19993
1328
26218
6229
26240
26240
29828
26277
34462
34462
33555
33555
34469
1331
1335
16186
380
19993
11918
11882
33551
6212
6212
6212
6229
33555
22898
16186
16227
12356
1328
11935
12487
12487
26817
6098
34105
26218
26251
6229
6230
5141
5141
26515
29818
12448
16186
20219
12356
11918
11918
1328
11935
26218
6212
6229
6230
5141
26240
26240
26240
29840
29818
6090
6258
26817
1331
12448
12448
1483
11903
11907
2212
1335
16227
16227
12356
1441
12487
26593
34132
26515
26277
33555
26817
1335
16186
16186
20219
20219
1441
12487
34105
26218
6212
5141
29840
29818
33555
34469
1483
1483
2212
16227
16227
19993
11918
11882
26817
26251
26251
6229
6229
26515
30528
26277
6258
19970
19970
1483
11907
16171
12356
12356
11935
11935
12487
12487
6212
30568
5141
26240
30528
26277
26277
6258
34469
12448
12448
16171
16186
16211
16227
12356
1441
11935
12487
34105
26251
34132
34132
26515
29840
29840
29818
6258
34113
34469
19970
12448
1483
1483
11907
11907
2212
2212
16186
16211
16211
16227
2382
12356
11918
20000
11929
11935
12487
6212
30568
30528
29840
19970
12448
16211
16227
12273
34105
26593
26251
6229
6229
30568
26515
30528
29840
29818
26276
6258
34113
19970
2212
16254
11935
12487
12496
26817
26593
6212
30612
30612
34132
26515
30528
1483
11907
11907
2212
16171
16171
16186
16254
1441
11929
11935
34105
34145
30566
29840
26277
34457
34113
19970
1483
1483
16211
16227
12487
34105
34105
30612
30612
34132
34132
30568
26515
30528
30528
30528
6982
29840
29818
34469
34469
19970
20316
1483
16227
16238
2382
323
11935
11935
20009
26593
34145
30612
30568
30568
30566
29818
26276
34457
19970
19970
20316
2212
16186
16186
2370
16211
16254
20000
11935
34105
30595
26515
6982
29818
26276
34457
6266
20332
11907
16394
16163
16171
16171
16238
20000
26224
34105
34145
30612
30612
30595
30568
30566
30528
12504
20316
16163
2370
16238
12273
11935
20009
26224
6210
30612
30595
30528
29818
26276
34155
34469
20332
20316
11945
11945
11945
1483
2370
2370
16254
323
11935
20009
30612
7149
30528
6982
6982
29831
29831
34457
12504
12504
16394
16193
16254
20000
20000
323
20008
34105
34145
30595
34457
34457
34155
12504
16163
16171
16238
16264
16325
37347
6210
30612
30612
30566
30528
30528
6266
20316
11945
11945
16171
16193
2370
16238
16264
20008
20009
20009
26224
34105
34147
34147
37347
30612
30595
30566
30528
6982
29831
26276
20316
16394
16163
2370
2370
16254
20000
23205
323
8925
30595
7149
30528
30528
6982
30766
34457
6251
6266
6266
12504
20310
11945
16163
16171
2370
16238
16238
2386
4263
323
16325
30667
8925
7149
29831
34155
20310
20316
11945
16394
16163
16193
16222
16264
20008
16325
16345
30690
34145
7145
30528
30528
6982
29831
34155
20332
12504
11945
16394
16163
16193
2370
16222
16238
16264
4263
26224
37347
8925
7149
7149
30566
30528
26276
7177
16345
16401
16193
16193
16254
20008
16345
16345
20332
30683
37352
34147
8925
30595
30528
6982
8917
30768
30768
30766
30766
6251
20310
1481
2415
16394
16193
2370
16292
30595
7145
30528
34155
7177
34472
12504
1481
16394
16401
16193
16201
2386
20332
30690
34145
7167
8925
8925
7149
7145
30528
30766
6251
20310
16401
16193
16193
16238
16238
16264
16292
323
23210
16325
30667
34147
37347
30623
30595
30595
7149
30528
30768
30768
34472
20310
2415
16193
23205
16345
30683
37352
7145
8917
30766
30730
16345
326
1481
2415
2415
16401
16193
16201
16215
16285
16325
16325
8925
30595
29944
30528
30528
30528
8917
8917
30768
7177
7177
16401
16264
20280
16274
4265
37357
30690
8925
30768
30766
34472
34472
16345
2406
1481
1481
16401
16173
16215
23205
16325
16345
30683
30667
30675
30644
7149
7145
8917
30768
6251
30730
326
326
1481
1481
2415
16193
16201
16238
16238
16292
4265
16345
16345
37357
30690
37352
34391
30644
8925
30623
30595
29944
7142
30749
2415
16401
16401
16401
16173
20280
23210
7142
7177
34472
2406
2406
16173
16215
16238
23210
16325
30595
29944
37357
30644
29944
34171
7142
7137
30768
30768
30766
30730
1481
2415
16401
22908
16238
20280
16274
23210
326
326
16173
22908
22908
16274
16274
16285
20048
16325
16349
16349
7137
30766
30749
30730
37363
30690
30675
34391
30623
29944
1481
16412
23163
22908
20280
16345
7137
7177
7177
37357
34183
30623
326
2414
23163
16173
22908
4201
16215
16274
16285
16313
16349
2406
34171
7142
30763
37357
37357
30684
30675
30644
30644
30595
34183
30603
29944
34171
30763
7177
37363
2414
16412
16173
20036
16274
20048
2406
16412
16412
22908
20280
20280
23210
7142
7137
7137
30763
30729
30749
30730
30699
37363
37357
30644
16355
16371
16412
23163
23163
16173
16274
23210
16349
34171
34167
30749
30699
34197
30684
30675
26614
30595
34177
29944
16412
1350
20036
12360
16274
16313
1359
34171
34391
34183
30603
29944
16355
2414
23163
16173
22908
1350
4201
20249
20249
16349
34167
7137
30749
30699
37363
34197
34183
2414
16412
16173
4201
12360
12281
7137
37152
7122
30730
37363
37363
34391
26614
34183
16355
16371
2414
16412
23005
23163
11955
11965
20048
2263
16349
34171
30729
30729
30726
34197
30684
30675
34391
16355
3391
22908
4201
20036
20249
16313
1359
16349
30699
37363
34197
34197
30675
34183
30603
34177
34177
8864
16371
16372
23005
23163
1350
1350
12360
34167
34167
29933
8864
2414
23005
4201
11965
11976
20049
1359
2263
16349
16355
29844
37152
30699
37122
30675
26614
34183
34177
8864
16371
16372
2351
4201
11955
12360
12281
20249
2263
34167
34167
37152
7122
7122
30729
37363
37122
34197
30684
6127
8864
15709
16372
23005
23005
3391
1350
2216
29844
34167
30726
29933
26614
26294
26691
29958
16372
2351
3391
4201
11955
12360
1359
2263
16355
16355
34167
7122
30729
37122
34197
8059
6122
15709
23005
23005
3391
1350
15601
2263
2263
8864
30153
37152
7020
34200
6127
26294
29958
22953
16372
11965
11959
20249
11976
20049
1359
8864
7020
34200
6127
29933
26294
26691
15709
1350
2216
2216
11955
2231
37152
30466
6127
6127
26294
16372
16046
2363
2363
12435
12435
11976
11978
15706
15706
8864
30153
34167
5605
30403
30403
7020
34200
37122
26691
6122
29958
16114
12435
15601
15553
11976
11978
37152
30403
30466
34200
34200
30063
34197
8059
8059
29933
34048
29958
15709
22953
2363
1350
11955
15709
30153
7020
6127
29933
7002
26294
26691
22953
16372
16114
16046
12435
2227
2231
20049
15706
8021
30466
7020
6127
6127
7002
29958
15709
16114
2363
2363
20306
2216
11955
11959
11976
11978
15706
37058
8021
5605
30466
34200
34200
30063
34061
37072
6122
15709
15601
11959
4200
30153
5605
7020
30063
34048
29905
22953
22953
22953
22953
16046
2363
2227
15553
19914
20049
15706
15706
30403
30466
34200
26309
26304
34061
7002
29958
23154
20306
20306
15601
15601
4200
19914
11978
29958
8021
5605
30403
30466
30063
26304
26304
7003
37072
16114
16046
16065
23154
15616
15553
2231
19914
20049
37058
8021
8021
8021
5605
30403
30010
30078
26309
29905
29905
29958
22953
16110
11959
19923
15723
7020
30063
34061
7003
29905
15723
22953
16110
16065
23154
23154
20306
20306
1479
15616
2227
2231
4200
11978
15706
5605
34072
30466
30010
7002
16046
15601
11959
2231
19914
19923
15723
29958
30078
34048
37072
37085
20306
2216
15616
2227
19914
15723
8021
8021
8021
34072
30010
30078
30078
30063
26304
6085
29927
7002
37072
15723
15660
15660
16110
23154
20306
2227
19914
19923
34032
34032
34072
30010
30070
34061
34061
29851
16046
16065
2227
11835
2231
4200
19914
29851
8021
30010
26164
29905
29905
16065
1479
1479
2216
15616
19923
19923
19923
29851
7037
26304
15660
15660
20306
19914
15723
8021
7115
34072
30078
7002
26164
37072
29908
37085
15723
15660
23154
15616
11826
11835
4200
19914
19923
29851
30478
30078
30078
34061
34061
26164
26155
16121
16065
16065
23154
2216
15561
19914
15723
29851
6250
34032
34032
30429
34072
30070
26304
29927
29908
19928
2251
1479
15616
11826
19909
15585
19914
19923
34032
26304
29929
29927
29908
37085
16121
23154
11826
15561
7115
30478
30011
7037
26184
29929
29908
29908
19928
16121
1479
1479
1479
15616
15561
11852
19928
26155
6250
7037
29929
29953
2251
11846
11841
26155
30478
29924
29924
26164
2251
16121
16063
16063
16063
15504
2216
11826
11826
11826
19909
11846
11802
11849
19928
29851
6250
6250
30429
30429
7115
30478
7037
7037
26184
26155
20305
20305
1479
11835
15585
30011
7037
29929
29927
29927
29908
19928
16121
2346
20305
15561
11841
11849
26155
26155
29861
30429
26184
5135
5135
29929
26164
16121
15618
12365
19909
11846
11841
6250
30478
7041
29927
29924
34424
29953
2251
2251
16121
16063
15504
15504
11826
11841
34446
30429
7127
30011
7037
5566
29908
34424
304
15671
20305
15504
11826
19867
19867
11846
11802
26155
29861
8913
7041
5135
23148
20305
12365
11846
11849
34446
30429
30429
8913
7041
6071
29927
26155
20305
15504
15504
15504
12365
19867
20254
11841
33997
29861
7127
5561
7041
26184
26184
26124
26713
11849
15671
23148
16136
2240
12365
12365
11849
34446
34424
34424
26696
11849
2356
20305
20305
11846
29861
34446
37300
7127
7041
6071
34397
26713
304
15671
2356
23148
20305
15504
2240
12365
12365
19874
11849
33997
34446
30433
6071
15671
19867
20254
11841
33990
8913
5561
8017
6071
26713
26696
22966
20305
15504
15504
12365
1466
1466
19867
11841
34446
37300
8017
6073
6071
33997
20305
19867
20254
19874
1302
11849
33997
33990
33990
30433
7127
37112
8876
8876
7041
6071
6071
34424
26696
304
22965
15671
19849
2240
12365
19874
34446
6247
5561
34397
34424
26696
26696
33997
16067
16067
20305
20305
19849
1466
1466
33990
33990
30424
8017
8017
6071
26124
34424
304
15671
19849
2240
12365
1298
19874
2268
304
30023
6073
34424
26696
26696
19849
1466
19867
19874
19874
5561
8876
8876
34397
33997
15671
22965
12427
19849
2240
2240
15625
20254
1302
33990
33990
30424
37112
8017
26127
34397
34424
19881
22965
22965
16067
20305
15531
1293
1466
19874
29877
8876
8017
6073
26124
6066
6066
34424
22965
16067
12427
1466
19874
2268
33990
6247
6076
30023
26139
6069
26696
16067
15531
19849
1293
12289
12289
1448
11808
33990
37112
22965
1466
2268
2268
6072
26127
6066
34424
34424
7016
7016
2268
19881
19881
1305
12427
15531
1293
12396
1295
1298
2268
5552
33990
37144
30023
37112
37112
30103
8876
6072
26139
26638
26120
22965
12427
1293
1293
15625
1295
12289
1448
19339
33990
37144
26638
26702
26696
7016
29877
22965
15531
15531
1293
12289
1298
11808
5552
37144
30103
8876
26139
26139
26127
6069
26120
6066
7016
29877
15725
15725
729
1448
1298
29877
6072
26127
26702
12427
1293
1293
12374
1295
1295
11808
37144
6066
6066
7016
29877
15725
15746
729
1305
15531
15531
1293
15625
12396
12298
1298
19339
11808
5552
37144
6076
6076
7029
37112
30103
6072
26139
26139
26702
26702
12427
15531
3449
15725
29877
5552
5552
26120
26702
26702
729
729
15531
1293
19339
37144
37144
7029
30103
26139
26127
26651
26120
26702
29877
15746
15531
1293
12396
11808
7016
15725
11816
11816
1293
12374
15625
3206
1298
1298
5552
5552
5552
25432
7029
30103
6072
26638
26120
26703
30002
729
4216
4216
12298
3449
12041
11808
29980
5552
37144
37144
6072
26365
26127
26353
26702
26703
30002
15746
729
4216
4216
15531
15623
12374
3206
3449
1298
11808
37144
6072
26709
15745
15531
15623
3449
12041
11808
5552
30147
7029
26139
26353
26709
26703
30002
4216
15623
15623
15623
12374
12396
12396
3206
12041
25432
7029
30103
30102
26139
26651
26651
26703
29980
15745
15746
729
729
15531
15531
12374
12298
3449
19471
1093
25432
7029
30103
26651
26709
26703
15745
729
2222
15623
12396
12396
12041
5552
30147
30147
7027
34401
30002
729
4216
12298
29980
5552
29882
37137
30102
26139
26365
26353
26353
26703
30002
15746
11816
2222
12374
12298
3449
3449
12041
1093
29980
30147
7029
30103
15745
729
729
4216
2222
15623
12374
12374
3206
19471
1093
29980
29980
33434
30102
30102
26651
34401
26709
30002
15762
11816
2222
15623
12396
12028
12041
29980
29882
30147
30147
26651
26709
26703
15762
729
2222
12321
19471
12041
1093
29882
30147
7027
30102
26365
26353
26709
30002
30002
729
11999
15790
15790
2222
12374
12398
12028
19471
1093
15745
29980
29882
7027
37137
30102
33481
26353
26709
26703
30002
15762
2256
11999
15623
15623
12374
29980
30147
33434
37137
30102
30102
26365
26646
34401
2222
12387
12374
12028
12298
12050
30147
33434
26709
30002
30002
12374
12028
12041
1093
29882
26646
34401
34266
15745
15762
2256
2256
11999
15790
2222
12028
12311
12050
29980
29882
29882
33434
7027
37137
37137
26353
34266
30002
29980
15745
15790
22923
15636
15623
12398
12398
19471
1093
29980
33434
7027
30102
33481
26365
26646
34266
26728
30002
29980
2256
15790
2222
12387
12398
12321
3449
12315
12050
30147
30102
26365
26353
30004
15762
15760
2256
2256
11999
11999
22923
2222
22923
15636
15623
12315
12050
1093
29992
29882
30147
33434
33434
30117
26391
26646
26652
26353
34266
26728
26728
26728
15762
15699
15790
12387
12311
12315
1093
12058
29992
33434
30102
30102
33481
34266
15790
15623
12058
30004
29992
29882
30139
30053
7027
37137
34266
15762
22923
12387
12387
12311
29882
30102
15745
12076
11999
22923
15636
15636
12387
12029
12031
12321
12315
12315
30139
30117
30111
26391
26652
30004
735
735
15792
15790
22923
22923
12398
12058
12058
29992
29992
30139
30147
30117
30111
26391
26379
26379
26646
26646
26652
26361
34266
26728
30004
15760
15760
15699
15699
11999
15792
15636
12387
12387
12050
30111
26391
26728
29992
735
22923
15636
12029
12321
12058
29992
29891
30139
7033
30117
26728
26717
30004
15760
15699
22923
15922
12387
1472
12311
12423
12315
12050
12058
30053
30053
7033
34266
26728
735
12076
12076
22923
15636
15636
12387
12029
30139
30117
26391
26379
26646
26361
34266
29992
15760
12029
12031
12058
30315
29891
29891
30139
30139
30138
7033
30111
26391
26647
26652
26361
37099
15760
12076
15792
12321
12315
12050
12059
7033
7046
30111
26379
26717
735
735
15699
22923
22923
15636
12387
735
29992
29891
29891
26391
26392
26728
26728
37099
15760
22923
15968
15636
1373
1472
20134
12051
30053
7046
30111
26378
26647
26361
26721
15792
1373
1472
12031
12423
12050
30139
7033
30111
26647
26361
26717
30315
20142
15760
15760
12076
15922
15922
1472
12031
12059
735
30138
7033
7046
26721
26721
735
15760
12076
15781
15968
15968
1373
12423
12051
29891
30139
34285
26392
26378
26640
26717
15988
15699
15792
15781
15968
12029
20134
12051
12051
30315
6161
26378
26721
26717
26717
37099
15781
15922
1373
1472
12059
30315
7033
7046
26392
26647
26717
15760
20110
15968
12029
12031
30138
6161
7046
7046
7046
34285
30111
26647
26640
26362
26721
37099
20142
15690
15699
15699
12076
15781
15922
15968
1472
12423
20134
20134
12051
12051
12051
30315
30315
29892
6161
26392
26721
26717
37099
15988
15781
1373
12423
29892
30138
26640
15968
1373
12423
37099
29892
30138
6161
30049
7046
26392
26378
26362
26717
20142
15781
15968
15968
1472
12029
12051
12051
20142
30315
26378
26647
26647
26721
26721
26717
20142
15922
15922
1373
1472
1472
12029
20134
29892
30049
7046
7046
34285
26392
26378
26378
26717
37099
30315
20142
15988
15690
20110
20110
15781
15781
20079
12423
12051
12059
30315
30138
6161
30049
37099
20070
3459
20134
29892
30138
7046
34285
37099
15988
15690
15781
15781
20070
1362
12051
12059
12059
30315
30315
6161
26647
34438
26362
20142
20110
20070
12423
12051
29892
30138
7046
34285
26717
26717
37099
15988
15925
20070
20070
1472
1471
1471
20079
12051
34211
6161
30049
26378
26378
26647
26721
26721
12059
15988
12115
20110
20110
15925
20070
1373
3459
20085
12059
30315
30294
29892
30138
6161
30049
30358
6135
26378
37099
20089
12115
15781
15781
20070
1362
3459
7046
34285
34438
26362
34215
6241
20107
15925
20070
20085
34285
34211
20089
15988
15781
1362
3459
12051
30243
30262
26449
30358
6135
6135
6245
34438
34215
34215
34215
6241
34211
12059
15874
20070
20070
20070
20070
1471
1471
20081
30294
30243
6161
30358
6135
6135
6134
6134
34215
34211
15982
12115
15925
1471
3459
12051
30294
30294
30243
30138
6135
34220
34211
12115
20107
15925
20070
20079
20081
20085
1364
30231
6135
34438
6241
20089
20107
20079
20085
26449
6135
6245
34215
6241
12115
15874
20107
20081
20085
1364
20089
30294
30243
30262
30358
6134
34220
34215
34215
34211
20089
20107
20107
15925
20070
23112
3459
3459
30243
26449
30358
6135
6134
6241
15982
12115
20070
20070
20070
23112
23112
20081
30231
6135
6135
34438
34215
6241
15925
20085
30294
30243
30262
26449
30358
6134
34220
34215
34211
20089
12115
23112
26449
34220
30294
20089
12115
15874
20159
20107
20070
16021
23112
20081
20081
20085
20085
1364
30262
26449
30390
34215
6241
34211
15982
12115
15925
23058
23058
16021
23112
20085
30243
30243
30243
6135
6135
6134
34438
34215
15933
16021
23112
23112
20176
20085
20089
30294
30262
30231
30231
6174
30358
30390
34220
30366
30366
30294
12115
20107
30231
30352
6135
6135
26436
34211
34211
12115
12115
23058
12104
20085
20089
30286
30352
6135
20089
16004
12115
2299
20107
23058
15933
16021
23112
20176
16039
20085
12106
30302
30286
30262
30302
16004
20159
12106
34296
30352
26436
30390
37269
37269
34314
30366
30366
12115
23058
16021
23112
23112
12104
30231
6174
26436
30366
30302
20089
12122
12104
12104
12106
30286
30286
30352
30361
26436
37269
30302
16000
16004
23058
15933
16021
23112
16039
30302
30352
30361
34314
30366
30302
30302
16004
12122
12122
20159
15933
20176
12104
34296
26440
30366
15933
15933
23112
12104
12106
30286
34296
30361
26440
26436
30366
30302
16000
16004
12122
2299
20159
23058
23112
30302
30302
30286
7077
30352
30352
37269
30302
30302
15933
16021
23112
12104
12104
12106
26440
26436
6480
34314
30366
30302
23058
23058
15933
15933
16039
6174
30361
30366
16004
12122
2299
2299
15933
12104
12106
30286
30286
7077
34296
26436
6480
34314
34314
30302
20159
20159
23058
1706
13425
12104
16000
7077
6174
30352
26436
30366
27758
12122
15933
16021
361
361
12104
16000
30302
7077
7077
6174
30361
30351
30351
34314
30366
30302
16004
16039
12104
13433
30361
5194
12122
20159
23058
1706
1706
361
361
30286
7077
30352
30351
5196
6480
5194
37262
30302
13433
16004
2299
2299
20159
1706
13432
13433
16000
30287
7077
34296
6174
30351
5196
34314
27758
30302
13440
361
13433
30289
6174
5196
5194
22118
15877
2299
15941
1706
1706
361
13425
13433
30287
6174
27779
30351
5194
27758
30289
13433
13440
2299
2309
1706
30287
6174
30351
6480
5194
15941
13432
13433
6174
30351
30351
30351
37262
22118
13440
15877
15877
15877
15941
15941
1706
1706
1706
16044
13432
13433
30287
30255
34296
6174
27779
6480
5194
27758
22118
361
13432
13433
30287
30351
30351
37275
37275
37262
30289
1706
1706
361
13425
30289
30255
30351
5196
6480
27758
30289
22118
22118
13440
361
30351
30351
15877
2309
15941
1706
1706
1706
13433
13433
13433
30287
30234
36270
36270
27779
30351
5196
27758
13440
15877
2309
4243
13432
30255
30255
37275
6480
5194
37262
13433
22118
22118
15877
3991
13425
22105
13432
13433
30255
30351
37275
27758
30289
15877
2309
15941
1706
13432
30234
36270
30351
5194
22118
13440
2309
15941
3991
361
3994
13433
3997
36230
36230
27779
8660
5196
36259
5194
37262
27758
30289
15877
2309
2309
15941
3991
1706
4243
30289
30234
36270
27779
6480
6480
5194
13433
23101
22126
15941
3991
3991
22105
36230
30255
8897
13440
13432
3997
30289
8652
8661
8660
8897
23101
3989
2309
23069
15941
23133
22112
36230
36230
30255
37247
8660
8660
36259
37275
23101
22126
3989
23069
3991
22105
3996
37197
8661
8661
8660
8660
8657
8655
8655
22126
23046
3991
23078
3992
23131
3997
37216
36230
36259
8655
8655
8655
3989
22105
22112
8652
8652
37247
8660
36259
37275
8657
8897
23101
22126
3989
23069
3991
36230
8657
8655
22126
3989
23046
23069
22105
3996
37197
8661
8661
8660
36259
36259
8655
37216
3997
3989
3991
22093
23078
22112
3996
37216
37192
8660
36259
36259
23069
23131
23133
23133
37216
37197
7699
7699
8657
8657
8655
22126
22125
22125
3989
23046
3991
3991
8652
8652
8660
7702
8655
37217
37216
3997
3989
23065
23065
23078
23135
23135
37192
8652
37253
8903
8657
8655
3036
23135
37216
7698
8660
7702
8909
8657
8655
8895
23106
22125
4227
23069
23066
22093
23135
23135
37192
36227
7699
8660
36240
8895
4240
23066
23066
22093
23131
23131
23133
37217
7699
8660
7702
7702
7697
36240
36240
23106
23050
22080
23065
23065
22093
23135
23135
37216
37192
36227
37253
7699
8903
23106
23050
4227
23135
23135
37192
8891
8660
7702
8909
7697
4240
23106
23050
4227
23066
23131
23135
8895
37192
36227
7698
7699
8660
7702
7702
7697
36240
3041
22080
23065
23066
23066
22093
22093
36227
8891
8903
7702
36240
23106
23050
25001
8895
37253
8903
39074
7702
7697
4240
23050
22080
4227
4227
23065
22093
23135
25001
9381
39114
7699
7699
7697
36240
37217
37217
4718
23066
25001
3041
8903
39074
39074
7702
8909
36240
8895
4240
4803
24966
23065
24956
24804
37217
39097
37192
36227
36227
7702
36240
24907
24946
4773
23050
24579
4718
23066
24046
36227
37253
9436
8903
7702
7702
7697
38194
37217
24949
24804
24907
24907
8891
39081
7702
38194
24579
24966
24966
24979
4814
38969
9381
39114
9436
9436
39074
39134
38194
39102
4803
4803
4718
4718
24956
25001
24907
24907
39127
39127
39076
39074
39074
39134
39102
38969
4803
4803
24579
24966
4718
24956
24046
24046
24907
9381
9381
39114
9436
39076
39074
38194
4803
24804
4814
25001
9381
39117
39081
9436
9436
9480
38969
24579
24966
24949
24804
25001
4795
24946
38956
9436
39134
39134
38969
38969
4803
24579
4809
24979
24624
24956
4795
9381
39127
9436
39074
39134
38194
4803
24979
24804
4795
39117
39081
39087
39076
39074
39134
24579
24624
24624
24949
24956
24046
4762
25009
24946
38771
39117
38731
39074
9480
9480
38939
38194
39102
38969
24579
24963
4809
24949
24046
4795
38771
39132
39074
38956
4803
24624
4776
4776
24787
24946
39132
9465
9480
38958
9439
24795
24963
24984
24624
24787
24046
24788
4762
4795
38771
39132
9472
39111
9436
9458
9439
9439
38956
38956
4809
24984
24624
4776
25009
25009
4795
4795
38771
39111
38731
39087
9458
39151
38939
38939
9189
38958
24795
24795
24583
24579
24963
4809
24984
24624
24949
24787
38771
39087
39087
9465
9458
9458
9189
9439
38956
24963
24730
24624
24624
24833
38771
39132
9472
9472
38731
38731
39087
9465
9189
9439
4809
4520
24039
4770
24788
24788
4768
4795
24902
24902
9407
39087
39087
38939
9189
38956
24795
24583
24583
24963
24730
4520
24787
25009
38771
38782
38731
39087
39151
38958
38956
38956
38956
4520
4778
4768
4766
9472
38731
39087
39050
9457
39151
9189
38958
24583
24639
24639
24730
24730
24039
24619
4770
4778
4768
38854
38846
9407
38873
9465
9458
39151
39156
38982
38982
24794
24592
24963
4743
4520
4520
24624
4527
4768
4766
4795
38873
38731
38735
39050
39151
9189
9379
38956
24794
24583
24030
24833
4527
38762
38730
38735
9428
9457
9440
9379
9379
24895
4516
24730
24039
4778
4766
4766
38179
38780
38782
38782
38735
9190
24895
4516
24027
24030
4743
4743
24619
24833
4778
4778
4527
4768
4766
9406
38179
38782
9465
9428
9457
9457
39158
39156
38982
24592
24027
4741
24039
24039
4768
38854
9406
38780
38780
38782
39156
38982
9440
9379
9379
38762
24794
24592
24639
4743
24619
24839
4766
9379
38762
38762
38846
9215
38730
38735
9428
9457
9190
24794
24027
24027
24027
4743
24039
24619
24833
4768
4768
24895
38780
38174
9428
9457
39158
38982
24895
24027
4511
4741
24839
24819
4766
9379
9379
38762
9186
38846
38846
9406
38612
38790
38730
38735
9428
9457
9457
39158
38982
38982
24794
4552
4516
4516
4504
24469
24469
24039
24619
24839
24819
4785
4766
38780
9428
9457
9448
38966
24895
24049
4552
24462
24463
24702
4523
24612
4768
24860
24887
9379
9379
38762
9186
38846
38640
9171
38527
38174
38799
38735
9457
9457
9448
38966
38982
24049
24592
24462
23996
4523
24860
24887
24887
38840
38655
38174
38744
9428
38741
9457
9192
38966
38982
24646
24027
24384
4511
24035
24702
4523
24612
24819
24870
24860
38989
38759
38846
38527
38527
38790
38790
9215
9457
38966
24376
23996
24504
4523
24612
24839
24837
4785
38989
9400
9171
38527
38735
9457
9192
24894
24049
4704
4552
4552
24646
4504
24376
24496
24510
4738
4738
24887
38546
38608
38174
38799
38741
9457
38966
9198
38840
24894
24049
24462
23884
23884
24384
24504
4523
24837
24887
38759
9400
38840
38658
38539
9103
38138
38154
38790
9215
38744
39040
9448
9448
9448
24005
24384
24384
24496
24402
24510
24510
24063
4780
25032
24860
25040
24887
24887
24462
38539
38154
38174
38798
38799
9215
38741
39040
9400
9400
38845
9351
38432
4704
24595
4552
4504
4475
23891
24139
24139
4618
4618
24496
24402
24281
24510
24510
4688
4738
4738
24063
24612
4780
24870
25040
9278
38413
38413
9103
9103
9103
9103
38033
38608
38741
9451
9192
9448
9448
38985
38989
38756
38211
38845
9351
24402
4626
24281
24281
24612
24887
24894
24646
24462
4649
24005
38171
38291
38413
38264
9152
9338
38798
38743
38744
39040
9448
9198
38756
9351
9278
24593
4704
24595
4552
24646
24646
4504
4649
4649
23910
4428
4428
4618
24510
4688
4738
4738
4738
24607
25032
25040
24887
9103
9312
9338
38790
38803
9215
9368
9451
9451
9198
38985
38756
9400
9400
38845
9351
9351
38432
38435
9278
24593
4649
4475
23910
4428
25070
4573
24139
24139
4643
4626
24510
24510
24063
24612
4780
24856
25032
4788
9091
9091
9089
38038
9312
38743
9197
9198
9400
9400
9351
38171
38211
9351
38171
9290
9290
38242
24462
23955
23921
4423
4573
4618
4618
4626
24281
4688
24691
24691
24607
24870
25040
25040
4788
4788
37959
9091
9091
9129
9312
38803
38743
9448
9448
38995
9290
38435
38242
24593
24878
24874
24650
4675
4649
23989
4573
4573
4626
24281
24024
4690
24063
24856
9129
38038
38097
38137
9338
38798
38798
9368
9368
9368
9197
9451
9451
9198
38756
9200
9400
38830
9351
24593
24595
4557
24212
4625
4626
24519
24519
24063
24607
24607
24856
24856
25049
25049
38432
38498
38498
9219
9219
9236
9091
9129
38038
9312
38798
9368
9451
9414
9414
39207
38756
9400
9400
9290
9129
9127
9337
38724
38806
4649
23989
23921
25070
4416
24193
4625
4626
24297
24024
24519
24684
24858
24858
4788
4788
38905
9454
9197
9197
38899
9400
38830
9351
9301
9286
24593
24878
9219
9495
37959
9129
38590
9337
38200
24650
4675
4423
4564
4557
24225
24229
4625
4625
4626
24691
24691
24607
24856
9368
9197
39207
38899
38432
38488
38488
24874
24004
23955
24193
24297
4496
4690
24519
24063
24919
24607
9219
9236
38798
38905
9414
9400
38831
38830
38830
38669
38669
9301
38478
4791
24874
38335
9092
38038
38590
38725
38724
24577
24447
23989
23955
4480
4423
4416
24297
24737
24737
4748
25054
39197
39207
9301
9236
9092
24593
24878
4464
4564
29049
40123
42151
10467
10254
6275
16345
35365
32420
7564
7563
32811
32807
7564
7326
27957
33678
27968
28864
36323
28864
33328
5820
5820
4952
5820
27968
25671
5820
28864
27957
33164
28864
28864
25671
28032
33328
8680
8680
25700
25688
2131
40976
10729
9837
40602
10017
10017
9985
10002
40833
9972
40777
40754
40718
40718
41783
10213
18238
11725
18238
26050
18029
26062
26062
26071
25158
18029
18029
19441
25158
12557
18029
37217
24902
24795
24027
8225
8268
8268
34891
34741
34894
8268
34899
2814
34819
34805
34805
2814
34805
2814
34894
34894
18537
2993
2993
18427
32697
7608
32496
32496
7571
32797
32429
18256
8553
8145
32413
8145
8145
8145
28501
28346
23490
17005
13607
13628
1049
17005
11034
13597
1049
1769
509
17005
1769
23490
23490
13611
22175
11359
9852
40311
9583
10080
40266
9948
9747
40025
9766
40211
39500
39508
39508
39517
39508
9660
39517
40373
40275
40275
40405
40088
9629
40085
40088
40183
41241
42199
42238
41400
42240
9948
42418
42455
41920
41920
41772
10378
41705
42715
42637
42620
42544
42045
42507
42211
41674
10300
10294
41623
10300
10317
10317
41674
41484
42598
42653
42660
41743
42026
41528
41528
41798
10528
41753
42573
42598
42729
42502
41502
42502
42502
42698
42023
20354
18034
18033
19452
20354
26817
26817
1496
12496
19970
33551
33551
5866
12479
26807
12495
12514
30683
26267
12514
20332
26817
12514
12495
1498
34469
26267
11185
25519
12514
12495
26817
6268
11185
26807
4791
4706
24660
4690
24012
4564
24258
4588
4496
23844
4690
4496
24737
4706
4534
25049
24561
25054
25049
24519
24010
24447
24691
4727
24763
4707
24778
24684
4690
24783
24577
24577
23955
24297
24325
24061
23844
4539
24662
24297
24384
24402
4643
4643
4618
4574
4428
24139
38994
38991
38991
9351
38432
38432
38680
38830
38831
38413
9278
38498
9091
38264
9227
38380
9119
9495
9118
9199
9368
9396
39197
9089
9495
9236
38498
38478
38546
9278
38264
9270
9227
38889
38930
38291
38432
38994
9495
9301
9361
38911
38745
38687
38413
38991
38991
38830
38577
9362
38997
9198
38202
38708
39207
38687
38891
38687
38291
38687
38995
38708
38680
38291
38708
38577
9370
9301
39210
38755
9446
38755
9370
6804
6804
6804
29046
6880
29384
28509
