4157
4298
3470
4392
4084
996
2911
3522
4115
760
4288
2383
239
431
607
4682
2010
3579
1131
813
824
505
984
184
2355
2500
3748
2663
4071
4172
2188
698
2272
213
4535
1450
1650
968
2270
1755
561
3401
4326
1315
1092
2271
1808
3757
4528
1516
3097
921
3405
414
2209
1227
4340
3174
3227
1384
3384
4662
3625
3980
3300
3909
4409
2676
2776
2067
3245
1232
1754
561
2270
1220
1178
552
1118
1487
1805
2206
4086
4172
2306
4463
1131
4083
998
370
1762
1207
2141
4344
3522
2732
920
3138
3807
1022
2211
3802
4397
3401
415
3751
636
369
4139
1936
3657
185
2004
946
3289
4080
3893
536
2034
4704
4633
2663
12
4477
4503
4473
1210
2368
960
4533
4260
2271
2810
860
860
1981
2205
3704
2201
22
3771
824
848
3274
4357
4379
1069
3625
3469
1097
3768
1292
3748
3409
403
824
4121
4098
4366
1054
1767
3988
4173
4450
3628
1781
4086
2897
3100
1370
2199
3154
238
1494
4121
2573
3748
4365
2323
4048
2323
705
3384
4630
1267
841
4682
2206
1717
761
3134
3972
1150
3401
2920
3959
3993
534
4154
492
4446
4397
2187
3626
414
4415
3372
1266
4611
3288
701
1433
2531
3431
1324
3893
269
4264
388
423
4340
4436
3471
414
2434
2270
4154
3154
2405
4071
3579
3253
308
1232
3287
3402
3994
2981
3792
3993
3289
3786
679
848
1931
1282
1670
3703
1471
2239
3741
3797
412
1568
534
3294
3568
3871
824
560
3896
2730
3749
3244
1328
3381
3357
4086
2527
431
4215
1094
4086
2271
2576
1878
963
3145
457
4145
489
3572
561
4587
3747
4447
1188
65
2273
3401
849
2556
4398
1699
1292
519
3065
3785
174
2208
3334
2156
484
4151
229
1276
3657
2441
1006
803
928
4510
1487
4358
3123
1018
2207
2270
3181
4684
3097
4053
3909
4088
1868
1638
4187
4397
3023
3406
1128
673
3048
3101
1654
1266
3930
824
1292
1621
842
860
4086
4451
634
2857
3981
4499
4463
776
3881
2636
449
2796
1158
3208
3994
2410
4379
3771
1894
2434
4086
3064
540
2270
1409
4508
842
1371
3715
1644
703
1220
1050
2442
3807
3384
3401
4086
925
842
4097
1951
560
1314
507
1109
106
3218
4099
3747
2094
887
4416
3792
1036
2274
3288
981
3174
2394
755
3400
1808
3675
2064
238
4177
1190
3356
2188
300
890
1803
3989
2296
3445
824
1067
2201
1092
4445
824
1661
561
3892
3288
2727
1895
4156
2024
3771
1212
3324
3549
839
3066
3633
1670
644
520
561
3101
4398
1432
1749
2198
1152
2679
614
2564
1260
821
698
922
3401
2664
4139
4116
761
3567
2265
3048
3768
337
3589
1778
4191
759
4190
1578
4446
4257
3304
1141
3568
841
4106
3628
3748
3049
3288
3882
1628
1678
3526
4216
3568
3100
1864
2416
1383
3417
3811
1803
2201
4277
1207
4190
4112
4139
12
352
239
4409
3141
3951
3106
1226
1032
4086
520
4098
1383
803
2693
3964
3382
3288
3810
525
4398
675
2270
819
4115
3768
4330
3288
824
1950
1931
3676
2095
4523
3289
3657
2779
3401
2086
1152
3401
3748
1989
2810
1293
3694
3469
2945
1158
4601
964
1097
1950
627
4178
4691
100
4237
607
3390
560
2561
759
3951
1638
4340
3402
2155
3625
519
4530
3910
3567
2447
4288
2271
3694
4258
3993
3803
3568
369
1089
945
2714
3312
1517
4448
1093
843
3761
2708
2270
1045
2565
1272
3390
3400
560
3288
541
4358
4577
1093
3625
185
4554
159
4252
824
1073
998
1699
4498
351
2171
2384
3125
715
2667
4154
4379
2259
3799
1767
1229
3707
3209
1028
3431
3748
3811
842
1997
2667
2533
4296
417
3295
229
3784
3092
3288
180
4111
1863
4012
4178
3757
3110
4399
3865
3011
4150
3049
1904
1803
4214
1639
3567
2185
17
3402
2711
1999
4370
960
4453
2529
887
798
2793
4552
4139
3223
3056
3062
4257
3152
742
2733
2205
4151
329
1431
520
2181
3400
3289
3707
372
3401
4155
4521
1232
2447
1805
3372
2687
3409
3657
3401
824
2832
2693
3988
560
3855
1503
4416
1261
4222
860
2000
4315
3465
1383
1423
44
3808
331
3401
4258
1486
2864
1504
4465
2201
3573
4466
848
2675
2002
1663
1717
2662
2531
4357
4154
372
3747
916
1227
3676
721
4268
1293
3994
2458
2537
3636
11
731
3715
2109
4121
3572
1207
3416
3270
743
2203
3402
4249
4234
1991
4297
4296
3390
4607
3980
3385
1931
1283
519
3284
767
3065
3048
3138
1737
150
2710
978
4397
1052
1131
964
3952
3400
3512
2133
4146
764
298
4296
520
3573
3295
1207
844
4398
3431
758
3183
4428
3469
4085
3289
2265
1077
2811
965
3810
4673
3023
824
65
1383
2662
3289
1292
3836
732
4460
981
4062
2265
3625
2484
4148
2271
4009
2202
3400
1549
2433
2658
934
1010
4402
886
4498
194
287
3207
698
4239
842
16
3567
3324
3245
3143
2724
3568
2239
3729
3813
3146
3521
4147
3567
3768
3633
803
1680
2808
3022
4398
3946
2811
3757
4258
552
703
2974
978
3953
2899
3401
3142
653
4634
3419
3803
3141
4340
1549
2122
824
732
4241
4261
892
1119
4446
4376
3748
3123
3757
428
3750
1716
4187
3588
2207
993
925
3288
1639
2201
787
4062
4121
803
2188
2727
431
636
4682
4137
194
3273
3300
747
1663
737
1471
2157
4696
4241
3010
2225
2009
803
1957
4426
519
2871
842
2659
1639
3747
4654
3094
2456
3579
4452
560
3567
1575
2008
824
3770
4315
4427
1150
3802
2169
1141
3729
4604
3050
1603
174
3801
428
3030
1135
1090
702
3637
2152
1652
2109
4105
990
3513
885
3300
1867
3959
1716
1465
1478
4446
4245
1260
561
3288
1653
3756
715
1292
824
1196
4226
606
520
1257
323
4124
1878
148
3850
3091
11
891
1977
43
1865
4399
395
2963
4061
3994
852
584
1556
1039
2271
3787
1451
4654
4659
3431
4261
3747
2201
4650
2189
1207
2496
3929
423
3525
4411
4231
2007
3284
2812
3964
601
715
3469
3019
4540
384
2799
3748
3506
2188
4397
2153
2719
824
3073
2323
1864
886
3514
4150
2405
540
2668
4329
3748
4514
2684
2529
457
2270
3196
423
3288
4676
1462
4446
1549
4446
3759
4011
2164
428
3510
819
998
3246
1283
1319
2448
4174
4071
1699
3300
2681
452
842
3761
3748
3664
4530
1120
2484
824
2171
2274
1314
1356
3288
1210
4099
3803
1699
2592
4556
4097
1078
3289
3164
4549
3657
1270
3074
3047
843
2561
1908
3694
1956
3431
466
2983
2324
4397
806
2530
1384
2776
4139
1934
2011
729
18
268
1808
2306
2303
824
428
735
4579
4245
2664
1276
3626
3567
2131
3288
1032
3288
1214
1769
1371
1220
2095
4510
651
4436
4401
1307
2063
3066
3747
896
1699
3565
4376
2662
3288
2688
3572
1870
639
3352
3288
3057
2354
2323
2265
3750
813
3633
1
2009
4379
2667
2066
3747
2793
2662
2640
4466
2195
4049
2062
3021
848
2536
2003
3401
3051
2777
901
2384
3771
3008
4156
1678
3022
3244
1245
1927
4577
824
520
4050
1680
4250
4340
4582
3771
3099
3523
945
3747
786
16
837
3771
4379
3625
4012
2713
2021
4224
2034
554
964
1480
2998
3403
841
4086
324
3409
3289
536
4204
2171
3993
2713
3950
4581
4071
3074
1806
901
1009
1487
743
3550
1229
164
4316
4085
3567
1954
2531
4281
4486
762
185
2735
1923
1460
2901
807
3912
4285
2265
1485
1638
988
3284
4156
3184
1280
3400
3173
4157
1108
2227
3748
3516
3379
1832
3993
2693
4477
4248
3504
3524
3390
964
4419
4086
2484
3771
320
4537
3286
2206
3704
1904
3511
4192
848
2765
3805
3747
343
2205
203
1162
824
3802
3768
4190
1293
3367
1224
697
963
2816
3989
2307
3568
1118
3946
4475
4492
698
2686
2305
1459
3419
3988
2189
3720
3568
2568
49
4503
4564
806
306
4415
309
233
157
1676
3921
4434
3978
1891
423
824
3612
4379
3431
3402
1208
2121
4634
3964
3974
539
4103
2667
4638
1579
3171
3524
1877
4213
767
4604
1002
2576
4533
1646
592
1791
2204
1280
4412
3771
416
3633
1231
1278
983
3802
3787
3385
50
3401
4050
2270
3893
3729
3699
4517
1570
3379
4062
4296
2980
3288
2411
1078
865
3818
1714
3699
3174
182
819
1864
1806
2199
4427
4537
2900
561
164
3680
3047
3834
1019
4204
4157
3749
616
3030
2650
3472
3402
519
4226
806
351
1128
4420
921
1661
4195
757
4316
2204
2374
293
3399
4247
2681
39
3094
1320
1621
2629
743
2270
4154
3912
3797
4408
4505
548
3902
4086
3390
457
2324
3288
3419
1549
848
2187
3912
3852
3870
1424
3145
4514
4507
2630
2808
1924
3633
1370
3757
1639
3760
4412
492
3401
1555
2010
2188
4245
2404
2265
4631
3092
2159
4436
3263
921
4327
3186
746
4645
1324
4654
714
4402
1225
3906
613
4444
4446
3988
4009
4086
4086
4450
2630
385
3210
4603
3273
1097
787
3284
434
3412
3750
268
1581
449
4478
3568
4231
3818
4342
3756
1226
2670
3922
968
2726
3228
1661
964
229
2484
4342
1077
1222
806
1776
2309
248
3174
3400
2935
3401
3124
3472
2997
1903
2146
2669
2203
4213
2484
3465
390
3960
1116
3843
824
1269
3470
832
1276
1280
811
1663
620
4172
3634
2203
3792
2901
1431
3807
938
1905
3685
2385
442
4174
3842
3568
3390
3749
4527
3902
1280
468
3384
842
986
3994
2968
4469
121
3722
844
50
3399
2796
3103
3626
2524
3249
3390
2859
3303
560
3972
963
1152
3132
2688
3284
3811
3742
3059
146
936
3051
3802
1019
3289
1931
3988
926
906
2050
4462
4582
4456
2810
4171
4111
602
1807
1935
2484
492
11
3409
4007
3289
12
157
4693
2970
3761
3801
326
2039
3390
625
3227
4594
4327
1568
3030
4200
3758
67
2386
4157
832
758
4225
557
3025
3757
3170
627
1670
4270
4191
4476
3612
2784
18
3980
1923
1383
552
3469
3384
1764
3757
698
742
4379
4041
2775
12
4577
1931
4002
4340
4188
3903
383
2171
2037
2171
3384
1592
1650
3609
321
3657
1111
389
2691
1661
3255
4127
2749
844
4256
4218
732
811
2554
4694
3573
125
3567
1656
824
3729
4126
4284
3402
4520
648
3398
3417
2259
1714
2870
331
393
1646
1092
4142
2709
4086
4145
3808
2808
1223
3997
3997
1409
4156
364
946
1937
3747
286
29
4424
2811
2265
1280
965
2033
3401
122
1078
3469
2173
4227
4157
1954
4481
3043
3039
3749
2692
2968
2177
2648
4243
4499
4037
2161
985
4200
860
732
4383
3517
2548
4477
824
3927
302
2812
4527
4691
341
3657
742
2932
746
1913
3469
4445
2051
1150
4527
1104
2793
3431
2442
3574
1931
3834
1502
1918
4573
3254
2536
4474
3989
1170
651
1806
3288
4535
4155
884
842
3912
269
1949
1750
2528
4471
2165
1093
520
2458
2169
4340
4340
1432
3757
4462
2678
3741
3565
4062
3993
4379
4009
4154
1699
1661
1213
3747
3568
94
488
2406
1223
3021
3579
848
4330
2832
946
3567
524
718
2219
4179
2382
3801
2000
2203
848
1002
698
2432
3504
3401
1277
2431
4326
376
4357
1434
4448
74
3704
3747
4592
4462
1118
3649
534
671
3835
2204
2065
1260
104
45
1852
4633
315
1168
561
3137
3445
3289
842
3568
3100
4691
3703
3490
844
3700
1150
3315
1190
2222
1229
3748
1299
1483
1639
4086
3247
4298
1506
3747
2204
2396
3296
3058
4446
3748
3423
388
458
4522
3412
1932
2657
4341
3284
4462
3417
4182
883
2591
3579
2227
3922
636
2595
50
2811
4693
3995
3401
917
4121
3100
613
2177
1084
3749
3568
3100
3960
2270
3749
4484
4529
1280
3993
1954
3974
4177
1930
3809
1282
3994
946
3419
3055
343
4460
3809
3454
3568
2679
4427
340
1912
3803
3028
3748
1272
2812
1127
2651
3400
2860
4510
1651
3595
921
4379
2067
4531
3289
4596
3288
1907
3757
912
4340
4257
841
3625
3384
3216
3407
3567
3700
758
4448
3059
3214
3694
2161
4379
3064
520
3412
1191
3289
3568
3401
3502
3142
3269
3842
2271
2169
4682
1747
4504
1466
2555
3289
4665
908
4157
885
3102
1930
2666
909
3412
1998
1026
1104
4505
573
1806
2819
4582
4410
3306
1806
3842
3699
2079
705
3871
4574
2035
3895
1231
4182
4250
1107
3100
3757
3062
3747
4633
1745
2549
2919
2196
2674
4526
1492
3133
1147
428
4155
1949
1018
381
2712
3707
3748
3050
150
3909
1280
3142
1581
1282
4638
1368
844
885
4153
442
2037
455
2188
4224
2484
824
3698
1190
4052
3066
1518
3284
3409
842
491
4445
573
1368
1219
4402
3274
1529
3907
3748
3894
3402
4355
3805
795
3800
3747
3431
3511
1223
2188
4488
3694
1920
2201
3887
1979
3514
4445
191
4342
3747
2201
2801
901
63
3894
819
3707
842
1243
4107
4148
2272
3664
3800
2136
3145
3757
830
3648
695
3792
614
3792
4454
2802
1479
859
2641
65
934
3572
3795
2144
4593
4182
1949
2265
3288
3810
1208
1005
2444
1343
4213
4142
4399
2271
1232
540
3274
702
1446
3103
124
2265
3102
1638
1283
2384
3220
3703
3228
1190
4148
3758
3768
2199
1993
3469
734
2994
4315
742
3846
719
3747
4230
25
3143
4462
3471
2288
4247
698
3384
1989
1487
1754
3208
231
1077
1920
3699
38
843
488
3496
4007
2065
3634
3504
3049
4451
4510
2774
928
4043
3288
634
4116
1965
3419
3989
819
4247
1405
3289
2000
3592
3567
1497
939
2216
2903
505
3573
2860
4107
4532
3401
4434
3795
767
1099
3502
1152
2587
3145
3657
4493
1936
1931
3405
2810
3805
3018
4484
457
3132
520
2271
3625
4637
3614
2537
2856
2834
1207
3748
3699
4238
1471
2202
925
1750
3412
45
3768
520
3657
376
2383
4396
2979
637
1280
4548
4264
4522
824
1269
3657
4188
3502
3102
832
16
2046
4106
4178
3173
565
3699
238
3390
3412
4181
3917
1275
1267
536
3889
4461
4398
1330
4422
3567
1808
2901
4592
1863
2682
395
3335
824
2683
2587
3927
4043
2977
928
3722
2577
3132
3066
1621
842
1808
18
223
892
2812
1278
1975
3882
2039
3989
620
3525
2201
4154
1028
2529
150
648
2112
3412
2356
3266
1023
3444
4517
4577
1936
4402
136
1904
1529
1165
342
2994
3445
4471
1925
3994
3707
926
3713
3747
2711
1196
4706
1327
1978
3768
886
1896
921
2629
3262
2977
901
2580
3694
2171
806
3948
536
542
620
3747
4504
1465
985
1181
4202
3026
3465
4234
3253
4433
3771
2557
2484
2831
4250
1512
3980
2723
2540
4358
4052
3050
2187
903
1293
2270
2657
4251
843
3402
2793
566
3920
4412
3431
4587
561
4282
50
176
4572
2484
3288
2252
1368
2959
380
1256
3404
1676
4157
3008
842
2171
4298
3738
1647
3215
4478
2171
1925
44
4157
2691
4155
3675
4704
3412
348
42
3906
4154
2665
1261
806
4453
2406
4536
2716
3240
698
3634
2199
3289
2115
2631
901
860
1385
4558
1719
1677
2810
3416
1804
4401
29
1405
16
2438
2785
519
1172
2363
3748
1931
2941
4475
1135
3620
742
4171
125
2153
1657
4329
1229
3997
607
2094
3694
1379
3402
4426
3289
4340
4202
824
1661
3412
3469
2894
3024
4462
857
2365
4531
3025
4576
4155
1924
2143
226
414
2866
3795
3748
4357
2630
806
3246
114
2978
3288
1981
3289
4117
757
1755
3262
3636
3922
3594
2992
824
1661
412
1220
2665
892
3
502
2009
808
3289
4509
4202
3685
1158
3761
3786
4010
4071
3748
1118
703
3195
3403
1224
714
4445
3568
1383
3400
848
1099
3903
2529
2032
1806
787
2157
1232
65
616
2000
176
3565
3289
3174
4468
3810
2687
1501
2338
3748
3055
1512
3657
4358
4169
3324
4142
488
3747
3289
3988
3921
505
943
4379
3791
1486
852
1517
2716
885
2529
1000
503
1258
1458
2108
3993
29
2723
4638
1485
806
794
534
164
1992
4329
4554
4330
2037
4639
3795
3288
3289
1746
3401
4638
4054
2001
4096
3399
3574
819
3029
891
844
3155
3173
2773
3110
742
3628
721
946
3703
1712
4086
884
2259
3818
331
3284
4071
2777
4174
824
1519
4114
2273
2690
519
3518
564
1064
287
4552
2014
1191
2657
2970
2592
1404
1906
2647
121
3748
2004
902
566
284
4408
3891
4379
2553
848
3102
1293
3225
3790
2330
635
194
1190
4398
3288
4071
452
1980
3
2202
1804
824
2265
3922
983
3853
4207
4462
213
2871
715
2773
1516
1639
3385
2199
3469
2856
2859
3155
2810
3288
306
561
2211
698
1924
2545
160
612
223
4233
4249
2002
429
1670
1474
3517
2716
561
3703
3066
4379
4470
4287
2977
395
4340
1099
3572
3408
2265
4427
4582
964
2448
1045
883
2202
455
3288
2811
2666
3011
3072
3747
4382
4691
2384
3805
4059
74
2798
3523
1078
2032
4340
4682
4536
2535
3657
1131
3747
3139
158
885
1383
3628
842
4113
993
3228
910
1992
3289
1293
3238
3593
3611
836
4691
1321
3262
1519
3592
3987
3046
561
3274
3052
488
714
2265
848
1293
1919
4085
4488
4379
406
2201
1699
675
3
4409
4121
3668
3768
1498
715
455
1508
1864
1227
3150
534
3051
3171
4453
21
3602
4397
2124
4370
3973
4517
3029
3401
63
2086
4466
3470
3982
372
4121
2911
4612
4421
4514
4296
2887
1372
2196
1922
158
2007
1535
2037
3153
848
3996
4445
4661
910
1699
1699
3469
1902
1646
3403
2265
1778
4461
3289
3469
4527
2709
3385
1863
3064
3042
1069
2204
2652
4358
3401
2411
3625
162
104
1476
2259
3184
1464
2270
4419
4357
3748
398
2811
2170
4505
4436
2169
4174
1435
1805
2109
2587
1207
132
3403
686
2674
4654
3471
4330
3900
3425
2270
4506
4434
842
824
1207
1219
536
2707
3402
1190
4531
536
2658
921
4371
2685
538
1276
561
1865
4155
4664
422
3792
3749
4175
951
3759
1423
1203
1923
449
732
2207
2445
3788
1324
4633
3910
1670
1318
842
743
2808
1639
1695
2811
1896
1684
3525
3409
3019
1668
1410
2524
3171
1983
12
2800
4266
734
3975
4398
584
3633
3254
1888
3353
184
637
3100
4090
1269
566
824
4589
4242
3403
4682
507
2576
3402
903
916
4157
146
1452
2109
4449
738
1475
624
4095
1286
4508
3989
1173
3470
3300
3805
3748
1929
1699
4436
1870
1111
3748
737
4086
3800
4103
3504
3818
1351
1598
2322
964
3289
2946
3989
2
3922
4631
3894
4462
3288
4205
520
1428
4399
413
3988
934
2003
2422
2693
520
416
743
3491
1073
3322
172
552
929
740
2577
1222
4460
250
1555
4315
732
4420
2435
171
3405
4590
1270
4446
2446
301
4506
2716
1915
2147
1803
3787
1519
2364
321
3032
1272
824
649
4171
4011
3306
586
395
566
4682
1638
3284
3065
1078
4379
3988
1437
414
3107
4315
1661
1803
2210
1173
3184
414
368
4558
986
3802
757
1327
3259
806
3633
4509
2780
1232
3788
1257
3958
4009
323
824
1481
548
4435
12
3051
3797
3664
3106
1431
4548
2306
4154
3419
3873
926
1440
2689
3758
842
3757
505
1991
1131
824
4245
3891
959
483
3606
3142
1136
509
4682
3300
2030
305
2729
4462
3380
3401
3401
2725
248
1896
1714
3471
4098
4634
4182
813
2145
3412
4452
376
842
3254
3502
3403
934
682
1430
458
3800
79
3579
2563
113
3798
104
841
759
3052
4469
1466
4144
4237
3801
3027
3644
733
2970
4261
3748
2446
2713
3748
831
548
2719
3901
3288
1931
3122
42
3027
3406
3422
4426
1451
395
2923
640
1485
4422
3800
755
4509
3810
1276
4139
423
1638
2727
4396
2211
1765
1042
2657
4528
2854
1328
3066
4266
3710
3399
2808
3472
3803
4511
2051
2092
1463
1077
4628
842
2321
37
3288
2203
3252
2784
1996
4250
4115
1110
2646
534
3467
4519
3155
4462
1461
3049
824
4396
2448
806
1769
3579
2036
2090
1405
860
3284
4245
3964
1712
3729
4460
4341
3106
860
4483
3572
2161
535
1118
548
121
442
3751
3412
4156
2323
1621
3748
2270
4310
2311
715
649
4174
3989
3431
4086
1257
3908
2384
1188
3365
2900
1384
4262
2553
2384
3367
2120
2373
1416
3170
2090
4149
4558
3845
3066
3927
1208
2205
2389
2364
1485
536
2690
3567
3288
673
66
1988
4121
4071
1484
1410
4638
541
1004
1803
3382
3749
2808
2458
16
3729
4234
1865
3901
340
2033
4169
2927
993
122
2066
3288
2184
4436
2169
2203
2636
1668
4124
1878
1385
2720
1152
564
3257
4181
1638
3229
3995
3836
4448
2917
3878
1458
995
4215
4411
964
4081
4410
2253
305
4244
3046
4174
5
2645
1549
2810
3401
2411
3404
1127
860
612
3383
4071
4234
657
1098
421
384
2271
1808
4316
4706
4591
3402
3289
3094
1519
300
1069
182
1005
2025
1118
2265
3676
3747
3669
803
946
423
762
1954
4154
3403
564
3818
4603
152
1464
733
3802
2776
1489
4705
3956
2678
4516
4342
3573
1280
25
279
3729
4279
637
12
2374
3567
3758
536
210
1224
358
3288
3137
842
1866
3151
4557
3506
3289
1661
4297
3715
4041
2932
2777
3567
787
1170
794
3395
611
2239
3792
4172
3407
1383
731
3431
2198
3730
733
2189
3811
2812
1675
2265
3412
998
3289
2717
3151
3818
4662
4638
4690
4511
3295
2534
2438
78
4234
824
841
364
4008
3818
4673
3100
2961
1603
66
952
2434
1230
370
3757
4154
1276
2690
1639
679
4445
3469
4682
3420
3494
1574
3332
4549
248
1223
1002
2857
2271
3625
308
398
741
1803
3790
3431
1018
1405
4155
4171
2034
955
252
403
824
43
2006
2683
3707
483
2265
3184
2977
534
4196
520
3703
1513
3748
988
2202
3050
1270
1519
2810
3399
1280
341
1808
2271
1521
2203
803
4154
3289
3949
2121
3302
3636
1676
1135
1670
1516
3040
385
4328
4397
760
4445
3703
3684
3229
4410
3567
3795
1989
4518
1131
4634
4361
4277
4690
158
1110
2265
2997
3103
3910
1459
146
2296
320
341
3574
2726
1931
4262
3400
2171
912
4535
4124
3748
4357
3795
3401
4460
257
3403
3703
842
4398
2539
2566
2210
341
4607
1280
3886
1577
2919
2201
1864
3784
4462
4528
2
2201
3805
1269
1281
3694
1995
2169
2310
607
2274
4242
2798
2693
3657
560
3469
3465
3403
12
2155
2201
1676
4248
4478
1118
2361
2271
3748
552
681
3484
466
4315
1803
3401
16
824
1228
3383
3818
519
4086
3694
2271
4157
964
1371
3605
4238
3402
2667
3927
3296
2871
1086
1877
2812
3372
115
2177
4086
3289
516
607
3748
1891
2730
4593
626
4465
2968
4693
1093
1138
3703
803
3958
2992
74
2530
519
2653
3142
2027
4634
1124
1549
4232
1569
3657
252
1384
3470
3626
4234
1092
3802
2093
4258
2642
803
2086
4577
4343
520
2996
3568
1258
2357
1869
1385
3254
1638
644
1979
2812
1028
3322
3873
3185
2627
935
2726
2629
2968
1267
2576
3664
3172
4628
2270
542
205
3912
520
4445
455
101
2369
2222
552
4245
842
2446
2136
2188
3927
1924
3756
44
4167
4236
2667
1663
2270
2169
1046
3798
442
3228
2691
806
2966
423
4102
4577
381
2538
4009
4463
3402
2688
442
4327
824
3064
3694
3628
3471
795
4283
3792
1266
3960
1118
534
158
3472
12
1680
562
536
3625
2265
474
3748
4115
2337
1222
1640
3873
3384
4522
552
3664
107
4357
279
1223
3537
2258
450
4111
3124
3989
3870
4436
3772
3802
860
883
4190
528
2563
715
2199
3051
3625
4601
4315
122
3470
3401
937
4085
4557
4427
3882
737
1964
1482
4358
2797
2992
1712
3568
4294
4589
3172
2689
2658
1549
3568
3357
562
2270
3785
3647
74
1152
4611
342
4628
2433
765
964
1256
964
4445
1766
4042
3092
3145
1110
3272
1262
3703
182
487
4117
3832
4450
3993
4667
2189
45
1556
4582
3517
505
2062
3265
317
3949
1271
3747
3145
3989
4350
2897
520
4139
2009
2537
4476
2023
3552
2239
3403
3228
3129
761
3020
1449
2195
3314
4064
3988
1808
3494
3228
2528
3052
4062
959
4555
3694
2188
3550
3748
2446
4196
3805
742
2733
497
2775
229
2794
1462
1101
1188
3810
2037
3771
3123
2777
3694
2438
3747
1293
2857
3184
534
3951
2640
207
492
1930
644
407
519
2753
2967
565
1935
584
1804
2710
3431
3842
2678
3748
842
913
1657
3804
4553
4542
4013
3273
564
2797
343
4239
1650
2722
1260
385
3401
3045
698
2036
2135
3289
1994
1750
3048
1654
4447
4358
4446
3028
824
4185
4170
3694
4397
1880
3994
2034
537
651
686
2998
3028
3809
132
2667
4344
1949
4146
3802
3522
4545
1987
3892
2207
2434
534
2646
819
312
1213
792
2065
943
1229
592
2273
4002
2658
3248
3049
297
3626
3409
3288
1627
4541
2290
1094
158
416
3748
1093
2324
3410
4102
2201
3289
4277
1974
43
1639
1409
600
12
4285
3657
457
3596
1751
3929
1127
921
1293
2734
4379
1931
885
3844
11
2570
3237
1292
2317
4660
2164
3768
3047
701
517
4397
584
12
3768
136
1094
4260
2874
1385
3096
733
1485
2667
2667
466
2011
3947
2447
4004
4188
607
2270
3420
4421
4143
2683
3908
3367
1638
3702
1907
4518
182
305
4341
3164
442
1897
3245
1230
4536
3770
152
566
3895
1147
3324
1877
2174
306
3758
842
3059
1925
1323
3702
1266
1214
1207
3748
1506
3633
403
1996
3978
4310
1661
1969
1101
2844
1450
1255
4303
3048
4660
3573
3699
2548
4612
243
821
1069
2227
4573
4062
1739
1676
299
2776
3016
1479
3052
4591
819
2572
884
4605
2000
2795
2020
2917
4635
2627
4317
290
4412
2046
4611
3657
3402
4379
1678
208
2201
4076
1923
871
2924
3517
2678
3657
1097
1529
4187
4446
2206
3702
3401
4527
2265
3401
2481
1517
4682
3919
1863
2669
1211
3663
3800
1930
3403
2013
4238
2667
2748
1931
4203
3409
2945
3029
803
779
1519
4470
964
252
2195
2594
468
4581
3787
2178
4086
1661
2274
3389
2207
564
1878
561
3183
3142
584
1293
1210
3
3748
4171
2796
3567
3807
1910
3679
4447
3749
824
3258
3207
671
3051
482
4171
2004
4117
2028
1554
634
3748
644
4515
2535
4421
4558
350
4174
12
3801
1282
1931
3756
1190
2375
4398
1027
3195
2870
2692
2115
2383
762
428
4520
4693
3946
3513
634
2153
350
2810
1677
116
74
3694
4086
270
3506
536
1484
2740
1670
3657
3380
452
2803
3961
384
739
3251
2484
3979
3011
1293
4256
890
2726
848
4577
3866
1661
4153
3657
3880
3465
3876
4606
4577
1782
269
3749
1980
4520
2201
1131
3730
1477
4296
1048
3381
985
1222
1199
321
4682
2484
2888
842
2167
3634
3704
2159
741
2975
3758
3953
3586
928
1429
2692
673
4179
3226
3208
2037
2228
3748
3953
824
1301
1280
3257
2434
2370
2448
653
2725
2627
1517
992
3135
1941
2712
4152
4340
3010
1517
4514
3384
2324
2666
2685
2324
702
3093
4042
1551
4397
698
2173
519
615
2978
819
4452
1668
3587
1485
649
4250
2259
1430
706
4397
4382
1699
4358
2917
3889
2091
3771
3489
1135
3748
607
848
1864
3524
3324
3833
3106
2092
566
1410
2270
3743
2713
3609
4233
4460
953
3792
544
279
2027
4036
4004
2981
4463
3694
1405
3289
305
925
1931
3491
4601
2051
2726
4447
1676
761
4435
4071
3401
12
4175
3289
2121
3988
824
1466
1791
4682
1171
4167
2022
3664
3516
2539
1207
3613
393
3403
4379
3889
4036
3756
1794
2259
524
1699
4260
157
2227
1661
2198
561
2189
1433
4418
65
4603
4146
1277
43
3801
3625
455
824
3401
841
291
1478
4106
921
3890
1931
1680
3309
2774
1432
1969
3502
4396
4661
1222
2033
1519
1270
1740
4612
4341
1647
2722
3747
4544
824
63
824
3757
429
3810
3
2227
2811
422
2435
4604
2665
4316
561
1578
537
4528
4628
2029
3402
3808
4071
2768
1500
3749
1210
2270
3568
548
1280
1370
2773
3418
4452
3926
2337
2669
842
3245
2202
714
2204
3719
965
1676
803
1424
824
4451
1094
698
2595
3289
3927
3579
3909
4097
3284
986
3256
2447
686
3730
1474
2274
737
1090
1805
2793
3980
2794
3215
733
1655
2265
3288
3384
740
1471
4083
2640
3663
1022
3470
1651
2201
1956
1223
315
3573
824
4188
4402
1941
4269
3282
2762
2660
4315
2970
552
4234
2255
1906
2900
1433
2732
1475
848
743
2790
2794
938
2526
1793
4202
1924
507
4417
4499
1135
1229
2188
2134
3058
1479
4145
1549
153
341
1199
312
1931
4315
3680
341
3022
3694
4509
1756
3805
3699
4593
2681
4244
1023
3284
2970
3807
1549
3626
4114
1407
1699
4632
3729
2446
2052
1804
122
264
996
3403
157
703
3917
2338
3748
520
2941
3401
2660
3979
2038
2542
4197
3412
3401
4230
3523
4192
341
3721
534
3507
1220
1093
1987
4170
237
2304
505
3227
3227
1803
4156
2207
3049
561
3296
2545
1229
3671
3401
2543
1485
2259
4265
1092
3488
3228
1019
4103
3748
4422
3926
4420
2201
573
3124
3127
1865
3046
2982
2717
4083
4247
2188
1201
185
3795
3405
3704
376
4205
1486
4106
3635
2304
520
614
3625
3797
1276
4347
3892
4577
820
3988
3747
715
3399
2423
1281
203
3757
3316
2063
3633
2433
2270
1789
2726
1257
3470
2997
698
2206
2712
4309
836
2203
538
2679
1024
2983
3465
3005
2717
4261
170
1486
1184
1116
4474
4157
2362
3802
824
520
4398
939
3676
1104
2010
3020
701
4178
2808
3909
614
2941
1315
2970
2876
4057
309
12
699
2657
4155
3657
4050
4157
1172
4445
1484
1495
3799
3898
1058
1488
3876
3995
1504
2265
3923
886
3699
1933
2892
824
452
2189
2154
3993
3390
3747
2410
4116
1924
2220
794
4232
3101
2833
2188
1627
207
4340
2455
4630
890
122
403
4298
4575
2666
3748
1803
4256
2405
2203
4345
1683
277
2550
764
503
268
1808
1864
3390
912
3409
3881
4684
2943
842
3747
3910
4373
3402
3893
1645
2037
4408
3805
534
3504
2449
584
105
3842
4267
3
824
4172
2326
3747
1877
3024
2704
3657
4357
3385
4317
2680
3400
1433
1018
3016
2006
2251
2203
557
423
3719
2629
3587
2745
1699
3761
1158
4412
3021
3402
2897
860
4445
1431
3749
3884
2533
2674
4003
4179
1459
848
1670
3385
3881
3027
4524
2812
3579
3988
3890
3254
2484
1638
3993
3637
1980
1976
3592
2775
3157
3579
425
339
124
3472
4205
3100
3402
185
466
3903
887
3747
1275
2529
4577
4398
2920
4200
620
3912
1099
2715
2184
1135
4139
3516
3802
3993
4035
2925
2169
3664
2447
3761
1576
1223
17
607
464
4147
3151
1289
2365
2796
3357
2859
3906
2271
4007
3616
1864
3680
3164
3255
4049
389
1069
1230
430
4347
824
819
732
65
305
3748
4548
425
129
3187
847
2812
3522
1152
673
4376
2034
2577
4056
3225
351
3358
1150
3018
4396
1267
612
544
3379
3805
4115
3594
1678
714
2714
1408
4315
820
21
2207
2666
3567
3403
3658
2918
1677
1496
3269
328
1803
1941
2352
2270
3804
3729
2201
3921
1425
2202
3568
2169
3757
921
1383
3905
990
252
3633
3052
3496
1098
3797
3058
871
963
3409
4654
3400
3044
1231
4456
4463
3811
4396
18
3102
4604
2496
3409
3401
1127
4499
1278
11
4264
3749
4610
2116
3412
2526
1405
2561
1582
1082
657
3788
370
4228
4460
4530
3512
1766
3768
3153
3707
1370
902
3470
2270
1782
2265
2829
482
2384
1806
4249
382
4119
848
204
536
1806
1203
1577
1864
3913
3636
3511
757
4376
1804
3284
2270
686
3465
2811
1226
2066
4465
4650
1755
3289
705
1292
4634
3865
1482
3625
3229
3802
2637
2207
841
4257
3289
4144
1169
3573
3132
205
4654
3289
428
848
4429
4330
12
4191
1086
2018
610
2885
600
2323
1517
2994
3034
150
2484
3747
698
3713
186
1356
3657
561
2173
824
762
884
2718
3066
644
2887
3748
4223
3748
1207
1323
1481
505
731
3989
1368
4399
2779
517
3390
369
107
4052
1638
3
4605
1406
2067
3143
403
1654
4485
4252
393
2977
2203
848
1051
2659
1754
2663
1803
3401
1900
1464
4050
1499
2543
2005
2270
4062
3046
309
1951
3961
4537
4197
2006
2861
3873
2777
1261
3792
4316
614
322
3
4149
3843
2434
4521
994
4450
4580
4368
1174
3470
4357
2435
2782
562
2065
4256
4465
3730
461
552
357
746
3061
1225
1862
4660
4468
925
3634
1880
4046
538
3568
1911
561
3488
3027
740
1807
974
287
1461
339
1097
3431
620
1805
3317
323
3240
503
3813
2201
18
2146
1603
1136
2367
3289
2037
3636
3030
1384
2547
1904
3064
1608
1443
3771
3174
3568
3748
3401
3757
231
1674
3154
2115
4690
1191
3880
3322
4462
1902
3612
4148
3980
267
2831
1698
2434
1465
3289
2064
279
883
3057
832
860
3183
2033
4117
3760
4611
382
4422
3694
2434
2852
1517
848
3469
2484
2801
520
3401
2147
989
3514
535
2270
329
3761
2669
2784
4002
3761
705
2369
4548
3747
1989
3964
3253
395
2939
847
365
3568
2962
2384
644
2775
1935
1583
779
2169
2911
3594
1487
1714
4662
306
1803
3187
4116
3729
3681
1765
2206
3902
1990
4207
4223
1210
1001
3769
4693
4526
3703
1902
3919
795
368
3403
2189
4050
1554
2226
4397
3289
4280
1086
1214
4682
4264
742
3634
3502
649
564
2265
2766
341
3843
2720
651
561
2432
267
4691
4471
517
4191
4284
1923
2726
1929
1950
2022
1007
766
2259
4233
4397
1232
2367
2366
1183
3226
3920
1067
3100
4528
449
3419
2686
3989
984
1712
1092
385
340
3401
2198
3465
3626
434
3784
2382
2404
4591
2095
852
3109
3288
3514
857
3567
5
518
4379
3086
3818
4585
1803
746
4326
1676
3729
3399
38
1638
3705
4428
3694
1434
2782
2784
3572
3208
465
1226
552
2448
4097
4446
591
3832
1576
698
4237
4071
883
485
2265
4186
3747
1232
3519
3550
3403
2540
79
4460
3704
824
4577
4553
4242
1638
1044
2577
1099
3747
3289
1229
4358
1607
1005
1199
3568
3420
4269
561
341
2780
3496
1591
3729
2862
4588
2983
357
4611
2981
1549
2776
1638
3757
1678
2897
2855
1165
4113
824
1301
3400
2366
3565
644
3748
1170
192
3705
715
124
1931
3174
382
2328
3747
545
4169
761
957
3284
2411
450
2715
729
3514
1422
2811
928
484
50
428
2051
3885
3316
3803
3866
938
3749
4526
455
3245
1766
4592
3096
4517
2775
1377
3358
4049
1663
3835
442
4315
3224
824
4610
2270
4522
3747
1482
3756
4567
4270
3030
3402
1806
2648
12
4250
1676
158
2259
1089
1007
824
2484
2815
1988
3134
279
3351
3992
2187
4705
2019
3747
2035
2995
2596
4351
1038
3390
3567
2372
48
3252
2680
2079
1803
4379
1582
4310
3245
2445
822
2368
3924
1010
370
3657
3612
2407
3372
247
3505
4226
767
3784
3792
4061
1976
2367
3316
4097
3092
2923
1933
118
1712
3807
3700
884
2431
1150
2271
698
1865
449
4256
3772
1638
370
4577
1638
4421
3949
2188
4690
847
1924
1466
4639
4156
1323
229
2352
2086
2188
2729
626
3721
3626
3750
3625
2970
738
1282
1093
534
3431
2222
517
4410
4152
4086
3756
2381
2205
4218
1901
3702
2173
3184
4053
4599
1188
1409
4035
542
309
2203
4609
4469
1956
3750
3284
2707
824
457
1764
3748
4541
4682
2799
146
524
11
1260
1661
3314
685
2484
2667
3400
2446
824
2188
2998
3142
824
3174
4535
2322
452
4628
320
3504
3400
48
4316
2270
1227
4473
3401
3808
3832
1440
3747
2484
4059
2188
1476
1282
607
2201
4397
1
824
279
3418
2812
672
1639
3713
3609
738
2203
4517
1383
2265
492
3993
4411
607
2094
4172
3300
3646
3761
3681
607
3694
2051
4506
1983
3096
2671
4329
2773
2156
4565
1371
4408
2141
4
3625
3052
4561
3152
2154
1434
1434
841
1107
1676
1793
1280
157
2976
2116
3284
1150
541
3502
552
1930
1498
1135
3288
4567
1330
4379
841
3747
4280
2717
3412
221
4086
181
2422
2658
3842
520
1109
1225
3227
1276
4349
1678
4593
12
4654
1092
3289
968
4567
2967
3030
3148
990
3400
1517
1670
3980
3401
3568
3574
3787
2209
370
2223
3050
2406
45
1983
2004
4376
740
2862
561
3701
4484
1985
2484
743
792
3431
3664
2323
4169
2727
3517
1117
2659
4588
2156
2711
1923
4121
2712
1271
732
2897
135
3894
3757
539
732
1042
3172
1268
1432
636
3747
3384
1207
1675
3289
3653
1638
703
4454
3227
738
466
2317
1485
2549
4419
3626
4411
2925
4342
4340
4155
2133
324
1372
4377
3810
1638
4465
2977
2714
3565
680
675
2258
2271
1308
3801
3523
2189
4654
1507
3802
3357
3317
758
4061
3400
185
3748
2534
2834
2434
1409
3041
3400
4529
12
1093
1278
466
741
4350
4266
4392
2785
1225
1211
4007
1140
4623
792
1084
346
140
3626
842
3769
4428
2484
1925
2662
3514
1638
2810
3400
1804
3639
2674
1916
4351
4639
2171
2448
3748
3503
3240
279
3703
4224
3053
2917
1638
1017
3889
907
4157
2963
849
3980
2173
2116
3729
698
2351
3748
2717
4262
2979
3998
3384
3207
4673
3490
607
3035
3470
2033
297
1158
1897
231
852
3676
1419
3568
2182
320
757
636
4529
2868
1676
566
536
4268
1477
3433
3401
3747
824
2968
917
3401
1453
3048
3748
2385
2661
3152
4474
2035
3063
1498
3379
3288
2202
3771
484
4408
1069
2653
1210
2691
4353
4375
1680
3212
2265
1714
1158
3412
2025
158
4396
1933
1231
4699
1407
2382
1638
3602
3748
2188
1464
2153
4071
3514
3226
2731
1749
3400
4154
1028
3035
3052
17
3245
4137
287
534
4107
3757
3401
4202
4003
3897
2439
1280
2872
2543
842
3812
3358
1979
1901
2394
4190
3747
3664
3284
3024
4571
2434
824
4528
775
3372
4607
3409
4474
120
3289
2271
180
3747
3587
341
949
1639
1284
4641
3748
3416
536
714
1437
3409
4558
2970
731
2343
1226
2420
194
4521
3045
2086
4231
3527
1010
702
1638
4402
305
3026
2811
607
808
2442
106
2438
504
320
1699
2369
2776
3029
3579
3761
1019
3408
1499
684
1991
4264
3926
3679
1188
1261
3403
1131
2664
1287
1044
3787
25
277
1638
2270
625
3470
3795
1949
2715
1954
2272
4149
1576
4238
3792
3865
3749
803
1931
3694
3761
561
4151
4227
4446
803
1466
1136
3719
4294
1182
425
2227
1132
1938
2363
609
2667
1285
505
1370
3757
3574
1581
3502
708
2139
1489
3302
321
3703
3809
2667
3407
4327
3584
368
3100
4242
1931
4303
566
3129
2265
3892
1432
1108
2573
2587
2565
607
1578
2218
2641
1941
844
562
4342
3351
1769
3657
229
1096
3577
3249
4472
3403
1962
1949
4097
3818
561
4479
3923
1483
2222
4099
2115
2897
520
2707
3401
4234
3866
1141
3274
3382
3332
1424
2141
1228
429
1227
2530
2065
3511
3419
4285
232
4042
3288
1621
4237
484
3694
3769
4541
4607
1908
3123
757
2189
3749
2570
4591
2123
4540
1045
3196
3315
3431
4397
765
758
637
3747
4576
1280
3730
3657
1661
4397
1409
2
2156
916
4516
4096
2222
673
1499
2091
2362
3141
221
1998
3730
3989
3400
3702
43
4376
1002
4602
1988
1935
2593
357
2217
3258
4499
3431
4096
43
351
3401
2873
4474
4112
4446
2171
191
3126
4071
3021
4421
1714
262
2862
4257
3030
2024
3657
2210
4057
936
3131
2273
2051
3288
4097
1806
4570
3909
519
3953
811
341
3834
2287
406
560
2270
2270
3289
2484
4661
425
3749
2535
3122
3642
4690
1169
2963
1158
43
1130
3796
1638
3757
3757
3843
885
387
733
842
608
673
50
4514
4577
1261
4650
3401
2000
3229
735
3403
3832
964
341
758
364
1661
2768
4605
4436
3749
1245
681
1652
3504
601
3747
3384
3747
3402
1789
2205
3757
1492
3288
3675
3625
286
564
3352
3066
939
2531
1224
2812
614
3792
849
831
492
4634
999
3020
4005
4121
1929
4148
561
4116
1927
3051
2976
3289
100
4185
3106
466
2035
1621
3402
1923
4601
3401
3398
4582
3399
3187
4241
2188
1141
4379
1734
1651
2022
4268
3252
865
2667
387
4082
4250
2157
4107
1924
4230
4102
3403
4180
3748
2525
703
1207
2360
1204
3768
1100
4453
2649
4358
3400
3289
2324
2169
1941
839
2693
3410
1255
4556
1169
4282
2078
3049
1302
1648
1459
4248
2936
1452
3003
4317
3051
3515
4631
292
4205
4357
4357
466
1649
2270
4629
4099
3400
2997
2203
824
1508
1593
1087
3288
4379
1661
4691
1231
842
3384
2587
262
2227
3401
1301
3757
1232
3465
3748
1408
2188
3400
1473
3164
3749
4603
3158
3568
824
4086
2161
315
3284
1806
3133
1581
813
1925
3230
4396
4477
3215
3876
151
746
819
2816
4216
3132
653
3207
172
2435
276
1369
2208
2982
1112
1755
1118
2609
4396
1229
1207
824
2940
1009
2273
3142
4523
4086
2893
4146
1018
305
4458
1369
3749
2419
2795
121
4086
252
4572
2666
991
341
698
756
4002
2799
4081
157
2448
425
2811
849
3054
2364
3747
4582
985
4052
1370
4396
1016
4233
1534
225
1256
1931
3699
847
2793
1069
3636
252
3897
2173
157
1639
520
1158
376
3792
331
2356
117
3470
466
3100
3172
644
2531
591
452
2704
1061
1226
224
83
3465
3222
1855
622
3722
1908
698
2664
315
3109
1466
1990
3747
1417
1804
3052
4649
1789
3250
1224
4142
3748
1051
2745
838
3155
2495
1018
315
208
4520
2550
679
3389
2338
1005
573
395
2039
3400
4233
513
4463
2259
1974
3097
3720
742
2888
1048
3
3054
4402
3927
3065
2109
1699
3469
4361
842
2587
180
4650
3288
3814
4519
992
3836
2
1275
679
3401
4357
2733
1069
2668
2364
561
1453
2723
2723
1305
4690
3729
3703
4182
2729
4139
171
158
591
802
4397
2888
649
2270
1286
4484
637
1516
252
488
2438
1684
3890
4071
3740
2183
741
1935
1226
2270
406
2630
3155
969
152
3979
3832
4340
2597
853
3760
2286
2202
921
3568
3994
3921
1904
1452
395
1498
2109
2022
2047
2667
279
2692
3710
636
2227
2002
2353
3401
842
3771
2223
4049
3807
323
2541
3220
2274
3703
2188
2383
1995
324
1220
3412
3512
1991
1486
2484
4473
3503
3908
117
1712
4511
1908
2970
2831
3785
2555
3052
4463
2201
3288
378
3657
1140
2920
1232
3714
3384
1961
1162
1515
1409
203
824
2536
451
1931
536
2726
4398
2660
1324
2388
520
3154
786
471
2587
3526
248
2327
1487
3748
2887
2434
1971
2715
811
74
1808
684
3057
1207
3625
824
4005
75
2729
1140
1226
2529
3401
1285
684
2273
4124
4086
4083
1680
3747
3384
3033
2368
1973
3741
4224
3400
3748
2917
2981
849
3101
1441
4098
3625
2001
3750
1173
1214
1230
548
3332
4227
3730
4268
3989
3030
1684
4180
4402
1929
3633
1226
2939
2438
1110
912
4682
2726
3702
2271
517
1680
4397
842
2169
2630
2404
248
2405
4397
675
43
422
3030
4340
1955
1676
2009
4549
423
3748
1644
3594
1089
2883
3664
2169
969
3615
2691
2717
3805
2303
2270
4398
393
604
3401
2714
171
4006
4567
2
3173
2812
4529
1670
3747
1408
3022
3748
824
1463
3389
2539
1806
76
4082
3248
1765
2222
1270
3051
1227
4149
3096
1699
715
824
2420
701
3748
3947
2795
46
2658
4395
1227
2351
978
3400
2051
3804
240
4623
1495
3804
3385
3664
2729
2109
1270
3245
3748
1356
2536
2981
3412
2711
3469
1112
3517
1136
2727
4280
3981
695
2032
1863
3702
3929
2265
3722
3121
1369
415
4172
320
859
2445
3417
1648
848
1776
4409
3300
3585
382
2208
3514
3552
1655
964
561
3747
926
860
819
146
1464
2067
842
4059
4412
3401
101
1516
2204
1514
4153
2923
2866
2679
12
1994
105
1483
2966
2156
2067
3715
3401
4127
3891
1435
1266
2580
1978
562
1383
1514
121
1138
2917
4112
1806
2434
4064
2731
4213
4223
4464
1881
3150
824
3103
3289
491
630
923
4466
3269
1808
1481
3470
2239
1267
803
3869
2658
2963
4267
3644
1131
1440
3357
2577
4043
1207
3804
4379
3504
1909
2834
3402
1077
301
4289
1028
488
3589
4049
383
964
1229
2629
1203
2108
4157
4454
796
2686
1229
1608
114
873
431
473
2727
4682
4397
395
602
4612
4153
3382
1015
3027
649
3253
2723
1699
1180
776
3635
3050
2812
957
2235
391
2549
3768
1169
4616
732
1678
2210
3812
3748
1638
306
274
3798
164
4190
4083
342
2446
1924
1478
268
615
2667
2596
4456
1930
2675
2963
1324
1661
3294
4607
1877
3750
2010
1173
4248
238
3048
2026
692
2402
299
1225
3950
2903
4231
3402
67
81
428
1038
3699
4696
733
2531
4527
248
517
2188
1100
1857
4227
3216
4582
3751
3596
998
306
3981
232
3402
4446
2818
1751
65
942
4345
3288
3889
343
3049
423
3269
12
4429
3418
2545
3400
2416
2206
4420
1292
1891
2873
1989
779
824
2159
389
637
1135
897
169
3993
1915
2519
1964
1996
3230
592
119
3711
3152
3595
3757
3226
680
4549
2662
1650
552
2270
3251
1029
885
395
2187
2795
3568
4154
2052
491
4398
3251
1321
1638
3792
1135
325
1416
4623
4641
2885
2680
4156
1985
2371
3095
2142
3100
824
4401
502
1680
2538
4468
115
468
2963
536
4248
1275
2353
1754
2631
1004
1784
2004
819
1863
3568
305
650
1639
3401
702
803
841
1212
1077
2030
4317
3946
2423
231
3996
3748
1744
3181
1493
4269
2636
320
1656
3228
1757
616
2796
3636
1988
3400
2293
3402
819
1207
644
287
1656
1891
4518
4397
651
848
1699
3017
1676
3749
937
1370
2094
4375
4119
1314
136
4241
563
842
180
473
3171
1755
2009
2258
1152
3407
1227
3401
914
980
4667
3842
4168
3249
466
3052
3257
3653
1931
1019
3748
1410
84
1010
2146
4086
3788
3136
4702
3218
807
2996
4188
545
1766
3149
2712
620
3431
1260
2039
2723
4676
921
4155
134
4446
1308
3405
3209
2996
2391
2363
4191
806
542
586
544
3771
602
3748
3375
808
262
3222
844
3902
3810
4179
824
517
732
2031
2177
3913
2270
3092
12
3646
3625
4201
3804
1999
3059
4577
2011
1158
719
2270
1951
63
3552
1275
2004
3402
658
395
4181
4397
370
3488
644
4585
3568
615
1493
3417
1383
3003
4567
3289
4059
3979
842
1383
3626
1791
848
679
613
2122
124
2974
4157
2481
236
2982
3255
3747
3786
3706
3664
1592
1323
3490
1207
3930
3711
957
837
4064
1171
157
1212
2270
687
4152
1513
3768
1028
1902
3383
1300
456
4398
4076
3699
1255
4058
824
3809
1589
1676
607
2386
3625
3484
434
1680
237
3048
3588
4426
1699
2351
4540
3400
2265
4050
520
4035
3502
137
2580
455
3515
2050
1950
2794
1721
3568
4673
1384
4278
2169
1677
3747
3747
3441
368
601
4200
2039
2165
969
101
2855
5
992
1174
3896
4660
4358
2270
4007
2811
1516
1061
3400
742
2001
592
2627
3174
3903
3980
4398
3842
1949
3400
4693
4008
4697
1282
3587
4203
2459
1716
3052
3702
1952
1972
4114
2121
1986
2923
1863
872
3268
3375
2007
3802
697
16
1927
4098
3
3390
3444
1172
4180
3657
673
4228
3980
4191
226
3926
4463
4654
1516
936
1460
2431
4180
4126
2036
1904
343
3504
4295
3887
114
3912
3729
3796
317
552
3271
1782
2159
2970
3445
3155
305
4340
3099
1806
2204
2966
1383
3145
813
2752
3761
1460
3757
3062
2259
4071
4462
505
2026
340
2587
2649
1982
1879
742
214
3802
3927
803
2202
4188
3635
1176
2942
238
1306
423
1298
824
3202
3565
2009
2444
4448
4541
3747
12
436
4466
4549
824
4185
803
343
3403
4682
1591
612
3409
4147
824
824
565
2309
4107
133
1925
3174
3567
3751
3788
3
442
122
4665
3989
2039
1433
3957
1090
3401
4694
1879
455
841
3030
466
2962
3757
3403
3102
2667
824
3232
233
4081
2438
3923
1549
3802
1478
3401
3245
1962
48
2323
904
4585
386
4699
1176
968
531
4257
3890
3288
3399
4513
2901
3930
1684
1990
2227
4150
4190
2254
966
4228
1092
2384
4585
3761
3993
4379
4188
3322
157
2626
3069
2688
4137
1408
1756
3409
4148
1909
2495
1752
3748
1898
2273
4445
2723
1229
1032
3568
1174
1498
3756
3657
2649
1638
3951
4244
3505
1744
4367
17
658
3503
3748
487
4421
3124
4641
2203
1518
807
2050
2667
3050
1657
3671
411
2863
2084
2587
912
2030
985
1879
1498
423
3350
2631
1480
3636
952
2265
909
2271
4376
1005
3133
4379
22
3052
897
3317
4157
1516
3747
566
735
2811
4340
2012
612
1118
1188
4326
644
3516
886
3220
887
732
1500
4639
2527
842
2897
2409
3989
4139
4202
3164
3706
3303
3723
2929
2881
1471
1990
2438
2188
698
267
3053
3289
974
1986
3626
1909
857
4059
2265
3469
4412
1518
2650
3703
714
3170
2235
2686
3587
1658
1639
3050
1906
2725
684
2968
2274
792
2775
3412
4007
1162
537
1593
1174
3748
2778
4099
2390
3568
2484
2156
3288
904
3243
1188
2265
3056
3403
2271
4200
520
293
4482
2206
3664
2206
2289
998
688
766
1472
3633
3699
1891
4081
999
2845
1792
2573
1116
4011
1146
3401
2940
4612
3770
4098
4115
612
3879
1938
4430
231
3030
1432
107
4249
422
3635
370
3593
1431
824
1949
2018
4594
824
1191
2177
1221
1678
3747
2968
2066
1351
3222
1712
2169
4113
12
3747
1018
1052
4593
1086
1290
743
3805
2682
3343
1779
824
2386
269
4641
2844
3341
1098
1621
3204
1803
3568
4086
3051
2123
297
4612
3920
1582
442
4342
3866
1905
2597
1084
2265
2659
3618
992
3127
1774
1955
1987
252
1444
505
3403
824
1461
3772
2162
388
2121
2899
364
824
2885
1028
1488
1639
2039
438
591
3772
892
4639
2121
3757
2108
442
3093
3771
964
4377
1794
4608
886
4630
3224
3352
1581
1803
761
4654
21
1516
393
1369
3470
3257
3270
551
3307
4417
4001
4537
4412
2965
3633
2189
4631
1645
1661
4340
1086
3504
225
1638
916
2366
1384
1097
3049
3635
4098
3441
3797
172
4364
767
3289
2032
3730
519
248
792
3791
340
2854
2196
3722
4340
2484
3761
969
3400
286
2028
904
2195
1261
4178
2270
2285
228
1764
3364
1950
1282
2167
3019
3399
3502
886
2918
1714
644
1907
3412
3403
3423
3761
520
1094
4085
2724
2564
3517
3884
4260
1754
1747
2195
4508
2873
3749
1093
3289
4500
3747
3399
3751
252
3381
928
2811
4450
2159
1577
1780
415
101
676
1485
2731
4315
2534
2919
4693
849
4585
3805
1804
3409
2721
1302
4428
1754
4577
1743
3702
2710
803
568
4315
2419
644
3748
2270
2201
3972
4357
4248
1210
3051
2270
4682
1203
3799
2274
1227
4036
4463
3184
345
63
2726
4665
2637
4114
4564
3706
3418
1010
4397
3703
3703
2034
3729
848
2612
3237
1308
1498
4097
4457
3856
1212
1804
1517
3441
2897
3809
1965
2722
1489
3747
4545
393
2321
1805
457
1211
2179
2995
172
3390
1004
1979
3217
2863
803
4398
2874
523
483
1950
1803
2726
1004
1484
3484
39
3401
2171
871
1452
4076
2203
3503
4076
2897
124
2270
403
3959
2977
3401
897
1466
2685
3401
3982
1902
824
3334
3488
732
5
3259
1930
3626
4639
3401
2675
4258
2188
3265
560
3289
1135
1902
3095
3066
457
2652
2280
3390
921
803
2205
964
3183
4608
841
4340
1517
3470
560
3998
1230
1067
4287
824
2529
1955
3416
2810
2598
1515
3704
3748
300
3694
4086
1422
1899
3786
3412
307
1504
2976
2484
2010
2222
644
1999
3989
3633
2470
3927
3065
739
1226
4470
2209
1982
1176
2446
1189
636
4181
2292
3385
4280
1549
648
679
3748
4654
4328
2536
4267
3771
1098
393
4230
3865
4374
1090
3626
3889
1224
3137
2880
117
719
2003
535
2432
388
2530
3567
12
715
2994
906
3288
2410
737
4604
1718
3795
2556
2810
921
2116
4113
3805
1282
3757
1176
4112
3723
4528
2812
3164
4071
3798
3594
4154
3306
4612
735
1036
964
681
1805
3282
1104
4395
2557
2033
2855
4051
2899
4465
2500
2895
4341
2121
1804
1638
136
4402
1323
1435
358
3402
3625
842
4358
4190
2307
2871
49
3909
2680
3174
2121
2998
993
449
1425
1987
2270
3758
3757
3626
4478
4445
3771
2
1481
2370
2381
4575
1451
3184
3983
2484
3812
3522
1768
2432
1054
625
21
2271
542
649
1004
2141
844
3184
252
3990
3306
4475
3771
3300
1261
1905
4473
4575
1276
2303
85
4573
1958
3700
432
3051
1224
4638
3749
3772
4358
1980
1644
1419
3102
406
3135
824
357
4357
3747
824
3657
2270
2110
3288
644
1101
2270
1483
2050
842
4081
4611
4203
4398
1275
3836
2265
424
2496
2077
124
1921
4249
1902
47
4124
3634
1949
2153
2573
3226
3051
1957
4475
4514
67
921
1895
3902
1203
2679
3505
4522
3066
804
1934
2725
4122
3129
2965
4245
3099
3110
732
2550
3107
519
681
1480
429
644
1897
1962
297
75
1477
4009
1865
2235
860
4704
2871
4427
3708
3794
2394
17
4641
1941
3401
3412
4010
500
733
4090
3664
4233
3771
2938
4592
2136
2227
552
906
3987
2530
3514
3314
3612
43
1086
3402
3807
3633
1806
3917
3647
134
3057
1990
3164
2207
3657
1803
3749
1924
3383
852
3846
1806
2309
4487
2631
3872
2203
47
848
3698
3196
1223
158
1950
3409
3358
2901
3502
2845
1895
3892
2270
1803
1498
3050
2173
3747
3505
644
3738
4532
3522
1566
1604
679
848
4
2535
3865
2953
4258
3771
346
1410
2834
1130
3093
1969
4428
3626
4179
3585
1755
644
2169
2846
2574
2254
3747
3993
4051
3400
1902
4036
1230
1016
560
2900
4605
2630
859
3842
3400
613
1803
640
3755
1486
2052
2852
2800
3809
3248
1783
4174
3289
2419
4664
4061
2352
3273
824
1292
340
1913
2649
3231
1638
2667
1220
2025
4682
3282
1473
1930
1793
1891
4447
1754
1891
1212
741
3052
1385
182
3409
4157
3289
848
2381
3274
2808
545
4475
305
2724
4610
4660
3332
2165
3877
686
3801
3747
1973
4097
3794
627
1607
1922
1674
3273
794
45
3484
1894
2368
2208
759
534
1879
1932
3052
3625
4006
3517
3694
2304
66
208
2587
860
307
4611
1950
2432
2484
1259
4144
2202
2975
705
4458
2777
1593
2165
3988
4434
4343
2419
786
832
1680
1894
3382
2259
1261
1994
540
936
3636
1487
4540
1902
536
3246
3401
2159
1256
3412
4004
1097
191
3757
327
3836
2326
3803
4117
3502
3573
4402
3402
3575
4472
4398
390
2536
1566
243
4412
4528
1598
2727
3484
4004
3030
3174
2156
274
1481
520
3147
4451
757
966
3994
3032
3358
3784
1077
3749
136
3549
442
114
2541
136
3102
1938
152
3770
455
2274
4357
4527
1281
644
4682
3657
1197
1806
3748
4210
1806
4155
2535
737
1483
279
3919
1987
2121
964
616
3223
2965
4353
3832
2154
3100
3906
3119
4701
1906
671
3384
1443
1868
3207
4587
4260
3565
3748
1877
2265
202
2079
4611
824
857
1931
1199
3785
2448
3276
566
1779
4326
4413
3573
387
1477
3798
2431
1682
1503
4261
403
1830
376
1230
1132
3756
4527
2112
2265
4027
4144
2235
806
330
1699
2203
4081
3573
414
743
4426
2970
63
3568
3785
3641
3574
2565
1906
3121
3993
3402
2188
4001
4263
3973
2317
1591
1101
2265
1648
3400
2270
2338
1441
1231
1918
43
2389
2810
3356
4507
3289
1716
3749
3550
3288
2982
3282
3048
4446
2732
2968
3401
2037
1578
3609
2995
3796
4001
4366
4329
2202
4328
341
644
3980
1646
3788
269
4086
842
313
928
252
1639
2657
3748
2030
3212
3289
3633
3771
2181
966
2780
231
3964
534
2271
3761
2032
4680
2845
604
1604
2271
2566
842
119
3390
4605
3980
22
3786
3229
1881
276
2963
651
3993
2940
329
1226
3184
157
1931
4051
1222
1569
3504
3270
4463
2666
2209
3399
240
2270
803
3402
3748
621
423
1431
3289
3747
3469
4649
2159
2977
3653
3741
4008
442
3814
1078
3729
3403
152
519
2368
4588
4614
2521
3226
2904
341
4624
3834
3103
3036
1207
1929
2712
1864
4445
1646
4096
4327
1930
3657
2538
297
3930
455
4071
414
2963
3901
3649
4192
3496
599
3400
2374
2270
3930
901
3187
3568
520
3288
341
3385
3153
4344
4156
505
1638
2067
4638
1955
393
2795
4174
3796
1224
1551
2715
4630
3771
3517
2611
2918
226
1069
450
605
1116
3747
2642
162
2712
573
3300
4631
1212
3400
2404
762
3795
4124
4447
719
1652
1170
4605
4565
4396
626
3409
2108
3228
2009
3288
4357
50
1092
1028
2180
1891
2207
938
1160
557
2687
1291
3756
3245
317
4157
4581
3402
1923
1379
1504
74
4151
3700
3142
2032
803
3800
3989
3818
520
1971
824
3422
1638
3909
2924
1591
3129
101
3401
3503
164
965
2354
2164
4475
4453
1127
2594
4398
2017
1869
824
4152
605
2970
4409
2927
1676
2434
2271
705
152
3809
1962
3927
152
4447
2310
1111
3741
4630
2383
1916
2216
1871
1639
3402
2992
500
3818
3980
3030
4401
4034
225
551
3810
1112
2000
937
3999
2873
2067
3469
2188
3803
1511
4084
813
279
3907
4684
305
1317
3343
146
1280
2794
1852
3699
4249
1207
3585
4607
2274
873
1077
1409
3451
803
466
3502
3256
3787
4146
3462
1038
3231
2644
886
4098
2937
172
423
1158
1232
849
2433
110
3750
1871
2386
1894
3123
3489
1510
2844
1490
103
231
302
1404
1954
1180
3324
4248
1483
3990
2021
3103
3537
993
2201
2667
1900
524
2901
3993
3761
1894
1832
1932
1909
3502
3741
3675
4116
885
908
3552
860
3899
3470
312
4157
1409
3795
3145
1063
3295
4192
2135
1867
859
564
3466
3288
3403
3702
1902
3579
1100
1220
857
2065
1733
921
1486
3194
2714
3400
2484
1485
2968
383
4058
4152
2008
824
414
1463
3470
1109
844
3402
1170
3609
713
382
2323
3263
175
3380
2253
3403
4398
3018
2031
3288
2598
2290
4396
2795
1005
824
757
4041
1881
3747
787
963
381
1300
1027
3227
4156
4371
4086
2306
4447
2552
3212
3929
1715
2201
792
2667
541
4409
3151
824
679
4156
1292
1910
3876
2283
115
3749
624
2037
4639
3
3209
2001
4535
1141
2169
755
2711
3927
4446
3722
2765
680
3412
1429
2154
3091
1498
2131
612
2205
549
297
4288
1112
4207
3747
4113
4138
3231
3927
1676
2322
3063
3284
615
421
1207
4420
2066
3768
2161
3788
2873
842
996
1466
1502
4557
1199
4256
747
2423
3143
3402
1911
3029
552
592
3382
1207
3748
3751
2798
2832
3402
2206
267
2880
3758
2924
1266
714
824
824
848
3803
3866
868
1016
3537
1508
4278
1804
1283
172
2217
3684
3703
4447
1383
3626
1574
3637
1009
3742
3747
2017
904
4279
2173
1589
1170
4481
4374
3930
2383
3217
2270
1639
3304
497
133
4042
3251
2867
2734
757
1426
2934
520
3402
1489
4555
3747
3921
910
2382
4650
1223
1292
1498
4057
1028
755
2032
2217
514
4399
395
584
2587
3284
3698
3810
4555
786
133
3402
455
2341
3802
2202
4665
4523
3103
1908
3255
3503
172
2023
1986
2227
3401
4148
3761
2109
3842
1517
423
3131
3401
4452
1096
3988
2037
146
2871
1131
4526
3579
85
4340
342
679
537
3054
1463
1864
2133
3750
2386
811
3710
3409
1576
2674
438
1871
2201
610
1404
3409
3133
4358
3694
4665
4577
2008
3997
455
3761
3657
3747
1977
2658
406
3502
2542
3756
1904
2801
12
3856
43
2274
4298
557
3491
4341
1712
538
4524
3490
162
2901
1092
2801
519
2189
4289
1494
120
3796
3335
1173
1487
302
3747
2039
1954
2310
758
3401
4289
2778
4071
3401
2
1676
839
1502
3865
1517
1950
2122
4609
3694
3595
2048
548
2251
719
3065
3694
4358
4041
681
407
1318
2926
1931
2151
607
3148
4517
644
836
395
369
3240
3802
3269
3694
2630
428
4699
3401
1283
4151
4284
1284
1832
4446
1803
4397
3988
1754
430
3748
1085
4508
3109
2859
4157
4111
3065
4448
1462
4534
2002
25
1207
2363
2093
4190
3748
1190
591
2784
11
4397
3135
803
1152
3306
146
2648
3443
3748
2227
4250
3470
2382
116
3030
731
4701
2093
2963
2035
650
4660
1231
3836
215
4511
1937
145
2447
12
3901
813
2011
3757
3402
1018
399
2122
2265
1754
3504
3146
920
2036
4660
434
3402
1979
2651
1756
3568
2035
890
2064
3470
4536
3228
3322
1516
824
2265
4191
2259
308
2188
2985
4096
3833
4106
2027
843
3011
2832
3419
1867
3890
2322
4590
1228
2690
3810
3288
2872
4090
2202
3310
4637
520
3703
1896
3799
1431
3057
2225
3470
3818
3818
1487
4541
1141
635
4392
3904
992
2574
687
1881
3526
1972
4116
3401
257
4382
3770
3810
3802
2536
4445
3895
4172
1919
284
4157
2775
1190
3956
745
3927
4114
2781
3707
2251
2812
841
3065
2977
3579
457
3976
3518
1977
1170
677
4701
4031
3664
2405
4248
3403
4612
3749
2043
327
1130
2066
4285
4612
4699
4574
1741
607
4258
3401
1678
731
3646
1975
2225
2727
2299
615
2195
1716
3948
721
998
1950
238
1425
1661
3027
4398
429
2962
3805
1680
158
519
1902
1004
3186
395
2779
1226
3517
1680
3980
2259
1583
3276
1453
455
1963
185
714
4046
1493
4445
584
2992
455
602
162
3768
3537
4153
1384
1210
607
2239
3012
3989
154
3920
841
3143
2446
4580
3748
2444
3706
4680
3356
3567
3699
1518
2386
3221
837
1925
573
2123
520
1069
804
4607
2690
1315
4524
1899
2817
1098
3588
3730
1496
3164
1638
2816
2205
560
321
3106
3771
1293
921
1271
921
306
1878
2438
3625
929
2203
4630
2445
2154
1097
3748
964
1094
75
3740
657
1661
1910
2461
2223
3273
964
2753
2274
2810
3646
1283
1754
3470
232
4240
306
2265
3470
842
2627
591
868
257
3164
592
1661
922
3749
912
296
2622
4341
3714
935
3258
415
548
1433
1436
4474
2970
3048
701
2577
1384
1223
3050
4609
4062
4298
3125
4365
1258
520
561
455
358
3802
3315
4553
901
1097
3926
3964
1920
85
3402
1448
2714
3804
969
2821
1230
2169
2123
4468
3628
4418
2008
257
1421
2717
1326
3748
170
835
1261
4263
4154
4460
4465
2970
3403
767
4353
2831
1012
2799
2383
3469
3401
884
901
1232
428
4137
471
1000
3409
4509
2091
80
3504
2199
2566
1638
1300
4665
1117
3262
3747
1383
698
2852
3409
3919
824
2724
3214
125
1015
301
2182
4682
1929
4196
3110
168
3747
3400
3286
1578
669
3503
2911
1805
2066
1661
3029
3721
2045
3876
2196
1784
3704
2484
2202
848
3265
3300
3172
873
3472
3636
4664
520
2970
3401
3401
2533
3694
3288
1229
3747
803
3984
2090
1276
4462
2717
1936
3061
3622
2708
824
3804
733
191
3400
3494
650
417
2123
3400
968
1737
2834
2781
4054
2854
4671
3873
4640
3769
1005
4368
4139
3016
2897
3164
832
479
3771
2717
3900
806
226
364
2052
1904
4693
4245
4056
3694
2050
1925
1638
1937
2817
2052
3047
3409
3389
2669
3899
2900
1052
936
1408
1567
4594
315
1969
2484
1069
4048
2667
3989
2164
1170
4419
4654
3516
1433
1231
1754
1670
3053
3010
3785
841
2967
4445
106
2323
2533
3517
2116
322
1012
883
2801
1437
2727
1555
1941
561
4117
960
331
1934
2251
824
695
1938
4705
3470
3707
3842
2270
1990
2260
2587
2205
4485
3771
2096
3710
2301
479
3625
1176
2717
11
3757
135
2270
3096
358
4052
2305
2867
3747
1971
3402
3064
1140
1896
4450
3133
2043
986
3041
331
691
4365
2441
1258
1434
1661
1460
4317
1576
1211
3466
2239
2920
2866
569
1959
2679
3756
2201
2572
2663
2027
1520
4587
3223
1931
2204
2690
698
4396
4624
4520
4409
1478
1004
2005
46
953
3747
1008
1970
4361
2688
3914
3444
3401
3400
4629
4064
1270
2570
1678
4415
243
2270
1621
4154
1971
4532
4522
3785
252
3548
100
1176
466
612
2942
1674
2189
859
3399
115
2007
1654
4097
4525
341
4187
3748
1022
2270
1964
2484
756
4358
1638
1097
2816
3042
1905
3771
328
1089
1293
3747
4577
113
2001
4288
3606
2641
2270
4071
3400
3403
3797
3912
184
1328
732
1116
1716
1292
2368
743
3770
4552
3400
3633
1977
2274
3066
4316
4240
23
2968
1581
1444
395
3575
1430
3646
1385
4422
3060
1306
223
397
3596
2032
488
2049
2274
3956
2864
3703
3403
3146
3748
2091
2447
3511
4703
3989
1176
2423
3502
606
4262
100
3809
3949
3595
3401
2726
758
890
4397
3747
1658
406
3907
3517
284
1230
3760
1908
969
2589
561
2956
308
3750
3670
3470
835
2371
121
4088
3565
824
4526
2865
1054
4582
1986
4420
4420
2273
733
1755
1699
2396
4283
113
3513
1906
2254
70
2683
1988
3147
1898
2994
994
857
2719
4682
824
1132
4200
1793
3502
1090
1930
3625
4456
2272
2254
1476
3884
2195
4341
4105
2323
537
859
2977
3865
824
2544
738
3171
3565
1302
1419
4702
1487
3721
3160
3502
3882
1682
406
3351
3229
4153
2645
3153
3246
3747
3537
2205
3704
4051
3008
12
4488
1931
3749
3756
1069
17
4397
3222
3050
1472
2616
50
3521
945
686
2459
4395
4690
3549
3993
857
1676
2239
994
813
1579
4071
2631
3400
4155
1989
520
1986
926
2271
3702
3306
386
786
2227
4174
4371
1431
3050
681
1950
528
3664
1683
2874
4097
3408
3965
425
742
3365
824
2420
1111
3843
3568
2323
1118
16
180
3215
4628
4612
146
3496
2270
4310
3742
2171
4396
562
4464
4609
1407
1063
2454
133
3097
2259
4427
767
838
520
3451
2724
4519
4215
2202
631
3802
897
2036
2036
2871
1089
2460
455
4464
3288
561
4099
573
4673
2580
2121
1092
2587
3771
3024
677
4364
4226
3626
2448
776
4223
341
3703
1718
3579
4303
3174
2161
1663
3749
649
3470
184
981
1000
3504
2220
1227
3289
3927
3677
1661
495
2777
2871
293
807
624
4702
4693
1260
2272
1514
519
1185
191
2959
3020
2310
505
885
1162
284
398
3417
2546
3300
4213
4371
644
534
4051
2188
3926
1924
4630
824
698
2037
3694
364
564
2093
3443
3215
2116
119
1127
1969
2632
3747
3749
3741
848
4396
1078
60
1941
2165
1744
3403
887
3927
1323
3715
2977
4447
3420
1851
1096
3730
3842
4171
3920
384
573
2970
824
3748
2918
3701
2793
903
1275
964
1950
1786
1707
4006
2919
4410
3401
2271
3866
4530
3914
315
3522
4701
3876
4371
1661
2188
484
3999
2448
1477
3852
824
612
960
2963
3039
4622
4453
1158
2884
2978
2808
3401
560
3998
1879
4357
866
1291
1931
1069
3761
4357
1093
4705
4266
2587
2422
3242
395
3870
3254
1116
3268
1677
1752
115
3698
624
3256
2351
1990
3771
1229
3170
3199
4277
4412
3611
3401
2531
3289
3747
1131
1994
2858
3094
2002
682
3983
2580
2001
135
1592
2251
3184
2812
528
4513
3244
3706
3204
4208
1929
3517
1716
2935
4084
520
3579
3801
1472
2419
4375
2270
2265
610
2904
2793
4145
1925
1471
4397
2033
343
3288
4486
3281
2021
3747
158
2723
2447
3227
507
1135
675
4241
562
3912
2392
3685
4340
2251
3421
442
4540
3920
2546
3930
1011
866
380
2966
248
3789
107
4654
2207
3106
1978
3122
2723
3985
415
2942
803
3980
2873
4555
3723
1204
3431
455
221
549
3694
824
176
896
886
2724
4213
1510
1176
2199
3229
3403
1554
1483
1111
12
1519
539
4376
2811
4418
613
3761
269
1200
4116
423
757
297
2645
1025
2980
2888
347
2796
3030
2873
2274
2050
3296
3851
3995
2370
4256
3351
3403
3296
3749
3469
886
2571
3166
647
2879
1442
4690
3401
4415
4361
2323
1987
4660
1476
4061
70
4396
3758
3402
3771
3400
3494
2188
1314
1482
2252
3248
4364
1051
4349
2419
1516
1427
3157
2187
3409
824
3465
2270
3064
3255
3288
644
4004
3186
565
1045
4089
4096
1897
3843
3466
4156
2876
2109
1957
4684
2066
4303
4174
2323
2897
3133
1804
759
4636
1225
3748
4628
542
1661
992
4633
2663
4000
1980
2500
46
2551
1977
132
3063
1771
4704
2155
3747
461
2935
2484
3517
4556
3757
544
1581
1190
2812
1119
3209
4376
2537
1621
1082
3289
964
562
1110
3657
1582
3757
2573
1900
2235
1425
3633
2819
4157
1449
3214
2832
3683
4690
3922
114
4202
2051
3399
4625
3108
3445
4463
1085
1699
3164
2796
1022
1881
1460
1169
3886
4429
3748
1902
423
2616
277
4099
2790
2205
1148
2484
3074
2323
2365
3555
1118
3402
3056
2709
2998
39
3284
1806
3056
191
2994
2776
2547
830
4548
4397
3946
85
3402
3769
775
4582
2189
1951
3222
1141
3251
2217
592
3184
1039
2001
3401
1965
2968
3401
412
1899
3694
3904
1207
3086
1471
2146
1891
2664
1924
153
2860
3469
4288
3712
1965
698
239
883
3749
2706
1516
4557
3549
37
2532
1315
455
157
1520
2495
2067
2721
4516
1369
3503
2092
1805
1855
3748
4344
124
3952
1699
4175
1950
4192
322
3751
680
4103
889
184
3743
3401
3663
252
4576
1190
1965
3810
3425
3289
2539
610
4699
2811
535
2225
4377
4519
1900
3
4044
980
442
12
274
3787
3265
2587
2203
3164
2724
4508
4577
1651
2794
612
1092
4635
4196
3802
2189
3761
125
2300
466
3132
278
4316
2043
2751
4515
3502
1207
3172
3025
3502
4057
191
1023
2037
3184
3881
390
423
3796
1986
2281
3131
714
835
3626
3879
4348
2471
3729
4654
2205
3224
1285
3791
2210
101
2797
2579
3923
3100
3748
4412
1064
117
3400
3253
2731
3748
714
561
4099
844
4541
1032
1207
642
4430
1756
4373
3993
3538
920
1577
100
3412
3521
3991
3795
137
3527
1954
3909
4071
507
2484
3472
2002
2188
4379
3288
1998
4611
1094
3876
2294
535
4260
3423
2273
180
1974
3747
1760
1090
4426
3400
1407
474
1958
4706
3376
2270
3667
3400
2050
2005
2207
1287
3188
996
988
3401
3784
2444
1191
1740
1720
2029
3802
1806
758
3747
1130
2043
1670
1738
1670
2897
803
1517
2858
1032
3743
415
2270
2667
2933
3171
384
3254
4477
2188
857
1981
1891
548
4157
3255
3403
3389
3030
374
1225
1729
2669
2201
1069
1908
963
2899
3991
3106
1220
442
3017
1501
3702
320
776
1210
883
2484
180
403
2178
2006
1981
1086
4079
743
806
2067
3010
1158
4446
2871
4465
449
1865
1756
1003
452
980
3018
647
4460
46
4147
3050
1785
120
1165
395
279
2271
2398
4206
4235
4514
1458
2937
1016
625
1910
502
3408
2423
4595
3401
3747
3747
1423
252
2901
3403
735
1486
2533
1491
4701
2935
3676
4703
3634
2423
3289
3876
2980
225
1832
3929
2822
3980
3747
980
1937
4302
2222
914
3568
231
2357
3471
1923
4526
3409
4703
721
2531
1993
50
1117
2705
1214
1644
3257
4408
4225
761
3568
3389
3854
3573
2438
2239
1895
1188
2121
3989
3012
2187
650
1207
16
3807
2161
306
3373
592
3164
842
2788
2693
1529
3333
573
1408
1597
3240
824
2874
1471
500
1130
3747
3401
2668
3761
4083
3812
2992
1520
3645
2031
1506
1902
2271
2767
2440
3289
4616
4541
2435
4641
4524
4637
1986
4416
1109
883
1803
3748
2062
372
1141
694
2155
1976
1999
2572
562
3625
3833
2216
1789
602
1792
4519
423
4341
1266
2844
1680
3288
4517
1298
2397
1197
2943
4403
2997
4682
2067
4623
2500
194
1958
1266
1190
1023
3573
42
1419
1578
1479
1985
3255
3694
1094
1506
3960
4131
1927
1116
3626
1716
4340
4648
1117
406
2715
2669
124
3504
3761
4518
2730
1146
351
3133
308
4375
4611
644
1185
337
1131
1699
66
3894
4239
2974
915
2432
3288
4280
3759
3381
4629
1778
1276
1806
3996
1441
1010
4203
4267
1950
2005
191
3419
2258
832
841
3740
2874
2271
3106
1712
869
3748
2259
2962
657
2844
1162
602
2271
455
4252
320
2997
607
2410
3979
1089
3592
3103
2963
4520
4682
1775
80
1638
3404
119
4037
2121
2564
2039
942
393
3355
2678
4636
2052
2735
2227
776
4591
3703
3288
731
227
1138
1680
4696
3609
1044
3657
3515
191
3526
2527
1712
3771
871
4347
1224
675
3096
4573
4557
848
3384
489
466
621
3747
1207
4034
266
1999
4412
2003
1929
3572
2434
3031
1299
3747
3815
3626
3107
1803
2342
486
4154
4349
3412
4412
1534
3384
3120
3646
1276
2033
3680
341
4682
2039
2189
4514
2714
2997
3636
2963
284
1803
2139
67
2323
1683
1784
2146
2716
4398
341
3901
4004
3747
3424
2566
1256
1170
4098
1229
1278
3052
2433
1923
2970
1676
3431
2328
3199
3502
3988
2219
2944
2259
3021
921
3720
1220
2536
4418
2218
1018
4281
739
4478
2443
3185
2029
1507
1383
1909
1225
2025
2859
4470
3642
3633
3379
2676
306
3795
1924
4611
2250
3332
4631
4288
3050
3748
988
557
2037
1923
584
78
732
1112
279
3712
1093
4641
2996
3997
3108
393
1923
2918
3579
4555
1603
679
2925
4518
2900
3808
21
101
3910
3625
2270
370
2032
119
2856
803
3997
3802
2992
395
1748
2196
580
1292
3130
3412
3284
3747
3412
1009
4445
3248
3445
3400
1383
3470
3130
1699
2551
2657
277
1092
2301
177
4277
1880
2143
1118
1759
2051
2852
276
2259
1302
1529
2992
4638
1320
3196
1962
3707
4705
3295
3240
4232
308
2022
824
4606
4398
1512
2484
3012
3401
3431
1107
3118
1832
4446
466
2593
1190
4482
4476
3103
2381
3633
901
3926
3895
1182
3402
1881
1267
191
2252
532
4071
3702
5
4189
1981
2032
3619
560
110
3989
4694
3523
412
3710
4003
792
2387
4147
1529
3093
2667
2727
2484
1170
4153
2251
1190
679
307
2358
2235
3667
3226
2963
1282
4412
2115
1409
824
2872
2183
3402
2639
1058
3720
1678
607
2714
162
1302
2032
3051
434
4048
2811
1477
1282
3804
702
1093
3511
3353
4462
4527
2686
2440
4435
3023
3052
3802
3186
4379
385
1549
1002
4152
4122
500
859
1502
146
1484
4396
1906
4706
928
2210
3684
4373
1950
1300
3706
3787
2967
1591
3568
43
1598
3402
1621
1976
1880
4459
2007
2731
181
4582
1275
442
848
2019
2669
3889
2026
4704
889
3748
2162
3747
3472
1832
4611
4377
4232
3513
2270
3101
1950
4288
1183
12
107
1578
2293
1803
3810
305
2367
3747
2667
2210
3488
1435
4601
3010
4324
1221
252
2416
4545
4629
3407
562
2324
2270
1905
2030
1604
4001
2810
3517
194
4230
366
2323
3771
560
3913
4446
1158
3787
4576
17
1282
3245
835
3099
4086
4102
1999
3302
4179
4336
3505
4316
2306
2005
1322
2643
2189
3472
3289
2873
1989
1501
2271
1699
4229
181
2270
3747
3170
1231
3380
935
1931
1926
3403
1311
1493
687
2227
3403
945
3109
1383
2665
494
1910
4516
4662
2222
3685
2532
4545
1581
3050
1638
4397
987
2589
1763
3484
848
1077
520
1052
2684
2187
4517
4137
3010
1793
4412
2066
4174
4137
520
3188
2963
2897
4243
1717
2271
765
3424
3927
381
399
2865
238
2997
1803
552
1930
536
2970
3567
3502
3289
4702
1181
1924
3573
2953
3400
2038
1231
1121
2094
2871
2270
3747
695
3494
465
3699
4071
798
3310
4340
3364
4146
2681
2207
185
3748
811
171
3909
3529
429
2571
1173
3418
1231
417
3771
3444
2079
4572
1997
3289
1753
1923
3472
1015
624
3568
1925
3993
806
4317
859
4397
2682
4477
4548
685
1990
1908
2765
2271
2407
3400
1427
3748
3401
3269
1231
1907
3768
1116
3175
215
279
3749
892
3637
2402
104
2091
849
417
4594
1517
2459
4508
1803
3420
164
3747
857
1001
3006
2434
1803
1898
1128
3748
3401
4396
1929
2794
3747
1950
2153
2774
3626
2446
2885
1112
1950
2367
2225
1978
3707
824
3170
3979
3403
488
4445
191
1371
679
786
4342
4682
3722
3403
3420
3703
4632
3707
3747
2460
4340
1351
2397
4382
3748
1988
1721
3694
4446
2418
3584
2531
76
2169
3052
3358
4534
824
3800
3927
4340
2816
2529
3039
1121
2876
2579
2203
4397
2844
3066
1776
2006
3995
727
2818
640
3758
2265
3635
2725
3572
1932
3099
3227
1970
3068
4633
2710
895
3799
2650
318
3703
4392
2679
1982
1713
4507
1099
688
4541
2165
4630
2496
1276
624
806
4005
3258
3412
906
542
3747
2611
1677
3289
565
3072
4590
4187
3669
428
1104
3400
3749
192
534
1018
1462
4214
1004
4382
2970
698
811
3904
842
186
299
1090
1118
1803
4585
1428
4408
1052
502
3997
3646
3233
4375
4229
459
1107
4464
3470
4572
2776
3749
766
3956
4567
3143
1177
4341
1351
3911
3682
704
4186
985
3957
4611
607
992
4488
3789
4650
3791
591
2609
524
4168
3401
505
964
4597
1128
12
3567
2573
1754
824
1282
2728
3741
1227
1582
136
4177
1707
3502
3990
3633
1996
3171
3748
1658
3990
4397
3166
4341
4398
936
2812
4702
2043
2630
2774
2310
1507
4236
2029
1621
3141
1499
4376
3791
4128
4545
3403
400
4086
3722
1499
795
2537
3802
1941
672
2201
758
4182
607
1923
3694
3049
1597
3568
2221
2706
1170
191
2030
3748
2024
1748
1981
766
2648
1016
2206
3748
4071
824
2660
3400
4557
943
3694
741
3741
613
1753
3747
607
4136
3245
3761
1438
2323
4064
2568
3844
2375
635
3017
300
2027
3401
3403
3584
742
822
3988
4660
3749
1653
4403
1097
2151
3633
1120
3909
2303
3049
887
3990
841
1119
4513
3800
507
4247
3757
767
3747
2636
1954
644
914
1676
615
1261
2067
2216
4433
1229
4553
1529
3710
3694
1663
2983
831
299
849
2917
3355
160
2810
4379
1270
4599
232
2579
3209
3258
1306
171
3110
4042
3402
4268
1298
2432
3788
4524
124
45
1581
1367
3675
1140
960
1804
3688
4204
3403
417
3771
1231
1638
3792
3929
2258
2643
2271
2705
2235
121
3802
1754
374
4044
735
3725
1607
4036
3403
395
4035
543
3574
2724
1950
1989
847
12
2715
1535
3842
252
1747
2687
3271
2391
779
2821
640
2156
2251
2811
2251
647
873
1501
1578
4071
4118
4402
70
648
2121
1231
2800
3300
43
4398
1503
428
4228
343
46
3216
1770
1604
4358
3768
1107
248
3402
824
1097
2963
1511
4079
1755
4701
1583
160
714
3635
467
824
3747
610
1661
4411
3149
4176
2206
236
3637
2963
1221
3747
3132
3250
4009
12
1016
715
1907
2970
1997
1243
733
1510
239
479
842
56
4392
1110
702
3747
1733
4080
1895
186
3259
1500
1436
3747
3059
1653
4530
3747
4009
824
3121
2983
3964
3921
1004
3749
872
1028
616
2012
2573
1207
374
3769
2641
4684
1961
1930
4398
274
135
1676
3274
1779
2810
551
1498
548
1158
3491
2938
2171
2570
4446
2663
2887
1754
2897
3240
3996
1230
3407
2026
4452
565
4576
1661
1583
1506
2218
3400
4704
2123
2630
85
2251
4435
505
4055
3835
4090
1682
3408
1937
4099
4537
1227
4361
428
3465
2039
2109
3514
2998
3125
1293
312
3513
3757
4638
4289
909
1069
731
2446
3567
2290
3567
2204
2729
3241
2204
284
3502
1173
1229
943
1924
4611
2626
3607
3118
1040
312
520
2270
4536
3550
2322
1950
3786
2052
1878
1280
895
3784
4036
698
3188
4693
3721
456
698
206
964
492
423
3898
1699
2709
677
792
2797
824
4009
3048
3740
3398
1064
3804
385
3646
2122
872
2121
3400
4267
3514
3445
3400
2271
1170
3504
3802
3575
3385
1504
4294
3407
50
1765
857
3221
2646
2112
3270
1028
1592
3698
137
4514
4048
3306
307
2265
3747
2173
2693
2295
3272
2203
111
1181
2794
3403
1591
442
3748
1714
2917
4243
1257
3738
4511
2722
223
2037
1961
2002
2722
389
1244
3751
1018
3126
673
3379
4176
3324
4377
2992
3155
1768
4009
1472
1441
429
2816
1325
2251
3748
2227
597
4445
191
395
3977
3994
4086
3636
1894
534
4327
2442
580
3172
1241
657
2013
3747
124
3876
3930
1723
3252
456
3504
1767
3170
2722
1938
1763
2659
2155
4179
4061
607
2871
3422
627
2710
1906
2142
1803
3051
3316
3064
824
1647
3025
826
3024
4127
3016
1118
1269
3516
548
1899
1985
3010
1716
1785
3431
4240
2434
1661
3846
676
3504
4119
3724
3384
3462
4547
750
1880
4451
2434
151
4236
2936
566
153
2727
1410
3232
2203
2309
1174
2354
3401
1906
1491
1754
3749
3227
4137
3807
1806
2188
495
1805
3403
844
2407
1299
1804
150
3747
2031
345
4415
4447
3423
3354
2382
2002
3470
3552
2715
485
100
600
1442
1173
2845
1581
3381
1930
4519
4003
3646
3405
732
3980
1930
734
65
3469
3227
3797
287
3747
3012
3237
2201
312
584
3789
4576
4192
1950
2019
3802
4690
368
688
3685
1881
3771
2865
738
3702
3927
1112
4227
4316
1881
2204
4326
3412
4484
4
2290
3788
247
3403
2218
1244
3401
3400
3525
215
3664
191
1988
3418
536
2271
2258
385
3103
3141
1100
4398
2422
842
2000
649
4168
4560
2777
1484
3980
162
1152
1716
4582
3747
3020
2420
2982
2227
524
1754
3052
535
767
47
3234
3043
3065
3710
2280
2265
687
4531
4241
2050
2251
2174
3056
3694
3406
3927
872
3265
3919
2002
2251
714
2207
3664
1923
3184
43
3747
2927
1207
351
1954
1950
229
368
1051
4352
3711
4147
1458
1970
560
380
3610
4139
4703
3509
3416
3118
455
2270
3102
4008
4660
416
3403
42
1012
3555
844
3987
2856
4008
3257
980
3222
2013
1324
2925
316
4574
1034
756
3747
3385
1754
315
1714
1753
1433
2433
651
4268
2874
3401
4703
2037
2302
2222
458
4637
228
4239
644
1549
857
552
395
2383
4446
2321
4576
1984
4137
269
2901
3676
2290
75
1135
3403
2780
1907
2189
1156
1211
3748
3694
2323
3118
2018
1742
66
2484
162
3470
2609
3100
4654
2051
3049
732
468
1958
2265
3462
1589
3926
2259
110
4124
985
985
2858
2323
534
1206
2682
3700
3896
162
3809
2225
610
194
2960
1
3046
2253
2208
534
1894
1670
552
2871
4611
3107
3518
1917
2050
5
4554
322
2665
1984
377
208
625
3401
4639
3749
2420
673
2574
2279
1223
1019
3657
2324
1016
3956
3518
278
3747
2810
2727
2362
999
1529
330
2171
2977
1581
1865
1529
4148
1054
3907
601
755
114
2621
1158
3100
3269
3333
3100
2006
1181
1384
1135
891
455
2050
3771
2272
4303
1196
3758
2901
3254
3747
3610
1207
3401
1176
1288
3913
3121
2077
3797
1682
117
2271
3906
3975
2708
1444
1627
2626
675
3101
1471
3222
4379
191
1895
945
1699
1426
124
3420
3807
1807
2573
3050
624
4085
3268
299
2189
505
2810
1909
3402
802
2431
3664
4704
1507
1300
2273
2587
1069
3304
1409
926
2970
3657
2712
4190
1199
4071
1004
3522
4417
2682
4696
1141
1040
673
1118
2281
3878
194
1132
4596
937
3842
4397
2
1592
2285
210
2431
3052
985
1058
3567
2002
3758
621
2000
2206
3041
2037
3252
3515
2387
3808
1196
1139
1970
2634
345
3947
4697
734
4397
3145
2035
2259
3750
908
4350
3567
4361
1767
3989
1067
3747
407
2716
223
2079
4357
2726
3123
698
2968
545
4365
2189
3092
767
742
3768
1806
3154
2195
3402
1438
2943
4639
698
963
2207
5
705
3094
1791
2808
3470
2579
1907
2203
4071
3412
4464
2046
4348
4574
369
544
4485
1118
3813
544
2271
569
290
2199
3504
913
3401
1869
1592
455
3284
3808
4126
3062
1131
3834
4229
4062
2270
2484
3747
3747
848
562
2752
824
3039
3568
1805
466
561
390
1120
1986
2239
4537
612
4507
3572
442
2445
3747
1356
1985
284
4370
3195
2353
544
252
1699
1792
3155
925
2446
621
3063
2669
3926
4460
284
921
831
4498
3842
132
3471
4168
3785
824
2134
3091
1225
4224
4397
1639
2810
2420
4525
1661
4358
2000
4630
279
1190
3288
1165
3010
162
3400
3699
1222
1909
2970
3809
2692
1714
3622
4556
2222
124
3980
3402
3470
2708
1653
1925
309
2225
3106
4350
3657
2406
2001
3288
191
568
4481
1927
3818
2188
4351
1005
3748
4702
1479
2001
2384
1284
519
3502
3738
4279
3029
1190
921
1638
3229
4517
2775
2001
4703
1519
3420
4373
3186
1323
4315
939
4446
3100
3694
1491
11
3719
2206
4409
953
2368
3469
1148
4601
3663
3995
455
3927
4485
2165
3482
1621
2634
180
3050
1372
3680
2036
3401
1961
38
2675
903
1570
3802
2179
2206
204
679
998
3295
3289
2179
775
136
2434
735
1556
2500
287
2667
3147
1578
1991
1929
2890
387
910
2029
192
1012
1212
2171
3929
3288
2833
2220
519
4422
266
1603
1713
824
649
3401
811
3568
2845
852
2979
2219
1803
3224
4445
4130
1118
2270
4628
4396
395
2887
4623
2122
2178
2209
166
3289
4090
552
433
3324
1369
1785
3748
3030
1385
4178
1910
340
238
1016
1404
1319
3685
2173
1190
1901
1793
1955
983
3289
1984
2142
4361
468
2011
3748
1131
1782
2666
3796
3207
4531
3865
1755
2998
1067
1498
3790
1684
3749
4506
1118
2536
844
4410
4627
284
1581
3314
3986
4430
1755
552
3905
4691
1210
865
406
3521
2667
732
3354
3803
50
4136
670
1899
524
459
2188
3748
4114
1969
2217
2078
1721
329
3747
432
1232
1158
2343
1906
3988
1714
279
4544
3788
3657
2992
471
4113
844
457
2641
3771
4315
4367
2159
2917
936
2833
937
542
3657
3096
3514
3980
3504
3268
2793
1592
284
4418
3527
306
1717
3965
517
3950
3699
1510
3048
1282
1078
315
3451
1879
2668
1118
4170
852
4111
2219
4515
2239
1852
2484
4364
3207
4588
2435
592
4227
2536
3579
1066
3876
1222
3993
3249
4654
1572
3100
2644
4157
2627
2154
1012
2577
1863
1638
4450
3748
2271
219
3995
2880
995
100
4241
3953
3908
4401
3096
2684
1983
4473
3469
4294
3751
1112
2271
121
2977
2016
3065
1466
2408
3009
4470
3748
4462
2484
1985
2209
536
4357
4557
4537
2787
4
1807
4554
2210
4053
2865
2557
844
1210
4316
3981
395
3663
677
2711
3741
1448
803
1638
2047
741
4435
3187
414
4582
3052
299
890
2189
1018
3747
4357
2844
4604
164
