4500
4500
4500
4500
4500
4500
4500
4500
4500
4500
5136
4500
4500
4500
4500
4500
4500
4500
4500
4500
4500
4500
4500
4500
4500
4500
4500
4500
4500
4500
4500
4500
4500
4500
4500
4500
4500
4500
4500
4500
4500
4500
4500
4500
4500
4500
4500
4634
4500
4500
4500
4500
4500
4500
5164
5084
5084
4500
5084
5084
5084
5164
5084
5164
5164
5164
5084
5084
5084
5084
5084
5084
5084
5372
5084
5084
5084
5084
5084
5084
5084
5084
4500
4633
4633
4633
4633
4633
4633
4634
5136
5372
5371
5372
5036
5164
5036
5036
5036
5036
4500
5164
4502
5136
4500
4500
5036
5036
5164
5164
5164
5164
5084
5036
5164
5164
5097
5097
5097
5084
5084
5193
5084
5193
5084
5084
5084
4500
4500
4502
4502
4482
4994
4994
4500
4502
4502
4502
4502
4502
4500
4500
4500
4502
4502
4502
4502
4502
4502
4500
4502
4502
4502
4994
4994
4502
4994
4994
4502
4502
4502
4994
4502
4994
4502
4502
4502
4994
4994
4994
4994
4994
4994
4994
4500
4500
4500
4500
4500
4500
4500
4500
4500
4500
4500
4500
4500
4500
4500
4500
4500
4500
4500
4500
4500
4500
4500
4500
4502
4502
4500
4502
4500
4502
4483
1073
1073
4482
4500
4500
4500
4500
4482
4500
4502
5036
5036
5036
5097
5097
5036
5036
5036
4502
5136
4482
5136
4482
5136
4482
5136
4482
4550
4482
5036
5036
5036
4550
4550
4550
4550
4550
4550
4550
4550
4550
1069
1071
1071
4550
4550
4550
4550
4550
5136
4550
4994
1071
1071
4994
1073
1071
1071
1071
1071
1071
1068
1068
5036
1068
1068
1053
1071
1071
1071
1071
1071
1071
1071
1071
1073
1073
1071
1071
1071
1071
1071
1073
1073
1073
1073
1071
1071
1071
1071
1071
1071
1071
4502
4500
4500
4500
4500
4634
4634
4634
4500
4500
4500
4500
4500
4500
4634
4500
4634
4500
4635
4635
4500
4500
4500
4500
4500
4500
4500
4500
4500
4500
4500
4501
4635
4635
4501
4636
4636
4636
4635
4501
4635
4635
4507
4636
4636
4507
4507
4507
4634
4634
4507
4507
4634
4634
4634
4634
4634
4504
4634
4634
4500
4500
4500
4500
4500
4500
4500
4500
4500
4634
4634
4633
4504
4504
4504
4504
4633
4658
5371
5166
5166
4658
5166
5183
5166
5166
4658
4658
4658
4658
4504
4504
4504
4658
4504
4504
4504
4658
4504
4658
4658
4504
4504
4658
4504
4504
4504
4504
4504
4507
4507
4505
4505
4658
4507
4504
4507
4504
4504
4507
4504
4634
4500
5036
5036
5036
5036
5036
5036
5036
5036
5036
5036
5036
4550
5136
5136
5136
4550
5036
5036
1068
1068
5036
1068
5036
1068
5036
1068
1053
1068
1068
1071
1068
5153
5036
5118
5193
5193
5036
5036
5193
5193
5036
5036
5036
5193
5036
5036
5036
5084
5372
5372
5372
5372
5372
5084
5084
5084
5084
5084
5084
5084
5084
5084
5372
5372
5193
5193
5037
5372
5193
5037
5193
5084
5193
5372
5372
5372
5371
5372
5371
5166
5371
5372
5372
5372
5372
5084
5084
5372
5372
5372
5166
5183
5183
5183
5183
5180
5180
5180
5180
5180
5180
5180
5181
5184
5184
4865
4865
5179
5180
5180
5183
5180
5180
5180
5183
5183
5090
5167
5183
5215
5104
5103
5115
5103
5218
5180
5105
5154
5189
5139
5189
5189
4865
4865
5179
4865
4865
4865
4865
5179
4865
5179
4865
5180
5180
4866
4866
4866
4866
5366
4866
4866
4866
4866
4745
4887
4887
4718
4865
4864
4862
4862
4861
4861
4858
4857
4718
4857
5144
5144
4857
4858
4858
5139
5180
5180
5180
5179
4865
4865
4865
5105
5154
5154
5115
5115
5115
5153
5115
5115
5154
5115
5115
5115
5105
5117
5117
5153
5117
5118
5117
5117
5115
5115
5153
5115
5105
5154
5107
5105
5143
5143
5107
5142
5105
5204
5153
5117
5117
5091
5037
5090
5195
5195
5195
5195
5117
5037
5037
5118
5118
5037
5037
5193
5193
4658
4658
4658
4504
4658
4658
4658
4658
4658
4658
4658
4658
4658
4658
4658
4658
4658
4658
4658
4658
4658
4658
4658
4658
4658
4658
4658
4658
4658
4658
4658
4658
4658
4658
4658
4658
4658
4658
4658
4658
4658
4658
4658
4658
4633
4658
4633
4633
4658
4658
4658
4658
4658
4658
4658
4658
4658
4633
4633
4633
4633
5181
4633
5181
5181
5181
5181
6357
4633
5012
6357
5189
5181
4633
4658
4658
4658
4658
4658
6357
6357
6357
6357
4633
4658
6357
6357
6357
6357
6357
6357
4658
4658
4658
4505
4505
6357
4505
4658
4658
6357
6357
4866
5012
6357
4866
5366
4865
4853
4853
6357
6357
6357
4504
3419
3419
3419
3419
3406
3380
3380
3406
3406
3405
3406
3406
3406
3405
3406
3406
3380
3449
3402
3449
1467
1467
1467
1467
1467
1109
1467
1109
1466
1465
3448
1467
3402
1109
3400
3380
3448
3406
3406
3405
3409
3409
3406
3406
3448
3448
1182
1465
1465
3406
3406
3419
3419
3405
3419
3419
3406
3419
3419
3419
3406
3419
3419
3419
3333
3419
3333
3419
3419
3419
3419
3419
3406
3406
3406
3406
3409
3419
3419
3419
3419
3419
3419
3419
3419
3400
3380
3336
3209
3400
3209
3208
3209
3380
3209
3209
3209
3209
1111
3208
1473
177
4373
1111
1109
1111
3209
3209
3209
3209
3209
3209
3209
3326
3209
4373
4373
3380
3419
3419
3419
3380
3419
3419
3419
3419
3419
3400
3400
1109
1109
1109
1467
1467
1109
1109
1467
1473
1109
1473
1467
1467
1472
1472
1473
1473
3326
3326
3326
3326
3209
3209
3209
3326
3326
3326
3209
3209
3209
3323
3209
3323
3323
3209
3209
3209
3209
3209
3209
3323
3209
3209
3323
3323
3326
4663
3209
3209
3209
3323
3326
3326
3326
3326
3326
3326
3326
3326
3326
3326
3323
3178
3178
3178
3178
3178
3324
4373
3178
3178
3209
3327
3327
3327
3326
3327
3333
3333
3209
3209
3209
3327
3209
3333
3333
3333
3333
3333
3333
3326
3333
3333
3333
3333
3326
3326
3326
3326
3333
3333
1473
1473
1473
1473
1473
1473
1473
1473
1473
1473
1475
1475
1475
1475
1475
1475
1115
1115
1475
1115
1115
1115
1115
1115
1115
2851
2851
2851
2851
1135
1115
1115
1115
1135
1135
1135
1135
1135
1475
1475
1475
1475
1475
1475
1115
1115
1129
1475
1129
1475
1129
1475
1129
1129
1135
1129
1129
1135
1135
1135
1129
1129
1129
1129
1129
1129
1473
1474
1473
1474
1466
1466
1474
1474
1466
1474
1474
1474
1474
1475
1474
1466
1474
1466
1466
1468
1466
1466
1468
1468
1468
1466
1468
1466
1466
1466
1466
1466
1466
1129
1129
1129
1129
1129
1473
1129
1473
1132
1129
1129
1129
1129
1129
1473
1132
1473
1473
1473
1132
1473
1473
1129
1129
1129
1129
1129
1129
1129
1129
1129
1129
1131
1131
1129
1128
1135
1135
1129
1533
1533
1533
1129
1466
1466
1466
1466
1466
1466
1468
1468
1468
1468
1182
1182
1468
1182
1182
1468
1468
1468
1468
1468
1184
1182
1182
1182
1182
1182
1182
1182
1182
3448
3406
3405
3405
1466
1466
1466
1473
1472
1466
1467
1473
1473
1473
1473
1473
3649
3649
3673
3649
3649
3649
1466
1466
1466
1466
1466
1466
1466
3094
1466
1466
3094
1474
1474
1474
1474
1474
1466
1466
1474
1474
1474
1474
1474
1466
1475
3094
3093
3094
3094
3092
3094
3092
3092
1475
1475
3093
3649
3649
1263
3649
1263
3649
3093
3093
3649
3649
3094
3093
3093
3093
3093
3094
3093
3094
3094
3093
3081
1263
3093
1184
1184
1466
3519
3882
3882
1182
3882
3758
3380
1182
3409
3409
3882
3758
3419
3419
3882
3882
3882
3882
3773
3773
3773
3773
3706
3882
3882
3882
3882
3519
1468
3673
3673
3672
3673
3672
3673
3672
3672
3672
3672
3672
3672
3672
3680
3679
3679
3679
850
3672
3672
3672
3672
851
855
3679
850
849
3671
849
849
850
849
3672
3672
3673
3673
3707
3707
3707
3673
3672
3672
3672
3672
3707
3672
3649
3649
3649
3679
3672
1263
3672
945
855
851
945
945
855
1263
1263
1263
1263
1263
3649
3649
1263
3649
3649
874
874
874
849
849
849
874
849
849
849
849
849
850
849
850
850
850
850
850
851
851
855
850
850
850
855
903
945
945
850
851
849
849
849
874
874
849
849
849
849
849
850
850
850
850
850
850
850
850
849
3672
3672
3679
3672
3672
3672
3672
3672
3672
3710
3679
3679
3710
874
3710
3710
3710
874
874
874
874
874
958
958
958
958
958
958
958
958
958
907
875
875
958
4608
958
874
874
874
874
874
874
874
874
874
874
907
907
907
907
907
4848
4848
4608
907
907
907
907
4600
907
907
907
958
907
907
907
958
958
874
958
874
958
874
958
958
958
874
3710
3880
3709
958
958
958
958
907
907
907
3323
3323
3323
3323
3327
3323
3323
3323
3323
6800
6801
6801
1114
3188
6801
6295
3320
3320
3320
1135
1106
1376
1106
1132
1129
3186
1132
3186
1475
6801
1117
6801
3178
3178
6295
3188
3324
3186
3324
3324
3324
3324
1523
3186
996
1523
3188
3188
3188
3188
3188
3188
3188
3188
3188
3324
3324
1523
1523
1523
1523
3324
3324
1523
4844
1523
1523
1523
4844
4844
4844
4663
1523
3323
3323
4844
1523
1523
1523
1523
1523
1523
996
996
1523
996
1523
1523
1523
1523
1523
1523
1523
3192
1124
3192
1523
997
1124
1124
997
997
1523
1523
1523
1523
1523
1523
1523
996
1523
996
996
996
996
3192
3188
3188
3188
996
1523
996
1523
1523
1523
1523
996
1523
1523
1523
1523
1523
1523
1523
1523
1523
1001
1125
1125
1124
1128
1128
1128
1133
1133
1106
1133
1106
1497
1128
1149
2826
2826
1149
1497
1106
1497
1133
1128
1133
1106
1106
1106
1133
1128
1128
2915
2915
1106
2915
1128
1125
1128
1124
1128
1128
1125
1150
998
998
1523
1016
1523
1149
1060
1016
1125
1124
1124
1124
1124
1124
1124
1124
1131
1124
3175
1124
3188
1131
1124
1131
1131
1131
1131
1131
1125
1125
1125
3188
1125
1125
1125
1131
1128
1125
1128
1128
1128
1125
1131
1128
1133
1128
1128
1125
1125
1125
1125
1125
1128
1125
1125
1128
1128
1128
1128
1125
1125
1125
1128
1125
1128
1131
1128
1128
1131
1128
1128
1128
1131
1128
1131
1125
1125
1125
1131
1132
1132
1132
1132
1132
1132
1132
1132
1132
1132
1473
1473
1132
1129
1129
1129
1132
1132
1132
1132
1132
1132
1129
1129
1128
1128
1128
1533
1135
1533
1132
1132
1127
3180
1132
1533
3180
3180
3180
3180
3180
1137
1137
1137
1127
1132
1132
1113
1127
3180
1135
1132
1234
1388
1388
1234
1234
1388
1720
1720
1388
1716
1705
1705
1716
1705
1388
1234
1390
1234
1234
1260
1260
1234
1260
1234
1390
1234
1234
1390
1388
1720
1260
1260
1671
1747
1732
1732
1732
1747
1662
1662
1628
1628
1662
1628
1732
1662
1732
1747
1747
1662
1671
1671
1720
1732
1732
1732
1705
1662
1662
1748
1662
1671
1662
1720
1720
1720
1720
1720
1720
1720
1234
1234
1388
1390
1720
1390
1234
1234
1260
1260
1234
1260
1720
1720
1720
1671
1671
1671
1720
1720
1234
1234
1234
1234
1234
1260
1260
1234
1234
1260
1260
1260
1260
1234
1234
1234
1234
1234
1234
1234
1388
1234
1234
1234
1671
1747
1747
1662
1732
1662
1662
1628
1628
1662
1628
1628
1628
1628
1732
1662
1732
1628
1662
1662
1628
1628
1628
1628
1628
1748
1747
1747
1747
1671
1732
1671
1234
1234
1234
1260
1415
1415
1260
1415
1415
1104
1104
1373
1104
1373
1373
1372
1372
1372
1372
1372
1372
1373
1373
1373
1372
1373
1373
1373
1104
1104
1104
1415
1415
1104
1415
1415
1415
1104
1415
1104
1104
1373
1373
1415
1415
1415
1104
1415
1415
1104
1415
1415
1415
1260
1260
1234
1234
1234
1260
1234
1234
1234
1234
1234
1234
1234
1234
1234
1234
1260
1260
1415
1415
1260
1234
1234
1234
1234
1234
1234
1234
1234
1234
1234
1234
1234
1234
1390
1390
1234
1390
1234
1388
1232
1720
1388
1720
1720
1716
1720
1388
1390
1234
1388
1388
1388
1720
1388
1388
1388
1388
1720
1720
1720
1388
1388
1388
1390
1388
1234
1234
1234
1234
1234
1234
1234
1234
1234
1234
1234
1260
1260
1260
1260
1260
1260
1260
1234
1234
1234
1234
1234
1234
1260
1260
1234
1234
1260
1388
1388
1390
1234
1260
1234
1415
1415
1260
1415
1234
1390
1234
1390
1390
1234
1232
1234
1260
1260
1260
1232
1234
1720
1720
1388
1388
1388
1720
1720
1720
1415
1415
1415
1104
1104
1415
1104
1415
1104
1415
1373
1373
1104
1373
1415
1373
1373
1372
1373
1415
1415
1104
1104
1628
1628
1628
1628
1614
1629
1629
1614
1629
1614
1629
1614
1629
1628
1628
1614
1628
1567
1628
1614
1628
1614
1628
1628
1614
1567
1628
1628
1628
1628
1629
1629
1629
1628
1628
1628
1628
1628
1628
1628
1662
1629
1629
1575
1575
1575
1629
1575
1575
1575
1575
1575
1575
1575
1575
1629
1629
1629
1575
1575
1629
1575
1575
1575
1575
1575
1575
1575
1629
1614
1614
1628
1614
1628
1628
1614
1628
1628
1628
1628
1628
1628
1662
1662
1628
1628
1628
1628
1628
1662
1662
1662
1662
1662
1732
1732
1662
1662
1628
1628
1628
1628
1628
1628
1628
1628
1629
1629
1629
1629
1575
1575
1575
1575
1629
1575
1629
1629
1629
1575
1575
1575
1629
1628
1628
1747
1732
1732
1705
1662
1662
1628
1732
1747
1671
1748
1718
1720
1720
1716
1720
1716
1718
1718
1671
1705
1720
1720
1671
1747
1748
1747
1748
1732
1628
1628
1628
1628
1628
1628
1628
1628
1628
1628
1628
1628
1628
1628
1628
1628
1628
1628
1628
1628
1628
1628
1628
1628
1628
1628
1628
1628
1628
1628
1628
1628
1628
1628
1628
1628
1662
1671
1720
1720
1720
1720
1732
1732
1732
1732
1732
1732
1737
1737
1737
1732
1737
1732
1732
1748
1732
1748
1737
1732
1732
1737
1737
1737
1662
1737
1662
1662
1662
1748
1748
1732
1747
1747
1747
1732
1737
1732
1737
1732
1747
1718
1718
1718
1720
1718
1747
1718
1748
1662
1662
1662
1662
1662
1662
1662
1662
1662
1662
1662
1662
1662
1662
1662
1662
1662
1662
1662
1737
1737
1732
1732
1732
1732
1662
1662
1662
1732
1662
1662
1662
1732
1748
1732
1748
1705
1705
1716
1705
1716
1747
1671
1732
1732
1662
1662
1628
1628
1662
1662
1748
1671
1720
1720
1232
1232
1390
1234
1234
1662
1628
1628
1628
1628
1628
1614
1614
1614
1614
1614
1614
1614
1614
1614
1614
1628
1628
1614
1614
1614
1614
1614
1614
1614
1614
1614
1614
1614
1614
1614
1614
1614
1628
1628
1628
1628
1628
1628
1628
1614
1628
1628
1628
1628
1628
1614
1614
1628
1614
1614
1628
1628
1628
1614
1071
1071
1071
1071
1071
1071
1071
1071
1071
1071
1071
1071
1071
1071
1071
1071
1071
1071
1071
1071
1071
1071
1071
1071
1071
1071
1071
1071
1071
1071
1071
1071
1071
1071
1071
1071
1071
1071
1071
1071
1071
1071
1071
1071
1071
1071
1071
1071
1071
1071
1071
1071
1071
1071
1071
1071
1071
1071
1071
1071
1071
1071
1071
1071
1071
1071
1071
1071
1071
1071
1071
1071
1071
1071
1071
1071
1071
1071
1071
1053
1053
4269
1068
4854
4855
4269
4269
1053
1053
1053
1068
1071
1074
1074
1071
1071
1071
1071
1071
1071
1071
1071
1071
1071
1071
1071
1071
1071
1071
1071
1071
1071
1071
1053
1071
1053
1071
1071
1074
1074
1074
4266
4269
4269
4269
4269
4854
4884
4269
4854
4269
4888
4269
4269
4888
4266
4854
4854
4854
4854
4884
4854
4884
4884
4854
4854
4854
4857
4854
4855
4855
4858
4266
4266
4266
4269
4266
4269
4269
4269
4765
4765
4888
4888
4888
1071
1102
1102
1102
1102
4743
4765
4743
4274
4743
4743
4743
1102
6873
6873
6873
6873
6873
6873
6873
4844
6873
6873
6873
4844
4743
4743
4743
4888
4888
4888
4743
4743
4743
4744
4743
4743
4888
4743
4743
4743
4743
6873
6873
6873
6873
4743
4743
4506
4743
4844
4844
1073
1073
1073
1073
4640
4664
4664
4664
4662
4664
4664
4664
4638
4638
4638
4663
4664
4664
4640
4638
4640
4640
4664
4559
4664
4559
4640
4640
4640
4640
1073
1073
4995
4995
4640
4637
4640
4640
4640
4640
4637
4545
4545
4637
4545
4501
4995
4995
4502
4502
4502
4994
4502
4502
4995
4995
4447
4447
4447
4445
4447
4447
4447
4445
4447
4447
4447
4447
4445
4445
4445
4445
4445
4445
4445
4445
4445
4445
4445
4445
4445
4445
4445
4445
4445
4446
4445
4445
4445
4446
4446
4446
4446
4447
4447
4445
4445
4445
4445
4445
4445
4445
4447
4447
4447
4447
4447
4445
4391
4447
3653
3873
4391
4447
3660
3653
3660
3653
3995
4447
4447
4447
4447
4447
4447
4445
4445
4445
4447
4446
4446
4446
4461
4447
4461
4391
4392
4391
4391
3653
3653
3658
3660
3896
3882
3882
3882
3882
3882
3882
3773
3707
3883
3707
3707
3882
3882
3708
3708
3882
3887
3896
3882
3879
3879
3895
3409
3409
3409
3409
3653
3653
3409
3409
3653
3380
3419
3419
3419
3409
3409
3409
3409
3409
3409
3406
3406
3409
3419
3406
4226
4226
4226
4226
3326
4226
3336
3333
3333
3326
3419
3419
3419
3419
3419
3406
3406
3406
3406
3406
3409
3409
3406
3406
3409
3449
3406
3406
3419
3419
3419
3419
3419
3419
3419
3419
3334
3334
4226
3419
3334
3334
3334
3334
3334
3334
3334
4213
4213
4213
4213
4213
4213
4213
4213
4213
4213
4213
4251
4226
3333
3336
3333
3336
3333
4226
3336
4226
4226
4226
4226
3326
4131
3326
3333
3333
3333
4226
4131
4131
3326
4226
4226
4226
4226
4226
4226
4226
4226
4226
3333
3333
3333
3333
3419
3333
4226
4226
4226
4226
4226
4226
4226
4226
4226
4226
3889
3889
3700
3814
3814
3814
3889
3815
3815
3813
4689
4689
3813
3813
3813
3889
3889
3889
3783
3889
3783
3783
3783
3873
3783
3889
3783
3783
3783
3783
3783
3865
3889
4391
4391
3783
4391
4391
4391
4689
4391
4689
1330
4689
4689
4445
4689
4689
4689
4689
4414
4689
4687
4689
3815
4689
4689
3815
4689
3815
3815
3815
3815
3815
3815
3815
3815
3815
3815
3815
3814
3815
3815
3814
3815
3814
3919
3815
6308
6308
6308
3919
3919
6308
6308
6308
3919
3919
4687
4687
6308
4687
6308
6308
4687
4687
6308
6308
6308
6308
4687
4687
4687
4687
4687
3814
3814
3700
3814
3814
3815
3815
3815
3815
3815
3815
3815
3815
3815
3812
3814
3919
3919
3769
3812
3687
3812
3688
3688
3688
3688
3812
3688
3713
3713
3783
3888
3709
3888
3687
3812
3687
958
3688
958
958
958
958
958
958
958
3880
958
3709
3709
3709
3709
3709
3709
3688
3688
3688
3688
3818
3818
3818
3818
310
310
310
907
3709
3709
3709
3709
3709
3709
307
307
307
307
307
310
310
307
310
56
307
56
310
284
3163
284
284
56
284
284
56
56
284
283
56
56
56
58
56
56
58
284
104
58
283
308
283
283
283
283
283
283
283
56
56
56
57
57
57
57
58
3163
310
310
310
3817
3817
3817
3809
3688
3809
3688
3820
3811
3688
3820
3951
3951
308
3951
3817
3818
310
310
307
310
307
310
307
310
310
3818
3818
310
1368
310
57
1369
57
57
58
57
55
55
296
57
55
55
57
141
3688
57
58
58
58
99
99
98
98
97
240
240
98
98
54
41
41
237
240
237
115
116
240
265
240
239
244
340
98
97
99
98
55
55
58
58
98
240
239
5103
5102
5107
5105
4869
4869
4858
4858
4858
4858
5143
5154
5116
5116
5116
5154
5105
5153
5116
5115
5117
5143
4858
4856
4856
4856
4857
4858
4869
4869
4855
4869
5102
4869
4869
1068
1068
4855
5102
1068
1068
5105
5115
1068
1068
4663
4663
4638
4642
4663
4663
4663
3209
4663
4663
3209
3209
3209
3327
3327
3209
3209
3327
3326
3326
3326
3333
3326
3327
3209
4663
4845
4663
3326
3327
4845
4663
4663
4663
4663
4663
4663
4663
4663
4663
3326
3326
4844
3326
4663
4663
4664
4663
4663
4664
3326
4663
4664
4664
4664
4663
4664
4663
4663
4638
4663
4663
4638
4638
4642
4642
4642
4642
4642
4642
4642
4642
4642
4638
4642
4845
4576
4638
4638
4638
4638
4642
4226
4131
4226
4226
4226
4226
4226
4226
4226
4226
4226
4226
4226
4226
4226
4226
4226
4226
4226
4226
4226
4131
4131
4226
4226
4226
4226
4226
4226
4226
4226
4226
4226
4226
4226
4226
4226
4226
4226
4226
4226
4226
4131
4131
4131
4131
4131
4131
4131
4131
4131
4131
4131
4131
4131
4131
4131
4131
4131
4754
4754
4131
4754
4226
4226
4131
4131
4226
4226
4131
4754
4754
4226
4754
4754
4226
4226
4226
4226
4226
4226
4226
4226
4226
4226
4226
4226
4226
4226
4226
4213
4226
4226
4226
4226
4437
4226
4226
4629
4754
4629
4437
4437
4629
4754
4226
4226
4754
4226
4754
4754
4754
4754
4754
4754
4754
4629
4629
4628
4629
4629
4754
4754
4754
4754
4754
4754
4628
4754
4628
4754
4131
4754
4754
4131
4131
4754
4131
4641
4754
4754
4754
4641
4641
4641
4641
4573
4641
4573
4573
4642
4438
4438
4846
4842
4841
4841
4641
4841
4754
4629
4629
4754
4754
4438
4438
4628
4438
4438
4628
4628
4438
4628
4438
4438
4629
4842
5001
4842
5001
4842
5001
5001
4593
4641
4576
4641
4641
5001
4593
3485
4842
4438
4438
4842
4629
4842
4842
4842
4842
4641
4641
4641
4641
4641
4641
4641
4641
4641
4641
4641
4641
4561
4845
4845
4845
4641
4641
4641
4641
4641
4642
4642
4641
4642
4642
4642
4642
4642
4642
4642
4642
4642
4642
4641
4642
4641
4641
4642
4642
4642
4845
4642
4641
4641
4845
4845
4641
4845
4845
4845
4845
4663
4573
4845
4845
4754
4754
4754
4754
4754
4754
4131
4754
4754
4131
4754
4754
4754
4131
4131
4131
4131
4131
4131
4131
4131
1416
1416
1417
1417
1416
1416
1416
1417
1429
1429
1429
1417
1417
1429
1429
628
628
628
628
1429
628
628
628
628
628
1429
1429
1429
628
1429
628
1429
628
1429
628
628
628
628
628
628
628
628
628
628
628
628
628
1417
1417
1417
1417
1417
1417
1539
1539
1539
1416
1539
1539
1539
1416
1417
1417
1416
1416
1417
1429
1429
1429
1417
1417
1417
1341
1429
1429
1429
628
628
628
628
628
1429
628
1344
1343
1343
1344
1343
1344
1343
1417
1343
1344
1341
1401
1401
1401
1343
1401
635
636
636
636
1343
1872
635
636
1343
636
1416
1416
1872
1872
635
635
636
636
1831
635
1831
1831
1831
1833
1833
1833
1833
1833
2894
2894
1833
2894
1833
1833
1831
1831
1831
1833
635
1872
1872
635
1872
1416
1416
1416
636
635
636
1831
1539
1539
1539
1539
1539
1539
1539
1539
1539
1539
1539
1539
1539
1539
1539
1539
1539
1539
1539
1539
1539
1539
1539
1539
1539
1539
1539
1539
1539
1539
1416
1416
1872
1872
1539
628
628
628
628
628
628
628
628
628
628
628
628
628
628
628
628
628
628
628
628
628
628
628
628
628
628
628
628
628
628
628
628
628
628
628
628
628
628
628
628
628
628
628
628
628
628
628
628
628
628
628
628
628
628
628
628
628
628
628
628
628
628
628
628
628
628
628
628
628
628
628
628
628
628
628
628
628
628
628
628
628
628
628
628
628
628
628
628
628
628
628
628
628
628
628
628
628
628
628
628
628
628
628
628
628
628
628
628
628
628
628
628
628
628
628
628
628
628
628
628
628
628
628
1429
1429
628
628
1429
1429
1429
628
1429
628
1429
628
628
628
628
1429
1417
1417
1429
1417
1417
1417
1417
1417
1429
1429
1429
1429
1429
1429
1429
1429
1429
1429
1429
1429
1429
1429
1429
1429
1429
1429
1429
1429
1429
1429
1429
1429
1429
1429
1417
1417
1429
1417
1417
1417
1429
1429
1429
1429
1429
1429
1429
1429
628
628
628
628
628
1429
628
1417
1417
1417
1417
1416
1416
1416
1417
1539
1417
1417
1417
1429
1429
1417
1429
1417
1429
1429
1429
1417
1539
1539
1539
1539
1539
1539
1539
1539
1539
1539
1539
1539
1539
1539
1539
1539
1539
1539
1539
1539
1539
1539
1416
1416
1416
1416
1416
1416
1416
1416
1416
1416
1417
1416
1539
1539
1416
1539
1539
1539
1539
1539
1872
1872
1343
1344
1416
1509
1509
1509
1416
1872
1539
628
628
628
628
628
628
628
628
628
628
628
628
628
628
628
628
628
628
628
628
628
628
628
628
628
628
628
628
628
628
628
628
628
628
628
628
628
628
628
628
628
628
628
628
628
628
628
628
628
628
628
628
628
628
628
628
628
628
628
628
628
628
628
628
628
628
628
628
628
628
628
628
628
628
628
628
628
628
628
628
628
628
628
628
628
1429
1429
1429
1429
1429
1341
1341
1429
1429
1429
1429
1429
1429
1429
1429
1429
1429
1429
1429
1429
1429
1429
1429
1429
1417
1417
1417
1417
1417
1417
1417
1344
1344
1343
1343
1344
1341
1344
1341
1343
1343
1509
1509
636
636
636
1341
1429
1429
1341
1341
1344
1343
1401
1401
1401
1341
1429
1341
1429
628
628
1197
1197
1197
1197
1197
1197
1197
1197
1197
1197
1197
1197
1197
1197
1197
1197
1197
1197
1197
1197
1197
1197
1197
1197
1197
1197
1197
1197
1197
1197
1424
1424
1424
1197
1197
1197
1197
1197
1197
1197
1197
1197
1197
1424
1424
1424
1197
1197
1197
1197
1197
1197
1197
1197
1197
1197
1197
1197
1197
1197
1197
1197
1197
1197
1197
1197
1197
1197
1197
1197
1197
1197
1197
1197
1197
1197
1197
1197
1197
1197
1197
1197
1197
1197
1197
1197
1197
1197
1197
1197
1197
1197
1197
1197
1197
1197
1197
1197
1197
1197
1197
1197
1197
1197
1197
1197
1197
1197
1197
1197
1197
1197
1197
1197
1197
1197
1197
1197
1197
1197
1197
1197
1197
1197
1197
1197
1197
1197
1197
1197
1197
1197
1197
1197
1197
1197
1424
1424
1424
1197
1197
1197
1197
1197
1197
1197
1197
1197
1197
1197
1197
1197
1197
1197
1197
1197
1197
1197
1197
1197
1197
1197
1197
1197
1197
1197
1424
1424
1424
1424
1424
1757
1424
1424
1757
646
646
646
646
1424
1757
6745
6745
6745
1424
1424
1197
1197
1197
1424
1424
1424
1424
1424
1424
1197
1197
1197
1197
1424
1424
1197
1424
1424
1424
1424
1424
1424
1424
1424
1197
1197
1197
1197
1197
1197
1197
1197
1197
1197
1197
1197
1197
1197
1197
1197
1197
1197
1197
1197
1197
1197
1197
1197
1197
1197
1197
1197
1197
1197
1197
1197
1197
1197
1197
1197
1197
1197
1197
1197
1197
1197
1197
1197
1197
1197
1197
3127
3127
3127
3127
3127
3127
3127
3127
3127
3127
3127
3127
3127
3127
3127
3127
3127
3127
3127
3127
3127
1223
1278
1355
1278
3127
3127
3127
3127
3127
3127
3127
3127
3127
3127
1223
1223
3127
1223
3127
1223
1278
1278
3127
3127
1535
1535
1535
1535
1535
3127
3127
1535
1535
1535
3127
1535
1535
1535
1535
1535
1535
1535
1535
3127
3127
3127
3127
1535
3127
3127
3127
3127
3127
3127
3127
3127
3127
3127
3127
1535
1535
1535
3127
1535
1535
1535
1535
1535
1535
1535
1535
3127
3127
3127
3127
3127
1535
1535
1535
1535
1535
3127
3127
3127
3127
3127
3127
3127
3127
3127
3127
3127
3127
3127
3127
3127
3127
3127
3127
3127
3127
3127
3127
1223
1223
3127
1355
3127
1223
1223
1355
1355
1355
3127
3127
1355
1278
1355
1355
1355
1355
1355
3127
3127
1167
1167
590
1167
1167
1355
590
590
590
1167
3127
1535
3127
3127
3127
3127
3127
3127
3127
1535
3127
1535
1535
1535
1535
1535
1535
1535
1535
1535
1535
1535
1535
1535
1535
1535
1535
1535
1535
3127
1535
3127
3127
3127
3127
3127
3127
1535
1535
3127
3127
3127
3127
3127
1535
1535
1535
1535
3127
3127
3127
3127
3127
3127
3127
3127
1535
1535
3127
1535
3127
3127
3127
3127
3127
3127
3127
3127
3127
3127
3127
3127
3127
3127
3127
3127
3127
3127
3127
1535
1535
1535
1535
1535
1535
1535
1535
3127
1535
1535
1535
1535
1535
1535
1535
1535
1535
1535
1535
1535
1535
1535
1535
1535
1535
1535
1535
1535
1535
1535
1535
1535
3127
3127
3127
3127
3127
3127
3127
3127
3127
3127
3127
3127
3127
1278
3127
1278
3127
1223
628
628
628
628
628
628
628
628
628
628
628
628
628
628
628
628
628
628
628
628
628
628
628
628
628
628
628
628
628
628
628
628
628
628
628
628
628
628
628
628
628
628
628
628
628
628
628
628
628
628
628
628
628
628
628
628
628
628
628
628
2843
2843
2845
1496
2826
1496
2826
2826
2826
2826
2826
2826
2826
2826
2826
2826
1268
2825
2825
2825
2826
2826
2826
2825
2825
2825
1268
2826
2825
2825
1497
2825
2825
2826
2826
1060
1060
1060
1060
1266
1060
1060
1060
1060
2826
1266
2826
1058
2852
1060
1150
1060
1060
1060
1149
1060
1496
1496
2825
1496
1496
1496
1496
1496
1494
1494
1496
1494
1113
3180
1496
1113
1496
1113
1496
1113
2826
2826
2826
2825
2825
2852
1266
2826
1266
1266
1057
2826
2843
2826
2843
2843
2826
2826
2843
2843
2826
2826
2843
895
2845
895
2845
2845
895
895
895
895
895
2851
895
2851
895
2850
2851
895
2851
2851
2851
2851
895
895
895
895
2851
895
1135
133
133
729
133
133
133
133
133
133
134
133
134
134
133
133
260
134
957
957
957
957
957
957
957
957
957
957
133
957
133
133
1145
233
957
233
1144
233
347
347
233
347
233
233
1144
347
1144
123
957
1144
1144
957
134
134
134
134
134
133
134
133
1
133
135
135
135
133
135
1
1
1
133
133
133
133
133
133
133
133
133
133
1
134
2
2
133
133
133
133
133
133
729
133
133
133
133
133
1145
133
955
955
957
957
1145
957
957
957
957
957
957
1145
957
750
729
729
729
729
729
729
729
3007
750
729
750
750
750
750
6476
6476
750
751
6476
751
751
751
752
752
751
751
750
750
751
751
752
752
3026
6476
6476
6476
3026
3026
3026
3026
2850
3026
752
2850
6476
6476
6476
6476
6476
750
750
3007
3007
750
729
3007
750
729
750
2932
750
2932
4241
4241
4241
133
4241
6312
6312
4256
6312
4256
4256
4256
4256
133
133
133
133
729
729
729
729
729
729
729
729
729
729
729
729
729
3087
3137
729
3137
3137
3137
3087
3087
3087
1145
1145
1145
729
1145
729
3007
3007
3007
2932
2932
2951
2951
3007
3007
729
1145
1145
957
957
957
957
957
4541
4541
4541
4541
4541
4541
4541
4541
4541
4541
4496
4559
4496
4496
4541
4540
4496
4496
4496
4496
4496
4539
4539
4539
4496
4541
4541
4541
4496
4496
4496
4496
4496
4496
4496
4496
4496
4496
4496
4496
4496
4540
4540
4541
1525
1082
1525
1525
1525
1525
4541
4541
4541
4541
4559
4559
4559
4541
4559
4559
4559
4559
6873
6873
6873
4559
4559
6873
6873
6873
6873
4559
4559
4541
4541
4559
4541
4541
6873
6873
4541
6873
6873
4534
6873
6873
4534
6873
6873
4541
4541
4541
4541
4541
4559
4559
4559
1062
6873
4559
1062
1062
1062
1062
1062
1062
1062
1062
1062
1524
1524
1524
1524
1524
1524
1524
1524
1524
1524
1524
1524
1524
1523
1523
996
1524
1524
1523
6871
4534
1062
1062
4534
4534
4534
4534
4534
4534
4534
4534
4534
6871
6871
4534
6871
4506
4844
4844
4844
4844
4844
4844
4844
4844
3141
4134
4134
3120
3120
3121
4628
3120
3120
3121
3120
3120
3120
3142
3120
3142
3142
3142
3142
883
3142
3142
3141
3142
3141
3142
3142
3141
3141
883
3141
886
3141
3120
3142
3482
3120
3120
3120
3120
3120
3120
3120
3120
3120
3120
3142
3141
3142
6304
6304
6305
3141
6305
6305
6305
6305
3121
3121
4628
3121
4330
4628
3121
3485
3121
3120
3120
3485
3121
3120
3120
3485
3485
3121
3121
3121
3121
3121
3120
3121
4437
4628
4628
4628
4628
4629
4437
4437
4437
4629
4629
4437
4629
4438
4437
4437
4629
4438
4628
4438
4628
4628
4628
4628
4628
4226
4437
4437
4226
6304
4628
4438
4438
4628
4628
4628
4628
4842
3485
3485
3485
3485
3485
3485
3485
3485
4284
4284
6304
4211
4284
4211
4211
4211
4213
4211
4213
4213
4213
4213
4213
4213
4213
4213
4213
4213
4213
4213
4213
4213
4213
4213
4213
4213
4211
4379
6305
4379
4379
4379
4379
6305
6305
4213
4213
4380
6305
6305
6305
4211
4378
6305
4378
6305
4378
6305
4211
6305
6305
4380
4214
4213
4213
4213
4214
4213
4213
4213
4213
4213
4213
4213
4213
4213
4213
4213
4213
4213
4213
4213
4226
4213
4226
4213
4213
4213
4559
4845
841
841
4559
4559
4559
4541
4540
4541
1248
3119
1248
1248
3121
3485
3485
3121
3121
3121
3121
3121
3121
3121
3121
3120
3121
3121
3121
3121
3121
3485
3121
3485
3121
3121
3121
3485
1248
3485
1248
4642
4642
4846
4663
4642
4642
4845
3141
3485
4541
4541
4541
4541
4496
4496
4541
3485
3141
3141
3485
3485
3141
3141
3119
4664
4559
4664
4663
4642
4642
4642
4638
4642
4642
4642
4642
4638
4638
4638
4642
4642
4642
4642
4638
4638
4638
4638
4638
4640
4638
4638
6735
6735
836
836
836
836
836
833
836
836
1263
1263
1263
1263
1263
1263
1263
1263
1186
1186
1186
6735
1186
1144
1144
1144
1186
3084
1263
3082
3082
1144
1144
1146
3082
1263
1263
1263
1263
1263
1263
1263
3082
3082
3082
3082
3082
3084
3082
3082
1263
1263
1263
1263
1263
1263
1263
855
1263
855
3082
850
3082
1263
833
833
903
903
903
903
903
903
903
903
903
903
903
903
6735
903
6735
6735
6735
6735
6735
6735
6734
6735
6734
6833
6734
6735
6734
6735
6735
6735
6735
1186
1145
1145
1145
1145
1145
1145
1145
1145
1145
1145
1145
6735
1185
1185
1185
6721
6726
6736
6736
6610
6736
6735
1185
1145
1145
1145
1145
1185
1185
1369
1369
1369
1185
1145
1145
1145
1145
1145
1144
1144
1144
1145
1144
1145
1145
1145
1145
1145
1144
1145
1145
1145
1186
6735
6735
6735
6734
6734
6734
6833
6834
6729
6833
6734
6734
6734
6734
6734
6734
6834
6834
6834
6729
6728
6728
6729
6834
6834
6833
6599
6610
6608
6599
6611
6605
6607
6724
6721
6723
6723
6726
6721
6725
6725
6734
6736
6745
6745
646
646
6743
6743
6745
6743
6743
6743
6743
6743
6745
6745
646
6745
1757
646
1757
1757
1757
1757
1424
1424
1424
1424
1424
1424
1424
1424
1424
1424
1197
1197
1424
1197
1424
1757
1757
1424
6745
6745
6745
6745
6745
6745
6745
6745
6745
6745
6745
6745
6745
6745
6745
6745
6745
6745
6745
6745
6745
6743
6743
6743
6743
6741
6741
6743
6741
6741
6741
6738
6738
6738
6741
6738
6741
6738
6745
6745
6752
6743
6741
6741
6738
6741
6738
6741
6738
6744
6743
6743
6743
6745
6745
6745
6745
6745
6745
6745
6745
6745
6745
6743
6743
6741
6741
6741
6745
6743
6741
6745
6745
1757
1424
1424
6745
647
6745
1757
6745
1424
1424
1757
1424
1424
1424
1424
6745
1757
1424
6743
6743
6743
6745
6745
6745
6745
1424
1424
1424
1424
1424
647
647
1424
6745
6745
6741
6741
6741
6741
6745
647
6745
647
6741
6738
1424
1424
1424
1424
1424
1424
1424
1424
1424
1197
1424
6743
6741
6741
6743
6743
6743
6745
6745
6743
6741
6741
6745
6743
6745
6745
6745
6745
6745
6745
6745
6745
6745
6745
6743
6743
6745
6743
6745
6427
6427
6427
6427
6427
6427
6743
6738
6738
6743
6741
6427
6427
6427
6427
6427
6427
6745
6741
6738
6738
6744
6744
6738
6744
6745
6427
6427
6427
6427
6430
6427
6427
6745
6745
6427
6745
6743
6745
6745
6745
6745
6427
6430
6430
6427
6430
6745
6427
6745
6430
6427
6427
6427
6427
6427
6427
6745
6745
6743
6745
6743
6745
6745
6745
6738
6738
6744
6739
6744
6739
6738
6738
6744
6744
6744
6744
6714
6680
6744
6744
6680
6714
6714
6714
6714
6744
6744
6738
6738
6738
6738
6744
6744
6738
6744
6744
6744
6738
6738
6738
6745
6745
647
647
6745
647
6744
6744
6744
6744
6714
6687
6687
6687
6744
6687
6687
6687
6687
6687
6687
6687
6687
6687
6744
6744
4414
4687
4687
4687
242
192
112
242
242
115
191
191
2816
189
189
112
115
243
2782
115
108
107
5
5
106
115
2780
115
2806
115
342
115
115
115
115
189
192
4687
4687
4687
4687
4687
4687
4687
192
5
4687
4687
189
7
134
3
3
9
240
240
9
4687
4687
4414
4687
4687
4687
4687
4687
4413
4687
4413
4413
4687
4413
4413
140
4687
4687
4687
6308
6308
4687
4687
4687
6308
4687
4687
4687
4687
4687
4687
4687
240
50
50
54
97
54
55
284
55
284
50
50
54
3127
590
590
3127
1278
3127
1278
3127
1278
1278
3127
1223
3127
3127
3127
3127
3127
3127
590
590
590
590
590
590
1499
590
1499
590
590
590
590
590
590
696
593
668
1299
696
668
668
696
589
593
668
668
1463
1463
1463
1463
1463
1463
668
668
1299
668
668
590
590
590
590
590
590
590
590
590
590
590
589
590
590
590
590
3127
3127
3127
590
590
590
590
590
590
590
590
590
590
590
590
590
590
590
589
590
590
589
590
593
696
590
590
590
590
590
1499
590
3127
1355
1167
1278
3127
3127
3127
1278
590
3127
590
1223
3127
1223
1278
3127
3127
590
590
1167
590
590
590
590
590
590
590
590
590
590
590
590
590
590
590
590
590
590
590
590
590
590
1499
590
1499
590
590
590
590
668
590
590
668
668
668
696
668
590
3127
590
696
668
668
668
668
668
1463
1463
1463
696
593
589
593
589
593
590
590
590
590
590
590
590
590
590
590
590
590
590
590
590
590
590
590
590
590
593
696
593
668
668
696
1463
1463
1463
1463
1463
1461
1461
1463
1463
1461
1461
1461
1461
1461
1463
1463
1463
668
668
668
696
593
668
700
700
593
590
700
593
668
668
6025
6025
6025
6025
6025
6025
6025
6025
6025
6025
6025
6025
6025
6025
6025
6025
6025
6025
6025
6025
6025
6025
6025
6025
6025
6025
6025
6025
6025
6025
6025
6025
6025
6025
6025
6025
6025
6025
6025
6025
6025
6025
6025
6025
6025
6025
6025
6025
6025
6025
6025
6025
6025
6025
6025
6025
6025
6025
6025
6025
6025
6025
6025
6025
6025
6025
6025
6025
6025
6025
6025
6025
6025
6025
6025
6025
6025
6025
6025
6025
6025
6025
6025
6025
6025
6025
6025
6025
6025
6025
6025
6025
6025
6025
6025
6025
6025
6025
6025
6025
6025
6025
6025
6025
6025
6025
6025
6025
6025
6025
6025
6025
6025
6025
6025
6025
6025
6025
6025
6025
6025
6025
6025
6025
6025
6025
6025
6025
6025
6025
6025
6025
6025
6025
6025
6025
6025
6025
6025
6025
6025
6025
3219
3219
3219
3219
3219
3219
3219
3219
3219
3219
3219
3219
3219
3219
3219
3219
3219
3219
3219
3219
3219
3219
3219
3219
3219
3219
3219
3219
3219
3219
3219
3219
3219
3219
3219
3219
3219
3219
3219
3219
3219
3219
3219
3219
3219
3219
3219
3219
3219
3219
3219
3219
3219
3219
3219
3219
3219
3219
3219
3219
3219
3219
3219
3219
3219
3219
3219
3219
3219
3219
3219
3219
3219
3219
3219
3219
3219
3219
3219
3219
3219
3219
3219
3219
3219
3219
3219
3219
3219
3219
3219
3219
3219
3219
3219
3219
3219
3219
3219
3219
3219
3219
3219
3219
3219
3219
3219
3219
3219
3219
3219
3219
3219
3219
3219
3219
3219
3219
3219
3219
3219
3219
3219
3219
3219
3219
3219
3219
3219
3219
3219
3219
3219
3219
3219
3219
3219
3219
3219
3219
3219
3219
3219
3219
3219
3219
3219
3219
3219
3219
3219
3219
3219
3219
3219
3219
3219
3219
6025
6025
6025
6025
6025
6025
6025
6025
6025
6025
6025
6025
6025
6025
6025
6025
6025
6025
6025
6025
6025
6025
6025
6025
6025
6025
6025
6025
6025
6025
6025
6025
6025
6025
6025
6025
6025
6025
6025
6025
6025
6025
6025
6025
6025
6025
6025
6025
6025
6025
6025
6025
6025
6025
6025
6025
6025
6025
6025
6025
6025
6025
6025
6025
6025
6025
6025
6025
6025
6025
6025
6025
6025
6025
6025
6025
6025
6025
6025
6025
6025
6025
6025
6025
6025
6025
6025
6025
6025
6025
6025
6025
6025
6025
6025
6025
6025
6025
6025
6025
6025
6025
6025
6025
6025
6025
6025
6025
6025
6025
6025
6025
6025
6025
6025
6025
6025
6025
6025
6025
6025
6025
6025
6025
6025
6025
6025
6025
6025
6025
6025
6025
6025
6025
6025
6025
6025
6025
6025
6025
6025
6025
6025
6025
6025
6025
6025
6025
6025
6025
6025
6025
6025
6025
6025
6025
6025
6025
6025
6025
6025
3219
3219
3219
3219
3219
3219
3219
3219
3219
3219
3219
3219
3219
3219
3219
3219
3219
3219
3219
3219
3219
3219
3219
3219
3219
3219
3219
3219
3219
3219
3219
3219
3219
3219
3219
3219
3219
3219
3219
3219
3219
3219
3219
3219
3219
3219
3219
3219
3219
3219
3219
3219
3219
3219
3219
3219
3219
3219
3219
3219
3219
3219
3219
3219
3219
3219
3219
3219
3219
3219
3219
3219
3219
3219
3219
3219
3219
3219
3219
3219
3219
3219
3219
3219
3219
3219
3219
3219
3219
3219
3219
3219
3219
3219
3219
3219
3219
3219
3219
3219
3219
3219
3219
3219
3219
3219
3219
3219
3219
3219
3219
3219
3219
3219
3219
3219
3219
3219
3219
3219
3219
3219
3219
3219
3219
3219
3219
3219
3219
3219
3219
3219
3219
3219
3219
3219
3219
3219
3219
3219
3219
5390
5390
5390
5390
5390
5390
5390
5390
5390
5390
5390
5390
5390
5390
5390
5390
5390
5390
5390
5390
5390
5390
5390
5390
5390
5390
5390
5390
5390
5390
5390
5390
5390
5390
5390
5390
5390
5390
5390
5390
5390
5390
5390
5390
5390
5390
5390
5390
5390
5390
5390
5390
5390
5390
5390
5390
5390
5390
5390
5390
5390
5390
5390
5390
5390
5390
5390
5390
5390
5390
5390
5390
5390
5390
5390
5390
5390
5390
5390
5390
5390
5390
5390
5390
5390
5390
5390
5390
5390
5390
5390
5390
5390
5390
5390
5390
5390
5390
5390
5390
5390
5390
5390
5390
5390
5390
5390
5390
5390
5390
5390
5390
5390
5390
5390
5390
5390
5390
5390
5390
5390
5390
5390
5390
5390
5390
5390
5390
5390
5390
3087
3087
3087
3087
3087
3087
3087
3087
3087
3087
3087
3087
3087
3087
3087
3087
3087
3087
3087
3087
3087
3087
3087
3087
3087
3087
3087
3087
3087
3087
3087
3087
3087
3087
3087
3087
3087
3087
3087
3087
3087
3087
3087
3087
3087
3087
3087
3087
3087
3087
3087
3087
3087
3087
3087
3087
3087
3087
3087
3087
3087
3087
3087
3087
3087
3087
3087
3087
3087
3087
3087
3087
3087
3087
3087
3087
3087
3087
3087
3087
3087
3087
3087
3087
3087
3087
3087
3087
3087
3087
3087
3087
3087
3087
3087
3087
3087
3087
3087
3087
3087
3087
3087
3087
3087
3087
3087
3087
3087
3087
3087
3087
3087
3087
3087
3087
3087
3087
3087
3087
3087
3087
3087
3087
3087
3087
3087
3087
3087
4166
4166
4166
4166
4166
4166
4166
4166
4166
4166
4166
4166
4166
4166
4166
4166
4166
4166
4166
4166
4166
4166
4166
4166
4166
4166
4166
4166
4166
4166
4166
4166
4166
4166
4166
4166
4166
4166
4166
4166
4166
4166
4166
4166
4166
4166
4166
4166
4166
4166
4166
4166
4166
4166
4166
4166
4166
4166
4166
4166
4166
4166
4166
4166
4166
4166
4166
4166
4166
4166
4166
4166
4166
4166
4166
4312
4312
4312
4312
4312
4312
4312
4312
4312
4312
4312
4312
4312
4312
4312
4312
4312
4312
4312
4312
4312
4312
4312
4312
4312
4312
4312
4312
4312
4312
4312
4312
4312
4312
4312
4312
4312
4312
4312
4312
4312
4312
4312
4312
4312
4312
4312
4312
4312
4312
4312
4312
4312
4312
4312
4312
4312
4312
4312
4312
4312
4312
4312
4312
1742
1742
1742
1742
1742
1742
1742
1742
1742
1742
1742
1742
1742
1742
1742
1742
1742
1742
1742
1742
1742
1742
1742
1742
1742
1742
1742
1742
1742
1742
1742
1742
1742
1742
1742
1742
4166
4166
4166
4166
4166
4166
4166
4166
4166
4166
4166
4166
4166
4166
4166
4166
4166
4166
4166
4166
4166
4166
4166
4166
4166
4166
4166
4166
4166
4166
4166
4166
4166
4166
4166
4166
4166
4166
4166
4166
4166
4166
4166
4166
4166
4166
4166
4166
4166
4166
4166
4166
4166
4166
4166
4166
4166
4166
4166
4166
4166
4166
4166
4166
728
728
728
728
728
728
728
728
728
728
728
728
728
728
728
728
728
728
728
728
728
728
728
728
728
728
728
728
728
728
728
728
728
728
728
728
4312
4312
4312
4312
4312
4312
4312
4312
4312
4312
4312
4312
4312
4312
4312
4312
4312
4312
4312
4312
4312
4312
4312
4312
4312
4312
4312
4312
4312
4312
4312
4312
4312
4312
4312
4312
4312
4312
4312
4312
4312
4312
4312
4312
4312
4312
4312
4312
4312
4312
4312
4312
4312
4312
4312
4312
4312
4312
4312
4312
4500
4500
4500
4500
4500
4500
4500
4501
4501
4501
4545
4545
4501
4502
4502
4545
4546
4546
4637
4637
4636
4637
4502
4502
4502
4502
4545
4636
4636
4637
4637
4637
4502
5193
5193
5193
5193
5193
5193
5193
5193
5036
5036
5193
5193
5193
5036
5084
5084
5084
4505
4844
4506
4505
4844
4506
4534
4534
4505
4534
4534
6873
4534
4534
4534
4534
4504
4534
6357
6357
4743
6357
4743
6357
4743
6357
6357
4743
4743
6360
6360
4743
6357
6360
6360
6357
4743
4743
4658
4658
3419
3419
3419
3333
3333
3419
3333
3333
3333
3419
3333
3419
3333
3333
3333
3333
3333
3333
3333
3333
3333
3333
3325
3333
3325
3333
3333
3333
3326
3325
3325
3326
4131
3326
3326
3326
3333
3325
3326
3333
3333
3333
3333
849
850
849
906
906
849
906
6735
6735
6735
6870
6870
906
6870
906
849
849
849
849
849
6870
6781
849
6833
6833
6817
6817
6816
849
849
849
905
905
905
849
905
905
874
849
6325
6325
905
874
874
5012
4742
5012
4742
5366
4742
5366
4866
4742
4742
4887
4742
4279
4282
4279
4279
4854
4854
4854
4854
4857
4857
4888
4744
4888
4744
4744
4888
4742
4853
4865
4844
4844
4844
4844
4664
4844
4844
4664
4664
4844
4664
4664
4664
4640
4640
4640
4637
4637
4844
4637
4637
4636
4640
4640
4640
4640
4640
4638
1523
1523
1523
1523
1523
1524
1523
1524
1524
1524
1524
1524
1524
1523
1523
1523
1523
996
1524
1524
1524
1524
1525
1524
1525
1525
1060
1060
1525
1524
1060
1524
1524
1524
1523
1523
1523
1060
1060
1060
1060
1060
1060
1524
1060
1524
1524
1060
1060
1234
1234
1234
1260
1260
1260
1260
1260
1260
1260
1260
1260
1260
1260
1260
1260
1260
1260
1260
1260
1260
1260
1260
1260
1260
1260
1260
1260
1260
1260
1260
1260
1260
1260
1260
1260
1260
1260
1260
1260
1260
1260
1747
1748
1628
1628
1628
1628
1628
1614
1614
1614
1614
1614
1614
1614
1614
1614
1614
1614
1614
1614
1614
1614
1614
1614
1614
1053
1068
5115
5116
5118
5118
5118
4445
4445
4445
3419
4445
3334
3334
3334
4445
4465
4465
4445
4445
4445
4445
4445
4445
4445
4445
4445
4445
4445
4445
4445
4445
4445
4445
4465
4465
4465
4465
4465
4465
4213
4381
4467
4465
4465
4465
4465
4465
3334
4213
4213
4213
4213
3419
3419
3380
4213
4213
4213
4213
4213
4213
4213
4252
4737
4467
6305
6305
6305
6305
4465
6305
4465
4465
6305
6305
6306
4379
6306
6306
4213
4226
4226
4213
3873
3879
3709
3873
3879
3879
3873
3873
3873
4447
4447
4392
3879
3879
3881
3880
3710
3710
3881
3709
3708
3708
3710
3709
3710
3709
3709
907
3709
3709
3709
3709
3710
4857
4845
4845
4845
4845
4561
4663
4131
4561
4752
4131
4131
4131
4134
4226
4134
4134
3326
4131
4131
4226
3326
4226
4131
3326
3326
3326
3326
3326
3326
3326
4638
4638
4638
4638
4638
4640
4640
4640
4637
4640
4640
4640
4640
4638
4637
4638
4642
4641
4641
4641
4641
4641
4641
4641
4641
4641
4641
4576
4641
4642
4642
4642
4576
4593
5001
5001
5001
4593
3485
3485
1248
4641
4641
4641
4593
3119
5001
3485
3485
3485
3485
3485
3485
3485
3121
1248
3485
3485
4641
4641
4641
4641
4642
4642
4642
4642
4641
4641
4131
4628
4629
4437
4629
4629
4629
4629
4629
4629
4629
4437
4437
4629
4398
4398
4398
4398
4398
4398
4398
4437
4398
4398
4398
4398
4437
4398
4398
4583
4583
4583
4398
4398
4398
4398
4398
4398
4398
4629
4629
4629
4629
4629
4629
4629
4629
4629
4629
4629
4629
4629
4629
4437
4629
4629
4437
4629
4629
4629
4437
4629
4629
4629
4629
4629
4629
4398
4629
4629
4629
4629
4398
4398
4398
4398
4398
4398
4437
4437
4437
4628
4628
4628
4628
4628
4629
4629
4629
4629
4437
4437
4629
4629
4629
4437
4437
4437
4629
4437
4437
4437
4437
4629
4437
4437
4629
4629
4437
4437
4437
4398
4398
4398
4628
4628
4628
4629
4438
4628
4628
4438
4628
4629
4629
1539
1539
1539
1539
1539
1539
1539
1539
1539
1539
1539
1539
1539
1539
1539
1539
1539
1539
1539
1539
1539
1539
1539
1539
1539
1539
1539
1539
1539
1539
1539
1539
1539
1539
1539
1539
1539
1539
1539
1539
1539
1539
1539
1539
1539
1539
1539
1539
1539
1539
1539
1539
1539
1539
1539
1539
1539
1539
1539
1417
1429
1429
628
628
628
628
628
628
628
628
628
628
628
628
628
628
628
628
628
628
628
628
628
1539
1539
1539
1539
1539
1539
1539
1539
1539
1539
1539
1539
1539
1539
1539
1539
1539
1539
1539
1509
636
636
1831
1831
1831
1833
1833
1831
636
1831
1833
1833
1833
1833
1833
1833
1833
1833
2894
2894
2894
1833
1833
1833
1833
1831
1833
1831
1833
636
1831
636
1509
1831
636
1833
1833
1833
1833
2894
2894
2894
1833
2894
2894
2894
636
1831
1833
1833
1833
1833
2894
2894
2894
2894
2894
2894
2894
2894
2894
2894
1833
1833
1833
2894
2894
2894
2894
1833
635
628
628
628
1429
1429
1429
1429
1429
1429
1429
1429
1429
1429
1429
1429
1429
1429
1429
1429
1429
1429
1429
1429
1429
1429
1429
1429
1429
1429
1429
1429
1429
1429
1429
1197
1424
1424
1424
1197
1197
1197
1197
1197
1197
1575
1575
1575
1575
1575
1575
1575
1575
1575
1575
1575
1575
1575
1575
1575
1575
1575
1575
1575
1575
1575
1575
1575
1575
1575
1575
1575
1575
1575
1575
1575
1575
1575
1575
1575
1575
1575
1575
1575
1575
1628
1628
1628
1628
1628
1628
1628
1628
1628
1628
1628
1628
1628
1628
1628
1628
1628
1628
1628
1628
1628
1628
1628
1628
1628
1628
1628
1628
1628
1628
1628
1628
1628
1628
1628
1535
1535
1535
3127
3180
1137
3180
1137
890
3125
2931
3019
3125
3125
890
3125
3019
890
3019
3019
1252
3020
3020
3020
3020
3020
3020
3020
3019
3020
3020
3019
1252
1252
2834
2834
3019
1252
1252
890
1494
1137
890
3180
2834
890
2834
1252
1252
2834
890
2931
2931
2915
2931
2915
2931
2834
2915
2915
3186
2915
2915
2834
2834
3179
3179
3180
1137
1252
3020
1252
3020
3020
3020
3020
3020
3020
3020
3020
3020
1252
3020
3020
3020
3180
3180
1533
1113
1113
1132
1113
1135
1135
2851
2851
2851
2851
2851
2851
2850
2851
2850
2850
2850
2850
2850
2851
2851
2850
2850
2850
2850
2850
2850
2850
2850
2850
2851
2851
2851
2851
2851
2851
2851
2851
2851
2851
2851
2850
2850
751
2850
2850
2850
3026
751
751
751
751
751
751
751
751
751
751
751
2850
2850
2850
2851
2851
2843
895
2843
2843
2843
2845
2843
2850
1213
2850
2851
886
2851
2851
886
886
2851
886
883
886
2851
883
2843
883
883
3482
2845
2843
2826
3482
2826
3482
2826
2826
2826
2826
2826
1268
4496
3141
4496
3141
3482
4539
4539
3141
3482
3482
3482
3482
3482
3482
3482
3482
1266
1266
4496
1266
1058
1525
1525
1266
1266
2826
2826
1497
1497
1497
2825
1495
2915
3021
2834
1252
1252
3020
3020
1252
3020
1252
3020
3020
3020
3020
1252
2834
2834
3020
3020
3020
3020
3020
3020
3021
3021
2834
2834
2834
2834
2834
3019
1252
3020
3020
3020
3020
3020
3020
3020
3020
3020
3020
3020
3020
3020
3020
3020
3020
3020
1252
1252
1252
1252
2834
2834
3020
3019
3020
1252
3020
3020
3020
3020
3020
3020
3020
3020
2834
2834
2834
2834
133
133
133
133
133
133
133
133
133
133
133
133
4464
4464
4464
133
4464
4464
133
133
4464
4464
4464
4446
4464
4464
4464
4464
4464
4464
4464
4465
133
133
133
4256
6306
4256
6306
4256
6306
4256
6306
6306
6306
6306
6306
6306
4465
133
6306
6306
6306
4256
6306
6306
4256
4695
3018
4256
4256
4256
6476
6476
3018
1525
1525
1525
1525
1058
1058
1058
1058
1060
1060
1525
1525
4437
4629
4629
4629
4629
4629
4629
4398
4398
4629
4398
4398
4398
4398
4398
4398
4398
4398
4398
4398
4398
4583
4583
4398
4583
4398
4398
4398
4398
4398
4437
4629
4629
4629
4629
4629
4629
4629
4629
4629
4398
4398
4398
4398
4398
4398
4583
4398
4398
4398
4583
4583
4398
4583
4629
4629
4629
4629
4398
4583
4398
4583
4583
4572
4572
4572
4572
4572
4572
4628
4628
4628
4629
4629
4629
3121
3120
3121
3120
3121
3120
3120
3120
3141
3141
3482
3142
3482
3482
3482
3141
3141
3141
3141
883
3482
1369
1369
1369
1185
1369
1369
1369
1369
1368
4645
4849
4603
4605
4605
4605
4605
4606
4623
4605
4623
4623
4623
4623
4605
4618
4849
6592
6588
6588
6588
1368
1368
310
907
1185
1185
1185
1185
1145
1185
1185
1145
1185
1185
1185
1145
1185
1145
1185
1145
1145
1145
1145
1145
1145
1145
1145
1145
1185
1145
1145
1145
1185
1185
1144
1145
1145
1145
1145
1145
1369
1369
1369
408
141
1369
1185
115
55
237
115
1369
1369
55
52
245
52
245
52
239
238
238
238
358
358
343
115
2803
122
2803
343
123
123
115
123
239
341
115
115
239
6744
6744
6744
6680
6744
6680
6714
6744
6744
6714
6744
6687
6744
6687
6687
6687
6690
6687
6687
6714
6714
6687
6680
6714
6680
6687
6690
6687
6714
6687
6680
6744
6744
6744
6687
6687
6687
6744
6744
6738
6738
6738
6743
6745
6745
6745
6745
6743
6738
6741
6738
6743
6738
6741
6680
6680
6744
6744
6738
6738
6744
6738
6744
6680
6680
6744
6680
6738
6744
6738
6741
6741
6745
6741
6745
6744
1424
1424
590
590
590
590
590
590
590
590
590
590
590
590
590
590
590
590
590
590
590
590
590
593
700
589
593
590
590
590
590
590
590
590
590
590
590
590
590
590
590
590
590
590
590
590
590
590
590
590
590
590
590
590
590
590
590
3219
3219
3219
3219
3219
3219
3219
3219
3219
3219
3219
3219
3219
3219
3219
3219
3219
3219
3219
3219
3219
3219
3219
3219
3219
3219
3219
3219
3219
3219
3219
3219
3219
3219
3219
3219
3219
3219
3219
3219
3219
3219
3219
3219
3219
3219
3219
3219
3219
3219
3219
3219
3219
3087
5153
4506
6872
4844
4844
1473
1473
1132
1473
1473
1132
1132
1132
1132
1132
1132
1126
1131
1132
1133
3188
1133
3188
1159
1131
1132
1129
1132
1129
1473
1129
1473
1473
1473
1473
1473
1472
1472
1472
1473
1473
1111
1111
1473
1473
1475
1473
1473
1474
1474
1474
1474
1475
1115
1115
1115
1115
1115
1115
1115
1115
1475
1474
1475
1115
1115
1115
1115
1475
1115
1115
3138
3137
3138
3138
3094
3137
3137
1115
3137
3137
2951
2951
1115
2951
3094
3094
3092
3094
3094
3094
3094
3094
1475
1475
1475
1115
1115
1115
1115
1115
1115
750
750
1115
750
750
750
2850
2850
1115
1115
2932
2932
2932
2932
2932
2932
2932
750
750
750
751
6873
996
1234
1260
1260
1260
1260
1260
1260
1260
1260
1260
1260
1260
1260
1260
1260
1260
1260
1260
1260
1260
1415
1104
1415
1415
1415
1260
1260
1415
1415
1415
1415
1415
1104
1104
1104
1415
1104
1104
1373
1372
1373
1372
1104
1373
1372
1372
1372
1104
1415
1104
1104
1415
1415
1415
1415
1415
1260
1234
1260
1260
1104
1104
1104
1373
1372
1372
1373
1372
1373
1372
1104
1373
1373
1372
1372
1372
1372
1372
1372
1372
1372
1372
1372
1372
1372
1372
1372
1372
1372
1372
1372
1372
1372
1372
1372
1372
1372
1372
1372
1372
1372
1372
1372
1372
1372
1372
1372
1372
1372
1372
1372
1372
1372
1372
1372
1372
1372
1372
1372
1372
1372
1372
1372
1372
1372
1372
1372
1372
1372
1372
1372
1372
1372
1373
1373
1372
3326
3326
3326
3326
3326
3326
4131
4131
4131
4131
4131
4131
4131
4131
4131
4226
4398
4398
4583
4583
4398
4583
4583
4572
4572
4572
4572
4572
4572
4572
4572
4572
4572
4943
4943
4943
4943
4943
4943
4572
4943
4572
4572
4943
4943
4572
4943
4943
4943
4572
4943
4572
4943
4943
4943
4943
4943
4572
4572
4572
4572
4943
4943
4943
4943
4943
4943
4572
4572
4572
4572
4572
4572
4572
4572
4943
4943
628
628
628
628
628
628
628
628
628
628
628
628
628
628
628
628
628
628
628
628
1539
1539
1539
1539
1539
1539
1539
1539
1539
1539
1197
1535
1535
1535
1535
1535
1535
1535
1535
1535
1535
1535
1535
1535
628
628
628
628
628
628
628
628
3141
3506
2850
2850
2850
2850
2850
3018
2850
3026
6305
6305
6305
6305
6305
3026
2850
4378
6476
6476
3506
4695
4256
6476
4256
3026
3026
3026
2850
3026
2850
2851
2851
2851
3121
3121
3121
3121
3121
3121
3121
3485
3485
4539
1144
1144
1144
1144
1144
1144
1144
1144
1144
1144
1145
1145
1144
1145
1144
1144
1144
957
1144
1146
1144
1146
957
1144
3081
1144
1144
1144
1144
1144
957
1145
1145
1145
1145
1145
1145
6745
6745
6427
6427
6427
6427
6427
6427
6430
6427
6427
6427
6430
6428
6428
6428
6428
6428
6428
6428
6428
6428
6428
6427
6428
6427
6428
6430
6427
6427
6427
6430
6428
6428
6427
6430
6427
6745
6427
6745
6745
6745
6428
6428
6428
6428
6428
6428
6428
6428
6428
6428
6428
6428
6428
6428
6428
6427
6427
6428
6427
6427
6428
6428
6427
6427
6427
6427
6427
6427
6745
6745
6427
6745
6427
6427
6427
6427
6427
6427
6427
6427
6427
6427
6427
6427
6428
6428
6427
6427
6745
6745
6745
6743
6743
6745
6745
6745
647
647
6680
6714
6714
6687
6687
6687
6687
6690
6714
6714
6742
6680
6680
6742
6680
6714
6744
6744
6745
6745
6745
6745
6745
6745
6745
6745
6745
6745
6427
6427
6745
6745
6745
6427
6427
6430
6430
6430
6745
4687
4687
4687
4687
4687
4687
4687
4689
4687
4687
4687
4687
4687
4687
4687
4689
4689
4689
4689
4446
4445
4445
4414
4687
4689
4687
4689
4687
4689
4687
4687
4689
4689
4689
134
4446
4446
4446
4446
4446
4446
4446
4446
4446
4446
4446
4446
161
4446
134
134
4446
4446
4446
4446
4445
4446
4445
4445
4446
4446
4446
4446
6308
4687
4687
6308
6308
4413
4413
4413
4973
4973
4973
4973
4649
4973
6556
6556
6556
4973
6556
6556
4973
4973
4973
6556
6556
6556
6556
6556
6556
6556
6556
3770
3165
3770
6556
6556
4973
4973
4973
4973
4973
4973
4973
4973
4973
4973
4413
6308
4147
6308
3770
3919
3919
3165
3919
3919
3770
6308
4687
593
668
696
593
668
668
1463
1463
668
1461
1461
1461
1461
1461
1463
1461
1461
1461
1461
1461
1461
1461
1461
1461
1461
1461
1461
1461
1461
1461
1461
1461
1461
1461
1463
1463
668
696
668
593
700
593
668
696
1463
1463
1461
1463
1461
668
1463
1461
1461
1461
1461
1461
1461
1461
1461
1461
1461
1461
1461
1461
1461
1461
589
6025
6025
6025
6025
6025
6025
6025
6025
6025
6025
6025
6025
6025
6025
6025
6025
6025
6025
6025
6025
6025
6025
6025
6025
6025
6025
6025
6025
6025
6025
6025
6025
6025
6025
6025
6025
6025
6025
6025
6025
6025
6025
6025
6025
6025
6025
6025
6025
6025
6025
6025
6025
6025
6025
6025
6025
6025
6025
6025
6025
6025
6025
6025
6025
6025
6025
6025
6025
6025
6025
6025
6025
6025
6025
6025
6025
6025
6025
6025
6025
6025
6025
6025
6025
6025
6025
6025
6025
6025
6025
6025
6025
6025
6025
6025
6025
6025
6025
6025
6025
6025
6025
6025
6025
6025
6025
6025
6025
6025
6025
6025
6025
6025
6025
6025
6025
6025
6025
6025
6025
6025
6025
6025
6025
6025
6025
6025
6025
6025
6025
6025
6025
6025
6025
6025
6025
6025
6025
6025
6025
6025
6025
6025
6025
6025
6025
6025
6025
6025
6025
4312
4312
4312
4312
4312
4312
4312
4312
4312
4312
4312
4312
4312
4312
4312
4312
4312
4312
4312
4312
4312
4312
4312
4312
4312
4312
4312
4312
4312
4312
4312
4312
4312
4312
4312
4312
4312
4312
4312
4312
4312
4312
4312
4312
4312
4312
4312
4312
4312
4312
4312
1473
1473
1473
1473
1473
1475
1473
6295
6801
4373
4373
3406
3406
3406
855
945
855
1263
1263
1263
1263
1263
3082
1263
3082
1263
1263
3081
1263
3084
3082
3082
1263
855
1263
1263
1263
1263
1373
1373
1372
1372
1373
1372
1372
1372
1372
1372
1372
1372
1372
1372
1372
1372
1372
1372
1372
1372
1372
1372
1372
1373
3919
3919
3919
3919
3919
3920
3770
3919
3920
3920
3919
3919
3769
3919
3919
3769
3770
3770
3769
3770
3769
3769
3919
3770
3770
3770
3770
3770
3770
3165
3165
3770
3770
3770
3770
3770
3770
3770
3770
3770
3770
3770
3770
1424
1424
3020
3020
3020
3020
3019
3019
3020
3020
3020
3020
3020
3020
3020
3020
3020
3020
3020
3020
3020
3020
3020
3503
3503
3020
3503
3503
3503
3503
3503
3020
3020
3020
3020
3020
3020
3020
3020
3020
3020
3020
3020
3020
3020
3020
3020
3020
3020
3020
3020
3020
3020
3020
3020
3020
3503
3503
3503
3020
3023
3023
3503
3023
3020
3023
3023
3503
3023
3023
3023
3020
3020
3020
3020
3503
3020
3020
3020
3020
3020
3020
3020
3020
3020
3020
3020
3020
3020
3087
3095
3095
3095
3095
3095
3095
1146
957
1146
957
956
957
1146
3095
3094
3084
3084
3084
3094
3095
3084
3084
3084
3084
3095
956
956
956
956
956
1145
3095
957
957
957
957
957
957
3087
3137
3094
3094
3094
3094
3137
3094
3094
3094
3083
3094
3094
3094
3084
3094
3094
3084
3084
3084
3094
3094
6579
6723
6592
6592
6590
6588
6588
6592
6588
6592
4622
4622
6588
4623
4623
4622
4622
4622
4622
4623
4622
4623
6590
6592
6592
6590
6592
4623
6587
6587
6587
4608
4608
4608
4605
4605
4608
4605
4605
4622
4605
4605
4605
4605
4605
4605
4605
4605
4605
4605
4605
4605
4605
4605
4605
4605
4600
4600
4600
905
905
905
905
905
4129
6322
6322
6322
4128
6322
4183
4602
4605
6485
6482
6322
238
110
106
106
5
5
3
3
3
4
4
3
1
1
3
5
3
123
5
2
1
6
2
1
4
4
4
136
135
137
137
3
136
135
133
135
3
1144
1144
1144
1144
1144
1144
1144
957
1145
957
1145
1145
1145
590
590
590
590
590
590
590
590
590
590
590
590
590
590
590
590
590
590
590
590
590
590
590
590
590
590
590
590
590
1463
1463
1461
1461
1461
1461
1461
1461
1461
1461
1461
1461
1461
1461
1461
1461
1461
1461
1461
1461
1463
1458
1458
1461
1461
1461
1458
1461
1461
1461
1461
1461
1461
1461
1461
1461
1461
1461
1461
1461
1461
1461
1461
1461
1461
1461
1461
1461
1461
1461
1461
1461
1463
1463
1461
1463
1461
1461
1463
1463
1463
1461
1461
1461
1461
1463
1463
1463
668
1463
1463
1463
1463
1461
1461
1463
1463
1463
1463
1463
1461
668
668
1461
1461
1461
1461
1461
1461
1461
1461
1461
1461
1461
1461
1461
1461
1461
1461
1461
1461
1461
1461
1461
1461
1461
590
590
590
590
590
590
590
590
590
590
590
590
590
590
590
590
590
590
590
590
590
590
590
590
590
4166
4166
4166
4166
4166
4166
4166
4166
4166
4166
4166
4166
4166
4166
4166
4166
4166
4166
4166
4166
4166
4166
4166
4166
4166
4166
4166
4166
4166
4166
4166
4166
4166
4166
3769
3769
3769
3769
3769
3811
3720
3688
3664
3811
3724
3809
3664
3811
3809
3820
3817
462
3817
3664
4339
3664
4319
4319
4339
4322
310
3720
3725
3725
3769
3725
3769
4226
1831
1833
1831
1833
1833
1833
1833
1833
2894
2894
2894
2894
2894
2894
2894
2894
2894
2894
2894
2894
2894
1833
1833
2894
2894
2894
2894
2894
2894
1833
1833
1831
1831
1833
1831
1833
1831
1833
636
636
1831
636
1831
1833
1833
1833
1833
2894
1833
1833
2894
1833
1833
1833
1833
1833
1833
2894
2894
2894
1833
2894
2894
2894
3084
3082
3219
3219
3219
3219
3219
3219
3219
3219
3219
3219
3219
3219
3219
3219
3219
3219
3219
3219
3219
3219
3219
3219
3219
3219
3219
3219
3219
3219
3219
3219
3219
3219
3219
3219
3219
3219
3219
3219
3219
3219
3219
3219
3219
3219
3219
3219
3219
3219
3219
3219
3219
4445
4446
4446
4446
4446
4446
4446
4446
4446
4446
4446
4446
4446
4446
4446
4446
4446
4446
4446
133
133
133
137
4446
4445
4465
4465
4445
4464
4465
4465
4465
4465
4446
1614
1614
1614
2
2794
2850
3026
3026
4378
4256
4379
6306
6305
3082
3084
3084
3084
6744
6744
1463
1461
1463
1461
1461
1461
1461
1461
1461
1461
1461
1461
1461
1461
1461
1461
1461
1461
1463
1463
1461
1463
1461
1461
1461
1461
1461
1461
1461
1461
1458
1461
1461
1461
1461
1461
1461
1461
1461
1458
1461
1461
1458
1461
1461
1461
1458
1458
6025
6025
6025
6025
6025
6025
6025
6025
6025
3219
3219
3219
3219
3219
3219
3219
3219
3219
3219
3219
3219
3219
3219
3219
3219
3219
3219
3219
3219
3219
3219
3219
3219
3219
3219
3219
3219
3219
3219
3219
3219
3219
3219
3219
3219
3219
3219
3219
3219
3219
3219
3219
3219
3219
3219
3219
3219
3219
3219
3219
3219
3219
3219
3219
3219
4128
6322
6322
6322
6322
6322
6322
6321
6322
6322
6321
6325
6321
6816
6816
6816
6487
6817
6816
6834
6816
6321
6816
6818
6321
6321
6321
6321
6321
6321
6321
6321
6487
849
6322
6321
6322
6487
6321
6321
6331
6487
6331
6323
6326
6326
6780
6780
6780
6326
6780
6326
6780
6818
6487
6330
6330
6330
6482
6485
6321
6330
6330
6330
4683
4683
6326
4683
6322
6485
6322
6486
6482
6330
6491
6485
6484
6484
6484
6484
6482
6322
6322
6322
6322
6322
6484
6484
6482
6482
6482
4605
4605
6482
4605
6482
4602
6482
6482
4474
4932
4474
4474
4474
4932
4932
4474
4474
4474
4932
4932
4932
4474
4474
4474
4474
4474
4474
4602
4602
4604
4605
4602
4605
4605
4605
4605
4605
4605
4605
4605
4622
4623
4605
4623
4605
4605
4605
3020
3020
3020
3020
3020
3020
3020
3020
3503
3503
3023
3023
3023
3023
1156
3023
1156
1372
1372
1372
1372
3023
1156
1156
3023
3023
3503
3020
3020
3503
3020
3020
3023
3023
3023
3023
3503
3020
3020
3020
3020
3020
3020
3020
3020
3020
3020
3503
1372
1372
1372
1372
1372
1372
1373
1372
1372
1372
1372
1372
1372
1372
1372
1372
1372
1372
1372
1372
1372
1372
1372
1372
1372
1372
1156
1372
1156
1372
1372
1372
1372
1372
1372
1372
1372
1372
1372
1372
1372
1372
1372
1372
1372
1372
1372
1372
1372
1372
1372
1372
1372
1372
1372
1372
1372
1372
1372
1372
1372
1372
1372
1372
1372
1372
1372
1372
1372
1372
1372
1372
1372
1156
1156
3023
3023
1156
1372
3023
1156
1372
1156
3023
3023
1372
1372
1156
1156
3023
3023
1156
3023
1628
1628
1156
1156
3023
3023
3023
3023
3023
3023
3023
3023
3503
3023
3503
3503
3023
3503
3023
3503
3503
3023
3503
3023
3020
3020
3503
3023
3023
3023
3023
1372
1372
1372
1372
1372
1372
4465
4465
4465
4465
4379
4465
284
284
284
284
144
144
283
144
3046
3046
3046
6493
4319
4319
4319
4322
4322
4322
4319
4340
4319
4319
4714
4319
310
144
4973
286
4973
4973
4973
4973
4646
4973
4973
4973
4973
4973
4973
4973
4973
4973
4973
4973
4973
4973
4973
4649
4649
4973
4973
4973
4649
4649
4649
4649
4649
4973
4319
4973
284
4646
284
4339
4319
4319
4340
4340
4322
4340
4322
4322
4322
4322
4322
4322
4322
4322
4322
4340
4322
4646
4322
4322
4646
4953
3726
3770
3770
3726
3770
3770
3770
3770
3770
3770
3725
3770
3725
3725
4321
4321
4714
4714
3770
4714
4319
4340
4322
4322
4322
4322
3770
3770
3770
4358
4714
4358
4714
4714
4714
4714
4714
4714
4714
4714
4714
4714
4714
4714
4321
4321
4322
4321
1032
3770
1032
1032
1032
4358
4358
1032
1032
1032
1032
1032
1032
1032
1032
3770
3770
3770
1032
3770
3770
3770
3770
3770
3770
3770
3770
3770
6556
3770
4953
6556
4953
6556
6556
6556
4953
4953
6556
6556
4953
4953
4953
4953
4953
4953
4953
981
4953
4953
4953
4649
4953
4953
4953
4953
4953
4953
4649
6556
4649
4973
4649
829
3770
3770
3770
3770
4402
3770
2894
2894
2894
2894
2894
2894
2894
2894
2894
2894
2894
2894
2894
2894
2894
2894
2894
2894
2894
2894
4943
4943
2894
4943
2894
2894
2894
2894
2894
2894
2894
2894
2894
2894
2894
2894
2894
2894
2894
2894
2894
2894
2894
2894
4943
4943
4943
2894
2894
2894
2894
2894
2894
2894
2894
2894
2894
2894
4943
4943
4943
4943
4943
4943
4943
4943
4943
2894
2894
2894
4943
4943
4943
4943
4943
4943
4943
2894
4943
4943
2894
4943
4943
4943
4943
4943
4943
4943
4943
4943
4943
4943
4943
4943
4943
4943
4943
4943
4943
4943
2894
2894
2894
2894
2894
2894
2894
2894
2894
2894
2894
2894
4943
4943
4943
4943
4943
4943
4943
4943
4943
4943
4943
4943
4943
4943
4943
2894
2894
2894
2894
2894
4943
4943
2894
4943
4943
4943
4943
4943
4943
4943
4943
4943
4943
4943
4943
4943
4943
4943
4572
4572
4943
4572
4572
4572
4572
4583
4583
4572
4572
4583
4572
4572
4572
4572
4572
4572
4572
4572
4572
4943
4943
4943
4943
4572
4943
4943
4943
4943
1575
750
750
750
2932
2932
2932
6476
2951
3020
3020
3020
3020
3020
3020
3020
3020
3023
3023
3023
1156
3023
6576
6576
6576
6607
6598
6607
6598
6607
6607
6607
6728
6728
6728
6728
6728
6607
6605
6607
6576
6728
6728
6730
6728
6728
6781
6835
6729
6728
6729
6728
6728
6728
6728
6834
6816
6818
6587
6587
6587
6592
6587
6591
6590
6592
6592
6587
6590
6590
6590
6591
6591
6723
6592
6608
6608
6605
6729
6605
6608
6608
6608
6608
6780
6818
6780
6818
6780
6780
6781
6780
6729
6729
6780
6729
6729
6729
6729
6729
6729
6780
6729
6729
6729
6780
6780
6729
6729
6780
6780
6780
6780
6780
6780
6780
6780
6780
6780
6780
6780
4623
4623
4623
4623
6590
6592
4623
4623
4605
4605
4605
4605
4605
4620
4605
4605
4606
4606
4605
4475
4475
4475
6588
6593
6593
6593
4477
4477
6722
6592
6723
6723
6723
6723
4477
4477
4477
4477
4477
4477
4477
4477
4477
6723
4477
4477
4477
6427
6427
6428
6428
6428
6428
6428
6428
6428
6428
6428
6428
6428
6428
6428
6428
6428
6428
6428
6428
6428
6428
6428
6428
6428
6428
6428
6428
6428
6428
6428
6427
6428
6428
6428
6428
6428
6428
6427
6428
6428
6428
6427
6428
6428
6428
6427
6427
6427
6427
6428
6428
6428
6427
6427
6427
6430
4224
4224
4224
4224
4224
4224
4224
4223
4223
5277
4223
6340
6340
5271
6340
5278
5271
5271
4223
4223
5271
176
4308
4223
4223
4223
4223
4223
4223
4271
4271
4199
4271
4199
4199
6340
4271
4271
6339
5273
4223
4223
4224
4223
5273
4199
6339
5273
4095
5273
6429
4224
4224
4224
6428
4224
6428
6428
6429
4223
4223
6429
6428
6428
4223
4224
4224
4224
4224
4224
4224
4224
4224
4224
4224
4224
4224
4224
4224
6427
6427
6427
6427
6427
6427
6427
6427
6427
6427
6427
6427
6427
6427
4224
4224
4224
4224
4224
4224
6427
4224
6427
4224
4224
4224
4223
4224
4224
4224
6427
4224
4224
4224
4224
4224
4224
6427
6427
6427
6427
6427
6427
6427
6427
6427
4224
6427
6427
134
134
4973
4973
4973
283
4973
284
4973
4973
4973
590
590
590
700
700
590
700
593
593
668
668
1463
668
593
1458
1461
1461
1458
1458
1461
1458
1461
1461
1458
1458
1458
1458
1458
1458
1458
1797
1797
1461
1797
1458
1797
1797
1797
1797
1458
1458
1797
1458
1458
1458
1458
1458
1458
1461
1458
1458
1461
1461
1797
817
1797
2917
817
991
1461
1461
1461
1461
1461
1461
1461
1458
1458
1458
1458
1458
1458
1458
1458
1458
1277
914
1277
1277
1277
1277
1277
1277
1277
1277
1277
1277
914
914
914
914
914
1277
1458
1276
1276
1458
1458
914
1459
915
1459
915
1458
1458
1458
914
915
1458
1458
1458
3219
3219
3219
4398
4398
4398
4398
4398
4583
4572
4572
4572
4583
4398
4572
4398
4398
4398
4583
4398
4583
4398
4398
4398
4583
4572
4572
4572
4572
4572
4572
4572
4572
4943
4572
4943
4572
4572
4943
4572
4943
4572
4572
4572
4572
4943
4943
4943
6428
6428
6428
6428
6428
921
6428
921
921
921
921
921
917
917
917
921
917
917
917
1337
862
862
917
1337
917
917
917
917
917
917
917
917
921
921
921
921
921
921
921
921
921
6428
6428
6428
6428
6428
6429
6428
6429
6428
919
919
921
921
919
920
921
919
919
858
858
6430
921
921
921
921
921
921
921
921
921
6428
6428
6428
6428
6428
1337
4224
4223
4224
6428
6428
4224
4224
1337
1337
4223
1337
1337
4224
6348
4224
4721
6428
6428
6428
6428
6428
6430
6430
6428
4223
4223
4223
4223
4223
858
176
858
176
4224
4224
4224
4223
4223
4223
4223
4223
5273
5273
4095
4095
5273
4095
4199
4199
4798
4200
4096
4798
5273
4721
5273
4721
4223
4223
4223
4721
4721
4721
4721
4097
4097
4097
4097
4097
4097
1337
4097
4097
4200
4078
4097
4097
918
862
862
862
4200
4200
4200
4096
4200
4200
4200
4649
4649
4649
4649
4649
4649
4649
4649
4649
4649
4649
4649
4649
4649
4953
4953
4953
4953
4953
4953
4953
4953
4953
4649
4649
4953
4759
4759
4759
4759
4953
4340
4322
4322
4322
4322
4322
4322
4322
4322
4322
4321
4321
4714
4322
4321
4322
4322
4321
4321
4321
4714
4322
4321
4322
4322
4322
4322
4321
4714
4714
4714
4714
4714
4714
4714
4714
4322
4322
4322
4714
4714
4322
4322
4322
4322
4322
4322
4322
4322
4322
4322
4322
4322
4322
4322
4322
4322
4714
1512
1512
4340
1451
4322
4714
4714
4322
4322
4340
4322
4340
4340
4322
4340
3148
1207
3143
4322
4322
4321
4322
4322
4340
4340
4340
4953
4365
4340
4350
976
4953
4953
4322
4943
4943
4943
6729
6833
6780
6727
6736
6727
6725
6727
6609
6727
6609
6727
6723
6723
6723
6727
6727
6727
6727
6727
4477
6727
6727
6723
6609
6609
6609
6605
6727
6727
6736
6736
6727
6780
6780
6780
6736
6727
6736
6780
6736
6736
6727
6727
6727
6780
6780
6492
6780
4935
4935
4935
4935
4932
6780
4935
862
6780
6780
6780
6780
6780
6780
6780
6780
6780
6780
6772
6772
6736
862
6772
862
862
862
4935
921
921
917
917
6780
6780
4932
4932
4932
4932
4932
4683
4683
4932
4932
4683
4932
4932
4932
4935
4935
921
4935
4931
4932
921
921
921
921
921
6736
917
917
917
917
917
917
917
917
917
917
917
917
917
917
917
917
917
917
917
917
917
917
917
917
917
921
921
862
921
921
921
921
921
917
917
918
918
917
918
918
918
5270
5270
917
917
917
918
862
862
917
917
917
5007
6727
6771
6727
5007
5007
5007
6727
6727
5007
6727
5007
5007
5007
5007
5007
6727
6727
4473
4473
5007
5007
5007
5007
5270
5007
5007
5007
5007
1461
1461
1461
991
1461
1461
1461
1461
1461
1463
991
1463
1463
991
1463
991
2911
816
1463
2911
991
816
1463
1463
1463
1463
1463
1463
1463
1463
1463
1463
1463
1463
2911
2910
2910
1463
991
2917
2917
817
1791
1791
832
1791
1791
1795
817
1795
1795
1797
1797
1797
938
1797
1797
1795
1795
1797
1795
1795
1795
1795
1795
1795
1795
1795
1795
817
817
1795
817
1795
1791
1791
1791
1795
1791
817
938
938
1791
1791
1793
1461
1461
1461
1458
1458
1458
1458
1458
1458
1458
1458
869
869
870
870
870
870
870
870
870
870
868
1513
1459
1513
868
868
868
1458
1458
1458
1458
1458
1458
1458
1458
1459
1513
1458
1797
868
868
868
868
868
870
868
868
938
938
938
938
938
938
938
938
938
868
868
867
867
870
870
938
867
938
867
938
938
4477
4474
4474
4474
4477
4475
4477
4475
4477
4477
4477
4477
4477
4477
4473
4475
5007
5007
5007
5007
4475
4475
4475
5007
5007
4721
4721
5007
5007
4200
4200
4721
4475
4763
4475
4475
4475
4481
4475
4481
4481
5007
4481
4475
4931
4475
4475
4475
4475
4475
4475
4474
4474
4474
4475
4475
4475
4475
4474
4474
4474
4474
4474
4474
4474
4474
4475
4475
4474
4474
4474
4474
4474
4474
4474
4474
4474
4474
4474
4474
4474
4932
4932
4932
4932
4932
4932
4932
4474
4932
4932
4474
4474
4474
4474
4475
4475
4475
4475
4475
4475
4475
921
4480
921
4480
921
921
920
4475
4475
4480
4475
4475
4475
921
921
4474
4474
4474
921
4474
5007
5007
5007
5007
5007
4799
5007
4724
5007
4724
4724
4724
4724
5007
4200
4724
5007
5007
4724
5007
5007
5007
5007
4724
4724
4798
4798
4798
4200
4200
4200
4798
4798
4200
4096
4096
4096
4200
4200
4200
4200
4200
4721
4721
4798
4271
5271
4308
176
4798
4798
4200
4200
4683
1458
914
915
915
915
1513
1513
915
914
915
914
915
914
914
915
914
914
914
914
1277
914
914
1277
1277
1277
914
1277
914
914
915
916
916
916
915
916
916
916
916
916
1513
1513
1513
1513
1513
870
870
1513
916
1513
1513
1512
1512
914
914
914
1277
1277
1277
914
1276
914
1276
1480
1276
1480
914
2910
2910
914
2910
2910
2910
2910
2913
1791
2913
1793
2913
1793
2913
2910
2910
914
1498
1498
1276
1276
1276
1276
1276
1277
1276
1277
1277
1277
1277
2910
1277
1277
3112
1277
1276
1276
1276
1276
1277
1276
1277
1277
1277
1277
1277
1277
1277
1277
1277
1277
1277
1277
3143
3143
1277
1277
1277
1277
1277
1277
1277
1277
1277
1277
3143
3143
3143
3143
3143
3143
3143
976
976
3143
976
976
976
3143
3143
1277
976
1277
1276
1277
976
1277
1277
1277
1277
1277
4095
4096
4200
176
176
176
176
4481
2922
2922
4481
917
921
921
680
921
921
921
921
921
921
921
4480
4480
4480
4475
4481
4481
4481
176
4481
4481
176
917
918
918
4097
918
5325
4097
5270
5007
5007
5270
5007
5007
5007
4724
921
921
921
921
921
921
921
921
921
921
921
921
921
921
921
921
3770
3770
1033
4953
3770
4953
3770
980
980
980
980
980
980
976
976
976
976
976
976
976
976
976
976
976
976
976
976
976
976
976
980
980
980
980
980
976
976
976
976
980
980
980
1033
4953
1032
976
976
976
976
976
976
976
976
976
1789
976
976
976
1793
1793
1789
976
976
976
976
976
1791
816
816
817
1795
1795
1791
1795
817
976
817
817
816
976
976
976
4358
976
4358
938
938
938
938
4358
4358
4358
4714
976
976
4714
976
976
976
4714
4714
976
976
4714
4714
4714
4714
4714
809
4322
4322
938
938
938
869
1512
1512
870
1512
870
1512
870
1512
1512
1512
1512
870
867
867
867
1512
1512
916
938
938
938
938
938
938
938
817
817
938
817
817
938
938
938
4322
4953
976
4953
4953
4953
976
976
976
976
976
976
976
3143
3143
1277
4340
976
976
976
976
976
976
976
976
976
976
976
976
976
976
976
976
817
817
817
1795
1795
817
938
938
1795
1795
1791
1791
1791
1789
1789
1793
1793
2913
2913
1789
1793
1451
916
914
914
913
914
1277
1277
1277
1277
3143
914
870
976
976
1277
2911
2913
2910
2913
2910
976
976
4166
4166
2542
2542
2542
2542
2542
2542
2542
2542
2542
2542
2542
2542
2542
2542
2542
2542
2542
2542
2542
2542
2542
2542
2542
2542
2542
2542
2542
2542
2542
2542
2542
2542
2542
2542
2542
2542
2542
2542
2542
2542
5764
5764
5764
5764
5764
5764
5764
5764
5764
5764
5764
5764
5764
5764
5764
5764
5764
5764
5764
5764
5764
5764
5764
5764
5764
5764
5764
5764
5764
5764
5764
5764
5764
5764
5764
5764
5764
5764
5764
5764
5764
5764
5764
5764
5764
5764
5764
5764
5764
5764
5764
5764
5764
5764
5764
5764
5764
5764
2542
2542
2542
2542
2542
2542
2542
2542
2542
2542
2542
2542
2542
2542
2542
2542
2542
2542
2542
2542
2542
2542
2542
2542
2542
2542
2542
2542
2542
2542
2542
2542
2542
2542
2542
2542
2542
2542
2542
2542
2542
2542
2542
2542
2542
2542
2542
2542
2542
2542
2542
2542
2542
2542
2542
2542
2542
2542
2542
2542
2542
2542
2542
2542
2542
2542
2542
2542
2542
2542
2542
5764
5764
5764
5764
5764
5764
5764
5764
5764
5764
5764
5764
5764
5764
5764
5764
5764
5764
5764
5764
5764
5764
5764
5764
5764
5764
5764
5764
5764
5764
5764
5764
5764
5764
5764
5764
5764
5764
5764
5764
5764
5764
5764
5764
5764
5764
5764
5764
5764
5764
5764
5764
5764
5764
5764
2542
2542
2542
2542
2542
2542
2542
2542
2542
5764
5764
5764
5764
5764
5764
5764
