13288
2160
13288
2007
2007
2007
13020
2007
13899
11419
11419
7629
13075
14387
13225
12957
8023
12957
12199
13399
12193
14378
14378
14378
14378
9183
5954
5954
1855
1855
1855
1006
1006
1006
10028
1006
6984
1425
11362
1425
8136
5364
11362
5364
1889
1889
751
751
751
751
6539
6539
2103
13720
6539
2103
2103
13433
10572
10572
7247
9759
14674
6916
8410
5454
5454
13433
13433
13433
6916
7247
7247
7247
14905
5766
8710
6050
3607
8966
5825
5825
5825
5946
34
2005
10095
550
550
550
11726
12409
12409
12409
12409
12409
9688
7980
2078
11409
2078
11409
11409
11409
11409
11409
11409
12003
2569
140
140
13631
13631
8825
1545
7772
956
956
11014
11014
11014
956
8825
8825
9854
10813
8220
6081
14997
1081
11003
9773
11201
10834
14523
7381
2425
9637
11185
11014
989
14916
11014
10745
9085
11014
9773
2425
4726
8181
12769
13620
10326
6834
10227
13620
12769
14925
13620
11201
2425
14662
10834
13896
14185
8691
13896
14185
8084
12996
10227
11014
10441
13620
6081
12769
8084
215
11014
12789
989
14916
12789
14916
7772
10147
10147
11003
10147
5513
10326
2425
12264
14916
2425
8220
2425
12264
5513
12789
8220
14662
12264
2425
8220
11184
215
2192
8084
3496
10685
7709
4694
4694
14097
14737
11474
7275
10593
11474
10593
14600
14600
6130
1974
6241
1974
2030
14345
2168
6130
5661
2278
9541
10436
1147
8070
8251
8251
7275
493
6203
6101
3677
6557
3639
6792
3773
410
1301
14888
14888
9324
6797
3132
8658
5378
5918
5324
1725
12108
7412
6683
776
1092
8070
10439
2019
3172
6683
4392
4363
12583
4363
6738
5150
14644
12583
7533
5826
5826
5852
7968
7533
7533
7533
12938
14571
13629
9749
5668
8276
13255
13527
9215
6344
13527
8582
9471
13255
7715
9354
3526
10969
4719
356
13523
11524
3705
12172
6071
12114
630
1303
14795
5064
2411
1997
975
1860
13961
14795
6872
7134
7450
9432
7150
6312
2206
2116
4274
6652
1671
14718
11664
7190
13527
4246
13288
12089
2788
2788
6116
4346
4346
6116
6116
10512
8021
6116
5810
7461
5810
13255
10915
12649
8717
8717
7461
8021
7461
5795
8021
753
3812
10313
12089
5559
12089
12089
6116
6116
6116
4346
6116
6116
585
10313
14204
7484
14204
14204
2768
8021
6116
6116
6116
6116
6116
7461
5795
4223
6116
2355
8756
6116
6116
6116
7779
11440
9298
14443
11299
11299
8972
2156
6663
3386
3386
7969
10419
2617
2386
4956
4956
7376
2641
9725
14646
9490
9298
1863
11027
9298
10679
9490
6248
11299
11233
11299
11233
9729
13874
9687
13874
4197
12616
5209
12389
1814
9687
4197
14443
14443
3016
11440
11299
9895
9895
6960
6960
3016
10895
3576
10895
3576
7347
14378
9183
12468
14722
14722
12724
14378
8433
2924
8072
8072
12468
8072
8072
14066
8072
10575
9879
4084
1814
3541
12807
160
12807
1612
11043
14287
14324
14341
14324
11106
11106
11106
12807
1612
11106
11533
12435
11927
11233
11233
4794
13771
11233
6434
9895
8230
7347
7347
8230
5213
6917
9533
11921
13918
5954
1855
3424
14247
14560
14560
11250
5637
13790
4516
4516
7753
14247
12910
14066
12910
276
4516
14324
4516
10737
14374
7179
12435
11927
14451
14374
1328
9464
13908
9426
12351
12351
14374
1328
14451
11533
14153
11533
1006
1006
1006
1006
13790
13790
13790
7753
8731
10130
8731
13790
7753
12910
7753
9464
8852
7753
12351
12351
1328
5584
11533
788
788
10020
12351
13794
3150
788
9247
9247
10988
10988
9247
9247
4182
4182
1398
8136
8008
4182
8008
8008
8136
11362
8136
8008
4764
8008
10663
11142
11249
4979
11142
14515
9436
12065
11142
3150
3150
3150
10877
4772
3150
4731
3150
9247
4731
4481
10877
4731
4772
3150
4772
5364
1064
14511
10608
10608
10608
8136
10608
751
10608
13915
6059
6059
6059
11018
7562
9436
14552
11018
14552
11593
6059
11018
11018
9436
3659
11593
5369
3590
4731
10157
5779
4731
4731
8835
11593
5369
10157
14136
5779
4731
4731
751
9919
5439
14638
5439
8014
9225
9225
5439
13720
6059
3659
3659
9407
1054
3659
8771
1054
8771
1054
1054
5439
9407
9407
3659
3659
3659
11593
14136
8771
14136
11662
1054
8771
1054
1054
2418
11142
5779
2418
14342
14342
9268
13720
13720
13720
13720
13720
13720
13720
447
8263
13720
8263
8263
8263
4542
8263
4542
13720
5439
8263
8263
8263
11234
5071
14342
3937
1151
14205
11095
11234
6417
12073
5897
3659
3659
1054
2855
2855
2855
2418
5187
5187
5071
5187
2855
12573
5071
2855
2901
5287
5872
12282
5287
12282
10189
9544
2901
5287
3205
5287
10189
5058
7348
1471
7348
1471
10887
3761
10189
5058
1204
6697
7348
13544
10887
6697
4115
14151
3761
2834
3042
1471
5302
1847
1847
11612
11612
3374
2140
12382
14334
14714
5302
3042
9878
14334
14714
169
8939
9246
2237
3374
14235
9246
3629
10922
14235
4639
5454
2103
13720
8263
2103
12922
13720
4542
1151
4542
7950
7950
4730
4730
8741
7950
8741
10371
11126
11126
1151
11864
11095
11095
12415
14294
5327
3498
12750
7105
7027
7721
1839
1839
2146
1365
1365
4424
7105
7027
2832
2146
2832
8910
8613
9180
13740
5454
663
5454
663
4730
12192
14905
13740
5305
10420
10604
14319
3326
7009
11326
11326
6426
5305
10691
5305
10691
12192
13914
4234
4741
13228
9371
11126
10598
5875
6530
11467
6530
13914
10420
11467
10420
10740
14077
1225
11467
14919
12997
1225
12997
267
11428
267
14304
4090
9235
1446
8810
10257
5035
3342
10257
12306
12306
1454
1446
2635
1388
7028
5058
7028
959
2635
3392
5058
13544
2796
1455
879
8073
413
1505
5818
13464
6018
309
550
13999
7947
8007
6426
2132
8888
7066
4559
5858
11326
3548
504
3548
258
11621
2062
5446
710
10406
3442
11239
1475
8740
9793
4767
2621
3223
3548
7489
10275
13158
14632
12997
13653
14077
762
6075
12678
4111
2081
4111
11090
4111
6876
10761
7663
10761
10761
10095
8860
12347
4432
14310
10087
4767
12191
3710
10087
3710
12457
14273
12434
8883
10628
13921
8883
7830
13921
13921
10061
11437
6587
6974
12697
4371
4371
14748
6876
7663
7663
9753
14166
13543
9753
12597
11090
12788
12788
14237
13779
4371
12597
7245
12597
2557
9058
14237
13779
397
9058
14237
397
12068
12068
1880
12409
8883
13611
8883
7784
7784
13611
13611
6232
6587
10245
10061
6587
4895
44
6974
6232
14099
11257
11257
375
8844
10344
10291
7961
1028
11500
2569
4895
2569
10716
44
2569
7944
2988
4010
14099
11500
13288
13288
13288
13120
13120
5215
13120
10215
14797
9319
9319
11729
4955
11729
11729
10646
13272
13272
8171
2646
11292
2646
7271
12159
12159
12159
14912
14912
5855
5855
11292
12159
14912
11292
12312
2646
2646
2646
14598
14598
14598
7782
14598
14598
14598
184
14598
14598
14598
184
184
9757
13184
9757
9757
4389
8890
8890
8890
3666
3666
3666
3666
3666
10661
10661
3666
3666
10661
10661
4284
4284
9024
12919
12919
13591
13960
13960
11789
13591
11570
11570
11570
13591
12236
12236
14336
13080
14336
7713
7713
12175
7713
8856
12175
7713
14004
12825
1428
6046
14190
14689
8115
9728
3942
12825
14697
1242
6561
9499
6561
14380
14447
1794
4844
14447
10991
99
12979
12901
1621
1794
9265
6293
11160
13328
11113
11160
13328
8214
10991
8214
6060
8214
13659
6060
11160
4726
3282
3161
8214
6060
13006
8214
14523
1428
8691
11184
8691
3900
6046
1428
14523
1428
14689
14648
13659
7728
6561
7728
13659
12343
14447
6561
14527
4844
14447
13659
9499
9728
7728
7728
99
14447
14380
14447
9265
9265
14221
1621
1621
12979
12979
12901
3942
9728
10991
10144
9207
9499
14527
1794
7381
11113
11160
2493
7381
9637
9637
11185
13896
6046
10705
14047
12109
1625
8090
9281
3674
8178
11450
2837
8315
8315
12542
1831
8385
924
6293
3114
4390
14852
8399
13980
1163
2294
13404
10166
2294
3559
1539
11450
4235
3624
1539
5603
3900
1514
10237
1709
1514
24
5053
14707
6226
14014
4854
3492
5466
1625
11184
1514
3900
9997
112
13104
8178
1218
1605
8178
4566
6939
6267
5042
924
2827
8385
9677
8315
9677
3259
4390
8616
14047
403
2837
8730
3741
13404
1831
14802
8479
2128
8805
11011
3624
13550
11011
10673
3624
10821
9281
3674
3674
10050
14139
8479
12824
10121
6764
8626
7866
7866
10121
239
1333
1333
2692
7492
502
7736
4155
7121
3280
9416
8858
6068
1299
11151
9805
1800
7736
1836
14825
10111
8080
8479
8479
2778
6311
3664
8729
5735
6764
9452
14698
4698
14698
6062
6062
9036
10809
10821
8611
242
10289
8971
12729
4792
2668
10584
2770
13414
13414
13831
11671
11831
4646
2439
158
2327
6180
4134
1115
6904
10536
5883
7433
8206
1120
5049
11838
514
4681
12384
5019
8062
6333
6893
2919
10997
6893
180
2155
2622
14483
13469
8530
9546
10633
755
6599
8517
7417
13809
9178
14496
9559
10492
10492
6833
8571
4541
4078
12143
182
4541
5074
3371
6651
2412
6651
6804
2252
2978
6651
11029
182
2978
4486
5054
5074
2978
2330
6269
13661
10078
3439
3184
6863
7455
2139
7035
12404
12023
5737
1864
1756
9110
5134
1877
755
11931
7228
3718
1849
1903
12558
3574
7400
9173
12833
116
7603
8109
623
11132
3574
9615
5129
8558
10270
3565
7635
5117
9063
9
14897
10453
8571
11762
5066
4486
8832
11762
2330
5066
5066
2806
13043
1582
1230
11762
13316
49
14258
3357
4486
9881
5142
10974
5993
6128
4011
1422
2776
8832
7733
7705
4607
12603
8216
2173
5520
3780
8340
8369
6850
14851
7129
11446
7358
12967
13599
2629
6946
12823
9506
14506
14425
4087
5424
13284
8222
6566
11504
2323
6888
4669
13975
14927
394
4023
5613
2496
1063
13406
14049
1124
12958
10046
8294
9110
10627
12577
13136
9110
9142
9142
12958
3730
4822
11954
6280
1867
129
13541
13232
9789
12086
8558
7131
6849
5811
8097
11357
3975
8097
13013
13119
3089
13497
11134
13497
13497
13119
11134
9311
9311
1845
10567
9473
12894
14964
7777
2441
7777
7777
12324
7777
2326
12324
2441
14964
4303
10791
8289
11588
9000
6934
10946
9946
8953
1574
8089
13232
10489
1246
12488
10347
1780
7907
7907
14337
7894
9244
835
3706
12672
541
11983
6606
2653
13022
12254
14633
97
13736
10310
6118
5809
6730
2384
14942
9137
6730
11061
9137
5108
951
1885
3367
10034
2109
1324
9132
2619
1447
2487
14594
12488
12758
744
9126
10370
12400
10717
11268
5776
14551
14964
744
6228
13784
35
10270
2532
14569
12137
12137
2183
14569
5635
4739
11915
13933
7405
13284
9435
4732
11829
14368
9435
11572
11572
7501
12635
1018
6372
4177
524
2645
7223
2856
8790
8757
14575
1945
6491
1508
7115
3445
10930
4725
5902
1071
6444
2043
3719
2971
12190
3851
5331
1430
7471
916
12035
2816
4558
14409
11498
916
8591
8165
2300
12871
3833
2016
11322
9139
6895
6473
5981
4936
5591
7861
12448
6691
8430
821
821
515
12625
2585
3773
2704
3773
12426
10209
5724
2585
9479
7877
14461
8988
2453
7201
414
991
1722
841
9448
12643
1934
3096
11243
10929
10804
10838
6897
3290
6545
7149
5602
1811
4867
6797
6392
10339
12426
9973
2336
10007
8386
12443
3251
1003
3490
2054
4319
7509
4148
10990
10990
7290
14775
10734
7552
3237
12981
664
7010
9239
7010
5295
5295
12916
4418
208
11407
2407
3889
7250
852
11125
5324
14354
1663
3998
1663
9253
10233
1663
12208
12030
12793
5052
9583
3493
3493
11124
287
6642
13966
3503
7424
13604
7287
2238
13448
10750
2513
987
9262
14952
5585
12510
2567
12221
8487
931
7472
794
4392
794
14454
14454
4947
10233
14586
14454
12706
14454
6344
6361
14586
6361
2235
14981
4249
4721
14981
10159
4249
11645
11645
4249
14981
2567
10159
10635
12909
7440
12285
14370
4316
4902
9384
11736
12413
11865
12166
14676
4931
7423
5628
1684
6820
2361
3237
2464
5530
2163
6524
5153
110
11717
13741
2163
3426
13977
3889
11125
2581
1607
5368
5585
8223
3815
7018
6828
1289
1080
3446
8579
10979
8924
12321
8652
4193
13977
7083
13928
2035
13181
4487
13928
12450
9530
9530
3446
12285
2885
2753
11306
5649
4003
4799
2246
2246
4437
14454
636
652
4410
14454
4249
10482
5852
7190
7190
10888
6810
6810
10888
652
652
652
13120
13120
10482
6633
12119
10482
11645
11645
4249
4249
2494
11721
2494
7628
2494
10482
14797
6633
6633
2846
9152
13194
13194
6563
2666
6563
3361
11173
13194
7395
14450
8192
4931
11116
7878
8488
6563
11065
14328
14837
11532
4414
13261
13138
11627
9272
2846
9319
4955
8171
14045
11376
10994
14084
14054
14549
2306
6819
5739
8576
13221
13242
7906
9552
14045
12813
9526
12219
8233
12813
9526
8171
12813
13272
12813
8171
12813
13957
13957
8233
7867
14559
13957
12451
10299
6308
14959
3737
10532
11272
2113
7746
6250
13073
4949
13878
2362
2362
9778
11301
5338
9771
988
988
4949
6186
988
4622
3277
8150
14152
12864
13415
11541
4667
7006
9241
9228
3980
10287
12004
9441
275
10573
3159
10573
10005
8134
5393
5360
1403
7816
7667
7667
7921
545
12326
3159
6470
12113
7906
13242
9695
4663
2499
2503
6712
2503
11651
11651
4449
11651
11651
10772
10772
13356
13356
1406
10953
3650
3650
11651
3650
8382
2437
10279
8382
11651
8382
10776
3650
10776
9859
10776
9859
3650
8382
12964
3650
12964
3650
3650
8171
8267
14912
8990
3135
8973
14912
14220
14912
10131
7271
14912
10772
10466
14785
11258
5011
13394
5242
233
5242
10953
10771
12312
10131
13356
9286
11445
6713
2176
6713
11895
11895
14501
11617
13967
14525
14340
14525
10348
8562
8562
7387
2437
7387
7627
11452
10348
2908
10807
9533
12057
12057
10279
9533
9533
12524
3650
3650
2357
14431
3650
7271
2646
10953
10196
10772
13356
10953
10953
2646
10772
12654
10772
12654
10196
10196
10196
8557
11927
11927
3650
8101
8101
13666
13666
9136
9186
11927
5778
14153
14153
14780
9186
11814
11814
12048
9474
9387
9859
9859
9859
1623
9186
1379
12391
9474
9186
12391
12391
12654
12654
12473
7656
12473
10196
14153
14598
12654
7100
12473
12473
7859
6124
11814
12048
12048
5584
5584
5578
12048
11896
11896
12048
5584
5584
13045
10988
11289
11289
11289
10988
13045
13045
14153
14153
7859
14153
6442
14598
12654
7100
12473
5306
2620
10882
13125
14598
12015
8999
5306
5306
2620
5584
5584
4425
11289
9247
3150
3150
14761
14761
14761
4731
3150
3150
13045
5584
13045
3150
14153
7859
7859
2620
7859
6252
14598
12015
14598
9809
2620
3527
3787
3787
12015
3527
1427
3787
8934
4731
4731
13758
13296
12572
13296
13296
3150
3150
4731
11154
12572
12572
7859
3787
7859
6252
4708
8934
6252
7859
12572
4731
4731
8835
4509
4509
7342
12903
7342
8934
1329
1329
8934
9757
10402
9757
12903
1751
12903
14654
793
13758
12572
4463
4708
5480
9458
6760
2028
12572
9458
5480
12869
793
7278
2367
7278
2351
1377
12875
2367
8890
1751
1751
7278
793
793
12903
4378
3826
7456
8890
9445
3364
1751
3364
7456
3973
6364
5197
3467
14070
3467
2351
14987
6307
14987
3321
12010
7942
4547
5197
14070
14070
3321
5572
4731
4731
4731
13276
8552
13276
4731
11142
11142
8552
8552
9268
6958
4463
4463
4463
6641
12812
1471
1880
6958
7348
9544
928
9544
4463
11985
141
141
5416
11985
1880
509
6214
6214
1182
11985
13712
141
141
2584
1579
11985
2680
12812
1471
1471
1744
6400
141
2351
12875
4748
3575
14987
4748
12812
5416
13734
3575
6214
7840
7840
7737
5168
13930
13712
11985
3813
1579
11985
5168
5168
7737
13930
13930
3813
13712
13712
2584
6400
12571
1157
6400
5416
11985
11574
1322
9532
1834
5168
5428
5428
12796
6497
5168
2276
13930
3813
9155
1579
2584
10015
2276
14245
14245
9878
14245
8046
3709
1847
5428
10015
3709
1182
1614
11167
28
10015
5653
8667
13025
1182
9878
1847
11612
8376
1847
11153
9878
1847
5710
11759
1847
11759
3374
6213
11759
6890
6890
11612
11759
9246
11612
3042
12382
2358
3042
14714
1880
11759
14235
8939
14893
8939
7766
2237
13253
7766
5023
10045
10045
13514
10045
3567
345
14645
3460
11874
3604
12492
2237
13253
9246
12492
7766
7766
6890
14457
9246
13253
13253
5023
13253
9246
13514
10045
14645
12492
6862
6862
14235
9246
3374
14346
2237
6862
1251
14235
9246
1251
10922
6890
6890
9246
7766
12492
2237
11783
12492
296
14645
3567
5023
296
10022
3460
296
1580
2720
9651
14753
11368
3460
345
4596
3460
2720
7003
1260
7766
12492
12492
13253
2237
3894
10045
14864
7766
3894
9758
14645
11874
12783
10045
296
572
13680
4596
13680
4248
14760
2720
5314
1580
12039
5913
1260
5314
6245
3660
1755
11892
5314
530
11892
5537
11827
9799
1162
11375
3567
3460
1580
3460
7003
13680
345
8976
7003
7003
3660
1162
11892
12039
1298
12429
12039
11892
12039
5314
1755
1755
1162
9800
7003
6245
5913
6245
7360
5314
11827
3385
9800
13044
13795
1930
1098
3762
1098
13795
3219
7207
435
12417
6535
11179
4428
10229
11637
435
14504
435
235
9134
9800
10805
11892
530
12915
14401
5890
1930
927
6535
12756
235
11993
9884
12460
2124
1561
420
11375
7187
9800
1162
10805
6535
4845
983
1677
7187
3074
6873
4183
2642
14016
4226
12584
4226
4149
5861
9935
1437
5861
1437
9935
1437
1437
1437
1437
1437
106
4032
9277
8116
2289
10328
11503
8555
2936
148
6873
4143
12151
1977
13170
5861
1031
4032
14928
8528
12584
12584
4149
12721
8262
9102
1730
8555
4226
14016
14500
4183
1031
14016
8116
8555
2372
165
12407
13145
2022
14016
11503
8528
14016
1977
6873
4032
2124
10229
12460
148
8555
13880
480
2289
13683
4032
14016
14016
9935
5861
9935
9935
5861
1437
1437
1437
9935
9935
1437
1437
1437
1437
1437
1437
1437
1437
1437
1437
1437
1437
1437
5073
1437
5861
9935
5861
9935
13124
1977
8456
11562
5073
12584
5861
5861
4149
8456
9935
9935
1437
1437
9935
12296
9935
9935
5073
1461
1437
1437
12151
4149
5861
1031
1977
4406
3666
3666
3666
9454
10602
11487
1142
13485
3666
3364
3666
14100
13485
3973
11584
11884
10112
11584
13485
6237
3631
4435
5935
5172
3731
14655
10592
10592
2146
9217
7212
9626
7356
4798
14074
14074
12134
13186
2325
14074
5197
8677
6514
8677
11046
4547
10242
6514
12477
14660
8521
3093
4806
4806
10661
10393
10661
2989
10661
9694
5924
3287
2860
6530
5558
3440
9694
7778
4284
4132
14919
10501
10501
9984
1365
2787
8728
9706
3840
6714
7408
13540
7408
14074
437
3665
13540
6408
1669
1957
8288
331
13151
9205
1468
13540
7363
6801
5572
9205
4547
6318
5572
4178
13734
1284
1995
4442
11757
3054
13544
6076
12501
1878
2681
6553
4370
6612
4939
8543
11297
940
8288
4442
12170
8288
1878
11909
1940
6840
14512
13734
14512
4489
9905
13687
6889
11789
8588
2815
14950
14720
13843
12161
12044
11789
12270
8588
12270
5522
11916
9022
2081
2081
10934
12609
14613
14613
11916
12609
13484
12954
13385
13379
9130
14613
77
5200
12788
12954
10013
9957
9957
9957
9563
10700
13779
9701
320
77
9563
10887
10887
1535
12068
1535
5542
8186
5300
1851
1851
12068
7084
1880
14342
7084
1880
1471
5302
13025
5302
13025
14291
13025
14714
14714
6726
6726
8939
14893
14714
14893
6862
8939
14235
6862
1251
10922
169
10922
14235
1251
1251
1251
1251
9604
4773
13253
12492
4357
5023
12492
12492
5023
5023
7766
5023
5023
3567
8856
9408
10700
9045
11842
10700
8319
9408
8825
956
956
8825
13631
9085
11014
8918
14997
8825
11014
7772
7818
14997
14997
8825
11014
956
956
13631
13631
8825
13631
13631
13631
13631
7818
8825
956
956
13631
13631
13631
13631
956
13631
956
13631
956
13631
13631
13631
7818
13631
9085
7772
11699
4108
12518
12670
9405
2103
14581
12409
10880
8639
8639
12392
14709
3233
13090
12177
7460
5619
5619
8907
12392
12392
5619
11197
12489
3586
12392
11197
14236
1935
9704
4717
4169
6672
9704
10486
3425
5619
4282
5965
5619
11796
4850
11275
7526
11426
4409
10486
5806
4282
8224
11495
5619
14198
4678
11311
11846
9704
4356
535
14224
12013
6672
7563
13358
10576
3505
11540
6391
11275
12645
5806
535
11540
11226
746
4658
1931
9970
967
1931
5965
4282
181
14236
5965
11796
1935
12966
11426
9704
7526
3951
5965
11526
7226
14432
14432
11540
3325
7226
13564
12966
1994
10576
12568
535
11351
1982
14183
11330
9156
7771
14822
8750
6865
2655
11706
12465
6057
8139
4892
9785
11247
3276
13210
13210
11551
14875
14875
4892
13168
11551
9963
11551
2662
10254
2662
7984
11336
4331
9476
11247
9476
1091
14478
7984
12176
9476
9357
9941
8200
9941
655
1429
4935
2295
7849
2295
2295
13208
3307
11551
12975
14875
12975
13410
1643
10901
6133
10699
6133
11448
14086
8081
8814
14868
9469
13195
7335
9469
10901
9469
14868
9469
14086
11564
2486
14568
8525
13195
9236
11564
13195
5234
11564
14086
8525
11564
2548
9941
2548
2548
2548
2548
2548
9941
2590
2548
118
118
2548
2548
9658
2548
3299
2890
118
464
781
14841
14841
7024
3299
13423
7881
9206
4420
13423
482
657
14841
14841
7335
5234
5234
13288
7208
5234
7335
7335
5234
5234
5234
7208
5234
5234
4780
5234
5234
5234
11564
13889
13074
13889
13074
14061
5234
11564
11564
14061
13074
4830
3743
10504
3743
1306
7208
7208
14995
14995
3743
4780
14995
13309
7113
14995
10918
14995
14995
7353
5234
5234
14061
7208
5234
5234
14061
11564
9206
11564
8985
9206
7208
5234
14995
11564
11564
6933
5234
11564
11564
9658
781
657
482
4420
2322
657
657
9658
482
482
657
8985
14887
482
10793
482
482
4080
13423
4080
10793
13482
6933
10793
6933
10793
7802
14609
13621
14609
7353
13193
5127
12518
1640
11974
2818
14995
4971
4971
5234
11564
11564
4758
2818
7618
316
316
5085
4758
7198
4758
10554
7763
4805
14992
12199
8332
7810
13621
7763
1017
9165
7763
7763
9165
8436
9165
9165
8436
8436
8436
5085
5085
5085
7198
14781
13732
9165
5085
4760
4760
5085
13732
8472
13732
8067
8472
9141
11957
11957
11028
10793
3789
9386
3789
3789
9386
9386
8133
14781
13606
13051
1407
10319
9165
9715
10902
9715
9715
13594
3424
9715
3424
5685
13594
13375
2476
13375
9165
13704
9165
13594
8092
13704
8092
6502
6631
6631
4847
9141
12888
4847
13669
13593
14708
9304
14708
14708
6631
6631
13003
13749
6805
13003
12241
11250
6984
6984
6984
11084
5685
13375
6657
9405
9405
6984
5685
12845
5685
5887
11084
4565
2476
5317
2476
2476
9664
3166
5317
5887
6805
5317
4565
3818
5887
3818
3818
9664
9664
3469
6042
9405
6984
10496
9405
6476
6622
12243
6622
6476
13626
3728
954
13725
954
12361
3818
3469
1832
3469
10314
10314
11412
1832
3469
1832
3873
1832
1832
6042
8146
8146
8146
1832
10314
9961
3786
8176
8176
4597
12811
8117
12811
6042
12811
5752
9974
8117
14891
9974
14891
8117
12811
8117
4868
6042
9961
10397
13498
10397
13498
12173
13498
7937
13498
5607
1222
1222
3786
3786
8146
5938
9936
9936
14102
486
1222
7726
7726
9936
9936
9936
14891
14891
14891
14891
14891
14891
14891
14891
14891
1889
12811
12811
12811
12811
12854
5607
1222
5607
3199
5565
3199
9425
6008
12049
12049
971
971
11127
107
6798
2009
3199
3853
107
9106
7231
107
2993
9936
14976
14976
14976
2993
13580
2103
2568
8512
13384
2103
14449
13433
8705
14449
2568
2626
9639
1788
9198
372
1852
4952
8426
2050
9429
9429
14976
1436
2964
12626
7616
4897
2964
6264
10589
2682
4523
9937
4829
13978
8577
8577
14976
2682
13868
7790
13868
6703
13398
7946
3365
2381
4490
6100
7981
13962
13962
13910
9670
3902
3902
12244
11463
8465
6970
8444
13910
8444
4027
6970
13910
1936
11077
8444
11794
3792
11077
11077
1156
1999
1524
1936
8735
7890
7425
14721
14456
11683
7935
7527
2997
8246
13388
7463
11464
14589
13099
4302
1743
4440
2769
1399
14926
14926
9621
13180
10978
288
485
4302
5736
5454
14581
14449
5208
7582
14581
9775
13474
994
3521
335
3521
14581
8217
5571
11150
4094
13697
4644
4644
7482
4897
9097
10256
10647
14377
1866
7915
11898
14286
3363
6753
10256
5970
8969
2314
10152
8969
1954
4870
3431
10832
4870
7247
9108
5736
5736
8710
13265
8710
8710
5454
3410
8710
14933
13792
8710
7247
13351
14933
7868
6038
6038
5736
91
5281
12168
5281
8710
3410
2654
1620
13838
6337
687
12942
12942
5233
446
7625
13929
91
13838
12538
12760
10863
13122
13838
8813
13122
7885
13122
7539
6700
11631
8125
8511
4642
14326
6428
6428
11705
7205
7826
7826
7205
3076
12634
3384
10927
11463
7714
10986
14326
12634
2830
5143
12491
5143
8998
128
5824
5665
4131
8713
8713
2647
2857
11489
8270
4993
6624
12327
4379
11819
12838
11688
13948
11819
12760
12168
11688
3609
9395
7166
10461
10461
3879
10595
6995
11688
3167
9590
14118
13690
8774
14798
8387
5493
14798
1624
10150
11702
10508
11702
8919
8387
9389
14056
7213
10225
7098
12713
10428
10127
2591
13031
10493
7138
14314
12792
12594
9518
11115
2819
3250
9518
13326
3009
3009
4993
3790
9769
6543
1823
6464
8660
5529
7864
13239
7485
4632
12763
13984
14754
13713
13690
7251
12775
10322
13716
12265
9001
9001
6435
12896
5132
13768
11619
9377
10167
11769
4338
7274
9983
13768
11619
9320
14719
8855
13083
8998
1347
14589
9688
1823
1823
10117
9688
11903
10117
1553
9018
5745
11596
8486
10206
2085
9018
7093
10206
14932
7093
11930
14932
11790
14293
6646
11930
12755
7229
10880
11528
10963
11528
4051
9018
7215
2203
8292
7215
7229
11729
12218
12218
12218
9581
12218
14598
3666
11570
12893
7713
898
3283
14833
2577
11882
1912
3560
12393
1060
14946
3732
7095
9733
6015
13047
9631
14994
9950
1362
4883
55
5412
12379
8733
14994
2534
10904
5978
8923
12249
5978
13668
12581
5800
12581
12223
12223
14758
11826
5080
4409
5978
12581
12223
11630
13668
5800
4169
3283
9260
406
9260
11882
3283
3560
11882
3560
4534
12393
9733
6294
6015
6015
6294
9428
412
412
10377
11962
11962
6294
55
9733
14388
6378
13047
11962
2534
14994
203
203
4281
10640
10640
6882
14494
8733
4883
4883
55
6910
12379
6378
6776
203
2951
1973
13668
5978
8908
3425
3325
4169
14833
3283
10797
9943
12228
12574
1796
3651
14663
5489
8249
14063
14671
2317
5631
12980
14494
4281
8733
909
188
11852
10727
4472
1374
1541
1541
12482
8945
11889
6151
6993
3230
19
11889
3317
406
6928
1127
1127
6928
9312
8938
8938
8
8938
5003
2208
9016
1345
13358
4277
1127
14946
13285
8875
9722
10797
9147
9147
12574
5997
5489
4083
14494
6242
14494
4472
8547
8547
4472
1374
9943
5925
14671
14671
5631
12034
12980
9724
5767
9059
4119
4782
10727
3317
1252
11339
1252
19
4782
7764
789
12482
789
9554
9287
1276
92
4751
6174
6174
12082
7926
1617
10865
1252
1252
13243
1617
14983
11199
11199
12231
8942
10630
10630
14983
14577
725
5041
7658
4909
7898
6662
4336
14669
1473
760
92
2271
10360
13662
10360
479
6189
2271
1473
4782
1278
974
1408
4782
2287
14044
6505
14044
10198
10908
12867
123
7897
9737
5401
1278
4349
1584
6670
127
4751
2136
4849
7047
2136
8827
1114
9602
5422
8954
10926
10926
8943
5422
5422
3954
3617
516
6670
1465
516
10967
1465
10967
4386
474
5422
474
14703
9249
4724
7146
3593
4552
3929
127
1165
5060
14974
6406
8102
4800
10236
5060
7897
13774
2230
13871
13871
1465
3451
13774
798
650
11193
4231
4647
2230
2324
1431
13932
12990
6597
3423
2324
10855
9498
9345
72
2906
8094
10855
6978
9780
4157
752
14038
7710
11022
5017
3948
8358
9249
7876
14703
4021
13336
2530
3948
163
11384
5167
1567
6210
9813
6200
3839
5472
12196
7767
11556
9515
6315
7823
8452
8742
4625
2687
10197
6040
3401
4985
675
915
1802
4985
9845
2750
1918
7065
2566
3662
5179
6911
9034
11730
4443
12021
14770
12021
13885
2732
13885
6990
12666
3561
14583
915
769
13063
13063
13063
9527
13678
3133
6787
13678
4998
1650
1650
8800
5078
269
12002
213
7333
8469
11641
904
8474
6758
7410
270
5296
3986
10356
5028
3986
5028
5588
11317
2876
11709
5671
9323
10802
13752
1212
9547
3716
9547
9547
8050
4174
2520
13922
4648
7855
2520
14444
6874
6874
5442
8050
10107
13546
10943
7964
7964
4765
1615
9515
9628
902
14701
13678
6774
9131
13678
9055
519
6751
8787
14026
13166
1554
9465
2354
10088
13767
4788
10801
14614
1119
10801
14999
10283
4179
4834
8621
5429
2056
11118
14963
10748
7557
238
12158
14510
13840
6389
5257
638
14510
5998
7199
1651
9556
13645
7639
7182
7173
1982
11100
1982
12743
11812
3216
1412
4188
7008
9660
7008
3517
11722
9999
4199
4092
5266
8838
315
3372
4256
13205
13205
7429
10284
6626
12313
272
14452
2517
6457
4067
7708
12578
10006
2656
13510
11089
7407
6103
10715
4103
6427
5433
5413
9902
11999
10186
13444
4873
2724
9864
5834
7692
2126
14649
9461
930
4497
10194
7385
8995
13835
270
6851
970
6592
8960
761
2463
8317
11706
3500
9617
12239
5996
6851
12239
11399
224
12917
12097
12748
6412
13882
13882
6707
7510
818
3057
12736
9211
4164
6707
14108
1913
4164
6945
3911
11932
14555
11932
12363
5732
12367
13861
7919
4526
1647
11771
12367
1724
5732
14555
14965
3077
4166
12637
14308
4600
5623
14965
3077
9145
12163
5166
13855
7747
3866
4188
14611
4014
14695
1287
4564
7544
3635
8928
734
6763
6763
5928
2644
8884
6304
7331
14733
2939
3544
2436
4372
2376
10951
5940
8157
5940
8492
7791
1072
13521
14414
1479
6427
68
3094
7681
7544
4466
3635
655
2047
7613
2912
4225
7613
4225
734
14890
655
11587
9203
303
1309
4671
14890
4671
12258
12258
1958
7209
10993
11010
12953
7741
14603
14603
11580
7071
9383
6480
11981
791
5097
1458
11677
11677
12112
10338
6404
12041
13810
6148
9361
2921
4526
5523
10338
4096
2612
10467
1724
10901
2222
8764
4591
1992
5721
11023
9887
13936
14393
6860
12456
14295
4653
3391
10359
4037
14936
12288
14481
11325
5534
13798
14868
14868
11325
13633
11325
14868
9469
14868
9123
14868
11325
2488
6198
9361
3865
2921
2921
2921
10201
2921
2921
12041
10359
5595
1363
5595
5595
6104
4160
14481
508
508
2195
5478
1363
1363
6284
2270
2270
2195
12209
14042
4671
9060
7918
14042
7483
9060
10415
2548
9060
11071
6023
12532
2957
13700
14497
11647
7591
7918
466
6069
7591
4160
10035
12828
4160
4160
11035
10324
6023
8493
10324
13700
2270
144
144
6023
8493
14841
11009
6023
12475
12092
191
2270
2195
2270
2270
13092
13092
2152
2152
144
12475
7074
14868
5215
9123
4520
9123
6198
14271
13195
13195
7366
7335
9123
9123
13288
13288
9123
2486
13120
371
1643
1643
5215
11508
1643
1643
1643
1643
5215
11508
11508
11508
5215
2442
1873
1873
5215
1873
9947
1791
1873
8617
11729
217
9011
9220
3086
408
5013
3383
3383
2414
408
5803
6745
6745
6745
13069
7699
4602
13069
7458
14773
7458
1873
11729
1881
1881
1881
4602
7378
4744
8840
4602
1575
14474
5749
5749
5749
14316
2478
5749
1881
1881
217
217
217
1881
217
10646
1881
594
9947
5146
1881
217
217
217
217
7699
10637
14474
14474
3976
5749
1575
3976
5749
6439
3299
11009
1602
14547
4666
4080
8189
7978
9497
2580
1961
7074
11770
3654
11848
3557
8868
3557
13927
5814
4820
14433
14114
6231
5411
8397
782
9406
4080
4500
4500
10879
8820
8820
8820
8820
14316
8397
5086
857
5086
10879
11433
5749
3976
8820
8820
14316
14316
2478
10704
4500
3770
3770
8421
2861
2861
5639
7833
12006
7833
8088
11583
11583
8144
1112
8354
10626
14121
14602
2479
2479
2479
8689
2861
3777
7833
14155
14602
14602
8354
14602
12277
12701
11991
14886
11991
11991
1959
13655
10001
12218
1881
13171
14759
3976
10220
14759
10220
11583
11583
8160
10220
12042
10220
13507
1575
14316
10704
8205
13079
13507
14121
11049
12218
11583
10220
12042
3789
3789
8118
4500
14316
8421
8421
10527
9386
8118
8118
8118
8118
8421
8689
8689
8689
8689
10704
8504
711
5845
13606
13606
1984
1984
2861
13834
10817
13606
13834
12390
1984
10001
13397
11583
12159
14759
5536
11583
8160
10626
1112
4877
1842
4858
11517
7782
1842
14602
1842
14602
1865
14117
12304
13593
8056
12304
13622
1959
2527
13991
13991
12241
12241
6173
9952
7911
7911
1959
6173
14602
14602
12277
14602
12701
12701
9564
1959
1959
2527
1959
14602
4858
4858
8218
4858
12714
8478
8478
184
4858
4858
8218
4858
8478
12304
12530
8478
12530
7696
7911
12241
12304
6173
8063
1672
4996
1672
7696
12241
162
162
4597
4597
773
162
8478
12530
8478
1672
4858
184
4858
4858
4858
4858
8478
184
4858
184
184
4858
8478
4778
8773
2457
2457
2457
4597
4597
4597
13198
13198
162
2457
4996
13198
13198
2457
2457
2457
2457
8478
3198
9971
3198
1349
1349
184
4858
4858
4858
131
4858
4778
131
13184
13184
13184
4778
4778
4597
4996
7696
2457
13592
14178
9971
162
14178
2954
13592
4353
13592
5555
5835
1349
5555
5835
4778
5555
1349
8773
1378
1378
1378
9757
8138
12936
9757
8138
13184
13184
13184
13184
9757
10402
10402
10402
10402
8138
13184
13592
12162
3497
4778
4778
5835
4778
4778
12162
131
13184
4778
13184
218
4778
218
3497
3497
4778
218
4389
4389
8890
8138
10402
13184
8890
8890
8890
9445
14254
4389
8112
14254
8112
14254
8112
8112
8112
9994
218
4389
11235
218
218
6402
4389
8890
8890
8890
8890
6402
3417
3417
13824
4411
2954
14178
14178
656
13592
13592
10607
13904
14178
1146
2033
10437
10913
12162
3497
5103
3497
1436
5608
10437
10778
1436
7946
2765
11235
10437
1030
3497
11235
10437
395
5608
712
712
11680
1030
8368
9633
3823
9598
14323
1638
1172
5437
7946
9777
2398
3279
10839
11235
218
5437
5437
11616
5437
13038
2398
11616
6634
1916
7650
1916
1371
4567
4567
5468
1944
795
10616
1944
3459
3459
5573
7085
13501
1442
190
8826
12268
4882
5836
2430
5836
8053
5849
8053
5862
6275
8375
568
568
10469
2781
2360
4670
7601
2065
7925
1138
8826
10546
10783
10469
14366
10469
2970
7463
4683
13501
14366
2065
5173
1056
3637
6285
11099
12320
890
5408
4966
6358
3464
13180
7935
13180
13180
4302
14366
7935
7935
328
7495
10177
8041
8041
13574
4787
4053
4053
13180
13574
13400
7495
1856
9948
10177
1856
10367
1267
5718
13696
10177
9808
5365
6468
3261
6468
6468
5263
1970
14177
1817
6835
14463
12154
10702
3518
13518
7750
3261
3261
14129
5936
9378
3725
3261
653
5718
4787
6588
6468
5263
7487
11294
14318
923
5263
5936
14456
5697
1117
9378
4711
6588
820
4603
5718
13696
4711
10060
13180
10978
7796
12978
923
6588
4711
6468
1980
14463
12154
422
7005
14463
1817
14177
7487
13518
7750
7750
6037
4457
6037
6037
6037
45
7750
2677
2677
6468
14926
10978
2565
7796
803
7487
803
5792
1970
1817
1970
3518
10702
6468
1970
6835
422
462
14463
1759
5402
3661
4691
4457
8141
8377
237
4691
8377
4099
13127
4633
1180
9680
4099
4099
3996
369
9680
9680
1817
1789
13518
7487
12154
10702
12154
12154
7750
1759
7750
11404
4136
14914
4691
8141
5310
11404
13518
1905
1180
237
341
1637
2677
9517
8377
4136
341
4099
5402
9680
8475
2976
1317
1317
2495
2495
14910
3820
12348
11539
11539
7156
2055
3820
2910
5488
2869
2055
3671
2055
18
6997
4633
18
2046
3996
731
2869
731
2495
1630
3671
1121
14910
1317
7948
11539
3820
2869
2910
18
6997
14910
4633
14910
3820
11539
6036
1121
731
9630
7049
10192
2849
3887
6540
8911
6540
8650
13466
3885
3885
8911
3885
3885
3885
3885
3885
3885
3885
4674
14618
3530
12735
2835
295
7367
9129
12735
2122
7049
8806
9836
11194
13209
13466
8650
10192
14618
14618
3335
14078
13209
2910
405
5488
1419
7156
9836
3887
12406
10192
8650
3530
2711
7156
8248
7281
11194
9836
2835
3533
7367
12120
9630
9836
2835
14618
2910
2910
5488
405
8806
4674
405
4674
496
10286
9630
9630
3885
8911
3885
13466
13466
3885
3885
3885
3885
3885
3885
3885
3885
3885
3885
3885
3885
3885
3885
3885
3885
3885
3885
3335
3885
13466
3885
13466
3885
14228
12120
14078
6540
8911
3335
13466
13466
14078
3335
3885
3885
3885
3885
3885
13466
3885
3885
13466
14001
3885
3885
11972
14078
13466
8650
11194
11194
9081
7731
9081
5332
11658
5104
5104
5104
8112
2871
7242
532
2871
8112
14880
14880
2871
14880
14880
2871
13888
13888
7824
5970
12515
7824
3310
9568
10832
11945
10832
10819
10832
14982
14982
2272
13487
14365
14022
10819
14880
14880
14880
14880
3417
14880
4918
8495
8495
13487
13888
13888
11791
14365
3666
11658
9092
3817
4147
11658
7923
5104
3916
12160
3817
12160
5104
5104
4904
11658
1947
4540
12275
8754
2314
14489
12515
2314
13456
14489
9356
14814
14814
14417
6571
1023
6571
13252
10966
9356
9201
1023
9201
10571
8010
14814
9201
9301
3138
1023
1674
1542
3138
9956
11616
4280
1682
10037
9301
5069
5789
6555
14267
3320
117
8359
427
117
4391
10587
12485
9015
12921
4802
2422
12921
5525
7285
12421
6443
9301
5793
5773
10380
14792
14792
166
12629
10905
166
9117
166
10416
4214
7180
11570
7973
10905
7973
13890
13612
4214
3797
12370
8793
12896
12370
7441
7180
3729
3452
9588
3452
1166
468
7441
12687
8614
12896
7180
3452
6724
1166
2515
11905
13344
6752
13344
3030
13701
11905
8722
11813
261
1206
8161
4391
10842
729
5491
3923
7087
11254
10106
7488
6367
14493
8155
1267
271
14424
2462
596
7679
11743
2118
8926
2118
7863
8926
11703
5787
6078
12703
4701
4699
12781
9904
11703
9904
9904
5471
10060
13696
10060
5564
10570
3261
340
10570
11294
5564
3261
923
7487
14129
14129
3261
1817
13354
12893
13262
13860
7584
8383
13262
6646
4850
39
13090
12392
3757
12177
4833
4850
4833
8445
4293
4282
6204
4833
5619
8445
11275
4850
5463
5463
8639
4850
5463
2851
5463
2851
8639
12392
595
6868
5893
8907
5893
2537
12177
8639
13090
8639
12177
8639
8639
8639
6204
5893
39
9970
