3666
27671
66402
66410
66402
66402
67235
85556
67264
37300
67235
67235
37007
67264
66410
66410
66424
66408
66402
66402
66402
66402
66424
66410
66402
66418
66424
66402
66402
66176
66176
66424
66424
66410
67176
67176
66176
66418
67171
67150
67171
67171
66402
66402
66402
66176
66176
66402
66402
66402
67150
67171
67150
67171
67264
66245
66170
66176
66402
66170
66170
66170
66171
66169
66245
66171
66402
66170
66176
66176
66170
66170
66177
66177
66402
66170
66176
6199
57317
56884
94081
94081
91168
91366
94056
91168
35162
87249
67264
67264
95134
92706
67264
95517
94920
94920
92706
39053
39053
38351
38351
67264
49567
38360
67264
67264
66170
67264
66245
67264
67264
67264
67264
67150
67176
67176
67264
67264
67264
67264
67171
67150
67150
67264
67264
67264
67264
66424
66176
67150
67150
67165
66180
66185
66174
66185
66185
66174
66181
66180
66177
66185
67176
66176
67264
67171
67171
67165
66410
67176
66424
67176
67264
66176
67171
67264
66402
66402
67264
67264
66176
66174
66180
66170
66245
66180
66177
66170
66176
66177
66177
66177
66177
66177
66185
66170
66180
66180
66180
66180
66170
66180
66177
66180
66177
67150
67264
67264
67264
67264
67150
67150
67150
67264
67150
67150
67171
67264
66177
66177
66180
66180
66180
66180
66180
66180
66180
66180
66180
66180
66177
19381
19374
19374
94602
94920
90536
94602
38360
94081
91366
67264
67264
66176
91366
67264
67264
91366
67264
91366
67264
67264
67264
67264
67264
67264
67264
67264
94081
67264
67264
67264
67264
67264
67264
66245
66174
66174
66181
66177
66185
66177
35178
67264
67264
67264
67264
66180
66180
66180
66180
66180
66180
19347
66180
66180
66180
66180
66180
66180
66180
66180
66180
66180
66180
66180
66180
66180
66180
66180
66180
66180
66180
66180
66180
66180
66180
66180
66180
66180
10411
15392
31125
49776
66177
66177
66177
66177
66177
44824
49764
43009
27399
50454
66177
66177
66177
50454
49783
49815
30116
30620
31258
3523
3444
3523
3523
3442
3527
3442
3348
3515
3527
3342
3432
3539
3329
11463
15923
15918
10656
41338
10298
31598
56531
15923
15909
3645
3786
3662
3662
3645
3590
3645
3680
3675
3442
3675
3645
3581
3752
7742
7742
3774
3366
23867
4837
69250
3686
6168
12720
69266
69250
82258
82251
26064
3524
3280
79245
8983
69553
69549
69529
69266
69547
84755
80290
69297
80278
80290
85935
69294
69289
80287
69304
69301
79829
85937
69301
85879
86365
80289
86914
80265
80278
79829
80265
80622
80607
2581
3307
4281
23867
30603
15329
3295
23867
29096
4856
2898
3554
11794
12780
15801
11324
89292
11324
14895
12697
26178
31598
31339
10318
80316
86913
10318
80278
15918
15918
59084
80574
80552
31598
30784
15942
59054
80574
80552
80552
80552
80622
80631
79064
80622
80622
84145
80574
80574
84145
3666
3752
31369
31368
52847
3954
78942
95172
95318
95172
52848
95226
29863
85202
64806
95172
84844
92651
95350
94430
85527
95501
95172
95501
95172
54930
94074
94075
94056
93919
91366
35162
91168
35162
35162
35162
91366
35178
94546
94070
91365
94058
91365
35378
35162
92807
50443
35307
35226
57589
35145
35307
94545
85659
92708
80790
50420
34984
66180
66180
50337
50454
66180
66180
62549
66180
92708
90326
39037
38379
50420
62549
62549
50443
62549
19307
50454
62549
62549
62549
62549
62549
62549
28361
86958
28361
89165
34037
34037
86953
95038
86959
89142
89142
50454
50454
50454
52612
90828
50454
90828
49802
68439
89177
57350
41786
41179
30730
49410
46951
50454
50454
89161
90828
90828
62648
50516
62665
68155
80420
65572
80431
68121
68124
66018
68132
66027
94919
94052
57589
94060
45796
91362
35228
35378
35378
35305
35474
35378
35187
35196
35145
35149
35149
35194
35378
35187
35305
35297
35389
35016
94025
94054
57595
91366
94013
35474
35149
35191
35149
35191
35191
35378
35378
35145
35378
35378
35474
35180
35191
35191
35194
35194
35194
35194
35194
35194
35424
35378
35194
35196
35370
35166
35196
35195
35149
35149
35153
35191
35184
35191
35191
35149
35149
35149
35145
35153
35378
35153
35378
35153
35145
35434
35434
35194
35378
35370
35149
35149
35149
35194
35194
35194
35194
35194
35180
35378
35149
35194
35194
35194
35166
94544
54268
40471
38777
50443
50467
50465
62549
19307
19307
62549
62549
62549
19307
62549
19307
19307
62549
19307
19307
62549
62549
62549
62549
62549
62549
94914
50467
35005
83392
83390
95345
95138
95377
83393
95128
95126
95378
89352
83394
83367
95138
50369
89139
89158
89153
89157
50484
92689
85478
89156
90828
94764
91456
62665
94761
85206
66020
94924
94769
95224
91192
91182
94918
94923
91191
89162
86474
71419
95481
95346
95346
50369
50460
94540
89732
95485
95486
90358
94542
50381
95218
95243
78990
95163
3338
15329
2955
3380
2477
2515
2643
2504
2601
4344
4326
23862
89781
84018
85296
88511
83995
85296
84078
84078
89781
89781
31222
88639
85296
83991
83991
89777
84078
85296
45713
10298
30772
4896
15355
31138
49403
60411
10353
31707
32021
15942
30807
15940
21726
56608
3380
95172
2508
4240
12855
8653
27569
4338
55105
54944
92769
88732
92769
21218
21127
95172
95172
29393
54908
28728
16061
20740
15328
4158
41297
40382
53775
53775
88639
65807
88511
86279
88639
54407
88511
83995
65807
88639
54407
88511
54407
88639
65807
86642
83995
60201
49450
50966
60201
49450
53775
53787
49450
53775
23389
85363
53787
54407
65807
86270
85361
88511
65826
65807
88511
31222
86279
54407
85361
88511
83995
65826
8858
8855
31494
15942
30915
34079
69703
15942
2647
2751
2541
4652
4698
59009
59009
67264
36970
67235
67235
67235
66408
66402
66424
66424
66408
66402
66402
66402
66402
66402
66402
66170
66171
34486
34500
5813
37115
38384
36925
67150
67264
36933
67174
67150
67150
37110
36944
36944
67150
67150
67171
67171
67171
66408
66402
66424
66402
67264
66402
67171
67264
66402
66408
67150
67150
66408
66180
66170
66245
66180
66177
66185
66176
66177
66177
66177
66177
66177
66185
66170
66402
66402
66170
67150
67150
67150
67150
67150
67150
67150
67171
67264
67150
67150
67171
67150
67150
67150
67150
67150
67171
67150
67150
67150
67150
67171
67171
66424
67150
67171
67171
66410
66177
66177
66180
66180
66180
66180
66180
66180
66180
66180
66180
66180
66177
66180
66185
66408
66185
66185
66241
66181
66180
66177
66177
67174
67171
67174
67174
67150
67174
67174
67171
66402
37072
38137
38137
67174
38566
38325
67150
67150
67150
67150
67150
67150
67150
67174
67150
67150
66180
66180
66180
66180
66180
66180
66180
66180
66180
66180
66180
66180
66180
66180
66180
66180
66180
66180
66180
66181
66177
66181
66180
66180
66180
66180
66180
66180
67174
67174
67174
67174
67171
67174
67174
67174
67150
67150
67174
67174
67174
67174
67176
67174
67150
67174
67174
67174
66402
66241
66402
67174
67174
67176
67174
66177
66241
66177
66177
66177
28197
29981
27067
28234
66181
66177
66177
66177
29083
30703
30654
31586
34034
41024
34019
28311
5843
5907
5845
5845
1394
41024
82282
82258
41024
9185
53515
1252
53515
82269
82258
82269
43243
79262
82258
5828
5837
5837
5836
5836
5851
5841
5841
5836
5776
5776
5845
5776
1712
5833
1261
5833
5813
1394
5776
5834
1394
5834
1713
85562
82029
79829
86365
86365
86913
90495
82029
82029
85565
86909
87085
86909
78397
89070
85565
9185
53745
53515
354
1244
5826
1039
32501
57235
57235
250
85561
32485
71721
479
79065
79049
79053
89070
79053
79053
79047
71336
69615
79050
81027
85565
29669
85443
29651
25931
15991
11974
15985
15994
71336
84111
60420
71336
65681
71330
29625
15996
15986
29659
65249
71336
53311
1713
5776
1394
5826
1261
25734
57326
29644
53111
37214
38650
37264
38325
37224
36331
37290
36325
66180
66180
66180
66180
62549
66180
56038
67176
36053
36328
66177
66158
66402
38665
38936
36079
66158
46888
38096
39265
38178
36053
36043
37062
38067
36055
62549
62549
62549
62549
62549
62549
62549
65829
38936
38665
38936
66158
56038
46888
38665
38936
38665
38706
46888
56038
90828
66177
52604
56038
41434
41389
41442
41423
31310
43624
33632
50516
65829
50516
65829
60073
57019
54176
49823
54177
54170
45288
42175
78761
57523
80243
29425
44025
28202
33788
57522
44025
5907
33788
34050
39075
39235
38293
37332
38754
19307
62549
19307
19307
19307
62549
62549
62549
62549
62549
62549
19307
38665
45301
38665
38706
38665
38686
38686
38665
38665
38665
38665
40150
39084
38665
38695
65829
46888
38686
65247
46888
38646
40963
38405
38768
38665
38659
38665
38665
38659
38659
38665
38686
38665
40150
38665
38310
38768
39084
38768
38686
38686
38686
38659
38659
38686
38659
38665
38768
38665
38686
38686
38665
38665
38768
36186
38768
38912
36063
37955
45297
45303
36051
36024
37963
45301
39084
39084
38686
38686
39084
40150
40150
38665
38665
40150
45303
39084
39084
39084
38686
39084
38686
38686
45292
38665
40150
38665
40150
38665
38665
38665
38686
38686
40150
39084
38686
39084
38686
39084
93839
93367
93363
93367
65829
71371
84019
82362
93361
93367
93367
93839
95255
88173
93372
95248
95253
88169
71413
84020
83998
78760
84007
90882
92521
95402
95379
92484
92467
92562
65829
95403
92506
92581
65829
95403
92617
92562
92593
92606
80271
57523
92596
33788
23229
92596
92606
92626
95460
23229
95541
5801
5894
1493
1494
1557
23469
45352
1462
22602
34010
94999
23469
24866
49952
23086
94999
94999
24866
25247
41463
23086
24857
689
1244
1244
11332
85562
85562
16031
846
846
85562
10935
11330
69629
71336
15990
15999
26026
16016
50801
12135
12579
25858
42393
25858
1250
7991
1250
1039
1039
84182
57326
55975
31803
28143
29465
55968
55968
42373
31785
28046
15803
28079
45028
92754
53259
53259
92754
92754
62490
62490
62490
93992
53259
43607
44506
53259
92754
43607
62491
1250
1402
846
8415
94999
94999
25213
94999
95393
94999
24460
47341
16020
24788
24435
24511
24853
29530
24803
12672
29501
29435
29436
92754
28050
68291
93992
33972
53259
43607
29436
50791
87951
32311
29971
30699
27991
27987
42999
13351
50511
68291
41589
42003
29297
50603
33972
93992
68291
42012
33972
68291
45009
44984
46770
45009
41589
29971
32072
81912
32072
80167
27069
81725
50603
89327
44635
89327
68291
42999
31087
45066
62598
42003
84623
90372
90372
93901
93012
93012
93901
91340
91321
84424
85346
90372
94506
93200
84409
85333
84623
84623
89337
85351
84623
90372
93012
93012
93901
93012
93012
93012
93012
93012
93012
95117
93971
92783
94506
90154
84292
92783
93200
94009
90314
93696
95464
84623
84623
86779
90372
90372
93901
94701
93012
93012
93012
93012
93012
93901
93901
87904
87904
93901
87904
93901
87904
87904
87904
87904
87904
93901
84645
91031
93901
87904
93901
87904
87904
93012
65382
59084
90267
59116
65103
93012
93012
93012
93012
93469
90454
92783
93012
93012
60363
65041
59092
59087
59011
59009
59142
59037
59234
14166
71561
58973
59363
26987
39993
62577
59318
84145
49366
49366
49366
26994
59318
71546
41040
27618
26996
93536
93536
93536
93536
93201
93202
94644
94644
95342
95342
93544
93544
93549
93536
93536
93536
93544
93549
95343
95342
93544
93556
94644
94647
93556
93536
93535
93535
95343
93544
93556
95343
93536
93536
93536
93536
93536
93536
93535
93535
93535
93194
93202
93209
93194
93201
93928
93222
93215
95330
79201
93209
93215
90843
93190
93122
93198
93216
93202
94644
93201
94647
95342
93544
94647
93556
95342
93202
93209
93208
93192
93196
94408
94661
88465
94661
79196
94349
69725
94409
79205
93222
93215
78504
78469
88460
88472
91100
85336
78508
78507
61671
79196
86028
88314
90843
93556
93194
94647
93201
88309
88300
93113
93181
61620
94506
88794
84292
84294
84498
84500
84500
84438
84532
84440
84440
84440
93200
91321
84397
54649
84438
84525
84440
84547
84076
94506
91120
84046
91120
40975
90154
94701
84633
84440
93012
86779
84547
84547
92783
92783
92783
93012
94990
95144
92783
93971
93200
93200
84046
87728
90153
86779
84440
67774
92783
86779
86779
91035
84645
91031
91031
91031
91031
91031
91031
91035
86779
91035
72064
69075
91035
91031
91031
91031
91031
91031
91031
91031
91031
69075
69075
84046
84688
95144
67770
95200
84389
84397
69863
95200
95200
68013
95200
95200
95200
68009
95204
95200
89730
67121
95200
68014
95200
69876
94506
94009
93200
84292
94990
48828
49072
54649
67774
68009
72064
65068
50666
92783
95133
94990
84076
68014
67774
67774
67774
67774
69075
72064
69075
69075
69075
69075
69075
69075
69075
69075
69075
69075
69075
69075
69075
69087
72064
69075
72064
72064
69075
69075
69075
69075
93200
92783
93012
84292
91031
91031
91031
91031
90878
71561
84294
82304
89952
82122
71581
82231
84042
84057
54777
84030
67121
67121
67121
67091
67770
95200
67121
67770
67770
68010
67547
67547
67838
67838
67838
67834
67834
68014
84018
84030
67546
67546
67121
67834
67121
67770
67834
67547
67838
67547
67838
67834
95133
89781
89781
95133
84076
68010
67547
68010
69087
84042
89777
89781
95133
67546
68010
68012
68008
68010
68010
69087
69087
69087
69087
69087
68012
69087
69087
68012
69087
69087
69087
69087
69087
69087
69087
69087
84018
84057
84042
84030
84030
67546
67121
67838
67838
67834
67834
67121
67121
67121
84042
88511
93417
95144
84042
84030
67546
89781
69368
67546
89781
84042
65203
95144
84370
48982
90734
68481
91680
71585
71580
87183
59009
57322
57322
57322
57322
49366
57322
49366
27006
26987
26996
57322
57322
57322
55698
55698
55698
55698
55698
57322
57322
26762
26990
26985
27006
71542
71542
14172
14064
71542
89056
64419
64515
65180
27618
27574
43621
14064
41055
14193
14064
80232
55698
55767
80232
80232
80232
45765
55767
45765
40067
55707
40988
55767
55767
92817
83041
45765
45765
55767
55767
55767
55767
55767
55767
26767
36859
26752
27007
46768
71542
64483
64441
64623
71385
87434
71584
64440
87434
64514
64623
85895
83152
79986
79970
71376
43621
41048
68295
14019
79968
41048
14019
27011
41038
64293
68295
64288
64386
78466
79800
79800
78478
90845
56681
61672
61614
79800
61620
61617
89719
48963
95445
56683
85082
61490
61499
61490
61476
56718
61448
61489
57471
88712
78497
90845
90847
61621
57471
61605
61601
48963
61482
61480
61487
62451
47685
47528
83168
83150
85116
80006
80029
92992
85747
90790
80012
80018
80033
47351
47346
61704
61704
61504
93512
61501
47530
47583
61583
61716
47015
61722
86507
61722
87071
47508
87071
61746
61746
46977
46980
61583
61583
61716
61716
78522
86511
47015
47074
47028
47055
61746
61746
91126
47596
62459
44325
54042
68283
46763
84145
62463
44691
32262
94664
60409
41156
41100
41090
46240
44325
68283
69987
71030
45481
68210
70244
70858
86500
70872
88488
68500
79175
68500
40403
68500
68500
68500
68500
68500
68500
79175
68500
68500
68500
68500
68500
68500
68500
31905
31851
68500
68500
54397
68500
68500
68500
68500
68500
68500
68500
68500
79175
45950
79175
79175
79175
79175
79175
79175
79175
79175
79175
79175
95222
95222
79175
79175
79175
79175
79175
79168
79168
91575
79175
94630
60110
94693
91509
91575
79168
91492
91509
79175
79454
91302
53365
79454
91302
53372
79455
53353
87013
69491
91509
78833
78835
95222
79175
79175
94630
65278
91544
93755
82609
79175
79175
79175
77192
77192
77192
77192
77192
77192
77192
94512
80353
77192
77192
77192
77192
89281
89272
89281
77192
77192
80353
77192
77192
80353
89281
89281
89266
89281
89266
89281
89281
89281
89272
89266
89281
89266
89280
89280
89266
88801
89277
89280
89280
89277
55392
89280
55392
89266
89281
55398
89266
89266
89277
85478
95560
95560
95557
77074
77081
95559
77053
89277
89280
55392
89277
95563
89277
85478
77114
88801
85478
95559
77109
77222
77128
86674
77122
86674
77222
77122
77128
77128
77128
77122
86674
77125
95556
77136
88137
77136
77125
77128
84378
84378
77234
88137
77136
77125
77125
77125
77124
95363
95363
88137
88137
89503
84378
39959
69595
39959
39959
39959
70813
80993
70804
40065
39959
55698
55698
49705
55698
55698
49366
71000
70726
70943
70815
70872
70961
70961
71887
71887
71961
86500
95566
73998
86500
88488
73998
95566
71015
94003
79084
73998
55707
55707
55707
55707
55707
80232
55707
55707
55767
45765
45765
71020
70640
70612
70651
70950
80680
78873
91379
78617
80684
70625
70913
72012
82638
83140
91386
86297
80666
73147
95566
74335
79080
75181
86409
73147
72274
72274
73277
87278
83138
73196
73626
83138
72266
68626
82317
68500
79585
82322
68500
68500
68500
68500
68500
82322
68500
82317
79585
68500
82330
93351
95222
95222
95222
95222
95222
95222
95222
95222
95222
95222
95222
95222
95222
95222
95222
95222
95222
95222
95222
95222
95222
95222
56363
68500
68628
65948
14257
14459
14517
79585
65948
82322
55186
59957
33705
95222
95222
95222
95222
95222
95222
95222
95222
95222
95222
95222
95222
95222
95222
95222
95222
56363
91302
53353
80414
54397
91302
94630
91575
91585
68500
95222
95222
95222
65278
65280
78830
91575
91573
95222
91592
65948
65948
54411
91302
60084
92530
71787
95222
95222
92911
78830
95222
95222
79455
65538
89197
53349
92692
65294
91573
95222
95222
95222
95222
95222
95221
95222
95222
55521
91302
54397
45422
91585
91611
91570
93441
94787
95063
91610
78832
91592
78841
91606
79160
91570
91570
93764
79454
53353
91650
91611
91611
91650
93782
53349
56383
82606
91542
92692
45422
64858
93782
95222
95221
91611
93441
95222
93441
95221
95222
91611
65948
62490
45422
79585
93341
93341
93341
93341
95056
14618
7946
59960
42903
15729
82324
79454
82745
93341
93341
93341
93341
94467
95056
93782
92547
92551
93786
93341
93341
93341
93341
93341
93341
92551
92551
91649
54399
65948
62490
80414
79455
93341
93341
93341
93341
60110
92539
92544
93341
93341
93341
93341
65401
82324
45422
57406
92512
92551
45028
55542
60084
65402
92544
93341
93341
93341
93341
93341
93341
95056
95056
93341
93341
93341
93341
93341
93341
93341
65948
79454
93341
93341
93341
92539
92539
92536
92525
60084
45028
53349
7718
49685
45028
45422
45422
82324
79454
82745
45028
45422
80414
55507
82745
92536
80414
70295
55829
93048
77500
77059
77032
61913
79272
77507
95562
77048
61912
61883
61880
77522
77515
80659
76861
61887
85649
85660
77023
77490
89507
77066
77528
77508
77492
79272
77500
77500
77026
85652
85651
77590
77034
77530
77513
77494
88045
85654
90127
83134
83137
91450
89715
91382
90127
85410
79080
87275
89701
61812
61815
61815
80659
69357
77466
80659
80659
77470
77470
77470
57491
56263
57498
69648
57506
56327
85771
85771
85771
85771
85771
61811
80659
61887
76617
88451
88451
77457
76894
77466
69351
77466
77614
76591
77468
92699
86351
20437
86785
20437
21425
86776
94878
89599
53200
86781
87382
94431
95356
95502
95543
95512
95184
94429
94431
95351
95172
95172
55012
95447
95448
95513
95543
95362
92355
95172
86781
54488
20434
21429
53188
21623
57009
94878
54476
20414
20384
82462
53201
43840
95448
95448
54480
54488
95448
95513
95513
95183
95172
91277
95448
95448
89997
95448
95448
35167
56292
94050
94034
94013
94046
35153
35149
35146
35153
35149
35155
35149
35149
35158
35158
35149
35195
35184
35166
35184
35194
35195
35150
35165
35146
35153
35153
35146
35195
35195
35149
35146
35173
35166
35149
35194
35194
35140
35150
35149
35155
35195
35152
35163
56292
91369
90339
35363
93593
60181
35172
35144
54093
44171
39047
50443
35024
50378
34997
94016
92971
94017
44157
38118
50443
50356
35015
50316
50361
94674
78913
94673
78983
78901
57287
94680
69950
92364
92364
85365
78907
33893
95442
85365
50414
89191
50373
93635
52614
50348
35133
35363
35219
89320
44739
38878
38113
35221
50351
50322
34958
50307
50263
50200
50319
50329
50281
50268
39741
35112
35247
38926
35577
35216
54019
50221
92364
95184
29535
52617
69631
28916
33884
31276
31164
28916
28916
52626
28909
28916
50348
50366
52617
52614
50307
50307
52614
52612
52619
52614
85256
91458
85256
92224
91994
21218
21123
20498
56587
20661
21505
21636
22248
22271
20740
22271
21709
22249
46522
20968
20882
21418
21636
21636
21218
20740
22272
20974
21418
41235
22248
22249
95340
21218
30665
95172
88732
54920
89574
26142
20740
22271
21709
20886
4695
8007
31998
93440
95172
29395
89555
28801
29394
95340
93321
21221
22335
28767
22271
21709
20888
20740
23389
49450
53787
60203
21616
49450
46522
65807
54386
85361
86270
85361
88511
65807
53775
65821
86270
65807
86270
65821
21505
23389
50966
60203
49448
54386
65807
65821
53775
65807
56901
54386
54386
8858
8858
42773
21616
60201
53787
26049
30907
53775
42735
54407
22251
60201
49450
21544
50966
30858
25911
31962
42808
53775
20516
20498
20654
20787
20974
21443
22272
22331
22248
20516
20498
21673
20640
20882
22254
41235
20788
22214
22249
27898
29404
93440
89574
89555
27769
27783
95340
20747
31496
22149
21709
21421
20888
28697
30460
20739
89555
92357
29007
89574
27024
22274
20888
22331
31496
21544
50966
21505
60203
49448
50966
50966
53775
53775
21544
46522
49448
49448
85640
60203
28871
49450
42773
60203
50834
21499
28871
53942
53914
56901
68160
44732
45443
32067
43470
31169
31429
34110
41599
31169
41211
41211
18737
11389
23287
11067
29543
27179
27208
27461
42056
23807
14853
27519
10999
23650
23737
27440
28520
27316
32398
32398
33808
29826
8885
8885
8885
8885
8885
50243
9963
55546
34935
55548
29386
8885
59968
53890
25806
59968
45913
49897
21635
50593
22322
20392
20565
20572
53629
21641
95448
21641
95448
95448
91793
91277
92357
53040
21341
20427
21442
95172
22322
79224
57521
21490
21637
91792
30665
92254
92266
91799
92248
91691
35215
35379
55363
55363
50456
55363
43109
91793
92222
92222
92222
91793
91793
92222
92238
91785
92238
91757
91757
91795
92222
92226
92156
92223
92223
92223
92223
92231
91856
91740
91795
91765
92190
91722
91772
91689
91691
91699
92243
20787
20646
21636
21418
22209
21712
31496
20788
30386
22147
20886
22149
20973
20527
20787
22169
20629
20646
20789
22207
23892
29007
95170
20749
95340
27727
27749
86842
88726
89574
27734
22207
22280
20888
20789
20787
95340
22175
53885
29010
57082
20789
22207
21499
21499
28871
46522
50006
68595
68160
11380
11110
11443
27734
27734
14806
11869
11362
11875
25909
11018
11100
11112
23773
23760
15932
69515
18734
53906
53904
81182
88632
57623
53890
44536
41387
18759
18301
87751
40428
40428
16759
18118
53714
16290
18304
17442
53097
69515
69515
57635
60451
79907
57631
53723
85506
51588
16759
17884
95439
43663
39717
35964
36080
38768
38686
38686
38686
38768
84380
38706
36248
46888
38768
65829
36186
36187
38978
38682
37235
35812
35801
38334
38901
38079
50184
87321
38768
55232
46888
36174
38782
36044
36024
42964
38768
38768
38768
38686
39084
46888
38768
38686
38686
38686
38686
39084
39084
38686
39084
39084
60523
45292
38686
39084
38686
39084
38686
38686
46888
39084
38686
39084
55993
39084
38686
38711
36000
92602
95403
95404
92597
92606
65829
92613
95404
92613
65829
95495
95551
92626
92626
93941
93728
93941
45091
95300
95551
94859
94859
95299
95299
95508
38273
38282
35995
84178
35907
50041
50070
50064
36178
50281
50070
50281
36173
38128
35705
35705
49380
35868
50086
36156
50281
50281
50281
90110
95551
46937
90110
94972
64802
94639
30989
78344
94639
30989
30989
94972
95301
94645
94143
95410
95302
95050
80786
43018
43014
43018
95054
95051
95530
95533
49952
87373
50938
49952
94999
94999
94999
41463
25022
25595
24694
41472
95533
95532
95539
56374
49553
95333
49328
49328
25028
24620
25710
25600
41488
95533
95532
95528
95333
95333
95333
49553
92407
49328
49328
95409
95529
95526
92402
95332
89629
54334
25094
24931
24724
41504
49556
25636
25504
24924
24961
10657
14762
10580
14932
10694
1197
10691
10684
53925
15976
15779
15982
27117
22289
27258
27194
27231
15549
22291
8571
15461
1207
6006
12755
10589
10544
95
14932
10674
10589
27125
27200
27382
16130
27143
28771
49912
16197
16179
16221
16146
15980
19235
16195
16225
16195
16225
16194
25885
27755
94999
33048
24462
33179
80760
33034
33183
12676
24786
95155
95316
65226
95316
46337
26369
65228
26327
33043
26612
11332
49328
12135
10919
33189
33091
80760
95155
95316
94712
65217
56660
26430
26423
24992
24515
24588
24752
94292
23992
90448
24048
45927
27857
26508
29106
26410
26508
24333
32302
94290
24048
26360
26510
26419
28085
41609
28030
28085
80168
81632
80168
29971
86292
30825
32311
82550
28146
68291
42003
28161
25850
86290
25921
81725
80163
30825
14757
42891
82550
13869
44954
80167
81725
81759
25335
31095
85021
62598
31081
82550
68291
56500
31081
82551
42891
32561
26513
26573
46755
83545
34398
82551
30555
44954
29932
42891
33075
33043
94682
94682
71723
15039
26612
33189
80770
85101
68742
94746
94712
95316
65228
33034
33042
94682
33057
32301
94712
71797
55432
94347
24569
24496
24430
24800
24013
24153
24057
26360
71609
24577
24651
24371
24455
24048
32302
24153
56886
26378
26407
87982
28161
89214
25349
83333
27757
42891
87087
68675
81837
83531
13467
13708
81759
29791
46755
26513
83545
34398
42891
34398
83531
29791
26513
50058
36132
50143
32163
30992
41770
30992
40966
34289
12810
10892
32247
43014
32376
32359
95054
68495
32589
32325
32362
32359
34293
43250
34123
32369
32602
32624
33562
28461
11337
31640
14934
49569
34012
88622
32621
92398
46369
83821
83821
33955
57607
46377
51002
29060
46361
94682
32799
32666
33994
33580
32748
33367
32930
32727
71127
49439
79785
46851
50786
24823
27285
23292
23271
26102
12755
9500
11677
50238
11677
47679
15039
47375
10677
41362
47637
47375
47637
49533
41387
18416
18199
18206
16658
16220
16217
30046
18230
16756
11677
49529
16595
16658
18159
18165
16688
16637
18153
16614
94682
94682
33479
33218
47690
32929
32896
33071
94746
95316
85101
94283
71797
55432
49533
33582
33411
33511
33032
24356
25248
45712
40179
53593
94299
32368
94290
94279
24716
24313
24470
55428
26378
24256
24166
25489
85101
95417
26378
24696
80386
26448
27755
57389
7541
80386
26528
62142
90600
90680
90552
90732
68480
84960
63548
63556
94483
63543
63221
62079
62054
90646
93055
93054
90593
89553
87199
40005
40005
49366
40005
39915
40005
36859
40078
15688
57322
39304
40209
40209
40209
64440
85897
64616
83600
64514
64190
88825
65375
41034
63355
64288
78577
51198
64342
62718
29899
65165
63180
63520
63465
51220
51220
46640
39932
46638
68804
64693
39990
45937
39257
39990
19062
51588
19008
63221
64303
63217
63532
63550
64514
63217
64303
63180
64303
62767
63187
62769
63367
62721
64800
63548
62763
62725
63529
65789
63188
62738
63465
52564
51220
80072
63484
63253
62769
62771
62742
62751
62725
63359
52217
62754
64654
90350
93018
92688
89380
85887
85889
85155
87706
89853
93001
85747
91359
87042
87053
87044
87062
86557
94161
85693
85607
85693
89789
89785
89810
89817
89873
87045
86563
89891
87227
85606
85701
52533
80002
90059
86898
51259
94128
61553
87053
85698
85698
61695
85689
51256
94128
51259
51256
94128
52397
84335
85545
61681
61702
61186
95179
47581
47008
47074
47732
61211
94268
47257
47071
47259
61747
61742
61738
49636
87490
69826
61673
47731
61213
47078
47064
47753
47265
87490
47611
89212
88384
88384
88384
47257
47048
47076
47195
47259
83984
61086
47732
61086
83984
47737
47560
47115
47196
69826
69826
87488
69826
47611
47753
61086
94268
47785
47952
49050
47094
47109
47288
88384
89204
89204
90855
90855
88384
69437
47190
90855
89902
85711
88605
89893
95109
61698
83437
85708
85708
61643
61539
61700
51244
52124
51244
93431
57473
61182
85547
61349
61164
93431
61148
61168
52327
52330
52333
59974
53486
85547
79720
61155
61331
79727
61099
61673
47172
47097
53166
61673
61020
47952
47460
47225
89207
90855
47324
87297
87297
90855
47888
61020
47110
47425
47478
61120
47867
61038
47553
47136
79489
79489
47258
79489
79490
79485
47893
61119
47893
61061
61105
53028
47465
47132
47921
90855
47248
79489
49092
79489
79489
47642
57400
79489
61061
47872
47480
47139
47897
61140
61126
47899
47241
47323
79485
79492
79492
79492
88969
56616
79492
62059
62101
62085
62108
62108
90631
65350
94345
93738
88699
85634
93618
62108
62108
90645
90628
53714
90106
18560
53709
53714
85635
68811
90106
90092
51912
65472
80072
64654
94934
62752
62725
62721
62719
63556
62326
57310
57395
63465
52217
52263
52263
62108
65350
90902
53714
94852
94934
95374
87597
61768
65369
61529
61169
61646
61156
80850
94852
85452
82209
61556
61773
61526
68781
91067
61561
62474
52252
56857
54158
61155
61149
61331
71827
85546
95179
95205
85549
56861
52546
94160
79129
86843
61153
61177
61170
71828
95205
85549
68128
61118
61076
61038
47910
47180
47485
61139
56617
88969
79492
86505
79502
61140
61061
57160
47328
47438
47905
61134
61042
57160
60988
61140
61038
47214
47329
47464
47907
47327
47214
79502
86505
56626
56619
56636
69701
86505
83417
69572
93346
62295
88952
95444
95203
86042
87458
55767
55767
49366
70662
70555
78714
78739
82651
88502
90099
86313
86320
70620
83282
78660
85999
87544
89409
92939
72144
72214
72210
73148
75476
72186
72191
69089
72332
72232
72213
72146
72703
72132
6529
70619
46640
18560
45648
27676
46640
87383
53853
90479
70620
78618
78737
87582
89479
93907
87545
12668
70527
72525
72525
72525
72525
72525
87000
90199
90189
89479
72149
90199
72236
72337
72337
72141
72732
72099
72096
72340
73501
72502
73255
43023
72161
72081
72149
73222
73115
73100
7551
86938
49396
34449
8077
55875
7458
7321
46737
43375
34484
89362
86333
89362
86320
81032
80480
75632
77593
75683
75656
77589
76763
76750
75687
75744
75712
76744
75750
90145
89376
89375
86320
84666
82572
77467
77562
76763
75759
75686
75498
76474
75846
75544
77412
75023
75188
75222
75625
75619
75316
75653
93833
73503
74945
75222
75285
75619
75754
75712
75653
75618
75316
57475
69686
69681
83372
78972
78808
79824
83374
83365
57491
69648
76449
77857
78972
82432
76450
83079
82432
76450
83365
69681
83372
56294
94373
94373
94373
94373
94373
78973
77848
77630
83389
78785
77889
78757
78789
78972
82432
95395
56317
94371
57469
93081
93085
93085
94371
94371
95395
56260
85771
95482
76542
85771
87378
76450
57434
69683
78975
83383
87378
56283
77236
95394
95395
89911
89462
89422
89689
87943
77375
75682
94086
76769
91292
86490
78264
87303
89498
84247
89689
87480
90998
75682
86490
90833
90999
72780
74952
74938
75229
75196
75754
75704
75641
75752
75704
75636
75304
75624
73247
76744
75690
75637
78894
77870
77628
77951
79302
77862
77792
77629
77946
77893
56357
79332
95375
79379
95375
95375
86834
93085
93085
95428
93085
77792
77898
79318
77937
77903
77629
86995
81990
77943
79331
79318
92747
77792
77922
77937
93993
95428
95428
84790
79348
95375
79383
95428
95113
93994
84788
95428
77859
76450
78799
78779
83981
76450
77857
77889
78820
56302
90907
57070
93079
84372
92747
77848
77946
77914
77630
95375
18118
18560
2014
6671
8449
2014
27672
18560
7000
6988
7035
7202
7023
7014
6574
6709
6591
6983
6989
7202
5889
90748
72525
73222
94801
84341
73501
77430
72828
75059
7212
72827
72820
73283
72828
74177
18121
18486
18494
41525
8083
7612
7505
7542
84252
87472
93306
75578
91292
90506
75501
75548
86490
78265
85067
77551
91170
78461
90436
88711
94809
88720
77378
75501
75578
92966
94086
84308
75552
77371
82035
74644
75349
75166
75756
75691
75654
75648
75308
75361
74716
74420
74709
77583
86973
75667
75209
77479
77629
77784
86995
79367
77954
89706
77629
77784
92747
77784
89706
77954
79339
77629
77803
91011
91011
77620
83473
79367
89706
89706
79367
77954
95540
84807
79353
85779
95540
79348
84790
93993
79353
79353
84807
95540
77630
74371
84826
75468
75004
75500
74377
74102
75235
74689
