2923
2923
628
627
627
627
349
310
364
288
298
298
298
358
605
642
586
628
628
628
663
696
585
627
642
628
586
628
697
663
718
585
497
626
569
642
663
604
497
481
538
522
663
718
663
718
696
696
696
696
444
522
444
508
373
718
814
696
696
814
778
814
718
718
718
779
696
800
718
718
814
825
1142
1143
718
814
718
3281
2950
3228
385
357
517
442
416
517
598
232
349
363
322
268
363
259
396
372
267
116
116
76
116
364
66
76
397
397
759
396
479
433
397
433
397
434
555
519
397
349
428
428
480
428
428
397
397
434
460
480
602
434
434
434
1047
848
639
958
848
691
826
1031
1032
1032
535
718
417
497
497
497
583
569
480
569
417
603
480
445
718
696
417
444
695
718
1031
814
718
957
1103
847
718
1143
1047
1077
1142
1142
957
864
975
1196
957
1196
975
1031
1103
1196
1077
428
428
428
428
428
428
428
428
443
428
428
480
428
1077
1047
1031
1177
1031
1089
1031
1196
1089
1142
1031
1031
1103
1287
1287
1287
332
372
170
276
39
427
442
434
433
565
427
433
433
459
478
478
433
433
433
434
433
433
433
433
433
434
428
428
397
434
397
579
754
636
1077
1077
1048
1091
635
428
428
428
428
1176
1238
1176
1223
1089
1089
1176
1223
1176
1275
1287
1275
1287
1355
1355
1176
1176
1089
1089
1089
1089
1176
1355
1275
1355
1459
1355
1275
1355
1355
1355
1355
1459
3005
2780
2814
2613
1144
1144
1144
1197
1144
2970
2800
2799
3256
1180
1197
1197
1197
1180
2537
2626
2799
2779
2643
3992
3905
3905
3698
3968
3514
4116
4050
3699
3491
4337
3700
3538
4226
7193
7325
9233
7260
6795
6914
6644
9175
8444
9079
3783
3992
3783
3815
3966
3967
3677
3556
3588
4224
3751
4115
4222
3487
3488
3489
3182
4298
5628
4980
6060
3964
3439
4045
6154
6019
6034
5891
3512
4334
4678
4760
4084
4570
5764
4782
6224
5573
5006
6939
6552
6747
6716
6421
6420
6420
6939
6551
6448
6361
6845
6551
6153
6448
8098
6422
6939
6747
6551
8127
8480
8339
4912
4483
4981
5575
6083
5658
4540
5318
6084
5738
5152
4444
4084
3901
3903
4043
4149
4112
3086
3749
6847
6666
7324
7091
6613
6582
7226
7226
9114
7301
9113
8957
7501
6303
6304
9114
9341
8957
8743
8743
9080
8808
8449
8867
9019
9018
9082
9300
9212
9236
3283
3090
2906
2726
3050
3185
3025
3115
2550
3285
2849
2567
3186
2992
3261
3052
2748
2587
2422
2598
2698
2385
3287
2302
3258
3258
321
371
371
414
371
564
564
659
563
563
502
713
190
266
502
414
458
658
712
502
15537
712
749
658
837
1278
253
123
190
75
1239
713
1459
1459
1276
1199
1386
1459
1459
1459
145
80
65
15680
1276
1459
1459
15537
1459
1459
1293
1387
1459
1387
1459
1387
1459
2696
2614
2725
2537
2615
2520
2457
2403
2368
2278
2179
1239
1292
1198
1198
1091
1257
1239
2487
2456
2367
2402
2455
2454
2643
2317
2401
1293
1320
2122
1337
1292
1365
1337
1812
2177
2318
2195
2196
2195
2257
2256
2177
2194
226
458
549
348
710
549
832
749
734
1054
710
791
978
978
978
978
978
732
733
978
978
978
1278
1278
307
412
493
476
307
732
978
978
978
978
978
732
732
978
732
732
733
978
978
978
978
978
978
978
978
978
978
732
978
978
978
978
978
978
899
899
899
978
978
978
978
978
978
899
787
787
899
899
732
899
899
899
899
899
732
978
978
978
978
978
978
978
978
978
978
899
978
978
978
978
978
144
88
15689
15689
1377
1367
1278
1459
1459
1459
1387
1387
1459
1459
1459
1459
1459
1387
1459
1459
1387
1387
1387
1387
1387
1459
231
1367
1000
2153
2123
2369
2370
2280
2279
2221
2086
2198
2085
2026
2028
2301
1338
2136
2082
2082
2025
1366
1437
2083
1970
1365
1812
1437
1633
1828
2081
2194
1869
1787
1851
1927
1927
1903
1903
1987
2025
2050
2120
1996
1996
2024
1338
1437
1731
2052
1851
1878
1970
1587
1377
1763
1998
2026
1998
3818
5319
5119
3420
3641
4301
4785
4087
4571
6063
5678
5402
8700
8700
8281
8420
8363
8362
8420
8420
8700
8700
8861
8254
8362
8363
8363
8730
8420
8362
6797
7051
6586
6129
7442
7877
8621
7261
7052
6798
6425
7532
8184
7877
3912
3289
3701
3493
4156
4761
3722
5099
5844
5709
3315
3442
3972
3702
3910
4862
4528
3370
3559
4017
3442
4303
4681
5024
5120
5338
6130
5917
7410
7410
8145
8091
8420
8362
8145
7891
8420
8295
8059
8254
7603
8420
7603
8254
8059
8362
8363
6517
6739
6905
6705
6739
7271
6979
6739
7410
6267
6517
6979
7891
8059
8295
8362
8420
8090
8091
8420
8837
8362
7947
8362
8420
8295
8113
7277
6969
6036
7420
6615
6307
8069
7877
4982
4514
4484
6021
5708
9502
9342
350
311
350
374
312
628
628
586
539
628
697
628
696
696
696
696
814
800
2904
2903
3081
138
76
92
374
343
203
334
398
374
47
101
261
352
351
539
509
509
643
643
587
643
418
697
523
429
696
587
398
398
679
1031
814
800
975
1103
848
745
1143
1143
1077
1142
1142
975
877
745
697
826
482
429
429
446
446
482
446
498
482
446
482
523
446
398
398
398
446
510
498
498
405
398
447
483
587
498
498
510
606
1077
1047
1076
1141
988
1076
1031
1196
1142
1142
988
1047
1032
1047
848
780
958
958
827
865
1047
1032
1032
405
483
447
447
405
447
405
447
644
48
191
323
375
102
292
446
446
446
446
498
446
446
447
405
447
1223
1141
1141
1177
1177
1177
1287
1287
1287
1287
1355
1355
1177
1177
1141
1141
1177
1223
1177
1033
1048
925
1355
1459
1355
1275
1355
1275
419
447
447
419
483
524
447
447
447
447
447
447
447
447
588
447
447
419
375
524
664
829
763
399
499
557
399
939
700
1144
1144
1144
3045
3226
2767
2713
1090
1145
1145
1079
2779
2625
2597
2624
2746
2830
2778
2642
2948
2766
3934
3779
3933
3391
6103
5889
3485
4014
4481
4248
4675
5545
5052
5571
4976
5940
5677
3637
3511
3536
3745
3811
3254
3310
3412
3510
3554
3715
3456
3611
3870
3224
4169
3224
3309
3715
3611
3411
3610
3181
3869
5333
6549
6640
6551
6524
6549
6177
7805
8012
6103
6549
6199
7721
8013
8188
7638
4042
4172
4331
4537
4404
3044
4247
4958
5839
5605
4537
5571
5315
5514
4939
8340
8688
9021
8013
8266
8482
8935
9369
8843
8409
8868
6360
5889
7769
7638
5676
7424
7640
7536
7426
8038
7769
8190
7910
7742
8191
5676
7155
7330
5939
5939
8129
7771
3744
3390
3583
3151
4013
7612
7199
7612
8040
39
41
60
117
191
359
15676
293
1355
1459
1459
1459
1459
1387
926
525
485
399
926
700
573
540
500
359
816
665
15679
15685
53
365
206
78
15685
282
1387
1459
1387
1387
1459
1387
1387
879
386
486
449
879
701
590
541
387
450
722
9
1080
1080
1080
1181
1064
2486
2505
2334
2420
2505
2300
2535
1239
1064
1364
1147
2176
2175
2256
2233
2176
2233
2300
2419
2215
2255
2255
2623
2504
2641
2437
2332
2471
2641
2418
2518
15686
15678
53
68
15678
1459
1387
1459
1459
1459
1387
1387
1387
1387
1387
1387
1459
450
420
511
724
541
487
488
466
451
451
408
408
527
466
681
724
575
542
511
542
49
15677
15677
488
451
451
451
451
451
451
451
451
408
408
408
681
488
488
527
451
451
451
451
451
451
408
408
462
377
451
451
408
408
462
576
488
353
175
228
325
376
61
246
140
338
451
451
451
451
451
377
408
408
408
377
377
488
462
451
451
451
451
451
378
378
377
377
366
377
377
377
408
451
377
488
377
462
377
451
1786
1786
1850
1556
1007
2135
2133
2022
1898
1784
1179
1898
1968
2022
1850
1937
2058
2048
2152
2133
2151
2215
2079
2173
2078
1784
1995
1995
1995
1934
1199
1676
2079
2078
609
1934
1934
2079
2047
2046
2254
2348
2252
2397
2347
2171
2057
2056
2170
2170
2210
3043
2900
2813
3580
3579
2668
2417
3553
3434
2346
3634
3434
2764
2383
2485
3775
3775
2944
3277
2470
2582
2943
4536
4327
4478
5315
5656
5448
4957
4568
4437
5675
5419
5214
9345
9345
6286
5888
4592
5146
5554
5554
5255
5664
6070
5921
3865
3581
3693
4290
4101
6854
7155
7330
7426
7744
7155
6724
6672
6312
7264
7697
8193
7264
7969
7942
7751
7751
7942
7942
8078
7912
8020
7542
7751
7674
7673
7751
7942
7674
8020
3927
3692
4164
4075
3805
3926
3711
3982
4163
3863
3836
4368
4633
3433
3772
3606
3200
4649
4241
4948
4966
6854
6724
7834
6994
7161
7542
7332
7751
7674
6558
6312
6486
6881
6210
6682
7563
7308
7409
7882
7672
7161
7647
7428
6881
6881
7332
7542
7161
7542
7409
7161
7834
7672
7428
7834
7674
6485
6681
6439
6656
6376
6485
6439
6829
7834
7672
7834
7161
7310
7647
7672
7834
7428
9921
9921
9921
9921
9680
9680
9921
9323
9323
9546
9674
9921
9421
9551
9546
9674
9921
9921
9546
9674
9921
9921
9680
9329
9921
9329
9329
9329
9680
9680
9329
9421
9421
9329
9421
9421
9422
9329
9422
9421
9546
9588
9674
9921
9921
9649
9921
9921
9921
9384
9329
9680
9329
9329
9680
9921
9921
9708
9921
9921
9708
9921
9708
9708
9708
9708
9708
9921
9798
9585
9921
9708
9921
9708
9708
9329
9403
9233
9403
10797
10981
9329
9680
9329
9680
9436
9870
9329
9329
9680
10117
10285
9368
9742
9234
9600
9957
10772
10939
11089
11105
10161
10726
10980
9342
9958
10525
9343
9464
9438
9438
11131
10736
11267
11253
11445
11345
15283
15283
15283
15283
15179
15179
15180
15180
15180
15248
15507
15507
15507
15283
15283
15373
15507
15507
15285
15180
15507
15180
15180
15179
15180
15355
15483
15483
15507
15507
15180
15285
15283
15283
15283
15283
15283
15355
15483
15483
15483
15122
15179
15122
15122
15179
15040
15040
15040
15010
15010
15122
15040
15122
15010
15010
15122
15010
15179
15180
15123
15179
15285
15507
15179
15180
15180
15179
15122
15122
15122
15122
14935
14935
15066
15066
15040
14935
14935
14935
14935
15040
15040
15009
15009
14935
14935
15009
15009
15009
15009
15009
15066
14935
14935
15010
15180
15123
15249
15123
15040
15041
15040
15066
14948
9329
9323
9330
9422
14
9673
9673
9673
9674
9590
9649
9590
9422
9384
9446
15
15
14
9546
9649
9042
9421
9422
9042
9422
9680
9421
9679
9674
9546
9329
9649
9649
9649
9422
9329
9329
9329
8850
8850
9313
9421
9422
9422
9042
9421
9679
9649
9649
9447
9329
9649
9649
9798
9798
9585
9585
9798
9798
9798
9798
9798
9649
9798
9447
9447
9798
9585
9798
9798
9798
9798
9798
9798
9798
9447
9447
9132
9313
8949
9311
9446
9195
9276
9253
9446
9447
9521
9447
9447
9446
9447
9447
9446
8891
9068
9446
9417
9446
9680
9313
9422
9422
9422
8892
9367
9954
9521
9447
9447
9447
10171
9524
9331
9042
8949
9166
9417
9417
9417
9447
9417
9447
9447
9447
9447
9447
9447
9447
9447
9447
9447
9447
9447
9447
9447
9447
9037
9447
9447
9447
9447
9447
9447
9447
9447
9422
9422
9329
9422
9798
9798
9798
9798
10922
11078
9166
10415
10693
11106
11268
11461
8948
8891
9094
9003
8919
9002
9253
15569
9253
9446
9068
9068
9311
9037
9037
9037
9037
9037
9037
9068
9068
9417
8700
8890
8847
8846
8916
9068
8888
8503
9037
9037
9037
9037
9037
8672
9166
8892
8730
9004
9042
9037
9037
9037
9037
8848
8891
8730
8948
9037
9037
9037
9037
9037
9037
9037
9037
9037
9037
9037
9037
9037
9037
9037
9037
9037
9037
9037
9037
9037
9037
9037
8730
8828
8795
8890
8890
8847
8846
9037
9037
8916
8503
8846
8888
8846
8795
8730
8827
8699
8759
8758
8846
8828
9262
9037
8730
8848
9894
8827
10235
10555
10670
10941
11237
11418
11542
11166
9684
9601
9463
9601
9464
9464
9464
9464
10956
11130
11281
9685
9685
9984
9602
9602
9628
9628
9628
10563
9720
10675
10907
11096
11265
11431
11772
11585
11960
11929
11600
12152
12152
12273
11570
11668
11459
11960
11584
11683
11960
9663
9663
9721
9663
9663
9663
9686
9721
9721
10024
9663
10018
9663
9663
10209
10563
9686
9686
9686
9686
9781
9663
9663
9663
10944
10220
10664
11053
11224
11785
12308
12308
12350
12374
12438
11785
12308
12497
11785
12403
12527
12604
12540
12475
12475
11485
11667
12273
11960
12309
11667
12210
11401
11503
12210
12337
12310
12427
15025
15025
15025
14995
14995
14982
15024
14982
15025
14900
14900
15153
14790
15278
15024
15024
15080
15080
15080
15080
15080
14925
15277
14877
15023
15050
14995
15025
14948
14877
15023
15023
14790
15277
15277
15277
15152
14981
14981
12980
12750
13051
12790
12981
13397
13303
13111
12792
13045
13138
14832
14832
15276
15276
15269
14981
15276
14981
14981
15152
15351
14690
15104
15104
15351
15351
14832
15351
15275
15275
14832
14832
15152
15152
15351
15351
15104
15104
14690
14510
14690
14819
15198
15198
15079
14947
9504
9944
9944
9944
11138
9344
10046
10085
10025
11225
8809
9084
9944
9239
9084
8627
11100
11153
11276
11505
11243
11277
11381
11364
11412
11242
8156
15527
8156
9574
8156
8156
8156
8156
8156
8156
15527
8156
8156
8156
8156
8156
8156
8156
8594
9241
8271
8877
8557
8156
8156
8156
8234
8234
8156
8156
8156
9485
11506
9485
9485
9485
9485
9485
9485
9485
9485
9485
9485
9660
9659
9485
9485
9485
9485
9485
15527
15527
9291
9485
9531
8814
9065
9225
9291
15527
9065
9225
15527
8788
9033
8694
8788
9033
8787
8788
8694
9035
9066
9186
9292
9292
9661
15527
15527
9531
9186
9292
9292
9066
9485
9485
9485
15346
15307
15307
15307
15307
15307
15307
15158
15158
15346
15241
15346
15345
15497
15497
15497
15241
15499
15158
15499
15158
15158
15497
15497
15497
15497
15497
15497
15497
15497
15497
15497
15497
15497
15497
15496
15497
15496
15496
15497
15497
15086
15085
15086
15052
15157
15157
15086
15497
15497
15496
15400
15495
14950
15495
14902
14902
15424
14836
15496
15497
15496
15496
15496
15496
15496
15496
15496
15496
15424
14997
15496
15495
15424
15424
15424
15400
15424
15495
15495
15495
15424
15424
15495
14902
15341
15341
15341
15495
15495
15471
15471
15302
15341
15341
15341
15341
15495
15341
15494
15301
15471
15471
15302
15471
9603
9631
9603
9603
9631
11097
11097
11252
10024
9694
9694
10144
9843
9664
9750
10200
11074
10978
10978
11380
11421
11661
11402
12000
11900
12190
11390
11594
11900
11715
11300
11899
11365
11563
12216
12316
12237
9663
9694
9787
9663
9787
9749
9702
9702
9702
9702
9786
10711
10876
11129
11358
11358
12217
12341
12395
11714
12304
11290
11635
12357
12397
12620
12467
12482
12534
11868
11382
12340
12446
12480
12532
12225
11467
12225
12323
12703
12583
12457
12555
12667
12289
8347
8347
8271
8277
8494
8156
8271
8234
8156
8156
8347
8821
8347
8132
8383
11413
11286
9659
9659
9659
9660
9659
9659
9659
9659
9659
9659
9659
9660
9659
9659
9659
9659
9659
9659
9659
9659
15585
15585
8277
8877
8347
8050
9118
9177
9350
8277
8138
8347
11403
11302
11507
15585
15585
15585
15585
15585
15585
15585
15585
15585
15585
15585
15585
15585
15585
15585
15585
8277
8788
8752
8494
8557
9033
9491
9186
15574
8234
9661
9536
9536
9158
9321
9225
9186
9425
9361
9360
8137
8137
8557
8788
9033
8884
9065
15596
9361
9906
9321
15615
15615
8998
9034
9066
8752
9034
9392
15603
15596
9660
9538
15596
9538
15585
15585
15596
8944
8973
8694
8493
9360
9906
9906
15585
9258
9033
9689
9393
9425
9656
9656
9689
9906
9906
15578
8557
8495
15578
9906
9906
15578
34
8693
8998
9533
34
9125
8493
9090
34
15585
15585
9906
15585
15585
15585
15585
15585
9906
8050
7912
8132
8198
15632
15632
15632
15632
15632
8552
9216
11404
11404
11477
8693
8635
9257
8662
8662
8662
8662
9532
9490
34
9454
9490
9652
8662
8662
8662
15631
15631
15631
15631
15631
34
8495
8138
7912
8277
8557
8662
8662
8662
8662
9222
9357
15631
8662
15631
8662
8662
8671
8693
8416
8973
9222
9578
8020
8943
9257
9357
15631
8662
15632
8662
8662
15632
15632
15632
15632
8662
8662
8662
8662
15632
8662
15632
8050
9031
8662
8671
8662
8671
8671
8940
9182
9220
7912
8820
9216
8139
8020
8164
8138
8494
8635
8996
8020
8416
8494
8635
8996
8940
8494
11278
11319
15082
15082
14856
14857
14857
15082
15082
14836
14836
14857
14803
14803
15090
15209
15161
14960
14803
15209
15209
14857
14901
15493
15082
15469
14971
14971
15082
15082
15082
14929
15477
15477
14929
14929
15220
15220
15220
14929
14929
12967
12780
12889
13048
13387
13251
13128
12794
13038
12815
13154
14737
14682
14682
15161
14904
15222
15161
15329
15222
15222
15222
14661
14804
14661
14505
14582
14905
15093
15093
15118
15211
15118
14720
15329
14803
14803
15161
15161
14960
14960
15222
14904
15222
15210
14904
15222
2729
2551
2974
2303
2870
3010
2239
2138
2588
2671
2354
2182
2236
2235
2201
2064
2106
2063
2353
2181
2352
3422
3422
3422
2181
2107
2088
2064
2030
3947
3422
2260
15698
2819
2994
2569
2655
2387
15698
2223
2821
3026
2373
2541
2683
15700
2066
15698
15698
2066
2064
2030
2030
3792
3792
15694
15694
2012
15693
2067
653
618
384
473
265
393
899
899
899
899
899
899
899
899
787
787
899
978
978
978
978
978
899
899
883
787
787
899
899
978
899
978
787
978
978
978
978
978
730
899
899
899
899
807
883
594
516
306
593
347
403
807
671
122
79
73
1367
832
1377
898
188
121
275
79
15684
946
1377
747
1377
946
2125
2062
2087
1941
2029
1872
2063
1972
1972
1916
1746
1887
1815
1604
1714
1417
1763
1392
1527
1543
1392
471
403
617
221
331
151
87
707
729
770
592
1377
615
560
1377
769
1440
706
304
436
368
230
198
515
545
514
1916
2000
1817
1657
1816
1771
1771
15692
15691
1883
1883
1734
1773
1817
1392
1619
1659
1609
1476
1477
1444
1708
1752
1544
1544
1709
1709
1790
1753
4719
4473
3790
3205
4473
6145
5809
5967
5139
4933
5136
5264
5966
6094
5415
5306
5510
5829
5757
4815
4997
5179
5354
5536
5781
5967
5966
4694
4994
3785
3561
3724
3753
4018
4728
5083
5136
5264
5415
5361
5633
5101
3785
3422
3850
3851
4269
4070
4788
3947
4994
5620
5966
5136
5264
5415
5162
6267
6739
6905
6705
6245
6739
6094
8058
7900
8362
8295
8362
8420
8058
7271
8090
8295
8058
8295
8090
6145
6324
6905
6541
6739
7814
8058
8090
7271
8058
8804
7900
7900
6669
7097
7378
6245
6541
6979
6502
6282
7250
7735
7900
6145
6541
6739
6268
6905
6340
6944
6616
8121
7271
3347
3727
4509
4839
5356
5026
5180
5537
5967
3264
3879
4839
4509
5308
5511
5702
5050
5208
5969
3830
3830
3761
4476
4289
4305
4179
4792
5030
5883
5536
5264
5204
5416
4627
4984
5164
4289
3947
3762
4533
15644
5240
5391
5650
5830
6324
6905
6146
6660
6836
6905
6905
7271
7271
6387
6146
6836
6902
6660
6658
6095
6836
7230
6658
7395
6297
6095
6718
6849
7765
9294
5896
6022
5607
5793
5340
6203
5898
5634
5341
5846
5579
4886
4628
5321
4833
5814
5580
5344
15665
5768
15660
4072
5478
15668
5124
15654
15666
15660
15664
6396
6132
6503
6067
6204
6259
6397
6427
6451
6451
6133
5980
5661
5768
5919
6428
6261
6428
6261
6004
5919
6086
2324
2542
2702
2929
3058
2953
3319
2240
2139
2139
2002
2068
2069
3569
3649
2339
2571
2769
2340
3120
2544
3061
3465
2752
2202
2225
3266
2375
2554
2788
2891
2591
423
319
286
382
469
381
15691
1942
1888
1953
1905
2070
2032
2004
2203
2442
2428
2204
2243
2341
1803
1820
1973
1821
1917
2013
2109
2091
2142
2325
2464
2603
2226
2496
2342
2789
2555
2556
2754
4840
4415
5703
5511
5209
5308
5910
5000
5909
5650
5467
5650
3996
3520
4866
4206
3567
4616
5115
5209
5309
15645
3398
5003
4666
4010
3545
4022
3915
4364
3656
5243
5310
5391
5244
4866
4616
4264
3854
3321
3210
5090
5242
6297
6297
6096
6096
7230
9619
9619
4000
4071
4601
3656
3424
3352
3763
3570
3378
15670
15654
4011
3764
3685
3145
3400
2893
2790
6555
6945
6719
6719
7399
6719
6261
6086
10292
10275
6851
6992
6992
10323
10121
10275
9986
10143
10043
10275
3122
3033
9977
9768
7399
9926
9926
7100
10497
10043
10143
10386
15688
15678
50
94
462
451
451
451
452
360
576
467
389
388
577
529
577
15690
15687
15682
43
69
271
216
90
1369
543
421
610
339
463
283
94
207
345
462
462
462
451
388
388
388
378
378
377
377
462
462
451
462
388
378
378
377
377
378
378
378
378
462
388
388
462
328
388
388
301
186
1925
1757
1925
2046
2046
1369
1979
1688
1757
1443
1625
1757
2019
1962
2100
2149
1979
2018
1991
1876
1800
1979
1991
1961
1978
38
44
141
248
217
489
611
591
390
1464
650
1369
379
346
150
163
284
225
454
329
1443
1444
1443
1579
1757
1695
1595
1757
1579
1660
1660
1735
1721
1754
1695
1800
1800
1757
1777
1960
1912
1912
1798
1795
1823
1823
1864
1847
2099
2055
2115
2128
2192
2191
3775
3775
3775
2275
2652
2484
2797
2294
2018
2041
1977
1990
2114
2040
3775
3775
2667
2828
2416
2533
2273
1960
1976
1959
1989
1951
1988
2098
2039
3856
3770
1931
1956
1955
2017
1957
2127
2394
2502
2594
2796
2189
2229
2313
2467
2666
2762
5105
5271
4777
5663
5875
5553
5269
4986
6007
5713
5874
6231
5454
5345
15672
5125
15673
4946
5154
4603
5291
5292
4905
5126
4498
4776
4947
4669
4732
4309
5608
5380
5582
5609
5683
5872
5944
5684
5847
5872
5609
5873
5847
6006
6230
5873
6230
5847
6230
6672
3894
3836
4242
4468
4649
3775
4242
4609
3978
4966
5158
5297
5077
5198
5528
5485
5878
4009
3982
3894
3775
4398
4313
4551
3775
4797
4967
5158
5297
5485
5584
5583
5637
4502
3450
3040
3803
5197
4736
6215
5296
5644
5877
6041
6215
5431
6041
4558
4802
4923
5229
5642
5431
6041
6597
6855
6995
6402
6376
6486
6376
6485
6215
6681
6881
7332
7122
7071
7428
6620
6402
6215
6485
6439
6376
6656
7540
6829
7315
7856
7071
6376
6438
6656
6485
7779
7682
7834
7569
7315
7104
7682
7569
7315
6829
7428
6215
6376
6656
6408
6438
7315
7428
7071
7071
6829
4552
4186
3800
3796
3835
4311
4029
4583
4769
5878
5668
4967
5275
5130
5460
4064
3736
3628
4279
3734
5327
5560
5668
5878
2984
3359
3739
4586
4869
4923
5485
5642
6026
3038
3359
4692
4465
5485
4826
5042
6026
5643
5855
6215
6725
6410
6485
6656
7026
6829
6189
6377
6438
6461
7457
8230
6703
6377
6703
6215
6408
6438
6829
6438
6461
6377
6215
318
263
391
1805
1842
1736
1775
1945
2014
2227
2361
2618
1794
1844
1845
15550
1894
1909
1860
1861
1885
2009
2164
2184
2036
2015
2095
2185
2377
2593
2737
2513
2690
2448
1975
1922
2112
2016
3735
3735
2037
2208
2187
2328
2501
2146
3069
2809
2186
2413
2268
2607
2810
3448
2500
2187
2482
2776
2965
2620
2795
15662
3918
3572
3767
4273
3170
2937
3382
3327
3799
3949
3505
4307
3627
3328
3470
3297
2998
6284
6134
6284
9877
9813
6230
6230
6230
8832
8852
2858
2998
9877
9877
9987
9639
8832
8832
9135
9509
3663
3663
4394
4236
3505
3738
3736
4006
4950
5130
5958
5366
5560
5719
3196
4394
4033
3921
3576
4642
3890
3407
4352
4800
5175
4801
5233
5386
3508
4643
3891
5774
5644
4826
4993
5408
5958
5748
5586
3038
6377
6189
7713
8296
8296
6377
6164
9141
10746
10556
10996
11207
11334
11515
11514
11514
11398
11500
11589
10136
10318
10717
11007
11271
10892
12660
11450
9612
9959
9672
9612
9612
9681
10437
10305
10734
10598
10795
10893
11095
11258
12350
12613
12489
12557
12350
12474
12612
12603
11667
12325
12405
12646
12765
12518
12325
11389
11519
11895
12123
12392
12776
12498
9748
9613
9554
11313
11082
9924
10292
10720
9334
10758
9615
10758
11589
11672
11672
12013
12327
12521
12013
11672
11866
11590
11894
11849
11914
12013
12274
12701
12377
12125
12212
11699
11377
11817
12265
12265
12688
12461
11336
11624
11894
12086
12123
12313
12184
12293
12462
12649
12233
12822
13122
12998
13322
12876
12914
12788
13050
13260
13342
13379
13274
13495
13639
13528
13581
13448
13760
13790
13884
14007
13884
12948
12797
13093
13241
13395
13624
13759
13551
13624
14007
13859
13027
12825
13432
13243
13070
13275
13581
13481
14030
13977
13745
13872
12917
13367
13124
13071
13422
13290
13669
13540
14030
13894
13801
13541
14876
14690
14510
14350
14227
14085
14439
14510
14426
15198
15079
15275
14947
15267
15267
14085
14350
14227
14772
14620
14336
14463
15267
14875
15451
15197
15197
15197
14439
14697
14550
14510
14405
14133
14216
14350
14216
14085
14350
14463
14680
14800
15267
15078
15078
15267
14875
14336
14287
14133
14287
14349
14463
14580
14578
14716
15197
15197
15077
15151
15151
15077
14946
14817
15076
13431
13859
13759
13575
13666
13858
13788
14006
14006
13944
13843
14012
13161
13052
12850
13483
13218
14047
13682
13817
13915
13531
14087
13980
13032
12740
13096
13382
13245
13683
13840
14099
13981
13862
14227
14096
14755
14618
14483
14096
14232
14335
14715
14854
14993
15151
14852
15103
15021
15151
14335
14232
14595
14481
14714
14101
14365
14246
14479
14594
15150
15274
14851
15274
15048
15273
14364
14167
14364
14245
14123
14430
14715
14594
14462
15151
14816
15274
14851
15274
15274
14991
14898
15150
14245
14364
14695
14594
14462
14148
14364
14479
14616
14713
15273
15273
15273
15391
14990
14874
15196
9295
9209
10443
8704
8439
8477
9111
11284
11008
11008
11272
11009
8924
8477
10881
8477
9110
9139
10122
9615
9615
11109
11222
10777
10928
9110
11434
11473
12652
12768
12184
12301
12377
12478
12617
12616
12801
12811
12501
12826
12665
12777
9011
9207
9431
9430
13179
12988
13439
13266
13738
13574
13830
14023
13943
14067
13196
13001
13196
13509
13751
13566
13864
13996
13628
13779
13712
12952
13097
13175
14075
14075
13970
13886
13684
13553
13522
13749
13072
12903
13383
13162
13383
14038
14022
13982
13827
13564
13763
13863
14137
14365
14259
14479
14617
14754
14149
14874
15102
15266
15047
15368
14149
14245
14364
14713
14616
14479
14149
14305
14394
14394
14149
14245
14593
14796
14479
14479
14754
14593
15391
15047
14850
14921
14897
15047
15368
13195
13086
13034
12986
13461
13248
13384
13306
13506
9672
9940
9672
10947
11061
11818
12331
12420
12411
12654
12522
12641
11147
11343
11733
12284
12449
12691
12505
12177
12207
12098
12362
12762
12436
12571
11551
12003
11976
12322
12456
12713
12591
10977
11072
10293
10707
10549
10794
10293
10794
11479
11357
11357
12066
12398
12470
12599
12536
12297
11527
11653
11782
12066
12254
11951
12176
12332
12412
12550
12629
12298
12422
12177
11781
11951
12257
12712
12389
12414
12161
11781
12120
11951
11552
12256
12401
12222
12319
12508
12632
8844
11478
11405
11405
11405
11477
9151
9351
11414
11306
11306
12851
12732
13103
13295
13407
13270
13645
13512
13796
13606
13513
14034
14052
13782
13844
13890
14061
13909
13087
12840
12719
13360
13375
13297
13607
13488
14014
13853
13740
13477
13358
13154
13394
12989
12898
13189
13222
13644
13498
13538
13758
13049
12910
13171
13258
13430
13655
14061
13967
13838
13678
13537
14683
14564
14564
14451
14383
14739
14859
14451
14450
14661
14505
14150
14272
14371
14272
14150
14371
14272
14150
14450
14564
14485
14953
15331
14962
15224
15331
15331
14383
14236
14115
14485
14598
14355
14666
14784
14371
14279
15164
15001
15457
14907
15332
15503
15332
15457
15457
15457
14839
15211
15093
14905
15211
15331
14164
14805
14597
14403
14485
15331
14953
14962
15458
15458
13088
12954
12707
13389
13281
13687
13772
13877
14015
13568
14015
13932
12972
12782
13089
13408
13211
13688
13806
14056
13933
13833
12855
13108
13043
13411
13203
14084
13914
13814
14060
13938
13813
13516
13596
12895
14083
13892
13822
14265
14355
14140
14526
14787
14368
14251
14140
14628
14525
15095
14933
15459
14964
15503
15503
15320
15503
15503
15503
15503
14251
14368
14844
14628
14523
14116
14368
14523
14665
14844
14844
14390
14253
14523
14628
15397
15397
15397
15397
15007
15503
14964
15503
15397
15397
15320
15397
14279
14152
14821
14630
14526
14152
14279
14403
14787
14907
15165
14955
15503
15212
14370
14279
14628
14525
14144
15393
10122
10707
10839
11071
11308
10886
10962
10121
11330
11177
11480
11199
11247
10990
10839
8538
11060
11070
11018
11127
11481
12771
12255
12373
12525
12643
12526
12784
12682
12745
11552
12507
12589
12869
12610
12843
9963
9782
8677
8732
11186
8230
8230
8296
12853
13063
13252
13662
13544
14056
13558
13663
14069
13934
13855
14071
13409
13065
12926
13410
13284
13975
13856
13559
13718
14070
13963
13991
13720
13879
13133
13078
13445
13256
14082
13992
13835
13692
13526
13419
13105
12959
13285
13723
13548
13845
13547
13730
14159
14252
14341
14844
14665
14523
14159
14267
14424
14267
14523
14665
14844
14160
14295
14401
14401
14160
14665
14844
14523
14523
14844
14665
15397
15319
15007
15319
15397
15007
15397
15397
15007
15062
15319
15397
14161
13091
12868
13492
13255
13545
13119
12943
13377
13272
