411
411
411
411
864
864
864
864
864
864
864
864
869
896
896
867
867
411
867
869
411
411
870
411
411
411
411
886
411
411
411
411
867
886
867
867
867
867
867
867
867
867
886
886
867
886
862
867
862
870
869
411
411
886
886
411
411
411
411
411
886
411
411
411
411
862
869
409
409
409
412
409
409
412
409
411
412
412
14367
14396
887
412
411
412
412
412
412
412
412
411
412
40650
40660
39567
864
896
864
896
896
896
896
864
864
896
864
864
864
862
896
896
896
411
749
896
889
869
869
867
886
869
867
869
869
867
867
867
867
869
867
869
886
869
869
411
411
862
886
886
870
411
411
886
411
862
411
886
411
862
886
886
886
12624
409
886
12624
39303
395
886
39303
39303
376
14367
14396
12642
390
12624
14367
12624
14452
13947
13497
376
888
395
395
14452
390
395
12624
39303
390
395
14396
14396
376
14367
14367
12624
390
12624
13497
889
869
869
869
889
889
869
887
867
889
864
869
869
869
869
869
869
867
886
869
869
869
869
869
869
864
869
869
864
869
869
869
869
869
869
869
869
869
869
867
867
862
867
867
862
867
867
867
867
867
862
867
867
886
867
387
886
387
872
886
387
39303
12642
12642
39303
376
14396
14367
14416
12642
14367
14396
14367
14416
14396
12642
14367
39303
13497
13497
14396
14396
39303
376
14396
14416
13497
12624
14416
14396
14367
13497
14367
12624
14367
39303
13497
750
896
896
896
757
896
896
890
750
750
869
869
411
889
869
869
869
869
888
869
869
869
869
869
869
869
889
869
869
869
869
869
869
869
869
869
869
867
867
867
867
867
887
377
886
376
376
387
14416
14416
14416
14416
14416
14416
14416
14416
14416
14416
14416
14416
13497
13494
13494
14367
14416
14416
14416
14416
14416
13494
14416
14416
14416
14416
14416
13497
13497
13497
13497
14416
14416
14416
14416
13494
13494
14416
14416
13497
13497
14416
750
750
749
21684
376
21402
13494
14437
14446
13494
14483
14437
13494
14437
14446
13494
14437
14446
14437
13497
14437
14437
376
376
376
376
376
39299
376
39299
40660
40670
39567
10496
7032
7071
376
376
376
39299
39299
376
376
39299
40641
39547
39539
40641
13762
10494
10434
10437
13762
10494
10434
10434
5387
5387
5387
5387
25914
5387
25914
25914
5384
5387
5385
5387
5387
5387
25711
25905
5376
5376
25914
25914
25914
5371
5384
5387
5387
5387
5387
5387
3987
5387
5387
5387
25914
5387
25915
25914
25915
25907
25914
25915
25905
25914
25914
25914
25914
5376
5384
25905
25914
25914
25914
25914
5387
25914
25914
25914
25914
5387
5387
5387
5387
5387
5387
5387
5387
5387
5387
5387
25914
25914
25914
25914
25914
25914
5369
5369
5387
5387
5387
5387
5387
25914
25914
40660
40660
40660
40660
40660
40660
40660
40660
40660
40660
40660
40660
40660
40670
40660
40660
40670
40670
21031
20778
20310
21031
40650
40650
40650
40660
40650
40660
40660
40650
40650
40650
40670
6939
40660
21148
21202
40670
21067
20852
6936
20795
20796
20800
21201
21035
20776
20783
20852
20385
20385
20387
20310
20385
20385
20385
20385
20383
20382
20385
20383
20383
20385
20709
26499
20018
20305
20310
19942
20383
20709
25966
26307
5023
25673
26308
26325
40649
40650
40649
40650
21264
40650
40670
7024
7041
6936
7031
21140
21203
20824
6936
7032
7041
21145
20796
20854
20800
40649
20883
40641
40641
21145
20854
20796
40915
20459
21175
5032
5038
25883
20001
5352
25699
25853
25699
5075
5041
5032
4208
4205
4264
4906
4130
26304
5335
5238
4203
5277
5283
5336
7492
26304
7561
5113
20853
5356
25883
20853
25702
5041
5077
5017
5104
5276
5275
5335
5335
7558
1670
1452
1493
1487
1494
1453
1487
1494
1501
754
617
757
33948
754
896
750
21950
21684
750
21684
21684
21402
376
21402
14446
14446
14446
14446
14446
14446
21579
21684
21684
21402
21819
376
14446
14446
14446
14446
21567
34147
33202
33950
21580
21684
21656
21950
33210
21684
21684
21579
21684
21494
21681
21819
14446
14446
14446
21684
21684
21579
21434
22123
14446
14446
21819
14446
14446
14446
14446
14446
14446
14446
14446
376
39673
39312
39312
39299
39312
39673
39673
39673
39673
40637
39565
13399
40637
39549
13762
10494
10438
10438
10437
10434
13762
13762
10494
10438
10438
10506
39671
39673
39673
39673
39673
39673
39673
39667
39668
39673
10504
10103
10104
27978
27971
40637
27757
27636
40637
40637
40637
13763
10489
10504
10438
10506
10104
10489
10489
10489
10504
10504
10506
10104
21627
21655
21684
21571
21950
33210
34147
34188
33950
21684
21655
21579
21684
21684
21729
21819
14446
14446
14446
14446
14445
14445
14446
14445
14446
21684
21684
21579
21683
21683
21684
21684
21684
21684
21579
21683
21579
21731
21682
22112
22123
14446
14445
14446
14445
14445
14445
14445
14445
14445
14445
14445
14445
14445
14445
14445
14445
14445
14445
14445
14445
14445
14445
21657
21626
21684
21627
21571
21571
22373
21683
21684
21684
21684
21684
21684
21684
21684
21684
21684
21683
21684
21684
21684
21684
21684
21684
21684
21684
21684
21684
21684
21684
21684
21684
21684
21684
21684
21684
21684
21579
21684
21684
21684
21684
21684
21684
21684
21684
21684
21684
21684
21724
21682
21579
21579
22123
21684
21684
21684
21682
21684
21684
21684
21684
21684
21684
21684
21684
21682
21684
21684
21684
21684
21684
21683
21731
2598
2191
2590
39626
2623
40636
2546
2623
2623
2595
2598
2598
2623
2623
2456
27967
2776
2590
2777
2777
2777
22015
39668
39666
39667
39667
10518
39313
10518
13366
13382
10504
10492
10504
10504
10103
10104
10515
10102
10102
22120
39666
39666
10518
27275
27275
10505
10504
10505
10103
10103
10103
10103
10103
10106
10103
10100
10515
10100
10100
10512
10512
10512
10515
10515
10102
10102
10102
2187
27819
40637
2187
2159
27819
27636
27275
27275
27819
27614
27819
27819
22117
22120
39666
27819
27263
10505
10504
10504
27819
27264
22051
27819
27264
27275
27275
27275
27263
27614
40900
27965
27275
27275
27614
27275
25924
25909
25916
5373
5384
5384
5369
5387
5372
3987
5366
5387
3987
3987
3987
3987
3987
5369
26809
25915
25914
25907
25905
25914
25914
25914
25914
25914
25914
25914
25951
25918
25639
3987
5371
3987
3987
3987
3987
4856
3987
3987
3987
3987
4856
5375
25914
25923
25916
25914
25923
25910
25914
25914
26054
25914
26054
25914
26054
26054
26054
5369
5369
5369
5369
5369
5369
5369
5369
5369
5369
25914
4856
3987
5369
5369
5369
5369
5369
5369
5369
5369
4856
4856
5369
25929
25951
26812
25723
4547
3982
25639
25727
3982
3982
4547
4547
4547
4547
5373
4856
4547
4856
4856
4856
25723
25929
25924
25924
26812
26809
26809
26054
25931
4547
4859
4547
4860
4856
4856
4856
25668
4856
4856
4856
26812
25951
25951
25953
1834
26077
25953
26054
26077
25953
26054
26809
25953
1878
1853
1834
1239
1241
1239
1878
25950
26077
1834
25951
26054
4856
4856
4856
4856
4856
4856
4856
4856
4856
4856
4856
4856
4856
4856
4856
4856
4856
4856
4856
25951
25950
26814
26002
25668
4547
25668
4547
25668
4525
25668
25668
25668
25668
25668
25668
25668
25668
4860
25668
25668
25668
25668
25668
25668
25668
25668
25668
25948
26814
25729
25951
26054
25948
26002
25762
25668
25668
25668
25668
25668
25668
25668
25668
25668
25668
25668
25668
25668
25668
25668
25668
25668
25668
26814
26002
25948
25950
1853
1239
1241
1635
1635
1241
26077
26054
25953
26054
1853
1239
25953
1241
1635
1834
26054
25953
1241
1239
25668
25668
25668
25668
25668
25668
25668
25668
26054
25951
25948
25762
25668
25668
25668
25668
25762
25668
25668
25948
26002
26002
25951
25950
25950
25951
25948
26002
25948
25950
1239
1239
25953
1635
1635
26077
1239
26054
1853
25953
1241
1239
1853
25953
1239
1241
1670
1452
1670
1670
1493
1452
1494
1670
1487
1493
40911
40650
40637
40648
20857
21180
40888
21145
40637
40637
40640
40914
40640
40908
41970
41970
41970
5097
4165
5356
5356
25883
41974
25702
25699
4168
7494
7494
25700
25858
25859
25883
25700
25700
40906
40637
40904
40912
40904
40888
41963
41970
40900
40901
40892
40888
40874
41970
41963
41963
25874
25874
25747
41958
25858
5352
25858
25883
41958
862
896
6980
9238
6972
896
862
862
896
896
862
856
892
892
896
862
867
867
395
886
867
867
867
886
389
395
862
862
886
867
867
867
867
886
886
395
867
867
886
867
436
395
425
12624
436
433
425
866
896
896
851
896
856
389
868
868
867
867
389
886
886
886
886
886
395
867
867
867
867
867
867
867
867
867
867
867
867
867
389
39323
389
376
39303
425
389
868
394
394
39303
39323
7066
10795
10502
9184
39299
9189
9547
10498
10439
10790
8855
9189
6992
6952
7002
6999
6997
6995
6999
9282
7005
7003
6950
6987
9281
6997
6996
6997
6970
9280
20304
20306
6996
9240
6996
7007
9448
6960
9278
9244
9219
9213
9240
9278
21174
20852
21035
20852
21032
20313
20383
20385
20531
20531
20320
20385
26466
26355
26350
26344
6960
12251
9205
9213
9245
9243
9231
42334
42308
20711
42304
9205
9245
9274
9278
42308
41374
42308
42305
20430
20711
26350
26350
26350
26115
26432
26350
26157
26336
25972
26336
26159
25995
26350
26284
26159
27184
27006
41194
26439
41376
25995
26157
26166
12335
26346
7269
7264
26159
27167
26916
27083
40282
40282
40282
40282
40258
40282
40258
40258
40265
40267
40275
40290
40258
40258
40258
40255
40253
40253
40263
40254
40253
40263
40244
40247
40257
40253
40271
40275
40265
40258
40260
40258
40258
40282
40282
40282
40282
40282
40282
40275
40282
40282
40282
40282
40282
40282
40326
40282
40282
40282
40258
40282
40258
40258
40258
40258
40282
40258
40258
40258
40258
40282
40282
40282
40282
40282
40282
40282
40282
40282
40282
40282
40258
40258
40258
40258
40326
40326
40282
40282
40282
40282
40282
34059
33948
34057
738
394
34059
33712
394
394
394
39323
39305
374
14446
14446
33639
33639
33721
33639
370
39305
34057
34057
33721
33712
34059
33950
33712
33650
33666
33721
33648
33639
370
14446
14446
33650
33655
33648
33648
33648
14446
14446
39305
39299
39673
10508
10437
9560
10509
10315
10507
10802
9061
9273
9275
39673
10101
10308
10314
10315
9067
10305
10308
10311
10314
10101
9537
10321
11385
9068
11384
11390
34056
33712
33721
34176
34056
33950
33723
33712
33650
33650
33655
33648
33648
33655
33650
33650
33650
33650
33650
33650
33650
33655
33650
33650
33650
33648
33648
33648
33648
34176
34176
33721
33712
34034
34056
33723
33650
33650
33650
33655
33650
33723
33650
33650
33650
33650
33650
33650
33650
33650
33650
33650
33650
33650
33650
33650
33650
33655
33655
33650
33650
33650
33650
33648
33723
33642
33650
33646
33650
33650
33650
33650
33650
33650
33642
33650
33646
33650
33650
33650
33650
33650
33650
33642
33650
33650
33650
33650
33650
33650
33650
33650
33641
33641
33655
33641
33641
33655
33642
33642
33655
33646
33648
39318
10318
10316
10511
39313
13381
10319
10319
10318
10512
10317
10782
12208
10782
12243
11794
11382
11380
11399
11399
39671
13381
13366
13358
10320
10512
10512
10512
10320
14188
14188
13366
39671
14187
13366
13358
10320
14155
14155
12200
12208
11397
12206
4361
19168
1708
11397
12206
11397
12205
12203
19116
18963
5997
5997
19040
19036
19041
19042
19036
19067
19035
19069
19041
19067
19580
18959
29149
33565
33779
33779
29145
33779
33779
33572
33595
33565
11395
9209
6964
11392
41377
41406
42332
42304
9275
11391
9568
11395
11411
12248
41412
42336
42336
25995
25995
41409
42309
7254
7387
26932
26916
26982
26909
27151
27151
41411
26932
26857
26849
26850
11411
9265
7123
7123
11411
42336
41234
41404
4359
4362
4736
41234
41234
41412
41404
41234
41235
26901
27151
26918
27169
41415
26946
26911
27065
33552
33552
33552
33552
40235
40279
40262
40186
40247
40244
40257
40244
40253
40253
40255
40267
40260
40247
40258
40258
40258
40247
40247
40243
40270
40244
40244
40182
40277
40261
40253
40244
40247
40251
40279
40247
40247
40315
40293
40293
40297
40282
40316
40326
40298
40282
40316
40326
40326
40326
40326
40326
40230
40316
40315
40326
40326
40326
40326
40195
40326
40326
40326
40326
40165
40258
40326
40326
40326
40326
40326
40326
40326
40326
40326
40326
40165
40326
40326
40326
40326
40326
40326
40326
40326
40165
40165
40326
40326
40176
33617
40127
40127
40180
40216
40238
40233
40127
40127
40244
40182
40218
40234
40235
40262
40244
40244
40247
40176
33617
40122
33617
40180
40211
40127
40127
33617
40182
40186
40238
40241
40180
40219
40203
40221
40321
40325
40307
40222
40203
40203
40203
40203
40325
40195
40203
40165
40195
40165
40203
40203
40203
40203
40195
40195
40195
40160
40165
40165
40165
40165
40165
40165
40165
40165
40165
40165
40165
40165
40165
40165
40165
40165
40165
40165
40165
40165
40165
40165
33595
33552
33514
33514
33552
33568
33595
33595
33552
33514
33552
33552
33779
33779
33571
33571
33568
33509
33509
33595
33552
33552
33552
40122
33552
40176
40176
40210
40206
40122
40180
40176
40180
40239
40209
40205
40180
40180
33617
33552
40176
40174
40169
33617
40180
40176
40173
40169
40177
40176
40202
40202
40165
40203
40165
40202
40160
40165
40165
40165
40165
40165
40165
40165
40203
40160
40165
40160
40160
40160
40160
40160
40160
40160
40202
40165
40165
40165
40165
40165
40165
40165
40166
40165
40160
40160
40165
40160
40160
40160
40160
40160
40160
40160
40160
40160
40160
40160
40160
40160
40160
33552
33617
40176
40176
40175
40174
40122
33552
40176
40173
40169
40169
33617
40176
40175
40176
33552
40122
40176
40176
40172
40171
40169
40172
40176
40166
40165
40160
40166
40166
40165
40166
40165
35361
5287
5335
35361
33970
5231
5335
7562
16963
33972
33970
34104
34101
33970
20127
20470
35478
35475
35361
7556
7268
7494
7478
7261
7261
7257
7379
6161
34109
34073
20470
20042
6161
33970
34109
34421
19642
28123
28123
28123
28123
28123
28123
28123
28123
28123
28123
28123
28138
28138
28123
28138
28123
28123
28138
28138
28123
28123
28123
28123
28123
28123
28123
28123
28123
28123
28123
28123
28123
28123
28123
28123
28123
28123
28123
28146
28146
28146
28138
28138
28138
28138
28138
28138
28138
28138
28445
28138
28138
28445
28445
28138
28445
28138
28146
28445
28138
28445
28146
28138
28146
28138
28123
28123
28146
28123
28123
28138
28146
28146
28146
28146
28146
28444
28138
28138
28138
28138
28138
28138
28138
28138
28138
28445
28159
28159
28444
28444
28159
28444
28444
28444
28444
28445
28445
28444
28146
28445
28445
28445
28445
28445
35477
35477
35379
33055
7562
7521
7260
7260
7247
7260
7523
7521
7261
34073
33152
20470
20470
20199
7372
7476
7476
7248
7367
7473
7369
7370
7367
7383
6156
7248
7476
7377
10867
33274
33276
19694
6340
20042
6340
20646
20202
6335
6032
34421
34070
34462
34451
34462
35244
19692
34462
34466
34462
34468
34478
35247
35247
34462
34473
34474
34484
33484
35029
33286
33279
7248
7480
7480
7369
7248
7248
7473
7473
7473
7369
7369
7371
7480
7371
7473
7371
7371
7371
7473
7473
7475
7403
7473
7473
7371
5503
7480
7480
7473
7473
7367
7398
7398
7381
7381
7473
7473
7473
7473
33298
33266
20175
20166
6095
5502
20179
20647
6095
18420
33241
34463
33243
20654
5976
35247
5941
34472
34463
34473
34483
35247
34474
35244
35189
34468
33246
33743
35292
35292
5928
6757
20646
34270
5994
5947
34469
34469
34492
34467
34467
35985
35247
35700
35685
35248
35247
35313
35247
28159
28445
28445
28159
28159
28445
28160
28445
28445
28445
28445
28445
28159
28159
28159
28445
28160
28160
28160
28453
28453
28160
28160
28160
28160
28160
28160
28160
28160
28160
28160
28160
28160
28160
28160
28160
28453
28453
28453
35854
35985
35852
35700
35706
35685
35844
35901
35850
35708
35718
37172
37172
37172
37172
28453
28453
28453
28453
28453
28453
28453
28453
28453
28453
28090
28090
28090
36504
28090
36616
37137
36622
37137
37162
41458
36480
36504
28090
36504
28090
28090
37088
37088
37088
37088
37168
37162
41453
16022
6151
3884
14691
6142
6250
16122
3725
27083
6269
6189
6303
6262
6193
6049
3725
7249
10869
27130
27090
16658
6329
6037
3735
6014
6038
4531
4534
42288
42288
42288
42288
42288
42288
42288
42258
42288
42288
42288
42258
42258
42258
42288
42258
42258
42258
42258
42288
42258
42288
42288
42288
42258
42258
42258
42258
42288
42288
42288
42288
42258
42258
42258
42258
42258
42258
42258
42258
42258
42258
42258
42258
42258
42258
42258
42258
42258
42258
42258
42258
42258
42258
42258
42258
42258
42258
42258
42258
42258
42258
42258
42258
42258
42258
42258
42258
42258
42258
42258
42258
42258
42258
42258
42258
42258
42258
42258
42258
42258
42258
42258
42258
42258
42258
42258
42258
42258
42258
42258
42258
42258
42258
42258
42256
42256
42256
42258
42258
42258
42258
42258
42258
42258
10865
7368
7253
10865
6162
6092
6017
6078
6036
7473
7473
27138
27138
16666
3915
6078
5586
4551
4535
4564
4551
5599
5597
4564
4079
4533
5597
5599
4618
4432
4554
5599
5599
5940
4454
27065
27138
27140
19463
19463
40014
4618
39994
39994
5928
6804
40057
6804
6740
40063
5919
40032
40065
39997
39994
6754
40059
40032
39979
6754
40032
5758
5758
40063
40056
6670
40032
39977
42256
42256
42256
42256
42256
42256
42256
42256
42256
42256
42256
42256
42256
42254
42254
42254
42256
42256
42256
42238
42238
42254
42254
42254
42254
42254
42256
42256
42256
42254
42240
42240
42238
42252
42252
42252
42252
42252
42254
39977
39977
39979
39977
41703
39977
40959
40925
39977
18454
41706
41508
41508
41508
41507
42240
42240
42240
42240
42238
42238
42239
42239
42239
41508
42239
42240
42240
42240
42240
41452
41452
42059
42059
42239
41508
41508
42239
41508
41493
41493
41493
41493
41493
42239
1670
1493
1501
1494
1453
1501
39350
39350
39350
39350
39350
39350
39350
39350
39353
39350
39350
39350
39350
1493
1501
1494
1453
1501
39350
39350
39346
39351
39350
39350
1493
1501
1494
1501
39350
39353
39350
39350
39351
1501
1501
39350
39350
39350
39353
39350
39351
21658
21646
21643
22373
33930
34188
33950
21571
21571
21571
21684
21684
21684
21684
21684
21684
21684
21684
21684
21684
21684
21684
21684
21684
21684
21684
21684
21684
21684
21684
21684
21581
21684
21684
21581
21684
21684
21684
21683
21684
21684
21682
21683
21684
21684
21684
22123
21658
21576
21683
21723
22051
21424
21646
21571
22373
22373
33928
34054
34054
22373
22373
21646
21571
21571
21576
21822
22111
21684
21378
22111
22120
27861
27210
40636
2590
39350
39351
39350
2577
2546
2590
2590
39626
39350
39350
27208
27780
2623
3069
2622
2622
2777
2623
2777
2777
27207
27208
27208
27208
40636
39351
39353
2577
2546
2623
3042
2777
2777
2777
27551
27210
27277
27819
27210
27959
27264
27263
27263
27264
27264
27263
27263
22051
27958
27264
22051
27264
27965
2454
27213
27213
27967
27263
27263
27264
27277
27277
27967
27264
27276
27263
27263
27263
27263
27959
22051
27263
3042
22373
21928
33928
33872
33947
21942
21928
21394
21397
21433
22120
21397
21397
33651
33646
22111
22018
22120
33673
33673
33673
33646
21928
21901
34142
33713
21903
21901
21893
21397
33641
33641
2580
27212
27206
27212
27818
27212
40636
39350
2589
2622
2587
2546
2622
2623
2623
3042
3042
3042
27809
27817
27817
2622
2622
40636
39350
2590
2589
2623
2622
2590
2590
2778
2580
27276
27958
27962
27264
27264
27264
27263
27266
27962
27962
27958
27264
27264
27266
27266
27263
27263
22051
22051
27966
27207
22280
5269
33673
11384
3042
27809
27962
27264
27263
27962
27962
27809
27962
27264
27266
27266
27263
27263
27814
4245
5269
13111
27264
39813
39813
4621
40778
4253
11384
2454
2454
41826
40798
1239
1239
1239
1853
1635
1635
1239
1239
1635
1241
1241
1670
1635
1241
1635
1670
1670
1453
1494
1493
1528
1670
1501
1501
1453
1501
1494
1493
39350
39346
39350
39351
39350
1453
1453
1494
1493
1493
1501
39350
39350
39350
39350
1494
1494
1501
39397
39351
39350
39350
39350
39351
39350
39626
40898
40882
40871
40871
41968
41968
40864
41963
41913
40882
41968
41963
41902
41968
15370
34997
4165
4165
4165
41982
41958
26801
41982
41962
41962
15371
41982
39350
39350
3006
39350
2454
40848
40862
40864
40815
41894
41968
41963
41968
41902
41962
43587
43587
42744
41982
43587
43587
40864
40848
40815
41860
42781
43156
41968
43572
42816
43569
42808
43587
42753
43587
42816
42753
43569
41982
15664
41982
41982
41982
41982
43587
41982
41982
41982
42035
39963
39937
15664
41982
15668
15651
15668
41982
41982
39751
39963
39963
39968
15625
15607
39964
39963
15755
15224
39355
39350
39350
39350
39350
39351
39350
39350
39350
39350
39350
39350
39350
21903
21901
34047
33734
33734
21898
33641
33641
27817
39689
2546
2580
39350
39353
39350
2589
2598
2622
2622
2622
2622
2580
2775
2590
2590
2590
2589
39350
39350
39350
39350
2589
2589
2590
2589
2622
2622
2590
2622
2622
2590
2590
2590
27817
27961
27266
27264
27266
27244
27550
27206
27269
27264
27266
27263
27962
7228
11384
40726
40727
3235
40727
27817
27818
40731
40753
40743
40763
40763
40730
40727
40754
40768
40763
40754
40767
40763
40753
40754
40763
40763
40753
40754
40726
40727
40727
40728
40731
40730
40763
40754
40730
40734
40743
40763
39355
39351
39350
43220
43324
43250
43250
42781
43155
43246
43244
42738
43280
42832
42832
43250
40743
43280
43242
43280
43280
43256
15651
15615
15773
15607
39963
39962
39962
15220
15406
39067
15773
15607
39744
39962
39962
15258
15671
18110
39067
6429
39067
18040
39750
39961
39067
2047
40729
15675
15772
15772
15525
18040
15708
15421
8153
15478
15754
33950
34176
33734
33723
33721
34034
33713
33642
33650
33650
33642
33646
33646
33650
33650
33650
33641
33642
33641
33641
33642
33642
33641
33641
33650
33650
33650
33642
33650
33650
33642
33641
33641
33641
33650
33650
33650
33673
33734
33641
33644
33644
33642
33641
33650
33650
33641
33650
11397
33646
34040
33950
33734
33721
34186
34176
33734
33713
33723
33641
33648
33673
33642
33644
33673
33648
13358
13362
13330
14187
13360
12199
14155
13330
13360
12198
12199
14155
12198
11398
10799
11398
11398
12203
12198
11398
11351
19066
18933
4361
19040
19033
19033
13328
13330
12202
12199
14187
11397
11397
14184
12206
12233
11398
11398
12203
18933
11398
11398
11398
11398
11398
12203
12203
11398
4290
19033
19036
19033
18932
19031
18959
19580
19024
19065
19067
18932
19031
19069
19580
29149
29149
29149
29148
29881
29149
29149
29146
29200
29895
29881
29894
29881
29881
19069
18959
19036
19578
19580
29149
29146
29895
29881
34186
33713
33734
33723
33642
33641
33644
33646
33641
33673
33713
33734
33734
33641
11379
11379
11382
12233
12233
14184
11382
11397
11384
11384
12233
11345
11345
11398
11398
11398
12233
12233
11398
19031
11397
11397
11398
11400
11357
12233
12233
4290
1561
19036
19036
11345
11345
11382
12233
11345
11345
11345
11345
11345
11401
11397
11401
19069
19069
11401
11397
2287
11397
19069
4290
1558
19070
4290
4330
19070
19070
19031
19069
19068
18964
18963
19070
19085
19165
19578
29149
29895
28957
29200
19069
19068
19068
19068
18964
19068
29895
29200
19578
29149
29151
29179
29881
29179
29145
33779
29895
29894
33829
33572
33595
33565
29881
29179
29145
29200
29200
33829
33570
33779
33566
29178
29200
29895
33829
33570
33779
29200
29178
29200
29895
33829
4583
3993
4660
4736
41235
41235
41405
41412
41412
4290
41234
41411
41408
41412
29894
29881
29149
29151
29149
29881
26901
26909
26880
41414
41235
26951
41221
41411
39763
27181
27136
27136
27065
4290
4585
4348
4583
4330
3999
41411
40005
41235
41234
41402
40005
4871
4584
3994
3994
40006
43041
42845
42845
42744
42612
29893
29880
29151
29149
29149
29881
29149
29881
29880
29199
41221
39971
39966
39938
39938
39938
39938
39938
27136
27136
39971
39963
39963
39971
39971
39964
39963
39963
39938
39938
27136
28745
29145
33779
29145
33779
33565
33509
33509
33552
33794
33509
33542
33552
33595
29895
33829
33779
29145
33565
33595
33509
33542
33509
33570
33595
33595
33552
33552
33552
33617
33552
29895
33779
33829
33566
33565
33794
33570
29147
29881
33779
33829
33779
33734
11345
11345
11397
11345
11348
3243
3212
11400
11345
3211
11397
18963
3211
11397
3211
3998
19070
19073
3211
3211
3208
19054
18963
18963
19073
19073
4290
11379
11375
3212
3235
40727
3207
3207
3207
2284
3207
3207
3207
946
4647
4286
3207
3211
3211
3211
3211
3211
19073
3207
19174
19085
18964
19072
19085
18722
29200
29200
18722
29149
29149
29171
29199
29881
29199
29161
29881
19072
19073
19072
19072
19164
18964
19072
19072
19072
19085
19072
18964
18722
18722
29149
18722
29149
29171
3207
4322
29199
29178
29200
29881
3994
3994
43042
43156
4583
42801
43244
6928
43572
42801
4290
3997
4322
4290
4322
4290
29149
39964
39963
39963
39963
39753
29080
39961
39963
39961
28749
4322
39961
29850
39961
39961
29928
29850
29649
29649
29172
29881
33369
33282
7476
16960
7400
7394
7394
6852
7394
7400
3088
20166
20166
18477
6847
33304
33300
33256
20175
18477
20179
20647
18390
5499
33247
34235
34238
34238
34530
6802
34530
6694
34492
35995
34238
34467
34533
36070
34530
6678
36076
34533
33228
33233
34223
34252
34267
6117
6781
34259
34270
6802
6678
34238
33743
36255
35740
34530
6678
36084
35282
6555
6565
33411
33388
3088
3088
3088
34281
20087
18392
18458
4941
4961
4941
20166
18653
18464
18461
4944
6871
33332
33319
33309
33306
20087
18459
34223
33235
33234
34272
34274
5500
6781
34258
6688
34223
35744
34223
35732
34530
6678
34530
6670
36090
34260
6565
6566
33254
34226
33237
33231
33234
34258
6674
33237
34272
34264
34261
34249
34262
34252
34226
34226
35732
34253
34226
35759
34260
34260
6678
34252
34252
34260
35767
35996
35995
35901
35855
35996
35980
36025
36067
36070
35859
35722
35713
35727
35875
35894
35899
35875
35894
35841
35881
35892
35841
35659
35657
35656
35655
35635
35878
35632
36254
36254
36247
36241
36258
36070
36072
36070
6532
18402
35865
35812
35728
19331
18525
36007
36272
36232
36233
36267
36266
35880
35891
35647
35631
35878
35890
41045
37162
37137
36622
36630
37056
36610
36622
36630
34654
34555
34556
34542
34553
34654
34553
34537
34654
36630
36612
36630
36597
37056
37067
42055
42059
37088
37168
37088
37162
37145
37145
37145
37078
37158
41458
41458
37145
37145
37076
34562
34641
34602
34654
34536
34542
37054
36597
37053
42069
42076
34641
34564
34655
42908
36631
37053
37064
42069
42057
37145
37067
37078
37071
37019
37020
37020
37070
37068
41459
42059
37020
37019
37025
37027
37066
37012
42055
42055
35744
36256
35744
36252
36258
36081
36078
36085
5665
5665
6564
35809
35806
6669
6573
36229
35919
35642
35955
35914
35921
35919
35642
35880
41071
35647
35879
35631
42968
41053
42969
35872
41072
35651
35631
42966
42683
35732
36092
36090
6564
6564
36105
6563
35815
35814
41036
6573
35921
35939
35642
35882
41045
35879
41053
35653
35652
35649
42969
42679
41047
34606
37064
37053
36597
34584
34582
37064
34602
34542
34655
42912
36597
37064
42069
42057
36282
34655
34536
34554
42977
37053
36597
42069
42913
37066
37070
37012
36540
37027
37027
36540
36540
42057
42055
36540
37027
37027
36540
37027
37027
36477
37012
42055
42057
42055
37053
36597
34584
34582
36282
34602
34641
37064
36636
37053
36597
36283
34602
36283
34554
42977
36597
37063
36597
36505
36636
37027
37027
36540
37027
37027
37027
36999
42055
42057
36477
37027
37027
36998
36540
36477
42057
15224
34366
33331
39067
3088
6419
6869
6419
4950
33318
33330
33332
33333
19670
33316
4951
20087
33317
34332
34332
2046
3101
4940
33330
33333
33333
33316
33253
35736
36160
35736
34250
34254
36173
35774
6564
36200
36194
36154
36153
36175
36194
36175
15670
2046
6422
39067
6443
15224
18464
35745
35745
35908
35752
35780
35786
6564
6557
35798
6559
35941
35912
35642
35939
35921
35839
35870
41044
41043
35675
35834
35835
41036
41043
35642
35670
35674
35676
42679
41047
35749
35757
35928
35934
35869
41031
36223
36214
35873
36218
35941
35956
35955
35942
35939
35921
35668
35667
35672
35676
35945
35830
35947
35939
34605
36283
34602
34556
34602
36283
37052
37063
36636
36541
37063
36597
34606
34606
34604
36283
36283
34562
34602
37063
36541
37052
37052
36636
37063
36540
36477
36999
36998
36477
36540
36477
36998
36540
36477
36477
36998
36148
36144
35936
36186
36209
36174
35958
36226
35957
28914
19463
18586
39993
39997
39997
39997
39994
39993
6678
40063
6670
42132
40056
6555
6553
42132
40062
39997
39997
40060
42132
42132
42132
28914
28739
6871
39993
39993
29849
39986
39997
40062
40062
40060
42132
42142
42142
39997
39997
39995
39995
39995
40062
39995
6674
6674
6674
40062
39995
6666
40072
41574
42140
6672
6672
7427
7427
6670
6566
41723
6621
6670
42129
42132
40959
18594
40925
41692
6621
6506
41706
41692
41694
41055
41066
41066
40961
41050
41063
41066
40925
41068
42680
42967
42682
42973
42966
41052
42683
6564
42130
42140
40959
41717
42127
41691
41063
41066
40988
42973
42966
42682
41045
42935
41064
40925
40948
42059
42059
43446
42059
42076
42055
43446
41493
42911
42905
42968
42971
42908
42911
42908
42968
42911
43446
42055
43446
43090
41458
41458
41493
41492
41493
41492
41458
41458
41458
42966
42911
42905
42908
42908
42971
42055
42059
42911
42908
42076
41459
41459
41459
41458
42059
41458
41459
41459
42059
42055
41459
42140
42127
41688
42129
42146
41052
41049
42680
41467
40941
41051
41049
42680
42141
41051
41049
42679
42911
42977
42966
42055
42064
42069
42911
42912
42908
42966
42911
42057
42059
42059
42055
42059
42055
42059
42055
42057
42055
42055
42055
42911
42912
42910
42912
42057
42057
42069
42069
42064
42069
42912
42911
42912
42966
42069
42064
42069
42064
42057
42055
42055
42057
42055
42055
42057
42055
42055
42055
42057
6871
18639
28739
28751
28739
18458
5500
39997
18463
18654
19463
39996
39993
18393
6871
29849
6874
29853
29849
18647
18657
18647
39995
39997
6674
6674
6664
42649
42099
7466
6664
42649
6664
6566
42647
6661
41721
29853
29606
29649
29930
42147
42146
41730
41755
40947
41754
42969
42934
42680
42969
41044
41047
42654
42147
41730
41730
6658
6559
41465
41699
40947
41485
41048
41046
42680
41053
41053
41047
41037
40943
41043
40951
40947
41044
42966
42912
42911
42977
42910
42912
42069
42064
42057
42057
42064
42069
42969
42969
42911
42913
42913
42937
42908
42064
42057
42069
42069
42057
42064
42057
42057
42057
42057
42057
42057
42057
42057
42057
42057
42057
42057
42654
42130
42654
42656
41465
41693
41491
41726
40947
