10081
9962
10128
10602
9919
9451
3142
3218
3225
1297
1140
1292
11337
11369
2780
3037
2803
3527
5781
5495
12373
12448
11162
11153
11153
6778
6509
6785
11162
11153
3071
3239
3071
3061
3158
2947
10872
10929
10837
6933
6905
317
3310
3355
11088
6840
6632
6652
5114
5300
4659
9885
9997
557
337
626
7629
8423
8152
7129
7129
7129
8303
7973
8303
10998
11022
7644
7644
9399
4857
9021
8939
7645
7516
11258
12193
12060
12059
11686
11159
12156
12058
12034
6672
6008
11153
11153
11198
11165
11153
6435
6726
11153
11153
11153
6618
6983
7040
7111
6697
6740
10993
10937
10886
4602
3478
3597
3753
10394
10447
8837
3441
3880
3835
3403
3606
3493
11694
11797
11485
4883
5304
5650
8303
8939
8939
2724
7129
7129
7129
11067
10970
6972
7151
7143
6438
6894
3442
3544
2560
2703
2780
11327
7637
8694
8848
7973
7973
3313
3344
10170
10340
11482
11482
8586
9207
8586
11153
5482
4960
6009
4303
4605
4193
6011
7129
10452
10744
10796
10205
7076
8817
7076
11941
12454
12475
12404
7129
9840
10505
12084
5234
11184
1016
10922
11416
8817
7076
4858
5013
7129
7129
11248
6672
6957
6957
6797
8975
9243
8975
12451
2359
2169
2340
10780
10890
10713
4466
5280
4335
11393
12087
12138
11974
6433
6179
6359
5921
6082
6483
5228
5428
6674
11858
11109
11187
8778
9164
8843
4572
2487
2345
2527
9360
3377
3321
3595
2298
2537
10691
10691
10567
8586
8817
8817
10879
10986
3256
3277
2608
6268
5824
5694
9082
9548
9082
6427
8663
8810
8807
11008
11533
7688
7129
2529
2538
2659
3775
10465
9758
9758
9722
11067
12459
12420
12434
11752
7769
8302
7769
7129
7129
5359
6490
11652
5430
6788
6531
10864
10779
10515
12127
12336
12359
12053
5021
5088
5482
12038
11746
2331
5337
890
7839
890
4615
4516
4617
10003
7048
3970
6792
6931
2658
890
5324
5415
10367
7583
11322
4618
2541
2352
12270
12270
12327
12170
3394
3258
3374
12302
7129
8817
1164
2608
3014
7129
7129
5287
8778
9035
4052
8519
2397
2470
3318
3572
8778
3299
3340
11535
8301
7951
8033
3037
3297
10824
10848
10829
7663
7663
7663
3457
12465
12467
12411
3779
2310
2151
4257
12260
12292
12191
12273
10980
12257
12305
8132
2312
2104
8817
6986
9164
4041
11258
11293
11293
3758
3414
3704
2650
8130
7479
7514
7003
7501
2441
2364
5928
6019
8815
6986
7129
6732
2601
12010
11638
9722
9548
10479
10394
2766
2845
3174
2305
2049
6620
6271
5535
11380
11278
11695
11894
3439
8586
8586
2520
3464
10815
2533
3153
5667
5933
3685
12466
5986
9540
9553
9540
11450
2618
4552
4531
4734
9553
9465
9540
9540
11189
8586
8586
9207
2618
4974
9635
9207
7076
8586
10193
8762
10529
6082
5042
10185
5495
9540
9744
9399
11868
2984
9952
10205
9947
5495
7273
6960
7011
12450
5266
7129
10428
2659
2904
5240
4727
11128
8817
8817
8586
8586
7129
2659
12007
11996
2615
4933
4577
5226
8708
9238
9333
10899
11691
5934
5786
3685
4193
11688
6894
6412
11535
11316
11535
5337
10874
4045
11535
7528
7116
9952
9869
11661
7076
9164
12102
12113
10922
11533
11471
11556
8345
8345
11267
11267
3579
3751
5314
11635
3636
3387
3736
9540
8914
2570
7803
7803
3341
3250
5471
3237
7803
7803
8345
5226
7273
9558
5607
5226
3755
3682
4750
12031
1118
1465
1057
11370
11337
11217
5072
9243
1475
1210
1210
5482
3933
2828
2991
5337
11841
2822
2822
4348
3794
5355
11877
11703
2955
5226
5226
7371
7307
7090
9947
10043
9952
9533
10143
10396
10439
10682
10651
9558
11808
3391
10399
10271
3255
10230
3437
8683
7921
3480
3426
6947
2984
10529
10276
10309
9558
4002
3654
10691
3102
3042
3167
7003
7514
6957
12182
12133
6001
5773
7446
9629
9600
10230
4320
10805
10810
9952
10103
5266
4214
4349
3229
11956
2338
2588
2192
3798
5206
4165
5072
4213
10309
9474
8778
8302
6048
9359
7690
7308
7418
2930
8586
7514
1174
1454
2581
1763
1790
1436
8778
2580
3032
6137
5397
12183
11963
3211
7717
8975
1769
1416
3112
3402
7236
5005
5423
11043
1424
5622
9533
3223
2845
3208
6797
12174
8073
7712
1325
1140
8302
1480
1430
6059
2558
5234
6346
5703
5495
9869
1172
1465
2818
9164
7209
3422
11414
7942
7769
7479
1118
2996
7769
5870
11745
10009
10133
1736
1452
8302
8843
8843
9243
2164
1734
1709
9966
10058
1730
1424
4868
12129
10130
10111
9806
8302
9462
9137
9346
3048
2948
896
850
2257
1770
10281
10216
9649
9556
9293
3014
2253
1794
10306
2975
7501
4868
11165
5834
5421
6181
1031
10348
5471
5471
9949
9950
9243
11064
9791
8586
8586
2045
1655
10022
10003
9810
4868
1496
4868
3111
12456
12225
12186
799
11165
4868
3014
3042
1280
860
8033
1299
9973
1275
12443
9293
4753
4868
7446
11198
11694
4868
7728
10178
9340
10056
9983
9949
11165
11165
9810
12161
9806
9243
4372
3306
10153
337
9810
9686
11063
11063
988
10863
10875
10910
10972
7261
7667
7667
6698
7973
8303
8303
10154
7973
7973
8303
11088
6158
7076
10185
7202
7352
11834
10111
11165
9630
12191
3014
9973
10392
12334
10066
10746
4853
10298
10298
10162
10178
6346
4902
10003
10185
7719
10899
11153
11153
1764
10298
2350
2486
2480
10117
2680
2891
2591
10422
10109
10137
11988
11989
1737
9346
9137
9293
211
74
796
1778
1305
10528
2774
2562
9556
9556
4868
10759
10857
2184
2401
2390
2579
11581
12142
2431
1292
9759
9556
5226
2412
2614
2291
2269
11288
5226
5226
5234
10982
2711
2421
2203
2376
2582
2061
7273
6960
2672
1299
11165
2407
1703
1310
12383
12285
12285
12387
11162
850
12407
10856
10830
2008
7273
10658
2073
5423
6960
9783
1166
2642
9949
12328
1999
9783
5226
5226
6797
9137
10717
2947
10117
4853
11810
2901
9649
9944
4853
9783
10133
10831
10133
10265
9950
11768
9649
10465
11955
2327
11959
12048
1742
1297
1760
9909
1721
10393
9207
9443
9368
9915
11931
11990
12192
6909
7042
6577
6887
6691
9457
6595
6872
6891
4363
10349
6936
7060
9817
10607
10635
10255
9462
796
9340
7083
7239
860
1057
12356
10204
337
12056
11808
11153
10798
10847
6078
6410
7539
7600
9462
12299
12300
12234
12289
12237
7051
7110
6914
6508
5782
4853
1152
12349
6078
7535
12412
9021
7049
11184
12147
10642
6395
12220
6328
8393
3119
12008
6797
8303
8303
10346
1877
6630
8939
12173
12157
11931
6782
8323
11983
9818
10180
6918
4364
1864
4330
7667
7644
1952
4312
337
11153
2015
2022
7368
11162
7129
12428
1828
3119
3204
1733
772
1700
1738
1671
8817
12090
7644
7973
10654
10614
7423
9207
6317
3361
3239
12263
3405
3148
337
2074
10776
446
8817
1164
10458
10467
7696
10319
7076
2947
3461
11106
10792
9021
337
7129
5705
6287
5905
3646
3431
890
8939
11436
11198
11436
397
7097
772
4902
7973
7197
4976
4840
6101
4941
6436
5858
6095
5695
5882
5512
5107
6992
6846
12380
6590
6960
12274
12205
12215
4813
12308
12217
3743
3914
3218
3142
3142
3225
3071
3032
3032
2944
3032
3139
3142
3218
3332
3332
3450
3373
3373
3442
3372
3272
3342
3225
3225
1240
1292
1219
1605
1595
1786
1595
1586
1297
1240
1219
1140
1164
1164
9207
9207
8817
9207
9207
1166
1228
1224
1292
1589
1564
1789
11337
11369
11327
11396
11396
11396
11369
11327
11337
11337
11190
11258
11258
11288
11337
11337
11369
11428
11396
11472
11396
11393
2803
2803
2803
2777
2777
2691
2777
2675
2780
2828
2803
2991
450
3070
450
3070
3169
3037
2996
3037
2892
2777
2777
2891
3139
3204
3375
3433
3491
3654
3582
3703
3605
3545
3537
3442
6000
6271
5964
5624
5221
5337
5221
12417
12448
12415
12466
12433
12454
12443
12443
12415
12415
12412
12373
12373
12331
12372
12387
12417
12419
12460
12450
12466
12471
11153
11198
11198
11162
11162
896
11184
850
11162
11162
11162
11198
11198
11153
11153
11153
11153
11153
11153
11153
11153
11153
11153
11162
6657
6785
6657
6833
6828
6932
6832
6854
6777
6675
6709
6574
6330
6263
6095
6263
6413
6413
6743
6531
6743
6843
6803
6890
11162
11162
959
959
959
11132
11153
11153
11153
11153
11153
11184
3225
3071
3032
3032
2501
3306
3238
3238
3239
3129
3239
3071
3129
3032
2724
3032
2611
2976
2976
3136
2901
3043
2901
3043
3043
3193
3193
3378
3249
3313
3432
3311
3271
3158
3070
2947
2722
2722
2670
2722
2722
10872
10885
10893
10907
10926
10926
10998
10894
10970
11047
11047
11073
11047
11088
11047
10894
10885
10740
10740
10690
10603
10697
10717
10782
10760
10851
10847
10892
10887
6979
6979
7147
7023
7035
7035
6931
6857
3333
3355
450
3356
3283
3283
450
2828
3129
3071
3129
3314
3176
3310
3323
3376
3381
3497
3505
3785
3509
3554
11066
11066
11073
11109
11124
11102
11183
11100
11066
11066
10980
6580
6771
6737
6734
6830
6919
6963
7009
6980
6894
6737
6632
6067
6067
5454
6230
6052
5405
6236
5882
6488
6590
6734
6787
4863
4901
4634
4797
4799
5349
5882
5035
4863
4678
4492
4545
4314
4520
4432
9997
9997
9758
10108
10108
10037
10108
9838
9758
9758
9758
9722
10003
10003
10003
10003
10155
10155
10155
10180
446
557
211
796
557
772
796
351
43
211
337
18
337
337
337
446
626
626
923
793
850
8152
7806
7863
8108
7442
7262
7312
7195
7254
7254
7424
7505
7665
7916
7688
8000
7844
8489
9427
9577
10278
9857
10002
9253
8913
8913
8326
7839
7129
7129
7129
7129
7129
7129
7129
7076
7129
7129
7129
7129
7129
7129
7129
7129
7129
7129
7129
7129
7129
8188
8303
8188
8957
8957
8939
8957
8957
8303
8188
8188
7973
7849
7849
7644
7849
7678
7973
8188
8188
8303
8553
9010
8939
10989
11047
11047
11028
11067
11159
11106
11106
11067
11047
11047
10960
10955
10998
11008
7849
7644
7484
7374
7273
7374
7374
7273
7374
7374
7644
7678
8967
9030
8820
8869
8759
9222
9399
9547
10251
10131
10092
10131
9947
9919
9807
5035
4857
4619
4591
4294
9138
9137
9293
9293
9462
9137
9137
9021
8957
9138
9138
9137
5266
5337
5266
5234
7470
7280
820
820
890
974
7943
7822
7822
7501
7501
11258
11187
11258
11288
12059
12105
12107
12105
12167
12245
12245
12206
12206
12157
12193
12135
12106
12107
12002
12002
11957
11992
11991
12064
12151
11244
11195
11282
11159
11106
11195
11287
11195
11355
11667
11880
12131
12131
12223
11859
11859
11859
12082
12142
11988
11840
11201
11109
11159
11106
12063
12156
12141
12092
12201
12185
12185
12186
12186
12186
12141
12058
12058
12021
11896
12021
11986
11937
12034
12092
6894
6894
6672
6672
6067
6067
5740
5437
5495
5757
5910
5676
5221
5552
5535
6048
6219
6367
6346
6630
6260
5824
5542
5489
5385
5445
11153
11153
11165
11165
11165
11165
11132
11153
11153
11153
11153
11198
11153
11198
11198
11198
11162
11198
11198
11198
11165
11165
11165
11165
11165
11153
6416
6531
6531
6333
6073
5729
6011
6255
5963
6390
6396
6460
6603
6595
6599
6720
6726
6843
6726
11153
11153
11153
11153
11153
11153
11153
11184
11162
11184
896
11184
959
7040
6950
6952
6907
6659
6177
6133
5199
6152
6121
6613
6705
6729
6898
7090
7094
7279
7039
7113
7257
7089
7020
6727
7007
7307
7284
7245
7156
7125
7051
6888
6920
6660
6332
6218
5417
6167
6297
5377
10939
10943
10943
11008
10887
10887
10863
10905
10845
10739
10812
10656
4276
4480
4448
4631
4765
3721
3510
3569
3525
3495
3390
3309
3297
3309
3427
3483
3669
4068
4017
4309
4037
3932
4297
4055
3943
3753
3543
10024
8837
10447
8837
10024
10479
10394
10399
10343
10343
10343
10282
10126
10282
10461
10102
7384
7817
7817
3857
3563
3570
3523
3371
3396
3341
3380
3359
3472
3615
3678
3946
4208
4181
4521
4215
4183
4458
4078
4053
3778
3548
3470
3528
3250
3479
3583
3633
3734
3870
3781
4014
3728
11635
11586
11694
11485
11485
11485
11485
11189
11485
11293
11750
11362
11694
11983
11797
11937
11937
11892
11746
11635
11513
11439
11373
9888
11287
11368
5434
5147
5147
4915
4730
4351
4351
4045
4766
4781
4193
5145
4193
5304
6082
5926
5926
5951
6168
6118
6485
6076
5731
4898
8939
8553
8553
8553
8303
8188
8188
7973
8188
8177
8303
9010
9010
8939
9137
9137
9293
9137
9137
9293
9137
9137
8939
8553
10213
9274
8564
8993
2703
2703
2703
2604
2604
2492
7129
7129
7129
7129
7129
7076
7076
7076
7129
7129
7129
7129
7129
7129
7129
7129
7129
7129
7129
7129
7129
11067
7143
7064
7139
6904
7000
7151
7463
7184
7143
7139
7139
6672
6438
6672
5933
5847
6992
397
6992
6992
6894
6672
3405
3599
3544
3421
3361
3421
2703
2637
2637
2585
2552
2556
2401
2462
2462
2560
2703
11393
11342
11342
11327
11288
8354
8319
7637
8354
7839
890
803
803
7612
8746
8733
8908
8354
8188
7973
7678
7849
7644
7849
7789
7667
7789
7789
7973
8177
10548
10548
10597
10698
10386
10274
11535
11393
11482
8586
8586
8586
8586
8817
8586
8586
8586
8586
8817
9207
1224
1224
1299
1262
1275
1218
1228
1158
8817
8817
8586
8586
8586
8586
8586
8586
11165
5266
5482
5905
5352
5905
5736
5736
5352
5352
4960
4804
4688
4285
4513
4578
4804
4864
5652
6009
6315
6009
6412
6412
6412
6264
6122
4495
4386
4392
4193
3989
3942
3685
3943
4198
4392
4443
4709
5029
4952
5001
4896
4495
5324
5399
5042
5743
5616
5445
7129
7129
7129
7129
7129
7129
7129
7129
7129
7129
7129
7129
7129
7129
7129
10746
10590
10590
10953
10103
10103
10242
10103
10279
10307
10452
10389
10508
10727
10796
11088
10979
10953
10953
10432
10354
10465
10354
10358
10354
11412
6986
7076
6986
7129
8817
8817
8817
8817
8586
8586
8586
8482
8817
8817
6986
7076
7076
7129
7129
7129
7129
11863
12007
12454
12437
12478
12404
12437
12437
12454
12456
12471
12466
12471
12463
12476
12481
12473
12432
12402
12406
12336
12406
12406
7129
10367
10815
10711
10726
10583
10409
12168
12048
12129
12175
12204
12168
12270
12180
12108
12087
12038
12051
12017
12044
12014
12066
12048
11815
11652
11652
5234
5248
5397
5274
907
959
1031
1121
1084
1084
1031
850
10922
10691
10691
10691
10902
10922
9869
9306
9533
9928
9928
11416
11393
11414
11393
11393
8817
8817
8938
8817
7076
7076
7076
7129
4920
4705
4920
4594
5523
5482
4814
5188
5188
5766
5500
5344
5107
4931
4838
4734
4734
4705
5352
7129
7129
7129
7129
7129
7129
7129
11143
10980
10922
10922
11195
12011
11989
11893
11726
11425
11209
11082
9533
9533
9869
9869
9869
9869
9533
9533
9533
9533
9540
9540
9540
9533
9533
9533
9533
9952
6406
6412
5523
5523
6922
6922
6957
6906
6922
6922
7003
7185
7185
7479
7185
7185
7446
7185
7185
6957
6922
6922
6732
6586
6671
6410
6546
6395
6550
9035
8975
9035
8870
8870
8778
8975
9069
9035
9243
9415
9415
9810
9415
9415
9243
9035
9035
8975
8870
8870
8778
12477
12439
12391
12377
12377
2340
2359
2320
2402
2405
2427
2427
2418
2343
2285
2275
2195
1966
1985
1716
2064
2107
2193
2336
2323
2336
2380
2402
2482
10713
10713
10820
10587
10631
10631
10531
10718
10718
10779
10793
10816
10864
10816
10842
10842
10820
10919
10948
10981
10981
11043
10981
10587
10531
4703
4441
4839
4027
4080
4423
4831
4895
5228
6191
5923
6183
5914
5587
5265
4737
4559
11393
11990
12270
12270
12243
12243
12037
11974
11974
6179
6433
6143
6526
6880
7048
6624
6865
6514
6125
6143
6143
6094
6006
6019
6111
6246
6059
6317
6526
6526
7034
6071
5802
6082
7038
6700
6024
5330
6495
4835
4812
4809
6999
6879
6755
12011
11133
11209
11001
11079
11185
11082
11209
11278
11156
11235
11128
11112
11078
11006
8975
8778
8975
8585
8563
8270
8563
8563
8778
8975
8870
9035
9282
9282
9558
9282
9282
9164
8975
8975
8843
8585
8585
8345
2432
2574
2468
2650
2610
2668
2643
2612
2530
2408
2408
2369
2201
2202
2014
2188
2254
2349
2447
2437
2527
2661
2616
2608
9718
9425
9157
8762
8807
8884
3518
3438
3399
3666
3486
3519
3400
3358
3296
3190
3305
3282
3184
3287
3259
3370
3469
3459
3643
3838
3988
4190
3948
3941
11691
1992
2190
2198
2303
2443
2428
2534
2655
2605
2608
10567
10691
10691
10617
10617
10529
10529
10567
10336
10336
8463
10336
9311
9333
9333
8817
8817
8586
8817
8817
8586
8586
8586
8586
8586
8586
8817
8817
8938
8817
8938
9207
8817
1164
10948
10919
10935
10972
10921
11033
11063
11033
11018
11063
3244
3243
3290
3215
3087
3076
2948
3140
3107
3300
3388
3385
3423
3383
3304
3430
3322
3315
3269
3183
3248
3111
2608
2729
5757
5880
5801
6620
6565
6698
5495
5487
9758
9082
9548
9548
8126
9082
9552
9548
9548
9722
9548
9758
9758
9758
9443
9443
9443
9368
9003
8702
6752
6715
6593
11507
11554
9359
8979
9192
8979
9238
8708
8463
8668
8519
8393
8686
11471
7536
7358
2626
2589
2504
2659
2589
2586
2541
2352
2503
2294
2455
2385
2396
2626
2709
2808
2808
4072
4050
3748
3511
9758
9818
9705
12449
12447
12465
12465
12465
12327
12465
12327
12420
12305
12347
12382
12276
12342
12303
11865
11991
11884
7968
7769
7968
7604
7604
7604
7604
7769
7968
7968
8302
8585
8585
8778
8563
8563
8302
7953
7866
7769
7604
7604
4889
4865
4599
5226
5226
4845
4791
6946
10793
10792
10775
10830
10830
10864
10864
10631
10779
10793
10432
10399
10364
10444
10444
12170
12170
12080
12072
11996
12072
11964
12309
12336
12263
12336
12334
12269
12303
12283
12165
12115
12070
12053
12059
11863
5352
5088
5320
4272
5020
4462
5020
4804
4556
5523
5523
5523
11921
11905
11940
11927
11914
2313
2220
2042
2211
2212
5445
890
890
890
890
890
890
890
7943
8322
4288
4560
4311
4271
4041
10003
10003
10178
7196
7196
7423
7196
7330
6787
6730
6558
2784
2709
2904
890
6918
5941
10300
10295
10389
11874
2659
2656
2656
2416
2441
2413
2355
2335
2282
2067
10224
12212
12305
12271
12368
12291
12170
11628
11628
12291
12291
12170
12182
12182
12080
3258
3349
3261
3471
3562
3790
3533
3613
3369
3298
3270
3214
3161
3258
3195
3252
3328
3299
3328
3409
3455
3684
12225
12225
12196
12263
12263
8817
8817
8817
9207
1164
1173
9207
1166
1224
1224
1310
1224
1224
2608
2874
2818
2805
2805
2805
3014
3102
3137
2858
7129
7129
7076
8302
8563
8778
8975
8975
9035
9282
9282
9558
3890
3743
4005
4107
8463
8301
8322
4853
4868
4853
11808
11827
11808
11868
2236
2334
2260
2346
2386
2397
2456
2482
2618
2482
2533
3143
3223
3320
3386
3557
3488
3657
3883
3883
4165
8585
8302
8585
8585
3253
3253
3208
3253
3265
3291
3325
3404
3466
3672
12011
12129
11737
11661
11627
7951
8132
8463
8427
8301
8033
7951
7943
7695
7695
7501
7695
3426
10774
10774
10824
10584
10617
10838
10824
10946
10921
10921
10807
10831
10813
10721
10623
10379
7663
7663
7822
8073
7770
7695
7695
7695
7501
8033
7943
7770
8702
9319
9319
9135
9102
3390
3477
3507
12440
12411
12260
12450
12411
12383
12361
12361
12348
12260
2557
2467
2448
2330
2221
2289
2117
1953
1993
4523
12133
12223
12256
12281
12191
11859
12236
12240
10899
10838
12164
12197
12177
8126
8301
7622
2598
2356
2279
2149
2230
2052
1907
1959
8586
8586
8817
8817
8938
8938
8482
7076
7076
9810
9282
9415
9164
9069
11293
11190
11278
11293
11267
11189
3082
3674
4529
3819
4256
12175
12175
12161
2984
10241
7366
7201
7479
6957
7201
7366
7479
7604
7604
7803
7604
7604
7769
7604
7479
6797
6922
6922
7516
7423
7423
2659
2232
5827
5928
5928
5827
5596
5596
6019
7076
8482
8938
8817
5676
6957
6922
6825
6717
6546
6395
2618
2654
2755
2755
2822
2755
2765
12102
12043
12054
11998
11469
11436
11509
11544
11629
11734
11793
11853
11831
11742
11711
9552
9722
10003
9791
10204
10303
10487
10488
10204
10479
10444
9625
2822
2822
2766
2822
2557
2755
2766
2618
2845
2845
2975
3088
3051
3107
2938
2822
3106
3029
2930
3029
2949
2043
1951
1941
1707
6149
6169
6565
6219
6620
6780
6960
6780
6780
6960
6780
6844
6367
5910
5495
5584
5757
5535
5742
5622
11448
11517
11900
11834
11609
11878
11842
11781
3622
8482
8482
8586
2557
3589
3508
3353
3262
10863
3111
3111
3014
3014
3014
5406
5406
4801
5035
3532
4853
5827
6082
4495
4853
4902
5005
4853
4853
9540
9540
9540
9540
9311
9413
9413
9413
9553
9553
9540
9540
11868
11713
11436
4841
4531
4789
4721
4773
4531
4371
4333
4347
4255
5131
11652
5720
5934
5786
5834
5720
5072
4902
4868
4868
4956
4853
9821
9540
9553
9540
9947
9947
9947
9540
9533
9533
11189
11171
11171
11171
5226
8586
8586
8817
1310
1249
1299
2874
5783
5472
5164
4820
9505
9532
9760
9878
10136
10238
10575
10507
9744
9711
9318
9131
8914
9131
9304
8482
8817
9207
9207
9207
7076
7129
10285
10336
10285
10309
10193
10185
9791
10022
10193
10285
4896
5249
5495
5337
5337
9952
9952
9952
9952
9869
9869
9104
9104
8914
11868
3092
9952
9952
9952
11419
9947
5337
5337
7024
7043
7043
7043
7273
7374
7374
7644
7374
7273
7071
6780
6780
6820
6780
6844
6960
7114
7043
7273
11791
12383
11533
5234
10738
10572
10566
10506
10330
2904
2848
2848
3092
2926
3092
11761
11815
5366
5700
5492
5787
5103
11110
2848
2984
11996
12109
12031
2981
5245
5131
5491
4961
11652
11652
11535
10902
11707
11691
11535
11535
11762
11808
4853
4868
6078
6078
6239
6137
5913
5913
5782
5720
6087
4295
4002
3950
3507
11688
11781
6894
11535
11556
11535
11692
11288
11292
11290
11393
11066
11047
11533
11598
3897
4853
4853
4868
7276
7514
7604
7604
7803
6922
6957
7276
10043
10161
10230
9952
9952
9928
9928
5226
5234
5234
8482
7076
8975
9164
9282
9282
9606
12153
12153
12131
12131
10922
11533
11957
7953
7953
7803
7866
7866
8585
8345
7953
7953
11217
11217
11217
4021
4096
4047
4047
3475
3659
3972
4059
4278
5635
5710
6084
3502
3662
3506
4069
4061
4312
3362
3255
3515
3600
3797
4115
4090
4283
9533
7989
8359
7989
2817
7604
7514
7604
7604
7803
7866
3250
3238
3317
3317
3402
3403
4868
5005
5072
5544
5720
5902
6328
5902
5934
5720
5005
3083
7953
8302
7953
7953
8843
8585
5248
5206
5226
5226
5226
7043
7043
9810
9929
10091
9929
9954
5005
5421
5782
5471
4902
5072
4902
4151
4363
12133
1282
1083
1282
860
949
793
988
1057
1157
1271
1277
1465
1632
1569
1819
1624
1624
1394
1336
1416
1282
1282
1057
626
709
337
529
337
709
446
11922
11976
12070
4868
5471
4868
4868
4868
9810
9415
9282
9164
9069
1210
1337
1337
1355
1442
1578
1578
1739
1577
1622
1493
1363
1430
1316
1331
1172
1121
1031
1121
1084
1174
1296
1335
1454
5986
5696
11964
11815
11931
11964
2822
2822
2822
3014
2822
2817
4036
4532
3602
3782
4033
5896
11890
11856
11761
7371
7371
7117
7299
7402
7402
7539
7539
7371
7449
10043
10043
10043
9869
10251
10251
11419
10687
10517
10598
10499
10378
10302
10268
10117
10258
10254
10481
10761
10778
10700
10741
10766
10702
10482
10459
9802
9802
9966
9810
9810
3205
10230
8185
7921
7921
7418
7767
7717
7897
7770
3603
3777
3204
6923
6958
7099
7100
7246
10379
10309
10379
10309
10397
10467
10346
10245
10245
10178
10276
10276
10185
10276
10193
9966
3817
3783
10899
3167
3167
3014
3042
3042
3014
3014
3042
3042
3167
3205
3205
7276
7276
7479
6717
12245
12285
5972
5896
6381
5967
9600
9973
9973
9759
9973
10133
10133
10162
9471
9943
9600
9961
10810
10855
10798
10162
10112
10112
12099
12130
12205
7427
7374
2409
2304
2461
2066
2159
2009
2157
2309
2375
2580
2411
2580
2947
2425
2367
2287
2182
2146
1963
4868
5423
5782
10022
8870
7298
7418
7418
7302
7853
7690
7487
7487
7395
7159
7027
7227
7060
7227
7209
7152
7152
7152
988
1172
1282
1282
1424
1580
1580
1692
1615
1610
2388
1572
1763
2179
2209
2429
2207
2307
2445
2283
2302
1769
1571
1571
2582
2647
2781
2862
2944
3032
5607
5913
5834
6078
6512
6546
6586
6586
7110
7368
7539
7708
2379
2259
2295
1752
1544
1557
1416
1320
7029
7191
7110
7110
5005
5782
5607
11719
1282
1424
1543
1590
1743
2805
6586
7722
7645
7645
7516
1592
1592
1305
1219
1224
1720
1591
1638
1828
1603
1632
1477
5986
2339
5910
6917
6698
6334
1844
2817
9630
7033
7033
6943
12008
12059
5005
4902
4853
11419
1010
933
1057
1282
2854
2996
2891
12008
9748
9783
9649
9783
9783
9944
10133
10133
2373
2243
2229
1706
1544
1414
8975
8975
9243
9243
9415
9415
9806
9415
9558
1681
1865
1878
1796
1909
1991
1698
1567
1555
1555
1583
1531
1531
1655
1781
9974
10016
10028
10113
10113
10217
10217
10217
2271
2106
1967
4868
9954
9954
10130
10032
9954
10111
10217
10217
10298
10217
10217
10104
10217
10028
10111
9954
10026
9810
9293
9462
9475
9549
9783
9549
9549
9293
9293
9346
9475
9475
9783
626
557
557
796
850
215
1973
1879
1539
1567
1313
10067
10321
10348
10254
10127
10034
10164
10054
9973
9475
9475
9475
9475
9649
9854
9748
9556
9475
9475
4853
3014
1589
1280
4853
10177
10156
10264
10172
10290
10337
10352
10395
10436
10569
7470
11165
11165
5005
4868
4868
4956
6290
5866
907
10153
9902
9949
9974
9974
9950
9909
10015
10015
10066
10946
10003
4868
4868
1780
1509
1553
1690
1811
10003
10022
10003
9929
1671
11868
12263
5226
4853
4853
850
850
11791
11165
4868
1228
1166
1228
337
11808
11808
12137
12088
12090
12178
12114
12178
9956
9937
9556
9800
9748
12437
5226
9475
9293
9137
11162
7332
10245
10323
9137
9340
9475
9983
10006
9983
9902
9909
10081
10028
9699
9950
9983
9983
9949
9902
9902
11165
11165
11165
11165
10154
9954
9806
9956
9956
337
337
337
337
337
10920
10849
10849
10823
10884
10818
10918
7644
7515
7644
7427
7427
7273
7180
7043
7043
7973
7849
7849
7973
7849
8303
8188
8188
8188
8957
8939
9010
8303
10269
10217
10360
6577
6405
6287
6228
10178
11878
11810
10293
10298
10392
12192
12192
9556
9748
10445
10501
10501
10614
10454
10442
12328
12334
12356
10349
10298
10349
10298
9817
4853
10259
10320
10422
10466
10051
5226
5226
5005
5226
5226
11153
11153
11165
11153
11153
11153
10501
12175
2454
2406
2410
2365
2474
2526
2532
2579
2579
2569
2480
2672
2480
2398
2296
9927
9927
5072
2725
2725
2725
2545
2542
2513
2559
2609
2752
2891
2774
2607
2607
2502
2547
10507
10470
10525
10614
11989
12014
9137
9293
9293
9475
9475
9137
9138
8939
9137
557
211
211
337
211
74
215
557
215
850
1903
1765
1579
1579
1297
10770
2579
10758
10722
10427
10574
10554
10710
10827
10730
10769
2321
2276
2394
2228
1974
1948
1918
1927
2145
2219
2214
2624
2485
2451
5226
5226
2085
2341
1968
5423
2130
1880
2722
2947
1836
1889
5226
4853
1548
1600
1728
1855
1870
1986
1597
12361
12332
12332
12285
12237
12330
850
850
11184
12371
12407
12443
10770
1898
1893
1853
1799
8817
9781
12384
9927
9783
9549
6410
6078
3032
10264
10133
9927
11966
9475
9649
9927
9854
9927
9649
9549
9549
9340
10264
10133
11393
9817
9340
1894
1856
1693
9699
9817
10036
9900
9319
10145
10145
6976
6849
6799
6841
6725
6924
6870
6954
6962
7080
6725
6763
6604
6581
6834
6819
6707
6793
6959
10742
10723
10750
9451
10456
10376
10331
9293
850
9137
7425
7761
626
529
12308
12362
12320
12362
12363
18
12045
12088
11153
5913
12296
12299
12331
12278
12349
12375
12338
12274
12338
12266
12323
12246
12176
12234
12231
12231
12173
12375
8553
8303
850
12220
12176
12147
12294
12224
7973
8188
12230
4600
4469
4475
4930
7678
337
337
337
11162
850
10730
12238
3729
5736
6064
6150
6204
5876
5646
12261
12261
12247
