94970
32899
33366
22741
52674
89776
63641
63652
63640
77558
75557
75553
36197
38823
63189
64271
62979
88364
93782
93752
68123
56757
78764
87314
87320
62096
69509
65521
78798
89099
63601
63590
64254
68830
85634
87143
28928
18811
26803
70317
69885
64701
63326
67167
89930
14069
85260
90889
69558
46904
82185
81063
69150
47369
62442
47562
47340
10874
45470
22141
22096
22096
25348
89936
80158
18826
27596
40422
40422
47342
78554
26352
26365
91233
68267
37249
40958
38006
37331
39862
88945
35196
35297
35175
14181
93788
86805
86805
87314
87312
87312
58202
57863
89104
76105
89102
8735
8719
8860
43271
50594
45794
27590
22488
26907
82492
67043
67186
8498
18699
17780
9584
63938
66260
66297
64445
85891
64590
50294
50469
50420
4630
6175
30710
80389
56740
69131
63431
22141
22096
22142
18825
18810
30573
55688
14086
29802
14058
65884
78577
94129
63318
63189
36237
32091
46970
28978
30828
29999
68830
67166
17780
53693
37459
38081
43903
40584
43903
87312
15403
42931
28045
5099
5699
8210
58290
22096
16224
19204
92620
17090
20869
33941
21638
36076
94384
95127
94081
22096
32704
25210
46828
91601
89116
47282
87720
37360
21407
20869
69198
69169
22096
22096
46628
13675
49256
49256
54673
20776
21593
21613
93387
75530
74082
75535
19565
23566
30059
7087
7154
7796
37383
37088
37075
37090
29619
11971
12331
29614
16011
29703
7052
7284
87736
40002
70301
50158
21550
20736
21550
7287
75409
73444
75417
10675
85009
85323
85012
75391
75441
57535
53216
31323
40601
40579
40596
20060
23317
78484
70690
75438
93345
93770
91541
27888
29420
27880
84106
49516
10682
28975
19204
37510
3283
22096
72292
72374
73175
80338
17929
44141
29835
69316
18821
69132
38642
81101
37881
49284
54459
49284
22096
22096
43406
28731
40133
12045
58115
58081
23383
21686
19310
36625
85128
49382
35973
13367
33867
28101
37716
50437
72259
92917
68227
68222
68227
7606
7438
50865
69316
10715
26106
64831
62414
75428
68241
59308
59608
52694
26730
39786
50858
72608
72190
39302
36694
36842
36740
85447
82708
70203
46519
22096
40739
75575
71997
71636
22096
22142
12812
21550
20736
82093
16064
72801
75536
76921
77036
21550
94665
70221
38144
30610
439
12627
80983
88138
78761
68680
71419
1933
1955
1933
93626
37179
38850
38237
66431
75587
73596
5869
36914
39308
40091
39371
92521
39514
39249
2096
75476
78326
40496
21482
21211
53277
50057
50198
50208
67180
71007
76522
75438
1012
64749
56801
49256
54458
72702
72107
11967
11984
26653
21482
22096
54673
90127
40467
37869
69316
28386
19339
18371
72052
83430
78666
74984
77402
60086
92546
91541
38827
92794
40344
37635
90643
43903
43903
91435
87083
23501
91431
81107
41041
27606
2150
95517
11160
15
12747
263
38447
93976
90975
69236
69231
135
128
1044
15
56055
40596
40618
40584
89228
10745
32149
21385
46517
21375
32239
27057
45943
10783
59678
49761
93752
263
15144
47419
45684
71891
313
18938
15469
93748
94338
57348
55622
39037
91579
22096
24932
73946
71920
58397
10610
56036
21407
40491
40579
40579
22276
94317
36596
36380
89228
69271
86911
91629
28314
128
15463
88169
38074
84556
84565
49105
4934
37833
14212
29117
37998
37976
49455
92917
18836
49147
37479
56794
49256
28406
999
37552
21482
20736
35362
39576
92596
37491
39219
38397
54459
20099
50110
95329
60413
69634
81095
50407
91001
80535
84148
15474
30575
88031
49284
49284
63548
64422
84409
85985
49284
49284
20099
91629
94338
21148
84409
91626
72054
68523
41672
36783
61109
88935
48779
38661
36157
35924
84487
21593
69149
83984
68621
31588
41672
63186
63201
92917
36609
72017
71933
55679
84138
58394
56925
37566
82647
95222
91605
43470
29070
31632
8577
19289
28839
16
19249
16216
24544
24672
25679
21148
54350
80482
17528
19118
79098
19238
81147
31955
12239
79903
54308
3511
78652
60245
49802
57346
21148
87078
90104
84001
85007
70773
70983
49256
64749
49256
36975
38590
58519
59831
64747
32968
32910
19244
66114
23288
22671
28407
19272
91579
82299
66129
89058
86678
71585
69103
71536
61853
92909
82279
84487
76591
32241
82358
21550
20099
93783
128
3057
3466
3403
78877
40596
56832
68621
69149
63458
51837
51925
95492
21550
87535
64601
54790
91559
39508
39745
70959
8005
21613
90239
90294
70889
66056
69064
84447
84409
27675
95370
93765
12066
70789
78691
82859
54673
39456
29522
4594
77592
75557
54459
61559
69149
26919
52404
91579
92536
93765
93752
164
60554
69149
71920
20736
3568
81138
38497
4190
49284
64742
61111
63458
49284
57238
35748
33211
90844
90246
95492
20099
21550
21550
21593
73493
74559
73770
55164
45745
90246
90294
84462
45630
45739
53296
21149
54459
44219
26349
86520
93937
89296
47557
60789
74147
74553
30265
34341
94312
94312
43461
71975
73577
75153
95391
85054
4656
84526
86805
84525
86442
59468
61002
24705
84409
84409
54867
55030
21593
52630
69325
43903
40633
74246
73773
49783
69316
21149
84517
61762
84462
70712
94597
39474
35375
47425
87312
84462
71872
70661
75563
47445
1933
89636
32213
75557
94064
49237
7772
84473
64742
87320
87411
84517
3396
69150
65211
53237
92391
54867
87312
86805
21140
55707
21149
21673
5378
64285
31977
62441
21148
21148
27675
56058
47978
22746
46288
41932
41929
53264
31485
31485
79454
29999
25348
80161
45739
29997
29999
80162
92608
71202
32207
49790
31636
68267
37779
49905
87312
21148
59954
71868
33318
57304
91172
79224
60171
84544
81044
50972
94897
92872
92536
84440
69316
62634
68291
93377
86805
89102
74947
69947
82138
71580
93471
25418
56456
53723
52166
85134
55094
55127
40001
40069
75446
40219
45920
65229
62447
47355
47155
77402
77477
22592
53723
52111
94402
95160
84526
84841
91080
51256
51278
51010
88568
38427
40067
52446
75575
33237
94316
95222
51498
51919
52404
51360
36189
94499
95221
92900
52620
68214
52292
93471
91127
68464
93471
94338
57348
88568
77475
86805
52320
74533
77475
39048
43664
39068
44171
89115
78820
94061
22448
54482
52233
94338
52965
52061
84409
55624
94402
75557
51919
55070
93797
71606
95155
94499
94499
54673
26349
22561
94115
32215
84526
37613
65775
95160
33197
84467
95155
33179
95351
33179
24750
92355
37344
95155
18462
37744
72347
37701
40048
76654
77472
75040
93316
76657
24806
21385
29087
15315
28182
36557
36843
93332
71151
88803
71158
71168
60281
59995
59850
60274
58536
34649
20461
8726
3566
89776
41035
19454
34036
43458
47126
57621
3404
3409
47453
47771
91362
26005
62424
35580
43745
87312
22423
22400
54781
57006
16073
31492
86520
39711
91200
38118
43719
39730
71736
71736
88803
59834
84506
84544
75557
93731
64967
3226
94023
57355
3566
89116
37407
45623
54767
38889
54780
27351
88439
37335
54673
25314
26975
86949
52537
91302
26366
37257
38210
36589
71256
15638
35403
31599
30634
50746
44836
56855
44660
40422
40422
73548
46950
62441
87314
76609
76607
30872
78764
22141
94050
56855
88010
85467
83920
47435
94700
93651
93719
40739
35542
40422
30810
21621
89576
32384
21372
50906
64354
63357
54227
64357
63336
62430
72560
53040
62445
40584
75557
83887
86960
3140
52848
32207
93053
71391
18812
46106
26352
62424
22096
83210
69127
50906
80009
67166
13926
26365
37864
89100
38451
13932
14058
47434
84439
89936
65785
13813
33752
13507
42972
62067
62020
59930
59771
68967
68327
69081
13983
69004
92557
83940
57348
39741
35084
35271
31521
94039
35134
80016
62402
63653
63643
63646
63609
63613
63458
63659
91224
64556
69439
69439
71614
71683
82331
65884
65905
65894
64676
64356
64340
63674
63607
63592
75560
75576
75565
93427
93427
74997
75273
79890
77565
75564
75564
75557
81032
81032
21385
40765
40750
40584
40584
75557
75557
75557
78595
75406
75261
75037
36315
38809
36313
85237
55919
55919
38240
36267
36210
36185
55634
36216
50072
36203
38197
38700
38823
38796
38458
38454
38840
55370
64306
62979
62979
63189
63189
51919
63189
63156
63189
63189
63191
64306
63203
64706
68687
65786
68805
64706
64306
64705
64306
53723
63458
95567
89769
85467
71698
90096
79469
93704
90791
87666
87655
79976
84120
64462
94351
92546
94351
93752
91607
91614
91560
82797
94914
94028
92708
94915
94919
94025
94064
94021
94026
94013
94370
50953
44167
44159
44176
44188
49621
55324
85659
84314
92710
87315
89100
87320
89113
76105
47977
89116
61243
76105
89115
89111
87315
87314
87314
87312
87312
87312
87314
87314
87312
87314
89102
89100
89113
62570
62102
62104
62174
62139
80504
80504
62147
62141
62046
62071
62134
62111
62170
59491
78843
58081
59886
58091
58083
58106
59843
58062
62174
76105
89116
48773
48773
60898
86805
89102
89102
87314
89104
91208
76105
64153
64152
63688
64153
71561
68295
63674
64121
63603
64152
63341
63337
63337
63468
63431
63431
63431
93617
87143
85622
87143
85624
88541
80983
68802
68830
85613
93943
85637
88439
89044
88445
88445
88439
93617
94115
91224
93617
88568
87143
65775
26845
19002
22463
26833
26844
18881
18835
28336
18822
18805
18827
42942
52714
92608
52712
18804
18880
26970
31163
28928
16421
16423
16368
22391
22400
22400
22450
22458
22821
3447
70320
3273
80474
80504
80504
69885
83961
66418
66418
63320
67227
67166
67166
63186
63194
63198
63318
63334
63350
63355
63465
63552
67166
67167
67175
67167
67180
67167
67169
92602
92620
43358
55651
56106
64812
46647
85493
85493
95403
92591
33648
33627
14050
86493
68893
56537
69561
62217
14006
13994
13999
14044
55600
27575
56417
33672
49340
55766
83555
68979
68974
68959
86427
83198
57153
87496
85937
80267
80298
68990
68994
27643
57153
78554
56395
52787
66114
52784
92438
69150
69143
44146
34029
31614
26945
31614
31599
44139
44146
29835
28400
69316
69316
86970
86970
69150
69150
87124
30642
79081
47429
62441
47168
47168
60873
60729
47334
47361
62441
62424
62424
62437
62442
62441
47529
66149
47443
47905
49029
47120
12100
50935
43961
49497
55688
14687
46855
30565
55688
55688
28614
3262
3209
11492
3262
13239
3221
11843
10889
34117
53693
33562
33321
34126
25824
33274
49364
47728
22096
22096
22096
22096
22142
22276
21638
20869
28769
28769
22141
22096
22096
22096
22096
22096
22096
22096
22096
22096
22096
29153
80150
29174
26531
26453
26365
26452
26452
25348
29176
28897
29997
83352
30838
40422
30838
30838
89936
29153
95161
80158
26529
26514
26365
19037
18818
18808
18818
18812
64809
78971
78971
18816
18800
18805
26865
23538
27590
18818
83352
40422
90739
45439
94338
49333
49333
94338
49333
49333
40422
29313
10919
26629
26626
26626
15032
47368
49202
83276
16163
16119
16144
16110
15472
1197
14932
27645
33802
46267
56402
66125
26340
26344
26380
26309
43458
26349
26349
26356
26452
26340
26340
26349
92900
92917
92900
91579
93734
49739
49739
68241
68241
68232
5975
68222
1950
49740
93734
55237
55232
36249
40316
38646
38988
38682
38371
39116
39722
43514
43684
43693
56491
39001
38592
37440
37162
37190
35964
36048
38143
36334
37071
38638
39830
39837
40070
64809
18836
64809
64809
85256
39786
39859
39949
39564
43054
39544
71750
92904
95434
39888
39881
39902
39886
39974
45993
45994
56015
35190
35184
35199
35154
35155
35162
44550
68580
40218
35355
35417
35303
35330
35371
35369
35301
34995
35013
35210
35218
13968
14881
49660
14199
57010
14201
27625
91561
93752
93782
93788
93758
91560
95347
91541
93788
93631
60110
92536
91302
93342
93773
91547
91650
92917
93748
87312
86805
82553
86805
86805
86805
86805
86805
86805
89102
87312
87314
87312
87315
87323
87320
89111
87315
87314
87314
87312
87312
87312
87312
87312
87312
58021
57863
58087
58075
59546
58283
59623
58174
58504
58216
58592
58506
59850
58506
57930
58511
57863
59843
57863
89100
89113
87314
89102
87314
89100
89104
76105
89113
76105
47977
89116
47294
8803
8766
8714
8802
8756
45794
42697
12829
8939
8932
8904
8725
8973
8699
10715
8865
29067
8888
14998
26009
8854
31393
42854
45961
30911
8882
71736
71736
87736
53887
50246
87736
88636
7096
7281
7488
42840
45794
34428
28760
31135
31474
27596
22679
22871
22817
22799
28758
23372
26937
31474
82299
92438
86629
82494
85401
2968
88445
67027
67491
67043
88436
88436
85635
64605
67027
67178
67186
5327
7930
5480
5314
5314
5363
5293
5284
2150
48899
18734
23524
17780
15888
18734
23475
18237
17573
17937
17491
18003
17937
17181
18294
27590
17780
3396
3120
3844
66260
67168
66260
67175
67166
63803
63803
63902
64183
64191
82354
64811
55181
15738
30264
7446
7333
46449
7315
47658
67390
66431
64586
64444
64623
64440
79837
78293
71405
83149
86080
64811
45373
64811
50467
50302
50337
65447
50291
50291
50267
57202
50247
50223
53993
79088
83859
83876
62350
35040
50933
50471
50459
50427
50375
50389
50420
64809
65447
27675
12689
4827
4827
50862
55350
53506
53506
48842
4537
4537
4625
8105
8097
8120
15105
10783
12599
29623
29628
29646
33680
46031
8939
55174
56740
55954
55954
29106
80384
95161
95161
29999
95161
95161
80389
26529
29109
57355
55427
55427
49237
50939
50939
43461
50939
50942
69131
29106
69159
47690
47728
49526
63317
63195
63318
63327
63327
64153
22096
22142
22096
22276
21638
20869
28769
20869
21638
22141
22142
22096
22096
22096
22096
22096
22096
22096
22096
22142
21638
18821
62217
28617
14005
45613
28617
55688
14690
14690
14683
14026
13968
14206
13673
13643
29806
13825
14058
13932
13941
13933
14060
13625
64517
79959
71383
71388
71357
71366
63189
63156
63327
94129
93462
52395
51278
52404
52404
52404
63195
37351
36261
36272
36195
36167
26626
28978
26730
27700
33915
68227
68227
68227
26626
27931
28975
28978
27698
95161
30810
29313
30838
40422
30838
83349
68291
83349
83349
29999
95161
31474
41483
41482
42177
46483
60300
37441
37376
37367
40601
43903
43903
43903
43903
43903
43903
43903
40601
40601
40584
75603
75603
80336
75601
75547
75555
75555
75575
40584
40584
40601
40601
40601
40633
43903
43903
87312
92900
13434
15403
13434
28075
15408
32305
28101
28101
33867
41620
41618
43239
34279
32496
46098
13753
13499
15599
13549
50720
13910
50720
55414
28092
50906
15009
5705
5653
4960
5142
5108
2150
5134
5170
5647
5409
7761
8614
7761
5408
8462
8462
58283
58231
58329
58330
58455
91650
22096
22096
22096
22096
22096
22096
22096
22096
22096
22096
22096
22096
22096
22096
22096
42160
89930
16267
93939
89778
92606
19238
19255
19236
16169
16207
16246
18330
55390
52714
92604
92609
92599
92596
17561
17739
18419
17317
30520
18916
27675
21482
28769
21482
22142
21367
21367
40496
40579
40884
40579
40579
40579
40506
21367
21482
28769
22276
22142
22096
22096
22096
37208
36763
94079
94073
95123
94166
94073
94060
94070
94599
85555
79540
52684
43919
95137
50209
93826
94081
94653
94348
93800
93801
93799
22096
29515
23166
30489
24939
24983
25692
62609
44115
64976
93603
90527
84201
39052
64900
39113
37770
37728
37709
37686
37733
40059
41649
40076
38195
38504
38320
91601
91604
91559
91607
48773
48773
47282
61112
61007
61007
60993
47318
85762
80271
57576
57535
57527
80255
49692
80255
12066
87252
12066
38039
37377
38038
39084
36358
40579
40491
21388
21372
20869
32207
28769
22142
69210
69167
69167
69230
12116
69530
58251
69341
59819
66030
59810
64906
65353
86974
69223
69222
69243
69230
69230
22142
22096
22096
22096
22096
22096
22096
39956
92521
85762
92521
46642
39927
46614
46645
46655
40277
40310
39956
15
384
302
164
999
164
13238
15
280
193
193
15
193
280
5
300
360
164
13587
29117
13549
13671
84017
84017
49256
54673
84017
84017
49256
94393
94393
64742
94393
86262
64742
86262
71762
49256
57496
84017
54673
54677
54668
57006
54714
54767
54675
20776
20776
20776
21613
21613
21550
21613
20776
20776
21593
20678
20679
21148
20679
20679
21593
20776
20776
21613
21550
23522
21550
50209
93821
44805
93390
49390
73599
75533
74567
75487
75529
91413
79071
75599
92797
75592
75592
74271
74902
74205
74712
74339
74148
74073
73599
73547
75334
74989
75491
91431
19075
18257
19598
18019
17713
17701
17695
19512
19626
21686
21685
21680
23355
21698
23502
20086
19708
21644
23304
28734
29099
27675
29103
30515
30520
11948
9879
7100
67186
66488
7238
7243
7052
7054
7119
7195
71202
11964
11959
11964
9953
5747
38541
36565
38339
37029
36677
36739
36585
37051
36497
12331
15987
11971
62214
31114
41208
8959
8959
29642
29636
15998
11994
16006
11975
11990
25759
25754
26921
78557
28131
25764
26919
29623
13261
13249
10715
10725
7065
7229
88634
7290
7316
7434
87736
88634
88803
39924
56042
50147
93377
56051
56042
57467
50149
50071
50135
50457
55381
56046
56046
56051
21613
21550
21613
20036
20036
54459
20036
31729
21550
21613
21613
20736
20708
20708
21148
20708
20679
22298
21613
22230
21550
31729
20036
20099
75409
75409
73444
77443
77445
75433
74979
73824
72628
72360
72482
72482
72390
72482
76609
73893
76609
74880
75411
75416
77445
82773
77443
95146
30271
9773
9773
28423
10589
28458
89538
85010
85009
87856
85009
61916
78502
89531
90482
78674
78696
83278
78617
70655
77174
85324
85326
85326
89536
77025
77008
82299
94151
95560
38215
76607
93584
93584
74984
90825
75387
75441
90977
82770
82764
45288
57527
57527
53216
49823
46946
41409
41394
30703
27166
27074
31025
31025
31970
15474
40596
40596
40596
40596
40601
43903
43903
40596
40601
40618
40579
40579
40579
40584
40584
40584
40584
40584
75575
23310
20060
49881
41930
27655
27666
56055
26266
26280
56058
78489
78489
78457
90482
81100
81100
93937
85974
85974
89531
86740
81112
81141
79901
82061
85182
83902
80608
70453
70453
71097
81107
72014
71919
93770
93779
93773
91302
95063
79454
93752
93748
27876
27888
15823
1890
1062
28386
69325
28386
28386
28394
28386
28392
29835
27885
27539
31066
25980
15592
13156
1927
85103
85103
71258
92962
37858
1207
8638
128
8638
15976
10693
1025
27373
27373
1631
28438
37521
3396
3396
72839
72172
72292
73275
73525
72681
73525
72183
72227
72205
72277
72304
72315
77432
71930
89638
71936
64903
80195
61853
81127
29835
31599
29087
41333
44792
37297
43920
38046
37218
36878
38062
38729
39277
39726
39434
39365
39392
39390
37328
36369
36356
53865
49284
53865
56782
56782
56782
56782
49284
54324
54324
54459
31729
31729
21550
31729
31729
54459
53865
60407
49284
56782
56782
12813
31743
50862
91629
91629
8173
7620
59843
21685
31262
54468
54481
54478
45676
45680
19311
20061
20174
17521
17534
19057
19320
19454
36671
36642
36770
36619
36414
36434
36469
69992
92793
68492
90296
91338
39412
39582
39592
37277
37281
35561
35658
35840
36082
28101
32209
85559
85561
85561
41672
41700
41700
41620
25755
32305
12535
37857
37763
37679
37643
44031
72527
72337
72533
73145
72312
91650
68222
68227
68241
68241
68241
13932
25826
27358
26956
42900
27566
33703
55181
62641
69316
69316
86970
52659
32384
32384
16073
40382
68649
62664
62017
71919
71920
71919
49739
25887
59889
25056
50754
16237
39651
83131
72704
72702
72608
72505
72188
72073
73335
73337
74959
46378
39685
39270
39674
38539
36734
36824
37512
37514
36896
36860
36965
37074
36953
36758
82708
70203
82708
70064
70048
72062
90135
77025
85447
70887
82708
82746
90084
70919
70919
70919
94665
82812
70170
82665
65700
68523
39537
39575
39627
43414
85957
21394
40491
21385
57579
40765
75557
40584
75557
77389
77389
77472
77389
80336
71976
71636
91333
71997
71919
71902
71075
70898
70898
70977
22096
22141
28769
54459
31729
21550
21613
21613
20736
20708
20708
21148
86071
80053
80193
57300
1025
1025
16064
84544
84440
84544
39014
40110
39700
41037
72848
72773
72811
72762
73103
74993
91413
91426
89228
91429
91429
70812
70862
70864
76921
77031
83548
77448
76528
76528
76591
31729
20038
31729
31729
70859
94665
80998
70983
82972
83004
70241
78743
82639
60427
40003
40984
55602
38726
37540
13275
1025
1025
1025
30610
16039
27646
1955
1978
244
54458
295
94084
66015
49823
78761
66018
49823
78761
78761
45291
28917
28917
28919
95543
95318
95501
68118
68114
1933
1933
1933
44701
28925
8459
8655
4600
4656
1933
1955
1933
1933
1933
31421
50923
60082
90643
78882
93704
37127
37002
36998
38950
38355
43739
38389
38917
37238
36978
91437
94564
83937
77442
75367
75367
75592
75283
74723
5423
38650
39342
39326
39332
91673
59953
39532
39462
92521
85762
39491
39437
39446
1631
16070
1012
87281
75181
75450
77265
75367
77361
77331
78326
40579
40579
40601
40579
40491
21410
21367
21482
21482
21140
20679
20679
21211
20776
50091
37260
50100
50103
50150
56035
70851
76522
77400
77400
13619
90517
88051
93064
78652
41786
71762
86263
64749
49256
86263
71762
64749
56772
56776
49284
56776
56782
49284
56782
64742
54673
84017
57496
30784
34329
34330
89228
73507
12801
13259
11926
11171
11915
12001
57238
21482
21372
21379
40491
93758
49256
84017
54673
54673
54714
54780
93100
83131
79225
71995
71938
83944
83944
35343
35345
39610
46735
37864
92962
92962
45448
38427
37628
37621
37609
37586
37577
37595
28394
69316
69316
69325
23475
23643
89776
41035
41035
19339
19387
15640
82653
86298
86301
72017
91445
86320
86311
93976
86305
86305
82664
87771
82643
82643
82645
72005
89296
91478
82647
81051
71883
76683
76683
77265
77412
94971
93633
60086
93632
91302
68500
57348
68500
68500
57348
53353
78850
94632
93783
93752
91547
93770
91541
93774
93763
39110
38462
39015
37782
38416
37644
37592
37816
48899
43903
43903
40869
91434
81173
81138
79906
88494
28369
70758
78711
78681
80679
71975
26756
26982
32537
26989
50567
84544
11724
10983
15369
84440
84455
84447
84467
84544
10
138
1044
1044
15782
12739
15342
80
80
135
19
17
41896
37628
38451
69252
82265
69259
69258
69274
86915
86629
82299
82275
82275
68154
37810
84506
84551
84568
84565
84506
84484
84439
84462
84439
84487
84526
13192
138
84
15
13192
12754
520
451
138
12071
27675
27675
57614
56046
91629
40633
40869
40556
77475
77389
80336
86305
71202
9902
9924
9926
82355
70374
79873
55948
52963
52834
52892
52974
25938
29841
29867
31336
28944
40939
40940
21482
21385
21360
21372
21360
46517
28769
41786
41786
41179
32239
49801
49787
69325
49784
49761
45940
8462
58339
93748
92909
92917
164
12066
164
28839
569
301
30044
29877
31344
45692
70923
28406
999
28397
37864
15905
92909
91620
55622
60055
60055
60055
94338
49333
49333
40422
49333
94338
62497
79615
53347
79625
79642
53359
68626
60054
60055
94338
45644
49696
37522
91579
25167
24904
24586
25014
24999
71957
82647
91468
71642
78655
78638
39744
37937
85839
60271
59292
58890
58397
56050
86311
86305
36407
39054
36549
82676
64852
68145
69355
82348
38256
38094
86111
54170
35786
35999
37982
45295
45697
83102
84544
84440
64967
54784
54780
54790
84549
84545
84419
84511
84555
48920
68570
49105
87078
37570
46105
13587
39661
35901
35861
46505
37104
36122
49383
46881
92600
52712
37496
38025
90953
84526
84544
84440
71762
64749
56772
56782
49284
84017
49256
71762
23164
22290
19246
22290
28841
27385
8571
95222
92913
92900
21372
46517
21613
20736
20696
20696
21148
35465
39470
39543
39563
92596
38051
35989
60407
60407
49284
60407
60407
31729
20099
54324
54324
36135
36155
89257
53302
50705
45344
34787
79062
69658
69413
50577
44465
68325
69448
68912
80580
91001
80625
54116
69409
45521
80511
79191
80574
82546
84146
82447
54126
55675
8571
15654
29522
28264
71922
56772
56832
56772
56782
49284
60407
63569
63451
63556
64518
64664
64426
84473
84482
84487
84403
84525
84546
54780
84553
84550
84503
84482
87772
54324
20099
54324
54324
21550
31729
91601
92900
94496
95222
95222
60055
60055
30004
56609
45741
56609
44569
84482
84409
84506
84409
84439
84409
84439
31927
54056
37285
85694
61015
85693
47455
47896
54214
47963
61001
61115
85711
85711
88935
87458
87341
51862
85763
82208
90294
86551
90294
85686
85686
48779
65972
80230
62441
62445
62441
47656
47656
35673
35676
35754
84439
84409
84462
84462
85340
21148
20679
20679
21593
20776
83984
89510
89510
93057
61703
87417
87426
83918
87458
87458
69149
93057
61706
86550
86551
60555
61112
61002
61222
61005
60349
89510
86551
69149
25759
57238
36453
37948
36575
36513
72005
72010
71957
81047
71974
71901
80463
45936
81141
84138
80195
60243
36784
36780
39017
30915
31713
31632
41212
40382
43365
16073
44732
31714
41212
19277
19264
23164
8571
16177
16177
37528
25025
24871
24599
23466
24811
24449
24545
32099
24654
25614
24566
22883
27075
22677
22618
22566
22505
22584
22621
30006
56609
54866
30010
30010
83304
19242
11857
15624
3007
3126
2990
4711
4180
10038
93704
88357
88439
3689
3550
3471
3511
3404
68439
57280
57280
49411
95038
86953
95038
90300
89163
89165
49806
49803
62634
49799
49801
53241
93906
88538
93377
70859
70899
71067
70797
70819
71872
70904
85917
70771
70974
82827
82318
71762
71762
64749
54673
39250
40108
60265
60248
60250
60286
32924
33058
33054
33209
33064
33177
33093
89733
33042
33127
33117
33237
22746
22679
22425
90844
89733
91663
35118
35072
35115
45366
43604
71561
71601
71561
71536
71579
82233
84295
82244
71589
87535
71580
90553
90569
68718
68718
85269
52233
52233
52233
84517
84409
84506
49783
21613
3515
3403
3403
3403
3844
3183
3201
3396
3487
3444
3566
3568
3566
3514
3514
3547
3650
32025
47975
60579
90857
89510
69149
82205
82210
93651
92669
87985
52404
65843
51932
51470
51539
52482
51779
52161
52765
52284
52331
52315
65843
65843
87535
87535
90569
90569
93053
93629
84409
84529
86421
54784
54714
54714
54677
54677
69064
32067
32065
15535
52343
52319
52315
90239
65836
65836
90294
89510
71734
88635
88634
69064
84442
84419
84409
95047
85700
95370
65836
82202
90245
71902
54677
4247
27569
4675
40203
75300
75300
77589
77475
77475
54156
95202
95205
52524
95203
95203
69149
25759
52404
93788
68626
79454
92539
56424
71901
21148
58025
71257
71734
35710
35744
84482
84455
84440
44113
47892
47448
61005
85700
64490
63458
53723
35614
90033
85648
94312
91064
91064
33206
33089
33097
69805
57504
69805
90246
65836
90294
20776
20776
21593
21211
20679
20678
21149
20678
20678
73779
73646
73785
73540
73806
74765
74047
75203
75203
75206
75206
75206
75206
73773
73540
54910
89705
54938
55089
56474
55110
53885
56589
84295
82138
82138
84473
44580
44569
45735
44569
44580
45739
56599
56594
69947
56586
56605
49299
56605
56748
53864
56609
56609
21149
43461
44219
87528
87520
95155
87520
87530
26380
26380
86520
27052
87520
94402
50489
47435
47491
47134
47120
61243
73437
74551
75571
75571
75563
49332
44215
25617
25697
31315
32213
42001
33507
33554
55904
55904
55904
55901
95160
93645
33519
94312
46337
46337
84526
70755
75566
75563
84491
94897
93347
92377
93347
94999
25089
22898
22685
22810
22564
31495
86805
86805
84482
84473
84473
84487
54780
59531
48773
25418
94450
54867
54905
54904
90308
95435
94251
55016
55027
91458
69325
84462
84462
73657
81031
77481
73763
72531
69325
69325
69316
56609
91480
45645
91175
95221
84544
84544
47977
47130
45653
86805
84462
75557
75557
75557
62441
54470
39049
35506
38748
35287
35433
35392
35414
40368
43854
94402
43854
33521
94060
91629
27038
65217
45920
76105
3404
90318
88477
45914
57621
55901
89910
54865
54880
30012
92357
94728
93319
91277
93316
88723
88723
55070
94450
92924
86805
86805
86805
86805
45739
44580
21149
33881
33886
62424
62424
62424
62442
62441
86064
54480
89072
94877
94875
94430
95448
40422
90739
40422
45366
45366
94338
60055
60055
60055
30828
83352
83352
29999
83352
80379
95161
95161
95161
26452
26365
26522
80379
70354
56599
52676
71273
71156
87274
71152
62634
37650
37794
86582
81041
86588
93315
68429
95160
33476
81017
85230
46878
43845
20437
20400
57582
91107
91368
20380
20380
20171
20509
41035
84544
87809
90130
88207
83496
33197
91629
95221
84447
91629
95221
86805
86805
86805
87312
87314
87312
20449
93824
71580
71590
71585
93466
71585
52768
53716
53723
69805
87537
87537
88814
87535
91127
93466
33468
42916
84487
53723
53709
53718
52081
52059
51608
51912
51929
55586
60065
53723
53656
52186
52768
52109
52946
52976
85482
56698
39983
38621
56663
40219
88564
27038
87520
45914
50941
26366
50941
47171
47374
62442
62424
47364
47337
47434
47337
47155
61243
76682
76912
75300
75458
77477
22561
53723
89078
85754
60012
89922
55448
95319
80426
88775
90019
51833
51270
51076
51425
51434
56355
52359
52564
51255
51278
52402
51919
55621
51281
95222
95222
51381
51327
52233
84409
93471
69805
91224
93052
54165
69805
95222
84526
75458
75458
76720
76674
75561
72626
75458
44061
44142
44639
43712
39067
42887
61243
79310
76105
91365
93917
94062
22411
52356
52525
52525
54165
40584
93316
91366
33479
88185
87528
57006
64967
93629
24449
31984
80760
37762
55901
95155
93645
93645
87288
95155
87528
87528
40219
93347
33202
44113
91277
57621
76682
76598
76657
89776
95172
29933
15592
15308
41443
42936
60342
60342
59429
60342
71160
71165
91152
71256
88803
87738
87274
71172
60253
60279
71257
60253
59834
58607
60329
21454
21333
20174
89776
43027
79161
69735
26309
61243
45920
3396
3120
80230
62447
45796
91369
94041
94034
93595
62424
35537
35531
87314
84529
38871
38869
50955
38763
89307
90337
89316
93750
89309
41995
38968
38860
38224
38107
37850
38264
37325
93683
55954
26975
61243
39005
36095
37960
35294
35288
89936
95161
35242
43158
34184
43206
41731
29313
62442
62442
62424
89113
76950
21639
35169
79975
13749
61952
61980
62024
68313
71790
83954
35295
89249
