4975
1415
1905
1844
756
6456
4658
4632
4659
1121
3320
1122
3654
3573
4533
4633
4485
4630
2294
2293
3690
415
6745
6744
6739
2929
3124
1782
6767
6739
4661
4661
4516
4528
4515
4993
1318
592
1873
3019
888
4659
4937
4465
703
655
939
831
1795
1796
1455
6486
6482
6850
6824
6778
2838
5514
5511
3342
3341
3341
1572
1547
1572
609
743
1950
1950
2977
933
1696
1703
4408
4408
3808
3645
3513
3746
203
209
458
447
3901
658
2174
6740
6740
6744
6705
6742
3160
1784
6741
6765
6744
6573
4167
4426
4333
4304
5259
744
1863
783
1448
4452
4364
4363
4198
5276
6366
4446
4448
4448
4672
4434
4433
3714
3739
3919
4402
4691
5264
1572
1702
1702
4532
3342
3341
3339
1314
610
1493
1494
1486
680
665
4630
4671
4499
4499
4533
3563
618
5673
3026
1603
1603
4442
4469
1889
1887
3557
3789
3387
3437
3425
6742
3153
1804
861
4953
4402
4399
3159
3295
604
1292
591
6433
3398
3443
3344
3747
275
177
255
3343
5733
1854
10
2481
6768
6735
3079
3585
3443
3348
4352
3111
3343
3341
151
856
5496
5496
5583
5122
5178
5117
272
1055
1073
1053
4725
4231
4232
4335
6552
4334
3614
112
7
190
4347
6383
4347
5267
6572
6381
6552
6551
4296
176
298
3809
5034
5119
5034
4335
1060
1057
1059
1438
970
1461
971
1151
1150
2814
3075
3496
3389
3412
3417
4798
4780
3126
948
1014
2054
2132
2192
6486
6486
6486
6511
5537
2971
750
812
460
2827
3338
1051
1062
999
906
5271
6486
6486
6478
822
171
170
271
411
5196
5079
5196
3338
3305
5263
6567
410
4928
1782
1786
6470
5343
5283
2
252
183
3514
865
864
5268
340
304
1064
2490
922
1203
1329
4449
4390
4934
6478
4809
4458
846
800
1016
1326
4352
3124
1440
2827
257
4933
1006
1065
261
136
165
133
1457
951
965
253
3298
3333
3200
1147
1028
3341
3343
4449
5034
5119
4927
753
1054
1011
1458
1462
5034
952
911
3545
3027
4239
4239
4515
4442
3074
4782
4182
4284
4241
4380
4440
166
178
248
4392
3475
1072
6556
249
197
528
182
3063
388
162
3016
1179
1103
3409
3439
5119
4387
3658
3661
3686
4359
969
1458
1014
3027
5410
5412
5495
4409
1005
1067
6569
6569
3015
3368
3338
5583
1048
423
88
6478
6484
5347
5287
1044
1021
1170
1371
1178
2152
2055
2192
6494
3841
143
41
4930
3460
3388
1056
975
1823
1013
1188
2927
2928
4758
178
5269
2965
2937
2964
63
1046
3137
3138
3111
2965
1435
1839
2965
3720
3466
3432
3211
1013
6519
5329
3334
3367
3403
6316
897
6501
4691
5266
6318
2293
1839
5321
2977
3871
1042
1839
4313
2959
2293
2019
2022
2024
412
2482
3305
1441
1000
1016
4731
4693
3811
3444
3406
3431
3450
3344
1004
233
234
1010
3091
3085
2481
2972
2935
2936
3169
6262
837
837
4708
4402
45
920
862
3776
3775
3751
2490
1809
4451
3537
5412
5521
2960
2962
3541
3368
5115
401
256
701
3561
3806
3864
5079
5079
3781
3870
1163
1500
1790
306
878
946
875
2964
4227
1019
5196
5196
4937
6547
837
976
5196
5196
5198
2482
2019
5142
837
2482
1452
1226
1498
3745
6608
4623
6730
3562
3527
3909
837
5116
4622
6723
6723
3161
1498
4531
4531
2490
2789
1173
1172
1479
905
4327
19
82
1008
2481
2481
4955
4145
4154
2960
758
758
2965
760
1200
1506
1443
1401
5142
4006
1368
6347
1763
1369
742
962
4252
4749
4441
4436
3023
1043
4417
6318
6316
5142
4436
4438
2873
957
1145
1142
5495
5410
5496
3164
3771
4330
4330
5414
794
1415
740
1230
1876
1831
758
2958
2482
1264
1229
977
3898
4553
4538
4556
905
2490
3081
837
3082
6316
4768
5034
5079
2132
2938
6297
4377
4285
1149
3454
5412
6721
4618
4496
4641
4573
4609
5034
4537
4529
837
2490
221
205
994
4210
5118
4573
4609
1519
4673
4291
837
837
4313
4617
2294
2964
993
1028
1142
5583
188
4752
4960
1376
3320
5198
4599
4623
6383
4496
2481
2053
2294
2293
1839
6724
4623
1172
5115
4373
959
3606
4962
5196
5402
6608
4993
5196
6383
3522
1385
779
5002
5004
5198
5193
5214
5178
1184
1467
1467
4857
4856
4596
4611
837
269
4851
4863
5142
5079
1650
1667
1650
1174
1174
6780
6802
1084
1135
2988
1543
1736
1736
1665
1175
1086
1113
772
1021
4956
837
6692
837
837
3099
6736
2897
837
837
4860
4269
5178
4800
6478
3459
3454
1182
1472
6480
6479
5142
837
4618
837
1185
250
399
392
6800
6692
837
1175
1145
1136
6782
4238
1130
1234
1133
414
1665
4952
837
5402
6756
3865
837
3021
6478
1651
4863
4744
4717
6692
6692
5144
363
5204
5218
4649
4673
1234
6825
5141
5141
3731
3944
6870
3012
4723
4078
4780
2074
1953
1953
2286
1603
1572
1572
4856
1603
1603
1572
700
6535
3398
4828
4954
4411
142
4871
6692
5142
363
1146
1234
4880
254
6441
1809
837
4885
6281
780
6479
2053
837
6479
4828
1953
3172
6695
6740
1078
4979
4568
4549
4536
1233
4637
4485
4485
4890
4267
4855
148
146
1075
1650
1664
1653
6823
6851
6809
1373
1159
1511
4482
4483
1670
1670
837
5358
6469
4586
4557
4559
4482
58
363
4638
1136
1387
1736
2482
4664
4558
4554
4585
3653
2482
2482
2481
4190
4558
4639
4670
4537
4486
4669
2019
2022
4483
1128
6692
4999
1111
1533
3760
3761
445
3762
6764
6840
386
3011
5324
4572
2019
4983
4569
837
2022
1670
3320
4541
4718
254
4943
1670
2482
2482
5583
1911
3009
4992
1383
837
50
4993
1638
1399
837
1669
1383
5270
1383
1412
4281
350
1736
6340
14
1525
140
147
1155
1124
1471
4888
1108
1409
3334
6331
5231
4891
119
115
378
6390
4331
6543
6371
6522
5227
5249
5248
1785
1277
4917
4152
4375
4264
4915
5292
6485
1650
6772
1651
3021
6474
6782
6611
385
6406
6866
3649
3880
6740
635
638
837
5699
4804
4959
1650
3690
3684
3683
3675
3675
5254
4317
5255
6524
837
837
3320
3689
837
6473
414
1703
6373
6768
3671
2880
5702
3681
837
3015
4529
3519
5583
1731
1731
6320
4846
2152
1703
3671
3677
436
5253
6366
3891
6330
6331
4810
1480
4845
1481
1953
1950
1091
1479
6827
6744
1154
1153
4121
6747
3342
386
4587
4529
4514
4584
6821
4941
4939
4947
3433
3679
1950
1547
4873
4981
6877
3402
1770
4674
4661
458
4674
4661
6860
1528
4124
6784
3396
3211
4139
4086
6295
4130
3398
4528
4671
825
5294
1696
6855
3305
6536
4329
3508
4628
4446
1333
1702
416
6756
102
2824
3479
6821
837
1547
1252
2922
1514
2926
1512
2912
3101
2910
3115
2917
3112
3112
1482
801
3784
2919
2097
3785
3695
3783
1205
3766
3893
4629
4437
4658
4658
4658
4658
4658
4531
4505
4537
4633
4633
4633
4632
4632
4632
4630
4632
4632
4674
4674
4660
4660
4661
4661
3190
1122
3192
1077
1076
1075
1076
1374
1375
1375
3192
3320
3325
3325
3334
3325
3333
3210
3200
3320
3192
3192
1122
1119
1077
1078
3571
3569
3571
3575
3613
3569
3566
3567
3654
3651
3657
3659
3659
3659
3568
3796
3616
3047
3053
417
3575
3575
4533
4499
4533
4843
4499
4559
4499
4499
4533
4532
4533
4504
4658
4633
4442
4514
4515
4633
4515
4528
4485
4485
4485
4485
4529
4632
4630
4514
4441
4438
4441
4438
4631
4630
4630
4630
2276
2054
2276
2192
2490
2490
2490
3762
415
3763
415
415
250
414
414
3763
3763
3763
3689
3689
3690
3690
3762
3762
412
412
251
251
250
6739
6743
6741
6745
6766
6801
6768
6769
6807
6764
6745
6738
6744
6753
6740
6742
6740
6742
6744
6740
6744
6742
6739
6745
1781
3123
3123
2915
2931
3125
2929
802
2911
2912
2911
2911
2910
3124
3124
3124
3098
3098
1781
1782
1782
1783
1783
3020
6765
6767
6800
6801
6771
6740
6742
6742
6744
6741
6743
6766
4661
4661
4532
4532
4496
4660
4660
4660
4661
4661
4661
4516
4661
4516
4531
4532
4498
4528
4992
4528
4993
4992
4993
4992
4528
4515
4515
4442
4515
4514
4440
4514
4514
4529
4528
4993
4993
4485
4483
4485
4485
1894
1317
1864
1242
1319
711
610
1536
1536
586
586
1308
1299
1300
589
1809
1900
1900
1295
1896
1291
1897
1898
1874
3009
1865
638
1865
3011
3020
3019
1249
1252
2834
1251
797
802
6547
4433
4937
4461
4673
4442
4660
4516
4661
4516
4661
4660
4660
4937
4464
4464
4447
4447
4448
4392
4448
4444
1300
703
1280
1280
153
1320
151
1321
571
1428
701
678
678
655
677
632
634
631
2833
2833
657
657
706
1450
940
3155
940
847
1795
2916
1791
831
2917
831
801
823
817
1447
808
3087
1792
1791
868
823
1455
1323
1322
1229
1322
3130
6483
6482
6482
6487
6487
6330
4102
6486
6486
6492
6491
6478
6478
6478
6478
6478
6483
6481
6485
6324
6777
6778
6855
6774
6775
6773
6809
6846
6851
6823
6866
6860
6860
6825
6825
6777
6776
6779
6781
6774
6780
5514
2838
2838
1268
2828
1493
2844
1494
1494
2835
1251
1250
2838
2838
2827
795
6296
4214
5519
5519
1886
5599
1890
5733
5512
5459
5511
798
3341
3343
3343
3343
3339
3344
3344
3366
3346
3365
3342
3343
3343
3338
3305
3305
3272
3305
3338
3341
3343
1571
1572
1571
1912
1912
1703
1912
1912
1572
1571
1571
1603
1548
1548
1950
1548
1548
1547
1571
1571
1572
1912
1912
1703
743
804
818
804
1313
825
1313
220
1314
821
821
712
784
744
805
1548
1953
2243
2110
2019
2113
2113
2019
2113
2113
1950
1548
1866
1237
4238
4238
5673
5673
2977
2977
1286
1284
740
740
761
756
2959
869
933
3134
3129
1230
1739
1695
1651
1652
1650
1667
1667
1702
1912
1739
1739
1667
2482
2490
2482
2482
4408
4806
4807
4806
1329
1329
4240
4238
4240
4408
4408
3808
3818
3817
3951
3647
3647
3645
3772
3645
3761
3678
3678
3678
3677
3678
3646
3648
3514
3515
3516
3516
3746
3745
3745
3772
210
211
213
426
815
827
827
212
213
258
206
186
201
398
362
527
174
150
174
150
173
207
299
207
219
3902
3902
447
3901
3894
3894
458
458
458
401
447
447
400
446
464
3903
3768
3698
3898
3889
1482
664
666
679
858
1449
3158
2490
2293
2294
2174
2192
2490
2192
2192
2174
2276
2052
2053
2152
2054
2132
2192
2293
2490
2293
6705
6692
6692
6692
6692
6692
6695
6695
6740
6742
6740
6753
6737
6761
6760
6754
6762
6761
6744
6742
6705
6692
6692
6692
6698
6705
1784
1786
1786
3100
3099
3099
3100
3159
4330
4330
4330
4330
6523
3160
1784
5247
1784
1785
1782
6739
6743
6744
6742
6744
6738
6743
6807
6745
6767
6769
6768
6801
4194
6386
4923
6384
6571
5261
6573
4387
6573
5263
6574
4343
4343
4168
4152
4151
4154
4144
4144
4166
4425
5260
5259
5258
4122
4165
4289
4318
6375
6376
5258
5256
4305
4297
4298
6551
4299
4424
4934
1240
1811
1810
2973
3011
1862
3012
1882
1850
2890
2880
1817
1229
3130
3131
1448
3087
4364
4974
4392
4395
4930
4441
4442
4442
4442
4439
4444
4359
4360
4364
4364
4974
4973
4973
4973
4973
4972
4395
4198
4198
4198
6367
6464
6401
4198
5275
5276
6339
6341
4235
4704
4785
749
4198
3024
4966
4379
4448
4446
4446
4445
4446
4464
6547
6547
4433
4446
4446
4446
4460
4936
4389
4388
4389
4391
4335
4336
4337
4448
4433
4434
4434
4672
4673
4842
4842
4842
4629
4435
4387
4432
3814
3813
3717
3726
3737
3724
3737
3812
3716
3685
3685
3888
3713
3900
3733
3897
3697
464
3816
3815
461
424
3165
829
3945
4315
5267
4924
4400
4924
4386
4386
4386
4451
4836
4988
4402
4400
4399
4691
4691
4691
5267
5267
6568
6568
6381
5264
5264
4933
1702
1912
1912
1912
1572
1571
1571
1603
1571
1571
1572
1912
1912
1702
1664
1664
1651
1664
1664
1665
1664
1664
1702
1912
2989
5503
798
5503
4532
4532
4532
4499
4499
4496
3343
3339
3343
3344
3346
3407
3398
3407
3344
3342
3339
3343
3341
3341
3338
3338
3338
3341
3343
3339
3344
1281
1486
1493
1485
721
722
2835
1492
1484
2831
2831
2832
919
856
857
858
2922
1483
3479
3477
1346
1345
920
4674
4842
4674
4673
4673
4674
4499
4499
4499
4541
4559
4540
4557
4540
4540
4499
4532
3611
3563
3652
3651
3653
769
766
2828
3026
1203
1203
2846
925
2828
3026
3026
3026
3026
1571
1547
1548
1548
1950
1548
1588
1953
1588
1588
1603
1571
2881
2890
1825
2893
2895
1852
3555
3554
3596
3389
3387
3388
3460
3459
3459
3427
3387
3394
3394
3437
3207
3207
1130
3188
1134
3207
3189
3201
3437
3396
3395
3415
3454
3454
3467
3467
6695
2490
3154
2923
3153
2923
3153
3161
1806
1806
864
1207
1207
1276
913
913
1205
1803
3156
861
862
862
917
862
1337
860
3508
4399
4402
4402
4953
4649
4649
4708
4646
4649
4953
6556
4402
4731
4731
4731
4693
4399
842
3159
4731
4327
4330
2293
3295
3298
3305
3295
3295
3298
3295
3272
3272
3305
3341
3338
3341
3338
3272
1296
1297
1292
1300
667
762
760
760
2956
741
1200
1402
605
591
589
700
700
697
698
6340
5280
5272
6432
4294
4302
3921
3438
3346
3440
3345
3404
3404
3449
3448
3452
3451
3452
3448
3449
3404
3440
3346
3345
3345
3314
3343
3343
3638
3748
273
275
177
255
275
275
275
250
177
178
178
172
177
171
273
273
252
252
254
255
255
3338
1852
3012
1833
1851
1851
1440
10
10
10
156
156
156
194
157
359
114
116
262
237
13
16
16
269
3855
3861
3533
2481
2481
2293
2490
6771
6800
6735
6726
6727
6725
6733
6819
2873
2813
2814
2813
2814
3067
1837
3067
2964
2963
2963
3604
3602
3606
3750
3609
3448
3409
3445
3408
3438
3399
3346
3345
3111
3111
3111
4352
5268
4352
4693
3112
3115
3115
3112
3112
3112
3111
3111
3111
3116
3111
865
3343
3343
3341
3341
3272
3305
3305
572
1428
3068
701
175
149
175
145
296
308
285
3069
1840
1839
1839
1839
2962
1840
2964
2964
2965
2965
2965
2965
2965
2965
1840
1839
1839
1839
920
921
1204
2921
5549
5549
5496
5583
5549
5549
5496
5569
5569
5402
5569
5569
5402
5569
5569
5496
5549
5549
5583
5702
5583
5699
5702
5702
5583
5117
5117
5120
5037
5037
5034
5037
5122
5117
5219
5106
5205
5142
5102
5102
5116
5117
5117
5118
5037
5037
5034
171
272
180
184
252
1071
1071
1073
1053
1055
1013
1055
3475
1074
1072
1072
1102
1101
1101
1078
1102
1068
1073
1068
1068
1068
1054
1053
1011
4231
5273
4199
4232
4272
4270
4270
5283
5343
5323
5323
5323
5325
4723
4724
4724
4199
4096
4721
4794
4794
3732
4794
4292
4293
4746
4334
4746
4334
4337
4335
4746
4746
6552
6509
6509
6515
6516
6535
6519
4712
4974
3606
2806
137
8
1
3
5
189
109
4348
4347
6382
4403
4404
4821
4406
4407
4344
6568
6385
6382
6572
6569
6383
6383
4348
6383
4345
3501
4403
4809
6568
5267
6572
4152
4342
4297
6551
6511
4746
4431
4431
5254
5256
5252
148
3729
3688
4059
4062
3730
4808
3661
3662
3688
3687
3688
3666
3666
4789
5037
5034
5037
5078
5078
5079
5078
5078
5034
5037
5037
5119
5108
5219
5142
5108
5108
5119
5122
5122
5034
5078
5078
5079
1059
1060
1060
1017
1016
1015
1016
1523
1524
1062
1524
1525
1527
1079
1526
1079
1080
1058
1059
1150
1150
1149
1017
1014
1436
1438
2934
2932
750
751
1463
970
1463
972
973
974
973
983
983
1169
1463
1461
995
991
994
1461
1461
1461
1462
852
852
1264
903
851
6251
1153
1153
1177
1151
1150
1371
1370
1019
1149
1147
3496
2814
3075
3075
6502
6501
6502
3496
6501
3497
897
2935
2935
2935
1837
3412
3396
3414
3417
3394
3425
3467
3425
3432
3457
3431
3449
3411
3405
3418
3416
3433
3434
3211
4721
4200
5007
4780
4073
4788
3936
4310
4762
3731
1188
3126
3126
1188
1187
1187
1174
1464
1032
3126
959
962
962
962
949
946
949
948
948
1369
1188
1185
1042
1014
2294
2132
2132
2152
2052
2286
2293
2293
6486
6486
6486
6322
6318
6486
6484
6486
6486
6484
6486
6486
6491
6486
6486
6486
6486
6329
6329
6321
6525
5253
6526
93
75
2938
2934
2935
2971
2938
2971
3027
2998
753
753
753
294
3021
3021
996
999
1063
1000
1000
1003
1003
1050
1051
1066
1063
1063
1061
1523
1522
997
997
851
851
906
974
6486
6331
6486
169
170
163
172
166
165
159
160
162
198
168
270
181
180
179
411
233
3166
5033
5196
5033
5056
5056
5029
5029
5196
5033
5033
5079
5078
5078
5034
5078
5078
5079
5033
5033
5196
5029
5056
4933
4933
4934
2481
2481
4388
4936
3022
5291
6470
4126
6470
6469
5324
5324
5343
6471
5294
6348
4728
5349
4728
5313
135
1
134
236
235
6
105
253
253
254
254
254
179
183
388
3674
3674
3673
3649
3517
3617
1808
865
865
3104
866
1498
863
863
1277
5268
5268
5269
238
239
237
240
305
1183
1183
1091
1081
1082
2293
2847
1329
1329
1328
923
2824
924
3026
3016
4936
4936
4387
4934
4927
6479
6478
6478
4807
4411
4410
4410
6877
803
846
2919
1014
1015
1043
1327
3505
3115
1439
1439
1545
226
1004
1006
1005
1005
1070
1052
1065
1067
1181
1182
2898
378
376
195
137
136
135
47
420
163
164
133
259
259
260
951
1457
1456
964
1360
1452
1454
969
966
966
1456
951
954
951
952
952
953
1143
910
912
909
1226
388
391
392
392
392
3405
3419
3335
3334
3325
3320
3210
3200
3322
3322
1123
3322
3207
1042
1028
1018
1018
1148
1028
1028
956
955
955
3343
3345
3346
5079
5078
5034
5037
5037
5115
5108
5108
5142
4398
4437
4398
4450
3027
3016
3016
837
837
837
3885
3883
3879
3940
1083
1069
1067
1069
1070
1009
1009
1010
1010
1011
1013
993
969
966
969
969
1458
1462
852
852
3082
5078
5198
5077
5077
952
1142
1142
1142
1143
1368
1366
1366
1367
1500
269
269
28
315
312
4239
3016
3027
3027
3016
4239
4239
4241
4378
4240
6307
4240
4440
4185
4185
6334
4182
6275
3074
6334
4790
4781
4781
4080
5270
4081
4777
4182
4183
4241
4380
4378
4754
4753
6313
6302
4378
4957
6477
4238
6457
5296
5231
6328
4133
4134
4930
4439
4439
163
163
248
251
248
413
413
413
413
249
1048
3474
3473
3474
1056
1074
1099
1100
1100
4953
445
200
1765
375
374
363
389
387
3063
3172
185
396
396
3027
3016
4238
1049
3473
1371
1371
1371
1103
1372
1104
3452
3431
3412
3410
3419
3405
3404
3368
3438
5144
5148
5148
5119
5122
3661
3657
3660
3660
3781
3719
1519
1452
3150
1209
3084
378
363
363
1029
4084
5441
5569
5410
5496
5569
5425
5410
5029
5029
5196
5029
5029
5196
5029
5402
5583
5549
5549
6876
4409
4409
1005
1469
5266
6572
6569
5266
6569
6569
6383
3368
3403
3404
3406
2192
5496
5549
5549
5583
5702
5702
1044
1044
1021
1021
1173
1021
1018
401
400
227
227
282
281
94
102
101
52
51
244
86
44
85
6484
6478
6478
6484
6460
5353
6406
5319
5350
5315
4914
4202
1173
1021
1044
1173
1045
1046
1044
1045
1045
1168
1021
1032
1031
1032
1174
1173
1023
1023
1018
1027
1027
1177
1156
1372
1373
2276
2276
2152
2276
2152
2265
2022
2265
2265
2022
2265
2009
2052
2174
2293
2192
2294
2192
2132
2294
283
56
141
144
57
245
42
42
4398
3467
3467
3454
1045
960
959
959
977
3012
1185
1185
1186
1186
1174
1802
1801
1512
869
4450
837
5266
5266
4693
837
837
837
837
837
2965
2965
2936
2936
2935
2936
2936
2937
2937
2965
2965
2964
3874
54
281
3092
3137
3111
3092
3091
3137
3095
3095
3093
3093
3112
40
837
837
837
837
837
837
837
837
837
837
837
2964
2964
2937
1839
1840
2959
1840
1839
2965
2965
3735
3735
3721
3722
2481
3455
3466
3416
1125
3193
1128
1168
6535
6535
4731
6527
4170
4767
5009
4824
4161
4192
4093
5305
6405
4208
4244
4771
4134
4227
4134
3403
3402
3402
3402
3402
3367
3365
6314
6316
6314
6316
4827
4827
6478
6480
6318
6314
4693
4731
2293
2490
2490
2962
2960
2960
758
2962
2962
6417
6365
6416
5244
955
2960
2962
2960
416
761
2490
2490
2024
2024
2024
2024
2019
2113
2113
1950
2113
2019
2024
2265
2265
2265
2265
2009
2097
2024
2024
2073
5232
3760
3806
2482
1876
1441
1446
2896
2896
998
997
1004
1518
1520
1026
23
349
4731
6536
4731
4327
4731
3810
1008
1008
233
336
233
1010
3112
1787
1788
1787
3632
3931
3848
3079
3856
3628
3844
3752
3969
3905
837
837
837
837
837
837
837
837
837
837
837
4451
4450
4450
4436
277
18
1333
3749
3624
3521
3669
3778
3779
3525
3528
700
589
460
67
4437
837
837
837
5441
5410
5029
5029
5196
5549
5496
5441
760
760
742
761
761
2960
2961
2482
2481
2481
3401
3366
5118
5115
5108
5108
5142
401
399
188
187
701
3578
3759
5033
5033
5196
5033
5033
5078
5079
5033
5033
3667
3780
3886
1160
1162
1517
1517
908
878
1501
1501
1480
3102
1788
1793
907
875
907
876
876
3135
947
1368
961
961
874
873
873
1478
2964
4754
4131
6313
1172
5029
5412
5029
5029
5196
5033
4937
4660
4673
4937
4673
4673
837
837
837
837
837
837
837
837
837
837
837
1022
5033
5198
5033
5033
5214
5077
2481
2490
2481
2482
2482
2024
2024
4858
5207
4856
5207
5207
837
837
837
837
837
837
837
881
881
3164
6722
6611
6722
6792
6728
6781
6729
6610
6608
6592
6592
4623
4564
4847
4846
4847
4644
4849
6590
4609
6596
6596
6730
6786
6786
6788
6784
6827
6785
6776
3668
3882
3707
837
837
837
837
837
5141
5137
5108
5115
5117
6723
6592
6592
6579
4621
4948
4601
4584
4601
4601
4622
6588
4622
6592
6592
6724
6726
6736
6726
6610
6724
6592
6592
4618
3508
3161
345
346
120
125
1173
1173
1172
1175
1172
1172
848
3134
960
905
848
4330
343
341
228
4955
6294
4153
4955
6292
4959
4958
6294
4804
4119
758
760
760
2963
1287
1287
3590
1444
1400
1445
1342
1409
1413
791
1234
790
1543
1507
1831
1875
1861
1861
1509
635
1342
1341
4715
4715
4860
4858
4858
1369
741
4251
4211
4749
4675
4751
4962
4751
4748
4438
4438
4514
5246
6374
6475
6474
3503
6316
6315
6315
6316
4084
4112
6319
6480
4828
4828
4827
4827
4828
4827
4827
4857
4438
4628
6334
1145
957
1146
956
1144
1146
1144
1145
1145
1145
1185
1369
5441
5569
5410
5583
3761
3761
4329
4329
6524
6536
791
1233
1386
1387
1386
1382
791
779
779
1234
1233
1387
1831
3011
638
779
778
1503
3691
3889
3893
2110
2110
4555
4556
4555
4571
4667
4943
4667
4552
4538
4537
4538
4538
4537
4539
4496
4554
4570
4571
4572
837
837
837
6479
5037
4376
4288
6295
4287
4211
6295
6295
4732
6546
6546
6388
4377
4375
4376
4376
4290
4285
4209
6729
6608
6722
6592
4617
4613
4616
4939
4616
4615
4540
4644
4641
4845
4642
4638
4642
4576
4639
4576
4576
4573
4594
4594
4536
4487
4482
4482
4528
4529
837
837
837
837
5702
5702
5657
5657
4209
4120
4805
4963
4997
4575
5000
4574
5003
5003
4609
6578
4374
4331
4332
4289
837
837
837
4015
6596
4617
4614
4613
4595
1146
5702
4960
6290
4957
4959
1374
1158
1159
3321
3322
4584
4601
4563
4589
4563
4564
4623
6383
4540
2174
2097
2009
2055
4846
1146
5141
6390
4374
4374
3706
3702
837
837
837
3794
6728
6782
6611
6596
4485
4485
4486
3519
1673
1673
1736
1673
1675
1387
1381
1381
4567
5000
4579
5001
5003
5004
5122
5122
5178
5119
5148
5148
5204
5148
5148
1467
1467
1184
1465
1184
1069
1112
1114
1135
1135
1129
1132
1132
1467
1465
4279
4854
4269
4854
4855
4884
4855
4884
4568
4580
4938
837
4715
4859
4852
5207
5207
4856
4879
6283
4979
6283
5012
6356
5366
4742
4863
4715
4715
5142
1651
1650
1749
1749
1670
1749
1749
1651
1651
1650
1749
1643
1670
6778
6779
6775
6774
6772
6844
1069
1113
1116
1116
1133
1543
2898
1543
1543
1379
1234
1395
1390
1234
1636
1636
1749
1749
1638
1674
1673
1736
1636
1636
837
1186
1116
1136
837
781
1384
781
1413
1412
1412
1508
1539
1845
1510
4959
6692
6692
837
837
837
837
837
3115
6819
1234
4715
4718
4280
4279
4282
4274
4765
4266
4268
4790
6479
837
837
1092
1127
1127
1110
1093
6479
6479
6479
4715
4947
3874
458
2482
837
837
6804
6771
5232
6692
837
3192
3200
3192
6824
3878
3881
3710
3709
3682
3786
3692
3712
1235
1235
1670
1235
1235
386
2482
1636
1653
1664
6807
3024
6481
6481
1664
1651
1749
4745
4864
4745
4715
6360
6440
4743
5365
4744
4745
4887
4718
4715
4715
6692
6692
6692
6692
4856
5207
5204
1235
1235
6860
6860
6860
6866
6855
5007
5324
5324
5334
5335
5357
4797
1953
2243
1953
2110
2110
2073
2024
2024
2024
1603
1592
1592
1603
1555
1572
1571
1571
1571
1912
1702
1912
1572
4883
4883
4880
6526
6538
6543
6536
6479
138
53
4885
4883
4890
376
363
1669
1235
4820
4818
4820
4819
4874
4918
385
385
385
4978
6355
4914
6445
4834
837
4885
5013
4980
4889
1382
2482
2482
837
2482
2482
6740
6695
6695
6705
6742
6740
4919
378
4549
4548
4548
4551
4548
4548
4549
4483
4483
4483
4483
4483
4536
4536
4551
1674
1235
837
4524
4637
4558
4546
4640
4640
4558
4558
4559
4558
4486
4483
4485
4543
4543
5305
5304
4818
4983
147
155
1652
1650
1651
1636
1749
1911
1739
1702
1614
6846
6823
6855
6866
6853
6846
6842
6849
6821
6770
1156
1087
1158
1105
1124
638
4482
5306
5358
4129
4772
4114
4773
4124
4123
4123
4560
4560
4558
4585
4588
4587
4587
4582
4586
4557
4570
4559
4559
4558
2482
2482
4589
4585
4569
837
4670
4940
4482
4992
4942
4940
2482
837
1532
1532
1530
1089
1529
1094
1105
3760
3675
3760
3675
3675
3690
6770
6841
6838
386
386
3787
638
4582
4582
4583
4942
3434
4281
386
1676
1669
1749
5699
837
4528
1413
1382
1676
15
1749
1639
1676
1674
1676
1736
1749
1749
1653
1413
1383
3575
4276
1653
1088
1088
1087
4262
4905
6330
6326
6326
4193
4127
6389
6389
5248
6545
6544
6371
6371
6525
6378
6378
6544
6544
6522
6524
6370
5247
5249
5247
5245
5322
5336
5337
6455
4138
4137
4128
1652
6769
1664
6473
4966
6785
6784
3766
3766
3764
3765
3765
6860
3672
3672
6719
837
3683
3683
3683
3676
3689
3784
3784
3784
3684
3684
3684
3683
3680
3676
3676
3676
3677
3787
1912
1731
6770
3680
3680
3671
3782
3681
1547
1571
3694
915
1513
915
1451
1548
6827
6860
6860
6745
6841
5322
3767
4629
1802
2913
2912
2919
2913
3112
3764
3696
3767
