145600
145600
145613
144717
145429
145375
145525
145851
145429
145849
144716
145526
144858
145855
155056
184554
145014
187542
145974
146111
153737
174447
174498
155058
151874
151897
144519
174544
144564
174536
145429
144716
186918
184384
182841
151854
184383
174199
145140
145143
187217
166842
153736
182841
144344
186918
145696
174676
184384
174536
174443
145535
144853
145143
184383
184548
186927
145143
166842
151846
144574
153027
186918
144605
174632
186549
174536
185128
187301
174443
164868
174640
151872
153045
144497
174610
166842
174447
186914
187301
191152
174695
182841
174536
145143
177463
166842
146028
166842
191152
144977
174695
191152
145912
145913
186550
191152
174536
174610
177518
187301
148142
174666
148142
186549
174580
175186
145251
168823
155059
145355
174625
184383
144433
168823
188905
174527
191152
177464
144685
145143
177464
185128
191152
177518
174632
145140
185188
185188
174447
191152
174614
144452
189112
151846
174498
174536
174536
186918
153023
174625
186918
148142
186809
151864
191152
144568
174640
184041
174355
144509
174625
174614
145552
174632
182844
168823
174640
188905
175164
174527
186809
184044
144484
184383
174540
190023
174580
177518
166842
177211
185188
186809
145143
191152
177463
186809
152338
191152
177464
174614
174540
186809
144450
185188
174640
153045
191152
191152
182893
146045
189112
155064
191152
177518
187301
191152
174625
144565
177474
151846
144426
174610
145924
166842
184384
144770
145143
187542
177518
153741
144498
185188
174536
151876
144858
174493
187301
174695
145553
174666
145909
177518
182844
175164
184044
188801
146110
145143
191152
186809
145557
177464
144607
144685
166842
144471
189112
148142
186927
174632
184383
174580
175164
174493
174536
145249
184044
188905
174199
145902
185188
188905
177211
166842
175169
185188
186927
144497
174443
186927
191152
175126
191152
184383
187947
174447
191152
188905
155062
191663
187301
188801
189112
191152
185188
166842
184044
144565
145329
144450
144716
185188
191152
191152
187949
148142
174536
177474
186809
166842
174625
184044
144559
187947
174540
146072
177463
144985
144536
189112
148136
174493
174640
186812
174493
174695
146045
174199
151853
174625
174540
177518
145143
174576
174199
174443
145553
174640
191152
189065
185188
186918
175136
186550
174580
174632
174632
177518
177464
182894
184044
152344
144572
191663
166842
166841
174447
191663
145143
187301
188905
166842
174614
174625
174355
174527
191152
186915
184044
153732
152338
144562
174536
166842
186813
177463
166842
174536
144500
191663
191152
187947
144519
189065
155064
177463
145143
184044
174592
191152
166842
145140
185188
191152
185188
191152
145249
177463
189112
144580
174632
182899
184044
174610
174625
191152
174632
184044
177474
148142
166842
184383
145672
185188
191152
160478
166842
148142
177518
177518
185188
155123
145552
185188
153029
144980
144716
145143
186550
166842
174610
187301
175161
166842
174493
148136
148142
177518
148142
145909
186550
174443
177518
148142
187301
191152
191152
186550
186908
174498
145566
191152
144463
144569
148142
145910
182879
166842
185188
174610
187301
186915
145251
165874
161666
186813
188801
187301
152337
144450
184044
177467
189112
168823
175184
182668
189112
191152
184044
184044
145902
174625
181056
189153
166842
184044
186924
189065
145249
148128
145557
191152
148142
146038
182668
145913
174640
148142
144555
174666
145377
191152
155064
191152
145143
148128
177518
174199
175184
174625
152338
145140
145143
166842
174610
174527
184549
175184
152338
145249
144687
174498
189153
191152
148133
189153
177474
144980
174614
145920
148142
182879
145249
182668
191152
187301
174536
174632
146105
145143
174527
191152
165876
185188
145143
151852
186550
161665
189112
177464
174632
174676
145916
184041
148147
145916
174640
187945
145918
174540
145143
145902
145140
174443
145977
174536
186924
186813
177474
191663
145251
174610
174632
184383
174498
153210
187945
148128
144575
145897
145915
174640
185188
145140
155123
186924
168823
186550
145143
185188
177464
152337
174493
165877
148136
146114
174640
174632
147613
186924
177463
177464
174540
174199
186915
174527
174493
186924
145143
174447
146118
144570
144571
146041
174540
186550
174640
154066
174614
182888
174498
145143
174625
185188
145140
174614
174640
145143
186924
177210
152727
160489
144716
174625
189065
145140
145143
174443
145143
174614
174536
144595
153031
189047
153742
174610
144723
177753
175195
184557
145239
186901
174676
185188
185188
148133
174540
174498
146118
174632
174625
145064
174640
145249
174625
145143
145143
160494
146102
174527
151855
181041
174614
146071
154911
174614
144847
174540
174540
186550
177208
174632
174610
186924
180491
145140
148133
144716
186917
186917
148136
174614
186926
145048
174640
144847
174676
174614
174592
174614
174632
174632
145143
152338
189065
175184
174536
145143
174614
144987
174610
144854
154910
174625
175184
152338
144451
174632
148136
146116
174625
174632
154911
184383
182900
174493
152338
161664
174632
186812
174676
174493
174540
186924
174536
176758
145269
182871
183818
148128
174610
184689
145037
146058
174443
145054
152338
174632
188620
174610
181041
187948
174527
174632
145056
187951
174610
146101
174498
152338
145992
144585
182870
186550
186896
187948
146083
186926
174443
174676
148128
186909
177197
181049
179803
174536
148147
184844
146048
174199
187948
144470
174536
175184
189047
185188
175194
186813
145240
148114
153070
145022
145044
161664
152337
145040
144475
175188
186924
146099
148136
184572
174498
155925
174498
174676
189047
174498
146056
144597
187951
153049
186550
183712
153043
189621
176897
151859
146077
174676
187948
145038
148136
174498
161664
179802
174493
148147
145040
161664
186912
182878
174498
145269
186550
174592
186550
148128
176740
148111
189051
180218
175198
182890
145260
146054
152338
175250
188620
146086
163838
145255
181037
177578
153219
183713
161664
182749
184575
148147
146619
176871
188620
175194
148136
148133
153062
145255
153051
182749
186920
146091
174592
174592
182887
154920
176754
186813
153774
154930
177170
152338
187948
186931
177586
163686
186931
189074
176840
174592
176877
152552
189075
176749
177140
163835
187948
184842
186931
187948
157471
152338
148147
176749
174676
152337
158702
176863
176745
186931
182278
183831
177173
189074
153050
174676
176732
148133
189270
185175
177035
154930
166258
148108
176749
153059
176852
189075
152338
184842
182745
177951
175254
153077
148108
163838
163170
183716
180045
153181
177136
177153
187948
186925
183715
152338
148147
148133
180045
183715
182742
184999
148133
163173
189075
176742
162195
189074
187296
153622
177147
154922
148147
189074
181612
148108
176724
153065
153136
148133
183831
182743
163835
153084
163835
183607
166258
177136
176853
184844
176899
148136
148111
189075
185175
148136
166035
176849
183711
148108
177151
176723
176732
189075
153154
182746
168422
176775
148133
182745
153063
177142
153085
172744
182280
184980
185048
182771
148102
171397
177129
176724
182743
183713
181873
148107
183713
148108
154918
154931
163835
175211
176720
154926
189075
148133
188402
163835
184998
182283
176719
153166
189075
153088
177129
153145
182771
154926
153704
177161
179004
182746
182771
176775
148107
148144
171397
188167
176690
177174
153623
189075
156609
181351
148101
176697
186386
176856
185536
153090
153092
176697
181351
188167
148107
182747
148101
177122
177022
153101
186385
183712
191733
177169
182292
184993
148144
187202
148119
148144
148144
176697
153672
162195
176697
183715
175241
156710
153202
177007
183831
148119
153090
148096
182771
182747
154924
182773
182292
177126
148119
153620
185046
153700
182746
182281
187296
186420
156710
186386
182747
182408
153613
153195
184959
148096
156710
181351
148119
182288
186385
177008
176726
184972
177008
153115
176726
148119
177123
187202
153135
177108
148112
148100
148118
186386
184922
186385
148120
185020
183831
153117
148118
182746
156708
153485
186137
182742
177023
177023
183831
182755
182749
148112
153677
185536
190902
148115
187199
177062
181173
187202
177101
181182
148116
148112
187296
153161
153471
175582
187203
153677
148125
153119
153254
184918
187296
155463
186385
186421
148211
177209
148118
185047
185518
184944
175582
177179
182742
185531
184926
187584
185012
185007
155244
187204
182742
184947
153119
148258
153132
177188
187592
182288
155250
155244
182413
148211
182412
182412
187897
182288
182848
187296
153389
181172
184943
154358
181168
153213
155244
153257
187201
185517
156722
187584
182847
147934
184943
181163
153258
153188
148656
155249
186423
154358
186389
187577
153218
184896
147954
153211
187201
181186
153179
184896
185536
187197
187734
181376
154358
181218
148656
164474
155244
181376
147949
153237
187581
153188
182217
184896
155249
147949
178860
148176
182657
187199
147899
187732
182656
153360
157450
153258
153791
153396
181377
184230
189235
185532
185517
153241
181188
147949
181185
185532
187581
187197
182217
153604
148658
184492
153612
181377
156722
153604
182660
183241
179870
164474
182217
147819
183383
183393
187880
182660
153376
184237
166494
147841
147853
168558
153300
147809
177289
187733
190821
178862
153612
176045
187943
148094
148177
185112
148268
169034
183188
182297
178866
164474
153380
183114
168557
187813
191331
176227
184620
177273
176122
153661
184339
185124
153365
148242
153712
188153
153407
147779
148241
192006
184613
192006
158650
187562
189617
176324
155127
187813
176132
163760
188535
147800
176132
156624
147763
163197
148251
176131
175341
184626
175365
153601
176324
176264
177506
148249
185219
158649
188531
192006
172923
176268
157255
184611
154585
184615
156649
176276
164738
176265
192006
175991
157230
176268
154808
184619
176026
189030
185561
184624
147734
176404
184662
177480
187461
176235
147793
185212
167516
147781
175346
188102
154867
163390
148277
153664
167479
169605
188642
167769
148078
190594
163331
176369
184642
147727
157258
184648
176239
188112
190301
167528
175961
177628
190890
181293
176253
167735
185205
167727
147729
167558
176386
175941
148372
147708
167776
177439
158468
178740
167979
186153
179042
157680
157332
168099
147811
164920
176336
188943
176338
175971
176338
175951
147756
147709
190595
168100
184723
185494
185210
184658
176332
181294
147810
187131
161939
189432
167722
177585
185292
179040
167559
157264
172628
185494
176239
176016
186183
147731
148247
162136
147686
176341
188984
158433
190774
176164
178747
185295
159962
190595
177406
182250
148281
181385
157261
167701
191287
185304
190453
176341
175944
162033
176228
157685
171387
167916
167581
157280
178150
167678
148079
175929
168043
147696
176202
177398
176252
170872
189426
176216
170021
148253
167712
176322
148036
189809
147677
188875
170966
191287
181599
191949
191949
185309
185316
157348
147834
172634
176070
152529
147700
172642
184284
181324
190030
167959
147662
185276
175930
176074
189679
172562
190663
188580
185351
147670
148009
176201
175891
185601
180237
169652
178766
189809
176282
176203
170967
169637
176191
185268
148193
169660
168023
167654
147655
163836
161991
168065
163693
178301
191287
170961
167965
191949
191949
181995
176185
167693
180440
183180
182051
189739
146756
190929
189739
168042
175905
182846
181593
170669
184389
148501
191945
185340
167800
188232
185333
152530
164235
178318
175996
147644
184279
176424
181593
175893
176283
175920
170807
170827
148261
176218
178972
175858
185346
185261
170830
167807
183913
188571
173095
175834
167618
176091
170668
190162
146746
147626
177358
146751
170799
171264
180852
170815
178313
173029
180801
178977
175838
188547
155766
189739
171873
180184
189272
176287
170664
180440
146737
147620
175826
170745
191823
188223
181219
171779
146718
191943
167809
176233
180179
191837
186108
175915
156209
172893
167433
191838
173507
148245
176419
167965
190244
176395
188226
176066
167906
170716
191946
188124
146717
155927
175848
181683
181751
180814
170777
167850
176395
180809
146189
186129
184406
178352
167837
183201
176328
183199
175813
183152
186086
162705
176075
173029
186842
170726
191805
183210
173192
173199
190181
146704
169222
170744
172883
166247
186119
177255
176294
155923
181461
146723
175912
178447
183156
170805
175799
175887
170742
190703
169923
178447
186404
156410
176348
190703
192039
186075
186513
175800
167847
143133
178452
146189
180172
181215
146730
189230
184242
166246
175802
175780
192038
167868
183985
180783
169216
186071
167854
178448
143135
185127
176392
186068
173045
186773
171922
176048
176289
176392
186402
173899
184242
152295
170271
176174
170778
177499
143135
175852
170816
177265
143186
176285
170921
162838
186776
184242
173894
189063
167941
156410
172649
184362
168176
191860
183565
175748
175883
182489
143082
143117
191800
184190
191860
177265
189230
171651
176160
169226
143092
184167
168182
192045
183340
182517
169249
175757
172739
175772
176033
189106
162831
188308
187037
189057
187255
175871
184177
191124
183038
166229
191608
143092
166202
151877
176392
167201
188250
184205
186863
151887
169211
183118
191871
189184
166216
166242
158816
191867
143062
173906
173887
173865
186139
189336
175737
171657
175761
163006
187019
173587
170430
188797
178848
188692
181367
170921
160554
185374
171675
184213
173839
186859
169247
167926
177971
171658
191610
148553
180323
166130
188858
151887
191365
182400
164597
176002
167299
189926
173859
180019
166132
143020
188789
191400
191462
163216
190436
189042
189336
167988
175919
169971
175729
165770
189619
173772
192264
177985
191944
178001
176170
192049
188262
191593
143052
186697
151887
184213
186713
182139
166147
188309
190741
189640
175760
177955
170309
192033
166218
183136
143013
179132
163216
191869
173764
160304
177953
179117
173343
173736
170426
173694
190458
189491
176352
180000
186808
157677
156667
182148
173579
182062
173721
156665
173712
184028
175678
192264
186988
190568
165956
178007
186713
189441
190423
169045
170921
165744
188584
189708
186995
188330
186691
175686
181210
187308
190684
186993
177944
165607
173771
182543
156657
142988
188755
166506
173380
143216
157677
156648
178019
173739
169743
182063
186654
187310
163533
187797
177934
186711
186983
149218
192049
182055
166121
165759
188445
177954
178280
173349
142894
186991
181434
156648
177530
190681
185448
177925
186988
191400
186711
189542
173316
187793
186994
156637
178020
165734
188738
177960
182098
186889
172575
186963
142901
182140
182116
181010
147390
182106
190684
192043
177929
149219
186530
165706
158639
167096
156637
187308
173763
189930
179822
188213
142877
173568
186885
147390
171260
186999
188069
182121
190681
186645
186983
172530
182056
186702
173803
168658
187806
177483
168272
178241
142894
182124
192043
186964
192043
187780
177901
173796
173376
178237
158639
187952
173330
191951
177896
166758
113984
186882
142872
184358
177898
173283
191720
192043
155819
168279
177917
165582
182162
186176
158586
188068
165718
142729
187891
188436
173569
142717
165400
143174
173849
173565
168708
188974
158568
182175
186983
173281
190461
181069
173578
187795
189744
186964
173375
186636
182146
173841
168990
165685
186963
191400
178367
182158
177982
186640
191951
142787
186999
172609
113995
142784
177878
177513
178241
177897
172513
177521
182404
178238
178240
189742
184441
143207
168306
187800
177840
113469
148413
178719
142787
187772
190684
172848
142703
165424
188164
186210
186686
187790
187558
173554
192043
173252
186634
181973
188841
191720
113467
172375
173294
186966
191951
165608
190036
158343
173574
184085
178349
186943
181252
188394
113489
177884
142710
142713
165749
184006
186082
184420
186178
182826
177455
181026
190707
142975
171526
142716
177871
188484
180979
143228
192043
191720
186847
173557
186949
186197
186206
172458
160135
180833
166863
187798
172473
182002
165357
173165
180959
178235
179108
171915
142673
187531
171032
177900
190677
111192
184098
178492
169434
172431
190460
165319
173159
184597
184003
165415
177868
186992
168565
111204
187254
113512
173551
113495
187096
157649
183590
181253
188479
172328
161890
172341
151984
142734
186605
186203
110848
163986
172423
186627
180320
190679
170044
142671
184590
192042
165327
142966
189641
192043
184001
168827
112111
191089
172351
165454
111422
186943
173619
155791
190682
180437
178239
170043
186952
190037
176420
172504
142657
180948
148958
181277
183906
190981
172312
185391
172325
173555
178519
173517
189246
165264
183561
191089
190729
110801
172423
183588
148855
110748
142691
110774
165278
177846
165194
172454
173586
189641
184059
180082
183051
142767
189897
109033
166434
186935
186947
108983
172440
172305
178206
169403
146842
171244
163574
189725
110973
169542
172302
109703
176412
184410
173099
172330
172352
192042
108996
111375
111381
178244
188647
175635
148864
172408
172412
180752
167307
186950
165247
183940
142632
183051
180754
111370
165270
190726
192043
110819
166660
189641
149348
172338
183582
113890
110729
165239
172348
148951
110755
184107
173655
115768
110435
146863
172302
185223
111263
189765
172440
172410
171715
171233
175636
165489
168698
110717
142607
172384
180577
188647
182641
178426
110792
192042
186932
142614
169466
173669
172662
189720
109780
166663
160120
172405
170079
110285
142610
170270
172356
165655
172293
110951
171406
181861
183077
108959
152877
172367
190726
178387
166734
172393
172293
110569
165299
183080
146860
170144
165624
172804
181107
186959
170937
173664
111231
154728
108871
169246
165174
165153
171714
177661
176396
172373
178243
181861
176409
142647
172288
113750
170908
172424
186997
166607
172225
108909
178399
167232
172404
142595
192042
179873
186944
169024
171014
172406
164870
183073
173677
178243
186962
110561
109550
165589
108918
143676
109583
109560
172706
176408
181115
168994
110335
165623
172478
166609
142582
172295
151995
177500
166640
192230
189810
165202
186941
108931
166645
109543
109595
165201
178397
143685
113425
113386
146951
108522
109563
165639
166645
110556
169025
172269
190940
182681
167031
181861
172220
173230
183075
142585
169565
166543
165195
186969
178795
143152
181115
166718
181112
178243
164127
108219
165123
143693
172270
169025
135676
172231
108475
172195
172630
108840
108804
165646
187158
166554
110554
172227
190940
190981
172298
168997
166309
166638
109274
135678
189414
109243
172191
182681
142573
165175
165635
171423
177824
109254
163567
189414
172169
135667
109532
189414
181115
108214
166991
187152
108823
166535
108861
97883
110597
186961
166508
143638
108787
187493
142530
113347
167007
181113
182542
166508
166554
165090
109518
164248
139646
165093
172380
172380
172188
165310
172259
161624
165492
181114
164248
182681
135648
166554
171608
109531
177824
109242
172158
190940
181115
175549
108763
187157
165111
97686
135657
110178
109219
167034
109285
109237
166997
108204
187145
109217
109510
109524
142506
108767
108751
166297
181279
182082
181279
181113
172176
171596
135649
108173
157995
109107
157995
143229
172388
94064
108252
172443
165128
154258
143664
108315
173604
166554
172142
135633
181279
109097
137614
109257
109209
187157
113355
167171
181279
97883
156171
165570
167181
109213
172155
108721
166508
143371
165577
172184
167179
187148
164155
135639
160109
167034
113405
113357
93841
157995
94313
167171
97637
165687
163352
111670
109121
155945
109129
187148
142506
94082
172201
146166
167018
109200
172401
181279
172131
167171
185085
94313
173604
135631
181279
135639
108294
169497
143428
97883
109153
108642
108175
167181
109197
109156
143359
143229
172151
91597
172201
108641
156900
185083
92086
143387
111496
142516
165577
155945
167171
164694
93871
143428
165500
108127
91705
97291
111496
181279
108700
97637
172443
142506
109200
172154
121829
155945
143429
113526
163813
143638
108698
167175
109163
143359
181279
162744
124625
91896
161586
107999
94313
97291
110425
94313
185095
143655
108740
151923
109148
157969
135633
107967
107982
182081
108002
167179
107963
169521
165567
109182
164694
178267
92086
169497
164694
172151
142506
124470
143362
171243
111674
172481
96578
109485
169500
108012
160418
110274
93961
107970
143638
96635
110408
160420
124607
172481
108729
165567
94313
143229
128435
135631
110270
157984
143345
121828
97291
172481
143696
121828
170515
97291
121829
109185
163812
170515
162799
187523
107985
108119
160418
97291
143729
142506
96578
110621
109185
170515
121828
109488
160418
95280
124449
163813
187582
172862
91705
172073
110240
131265
97174
111075
165567
172481
93961
94266
95014
143229
110429
128405
178267
125330
92226
109185
109452
143696
111674
91825
91923
95275
124470
121829
109488
157699
178267
97291
172073
109775
128394
191048
109185
121828
163812
109317
110808
164689
91705
97049
143729
124421
124608
95014
107940
95275
94840
178267
107927
110621
93954
172446
98402
94266
108071
109317
109488
169500
97174
109185
164689
108130
108070
169630
91829
109456
91935
94198
147156
164689
91832
163830
128367
191048
97049
111033
161839
109489
143686
91990
96483
107949
95014
93916
116455
98406
110620
108130
97049
172073
110808
124449
95266
124450
172446
128405
109455
91705
109459
128367
128418
172446
91825
109459
111211
91869
107932
140404
96659
109316
109459
94257
92066
108037
96659
158144
107899
140404
128405
95266
107846
94003
162736
91989
97132
109456
143686
140404
128335
95221
91829
91705
91829
192083
156531
107949
95498
97049
94273
91989
149174
94003
128449
92066
108050
95164
98257
97049
110527
95014
108078
107944
92086
109398
108078
148475
95164
107905
93054
93916
115845
94015
107932
91935
109456
93037
109459
95014
90789
96659
96659
91525
92721
109456
93980
191941
95014
93916
178103
178103
109511
95634
108078
93983
108098
111033
91705
91616
110705
108080
96659
108050
110908
108098
107905
109398
109456
95634
108679
90789
95498
96790
93037
114868
110539
91825
171867
91989
171869
107578
91935
96731
108026
107868
94352
93148
110114
107754
110705
152647
92634
96659
95634
128228
96172
95014
91989
91832
114855
151961
96731
109473
92721
126514
94352
94015
108377
109456
107763
91829
151961
95014
95014
179152
91705
93954
108489
93148
93919
109456
91829
91929
151961
136688
95600
95619
92721
118414
96659
107763
96790
93037
91211
158821
94257
109515
108299
179152
179152
113756
191443
191941
90789
135014
92185
92175
95619
90563
191717
179152
128148
152647
94232
93694
92597
92185
114188
91655
91935
107624
123676
96369
191941
91629
126514
109456
126514
97279
110539
92178
92178
181582
154465
107746
140357
108146
94257
95656
183423
96789
94313
111093
107779
93689
118663
91829
93697
123676
92185
114187
179152
108041
186356
96369
96382
154503
91989
91929
187118
183428
183428
93872
90563
90626
92886
128550
122319
92721
123676
91991
96790
91929
90483
126528
93624
95488
91692
93697
127966
108097
108092
126085
180541
156527
108018
92178
93501
97735
192076
154495
118414
110067
169071
97331
192076
180541
92178
180195
140248
123676
111679
154463
95959
91929
93633
107578
183428
92178
93702
90563
94313
91989
93558
108096
164914
90634
136684
149329
123070
92721
91629
96747
163343
168327
90847
96790
111663
114236
187118
92185
162789
110079
130142
92178
183423
154503
162771
113649
93714
98615
111899
123070
93545
155237
108367
140357
95959
92178
123070
92178
93501
107538
114871
93519
180541
130142
187118
130725
108045
91300
123130
155777
118414
93186
178146
92175
162932
91629
96382
136672
90284
180541
90484
189765
91989
192078
171422
93192
93526
96747
155223
91991
135709
91989
107505
192076
95959
108065
90484
149340
163146
149294
149272
91929
123632
93192
91714
93475
110325
169339
116090
91929
141522
158690
154088
183428
157014
90281
93526
169863
192061
94313
90411
123070
191772
91303
91391
135617
157014
166078
117700
162662
157014
107548
158601
91989
91789
113649
156896
183423
183428
187933
92857
112992
191772
124845
123597
91989
93463
93378
134495
93475
122904
90267
146238
113088
149286
149288
123708
111560
180541
91768
118384
130725
107548
169338
154088
93476
162385
163742
92899
135613
97429
91929
183422
166485
114014
90383
191772
191772
107505
141522
156119
169320
122961
140351
192061
91329
95481
164191
192070
180541
169316
139693
149297
112879
103115
135603
130719
90239
95386
192020
110325
95075
90109
128672
149303
93410
93257
163015
126148
168744
113270
91989
113637
129835
93211
192019
97130
91750
127986
111751
192021
95554
91989
93399
191772
157014
95320
146238
111413
122948
122957
95552
129156
96632
155696
95075
180539
92897
156724
98402
110380
97112
126503
97340
95552
113154
109741
129156
122990
154187
107478
95552
126148
164882
91989
123573
156338
123936
110294
180425
91989
133163
126457
122861
154514
149315
171732
151989
168748
91989
112987
95075
93512
95672
170659
154513
97879
182222
154185
122886
96547
148412
112925
95434
90230
111930
95554
91750
93549
94359
92598
123304
95312
113009
192017
156338
112856
113083
163511
92897
143571
157014
126944
107442
128014
95594
192056
90236
181591
128692
95594
121830
97879
91991
90155
98402
128692
95084
154695
97025
128692
113607
129156
151713
127988
154513
98408
93511
95594
109640
192018
152132
92615
155693
148412
168731
122990
126504
96177
123055
160388
163253
97025
94365
161673
154695
156725
95434
122946
94730
93276
132726
161673
95594
98402
122948
143571
157007
151713
90184
90216
95303
148499
161702
163272
192054
94892
134594
160401
90166
188031
95312
123869
160388
172846
124527
161673
94413
117484
94385
107392
162013
161680
90292
95594
96320
95658
124527
129391
97879
94619
122839
171736
166909
122930
97027
152135
96651
95434
160486
129423
139260
161680
111584
166835
90198
161680
122930
113625
188031
122894
113132
163280
162050
93276
161961
160008
188031
139200
94825
139260
95594
92662
152765
91375
122830
117492
129398
117492
91863
158848
93276
160402
162849
129398
97025
168728
163543
166079
160411
188031
95594
94684
129170
157289
163210
162847
95434
129412
123304
95582
95594
189645
163459
91446
168598
94892
122737
164023
95594
90313
97170
162849
161953
124514
188031
124514
158874
163543
95582
162849
95552
95985
94397
124514
161953
98531
162845
93509
167439
162867
192050
155108
96651
127163
95563
97465
94397
97428
163922
167436
90351
122796
162858
97027
124769
124733
188031
123304
117492
95985
158592
147577
96199
95548
139260
161468
94413
178070
188031
188031
94892
90393
96474
188031
161468
190526
129412
148602
122917
190526
95552
154265
158695
129161
93276
107311
98243
160138
158695
96502
97657
97538
171332
182323
96284
188031
90355
148573
125215
148571
148592
108626
158695
123051
90499
98068
188031
95590
152168
124514
90309
123059
122796
127163
90499
132135
125349
98068
103133
122917
95542
90333
122796
95429
148609
158695
106640
163934
158477
94718
92579
129177
188031
122920
96193
188031
156615
96370
158866
129030
188031
128678
147577
132099
161967
129923
97428
161967
107197
94542
189645
123059
147353
132155
131503
188031
125418
90333
183129
183129
158477
95586
123059
158595
122917
101139
90499
102719
90382
132131
105867
123015
125306
93276
132129
164285
94413
128563
127552
129412
96525
97481
95980
154111
107084
109671
122796
163421
132129
113588
158919
147353
96370
95980
96525
105867
103133
109671
102719
147096
94745
108626
135121
103146
122796
163244
98068
106640
146612
164710
125824
139731
188031
125248
146245
158647
94620
106640
113961
107236
92579
96086
107197
163421
139731
90505
129030
91346
96519
141813
149534
122796
90333
141813
97063
188031
122796
147418
139216
188031
101028
90333
141285
109671
105864
188031
147185
141290
97481
90535
136227
124657
100986
96086
125349
108565
127110
94666
126923
164302
188031
103012
188030
122273
177576
148638
105867
154285
149534
156701
97481
106194
141283
90333
157547
126926
169927
91413
137094
96633
154071
123125
97244
100985
132131
157578
169928
98293
132775
125456
97189
125349
98293
107378
126060
108565
90535
97189
162273
98293
188031
141261
122796
165055
94679
163015
109776
98293
165055
125736
105867
91355
100884
139731
97244
130296
97481
97063
148618
177576
188030
130114
148643
177576
125539
127066
117617
96512
160407
96573
100566
177576
100882
163013
95980
141813
106960
102507
91346
106961
168356
188030
162825
98044
95980
96370
117203
106872
165055
97401
127066
106667
117089
107242
132866
96651
101145
188031
188031
98033
98033
100423
126133
136272
157558
154696
92773
156932
177576
91346
96525
100972
163380
118713
109776
111426
97401
106667
97656
122796
164798
134464
122796
100884
92773
116478
94677
136848
152162
97481
163661
106807
123125
156009
94598
133074
148618
133074
98274
125463
97656
97656
97656
164798
147184
128547
133269
106667
152695
122273
154571
148618
161658
161660
116478
117089
152162
113761
107250
123125
165050
126048
94681
123125
147185
188030
97481
133074
106904
126039
101145
126020
98044
156038
97481
97483
122273
94708
168356
191105
99222
168356
168356
100423
133074
162372
100442
117089
97481
125737
125998
117114
105123
122273
127143
102362
101733
106667
98044
100553
98033
97244
99222
117095
162372
168356
165050
133269
105239
102358
125681
152232
162372
141813
159157
122273
140247
165050
102358
126360
178699
131272
117044
106930
117046
100795
116462
117049
128629
178699
125915
109677
162372
105594
166966
166966
166966
98216
186434
98033
113945
168356
129247
98216
113761
122273
122273
156932
130000
102339
132869
117046
100431
98044
102410
178699
105425
105594
131272
154380
112063
98217
106831
178699
99577
191636
178699
98550
98217
159175
97481
106287
105406
125969
117134
186434
117203
99222
178699
154934
117046
178699
97481
106940
98474
159160
100431
102358
152232
97481
154934
117203
178503
105406
141819
191105
99428
169409
105431
105431
186434
178699
135096
127143
132662
166958
188030
125928
152232
178699
105406
98550
180380
98550
99577
105431
130225
117045
166966
106293
129228
125656
178699
105255
117049
132886
122336
163592
128639
99964
98550
102304
100531
154934
125986
97481
142278
108616
178699
132244
186433
132886
105431
98474
132886
105431
186434
111966
127732
105249
106167
97481
191105
108344
99964
158825
154934
106714
105431
117022
141819
102358
102339
106704
141813
178699
117351
178699
178699
159179
131270
132886
100545
126297
141819
178699
105336
132886
100423
105127
97481
154934
126452
154371
105431
185230
132244
166966
186434
102404
105406
113860
106194
105336
99258
141819
97481
132886
178699
100795
156585
129939
132886
97481
178699
186434
128652
125802
178699
186433
117351
127804
185228
127804
105336
191636
141819
106252
117349
117028
105431
100878
178699
105431
130181
100840
102304
166966
141819
186434
169409
169409
105271
157101
97481
191636
114089
141819
154934
106698
156565
132216
132231
156936
114248
128179
178699
186434
99964
105271
105271
97481
185228
105431
132886
141819
99222
178503
136240
102339
191775
178699
132886
132216
106125
117349
100554
191776
102483
141808
132252
169409
132237
114049
103174
106252
105134
100622
105174
125721
110883
127313
116968
132256
100878
139418
185228
102485
191776
100124
114049
105220
191776
100124
141808
178699
132237
166966
127917
156932
166966
102874
132239
131024
191776
126783
135004
191776
99164
100878
102760
141808
140953
99964
178699
136240
100802
114049
130425
114049
141808
105262
129221
105136
113851
178699
189643
141808
111794
110883
141808
114049
99577
132256
154934
191044
178699
142278
191776
136240
100140
187905
114049
105166
105166
129368
178699
105262
169409
114071
185232
169409
99964
141808
166966
132239
126779
126806
100124
103174
106632
191776
191776
106027
102914
146852
185232
100554
100124
114071
106245
114049
127859
156936
136240
157308
114049
99258
191776
127804
178699
141808
105258
178699
141808
106632
122333
191776
106071
130406
106249
129313
185235
100638
100540
136240
129442
141808
132237
127859
129221
132239
185232
102479
166966
141808
159959
113569
178699
105258
141808
159959
191776
156936
129382
100135
127313
166966
178503
132237
105304
126782
137156
136240
128179
156932
100878
159959
141392
191776
105258
159959
100644
152280
113925
105821
103523
141813
185236
127316
156966
99727
99892
129063
141808
105153
129079
106058
185971
106632
185971
100622
105821
136240
191776
113555
132237
185236
102917
156936
99727
100124
114783
156936
141808
159959
127390
156936
129313
135451
156936
100628
127313
185235
105258
128179
127390
114138
98582
127361
191775
102487
141392
155593
141808
142163
156938
105320
128179
152219
185232
113934
116968
103064
129313
105258
116222
106418
99423
105513
135394
159959
106121
99727
185236
129614
156936
136240
139402
100540
100628
136240
114138
141808
130017
126810
185236
127602
185232
128035
130434
106359
185235
99858
100124
179801
128032
129766
153935
126813
105806
128564
152219
131024
156962
129767
185236
170170
141808
129445
103523
191538
156962
152285
140498
156953
100628
128665
140645
136240
127602
105808
183677
102566
105496
127602
156962
114698
152219
102632
129449
191777
128179
156962
159959
135215
127602
180939
189733
133637
185232
141808
140692
99186
127602
183677
115188
142165
191777
99790
152926
159959
127620
99779
177731
105807
183166
135401
127617
161589
156962
152219
152577
127957
99423
127969
183677
134991
105808
183677
115708
106318
104094
105454
140645
128066
127983
129755
136240
103523
185234
127972
129043
127972
129043
128564
115707
157292
183677
116759
114708
185234
100109
102791
104349
106379
127993
104349
190279
128750
102789
115726
115738
190388
102791
183680
99779
129262
106138
139418
106342
183680
148979
129257
162596
103996
191538
128526
99795
128827
185826
127993
177731
104349
104082
177731
128059
152289
104349
130469
106006
127993
183677
185834
177731
114720
128844
128921
128811
99795
88359
100781
116901
128491
135394
128914
56421
102789
177731
118237
104349
142165
135405
187252
115750
185234
177731
164877
163479
106370
128496
129596
72733
129680
190388
72733
72733
72733
183680
128913
190916
140645
170541
115783
72733
115224
116121
128921
102331
118407
72733
72733
148979
72733
72733
139418
183373
104041
72733
104349
128844
179801
72733
157292
72733
128895
168334
72733
128921
72733
128941
72733
102741
72733
72716
162573
72733
164905
135405
190388
155009
100875
72733
106495
106323
72733
170541
135711
115811
72716
72733
72733
72716
155337
106498
135405
128949
155337
100109
72716
72733
72733
135370
140645
128814
148979
183680
164905
72733
72733
118407
72733
72733
129618
115750
72733
115750
104467
157292
164905
129493
130465
103535
72733
162602
152289
128939
159918
72733
72733
104039
103087
164905
72733
72733
183680
191538
104326
72733
72733
128953
102331
72733
129385
115743
72733
106381
187297
72733
185826
72733
185826
72716
163826
72733
118405
72733
88359
72733
115224
155330
179801
72733
161446
129560
72733
72733
128826
72733
128835
72733
115773
190557
115224
56421
72733
106183
185826
178302
72733
102728
72716
163826
129616
183272
56065
72733
189366
72733
56182
105789
72733
187248
72733
72733
190557
140645
135405
114055
135369
129515
128886
129872
128826
129261
161446
72733
161446
72733
185476
72733
72733
157315
72753
72733
72733
56421
165853
135706
72733
72733
72733
140616
105714
118407
152289
129019
165858
171491
78810
72733
135370
72753
129478
72733
72733
118405
152602
159976
72733
155316
72733
103519
128892
104326
106502
72753
157292
72753
72733
116140
72733
72733
115224
114150
72733
161446
116140
157298
129710
72733
116992
168437
162605
170122
163826
72733
72733
72733
72733
136487
129886
183750
72733
103642
171491
72733
132666
128894
72733
170415
72733
182032
72733
72733
72733
170289
72733
72733
135369
140634
129276
72733
104326
72733
72753
115755
106453
129393
129630
72733
72753
103160
72733
72733
182032
154040
72733
155317
105782
115750
105778
72716
72733
115750
72733
72733
72733
185984
135361
155307
72733
72753
72733
106502
146516
72733
72733
178303
72733
170420
115246
103087
72733
103993
72733
72733
72733
103519
72733
114168
135370
103975
135558
129276
180097
72733
157298
103534
72733
140645
115224
72753
191318
72733
129553
72733
156368
72733
72733
169779
156368
72753
72733
72733
156368
132342
88361
72753
72733
72733
115379
159191
56421
184467
72733
164236
184462
72733
184462
72733
161431
114170
72733
72733
115790
104113
181491
140698
184462
180910
103202
154024
72733
170422
154022
171821
184467
72733
184467
184462
72753
105631
184462
184462
72753
72733
129912
72733
184467
155380
135558
184462
88359
72733
72753
72753
184467
135329
72733
115743
72733
72733
157304
72733
72733
72733
184467
140634
72733
72753
184467
169779
106453
72733
163034
133338
129519
72733
103193
184467
184462
184462
72733
72733
115224
72733
135277
56808
184462
72733
72753
72753
184462
72733
135264
72753
184462
103384
104461
72733
72733
103157
56808
72733
103993
103202
184462
72753
103519
135246
72753
72733
56093
129285
184467
105717
115747
72753
72733
72733
139231
72733
114156
184462
72733
184467
104096
143734
72753
182021
184462
72753
151911
182021
72733
129295
115761
72733
72733
167109
72733
72753
161346
184462
72733
72753
140698
155354
104461
184467
72733
72753
136248
164916
103270
72733
103177
155390
135569
184462
88359
190948
72733
72733
184462
72753
140650
72753
184462
130541
72753
115794
72753
72733
161321
133756
161346
169779
182021
184462
135174
114116
184462
182021
182021
182021
72753
72753
157304
72733
184462
72733
72753
130118
103520
184467
72753
114175
72733
135259
72733
163044
72733
103188
133745
184462
56430
182021
182021
103199
182021
72753
183883
184462
155382
103282
72753
184462
72733
182021
182021
142213
72753
184462
184454
103392
184467
114150
155400
115778
184462
72733
72733
182021
162353
103967
182021
140698
130001
135318
135248
183893
72733
72733
72748
72733
169748
184454
72733
182021
135350
182021
135262
72733
182021
72733
103248
72753
163044
182021
72753
103260
184462
182021
72733
72733
157292
182021
72733
72753
163636
103206
72733
159072
184462
72733
139229
184462
72733
72753
182021
161346
182021
161639
129528
72753
190948
72753
135256
182021
56803
182021
103982
72733
56430
158524
72733
72753
182021
103248
116156
182021
72733
184454
164241
103190
72733
56103
72753
182021
103249
182021
182021
115743
157304
182021
182021
182021
182021
72753
182021
72753
140650
182021
182021
182021
157304
72753
159073
72753
72733
130029
72753
182021
140634
182021
72733
103209
161497
72753
72753
182021
182021
72753
130264
103969
184462
184462
133343
135318
182021
56120
184462
103975
131893
182021
72733
182021
182021
182021
161639
88359
72733
56803
182021
182021
72733
182021
182021
72746
171745
182021
72733
72753
182021
182021
72733
182021
182021
103794
105360
103385
182021
182021
72748
72733
139234
182021
103300
161321
182021
158515
72733
72746
72753
182021
72746
72753
118859
182021
72753
103215
72733
141569
177487
72746
182021
114823
158528
56803
182021
182021
182021
72753
161325
162827
161321
182021
103967
161530
135516
182021
72753
161499
103520
162353
72753
103221
182021
72733
72753
133330
72746
182021
182021
184454
72733
184454
169748
131305
182021
72753
163653
135295
182021
103224
182021
133325
72746
182021
182021
182021
56120
182021
182021
184454
103269
140634
135255
182021
72733
72733
72733
72753
135570
182021
182021
56047
140634
72733
72753
130869
103227
182021
161321
27104
118845
162670
72753
191535
72753
159069
72748
161625
161331
182021
135532
131895
182021
139230
103405
162253
116156
182021
130264
182021
182021
182021
182021
182021
131304
72753
130752
182021
182021
103387
72733
133356
72753
182021
182021
115802
72753
72753
72733
183893
182021
140692
115246
103300
182021
72753
157292
182021
103276
182021
56421
57835
182021
72733
72746
161519
143259
191535
72753
72746
182021
191535
72733
160610
182021
155383
72753
162341
182021
182021
166963
182021
130273
182021
103418
141569
182021
103591
191535
72753
191535
182021
115246
182021
130270
182021
154000
177355
170494
169779
182021
72746
160610
135291
103262
56103
56120
72753
182021
139229
162696
105737
103407
191535
135290
72753
182021
72746
182021
182021
182021
182021
140698
72746
182021
135167
191535
182021
72753
157304
135286
56061
182021
158520
103231
56011
191535
191535
72753
56421
130868
103226
72753
162348
27104
182021
182021
182021
157305
182021
182021
182021
72753
171093
191535
161638
182021
191535
103520
191535
162341
72735
134603
191535
72753
182021
130275
191535
27104
182021
72753
103324
182021
160603
130763
164489
191535
72746
72753
72753
170494
182021
182021
103504
182021
182021
182021
191535
130282
182021
72753
182021
103799
72753
191535
135206
182021
182021
143440
162253
182021
56069
161519
163616
182021
72753
72746
182021
182021
183883
184434
182021
182021
72753
140614
72735
72746
170494
191535
191535
160594
130868
140692
103233
191535
162824
103969
56182
182021
182021
103772
160561
140652
72753
72744
191535
184434
191535
135177
104518
162341
182021
72746
118842
182021
182021
103410
130326
191535
182021
130766
147098
157305
182021
72753
182021
27104
103520
72753
103763
72735
115246
182021
182021
160571
162696
184434
191535
103233
72753
56089
72735
191535
182021
162341
72746
191535
103383
169991
56006
72735
191535
103288
72753
103504
135570
161519
170494
182021
133392
72753
162823
182021
72753
191535
191535
182021
115379
182021
191535
191535
160597
191535
130808
163653
160599
161499
103274
169748
171093
162506
163616
103773
72750
184434
72746
157305
72329
135343
183893
184431
135317
161500
88357
147497
162519
182021
182021
161436
103392
162898
161638
103423
184431
143343
130854
56025
118831
191535
72735
72735
160593
115246
182021
185618
159996
191535
182021
103415
191535
162519
191535
56105
162836
160571
103276
184431
157340
56047
185564
164074
103774
103501
72746
184431
162519
72746
147098
72753
142323
170491
103793
184434
170491
161638
103969
130854
191535
184434
140329
140221
161530
135313
185621
191535
130766
179732
104533
154000
56069
103422
72750
72753
161516
103443
171897
72753
184435
191535
72746
162509
72774
72735
103780
185618
103288
72746
162836
133386
103458
170494
72753
179730
170494
179725
103503
72750
146659
191535
191535
140652
184435
105679
133415
184439
184434
118823
103386
103778
147089
162898
161519
103428
163653
72746
184434
56421
134270
103537
72746
143343
162506
162509
72746
170494
191535
130291
148472
164117
191535
103534
115378
135330
118817
72735
179730
72746
162506
184434
140332
191535
166974
191535
135569
72746
158385
104505
103501
179729
56105
72746
162513
103431
184428
103458
161837
157340
104489
105679
72753
72765
103392
157658
104507
158948
72735
72753
103341
164074
118827
179755
148467
179313
72746
179313
184434
141529
147064
103788
103534
179272
130820
179729
140626
146770
179732
140652
72746
104774
140221
162515
158948
72746
185618
56120
72746
147496
56047
103436
164117
103443
184433
72765
143743
103379
179755
184433
179277
72746
169037
141405
177365
156105
139444
179277
103501
179320
147098
103288
56061
158948
179722
104494
158382
148459
161519
103491
55943
163081
179722
162500
179277
55985
162510
161535
179755
179722
179323
179198
105679
140651
179767
184433
146659
103498
184431
179301
103443
130982
158948
72735
104492
72774
179727
140333
179278
103440
72774
137696
164074
103233
148349
134275
104503
88359
179321
133392
72746
118805
103588
103308
157305
141538
72735
104497
72746
163616
103466
157296
164117
72746
179185
103501
157340
179276
169037
185618
118816
158948
72774
165816
147051
169898
118811
179721
72735
179181
130979
179310
160189
105679
173977
170482
104500
179205
72746
148463
179189
162475
72329
163145
156098
161530
72774
179727
179734
162475
184431
157340
104496
130826
179199
118858
88357
72765
103233
72735
179189
103733
179164
72746
179328
118797
158743
72746
179767
154905
72742
103457
158948
179189
140333
131244
72735
132203
146763
103534
103826
72742
104746
139449
173977
170290
103501
103488
179727
130350
161530
164117
72765
179174
72774
72742
72765
72735
136630
140700
179306
132465
146990
179195
118788
118813
56104
171771
133384
103456
103509
179176
56047
103480
140626
179196
56004
140626
152330
179326
160081
130851
72742
140343
173988
179533
179174
164074
104068
161519
162398
118798
168137
179191
135910
146268
179200
171303
179169
152684
171293
103480
146760
179181
103578
163630
179193
103498
179164
118793
157296
163850
141546
136171
118902
162958
179197
179297
179181
157340
164074
163616
118780
130863
72735
157338
103594
132203
56360
103826
118902
158948
166472
179298
72329
163770
179533
56064
171296
158948
72774
159392
147019
136171
179197
146989
161535
179171
161516
103525
179181
164117
72742
132203
148605
158948
55952
179195
139699
158373
158382
179259
103525
179184
157340
142211
88357
154905
179198
118802
136182
178580
55998
178068
72774
56182
173996
179164
179195
169795
72765
151701
179185
72774
133407
164074
103826
132774
162778
157340
140672
179227
140679
179259
104748
72774
118804
169878
136374
72774
166472
104101
136171
179174
152330
121019
151770
161530
118777
135873
148920
154905
103480
179201
105771
179189
130903
146771
179171
104006
161519
164117
169883
105350
55940
72459
179197
164074
179241
103671
56360
160461
179171
148610
179259
164074
179196
157338
147071
132774
163616
72774
72742
104748
169814
155156
157340
184184
179174
171414
161516
160465
141692
179177
179259
155168
103480
105664
184184
163635
146989
159398
160443
169809
179201
151202
130882
179171
104320
147097
179259
151745
140704
118855
157114
158948
103573
72742
179201
136171
161519
72774
56366
88357
164129
179227
159232
140626
183070
179259
72774
141692
164117
85617
179177
159956
163603
141692
140107
56047
179259
104352
55970
160180
183070
151672
72329
149469
184390
133407
152684
103678
179201
56109
179244
136182
169852
56140
141692
146268
179201
179259
56182
160462
157340
56058
169775
104336
157358
72774
183071
183071
157338
157296
159217
136404
132704
72774
164074
72774
179227
179171
158963
55925
161535
161519
135880
131862
56305
179171
57835
179238
141692
104748
183071
164074
146272
164129
72774
179241
104137
133388
149468
154905
132702
163627
163077
171414
158379
140102
179247
130920
164117
136917
141692
164105
72774
179244
56047
179247
181855
168512
141174
181855
154905
183071
147073
151745
135877
56320
141692
160172
141692
164231
57532
168836
104748
132702
179238
163077
136182
151460
136904
55974
169775
160465
164074
140066
164488
164105
130953
179244
166407
163635
164733
181059
155169
163992
164076
141692
152684
181059
162152
181855
157305
136906
57529
179238
164105
106644
147023
184184
136171
56047
141080
164488
157338
140108
160170
55920
136182
179244
56182
136924
56064
159911
120069
164074
147639
157340
170951
136171
56135
141692
88357
147049
57533
56684
104732
140686
164488
141692
179244
185403
161516
130942
151502
140128
170638
160436
151710
164728
147021
121223
164105
181855
165902
55972
183071
149246
179238
56053
148768
141086
56109
157350
181057
136913
164488
164728
163058
73544
88357
162144
154903
104748
151341
130949
164074
55910
168500
164488
138267
56138
183071
141692
160205
160190
56037
183071
132694
56047
151506
55981
147009
151341
152707
147053
168511
164081
151672
161814
155992
138183
88357
141692
141692
66748
154732
164488
57835
164488
147002
181855
162144
164488
133078
138567
56066
164488
166862
140105
151341
170638
167289
55881
155171
139146
154567
181059
43610
141692
57288
164488
164488
141697
141692
147073
56037
168500
133078
160191
147002
56047
181855
146455
140024
164488
182091
151502
152684
164488
147053
183071
164727
151580
56138
181855
154732
164727
77576
57835
164488
160207
139939
140052
149351
168495
56115
181855
147009
159911
58361
140476
106644
180526
151506
56047
164488
56037
164728
155992
147037
155992
164488
180526
180526
55911
55882
181859
164100
164488
166326
183541
156990
164086
57837
56141
147039
147004
147053
164488
164488
151202
151341
138274
165902
140405
164733
136576
164488
181058
77487
151586
160198
141692
138157
56157
152684
150431
55881
181057
164488
56446
163877
77648
181058
171747
151580
72701
164488
164488
142413
88357
147004
77651
161643
61873
164488
154570
158614
160074
147009
164727
164733
117228
164488
171747
164488
164488
168654
164488
57835
164488
157073
147053
147053
147060
167123
138151
164727
138274
163373
56035
147036
77654
119391
142413
157372
170638
162144
56042
151149
164728
150778
164081
181057
140906
136576
139981
56742
151412
164488
149570
88357
156990
55963
141083
147093
151497
164727
163871
138121
151341
151341
77707
117228
164488
164488
136576
149424
150382
164488
164488
164488
118237
169100
164488
55894
164802
166767
138765
119391
55859
136580
170958
118373
56042
151147
136576
180526
157073
164488
160115
164488
157693
183541
56044
164488
121855
169471
139975
154536
180526
162144
136580
157372
115927
118237
136524
178996
119391
152921
140906
181036
77480
136576
117231
138121
138162
150441
56035
136580
141083
119391
171496
150377
140906
138839
83700
55946
184647
136566
151290
136524
162617
164488
156464
151122
152932
151344
180526
184665
151430
164488
57234
164488
151337
162617
57835
136580
162617
164718
77705
166785
77704
118490
162617
55801
56152
83700
55959
143637
184607
119391
56042
170958
162617
138588
138080
77480
149430
132746
138122
133440
119391
150312
86958
138839
138840
133717
117291
148809
185539
43580
138650
169471
162617
152926
56016
153869
140907
138530
136576
149429
119391
117231
162617
156461
185504
150981
86958
169471
169471
55850
168029
83700
162617
135005
73514
77706
136576
151434
83700
154251
86928
77418
156461
150446
140895
86928
169471
150945
162617
149573
169471
152491
136619
169471
133717
155919
63932
169471
171522
136618
55946
136569
146697
138794
149876
43580
133972
151109
55924
117670
77662
148807
162617
86954
162617
136566
136576
140895
162617
138167
86926
180240
56291
86958
136524
98963
169471
151006
150060
162617
117292
55500
151719
156461
133440
56013
55875
153815
43580
151448
43580
149592
169469
140895
169469
189197
134632
164482
150270
156819
136581
86926
77392
63932
169471
43561
140895
56217
164482
76033
166763
77368
43561
150964
152512
178472
56018
146697
117291
151608
99144
138799
146697
135005
58220
149620
138840
169471
43560
169471
56020
56214
171516
138842
120031
146695
148754
140895
146389
76341
138840
120031
86306
151002
55750
150315
43580
83700
149921
138603
134632
138709
150280
162617
169469
146389
151524
120031
120031
117292
58681
55796
138709
136929
138861
150579
84165
151721
56123
134031
120315
86928
78014
138140
14399
56293
164482
149148
76348
120031
157203
83716
131218
146389
151720
131934
151721
169469
83716
43560
55750
171494
155456
134632
169469
139425
56165
150463
83716
138829
55818
138019
138794
149964
189197
120031
149854
151719
86958
152448
55750
56123
189197
158556
55818
150998
164486
189197
115625
149965
55861
189197
76354
120328
86460
55750
138845
151379
137863
121861
150630
189197
152525
164488
152273
83716
150259
78062
120031
138748
115611
77073
120293
120293
151633
151379
142231
58187
168459
120293
134611
56773
171039
58187
161876
151721
146389
150481
151719
83565
120328
79102
85599
118492
55750
56719
120293
120328
84236
85599
120293
152439
43562
155459
120296
150500
150239
156645
152525
55750
83565
158552
55750
164486
157728
78170
83716
164486
77864
141047
150272
152273
151727
120376
155459
115611
65492
64240
151724
119348
83563
119348
55500
77017
151132
56203
157728
84027
83563
86196
85599
151215
158120
150007
33334
154425
56768
86606
149721
171773
161858
84017
85599
120354
55750
85599
161880
161880
55818
149778
120331
83728
85599
132374
119348
139138
151201
157728
146389
78472
120296
120331
164631
33869
55528
78405
84023
84107
118588
150052
83565
84023
150186
156528
55500
150812
78127
151025
156135
83565
83560
118525
151090
84107
65492
171321
161863
150206
58103
121065
115611
171321
57222
120354
58098
139433
14365
154441
84055
120326
77790
158114
84055
150955
84027
71252
152819
84023
121062
120331
119451
150784
119438
77185
153020
65866
152444
149913
77116
149793
121054
55505
151666
152813
69330
150213
164059
77857
120317
84035
153963
154414
115611
84052
161875
147324
55510
150077
150225
152757
84107
83565
120317
58098
171428
119451
86240
155190
150679
164003
152453
120295
55089
98947
77243
86238
84025
151170
84035
161875
161873
121046
148454
115383
163345
89824
154339
99140
121047
148434
121065
119467
153808
69599
150486
86247
151470
158131
119438
118452
148434
82676
73412
84023
167178
115383
57222
84047
134727
119449
33569
83563
120424
77006
152819
155190
167278
151211
84035
157747
120309
55510
86238
147141
57136
148434
63338
86236
148434
55064
150105
148454
148473
169057
65491
148454
82676
150475
182945
148425
180943
153808
77243
132487
86196
150775
150804
33869
139680
133615
121054
76304
148425
83562
77782
121054
89908
84206
139680
33569
155190
177485
148450
143767
58025
86195
137173
66006
182932
84055
146444
150802
182945
134789
168229
150097
86242
146346
114504
65477
135713
88374
148450
58106
77785
146347
135712
150646
152814
55093
83560
86120
151106
135713
150633
69599
62120
152913
120413
141558
167278
135712
164973
55042
132503
146337
58020
132491
33634
77753
132491
120407
114644
150752
155075
155190
148455
150694
150550
86206
132487
58025
168221
156460
152862
161916
182945
86196
152830
63319
166444
117540
156457
182088
180942
146337
83563
55017
86202
86236
135712
132498
170414
88371
132487
43389
64130
86243
86243
177653
148454
33308
85968
135712
156457
156318
34973
150131
146337
141556
121563
55093
173065
114536
55032
114644
162169
150924
167088
85916
114526
143756
150112
86196
33869
158633
156309
166430
85196
164942
114644
118324
84035
152928
66008
86196
161915
133516
146290
183999
156457
150984
157242
146357
177653
167087
151151
55190
146333
150937
55063
140285
64214
156457
63519
132506
117540
55053
86055
168108
140423
150532
84027
89824
132523
118135
142306
57576
55133
156457
114644
76272
132494
114573
140423
33569
57252
118685
150843
148560
98649
150545
150708
84055
85183
158714
132507
177653
132506
85217
162098
132019
86238
155203
132019
78105
132507
183999
132005
78541
64755
167087
132499
84065
150722
33428
136284
55116
150714
182671
33504
55230
132005
63057
84065
177653
131956
79057
64755
79058
147133
114536
63099
150906
131956
64755
73488
118402
146562
86207
135713
131985
55078
114653
130563
151298
114573
4520
132016
89824
114620
132019
151119
114506
64682
64682
86238
7914
64752
132008
154072
64682
11549
132507
64752
78556
114554
114656
132107
89824
151047
131985
62817
114653
31555
137637
79057
71185
85695
118055
86206
132213
150643
132507
131957
64682
160471
131962
150585
79073
137635
63266
117540
131985
151045
146812
150966
162679
150729
86238
131966
70848
5940
49783
150738
55150
34958
177863
136617
60791
7714
892
114526
63059
65909
5861
55283
114644
87611
150623
87611
132213
5088
35008
114494
33510
57607
114620
153909
136284
114620
54998
79054
64682
114534
71230
34943
85892
86238
64682
64643
132260
2330
150675
140423
85736
54832
131966
54955
117540
131967
79073
114562
116049
73924
131966
64648
151011
89824
180593
6044
70790
64630
131962
148660
114506
75608
180593
63222
82813
64736
114573
33483
1186
62799
117540
64792
823
54825
63615
114506
164875
114517
5182
64736
67
114620
64736
5972
71115
114620
135712
135712
64813
44624
33431
5898
152252
33634
63266
114563
60895
814
60349
180593
64647
177863
2296
170459
164871
64643
135712
64668
151382
64813
53258
58699
116324
2182
750
65516
114644
33554
1089
180593
141592
71032
79019
117540
64813
131967
151075
64813
135712
64648
64648
64494
114517
60209
114649
117264
148304
132213
69117
70916
88281
63266
55345
114641
64803
64453
5951
64813
71074
146660
7794
2076
1003
151254
132230
114573
140367
71182
57487
70106
55419
48276
5180
55306
34909
60113
54584
170459
135712
73499
148304
134473
7873
5799
382
33486
116362
114644
146285
64576
64442
64453
132222
70106
33532
142358
151256
809
131967
151536
64576
725
71029
64556
170442
56993
64825
14283
166010
63573
131967
14235
85902
117402
3141
184732
145838
65273
64808
1130
1167
114517
54768
117540
32090
62142
64363
143542
148291
60321
70954
87164
173653
64653
145838
64576
117264
64429
33500
114517
152152
132213
64402
66555
34891
64576
64459
57291
148292
132215
64440
168163
148285
117540
151307
33535
34190
64556
114644
60279
3619
162917
117540
158790
148291
70980
861
3120
158954
70106
114573
115171
64562
212
34882
11242
145821
11214
60614
67101
181891
64823
70932
64539
195
32382
71010
145817
132222
33575
64539
169478
165908
5442
64825
157069
7762
1744
34302
3289
57333
154094
132222
114644
114624
170455
71072
114877
118099
55322
132226
154094
64428
54623
161605
136768
55358
710
64823
64402
32408
32246
117602
72104
48915
687
132222
64357
122013
161605
64562
145982
132230
17398
115393
57201
145821
65867
6446
64442
154094
154094
134473
64442
64651
35988
132215
60871
64651
43771
134473
64357
145826
145821
58085
57265
52207
64394
5114
135186
139320
145821
65261
70186
1253
175569
181875
170455
132222
154094
32041
11572
64563
65834
64549
65265
17542
114422
387
3241
175569
749
145838
72602
36032
136768
180
64523
155499
132238
161605
132238
60316
34507
59666
32191
71202
118099
32017
171530
87152
114422
53290
942
139320
87137
64549
34008
118920
142351
11182
47565
3371
3748
64612
1287
155863
69643
149124
75559
119662
60748
1784
64612
114425
17607
152720
60849
32183
141429
60604
603
135186
59058
64331
118932
75549
53298
132226
152772
76387
132238
65258
54523
75495
64357
145825
145859
139317
64551
132238
173090
311
32246
132238
146408
61305
141429
5422
99008
152772
75495
65256
71234
501
5403
57876
64331
173025
189862
69310
152772
46884
119108
64573
73968
64596
34242
11293
185356
33961
116400
34665
133817
34501
32324
54733
57324
1370
132238
43856
75537
60721
43823
3098
153887
60407
170512
646
118932
133817
134027
53292
64573
187559
45139
182324
119102
17649
132238
87242
73781
1493
119934
83032
82672
2505
69310
132230
87225
67076
47521
6319
54402
31820
119789
87309
58024
117731
53292
122056
64336
31958
116412
83032
68852
43795
64323
133817
47362
118099
166497
7677
114624
75476
54715
145995
46611
67331
64386
75485
120568
134027
134461
134027
119922
33989
45794
51005
958
132230
46563
60830
65259
115393
32168
158733
64336
141890
115168
9330
118876
57577
32334
156345
64285
57495
84300
142032
118099
132238
137717
153892
8489
132238
134027
136766
2084
11071
68816
145845
1007
47508
119909
64033
132238
64323
64265
76386
141063
145839
14316
44971
119933
54160
44079
119892
9338
82969
120568
168795
154886
353
31815
64283
44976
53307
117745
62229
53315
141890
131422
65877
64294
68929
83948
119918
60728
63402
76389
117408
1626
64306
118099
60571
89898
46664
82964
48553
4655
116414
120273
134469
166500
135191
119934
116400
143606
64306
99006
170512
46833
53307
73819
141993
119796
10563
145841
143793
134473
134027
141889
75453
9345
66326
64274
54149
82964
32064
49520
64260
58027
43894
5083
131422
2989
82964
145995
32034
64285
142377
54349
119892
142035
75479
155654
73834
47056
116398
5700
53332
155741
66857
32897
3515
119892
34307
141914
43316
82575
89960
67420
118356
17694
45794
142043
131422
34078
134469
54177
118354
10645
1733
120046
122213
75750
131422
119922
7994
1520
53307
83948
118099
164046
54411
182324
67194
75458
153892
117408
46923
115393
82964
10684
191595
99006
45846
73248
9338
54119
9280
63784
148341
17719
34480
170947
119918
88624
73834
117264
53869
142043
63841
134027
88322
155741
75753
70205
67486
85608
90039
145873
9280
145877
64319
31757
8182
62249
48573
17690
115963
43333
140220
51000
145881
141970
32353
89960
32064
141921
4651
134027
2124
4694
63850
58631
188877
10604
10727
61052
63850
70041
51010
36448
82629
8653
35407
59783
155741
65324
67501
4764
141913
34282
3755
32937
63854
68902
86840
53867
34595
59772
134027
155650
82964
48588
2683
119892
1648
82961
2532
47187
59376
63828
63828
34323
184146
120043
142377
115393
63763
67501
72264
54113
48593
66126
2246
61024
59795
149116
63828
75753
51013
133599
9259
48808
53932
51000
169457
169665
4635
76773
43922
187220
134027
51101
142349
157468
35389
139317
82961
30195
63828
69981
70258
145877
133599
142349
184540
142357
43328
54250
34361
173416
65611
43333
63828
98948
157468
46594
2118
120043
3689
67495
61243
140220
149116
162619
11575
48573
35407
47074
48577
142377
76606
3687
35407
142029
53663
65378
142376
4728
182324
76614
135785
1771
47670
10842
147524
30213
4887
65390
8119
10732
31719
9245
170998
5465
61235
48845
75441
155650
142375
181865
43301
173416
51010
17767
59795
155236
45787
130647
35407
9279
160474
121568
2645
142377
59783
59777
133731
4901
67114
9280
59783
75587
157427
32937
88334
74227
141765
2572
59783
142379
30159
33067
181869
44393
35407
8152
157468
67116
162700
147508
11036
156747
34850
52944
49712
41790
147508
35387
73432
88292
10758
90038
6451
32457
48609
48609
54510
76546
8056
45039
142377
141752
132747
54029
53675
8564
9231
79028
43301
48459
156747
158099
49328
66176
30769
67186
181865
162700
44369
169665
117334
169558
152111
33176
48577
1793
34850
69954
8087
5559
148995
132518
82854
2010
170182
76529
52864
46389
48844
35407
67521
47074
158795
32457
52937
67516
53307
142377
187767
132518
49328
74227
61764
170998
34850
8928
48459
63442
142377
24713
162700
168802
31177
49712
155650
137097
61395
114390
38234
2704
115982
117734
43331
44369
134944
65418
41489
147508
33067
49358
32937
76571
35862
35407
10924
156747
154532
66084
132435
155650
41763
29481
54094
170199
31563
35407
130703
76571
11045
142402
58313
5067
4914
156747
38207
4818
9231
168887
17767
48609
13993
157468
116216
48514
45058
132271
187767
135702
5053
46389
181865
121702
65086
171074
31140
43334
10778
87875
11101
90038
152778
58313
49328
41714
37334
53602
43296
76498
66177
44283
58313
32457
48577
52759
49707
28745
131900
33129
186036
72474
41351
37268
41325
73241
181869
181869
82854
78957
146151
52820
53785
48587
58891
24738
49328
24770
33067
52761
158090
41714
52471
73418
73418
44282
76500
49662
2275
158795
34850
132660
29985
8732
24738
65660
41762
73418
59815
132518
44622
28148
54470
51041
72478
151747
67814
168866
66177
11587
8356
8303
76490
155650
46389
50931
58886
2831
37329
156556
86698
17049
43971
30088
72595
30520
17767
2891
187767
2031
29350
5573
30147
8911
65051
82854
24720
74135
53728
2905
86758
158518
87568
26208
61514
154824
24770
69012
30462
50931
51041
151909
25145
9277
69012
157434
86758
134838
5553
11065
75922
41601
88123
161806
24720
34850
24770
87790
24738
52847
151940
69012
41762
41601
85475
33067
45212
31304
41302
52510
28177
51041
155650
66433
29981
68509
59336
67336
38157
165952
32937
41351
8338
47839
25990
9924
5602
30520
132271
29966
78959
46177
53995
41601
29508
69012
52537
67739
26205
30082
24757
75914
48804
68413
33116
28069
3789
37268
24738
30032
166475
24766
181869
49713
50657
86758
24770
37084
73393
41520
30753
54106
41398
26205
158522
9905
31529
4116
24747
50093
14963
19947
3987
69275
14688
58757
53770
24591
141385
152788
17767
52681
58745
168882
178172
67175
14768
8906
30520
63923
24770
186036
86764
63334
54048
31358
115834
131942
87592
86674
41334
41520
151940
187767
66517
52385
11339
11152
24747
68796
63036
6369
44113
41552
44245
28274
41601
158518
63999
58556
41409
71492
19947
151939
53222
73538
71459
36989
30448
53788
184126
14361
30032
24591
47826
41398
31329
33077
154578
41319
72626
48119
50638
28232
3647
10179
73538
28953
9924
166408
24738
24770
28212
52721
82697
165952
152782
28274
151940
69374
50662
4054
131936
72537
24769
26205
41409
158018
31274
24591
158522
24591
58068
53054
68964
5601
7620
50060
5663
49165
28215
48287
75880
3445
24741
133148
41397
50625
24770
68442
31267
27798
43101
191109
59836
41390
24738
24738
86718
24738
66807
154528
24747
24738
50073
53001
151940
190781
14779
19947
3954
86821
41552
22814
74019
47473
32827
28216
8739
14361
54002
18430
22814
49354
9924
6424
24747
53234
48204
130680
24738
41520
24770
65548
151939
41296
21417
53416
71503
41409
46392
61456
177563
48287
45770
24591
19387
24591
67650
43512
24770
8907
24738
22814
16027
50642
164995
60051
5632
24644
57768
35205
184126
148517
157066
73802
4134
41251
151940
19937
31235
62912
44085
16049
41978
58938
67703
41409
44744
114364
66747
41061
28348
27743
72620
88651
38182
53031
50687
28238
35327
98805
85407
114370
41409
50578
30499
45917
53059
62959
48035
29071
22814
30499
45919
28997
24644
68316
62953
24747
49161
87478
51963
5760
4325
27967
40487
40540
53442
24738
36467
38379
28514
49427
16282
52988
49522
37112
9561
16148
46005
4075
24738
10076
33052
161748
24747
24591
14886
41409
41409
24591
24738
43006
41251
19560
191118
142670
52444
48287
59277
39362
146106
118687
63851
9673
84316
36983
184131
9710
28755
68596
5996
118687
50605
149280
50594
24747
22814
57747
54166
22699
49408
49179
28552
40456
188613
130742
48070
45638
37112
151940
41077
22814
178953
4210
50446
184131
40545
6161
82615
19430
36549
15973
15924
51848
36926
31374
31129
40500
134452
4026
11373
24747
68938
87451
24747
134710
149280
15126
31481
36659
30755
19430
58917
40545
61412
65872
29000
61158
6007
188599
57816
57758
27827
151939
52323
87710
48617
37238
156224
73796
184126
4203
49121
186036
62944
41674
133426
50566
134709
35856
29956
19550
9605
21417
156217
19454
47891
49396
24644
27916
50607
68979
45949
40593
45622
132341
156431
22713
28641
121607
48287
41059
38392
78802
42754
20969
50607
151940
43532
87429
68050
58362
45974
19888
10057
14822
27647
50356
10173
58917
98805
37238
133777
50448
132341
39147
21702
14812
151939
19609
46561
18503
49430
15870
79110
28764
156734
51887
72223
21417
131610
30499
50507
43922
19430
45517
45973
50382
39139
9691
170405
37200
39832
39179
40714
39147
65628
62343
24635
68130
28404
20969
36574
9526
19555
45467
39272
10090
39121
68056
11350
59262
6193
6141
38995
9968
43348
4270
115846
164995
22699
39147
19888
39147
49034
53414
154672
29429
10406
58918
52187
21379
43532
51848
38337
65628
44138
48212
8205
18492
143538
133617
46636
116452
50456
14533
164501
65628
65628
21927
133617
133617
59262
98807
61871
6132
8205
15129
39641
50325
28363
15227
9766
11340
19470
53414
49219
43532
27474
50335
26389
133543
6243
45308
65628
19888
58808
4254
78242
50400
38288
59262
4416
19430
43532
38970
23041
65628
67066
37200
15839
20241
14596
139393
19533
12955
38913
20111
22740
38967
20104
50415
49900
139957
59368
16114
65628
27409
30396
16023
36509
68727
37200
44170
9806
21392
38272
22699
19430
50325
44160
39880
39015
66957
68267
49983
15251
39862
19555
9692
43152
14845
59262
65300
58454
19511
31078
43532
12968
23947
44237
38954
29247
50415
38967
38954
37156
19474
19765
19888
45453
45267
50310
140168
9710
49076
148542
21927
19765
22740
44235
36514
88372
22699
21927
21522
154864
78202
10072
22698
39474
11350
43178
79001
48974
16989
43532
42708
20969
39932
9770
9799
19474
15215
16119
9710
43080
26209
50323
19470
52069
18444
18479
22724
65295
37200
19894
162116
21379
45213
39474
9894
21855
38975
115417
139957
38934
36574
139957
10023
38850
26389
65295
5725
38954
139677
21392
10023
39017
27571
71323
21877
76170
49821
21402
22740
48241
68318
117999
67054
20104
27304
42092
9849
6078
45122
13009
43532
19555
10023
38943
45320
22740
16146
36487
26389
42026
19499
39772
25382
62160
50337
23018
38885
29374
31125
59370
38825
38860
23915
20111
87841
19467
163542
88504
27280
23031
6329
41889
42595
131313
23354
19454
19555
42034
25251
17193
15269
19894
19470
26389
40749
85658
21379
139957
39950
21859
88638
50267
39765
22112
19430
40749
9994
70110
22140
19493
23938
10279
42640
38776
139957
19522
21340
48651
22112
38782
38825
19566
37200
133691
23001
41862
20109
13959
20267
18366
20239
36523
44002
32875
76678
87732
39453
60261
22150
43252
19860
23144
42172
9893
59967
32773
25425
50289
85114
21321
17011
15734
38780
25171
37156
61192
14328
19430
18446
10394
38990
15763
22113
50693
37200
19555
45135
76746
23064
39338
16866
21416
15806
39772
131770
58833
36517
19522
46019
75223
50699
23068
19465
40754
35423
35404
38777
40749
19430
89831
23020
131618
19525
31211
42216
38761
13515
74167
38781
19474
21377
20109
19894
39941
37207
11684
53583
22900
23309
22112
60224
42268
15203
25390
32862
19863
26339
13179
31134
74257
15298
19533
21522
42140
15612
131477
19430
11363
39310
88486
15528
11679
23007
59314
26307
22130
88504
23110
65246
53583
84950
40138
20111
58939
21401
15386
16751
74635
61168
20241
18281
122143
36633
20995
38741
19886
32711
46656
30999
37230
21696
37156
19885
18211
38775
19430
32879
39952
39330
49306
20217
40692
70427
14598
63474
19533
23930
40754
53562
84681
26014
19522
31002
21564
13244
37160
38696
42364
74326
16208
16238
116539
49717
59117
70555
74568
15767
75175
21379
18711
39702
19398
53583
32590
21245
38669
40049
23007
19453
116480
20997
38660
19543
19501
74779
45144
65606
42868
18339
39342
20110
42793
39962
13486
13294
21400
35716
32839
141468
87082
46598
15413
40379
17630
18960
15496
40152
18167
42341
46581
21820
17430
25291
13560
74615
20217
20081
15655
32629
31035
74523
21957
74999
58725
68867
38672
46201
78516
19451
74432
19429
11388
16732
21514
24125
37157
25734
46600
39691
13117
19437
39431
48155
133123
132918
74743
70335
63101
84856
62360
42491
19532
19877
46254
32575
13912
87631
13183
17856
15592
89797
38644
26167
17580
19447
38672
37425
46598
40384
84741
155423
21957
19502
32758
75646
23917
19400
32818
23007
37581
15434
13388
20104
20217
38658
76153
19453
37483
49907
84623
19893
69309
29485
44901
35874
38446
18155
118187
48930
18762
75799
38698
38625
16225
37539
19307
43015
39756
21957
63182
18782
43150
75690
19004
78890
37798
37451
20082
18787
13491
20081
74899
13127
19531
30877
84791
37439
48918
15490
84419
84506
16596
13290
62502
18000
64105
37568
118289
13840
19091
76114
32645
26123
30877
16921
147479
38625
84692
18839
86906
13726
19393
74936
88259
15483
20104
18239
38160
61566
22015
64068
75813
35640
84509
32539
79078
19905
35894
20247
37725
24109
37563
136470
31675
44916
18270
121819
20099
37535
45872
13605
75962
82573
20081
37544
47532
37591
32740
19408
115389
37725
48706
37455
19435
66426
63202
20099
17632
115015
158820
38015
76061
20023
133816
47528
169078
63723
84521
46590
16390
38249
20994
75118
25803
131884
32514
149251
89766
36006
84457
149480
38226
43618
35953
16687
19392
67346
18984
13641
25789
32671
19372
130785
37455
117676
22595
20362
37622
37622
18917
49667
38100
19435
38040
12774
87938
18860
52029
43618
18368
149172
38558
50246
13766
46290
130786
115045
19392
18132
13963
37482
70648
149168
37493
18831
82565
48749
84477
7342
66444
85148
16600
37493
16386
66458
75252
89926
25776
7184
17985
156509
22182
117682
131959
13791
32683
38114
37632
13817
19917
11805
12645
131245
141129
48712
16457
37640
157502
156530
19519
22277
19251
22182
37842
40662
137704
82557
19950
152365
156525
117336
37547
19372
156512
37554
152968
162357
22480
61834
52011
22182
71359
48707
43995
18863
61634
156507
32750
12033
11821
36195
11775
154740
162366
6886
147338
45071
37926
37558
67082
66469
22427
16704
16910
63709
38492
22483
16239
115806
149175
12159
149562
63211
152339
85148
13719
87914
82557
19223
53340
18963
181104
37852
12058
6879
46270
36089
53463
133554
62212
161815
6686
66475
154776
19209
11774
11767
18890
37855
157502
12670
156495
11820
181105
19185
16477
7343
78506
6980
6682
19041
43538
87958
87974
19541
166298
161758
156503
58563
7343
159194
19038
35795
154772
6948
181105
161758
11925
156489
43892
99056
12058
7385
152343
164037
36249
19183
84375
161758
148757
139538
156095
156097
62202
87921
157506
161758
187367
6652
37935
11726
47768
53505
66335
175543
44464
161761
36296
182240
87924
63964
149045
37884
6808
7930
37905
87997
18615
161761
154787
53495
25740
22343
154768
19136
156095
161759
35565
6694
66354
36108
161758
161759
133091
154772
191147
154760
63754
12849
155196
11747
11848
53489
68831
36110
11959
73555
139540
156497
49409
156497
73583
88010
35855
187367
23922
161759
158660
187367
172747
180474
180474
139627
155514
141851
11969
36249
16458
19218
6845
19145
139562
149567
61153
19168
152045
154450
6572
156094
16658
180474
19101
180474
148757
134985
187137
139531
61131
154972
73698
139562
149567
73641
66944
183349
52443
36409
35548
87983
140349
146872
175546
158598
53517
71466
139546
154761
64955
117942
88487
114891
162652
154747
17227
139534
73616
154752
149567
134866
61085
191306
12817
76330
149567
180474
175543
60040
139904
73672
139627
73712
175543
159046
186002
73661
117787
139627
61053
154746
73672
60040
180474
189902
73610
11857
73644
71479
134008
139564
139798
6878
66169
139534
63895
139627
76335
11969
73704
139568
71232
7654
69055
116022
73721
73705
12812
139783
154752
154783
73649
191701
132543
191676
134015
136674
6912
161759
61067
117793
73853
158598
154759
182865
170255
73654
136614
139580
12658
35545
170255
137697
6937
159048
139798
161835
117929
12083
66970
140483
87619
139904
117826
88558
139804
154785
16563
133999
67001
178435
184166
178390
131035
117604
12150
73694
73724
134331
157082
183914
117792
185589
86738
88530
184166
170255
188365
141340
117795
186553
139832
154779
155769
117851
139846
6501
139582
156197
185443
139195
139577
88524
87619
6633
140483
139582
191344
67007
61095
88597
17769
173624
118066
185445
117845
117910
7622
188739
6467
65746
67011
173625
12731
156427
187498
178437
134006
159947
183898
61151
185444
147610
187109
188660
142068
139854
139802
7039
139832
187109
61107
184293
184288
88597
35106
173621
170255
117889
148391
16839
166296
141339
35500
188740
139802
139828
173617
12235
6640
117808
7032
139826
61087
185477
155084
185590
148776
187244
183898
133982
117857
155768
154913
139800
131604
88608
133983
187244
98848
117912
65746
137319
155539
7567
133991
86746
139831
137497
139821
139884
139828
16886
155850
7114
61107
132827
67034
187103
146598
6604
139858
170042
154956
7548
139875
189517
185475
7558
139878
139884
117869
187104
117954
12118
146504
6506
139868
149095
6487
98848
12186
117894
117877
146589
7185
188827
17372
156571
137259
137366
185578
117896
170039
7165
135156
117894
137187
35516
140419
117894
117950
171539
140415
139157
137494
61107
12400
88610
62985
117898
132843
137238
11452
190787
7451
177683
117890
137390
146514
137389
156067
189886
147153
35516
6776
164663
137356
156084
12861
117870
137370
137372
14488
12284
137203
137334
164262
137342
12352
156077
137255
156066
156055
132873
137223
64237
142280
48615
141151
62985
7561
12448
35539
137322
137199
156567
137326
6758
7273
155886
156066
12859
7236
164660
16816
49869
177683
137227
48612
7221
137270
7293
162319
141158
149024
137272
137244
12396
35540
137367
164262
137394
137242
63646
137358
65932
153005
162103
141150
141156
47986
164666
12255
12837
7398
59195
164675
137248
67436
63416
16927
152674
17372
35556
12327
31645
149023
59190
137278
137275
59208
137270
12458
12586
137308
137286
12327
63416
137274
152999
114970
142270
58831
52057
137364
12531
12683
12492
141144
137364
152994
7535
163466
137287
88414
132421
12341
153001
153005
149020
12486
67287
159202
66478
174046
137287
66468
89739
116456
141134
152989
50188
162752
12328
59023
137298
7485
61599
149023
132212
152554
12473
132819
141105
135842
152976
71528
71513
137491
12894
137611
17325
7456
71600
59437
71589
12897
18598
7540
191279
155765
71569
12694
155866
137314
18645
31712
71722
12681
137301
132212
137578
137293
12474
155651
7964
152961
59456
142269
7466
159105
157700
16928
47712
137491
71602
71584
59403
12907
64877
156116
71669
59411
71638
61664
12864
89400
12694
152972
49895
137451
158766
49889
137360
137512
159086
46549
72033
157700
7479
137592
159128
7948
71773
162913
137568
137601
71749
7951
140179
59327
137406
12698
71265
139421
71649
72046
89618
146552
12800
89384
186007
166816
137448
89398
161909
59326
137422
12791
14116
89615
121873
146917
71645
137595
137541
89397
50040
137487
12783
7490
137413
169601
153827
7491
146537
178142
14128
71774
186005
7950
159113
18675
186006
72085
89423
14015
88050
115112
137425
184901
137426
71810
89404
156987
162965
186535
7501
73224
177370
71994
159547
186406
137557
170736
169649
71796
159096
14098
141017
89604
157275
71782
89430
114355
159556
189766
137562
157860
71846
156987
153835
14123
169691
156985
154939
156544
89430
89405
71977
134593
184515
59251
154292
131175
89521
157855
71806
71801
89680
50776
190965
182760
189614
171572
163226
7514
131223
89457
186411
156377
157843
179050
171575
177235
71797
188236
154710
89730
186419
156362
191934
169689
191996
182760
89718
158734
189340
159585
181679
184493
191997
182821
87635
89683
190204
73226
190949
157832
157869
71835
158995
186463
89489
159591
157849
134393
89723
156378
157868
171573
71855
71934
159632
180490
190670
154276
158314
71829
191021
141005
72044
157811
147426
159600
157829
169227
89467
156380
82478
191797
190256
71844
157831
156086
89717
159625
185220
157825
158258
191660
187990
157828
157796
156379
157788
189827
189636
157802
135891
185468
177649
181000
89494
7524
158248
190761
157835
156383
182333
157833
147423
157830
159615
156389
157830
134437
190973
191151
189895
182907
189945
182797
178555
89647
191682
169584
157875
135048
157833
158236
191986
136286
89576
173043
173041
71929
140203
157844
189162
89500
156381
134420
187496
172046
117318
158235
71878
157822
182793
157799
180307
157844
191094
191093
157764
162645
184365
189696
173969
180307
157794
136289
157830
130514
189915
179264
182298
82425
173043
122140
189696
190893
188879
189842
157852
182807
157857
134411
183341
180307
89643
158249
89529
185471
189696
157809
189281
157809
188879
164767
136315
82788
183529
80398
189826
157857
157852
158299
158307
72059
81333
147469
183702
190527
191599
158224
81776
158220
182551
164755
82122
157800
79595
147481
134505
188171
182551
136283
170601
88280
164746
71887
185544
71865
157887
79463
157882
188012
189023
81333
191852
188175
157812
79194
71952
188012
79982
164767
157804
189753
180107
161850
157801
183327
191346
79430
82238
89633
164769
81977
185425
157812
182551
130537
158260
140954
189820
72216
157812
157887
158328
81742
186577
79448
79877
164753
79180
164764
79346
148636
188037
89546
79174
89735
168249
182574
157870
89523
158329
81465
158326
151900
137579
79982
79186
79240
158331
168240
71943
188037
79412
157882
173008
79423
143583
167366
164765
141011
79144
170252
191743
170095
80618
164763
154594
157808
157818
185544
190448
157887
164747
79186
158339
79484
189092
191029
173008
164750
164759
79471
71866
79931
89565
181547
164763
158214
158184
177514
170096
82759
154713
168241
167334
186581
79288
79960
170155
79931
81004
152286
186392
173008
71892
80098
181642
79615
155851
189083
79145
81495
168244
191114
81112
89558
167377
191112
167377
181561
170155
168241
79499
80721
188193
191237
79395
79538
157863
167356
167377
71922
191545
79942
79667
190145
168244
181545
89660
154600
79293
172048
80157
177514
140310
177514
189416
72226
167413
157883
79961
182650
191119
172049
79597
79583
168244
79945
189085
158281
80029
80118
161426
79231
172534
182650
155918
188207
191115
80881
191410
168973
157890
167377
172048
79270
80696
157821
172038
79958
80129
167412
182651
79637
80078
191180
79914
80696
168244
140311
79530
80045
71901
181642
167392
81239
79583
191162
79966
82761
80151
157839
158176
71927
141671
80710
181514
79362
86631
182650
171955
89581
180816
168266
79223
172051
80104
188885
80177
80660
167411
157878
80502
192012
191174
81239
131890
141348
80502
117355
155299
158191
79859
168261
181128
72025
191765
79623
189090
191765
81538
80727
79678
188197
171959
189088
189082
191164
177242
80883
168264
146368
157877
79637
79859
72012
80704
80513
80502
80708
80473
170061
191204
79764
80603
80727
80737
170062
80048
173683
157880
168266
167392
168264
181495
80037
148925
79223
182651
191766
80507
86619
180836
189087
80032
185479
80669
191714
79639
80049
190199
185479
189097
183539
79859
80718
167981
158619
80367
80233
80653
182301
80142
189547
80057
71925
81285
188767
158999
80038
80370
141364
80049
171983
79668
183085
80186
182320
178703
80733
80421
180853
80737
191203
72095
191174
80534
192012
171985
80525
191586
81027
79658
80665
190581
80716
79792
180851
159026
80729
82369
141361
80724
98659
159032
180851
80065
80392
189095
189547
81361
189093
80729
141362
79654
180901
81528
191714
80397
81155
191708
182855
191542
80425
158313
80234
171983
183835
191783
81056
192010
167457
80672
81133
81301
80520
80063
80221
80270
80959
180881
177664
80520
79654
80552
81366
189098
189781
79744
177660
80403
81133
186563
191182
79710
182313
80228
190032
191195
81532
81189
81180
188869
80466
88677
191188
99042
88685
80068
184537
81408
80534
81622
79714
88659
81056
191784
184267
191543
160548
80253
80257
81240
184273
192001
79710
80108
192001
81412
82282
89165
177664
191348
81193
80563
191009
88714
80952
79714
81187
81227
81088
191809
81666
82183
81619
191557
88818
191193
81974
79734
81480
191785
166030
81599
79714
80372
170923
191645
80619
81559
80613
82514
81619
80787
189764
81599
82373
159870
81129
166026
191645
81119
80751
80807
80329
82485
89883
115765
81129
191232
159669
81721
79871
179804
170256
81693
173949
81503
80947
88763
131065
82286
191212
80295
190807
191213
116355
79833
189381
186763
80319
81318
81100
189379
80567
87705
81750
80580
81627
191215
81228
88711
81281
154575
81680
159517
159850
191296
80297
189377
80330
81645
164943
117481
81616
89005
89000
159532
159619
159516
88801
80858
81665
182195
162687
82528
81169
81922
81221
82281
82264
80523
81294
81247
191329
191231
191580
89210
189380
170238
81887
80310
80315
82273
191219
81278
159643
81670
159696
88776
81884
82431
81008
117485
80343
81690
88750
164131
81761
82384
80317
81008
191328
81603
191684
82520
170215
89014
149111
81269
80985
82012
80876
142430
81824
81967
170223
88934
81893
88905
188511
118045
80449
81934
81603
80860
191229
80443
89176
147430
81712
81660
159872
81293
170240
81991
191328
81804
81331
88810
81985
134698
170230
80349
81772
164264
81159
159859
81902
173643
159618
183371
81899
81952
81577
81226
88967
160159
88876
159653
82013
82340
188699
82310
131746
81019
81413
88804
170856
163480
80997
88852
89177
132304
81990
188705
80360
89161
80908
159628
81954
115170
89178
162344
159868
82363
81374
89163
88800
159729
159889
82348
82161
159893
81061
170897
82268
88830
170865
134706
190620
81920
89003
159767
146318
82692
189182
81383
188726
82227
172556
89200
88854
164314
186787
159755
82252
115392
169372
141319
81932
169083
89196
169369
188728
82020
81422
88859
159797
173477
141319
82121
82295
139459
89007
164326
89202
82259
82460
98928
172548
81852
82145
169381
89115
82099
115602
159785
82054
163474
155421
82039
82366
89039
173434
159764
155431
134263
159830
183307
89216
85351
98917
169188
81429
159819
89020
173497
159810
164379
89099
81835
85414
88919
158685
88952
89009
149028
82193
189774
160340
82302
173466
89095
159801
173423
173479
173453
149036
171320
89037
161833
182825
116513
89023
82414
89190
115543
169395
173495
189315
173442
133448
82448
173444
81877
89133
172779
89026
189322
89071
88286
89087
188174
171579
82307
132618
173472
187346
184299
89053
88956
82409
173443
173459
155407
159866
190987
82389
159484
191666
159484
168146
82314
187155
173445
146352
89113
178282
115609
149084
191853
189777
187341
188397
89076
81888
191242
122080
159485
190323
141381
173448
159473
132610
159480
191855
146352
89045
190337
154384
164782
132580
132645
189788
89041
173487
89078
132598
159480
173490
149078
89054
159476
89093
149081
189157
189790
132586
149077
190326
187345
190327
98621
191388
191597
191965
192022
173491
89074
180458
190468
189157
173481
132611
173488
190331
159491
188248
132571
191539
189255
190419
191069
190357
190909
191128
132611
191655
190329
132605
186769
190771
189266
191677
190892
190259
191965
132597
191412
190647
191966
132595
189261
191548
190420
191939
191469
189241
191752
132588
132590
191248
190912
191247
191938
190914
190420
191278
191300
190920
191278
191762
190966
191257
191360
191408
190889
191361
191358
191361
191277
191278
148142
148142
175184
178699
178699
98274
98217
165050
132244
94595
95091
98217
97483
97481
96573
96024
98538
