5333
5333
8181
1310
6277
3925
5333
6006
5419
3415
989
542
12260
8181
7993
9499
12971
7330
3282
3415
9499
8721
1150
11113
13659
9313
6060
3045
13006
11048
12789
7772
1794
14480
12070
1000
7336
2951
7772
11607
13659
1794
7330
7095
3161
1794
12105
3861
12070
968
8879
542
1083
13201
4784
9499
1794
1854
1794
9728
9010
9499
9265
2425
398
7095
11048
7095
8825
2500
6006
9534
10991
9499
3282
8224
1794
10462
6074
9085
13619
1911
7336
299
9160
2807
1794
8214
9265
956
11003
9283
1228
13797
6255
12356
7645
968
8873
7394
956
5655
12962
7680
14277
5526
1332
1310
13943
7993
2425
11311
14480
4726
10810
10149
9032
7645
1024
989
11607
132
14277
3082
7394
398
7772
8703
8703
8879
424
10170
9728
75
9728
3221
11048
1519
9265
9499
14262
9265
6383
14960
1000
424
13006
225
75
3861
8214
14262
1497
14104
398
1100
1911
3714
8078
7588
9032
14960
7572
2493
12070
8873
9728
5526
7394
9265
8078
1034
8989
5253
7645
2807
4590
1973
13619
11576
12962
3586
8989
9637
1034
225
9499
7645
13811
9499
8214
13254
4726
7645
7394
956
424
11311
11160
7033
9728
8214
10170
13797
6074
14480
13328
11607
4528
7394
7330
3282
1034
1519
10991
989
13160
9085
13943
9773
14262
11493
7394
7095
281
8639
12070
12105
11607
424
1100
542
132
10834
989
9265
9728
75
5080
9265
398
14480
5526
7588
85
5988
1083
8639
8989
7683
10472
1034
8078
8989
9265
10149
1034
9265
14523
2500
9265
3082
12341
1228
14480
9978
2631
956
4657
11113
13619
956
12070
13254
13811
1034
9265
8639
13328
12264
9637
989
1034
7645
13811
8989
5080
5162
12963
1100
9265
14262
8639
13328
9978
10545
13328
11576
14916
8214
75
6383
10862
225
1100
85
1586
8214
7683
9728
11311
1519
289
11607
9534
10389
13088
9773
7394
3082
8078
14480
9265
10149
12356
5526
5526
6572
7394
132
10991
8639
12991
11160
956
9265
6074
8879
956
1854
8825
9978
9265
12962
11311
8908
9032
13619
4972
8639
99
1973
13328
5162
9265
14960
2807
9265
11048
2493
956
7645
10622
9728
8078
4726
2807
11607
8639
5570
7645
9265
7772
6027
13811
1034
3082
6834
11576
75
11160
5526
10713
7572
3045
14262
1228
398
7572
12963
5978
13996
14480
9773
1034
7818
2493
9265
13329
289
7394
1034
11718
14104
1034
9499
11003
989
14962
12356
9265
10545
956
9978
9265
85
6383
13294
3714
13294
11493
14277
3325
3714
5978
9085
13811
13619
6027
12360
8721
5195
7645
10834
11160
13329
11493
9207
9265
1034
13786
8825
1621
1310
3415
4528
12070
14480
9085
5978
9637
8639
132
13254
1911
10084
3560
75
13811
8639
13254
3558
11311
9728
9978
4972
13254
9265
8989
989
3283
3558
3082
13294
1428
4846
10472
225
13294
1428
12962
8372
7818
4726
3082
4060
4534
7394
7683
14181
14262
4169
7772
8825
4972
8224
9032
12901
4657
1586
1083
10441
8721
8989
13811
281
5412
7033
11003
10170
6255
13294
9207
6834
3560
424
9085
5162
14198
12105
9160
5850
13619
3415
1034
8825
10991
12356
4972
75
11576
398
8908
2425
75
14833
13797
398
14960
6255
8873
5253
14104
5253
3325
14104
1519
6293
12356
7033
956
10745
3045
11311
6027
8721
99
10622
2913
6046
9773
6255
9534
6027
7772
10026
1621
5080
7848
11607
6027
1024
2577
3221
12991
8923
6277
225
14198
13797
1621
11576
1024
1519
7683
1621
1150
85
1621
8825
13088
5513
1428
6046
1428
11048
11308
398
6046
12962
14047
8721
5253
14306
6027
7772
7004
6572
5253
1621
9637
6255
2493
989
11846
9978
5253
11014
2951
14997
10170
5162
11160
9207
4657
12901
1434
6834
11185
8693
12979
13896
9979
11502
6027
11820
898
4356
8879
5513
398
11311
12264
6572
989
7004
1854
8825
10834
5513
321
9728
3942
10170
13328
10326
7004
1081
1519
1519
7848
9637
398
3045
1418
2425
7772
4534
6834
1418
1418
13668
8224
1418
12264
398
10441
155
10545
5178
10545
11846
6314
13201
10810
5412
8693
200
13201
7004
11003
5988
1081
8220
11311
12341
9260
7381
11846
898
10813
1497
398
10326
7848
12979
4705
9283
1621
11311
9326
9283
10462
11048
1418
13613
2493
11185
14047
1428
7967
3586
3942
11201
8372
13088
10326
9260
6314
9790
3586
3942
14277
10862
14198
12264
14960
3586
14523
3325
9283
8220
6046
254
8776
6644
12198
6046
1025
14224
4169
10786
1025
7381
14697
14697
13613
13329
9978
1428
8908
14277
10834
1169
12393
13190
7848
4657
11308
13896
7967
9207
11201
2425
3246
14833
9637
14185
12393
1418
14190
898
13049
6672
1418
6672
9260
7097
13564
3942
14190
9326
4508
4504
10622
12979
13896
7381
14047
12825
9260
8776
7381
898
6672
1025
14697
4705
11882
11201
1025
13995
8315
10576
14185
8776
3356
12733
4534
14523
8693
2317
403
14946
403
14523
14697
2577
9943
13103
6046
13285
10834
10144
13533
14047
9790
13055
4846
14852
95
12825
14689
13103
9943
11882
14823
254
10834
254
5412
5448
14689
3614
3614
8315
13055
10834
4504
6644
13055
403
1920
14487
6547
2837
10144
6547
11308
3900
3128
12825
3942
9326
13203
14073
863
12733
10204
6547
14140
12825
406
11882
13203
3128
95
14697
14689
13203
6547
12393
5412
1242
4514
13049
13358
6363
14823
3114
12733
8115
6547
3114
13524
13203
8315
6363
9860
406
10204
13190
3114
14063
13533
3732
8875
8115
12198
14063
403
14073
13453
12733
5448
5020
406
95
5003
12034
5020
7097
13453
14823
8115
14140
3900
2317
12182
13190
10144
2837
3114
95
4514
8115
10267
14689
13049
13533
5003
5767
12034
8938
13533
1127
8090
5448
12542
5053
5767
1709
6377
1060
4514
12182
1316
14852
6363
9860
13285
1831
14689
6363
909
2837
13438
2543
10237
5003
10204
9677
2837
14073
2827
5631
2543
1831
13103
1912
2208
12542
5053
14048
9860
8090
10797
9274
8875
2827
2827
8938
9016
5053
2543
14700
1269
2827
8938
6482
7764
1709
1242
14700
14073
12542
2837
13103
13980
10705
13355
10705
7811
13103
1709
5318
9016
1929
10162
1709
1831
8090
5091
14829
3152
3732
10705
10204
10705
12699
13453
13453
10705
4718
14219
10797
5767
10267
13355
2743
12542
2650
1326
511
2743
7764
12129
5318
12674
12574
5318
4627
2917
8457
9724
2917
4779
12228
3152
2743
6496
4779
4052
1831
7200
14441
7811
4718
14441
11852
10166
4052
6482
10166
6496
188
7764
11852
14048
4718
5767
188
10166
6496
13355
7355
12228
12207
298
10058
11852
6791
5748
5748
511
5748
10166
5748
9727
4110
12674
13355
12109
1168
9147
1168
13723
11011
6791
1345
11136
4779
10166
3651
8381
298
3508
11136
7159
11836
11403
8381
8381
1692
374
7355
19
4515
2193
11045
3508
10050
11852
13965
13965
2193
12238
12482
13965
3508
3624
12482
9623
2193
3559
2241
4515
11339
4083
8093
8093
12238
6887
3886
10050
12482
4727
6931
10050
10158
789
4515
6640
3559
6931
8945
10727
6122
5376
4235
5379
4515
6939
4957
11339
7291
7291
10305
7291
10305
10305
1333
3317
717
19
10305
13550
13550
5376
1628
2241
5880
6063
8944
3230
10468
958
717
5997
13550
1628
6267
4727
1571
10468
19
5376
19
10316
1333
14139
1571
6594
19
6267
4727
10673
4620
1252
7684
4119
10673
6267
1571
12866
1578
754
10468
2960
10747
1333
14139
1333
1687
4336
1927
448
2121
1252
11055
553
5042
13628
2697
2121
1333
2918
4079
11055
10821
4121
4121
7547
2121
4988
2121
4502
4121
4121
8611
7547
448
12866
9417
4079
448
7547
9832
459
4079
3850
12866
373
9520
8479
9237
459
459
5842
5842
1598
1598
13985
5307
1598
5307
2287
1143
13243
9417
1257
1417
14975
14975
12058
3041
4909
4782
14503
4782
9237
4155
14503
3041
14067
12194
14698
10018
3171
8626
13414
9237
14067
1340
6176
961
83
3950
6757
13373
12194
7359
12194
1032
14698
7416
10429
3895
497
13558
4909
2221
12585
83
1032
12585
3068
9770
6119
7359
5660
4619
8307
3422
8610
7359
9770
621
12358
14351
3422
4619
8610
9488
13766
11671
10018
10471
9776
1279
9776
13649
11191
10214
13649
1279
9967
3163
14920
3898
6505
2063
2778
9199
3801
499
1008
9321
3121
12283
12082
8013
3083
6155
2412
4291
3371
7898
13504
3083
8273
4945
5953
2412
3664
10290
2063
3371
836
1008
1976
9489
938
763
6617
2965
10553
9452
310
12255
8816
1469
6662
6827
6827
10630
8398
7658
4863
12143
996
310
8921
8816
7725
14300
4945
8398
7725
1737
628
4288
12698
5495
7761
10062
10924
182
1386
3511
2586
14032
7305
6311
3767
8398
1739
5357
6396
12727
4015
1739
6670
4498
4646
5074
1584
8729
10102
3872
6012
14577
5405
11343
5495
3111
10042
14825
1766
11029
13445
5054
5709
8005
7614
3872
2978
14300
516
10578
2741
3111
5495
9216
332
8520
8471
5131
3929
3952
6893
10121
3929
12053
11186
876
1691
6734
1369
6410
1465
9027
8520
3831
12939
2661
4715
4751
8471
3136
4349
13662
11029
4679
14496
14496
9611
798
8213
8291
409
9416
10498
13647
13283
3284
88
8062
4724
13365
13774
1299
3477
4903
2234
11668
6985
798
3298
4553
9559
158
8231
5066
3063
252
8062
825
10251
13662
4486
9559
10811
5422
1627
6276
2880
10491
2204
180
8062
2919
8720
8602
14233
6844
7248
7248
6550
2439
3593
2919
12021
2330
8602
11085
12384
5373
10824
383
9814
5060
9365
4231
127
13737
4550
6747
5
1431
4484
2136
5414
4880
12245
13932
10111
1165
4124
5886
2327
13376
2034
10686
5886
6184
3341
2814
7351
12990
3537
6883
3697
2204
8718
9249
5638
11845
12384
4484
13548
8832
14974
3580
7439
9331
8745
14358
7438
5906
5
4681
10494
4849
10165
12862
2230
312
6904
11384
5
8876
11006
13528
12666
3184
6097
6855
3486
4849
9486
4925
10674
2409
2938
5763
10674
8876
5340
5142
647
12862
13148
3184
8358
5
4134
5019
8206
7221
4761
3565
3438
6406
4287
7668
10559
1114
1802
1557
767
11844
2750
13601
973
2324
3300
163
9521
388
12094
1115
3618
3427
5791
2651
3892
9349
12666
5
12094
6196
6196
10633
1414
8358
8225
9345
6110
9840
609
3439
14725
6196
6511
8170
13266
1802
769
2622
388
6990
11300
11318
13266
10633
434
6863
4975
1864
3427
6911
12126
11242
7900
9566
3288
8536
13761
14725
1858
6196
6110
5794
8530
4066
1712
3554
11478
7876
7733
3941
7682
2906
10861
11469
9594
11439
13416
12196
8269
11891
1756
6632
14968
8109
7365
3286
755
2417
4259
4074
6269
4004
2792
434
10078
7876
72
1208
8109
4443
12169
13336
8861
13359
4985
8351
13330
3662
4187
13561
9726
12246
8094
1864
13665
13299
2766
14836
2417
5134
2268
11022
6982
8102
13299
3810
1422
3542
11931
11318
12404
6360
9341
12246
49
5586
2029
8109
12050
9173
5179
1864
2623
13330
5891
5221
9391
9924
12185
8126
9173
1230
9835
9780
9034
1681
10270
6384
2623
3591
2066
5891
11876
10283
11730
9034
13665
623
3561
7035
8742
1230
14583
14098
11707
3810
14970
2
3839
3173
4100
14098
2173
11876
9068
2732
12776
11751
8995
10627
2004
14895
84
2532
9391
8109
1453
3689
12023
11556
11578
14999
8995
7577
13994
6574
3975
2776
6040
3975
368
8340
14909
14049
3531
7851
3746
381
10801
13333
5737
1681
13661
4607
11578
6781
8340
7556
7506
7710
8340
11578
5012
1680
5831
13736
5635
9789
5737
5961
10627
1567
1401
14038
1554
6040
13333
10801
14026
3304
13835
5429
10364
7963
4179
12397
3975
4278
368
13835
13994
3531
7385
232
10627
1119
13922
7011
8995
5811
14125
10072
7142
1212
7839
573
10567
3780
13850
5900
9515
1050
2552
586
311
3413
14049
9054
13736
13736
6849
2397
4765
10748
2782
519
10585
381
5481
965
4163
5741
232
4278
13444
5961
2552
9536
10511
10449
14569
7839
7959
11333
266
14796
10627
3675
3256
6771
9110
2056
12711
6348
13623
1721
3434
4733
13623
3626
7479
10072
13736
7959
13277
8621
14569
8097
2520
4278
5481
4303
5349
14649
2183
10046
10072
5016
238
13205
8777
7706
2782
10785
13674
1124
2707
2748
10473
13115
14356
7855
13736
10748
4643
8871
8289
8583
9110
10511
7706
7332
13623
2552
4497
14633
9682
2111
469
9138
1845
11999
9548
2384
14963
9131
2552
5016
13205
2648
10072
7550
10791
5349
12158
5433
9142
640
8097
4025
13119
1124
3331
3588
14942
4648
10194
8294
11118
5809
11134
7844
9033
12958
4118
12158
12128
640
7777
1472
7855
2441
12128
9138
13066
6775
2928
4873
13136
5911
12894
3333
5933
11504
11118
12324
6626
13136
7346
6730
12884
10720
1632
238
12578
9318
11380
1238
10785
10463
7429
10989
1857
2349
7844
14633
3331
12578
6537
8294
12454
5963
13033
14865
2133
10284
5963
5963
6730
14942
10943
4889
1870
14509
9902
13012
9527
11966
6499
14633
9902
10107
9055
14551
8699
10370
7346
1238
5180
11134
1660
2326
2995
9137
10785
4328
4822
5413
9908
13541
13063
1885
6086
11954
10033
7407
1238
6832
3658
10186
3730
12841
10252
6477
9495
8384
6177
14964
5047
272
14743
14594
13546
4305
7837
11954
10717
2394
13162
11594
1821
11268
1574
1238
10317
14551
500
5303
8077
5266
1870
6566
3133
10101
1184
12313
7718
6888
7267
2158
2934
13275
2342
14633
4089
3595
4256
6787
6850
11152
7574
2724
6579
126
902
8356
14633
10649
5834
5108
13679
1574
3658
1447
10088
13743
5108
13534
4822
9656
2342
13162
5257
6800
7596
7692
6538
13390
5776
7339
1821
3720
5998
9196
10457
6774
4595
11152
1404
3367
8798
10385
13721
8356
11722
9864
6347
3372
6389
11303
9008
8089
3720
11303
2483
4334
8953
8682
1432
6538
7339
3367
10457
6934
14404
5115
11605
1650
93
9196
315
14404
10310
14339
11089
13390
2927
14915
10006
5362
2656
4199
2052
8838
7735
1246
12758
10356
2619
2172
5362
6137
13581
7708
6347
1678
701
9470
4294
8429
3309
12303
1258
12913
14339
3311
8800
7129
8510
9514
12924
6614
14664
11588
13968
1373
10017
10017
649
11303
2323
13645
649
8953
2487
12472
1678
5588
13940
12107
4857
1673
11269
8418
2109
4022
3544
6754
2253
1651
9668
1876
2575
1843
5043
11588
7639
14971
14786
6992
6304
3094
7372
9632
951
11286
13646
11446
7894
12216
5928
670
10505
5599
10006
14160
12498
6843
6737
9244
13135
11221
13676
8680
584
11994
8988
11317
1011
2939
991
7519
12498
12630
1758
9556
13947
13599
2649
5733
6512
4158
2783
4690
8914
4307
12967
9103
1953
6166
12498
1742
12726
1715
844
12002
3211
2644
9244
12630
5423
5078
2892
12681
9363
4372
4129
14009
620
4501
11988
5293
9000
8182
1565
14506
677
2465
12587
11709
11420
14461
4241
14029
14414
14927
12368
13249
11100
13812
10347
8859
2059
6398
14679
4930
11786
2722
14180
14461
14733
5695
12084
1072
1884
5695
12726
1797
11545
5662
6398
6427
12084
349
4241
2558
1797
12743
2876
7990
1547
3877
5656
8468
5258
2250
2866
14265
5656
4135
6935
7319
14733
4307
2149
8492
2347
6152
14733
14955
12728
11778
7877
7808
12667
14867
8474
2496
13840
713
6897
3293
3007
4129
12743
13812
2250
12625
14337
7115
14695
13949
269
13324
14993
1412
6554
1825
7223
1004
5231
10765
3293
12667
10838
11646
9506
2629
10796
12705
5435
12643
9467
8157
4296
14931
8732
9945
1790
8599
1653
14261
10451
164
3414
517
5797
1550
13855
12206
10685
1902
14695
9323
9197
734
11079
5231
6101
13102
12284
6638
11641
13521
11741
7182
1312
11509
9135
5176
9448
4120
3057
1099
414
1982
329
12705
6946
8219
2867
4732
11079
2867
6691
10521
5176
7254
12639
2585
7865
8757
10951
3445
3485
12672
13284
6041
2265
1210
3253
3866
8928
1562
12569
4912
1479
9323
734
1508
1148
4205
1479
8015
7189
9091
3961
7405
12911
14097
8430
5451
2585
4331
4225
2752
14611
2752
8469
11829
9124
1896
4365
1913
10804
2709
707
14097
9479
2645
4331
9435
7209
11351
10253
4205
2734
346
1610
14368
12672
3244
11952
3096
11063
3227
5097
6545
9479
5328
1018
1610
13848
13882
4188
12552
12097
3322
3322
14737
10804
5670
1934
8251
5249
5044
1896
11010
7149
1958
2734
7333
14737
12271
11349
270
7741
12635
14368
2300
10929
6444
7709
14097
10254
9435
9403
4466
6272
13869
2935
14194
3214
14890
12611
5193
14194
12981
2154
4725
5724
4673
13271
1287
1071
10873
3290
4563
14371
6945
5319
10929
11572
11474
1003
13882
7613
515
11474
8889
6372
7071
8251
1899
10856
5193
827
3251
1934
1003
11501
11572
2749
450
12611
13050
12981
524
4600
7984
2704
7510
11092
10465
11474
2716
7275
6895
270
10540
5191
935
8643
2662
4598
2047
11322
5960
12496
9735
11780
12097
10858
2971
12097
12746
3719
7501
3833
7293
2968
5295
871
5184
14533
3677
14308
9139
10540
9239
13686
11572
2912
1073
12190
6480
208
7984
5981
12258
12097
11880
10433
12637
2662
10689
9892
2419
8412
14650
12546
761
5295
10800
14650
12426
7386
5331
7471
6707
5067
4671
6768
9239
14650
14165
14822
7630
14478
14855
12575
12916
10188
7010
14600
12465
4558
12448
8108
1728
7638
13958
12359
9177
9383
12736
9861
8796
12444
12835
7771
9657
4164
6851
11336
598
791
13337
9525
5623
3639
7883
4558
6865
2054
10188
6707
12917
8796
5591
7918
796
12448
466
7250
8591
5860
1458
2092
2820
4403
8317
13100
12465
6241
303
6130
12035
12239
6768
1091
2030
7194
852
2030
1429
14497
3670
5699
7626
1009
5687
7918
7681
3670
5443
3634
12359
12480
4012
287
7059
2283
3077
9154
3535
11647
14555
3930
1626
4036
12352
1309
2030
5106
8204
2407
9476
7483
336
7424
9062
2655
8538
11247
7424
9211
14393
1810
13348
12038
2761
13448
9043
4641
2946
4148
7483
3268
2105
14587
14295
5427
12982
1309
3628
2761
8200
9785
12363
14264
8012
9394
9925
3769
6095
9120
10075
4369
1992
8831
8386
367
5567
5876
5475
14017
3939
3889
2449
7522
12456
11209
14843
2037
9357
5918
7191
2610
4894
12843
1265
2946
14888
1528
5371
2025
11761
9053
1897
5661
700
10187
8584
6336
508
9310
1700
9537
3368
2420
5368
6881
12805
6649
3964
11023
9537
7412
8764
3391
4037
13087
13884
7287
8695
7591
1799
7509
9848
8584
6533
13703
2332
4722
2674
14481
10135
10156
8674
12221
9583
4791
13814
5326
4892
8752
5595
11125
5595
13210
1126
3052
12532
3242
4947
11416
1499
14980
6104
1724
14647
3979
8609
4125
12208
2449
6326
2609
4192
5279
7600
566
3388
4160
14124
1725
8794
13126
1247
7290
12631
11758
10762
4592
6131
776
12209
10574
7412
10510
10990
1607
11388
8487
6642
5324
14174
12377
8223
6325
10362
14981
8487
10375
10222
11224
4680
1346
6284
2887
6892
10359
10788
354
1801
9324
794
4852
5478
9513
4680
6148
14354
7633
3382
3526
105
4976
3151
887
9327
4721
9361
9159
2953
14384
8042
13870
11565
2019
1543
3137
12112
14407
10969
1360
10439
4392
13672
8256
12108
9963
1247
3859
4096
5628
12560
9271
13983
105
8203
9772
7227
7615
7184
10849
1684
13953
11491
14715
11288
7277
4902
2454
11645
10415
11922
12447
10561
5530
6828
12447
3472
2369
2153
3172
3705
6361
7088
9772
7987
10035
4399
2590
6322
2019
2117
11682
12853
2921
14370
8038
10820
11736
3657
8034
9354
3657
3883
9412
12064
10201
9468
13953
12335
5833
7644
14644
2507
7225
7184
1684
7829
10145
7499
6065
1289
9220
1190
3856
12172
11865
6673
5415
11736
1080
12619
10338
4575
356
6653
7534
2195
4719
14529
14670
14470
7849
7533
11672
2159
4885
8183
12075
4668
11524
11196
5150
1989
6738
3436
12506
3815
12156
4551
5511
679
4948
2883
10352
5486
3528
11672
2288
6673
4649
14018
11422
4363
7062
12413
4551
4316
9826
6524
10125
3663
7349
10642
11196
13305
2163
5261
6820
6194
681
7343
4222
11353
1659
6738
13892
12285
10456
2270
7167
6908
12706
9842
5377
785
10325
14130
6051
14317
6498
11211
11721
5826
12938
3017
14453
5278
3071
630
10609
14717
13892
5630
587
3865
7396
14572
13110
5048
10932
2309
7573
12166
5363
7834
5871
768
756
12114
678
13700
10076
6675
12414
5006
11913
6750
7628
1359
5952
2753
2753
13092
4445
12474
1303
6344
4244
9222
12856
1128
14284
10965
12466
12119
11934
5878
7513
228
371
4827
3361
14571
12583
8846
1128
4193
12856
11942
7504
11335
11861
5852
13938
228
617
8815
11281
9384
2488
5852
7423
6501
13194
4444
5952
2002
12114
2215
11075
2885
3269
14015
652
13644
11997
11548
3426
13798
2799
12988
11661
10458
6071
14275
13410
5684
8000
11032
9218
9740
10171
716
3446
14201
11358
9401
14439
11867
5878
7491
5061
5673
2882
5967
5153
10400
9415
6260
11173
13157
12900
12376
2799
144
14676
7581
13157
5543
721
13741
10341
13977
11948
2442
14620
5562
9885
10982
12475
14676
721
13427
14450
13427
4059
1067
10888
12588
13751
594
4931
7090
2868
14450
10324
11648
4246
10784
5061
11133
4354
7090
7134
10450
13023
9152
2041
14440
365
4265
8652
11855
11661
4003
2338
14951
3038
4344
654
14275
6114
4839
8882
11943
1786
2242
10027
7090
1803
4617
1997
5046
5061
8887
5668
11031
10901
780
10699
5046
4931
2788
8298
13640
14046
10323
11312
14137
10931
4246
8057
2152
11054
2777
1452
13261
12450
8582
2042
12338
11943
5013
2788
7232
5810
1254
11133
14222
1134
1997
10324
297
11067
10699
12252
10516
14089
3383
14364
8345
13889
6872
11065
10577
13434
10495
13751
11848
11116
8244
686
12338
7801
2785
14691
3142
11799
4266
7695
10151
1552
1335
5592
4251
4535
10512
11848
5226
10577
191
7715
2785
10140
7461
12009
8985
7759
8635
9047
7878
4286
11729
12092
3985
12321
7232
9236
11799
14641
9094
7366
9469
9432
3090
10512
7235
10151
14629
7377
13781
9157
4376
482
6306
6676
10133
9094
10133
8617
657
14883
4220
14837
136
4376
6948
2672
6116
4420
14328
6186
11760
10512
781
11009
2206
1029
11379
7192
2663
10646
5283
3557
8488
8441
4955
8587
2414
11564
5729
14027
657
11627
11908
2467
3086
7461
13818
11440
2322
6306
3346
1881
10520
13195
11729
14568
4520
7435
8482
13489
13818
3016
2256
7933
11564
14045
10470
4240
5795
13288
2509
2035
6439
12810
119
6748
9593
10520
8021
7881
988
6500
11532
10886
8574
1671
2666
2116
9778
7820
8190
9206
10181
14547
11379
7779
4808
11627
4297
8851
13069
14443
6814
11632
2320
11971
119
13877
12810
12649
11664
8171
6141
4348
217
9678
13872
9272
10793
2666
2116
5955
12649
3649
7024
14656
14887
14433
7335
9526
14061
8189
11695
5769
4666
4346
3959
8716
2134
2858
3912
4197
7815
9526
5559
7037
438
2113
7978
6652
13878
10278
7779
4414
438
7969
1667
4622
7335
6125
4473
6652
7570
14773
14204
8814
13423
14559
12242
10994
13181
8006
14642
6125
6125
8233
12309
14248
1171
9017
11042
12813
14152
13272
10054
9017
9497
13969
5708
4780
10315
6960
6558
8605
4045
7989
13813
4264
12813
7699
13927
4537
438
4780
14282
12095
4414
9663
3747
4635
2580
8366
8868
5781
6695
14204
7458
7989
14549
14433
1306
3742
10136
4473
12830
6598
10488
6679
13563
7867
9504
2175
10136
13935
11025
12527
1616
11025
2890
2175
13272
248
13070
8522
1176
6300
2958
12704
2445
1250
12591
4080
14549
13881
7746
3522
13070
14559
4820
1961
775
4556
11376
13813
11950
942
1961
3522
9189
14114
7378
7208
10313
4662
9234
9771
6819
9228
1814
13020
429
13571
11466
6300
12864
6953
8769
12451
13070
920
920
11376
12436
7113
12089
6300
6953
3386
3802
3836
3407
8195
4223
3796
10843
4941
5411
3476
14313
4661
4602
11950
805
7258
1996
2617
13957
7196
3545
12089
13874
8840
11101
12545
4217
9406
8001
6022
12545
3386
13304
5021
1250
12451
4830
7667
3743
9088
10504
11013
2818
8267
8227
13982
12556
11374
12553
11287
13874
9066
2445
3821
7921
12620
14313
9241
3980
10299
13286
9066
13085
7720
12695
1698
2481
5127
6231
14941
4744
12149
1812
11272
4956
4333
12690
4517
2443
4217
9209
8979
2445
7982
11684
7322
8001
12089
13573
12261
3679
5086
11433
11290
7720
3688
4438
7052
12402
4438
11287
5593
10299
12089
3135
13309
12274
8979
11241
1215
1288
10300
1372
6308
7982
3679
14405
3688
3688
6785
13899
9725
7357
3375
4176
9674
13430
2456
6308
13496
1727
8496
2481
7322
1575
13421
2985
2456
14091
1450
9194
1863
7376
992
5593
12695
7089
11272
885
13286
6963
3768
2546
10093
1450
13014
275
5130
9241
14924
10795
5528
11699
8576
8990
12690
12902
7057
9029
7196
13430
14270
9098
4279
11742
13286
13221
12690
9725
9879
3135
11699
13014
2456
11699
12877
5299
8701
5621
936
4517
9223
7902
13256
2456
11088
11714
13075
14959
8990
9538
8973
9552
14959
11020
1640
13430
507
8760
11699
11692
5796
14646
9725
2546
13415
14546
5813
11027
8451
3688
5749
13430
13430
2924
14477
3737
2956
6032
2310
5022
10532
3329
7357
11692
6219
4546
12708
2888
441
13075
10970
4667
3329
9194
385
14142
2162
8820
9393
9981
11020
5796
7711
2710
14008
10562
12837
3329
9194
14211
41
9167
12326
7364
5621
2956
936
8820
12859
2932
8756
10573
4981
492
14991
9433
3990
3329
385
13058
14785
14301
3225
718
8332
12724
7966
13035
936
9194
4981
9433
8332
14220
8756
9334
13971
4016
12389
14991
9666
41
12708
12479
9226
7852
13035
5606
5682
10620
5843
11352
11216
6323
12724
492
7050
3688
6544
8132
6689
13230
2404
3109
13058
2529
11828
6544
9337
4462
12551
10708
492
4469
13230
12837
8756
2147
11258
4469
7716
14008
14220
12389
14722
9309
12777
5022
9695
9557
8756
13399
11949
41
6470
7711
11352
13399
13747
14253
9586
9441
492
9298
2355
5011
11949
6986
2478
12087
10981
9977
4064
41
13399
8646
2484
9781
41
6373
13399
9490
9786
11765
14722
3990
12837
8332
8135
8332
7966
3067
14459
7172
14220
14785
11949
13242
14008
9586
4610
5011
11563
9977
10029
9298
492
4434
11229
13081
4064
10679
11258
14459
13399
12827
9278
492
13399
5285
8052
12323
14722
9490
7852
12087
12087
6373
10679
14631
9367
4809
5976
14378
11949
5011
9192
13399
14256
13098
12827
233
3977
9783
9890
9367
13399
13098
13098
11401
12476
7172
10082
8134
6808
4298
11986
7763
9367
10782
12113
6217
4794
9443
4794
11573
10939
6808
9783
11573
625
10902
13098
3351
10487
12018
9490
9350
13098
13688
9729
12842
5487
9729
10981
3977
233
625
10977
3847
14722
11499
11797
14299
10977
10939
4146
12087
7763
7261
13775
13535
4743
8259
12684
2196
9367
14299
9359
10782
10902
6619
14378
2274
14276
12087
11797
13506
13429
10082
6808
4298
10902
12567
13098
7294
11445
13098
9359
11284
3351
13098
3993
10487
11573
7886
9890
2321
4794
12766
11371
1512
9441
13394
11606
9350
10704
14109
7521
9183
11499
1512
13429
7542
11445
4805
10902
8259
10081
13535
11284
9890
11723
2321
12369
3870
10704
13098
11895
12113
1484
9483
2518
14088
10782
6115
13098
10782
9192
5387
14019
8237
12806
7739
10902
1872
8237
12806
14276
12468
6467
13394
7763
14276
13535
10782
12567
12534
11823
12567
13512
12468
13242
14109
7294
14680
13428
12505
2499
8237
4664
7886
5954
14088
2176
4805
10902
14811
11606
6446
8237
14634
6467
589
10296
6070
14680
7627
11371
9483
6434
10401
14930
6713
6070
14616
8268
9374
7739
14616
9460
12806
4805
14616
4805
2660
12468
14501
4805
11617
1872
13512
4805
13015
5892
4805
9895
9374
10432
7077
8237
13902
14930
1872
14615
12656
6434
14322
7954
6070
10782
1872
6287
5717
13918
13015
5242
12505
8863
13770
14525
6717
12468
10240
1855
5242
13522
13202
13015
9460
8696
3993
5984
588
13967
8978
1601
2746
11617
2049
11606
9715
6740
7181
2572
14206
10753
14206
11043
8562
8906
1601
14525
10432
9460
1975
8072
10895
8072
5820
2503
4453
11452
6446
6602
10240
588
2813
13830
13027
6952
11591
8072
13128
5820
14771
13030
11044
11591
8906
14373
8906
11591
4377
8950
4926
8414
8819
6602
9715
588
10864
14329
13902
14340
9431
11452
14083
1504
9431
13731
2813
4672
7686
588
10306
8072
11043
5100
14615
11921
14615
10348
12205
5648
10348
12640
3770
2408
4189
6602
6803
1504
2877
10051
8072
7387
14615
1504
1504
588
13627
10610
7387
5213
8819
6419
2908
14892
5648
8137
6952
14615
11775
11817
10755
10130
6836
14083
4926
14771
14873
8731
13290
8504
10575
5096
10807
4189
13250
13164
14329
3576
13426
5840
13516
7387
13426
13149
8137
11775
2070
6296
12136
14507
1338
3606
13426
5213
2908
11213
7369
13627
11777
11480
5840
176
5637
12517
13426
2879
10755
176
10130
8761
3974
8137
7530
4663
4479
3213
12057
2070
7280
14040
5096
13516
6717
3615
13727
12136
3615
3615
3615
11479
11777
8221
7530
10306
4723
3615
14329
3606
13426
3909
11775
13643
3615
5096
1804
3615
10575
10575
11775
13009
8137
5165
10575
13009
12057
5294
11480
14247
1804
13426
13675
8565
3615
3909
3615
3625
9862
1804
11775
2879
1612
4723
8731
1804
10028
3606
3615
50
11817
12832
3615
12516
4041
3615
2991
10028
4449
11777
8167
5637
3615
3615
6030
13873
7530
14730
2947
1932
10575
3625
3615
14287
3615
1804
13727
3213
13643
3213
2408
2357
14287
14076
12419
10976
4991
7369
12136
8565
5637
5294
4041
10407
5224
14287
1804
3615
10509
6861
14507
12516
13009
13250
3909
13675
8565
12310
13643
2947
8515
3615
9533
10199
9533
3615
12136
10199
14287
2379
2357
12516
10407
7370
14066
2379
14066
9929
3615
3615
5165
3615
14730
1804
4723
7186
9821
6712
13675
12387
14167
14057
1804
9575
3615
12517
2343
7672
11651
13643
2947
1804
11651
3909
2161
7280
633
3615
7186
11618
14921
14057
14502
14076
10274
9821
5165
14744
14066
1804
14066
5294
14066
3615
13009
12469
6531
4041
1804
10279
14230
11998
633
10199
4041
11816
14066
14287
11305
12473
3555
12233
10771
2161
2450
6388
11967
1804
6388
14287
8498
13790
13009
3789
1804
10976
10274
10407
5096
6388
2357
6531
3615
2861
13643
10199
14244
12387
12516
14066
1366
12524
10224
13675
5321
12807
12521
8854
5321
13009
633
13009
6030
13596
12473
2947
2379
10407
12233
12516
8390
6823
4041
7643
13009
14066
13009
1804
7058
13924
10199
4041
2821
11618
14744
743
10407
4991
1307
12563
11098
14744
10224
1804
11926
12673
10199
1804
7643
8455
13009
4774
14127
1753
14127
743
1804
11618
4041
2161
13643
8983
8515
10527
12516
11926
13675
5096
11998
4041
12516
7643
13009
7643
8854
9575
1804
1675
12516
13643
4041
14127
4041
13139
2821
14985
13939
10274
13596
10199
10670
14341
4041
14593
14244
12747
8983
6388
14838
7058
12473
10199
13675
13311
12473
11926
633
10199
14744
7643
12524
12747
13675
4991
11673
892
10279
13467
13675
11354
13467
10199
13467
7058
10670
6773
13009
2161
5692
14127
1131
8370
5899
8854
13790
6894
633
7643
1645
12910
13467
10199
13467
13467
10077
12910
8127
5899
6531
13643
10274
633
3585
6780
11166
8127
8265
7729
3000
12747
13467
9565
3380
12308
13009
12516
3190
10199
13009
4991
13467
14094
4041
10480
13467
14739
11098
13009
12103
1366
14838
13009
4516
5899
13467
13467
6030
177
14244
1307
10294
14431
5899
13009
10480
7058
13467
6388
10294
10480
5899
10103
14127
10199
2379
1398
8382
6531
1675
12910
13467
263
14341
7352
3000
13009
10771
6823
4986
14127
12308
263
4041
633
7040
4041
1366
5899
13009
3585
10103
13502
263
5899
13467
5438
14744
5899
12516
10372
6199
633
633
14744
13009
3000
14898
8127
1307
3000
10683
11355
14127
13467
7729
10480
12892
1922
10103
633
1398
12861
4927
5899
11734
14756
13009
12516
8127
10779
14593
3946
8127
13502
10779
2947
12747
1307
11354
14604
3673
14739
8127
6172
10369
14391
13467
11372
11372
5899
10779
10480
11332
4041
4986
4041
3946
14242
12180
3585
13301
6773
10199
1131
10199
11354
633
4516
10681
8127
8265
8127
10945
4516
5899
3869
2555
5899
892
10103
9149
10945
2379
10945
8127
8370
12025
5899
5899
12180
13467
11098
12336
11923
13467
1307
2379
14605
13837
6262
10945
11673
10681
9565
14847
7397
4991
6388
11785
633
6901
10945
4991
11372
11283
5899
14847
10199
8127
10480
13974
11785
1922
6172
2027
13974
4986
14605
3380
12747
2979
11372
10199
3946
5974
13974
177
9830
13467
6531
7040
13467
10199
10779
14605
3673
11372
8628
10372
12747
14756
2027
14847
11372
14431
14605
12804
1307
11734
9830
633
263
10945
13974
1623
14605
12747
10945
11354
276
10199
12964
12025
11372
13974
10945
5899
12292
11332
14605
14605
14605
14605
8779
14605
11785
14593
8127
14605
14605
6901
10077
14268
5438
1307
12857
9149
14605
14094
14605
633
276
8678
10779
5438
14605
10945
11785
14242
7100
8127
10945
9089
13990
14605
3650
5899
6262
5509
14605
633
9738
14605
11372
8628
2979
633
7241
14605
8127
12747
14605
8127
14675
14268
8045
10480
5438
9738
5899
3380
14605
6172
14391
7753
10103
14605
14605
5015
633
2980
11941
12804
13479
8045
12857
3946
10611
12025
14605
10611
11785
10025
14605
11785
13974
7058
8370
11505
7451
14605
7673
9830
7241
11941
11372
14605
3475
3673
13820
14900
13618
11735
9386
9627
14605
9149
9386
9171
14828
11785
10737
9738
10480
5719
14886
14389
10945
14605
5899
11926
5899
11033
12857
14605
3475
2550
13990
11941
13974
14605
14886
63
10945
11372
14605
3650
11941
11372
8127
12757
12292
7606
11372
12747
1307
12747
5719
9627
11941
13618
3650
14094
12747
22
11505
276
13529
14900
1413
12111
15000
22
11941
10077
9830
14389
13820
250
14605
7606
7320
14605
9089
7753
12857
1623
8127
8524
11941
11941
10945
13529
10945
8524
3000
11505
10945
9738
8423
10480
3777
263
11941
11941
7320
3475
8982
12747
7397
11941
6265
7100
12804
9738
12025
5501
3272
12757
13167
7241
2979
870
10480
7451
1420
5509
13167
3946
8982
11941
13167
3000
250
11941
10944
5438
13479
10945
11372
4161
11941
8524
11941
7753
10683
9738
7753
13167
14389
870
870
1106
10945
8524
14605
10219
14103
2944
11811
14605
1413
14900
7606
12757
13777
13777
263
10945
10001
12292
9998
7753
13167
3991
3000
3272
10611
14605
14605
870
11372
7224
63
870
14155
13941
11372
2027
9714
3991
13777
11941
3047
10737
9136
13941
13941
5438
11255
10403
10737
3475
6901
10611
11372
10945
14605
9714
14605
14605
870
10779
3047
13941
10944
14605
8685
11218
8685
13479
6355
8636
11609
12025
13167
8524
11941
4081
11941
3475
8423
9738
4161
8524
2550
13941
63
10779
11785
13941
14605
13167
6809
11372
13941
13167
8685
9610
9303
3475
13941
9998
5015
8685
12111
14605
9303
7320
3047
11941
13777
8974
14828
14605
3869
9083
14605
3272
11811
2944
14605
14605
8982
14163
9102
13808
2944
2944
8685
4161
10403
6265
10737
13167
10403
11735
8431
14605
11941
9464
12839
11232
14979
9690
8685
2944
2944
14155
9998
14900
11941
63
361
13941
9738
10737
9610
2944
870
10403
4063
13897
2944
11785
11941
63
11218
13380
9464
12598
1106
14605
11941
11897
7979
6340
11941
10737
5015
13777
6230
2944
9738
13479
9083
2944
8423
14103
5672
9995
2944
12757
8982
6809
9893
1984
6340
14605
10001
13808
8071
13167
8982
870
11609
13941
7224
2944
2944
2944
4161
13753
10403
12390
250
14567
12757
13590
12839
14548
6380
9464
9995
8685
9083
9714
11255
12719
5237
1750
8795
9386
3798
10219
11366
11941
11941
3798
8423
14567
10944
9464
774
7320
10403
10971
361
2944
9995
9995
4161
13357
8685
774
12701
13167
11941
9426
13167
11366
2944
9136
8071
11897
14324
1750
13590
8431
2606
14567
9464
6809
63
1750
13357
12598
12602
4081
14121
11137
9998
4221
4221
8561
11552
10506
11609
11609
8795
10971
11298
12719
4221
12608
10506
3599
13908
6380
9136
10737
13760
1413
8974
10737
12839
8982
13941
6340
63
11366
9995
13760
14279
12608
14324
9083
10710
13655
9766
1636
13808
12298
774
5409
11552
9824
7719
13167
1750
14203
13941
13357
11744
8997
4221
361
14324
14279
4063
14567
13834
14279
12390
9995
2944
3563
8156
160
9995
14121
11087
11366
63
774
13941
9610
12839
4938
8685
11912
13268
12719
8228
13760
5409
63
14548
774
8795
6340
859
2944
10358
6106
10710
13908
6809
1750
430
6230
12350
9426
4221
9766
711
10600
14279
13357
63
435
160
11897
13908
4315
12598
63
9766
8561
8228
12298
8509
12735
6106
3599
12608
1959
10600
14279
11912
12497
10506
1750
7979
14602
2606
13392
63
13908
10358
14548
4315
12598
12298
13039
9995
11744
430
9426
6240
9426
2606
435
2477
14324
4221
1636
2428
6355
11087
7310
11897
10710
7310
295
11912
2606
10016
14324
430
435
3599
13908
10710
8509
13834
160
10971
12422
2428
859
2428
10971
12350
711
12735
3599
2428
6010
12494
14121
2606
12608
7719
11270
3599
6010
13475
8670
3807
10712
14279
420
774
11927
3599
13475
13760
12277
6240
9766
11927
1595
12351
14653
4221
11744
9995
8228
11912
14324
12834
12701
11637
14279
13760
6380
14279
14128
6240
14460
2122
9964
13590
12497
14550
4221
8228
12007
4315
2477
10600
11087
8228
774
12756
6010
8670
824
13268
12494
14550
11137
12351
3599
13760
8509
12497
859
14653
9231
13730
728
1096
2428
2606
9231
3599
12834
12351
13730
2122
1595
11655
12007
9766
3807
2122
11270
9545
13760
295
8228
7310
10712
12298
12671
11961
13475
1096
8874
5778
7719
10712
8391
13625
11912
11711
1096
12351
1595
14550
7656
9964
14279
12735
7719
5148
13051
1096
8874
2124
1096
1096
3807
7719
14203
12497
10657
12602
9545
14374
8228
11236
12350
1959
13475
9119
9545
9859
11106
7979
9545
3026
8354
13730
3599
8133
11453
4845
10055
7707
7073
5488
6240
9964
12455
8509
14374
1595
12014
12809
5941
12014
14550
2012
11655
7656
11106
12701
6010
14279
4407
6010
7862
3065
14374
11704
1595
1959
11521
1595
8917
1808
6010
1270
14138
14781
13397
12351
11453
8391
12834
13475
12148
5778
11711
1595
12148
1595
12497
10776
7707
6010
11236
12350
4845
6535
9964
12602
5890
13517
10600
711
13517
5148
14901
12014
13051
13440
2801
10055
12148
11236
1808
11396
8133
8133
14312
9119
2012
14138
14657
11655
11744
9545
14374
11396
3145
10657
4754
2124
11984
12654
8874
12863
8917
4845
1595
12497
2124
13622
14781
11711
5778
12701
13588
10220
13517
10626
3969
7862
13595
14374
10688
11453
11396
1595
13475
11521
9545
8133
8491
13600
10399
7179
14374
8917
14397
11106
133
13475
3065
13600
12305
2012
12435
12455
13051
10688
4841
9186
5778
2012
8133
133
14755
5778
7203
14312
8101
14312
14498
12863
11704
3145
8101
13397
13440
11521
7862
9231
12959
13733
3969
2012
8491
1865
8917
8491
2012
3969
1956
11106
7179
3969
12304
8499
13125
7203
13556
14312
13622
11453
14312
12435
14374
14312
12144
10220
14374
12144
11521
12435
11521
13517
1930
9187
12809
8101
1406
2527
13517
7707
10626
3910
3969
11396
235
1407
14153
13517
12144
14397
1098
13822
9859
133
14923
12391
14657
3910
12455
11968
7203
12305
9952
1406
14755
12863
11236
3969
1930
4754
14780
1098
13625
13517
14312
11984
7203
13588
1379
10434
12435
13733
3971
12885
2898
13588
11704
12654
13600
12435
11521
14498
3971
14312
14312
7179
6956
10399
1865
1328
7179
6956
1815
14907
3969
11104
14755
12885
14498
11582
2527
11521
3969
11106
13622
7203
14397
7179
12304
12144
235
14498
10688
3910
12353
10817
1328
11104
10399
1930
3969
1379
3820
3820
12782
13556
3820
6039
3820
3145
12144
1328
11814
11104
14759
14678
10612
11814
14451
4841
10848
3910
12144
1930
6039
1328
14780
14558
14153
14498
9074
9884
10817
12353
12885
7203
9288
4422
3671
10882
8098
1407
235
9286
3671
5578
3820
9286
1328
14153
3910
10185
7545
13171
12885
235
1379
10848
6744
9286
13822
8144
11139
65
3910
11968
14451
14934
11410
4485
1407
235
13588
9093
235
11814
235
14907
8499
14153
11814
14923
14558
9884
9884
3910
10612
10185
12353
9952
10882
6324
11533
9564
12348
13839
1098
10817
9625
4758
14020
2898
5578
3910
9390
12353
10848
9390
13588
8880
1328
6744
12348
4758
5578
14907
10185
13991
14751
14117
12353
8067
11139
12782
8766
11533
11814
9625
8766
10434
14759
11968
4422
14923
8172
6039
14020
13171
10185
9564
10059
2729
8067
13018
1220
5885
11533
10953
235
13056
12048
9286
2328
14907
1002
13839
3671
10817
2328
5578
11533
9390
4992
11410
9093
14117
8880
11123
11139
11423
11854
9286
12348
10185
13056
12048
13056
4992
14451
6744
14759
12364
8098
5578
8144
13171
8172
4422
4758
10044
2328
4422
8098
10953
1078
10059
6687
6036
9564
11814
6687
13356
6036
8194
10953
2328
7555
9093
11423
1220
2729
9390
4422
9581
3428
12048
10020
6409
10682
2151
8172
1078
12364
6324
5885
11583
5885
1078
13150
13615
14020
11139
14751
8067
1078
10882
8099
13356
10319
12364
11977
14213
12218
10059
1078
9031
6173
14117
14810
4758
11021
12348
3359
483
12348
8194
10485
6526
13056
14686
11139
10953
3764
14020
6036
4992
9390
13018
4758
8880
7034
11496
14831
483
483
5885
4054
12218
13847
13991
11896
6504
13356
1220
10903
9581
8099
12348
7545
9031
6169
2328
483
11423
483
4054
6504
8067
7271
2646
12218
11423
14686
8099
14810
4758
8172
12218
1387
6854
7271
10772
8099
2725
8172
3764
771
2151
10319
8880
14751
3359
10044
11977
7609
9031
9581
4054
13356
7930
11021
12218
174
5455
10675
14175
14117
12888
13847
6409
6504
6504
3359
12312
8349
1078
7244
6854
3972
14598
6504
7930
8527
10044
14686
6854
4384
3429
11423
5584
3126
174
3359
6627
13732
6854
14954
6854
9680
13150
3126
6854
10020
993
9553
4038
3359
11957
3429
10466
7198
3972
4398
14598
993
8666
6169
9681
8194
3359
12439
14175
14810
13610
7831
943
11021
7244
6409
6926
12396
10772
14095
14831
14598
3429
10379
4398
993
4899
9141
8056
10466
12241
13150
6442
7631
6854
11896
6854
2725
993
3972
3429
993
3359
13847
10044
7198
9346
14305
4384
3338
13313
3338
2696
7782
14305
7831
11483
993
13322
10232
8194
2696
9553
14724
7198
8404
6926
13127
10131
4611
14095
8054
13732
6169
12396
8606
14869
14627
7174
3126
13322
14598
8606
3429
3878
14305
12439
8404
9141
14598
12241
13127
14869
14869
4384
11546
13313
993
13847
3972
3783
3429
8210
13313
2696
13313
1387
13669
7546
6169
489
8404
2614
14627
11940
307
2696
13045
307
489
9606
8573
14869
7782
10988
4384
14095
8404
7082
3192
7145
3905
2725
3338
7198
3783
13732
14869
12345
14869
8475
3429
6442
14305
7974
2937
11483
8970
8054
3655
7183
8548
13593
5389
8548
1566
10232
1566
9141
7198
2497
3338
13322
7145
5138
13437
8463
2233
7183
2233
3458
9346
3458
5587
13322
13313
489
8656
8573
8548
13648
184
11835
8548
7183
14598
3783
13437
13003
2696
11546
5600
8404
8054
13669
6923
9411
14869
7198
13045
3612
3878
4970
7145
4970
2497
10718
7782
4611
778
14869
8472
184
8625
11289
3878
778
7183
13669
6998
7535
7183
13313
8598
12500
7782
7974
7535
4970
8548
8625
10723
4314
9743
1566
12101
2497
7974
11483
2696
12241
8054
8054
5265
8656
3458
13127
3905
14724
7183
13176
778
5085
788
9743
8472
8625
8472
8625
2038
13322
1566
2233
8625
7183
10558
7782
9411
7724
3458
5085
4609
2341
3131
5146
14092
7106
9411
7996
4314
4314
7314
8625
1566
10749
6998
5265
9743
5085
14092
13402
9743
3458
240
7551
5265
778
788
6279
5175
10558
3878
4847
14724
184
13003
2686
5146
6955
8472
3131
7535
13235
4314
12101
240
3501
6955
4314
9747
4847
5175
11289
5688
3196
7782
10718
13061
13176
2686
8625
2038
11863
8625
4263
6279
10146
7974
7782
7781
7724
6955
2686
1900
12500
4314
2696
9926
3568
3196
6805
13411
184
13061
351
240
5085
12091
6955
5688
6923
13905
2686
8656
5146
10155
8092
1566
9366
3568
1900
13648
9247
2038
3196
1900
2686
7106
3501
13402
14092
351
1759
8377
1759
11597
7819
5146
7313
12287
4760
10718
13279
7022
5146
9114
1759
14761
8533
5199
12500
832
832
7781
10749
2686
13905
7974
1842
6279
351
8791
351
9517
3501
9366
9366
1392
7724
10057
13235
1905
5310
1842
978
8377
1905
10155
4847
7106
9304
4877
4351
9114
1759
1759
4858
757
8377
5175
2329
8533
2977
842
3196
13308
9696
10057
8533
5828
10146
9926
4760
1905
832
8436
5909
1905
6631
1905
11265
1392
1759
2329
2686
3196
6502
8533
9608
8533
9926
14402
14749
3501
4112
2329
14761
8092
5036
9247
10269
1392
9608
9114
2677
13279
8092
1759
13518
14753
6643
842
14801
11840
8241
8377
13308
9114
8106
3330
832
12154
5828
3066
5909
11571
8533
12741
10217
8436
12154
2677
8241
146
14753
14753
14753
14864
13308
5909
12154
4760
1842
6183
296
9366
6183
6631
7106
10269
462
8241
5909
832
4858
14753
8436
8904
1905
296
1900
10057
13518
4877
8533
12287
1905
14753
8087
14421
8631
8106
14863
4457
747
2329
11265
462
14402
7106
296
9926
12154
296
12741
7236
14753
14753
3784
10742
296
8436
3066
14864
14864
14864
6502
8436
296
13518
13749
14863
9761
9165
4877
6183
4877
14864
1905
8087
6183
1842
2677
13704
10217
8904
3330
14864
3330
3150
12154
10045
7106
14864
4457
2438
11529
14864
13920
13377
3166
10702
14864
6037
11519
10702
9165
14753
4772
8087
10045
10702
13704
5036
11265
1905
5312
14863
45
6502
7106
9761
4858
296
3330
8901
14463
747
12741
3906
10045
10552
14864
14774
8436
3906
3906
2784
5440
12333
11708
14753
9523
13594
462
14864
13794
189
3906
12987
10207
14864
13518
10643
8218
4345
422
3906
3906
296
14864
1905
12741
462
6037
14463
3906
10742
9165
296
9818
11519
10702
6037
10207
14753
8681
5312
45
10045
747
11519
7945
296
5347
12941
6052
14402
8373
12741
9306
11649
932
4345
2438
45
9958
13375
4457
9761
12987
11557
5036
9165
11649
2784
9165
12154
12333
1272
4457
3906
12333
472
11708
3906
12449
10207
10207
10207
11310
9040
13738
14864
6984
6052
4312
9761
3906
8218
14864
8373
13738
5312
4738
422
4838
4457
14463
10045
2438
4312
13565
8552
3906
12127
14681
14864
5313
8373
8681
1272
10243
11019
4345
8087
14708
5317
12154
13698
2791
10045
10207
14864
472
9958
12492
10702
11708
12492
4327
10045
11708
10207
11653
3906
7951
14864
3667
12449
14774
8218
8847
6657
11649
14774
9344
12492
9344
6037
10207
12492
3906
3906
10207
12461
2171
3354
10496
13345
3906
12316
472
7398
6037
8373
2237
11833
5313
9761
7893
3550
4345
12492
14463
3825
12492
7893
45
12492
12492
10702
5347
12492
10207
2237
10207
10794
10045
12492
12941
12127
5313
5399
14463
2596
2237
4327
3550
4345
2237
3906
13698
2852
45
6037
1263
14716
10045
2237
12492
7398
2237
9664
3906
2237
9818
12127
13345
9560
6716
12845
8245
11084
14463
9246
2438
2852
8245
4565
8835
11517
9344
10893
4327
1941
7398
8373
10877
12800
10794
8552
5313
10207
10333
10207
2102
10794
12800
14463
3201
1272
3825
6613
12714
4630
324
3906
10207
2540
13698
11517
13065
14463
10207
2237
2102
3200
10333
2540
13065
6609
13654
13405
5313
2237
3906
3550
6890
11057
13654
12492
3818
14463
4318
2986
10168
6890
2237
13681
8373
10893
3157
9761
3846
10207
2102
14307
4018
10243
5313
2237
1941
13405
13405
8373
10744
5313
3200
10207
10794
3157
12492
3681
6329
3157
2784
9306
6890
1941
3201
2673
10744
3201
6635
1263
12316
3982
8364
4318
2237
10877
1573
2739
5313
2237
12127
6890
2596
6890
11057
13950
12714
5120
10794
3374
1263
14307
4562
4318
2237
2167
10168
1263
6890
2237
6234
3374
2171
12492
12492
7775
5313
8364
2102
14591
3374
3157
12800
14320
10534
6635
8835
3825
6890
13654
2739
6890
5476
14591
10534
2673
10794
6234
4318
4630
12138
1395
14055
6890
8835
7311
11907
13568
11517
6613
13405
8572
2171
3374
3374
10247
10534
4886
7531
14307
12714
3825
6422
13654
6890
6890
2102
6890
14574
1771
12412
3982
2237
6622
13654
2698
5476
13654
4481
1761
3374
9509
5779
12714
2237
5158
10173
12539
4396
11759
3966
8376
3374
4562
11907
10825
5311
5754
13374
14727
3374
3721
3374
337
1395
10118
2739
3374
6422
13654
12539
6890
14307
10825
3818
3157
3374
13950
5039
13654
6890
13950
12071
4630
6890
6224
8376
7465
13931
5039
14574
13654
2102
12762
5758
11759
7465
3873
12071
11369
11666
5758
11759
6890
8753
10173
3374
13382
14186
5158
12408
11870
9782
3374
8302
3374
13034
12071
7531
13034
1323
12539
3157
14255
12071
6622
8376
3681
3374
3873
1886
11554
9834
1886
7623
8376
3157
2102
3721
11142
11879
8376
10247
1761
8753
6213
6890
9939
6213
5779
13568
13382
3374
3374
11203
1563
8376
8376
8704
4562
3157
11759
10173
6213
3374
1771
10247
5158
12408
5311
12408
3510
3681
7775
6213
8376
12408
3374
8376
9456
4630
10118
8376
3510
12408
11759
1771
8592
6132
10613
7026
3374
6841
3157
10276
1771
11759
7914
8726
9878
2878
11142
4630
6213
11203
11554
3374
8984
3374
8376
6799
9878
9291
12767
9878
6783
1771
6321
6783
3590
7531
3374
2087
3721
9878
14591
12762
8704
5039
11203
7914
12539
14025
3469
1037
9878
3208
3982
1501
1037
3374
7026
6213
1771
570
11879
11542
5927
11759
6811
8272
6213
12243
1847
1847
36
8726
11759
6213
13587
3469
10875
7075
12539
9111
6783
8753
7623
8376
9878
1847
8853
8753
6213
8853
12539
12071
12586
1847
12071
3913
1771
2266
3374
10247
10276
3982
11879
12539
12633
4989
6422
5927
1501
8376
1847
12071
6170
7264
7443
8131
8376
3469
3774
12071
6213
14133
1847
3374
12071
12071
12651
13185
3208
12688
9878
6357
9878
14062
8684
10613
10613
6811
12539
302
12633
9111
8177
3931
3590
7845
12065
5927
9878
9878
1020
8177
3374
3208
13587
3642
9878
4574
12539
7571
9878
7443
3774
8853
11471
13959
12071
12539
8055
9878
6476
8154
13307
11879
11153
10639
9268
12408
8853
8055
8376
7075
6213
8853
6213
8272
6213
9878
6357
12539
8462
7264
12539
12633
1921
2266
11893
8376
8376
12633
1847
1175
1847
2266
3774
1527
11471
8177
6335
3966
7619
36
8376
1771
8684
4921
8376
4921
7303
7070
1847
3529
6476
4385
6213
9867
2418
4921
12408
12539
5369
14552
9191
10247
1020
12361
1775
8154
14133
1501
13959
6170
7303
6793
12539
6213
9878
10097
1847
10276
7070
9191
11153
13682
10179
4921
1832
8177
1847
8853
12467
11635
13537
6213
6534
14566
1175
4417
14752
12467
1847
4385
9878
4687
9176
7303
3165
13307
7303
8592
5764
9878
8592
6045
8055
14062
8177
13270
7264
6213
11153
1771
3642
12633
3774
1847
12467
9878
8177
12065
4000
14752
9878
305
3774
9191
8853
1020
3913
3208
11096
7303
1832
8881
9878
14411
14752
10230
6534
9878
2418
10230
5764
1847
2675
14752
2266
954
6213
2962
8881
4921
305
7303
11593
1847
13499
9878
3931
14566
1020
14566
6045
3462
4921
8481
11096
14566
9867
11153
14062
12467
3816
10179
12467
1847
11636
1771
14411
305
9899
1775
7303
11096
7470
1847
8640
9421
3462
13806
14566
8592
2680
8881
4979
12633
4921
14552
3913
4000
1020
14566
9899
14752
10091
9176
13913
1832
14411
12889
6546
6451
6534
11788
7303
8640
9125
9878
1771
13682
305
1847
3018
13538
1020
6796
8284
3774
1847
7470
7934
3816
8177
9878
13537
6534
4417
9176
13185
7742
14752
7470
13806
8853
7188
954
3774
10230
2680
1425
2962
5764
3504
7303
7021
9176
9421
9899
11096
12633
13010
6796
3193
12983
9421
6796
7303
2266
14729
4921
8638
1157
13454
12682
9503
1847
3393
12467
10658
1123
8640
3208
11593
13806
8177
13888
12467
5764
7470
7731
13499
3193
11153
3774
11918
4979
8640
8853
1020
11096
4921
13537
706
6688
8640
8235
6045
12633
11096
11153
11965
11965
12467
10314
954
10658
6796
4388
8771
1425
13913
3816
7470
2962
11965
2266
6796
9503
12918
14566
7259
11153
13913
7188
10091
12467
2962
14752
2962
13806
5169
8347
4388
3393
14566
11153
305
6796
954
4465
12467
6451
4921
2680
11965
11096
4388
9899
14752
11965
13499
14566
8177
2377
3462
11965
1157
5169
14729
8177
1425
2886
7674
7742
11249
6493
9899
10314
7259
8638
6390
9421
9899
3728
11412
8771
7731
5169
954
13913
9820
8177
6796
10142
8569
7620
3816
3774
3739
12173
3739
8735
10314
3739
11096
4342
13270
7303
7303
8347
1425
305
3816
7303
4388
4670
3728
7742
10775
7188
12682
7303
10091
9425
13806
12467
4388
8735
6149
7620
12467
4670
12467
10665
6796
7620
11660
3728
11096
4921
12906
6451
8920
9899
14752
1425
9503
10091
9176
11904
6390
2625
12173
8177
4388
14024
10541
10541
6149
11412
1348
6796
13215
11965
706
12467
14752
1889
9899
4670
4670
4388
11662
706
9392
12520
5752
3181
3536
526
532
2625
4465
11096
1157
13341
1275
9392
7086
8690
14566
3728
526
4921
14024
305
12906
9811
4921
13341
8177
13341
7188
12467
10961
14986
8771
11965
10474
5033
12022
8177
6796
13341
9755
12173
3728
2886
11985
12022
10665
8569
14524
14986
2561
7470
1157
7086
14866
2680
12467
5171
3672
14472
13895
5752
13341
10665
11965
11662
14866
8560
9820
2680
14288
1917
6042
8149
13341
9392
13895
7242
14752
11096
3672
8638
4670
9392
8638
11412
9392
10474
14752
532
10973
13245
8235
10335
1157
13341
8569
11138
3181
2303
7188
14866
9811
8117
5171
12165
13245
12165
3181
6042
11096
12467
12467
3739
11904
11965
13237
3181
14986
11096
12906
3181
12547
13424
7447
4638
13424
9436
12520
6416
9392
8569
4382
11096
11096
10973
1348
13341
11164
11904
3181
5171
13341
305
6796
7470
12707
11662
305
9050
7620
4670
14986
13895
12811
8235
305
13341
4638
9974
2561
990
9392
11985
13341
990
8569
3581
12811
14866
9838
1962
7477
12427
4638
3181
12022
6149
6149
13237
9820
5171
9838
5171
14524
14986
6042
13237
6411
646
14684
14866
14472
3164
14524
4567
1275
7447
4465
8665
3686
10774
9838
13341
4638
11904
646
11096
8771
7477
6796
9096
9755
10142
2303
13424
5541
9838
14986
13341
9961
2303
5594
2680
13447
9654
7949
10774
2680
12000
1917
526
8735
4670
1962
990
8872
2130
9609
11985
7188
11569
6796
9445
6082
14986
12707
7447
5541
9820
4142
9974
8560
7470
4638
4638
9755
14472
8569
10665
4638
6796
5541
4728
11285
8569
14684
11164
13346
5696
2680
14288
4567
9050
12427
11965
12811
6796
10580
6796
14998
13424
12811
12000
14986
9838
9974
3620
11965
11985
2680
11665
2680
6796
14986
4638
8569
14288
1917
6416
8735
1838
3369
5857
5992
9838
5696
555
3369
1275
10774
14524
4638
1917
13341
11963
9961
3164
4768
4638
13447
8623
13346
14254
3686
11285
5696
4670
9436
11914
2561
5696
8665
8569
9609
14741
10726
8569
8569
2130
3620
7477
13346
3686
14687
5541
14998
7949
5594
4638
6416
4638
7447
11985
1054
3686
13251
8569
10774
3369
11285
4567
957
2561
4638
11285
1917
1838
9961
14684
2303
10774
6416
9096
13424
4142
4638
14687
5594
13346
14684
6317
5508
6416
5857
5508
11665
3459
4670
7447
4768
8623
11665
9961
11392
2130
646
13346
12000
4950
418
13341
8735
8569
8623
8719
13341
1838
280
1917
9009
5696
8008
6654
5696
12000
14687
8895
8922
10580
14876
4670
13346
8569
4571
4670
14741
353
14803
2137
1793
13346
957
526
3459
10726
4670
7949
1054
3369
9838
7354
5335
13118
1793
14254
3369
5992
4638
957
2539
5335
11285
3884
8895
3686
10397
5696
11878
9449
13346
9449
5594
5541
11963
12248
7949
3459
8569
4670
10831
11285
14986
12273
4470
6957
14986
10831
11408
5894
14359
7354
280
2539
280
11120
2471
13341
3686
3459
9449
6583
4142
13118
4470
8008
4275
7354
864
11665
8623
1054
6136
6654
14986
13118
2539
8719
3686
4638
6583
4571
5669
14998
14986
6957
9407
10980
4638
3884
14803
14687
10980
4638
5335
6957
13041
9519
11878
7794
9407
14986
6957
11285
2137
11900
12049
5594
7284
2539
13598
13598
8922
4275
13826
4258
5541
11408
5594
5565
4728
6411
12628
7266
7266
4470
4567
8922
4258
3884
6136
11654
2123
7354
4638
4950
11654
2137
9519
9838
9113
2303
864
9838
2303
8890
14986
14986
4567
4567
4258
14986
2539
5968
2137
2137
12373
14768
6957
13598
4638
10980
7231
8623
4638
11665
9113
8365
12378
5992
4638
5370
5897
2137
4567
2539
7354
9407
6656
9407
11408
8365
6957
2137
2123
384
7354
4638
13118
4638
529
2137
384
7266
11665
13346
5992
12263
3369
4571
13863
8526
13598
4638
11359
12561
7266
1054
9296
10778
9838
12318
13184
3620
6762
5897
13184
5174
4571
4091
9609
11421
4571
14768
12317
14359
7266
5992
11665
2525
9407
5188
13598
6762
1054
6762
4638
1054
6136
11665
6654
5669
11665
4258
4571
12317
2137
5897
12248
11329
2539
4523
14323
5897
2539
10831
5565
9838
5188
5370
13598
6762
4638
10831
11490
5879
7525
13041
10002
10312
4638
4258
11872
2525
280
14511
4893
4571
11421
12744
11878
11421
9113
5889
9531
8365
4258
11650
11421
12000
4571
12317
7266
8422
4571
400
8138
5694
11490
5992
565
11421
12248
6136
9505
3506
1293
4583
864
12561
9675
4258
6478
9609
3834
4583
4258
10438
4005
14363
4571
3766
6957
10624
4571
9711
11421
3620
12886
484
12273
4258
7503
4950
6021
1297
1436
3343
8243
1436
3506
2032
5992
3343
5889
565
14149
8438
9936
11477
4571
9113
6957
4804
11421
4893
11329
2993
5447
5669
864
6957
10312
13584
9711
5008
7041
8824
5669
8040
10607
13585
11421
12000
13978
6411
1065
64
4070
10607
9936
6667
2455
4571
1635
2993
12936
4604
14154
3127
9636
13978
934
9609
11421
11421
4571
9596
14154
10444
10476
7879
2525
8176
9113
11421
10008
14879
6411
14154
773
14149
11680
4571
3343
8320
14033
7879
2255
8526
2284
13060
10645
4950
14149
1297
1793
773
6957
280
6411
7462
6957
934
8301
773
9596
4043
8526
4034
9934
6957
11421
3794
4070
14154
10437
11680
14154
11421
5008
10438
14154
13323
11421
12036
13915
10778
13978
2525
10402
2954
5439
11328
4950
7875
6957
1635
13511
5447
3343
11307
6411
4258
4258
6957
11680
13511
12262
10719
10719
14154
13572
13060
5669
10083
685
732
10444
5447
4034
7879
9257
5103
6456
6608
8438
5235
162
605
7565
5439
10645
605
10959
4258
11839
2284
5447
3794
12244
1793
9531
13863
5907
5439
869
4506
11680
14357
13463
7936
162
5008
4034
14903
2255
828
3908
4604
12244
9257
11280
949
2255
2003
4034
4258
850
1227
10444
5439
14149
2255
9182
3061
14210
1227
6789
10645
1349
14637
10823
896
3210
5008
12886
7879
4506
11680
10664
13915
14210
14149
10008
3621
2255
5849
14210
1777
10719
3210
8526
3957
3174
5439
3182
2893
869
1820
4506
6188
1227
2395
3210
14210
10846
11280
6188
864
6608
2284
5977
9558
10664
4151
4506
605
5439
4506
7445
5987
12262
5439
864
7288
9636
261
2284
1546
8447
3616
3061
5812
3957
1349
8427
12933
1777
10913
2284
8104
5235
5643
4151
5849
2135
12244
3908
10846
9558
2284
3279
6429
10913
10846
1227
12262
14154
4506
8981
8447
2284
8959
3182
12240
3061
14154
11579
6273
1762
13109
2893
6608
14466
7157
4391
15
5439
12244
13572
8751
4710
4506
11579
3376
13951
11992
6034
7157
14154
4506
12817
5849
25
4692
6944
11987
5835
6401
14154
9070
10986
12886
4068
10714
12036
3497
11987
2893
9558
14154
4427
5987
6608
12145
10846
10999
23
8104
9994
13572
14637
8104
5849
13109
131
5026
3182
5320
5439
6034
11781
7288
6034
3182
9633
3182
12801
6034
14154
10986
14154
4068
12528
3487
6608
8409
8867
13934
6273
5207
3320
7476
10037
9994
12903
3202
4778
8104
8301
12178
23
6585
6401
4506
9921
4642
10839
12882
6215
3487
6034
10421
12855
6034
12178
8104
3279
4538
218
5926
7288
12145
3146
3279
7288
12281
6273
6129
14637
1424
8751
3146
13452
14637
14482
14637
10587
9898
12604
5862
4448
14637
6577
12047
13038
4906
9500
11781
12184
6330
3320
8104
14637
11924
8114
6129
13452
11429
6138
12604
14637
8104
9500
4952
9921
12131
4448
1133
13218
13152
13981
12145
5437
7624
6401
5862
12604
13859
13038
12604
4612
5437
5862
8747
13038
6401
12485
2199
12145
6475
12269
12882
13007
6577
13038
12933
12604
11781
6138
2353
11973
4448
14257
4952
12604
13981
772
11973
4802
4509
4906
1191
8104
9968
5218
10671
8723
3146
12184
6634
5031
14699
8191
6715
11701
10845
12184
10659
2366
4906
6273
13764
8804
7204
8804
9332
14699
12502
8359
6273
1046
6401
6577
11781
2199
772
1046
5535
5366
12184
11701
6401
8747
8104
10751
13172
5271
4855
13859
4448
1133
11781
12914
9917
10132
6401
748
11973
8352
4906
4906
6401
4906
12096
13152
6402
117
8191
3513
8151
117
4448
13824
4906
14757
1188
5793
11616
4906
11060
5793
4612
13530
8550
427
14257
14563
9647
13694
4906
13988
8940
10659
6918
13057
4906
4906
7828
4612
10544
4572
12067
3138
12933
3384
4448
417
8151
10659
4612
4612
3417
9015
1188
3417
8174
11976
5069
7662
8940
4612
4093
14757
14225
13893
14706
12821
14200
12914
4855
4612
4910
1188
10544
11060
8191
6484
7662
6932
3817
4612
14420
7800
1133
12870
9301
8174
10808
7828
11248
8877
4612
9370
13824
981
12879
13287
13893
7368
4910
6709
14189
2197
12067
7662
4612
9112
12821
4076
6264
10659
14325
12067
6100
1188
4855
11969
14325
4612
1187
4612
8191
9301
9317
4612
8877
12067
9956
8191
14071
9956
13694
8996
14661
12067
3652
6443
981
8125
6235
4612
7824
981
14757
4448
2197
11969
6977
12515
7368
11969
14661
2678
7432
5956
12067
12067
1947
12250
4280
8575
12634
14013
1674
7368
7703
4855
12067
253
7912
14362
4612
4612
12921
14189
4448
1542
8575
7163
4910
10499
308
12067
9858
3758
8575
308
14189
14966
4855
12942
8010
5394
2678
4448
10808
6625
4448
10499
11656
7539
7432
11470
8191
12515
11158
14189
14706
8191
9112
14251
2582
5956
9692
14489
14362
253
4855
14189
7368
12067
12067
6932
12522
6556
6692
9080
14815
2312
14911
12067
9723
13456
1682
9030
1493
1542
12067
8575
11656
11656
12421
7625
3310
5675
4448
1682
13456
12067
6181
4855
2582
10816
14189
5329
8575
9184
3076
5768
6932
14489
7368
1253
3348
8125
6556
10693
4855
1588
9562
9081
8575
14189
8191
8191
14818
7051
14826
11238
8575
7912
11158
13670
6625
6692
2146
6235
11791
3916
14013
14251
11656
1682
12067
3396
4797
12067
6236
9508
8575
6453
8575
11841
212
7625
11238
12442
4855
9201
6556
2391
13586
8575
4206
11080
13670
10260
6625
9201
9420
3051
8495
3051
2721
1633
9251
9195
253
10680
9562
14143
2314
5341
1300
3064
10966
13875
8575
8312
4435
14143
3632
10790
14013
13107
6299
1300
11791
7665
11631
10680
9184
7899
8575
5675
11024
3267
4785
12442
7899
7899
5505
2721
8575
5057
5233
13515
4785
4435
8348
3364
5341
8575
14251
2212
13107
8575
1440
3051
8575
12286
1852
3364
14655
14189
11659
5407
5172
11979
7665
1256
7899
6090
687
14286
3364
3704
12442
14815
4797
8575
13708
9424
5407
5145
5145
8575
8322
10446
7654
14826
11204
10790
8014
2314
5869
13708
12771
1256
13252
12509
6595
12509
14022
4797
4797
13487
5869
8575
1955
11705
9375
13312
9128
11979
5647
4797
14197
11979
13312
13107
5192
5970
8348
4797
8017
4797
411
13107
5970
10927
5254
13312
14694
8362
5990
4644
3704
14694
2964
7899
3364
1001
9356
13515
14655
8575
13515
12548
14365
7027
13515
12442
12442
13708
8575
12548
401
13252
10560
14815
5935
13515
14197
1480
10789
2212
5935
5990
5990
1745
14286
10152
1023
13515
9626
6595
9626
14694
11234
13487
2945
411
10152
1745
5990
14655
10560
8869
10152
12548
7453
2272
8175
3275
10589
9356
11430
1023
5216
13536
12548
13780
14286
7899
5254
13526
12548
12548
4139
8175
7020
7027
10285
8896
6842
11945
5743
3207
2802
6625
6710
1001
3303
12548
8567
12001
5990
11425
3243
6571
8489
10693
5990
10004
58
8969
2708
8014
13107
9511
2964
5292
13334
6428
11091
10193
11724
5743
11246
12286
7616
2832
5990
8969
8567
6732
7454
11425
12548
14814
13526
12548
10638
14655
13320
5641
14655
13617
10832
9225
13979
6714
11430
2106
8014
3234
6428
13692
14417
13526
8567
4697
8896
7616
6625
2611
11970
6571
8567
7616
6710
11818
1893
14377
11724
8567
11050
7020
10693
7453
12851
13334
2050
3431
7283
8310
5743
13801
7020
6714
2832
3355
8567
10004
597
7453
10256
3363
3748
3666
7826
9626
3355
14982
12297
11818
6625
1506
13617
7125
6732
1893
13580
9225
13334
5743
7826
1954
10647
9472
2248
10638
9454
3107
1620
7027
335
597
11150
5743
2832
1768
9140
6539
13384
7826
1773
10256
7027
5743
13144
1768
7778
13384
12297
6625
2832
11207
4870
4252
4167
6753
3048
10012
10193
8266
11207
7500
2050
7212
7915
6718
13159
3731
13580
5601
3048
11898
2832
1216
3048
6753
12754
9217
6353
4693
2787
6718
5400
4229
4904
3521
313
12073
12073
4897
3666
6353
9510
13474
8775
2103
3840
13481
3840
3666
3287
9440
2626
3337
7482
9440
9440
14621
4897
8426
12484
13697
8341
3712
5571
4441
8263
8512
5214
14294
11177
4441
9440
4229
2787
12340
9706
9440
13720
6223
4832
13720
12340
4210
10012
4459
2754
9439
9549
1295
7769
14621
9510
372
11324
4424
8775
3840
1839
8263
2568
3287
1708
6223
13481
12054
10661
11589
6223
9775
4819
9775
14621
9585
13494
4459
4210
1979
3552
7760
8578
11589
4441
4819
2860
2822
7582
8581
8085
11787
2754
13433
9676
4660
4210
11866
4094
6916
5208
3101
447
11715
2948
8085
11097
11076
2989
11097
5757
1979
6530
576
7760
7582
9585
13222
5503
10598
4094
1365
2759
12559
14465
4364
7582
13433
11227
13433
11227
7617
12732
9843
12302
4364
7017
10371
12540
8085
13222
12192
9843
11227
9170
6603
5062
4908
10837
11467
13465
1754
12540
12291
2840
10371
2948
4123
11227
7579
10000
11395
4730
1754
5055
10049
11395
4730
12099
7517
12922
4585
11467
12732
13841
3587
14465
10124
2061
2744
506
6462
11108
926
11395
11395
4239
1979
10538
7580
13841
5055
11108
2045
4094
13228
13841
11108
4707
11395
8894
6521
7032
3596
7770
2973
8894
3249
2973
5062
2385
14556
3753
6914
4234
11108
4707
1555
7985
2973
3223
7985
8410
2045
2045
11367
376
2973
2385
8613
13321
2973
3596
13040
2973
376
5966
10420
9381
3611
11344
6694
14335
1732
1225
2363
702
1993
13248
7770
2229
13740
3223
3753
5236
2045
1225
10830
11344
11264
376
7755
10073
7540
663
2973
10420
376
702
7540
4326
4629
880
10740
11291
1642
8710
1178
2829
9760
11344
7540
12912
5598
9960
17
7632
8710
9829
11264
10430
13477
3953
10420
1042
13040
13740
8613
762
8813
10863
8613
2363
2187
8710
1522
11821
432
9960
13432
8613
2501
8613
8813
8392
3953
12668
762
663
8817
2684
2825
13352
10430
8613
10863
13040
2684
5418
2825
13740
5431
13158
14196
4762
13557
13147
10691
8613
13158
12538
8613
11314
8817
10298
6578
8910
5305
4362
1049
91
4659
5929
14905
9430
11326
7009
10876
4362
6976
6332
7889
11314
7009
13687
8910
14905
12590
2440
7804
6038
7009
13792
8620
14789
10863
10604
113
2440
6301
7009
8044
11754
10572
14933
9852
14196
4362
3130
8044
6371
4489
3759
10014
11624
3240
9430
14632
7009
8199
8754
11779
13122
13846
2239
9108
14949
4283
7009
11326
504
11277
4540
1213
5589
12538
11326
3240
4540
3548
4039
6368
9333
3441
12168
11779
14949
3212
5589
9451
11326
5212
14632
10572
11277
4489
4207
12760
10014
10150
9430
13846
4639
13846
9708
14789
4039
14933
9451
7885
12504
7868
6889
14798
10883
5212
4639
12504
5212
14319
198
9333
4639
6113
11111
9708
10150
9451
9451
3240
13624
40
13351
11530
14798
8199
6580
198
12760
9708
7422
11263
4639
4639
7066
8975
5212
12026
5736
14949
12995
2308
9708
6580
14798
7489
6113
40
13846
198
5212
12725
11530
3257
12181
13624
3257
6038
198
6212
7422
198
4688
3257
6243
13916
4446
6243
12276
3257
14674
6243
12725
198
13714
8239
12995
12181
198
128
13948
3992
6981
3257
4039
8007
6113
6243
5580
8975
4688
5580
11689
12725
8239
8239
14798
13624
10275
12181
9269
12026
14184
8007
14798
12995
7917
8073
5493
12181
13846
11601
13819
12995
3257
8073
6050
6889
10380
13624
7489
1439
8888
13582
4446
6113
6243
6243
12725
12919
3257
4207
12181
4559
8073
12919
13992
10281
2132
2815
11819
6212
5493
9427
5462
12725
3992
5493
12275
8239
4039
8073
12919
14798
8811
12919
7066
14278
13582
13624
14051
9592
10416
2434
5493
12275
7098
7888
12919
8073
6624
14051
3992
12161
13992
14278
11263
13624
12919
7917
7222
12487
12919
14051
12275
13624
13582
3442
8073
9364
10703
14278
8240
12327
13624
7098
4069
13960
7917
3607
8811
2434
5493
11190
6212
9290
10703
413
13582
2670
14051
2670
10382
2062
1505
14278
2670
2670
10416
1475
9905
3962
12161
7098
7917
13948
14278
13368
13461
4111
13857
2670
9592
12629
9905
7098
9905
9905
13819
7917
2413
2374
2815
7098
8240
12838
11239
6029
14113
10703
1505
2815
1441
2670
12487
2670
12161
13368
13857
14333
1624
4069
1505
10905
301
12610
2670
2670
12815
13464
12919
8919
3470
10703
12161
1441
5825
12629
13857
14777
14885
13192
2413
7917
7835
7917
13857
10235
2413
6018
13857
4214
14469
10703
10235
2062
11688
9905
12629
12838
6029
13368
10703
3470
2062
11621
166
5825
2670
14885
2670
13857
11789
13368
11208
13857
9905
2689
2670
2413
8793
14950
11621
301
13368
2129
12946
14333
14238
12815
4963
4963
11789
14469
7659
14238
6930
14056
11208
10595
2374
6930
8069
12161
11570
4111
2413
13560
2468
14885
5152
8588
13857
4214
8387
11007
14720
8387
12610
7973
5818
5446
11570
3470
9395
10905
3609
4131
11688
7180
2129
8387
9793
5818
2689
10406
5946
4963
7213
7441
5725
7917
1805
10406
7659
6995
7180
4965
8713
12610
8793
7180
12678
8069
13591
7973
8069
13890
2647
710
3797
13890
7213
4963
11938
14238
8387
14030
7151
4963
4965
5727
14238
9793
8588
2413
5946
12270
12678
14885
7787
14950
7151
12044
2647
8614
14238
8387
7151
5725
4965
7180
7213
11208
9793
8588
12236
10448
2380
13031
1805
13612
8641
13591
8387
6995
14238
12270
7166
14238
13690
8614
710
10428
14030
6075
4963
1166
14030
4963
309
4767
13912
3452
34
13560
7973
13325
10225
7441
12044
8556
13204
12370
8556
7860
4963
5727
6680
12713
13690
3879
8556
1166
5522
7787
3502
11916
7787
4963
6680
8614
2313
5522
2857
5522
12270
11938
10634
309
3452
9590
12236
13690
14606
2857
12270
309
12388
12044
4963
12270
12236
9588
13031
6435
12236
10634
13371
13591
13701
3452
10448
4325
7860
12687
4767
5522
10518
8387
13912
13701
1426
12374
12076
8860
9022
12133
13385
13690
1166
6876
12734
2081
8357
1166
9590
11916
11868
13484
9588
6876
13484
2005
13690
8962
10518
13385
14336
9022
13690
7138
13344
5132
7257
9130
10934
7663
13371
14310
13385
6724
11215
6621
3722
468
13385
14336
6724
12347
13379
11868
13484
8962
9487
2854
14613
13344
12954
13153
2615
7497
468
5657
14517
7390
14336
10013
12687
12836
10013
12495
3167
7497
13385
14118
14336
2615
7390
13080
13716
5132
6724
9703
6876
8029
6026
10095
11115
13379
3030
14517
3248
13379
12227
14613
10322
9487
11090
12227
4496
12495
3514
7744
5222
9409
7111
11486
6724
13080
6752
7390
2515
12609
9130
2515
10013
10493
13716
3710
10322
9703
3601
6807
14118
3197
13860
12191
13860
9957
3248
9703
6026
13543
7663
14314
12594
6807
10087
13768
10013
12227
11090
14613
6026
5200
13716
12227
12265
7584
7774
2492
9072
3197
3901
3373
12191
8637
6026
12562
8644
12265
6033
14702
12594
3601
13326
10087
12175
77
7774
12788
14415
13693
10947
14166
77
4338
12562
7774
2643
12175
3901
13984
4875
12457
12597
13768
8383
11615
8855
13326
9001
320
2010
9753
7713
13543
4816
9563
13247
3601
12175
14293
550
12562
12597
9563
3633
3601
3250
933
8545
2492
2643
77
9320
5901
12175
8338
1476
14415
10700
8270
12893
13326
933
14237
5110
10628
10009
14396
14846
12537
4371
3250
12457
2819
11037
8991
13026
120
8338
1807
120
12201
3009
14237
5154
10947
12597
10344
12752
14490
120
4371
14846
1118
12923
10869
12597
9518
9518
14353
9320
7245
5901
6821
7421
8355
10009
7361
7197
13713
7229
12201
14754
11769
8278
10009
10628
9903
14748
10009
14490
13262
7947
7197
10344
10781
783
5529
5421
4505
7229
7245
7393
7229
12601
1697
397
5524
7947
11140
7197
3701
11726
11176
7229
7756
1033
7756
3358
10621
10781
14846
5492
9058
8841
12650
7756
12763
10781
3175
7961
11726
11140
14239
3100
2578
13354
783
5421
1697
2108
12755
12434
4632
14239
11053
2557
11930
5492
4993
13664
5421
11168
10621
10781
1033
5492
3701
10916
14239
3701
13412
13354
6464
8841
817
11176
6974
5391
14119
7830
1822
13412
12755
10061
3694
9769
14171
13664
62
14239
11739
10206
14442
9769
14442
6461
2551
1822
2551
11257
8660
13921
7830
10061
6461
375
8162
4990
4811
5633
7830
5745
14542
6587
11437
4811
742
11165
11739
9769
14442
3708
2726
3039
13412
4990
8142
7830
11165
6375
8844
7830
4010
13412
14442
14542
13239
12972
10952
7262
3002
11437
7215
7830
8142
11165
13412
6375
2726
742
6375
6587
7830
11451
7177
14398
6375
1823
6587
3039
1368
1174
13412
742
2203
12229
4655
8688
12858
8292
693
13525
7016
7078
9018
7078
8883
1553
7078
9688
12409
12409
6232
6232
7215
8292
6516
8280
3039
7078
8292
11321
10108
8280
4655
2085
8280
10245
8883
10417
8280
11321
390
11212
6232
13657
9959
1978
11212
5126
9688
1111
390
8809
2078
12431
3119
13611
10963
11903
8809
7944
7980
12431
13531
10716
390
13611
2078
7784
10963
14004
12003
7081
12595
8450
12595
12003
386
140
3119
9712
14004
9712
14004
12595
8923
3283
7967
3329
13225
629
6593
8321
5786
6017
10300
2546
2227
5457
2793
13213
6593
