561
561
575
640
577
612
694
484
640
524
658
546
640
612
397
383
381
383
334
524
438
178
726
613
310
331
191
67
297
67
693
677
430
924
924
201
924
352
658
667
201
430
498
924
297
349
561
559
924
51
346
546
640
667
924
383
349
677
349
475
381
601
548
736
100
924
67
966
667
391
484
169
310
513
397
76
548
740
430
667
603
487
924
591
667
313
548
297
548
603
701
637
603
575
580
924
618
178
591
169
603
765
30
630
966
100
686
592
559
397
704
112
924
524
668
822
178
618
298
677
669
298
966
603
200
223
658
924
924
533
603
78
135
200
475
352
67
346
548
527
76
548
687
966
201
603
381
313
200
559
297
30
65
511
223
931
630
223
822
765
352
966
134
613
924
726
201
169
313
548
932
924
931
658
618
298
844
700
603
298
217
553
844
666
924
200
513
618
618
513
88
149
484
618
200
603
603
100
623
200
191
88
130
575
430
924
599
669
633
200
498
397
924
346
527
640
713
667
877
561
30
580
200
895
788
134
966
561
667
603
909
546
298
629
677
548
191
200
877
548
313
924
100
765
352
137
640
149
932
637
612
924
911
844
548
940
924
548
649
512
548
603
879
603
966
909
450
603
932
484
603
603
966
149
603
924
548
134
381
694
736
640
924
618
618
932
877
492
200
909
548
76
134
599
909
76
599
200
701
595
200
766
713
200
1023
352
668
595
637
725
100
346
200
667
200
668
512
561
200
603
912
924
548
788
966
100
223
169
200
200
652
149
524
334
603
548
633
740
603
677
667
981
671
67
100
828
352
603
633
149
706
700
599
492
671
966
200
548
137
718
603
618
909
475
879
484
122
667
134
637
618
548
658
924
618
924
603
677
298
200
334
223
631
134
130
100
603
298
149
200
668
671
966
561
924
618
397
671
877
200
200
924
694
511
924
652
701
640
667
966
671
76
603
911
671
352
779
877
313
877
580
966
740
298
668
603
618
603
924
633
536
546
618
803
739
668
580
719
671
966
78
603
671
592
524
631
995
966
603
846
736
149
200
149
779
788
879
200
603
149
149
546
169
725
1023
670
149
753
911
640
779
546
603
877
655
911
612
200
877
655
65
595
618
484
603
667
766
298
637
845
169
828
658
603
671
65
492
746
845
668
640
677
536
981
618
766
1023
200
701
67
612
877
813
677
1029
603
603
346
169
561
603
303
603
524
966
603
725
966
753
200
298
298
801
694
149
846
575
313
1047
580
591
677
612
667
740
612
346
753
1018
200
603
640
217
223
995
536
706
1018
779
623
656
580
200
966
677
592
670
877
966
603
966
200
700
352
611
779
694
200
169
580
753
122
200
130
637
670
492
352
811
603
536
640
748
739
655
338
966
313
623
65
799
751
667
100
966
693
100
313
677
670
611
612
613
658
169
911
667
667
700
603
67
346
623
652
879
783
130
677
629
845
783
833
746
637
966
966
877
76
801
640
313
169
694
313
658
100
667
603
613
693
346
725
725
76
599
694
112
693
338
130
966
611
298
67
811
736
667
779
677
812
753
779
112
812
694
298
677
637
76
700
65
169
313
667
899
975
845
713
603
100
701
137
677
694
169
845
828
810
169
899
693
169
298
694
998
813
303
846
812
223
998
846
533
67
812
76
649
629
799
800
971
112
790
704
595
801
701
801
313
1018
65
823
1014
713
298
704
1038
112
717
817
846
701
739
835
966
783
998
781
865
740
884
779
812
803
760
800
137
899
953
655
828
1014
810
76
1029
1045
995
953
998
833
829
835
736
742
900
752
810
810
845
812
739
752
840
734
900
740
817
1045
734
827
717
961
923
998
1045
876
833
810
790
748
883
998
810
899
734
900
800
688
828
666
865
900
876
303
803
998
817
998
964
717
990
975
862
829
866
849
760
884
953
1014
781
971
803
827
922
866
1089
900
930
852
883
831
820
1076
1045
934
934
922
803
922
953
852
781
740
740
856
852
754
998
933
925
862
817
1006
900
942
894
925
1092
885
740
831
862
1102
797
876
964
998
961
925
998
800
883
884
849
817
883
882
853
797
925
920
994
894
1076
972
817
781
934
925
1053
882
958
985
914
797
972
820
1079
817
1102
1075
1000
953
942
920
934
882
1072
953
983
959
923
1076
968
994
883
928
884
994
1143
1097
933
934
957
1072
906
994
1079
914
957
942
987
883
1079
842
990
831
988
942
928
1053
1089
934
992
956
957
1001
959
853
1067
946
928
999
1067
1086
928
988
908
1065
1048
972
853
908
1053
983
1080
1010
946
928
1056
1031
983
1031
1010
994
1057
988
1065
1048
956
992
898
1072
1132
957
999
1132
999
1010
1010
956
930
842
1010
1122
963
987
956
988
994
948
1021
1067
1031
1016
1016
1178
1010
996
1021
996
1158
1065
962
1026
914
956
1011
962
1084
1021
1067
1084
1118
986
996
1101
996
986
1093
1084
996
1118
1011
999
1158
1073
1049
1055
1093
1158
1133
1105
1021
1065
1084
1026
1088
986
999
916
1022
1084
1129
1022
1178
1056
1057
1049
1055
1134
1003
1093
986
1178
1158
1057
1134
1065
1081
1073
1121
1093
1055
1218
1080
1080
1148
1105
1158
1158
1081
1113
1081
1118
1011
1118
1118
1026
1080
1158
1055
1055
1118
1050
1128
1055
1003
1081
1088
1081
1113
1087
1087
1003
1158
1174
1158
1087
1128
1178
1174
1011
1218
1118
1110
1165
1178
1113
1144
1178
1218
1178
1109
1172
1228
1157
1087
1205
1110
1169
1171
1110
1169
1011
1087
1080
1110
1110
1172
1205
1172
1087
1174
1198
1172
1185
1166
1137
1137
1068
1144
1101
1169
1101
1210
1172
1169
1218
1101
1198
1171
1198
1172
1088
1137
1218
1210
1210
1166
1172
1142
1205
1218
1166
1087
1142
1068
1142
1142
1282
1228
1101
1228
1142
1197
1197
1221
1197
1210
1088
1197
1267
1158
1166
1258
1158
1208
1197
1197
1270
1221
1166
1166
1262
1221
1262
1299
1302
1270
1208
1286
1299
1197
1281
1270
1262
1299
1237
1137
1273
1197
1208
1322
1171
1205
1237
1300
1299
1273
1242
1270
1166
1237
1299
1237
1270
1299
1246
1246
1200
1302
1205
1300
1311
1366
1299
1246
1286
1299
1299
1358
1242
1246
1242
1299
1299
1299
1284
1358
1208
1284
1354
1299
1208
1358
1284
1372
1332
1354
1284
1332
1344
1284
1337
1284
1395
1365
1318
1332
1332
1332
1395
1318
1338
1365
1372
1365
1354
1408
1375
1332
1332
1318
1332
1332
1365
1365
1365
1363
1397
1332
1332
1429
1405
1416
1434
1324
1338
1412
1369
1429
1430
1415
1358
1374
1412
1318
1419
1410
1455
1387
1318
1383
1408
1383
1408
1429
1370
1318
1401
1415
1416
1318
1415
1419
1401
1439
1318
1429
1453
1418
1454
1452
1318
1401
1454
1409
1463
1387
1318
1445
1466
1365
1418
1434
1406
1433
1458
1416
1468
1436
1477
1440
1477
1434
1436
1465
1465
1527
1498
1439
1516
1442
1421
1505
1470
1465
1384
1470
1453
1421
1458
1493
1520
1480
1541
1464
1464
1541
1520
1468
1483
1478
1434
1522
1466
1583
1479
1499
1510
1429
1436
1528
1458
1548
1502
1563
1488
1597
1522
1521
1497
1435
1521
1533
1547
1594
1475
1475
1521
1488
1594
1495
1495
1568
1549
1501
1492
1499
1532
1529
1532
1435
1522
1575
1562
1564
1500
1606
1529
1583
1476
1606
1549
1503
1554
1500
1597
1600
1565
1528
1547
1514
1525
1606
1494
1538
1564
1595
1560
1524
1586
1508
1570
1526
1501
1529
1558
1583
1574
1551
1618
1605
1605
1558
1545
1619
1615
1612
1570
1513
1572
1556
1537
1561
1605
1623
1592
1545
1546
1623
1595
1538
1592
1575
1544
1600
1542
1619
1539
1544
1585
1575
1619
1552
1595
1570
1586
1567
1631
1558
1635
1552
1559
1612
1593
1561
1608
1643
1582
1614
1630
1643
1600
1572
1561
1648
1630
1581
1616
1616
1624
1577
1569
1589
1637
1630
1644
1604
1587
1618
1578
1643
1596
1569
1590
1607
1602
1666
1607
1567
1630
1643
1608
1696
1630
1638
1573
1632
1603
1645
1615
1653
1748
1663
1642
1576
1629
1708
1632
1640
1610
1649
1644
1670
1674
1664
1582
1682
1673
1693
1634
1660
1625
1621
1765
1727
1634
1660
1705
1695
1672
1668
1703
1646
1673
1651
1625
1657
1640
1689
1684
1617
1697
1712
1690
1598
1689
1693
1661
1576
1711
1651
1765
1658
1759
1670
1688
1685
1720
1688
1759
1705
1728
1721
1665
1694
1698
1687
1710
1662
1723
1677
1704
1718
1675
1679
1792
1761
1725
1737
1713
1775
1702
1727
1735
1792
1750
1702
1847
1714
1718
1722
1671
1714
1745
1707
1701
1783
1741
1768
1654
1798
1746
1779
1746
1763
1841
1856
1686
1692
1764
1764
1774
1758
1786
1732
1785
1858
1726
1691
1795
1738
1716
1793
1894
1751
1749
1751
1791
1729
1924
1789
1790
1826
1680
1775
1819
1733
1767
1767
1803
1795
1863
1870
1852
1947
1799
1734
1779
1814
1877
1805
1900
1828
1732
1873
1849
1832
1876
1773
1947
1741
1803
1854
1821
1766
1823
2005
1744
1807
1937
1887
1842
1901
1777
1803
1814
1880
1819
1947
1981
1983
1868
1947
1848
1757
1954
1827
2028
1864
1922
1760
1908
1827
1883
1844
1944
2062
1812
1860
2029
1822
1819
1954
1846
2062
1911
1958
1897
1976
1960
1781
1897
1976
2002
1959
1844
1877
1770
1933
2022
1936
1960
1788
1890
1891
1895
2055
1976
1867
2019
1994
1906
2029
1868
1866
1889
1940
2162
2044
2019
2037
1883
1931
2006
1977
2202
2046
1960
2017
2132
2027
2063
1975
2047
2089
1877
2039
2037
1952
1930
2088
1950
1994
2088
2016
1980
1846
2082
2131
2073
2054
2049
1762
1996
2059
2092
2014
1993
2004
2090
1932
1892
1835
1794
2179
2102
2056
2046
1966
2128
2077
2077
2214
1970
2210
1987
2198
1905
2041
2074
2097
2036
1977
2202
2134
1980
2153
1979
2110
2153
2183
2176
2054
2034
1962
2124
2039
2202
2013
1850
2108
2167
2104
1999
2233
2059
2080
2179
1871
2179
2122
2068
2040
2132
2247
2281
2045
2004
1970
1996
2030
2161
1984
2082
2186
2168
2089
2147
2209
2072
2201
2188
2160
2171
2276
2141
2018
2150
2032
2208
1885
2221
1934
2117
2023
2136
1989
1962
2143
1896
2036
2265
1991
2290
2179
2083
1972
2143
2147
2098
2212
2170
2058
1998
2117
1892
2108
2102
2086
2186
2210
2230
2091
2072
2270
2161
2202
2241
2345
2252
2100
2209
2146
2079
2148
2132
2269
2171
2179
2071
2305
2125
2216
2174
2279
2281
2247
1973
2267
2215
2170
2083
2099
2265
2094
2159
2266
1985
2227
2050
2089
2209
2119
2061
2058
2345
2202
2214
2038
1909
1991
2215
2186
2194
2205
2143
2255
1972
2126
2186
2233
2089
2182
2053
2281
2209
2205
2133
2361
2276
2071
2263
2268
2187
2186
2274
2231
2212
2064
2204
2263
2262
2116
2126
2138
2207
2361
2242
2298
2289
2324
2099
2222
2148
2339
2312
2071
2266
2204
2284
2286
2100
2263
2255
2160
2256
2194
2038
2154
2067
2370
2281
2075
2370
2094
2274
2216
2121
2322
2064
2276
2142
2125
2105
2106
2242
2256
2033
2130
2133
2138
2105
2329
2312
2327
2197
2112
2377
2116
2242
2370
2180
2358
2211
2339
2217
2154
2345
2289
2222
2290
2144
2330
2349
2378
2220
2156
2195
2291
2195
2333
2256
2112
2157
2389
2142
2394
2384
2322
2107
2192
2272
2185
2378
2361
2322
2377
2292
2272
2246
2192
2181
2289
2286
2169
2129
2312
2197
2158
2203
2191
2223
2245
2333
2155
2218
2433
2329
2285
2369
2401
2189
2051
2275
2395
2310
2321
2341
2078
2330
2361
2290
2291
2159
2390
2286
2229
2166
2139
2287
2327
2394
2377
2164
2259
2118
2363
2258
2437
2451
2428
2229
2292
2193
2322
2381
2185
2164
2243
2399
2374
2361
2452
2236
2329
2339
2272
2238
2389
2239
2382
2220
2399
2240
2154
2333
2332
2225
2444
2367
2251
2423
2388
2290
2307
2301
2238
2369
2401
2344
2443
2432
2175
2385
2245
2314
2193
2392
2363
2235
2295
2341
2249
2253
2369
2514
2283
2304
2447
2206
2321
2433
2361
2234
2423
2369
2232
2469
2311
2280
2213
2391
2301
2388
2381
2315
2299
2396
2240
2343
2448
2367
2391
2282
2320
2302
2388
2408
2444
2297
2434
2517
2309
2506
2382
2319
2319
2452
2359
2385
2412
2308
2466
2257
2496
2369
2489
2459
2253
2273
2250
2459
2451
2429
2328
2418
2400
2359
2400
2553
2366
2299
2462
2342
2328
2489
2558
2577
2506
2462
2412
2444
2352
2348
2512
2438
2385
2536
2331
2468
2369
2608
2357
2360
2422
2563
2552
2472
2536
2522
2300
2610
2496
2559
2334
2387
2379
2400
2512
2568
2369
2402
2540
2334
2489
2407
2335
2472
2624
2610
2342
2337
2376
2334
2355
2355
2393
2559
2465
2438
2351
2350
2585
2340
2559
2608
2461
2520
2472
2560
2455
2468
2528
2435
2403
2558
2435
2427
2383
2558
2336
2396
2506
2350
2405
2294
2523
2693
2667
2416
2693
2407
2513
2424
2440
2379
2406
2711
2667
2431
2610
2610
2509
2557
2410
2667
2737
2406
2641
2852
2475
2635
2693
2430
2614
2750
2614
2416
2560
2491
2410
2501
2386
2587
2610
2373
2610
2379
2397
2642
2737
2723
2439
2458
2383
2737
2560
2560
2410
2426
2665
2750
2680
2693
2642
2888
2449
2493
2773
2747
2752
2415
2479
2473
2523
2750
2888
2711
2852
2542
2414
2449
2737
2500
2693
2362
2667
2888
2477
2731
2558
2484
2495
2583
2482
2454
2628
2493
2486
2773
2852
2792
2454
2507
2687
2710
2454
2876
2665
2535
3098
2439
2747
2481
2665
2483
2627
2493
2792
2386
2852
2622
2558
2618
2483
2592
2888
2560
2449
2842
2852
2687
2415
2763
2665
2495
3042
3041
2771
2430
2667
2533
2456
2481
2852
2763
2665
2710
2478
2486
2769
2888
2842
2477
2888
3041
2747
2523
2558
3042
2978
2493
2666
2649
2908
2493
2569
2978
2456
3021
2888
2483
2979
2533
2463
2470
3095
3098
2515
2515
3042
2895
2558
2709
2484
2579
2569
2579
2792
2792
2493
2665
2666
2569
2788
3008
2895
2771
3042
2852
3054
3063
2839
2521
2682
3226
2533
2852
2569
2543
2471
2935
3031
2456
2908
2525
2649
2535
3031
2790
2888
2531
3063
2734
2471
2936
2493
2979
2790
2768
3021
2656
3057
2681
3103
2579
2516
3095
3042
3095
2790
3042
2649
2960
2960
2549
2558
2493
2594
3063
2758
3151
2682
2649
2925
2531
3031
3086
2649
2546
2460
2709
2916
2594
2656
3011
2505
3063
2839
3027
2664
2787
2594
2595
3104
2682
3063
2682
2649
3124
2649
2688
2554
2790
2564
2790
2879
2925
2682
2531
3191
3103
3057
2916
2546
2682
2768
3151
2681
2634
2700
2761
2839
2930
3031
3027
3057
2925
2649
2569
3011
3066
2839
3151
2700
2558
2828
3192
3151
3057
3063
3021
2606
2657
3011
3054
3167
2682
3101
2682
3104
2682
3110
3103
2593
2700
3057
2839
3115
2832
2682
3124
3101
2935
2992
3093
3096
3151
3057
3124
2682
2800
2738
2883
2657
2575
3115
2828
2649
2839
2606
2554
3115
3027
2839
3101
2935
3226
2569
3124
2575
2657
3124
2649
3510
3027
2846
3192
3101
3057
2954
2783
3478
3086
2575
2649
2741
3054
3191
2700
2682
3151
2879
3069
3156
2569
3104
3478
3167
2954
2935
2720
3152
2910
3104
3236
3205
2716
2649
3110
2575
2682
2783
2700
2682
3124
3011
2554
3192
2839
3110
2705
2575
2652
3156
2629
3203
2629
3205
3086
2992
3191
3086
2649
3124
3118
3156
2934
2911
3104
3183
3252
3151
2682
3252
3203
2652
3101
2836
2931
2712
3001
3015
2720
3478
2705
3226
2720
3110
2783
2962
3255
2827
2782
3199
3203
3101
2783
3156
3086
3150
3236
2871
2569
2992
3191
3191
3110
3333
2712
2721
3101
2826
3001
2934
2682
2716
2992
3236
3230
3252
3569
2986
2827
3191
3326
3101
2649
3236
2918
3101
3203
2918
3110
3226
2931
2783
2682
3001
2836
3199
3110
2716
3478
3125
3252
3110
3167
2682
3280
3109
2911
3478
3175
3199
3199
2871
3273
2782
3255
3333
3112
3230
3191
2990
2782
3236
3415
3230
3001
3001
2827
2775
2686
3013
3068
3110
2793
2728
2870
3326
3389
2826
2686
2990
3264
3333
3478
3159
3236
2793
2728
3301
3478
3162
3345
3068
3001
3273
3439
3257
3255
3303
3235
2990
3199
3265
3110
3478
3257
2772
2830
3013
3233
3401
2872
2793
3346
3273
2912
2906
3279
2872
3326
3255
3299
3415
3328
3255
3255
3326
2649
3173
2912
3478
2793
3097
3280
3173
3258
2965
2870
2793
3346
3301
2728
3027
3255
3257
2728
3279
3336
3389
3303
3270
3205
2966
3255
3217
3439
3415
3473
3255
3257
2990
3257
3365
2870
3478
3291
3279
3255
2682
2905
3035
3356
3316
3167
2870
2686
2912
2649
3112
2823
3391
3217
2793
3381
3013
3255
3128
2912
3427
3270
3352
3258
2870
3355
3316
3316
3356
3427
3270
3334
3362
2870
3030
3348
3295
3265
3285
2957
3336
2966
3112
3568
3415
3328
2912
3316
2728
3196
2957
2912
3173
3270
3217
3112
3381
3207
3411
3352
3255
3456
3568
3413
3510
3295
3036
3467
3410
2971
2957
3285
3334
3175
3036
3429
3362
3352
3436
3217
3173
3376
2889
3495
3473
3456
2971
3408
3444
3467
3112
3323
3030
2957
3298
2994
3439
2957
3584
3575
3449
3390
2974
2957
3407
3030
3393
3439
3510
2971
3460
3177
3207
3512
3460
3551
3022
3521
3392
3460
3362
2974
3444
3112
3404
3526
3034
3413
3362
3425
3456
3568
3575
3310
3425
3413
3471
3162
3456
3327
3379
3451
3566
3009
3568
3525
3947
3162
3431
3456
3542
3074
3393
3112
3447
3658
3575
3584
3496
3456
3022
3566
3658
3050
3314
3444
3551
3091
3658
2957
3371
3559
3542
3396
3298
3584
3009
3397
2994
3496
3407
3402
3496
3567
3525
3298
3476
3476
3210
3460
3497
3431
3034
3512
3569
3298
3567
3554
3510
3505
3074
3462
3314
3568
3380
3074
2994
3022
3162
3428
3009
3022
3603
3716
3521
3475
3559
3581
3906
3009
3523
3577
3428
3584
3468
3074
3162
3658
3658
3499
3516
3458
3947
3501
3590
3548
3624
3544
3543
3472
3990
2957
3596
3668
3034
3298
3510
3532
3517
3514
3393
3523
3626
2957
3658
3562
3566
3009
3872
3162
3584
3587
3636
3034
3658
3402
3581
4320
3270
3555
3137
4090
3566
3607
3582
3393
3691
3615
3947
3626
3588
3562
3137
3586
3428
3962
3623
3162
3658
3649
3563
3585
3584
2957
3532
3544
3637
3686
3562
3688
3577
3532
3549
3692
3625
3548
3607
3665
3571
3669
3542
3947
3577
3639
4036
3714
3074
3584
3709
3668
3516
3162
3680
3609
3594
3956
4044
4090
3516
3445
3590
3533
3501
3562
3764
3529
3781
3659
3544
3688
3270
3584
3724
3694
3714
3621
4320
3658
4320
3586
3962
4520
3622
3609
3912
3714
3634
3579
3659
3710
3738
3691
3445
3270
3543
3742
3739
3912
3788
3270
3835
3626
3752
3762
3758
3162
3956
3586
3609
3544
3533
4090
4320
3533
3788
4114
4320
3801
3785
3715
3610
3731
3752
4115
3714
3582
3599
3956
3492
3665
4044
3445
3609
3672
3825
3879
4115
3667
3652
4125
3934
3815
3833
3781
3799
3621
3849
3793
3752
3956
3691
3857
3621
3815
3917
3801
3781
3137
4219
3738
3610
3912
3621
3854
3740
3880
3640
3621
3912
3735
3715
3645
3827
3635
3695
3922
3721
4090
3445
3445
3582
3695
3715
4114
3599
3684
3863
4188
3677
3956
3799
4520
3969
3691
3751
4115
3621
3173
3799
4019
3691
4520
3864
3685
4520
3753
3445
3956
4115
3837
3969
3492
3445
3937
3771
4188
4039
4188
3712
3752
3599
3938
3970
4044
3937
3725
3708
4039
3445
3927
3781
3833
3590
3969
4090
3609
3732
3756
3879
3965
3613
3929
3874
3840
3770
3912
3740
3832
3993
3695
3682
3613
4019
3613
3715
3746
3969
4115
3695
3706
3677
3715
3696
3998
3744
3630
3635
4115
3691
3755
3982
3755
3875
3630
3864
3599
4014
3715
3956
3812
3840
4023
4201
3890
4019
3445
4520
4073
3613
4082
3770
3590
3931
4219
4180
4188
3635
3613
3890
4063
4015
4125
3804
3744
3613
3682
3776
3874
4084
3998
4066
4201
4125
3832
3708
3732
4039
3937
4084
3829
4035
4659
4053
3708
3630
4219
4092
3810
3890
4019
3895
4090
4093
3725
4073
4014
3630
3772
3725
3890
4659
4188
4029
3562
3590
3810
4144
3599
4307
3772
3755
4090
3956
4029
4181
4115
3562
3982
3852
3533
3875
3966
3770
4166
3972
3912
3843
3855
3890
3772
3725
4179
3847
4215
4659
3812
3961
3810
3831
4078
4081
4078
4240
3961
3635
4110
4111
4215
3812
3942
3654
3734
3961
4093
3966
4240
3633
3772
3578
3715
3691
3810
4027
4323
4219
3831
4307
4152
3651
4237
3831
4314
3907
3964
3852
3961
4029
4327
3725
4219
3635
4208
3890
3964
3810
3804
4180
4221
3972
4180
3708
4110
4208
3982
3654
4231
4041
4040
4115
3907
4274
4307
4396
3921
4087
4087
3997
3562
3885
4286
4090
3966
4052
3759
3855
3959
4041
4206
3942
4037
3996
4274
3725
4055
4037
3871
3855
4180
4648
3810
3635
4211
4053
4085
4175
4314
3870
3850
3966
3703
4281
4446
4307
3850
3858
3942
4316
4320
3956
4240
4240
4314
4182
4020
4323
3989
3996
3651
3902
4085
4367
4142
4688
3912
4323
3991
4276
3654
3966
4307
3759
4367
4161
4271
4240
4182
4031
4180
4375
3759
4446
4016
4195
4228
4098
4037
4130
3873
4206
4016
4101
4085
4140
3912
3866
3850
4040
3850
4498
3870
3810
4085
4422
6302
4346
4198
3956
4425
3871
3871
4327
3823
4085
4197
4307
4209
4431
4017
4444
6700
4248
4276
4242
4489
6700
4304
4137
4130
6978
4016
12491
4161
4286
4521
4498
4492
4161
4016
6700
4310
4319
4393
3763
4489
3654
4248
4209
4201
4140
3866
3759
4498
3858
4182
4688
6582
3858
4159
3902
4217
6978
4442
4138
3956
4467
4130
4234
4159
4294
4437
4509
3654
4612
4085
4137
4517
4142
4606
4040
4161
4521
4273
4542
4142
4599
4372
4273
4346
6483
4257
4209
4560
4467
4492
4746
4155
4192
4516
4161
4615
4304
4746
4140
3931
5254
4612
6898
4159
4242
4304
4222
4356
4136
4483
5951
4348
4248
3840
4521
4136
4273
4743
4592
4716
4283
4130
4585
4560
6344
3763
4609
4273
4129
4263
3850
4304
4473
12494
3850
6898
4091
5254
4218
4564
7039
4612
4615
4091
4273
4097
4232
4609
4686
4483
4159
4159
4743
4132
4413
6781
4746
4687
4209
4483
4097
6582
4273
4680
4592
6344
4136
6700
4564
6053
6781
6700
4650
4313
4304
4142
4263
4697
4423
4159
4351
4161
4591
4243
4687
4591
4372
4309
4506
12490
4660
3850
5209
4914
4655
4708
6700
5254
4708
4743
4254
4660
4572
4392
4372
4273
4273
4309
7039
7039
4481
4273
4787
4682
5702
4755
3850
4335
4564
4169
4743
4840
4780
4746
12494
4688
4697
4526
4688
4329
4834
4639
4064
4742
6053
4305
4390
4977
4529
4564
3684
4805
4694
4791
4169
6898
12490
12494
4100
4697
4210
4686
6400
5254
4390
4878
4293
4742
4564
4564
4639
4780
6125
4840
4591
4529
4293
7039
4106
4529
4392
4392
4273
4787
5057
7039
4466
7039
4218
4591
4529
4169
4655
4159
4449
4417
4828
4342
4417
4434
4755
6400
4335
4845
4529
6978
6781
4780
5254
4655
6400
4572
4551
4977
4282
4589
4273
4282
4682
4742
6182
4424
4293
6311
4882
4900
6781
6168
5702
4402
4591
4878
7039
4159
4834
6936
4697
4809
4780
5057
4845
4589
4809
4900
6631
4655
7039
4977
6190
5254
4328
4404
4328
4269
4449
4402
4977
4445
4529
12498
4977
4980
4878
4878
6400
4812
4402
4845
4550
12490
4724
4293
4686
5209
4809
4591
4977
4402
4977
5702
4915
4523
4293
4529
12498
4977
4529
5209
4762
7039
5045
4404
5209
4872
5040
5155
4845
4483
4529
4977
12498
4475
4434
4900
6168
4402
5702
5209
4873
5254
4282
4559
4828
6071
4513
4686
4519
4697
12498
6465
4809
4549
4460
7039
6071
4894
4882
4529
6071
4529
5055
4686
6234
4845
4328
5209
7039
6781
5040
4882
5045
12500
4977
6456
6582
5149
4529
5045
4589
5040
7039
4556
4873
5057
4874
5973
4507
4402
4686
4218
12490
4686
4457
5057
6465
5254
5209
4529
4549
5325
5204
4475
5566
5209
4686
4989
4328
5092
4835
5325
4556
4874
5034
5040
4894
6456
4843
12490
4628
6781
4298
5293
4882
12500
4460
5209
4529
5126
7039
7039
4686
4679
5566
4328
4328
4835
4513
5325
5209
4882
4796
4328
4556
4556
5126
4744
6456
6781
12490
4529
5403
4457
6465
6631
4874
4544
4989
6234
4586
6190
4762
4614
4328
5209
5012
5034
4686
4628
5126
4686
6781
4657
4989
4451
4484
4451
5973
6071
5254
6192
4556
4457
4835
4411
5276
5406
6456
5815
5403
4874
5406
6378
5126
4385
5204
4882
4882
4529
4544
4686
12490
4468
4873
4894
4882
4835
4735
5041
12490
5815
5406
4964
4583
4595
5272
4584
5403
5973
5683
4686
5012
5406
5819
4690
5123
6781
5597
6208
4556
5403
4608
4873
4605
5034
4605
5272
4556
5349
4661
5272
4700
5041
5683
4484
6781
4949
4484
5016
5683
4767
4495
6936
6781
4495
4796
4839
4964
4621
6358
5149
5041
4556
4821
4642
6456
4529
4584
4882
6125
5564
5325
5041
4811
4700
5325
5597
4621
4529
4796
5372
5276
5709
5041
4866
4561
4806
4919
5325
4686
5609
5609
6781
5041
5089
5973
5016
4756
5921
5272
4700
4484
5921
6624
6781
5272
4964
5264
4574
4611
5406
4964
5325
4673
4895
5272
4919
5930
4838
6378
4972
4882
5325
4838
4766
4605
6082
5155
4621
5349
5059
4700
5264
5847
4611
5709
6456
5819
5921
4807
4737
4839
5245
6668
4584
5372
6465
6082
5802
4778
5272
4700
4621
5245
5597
5155
5405
4621
5245
4561
4927
6781
4919
6233
4700
4972
5372
5512
6781
6358
5512
6233
5059
4703
4838
5136
4675
5349
5013
4701
4621
5597
5235
4866
4858
4756
6006
5155
4796
5430
6705
4858
5564
6705
5846
4611
5264
4675
4827
5417
5512
4647
5597
5372
4756
5264
5165
4796
5466
5846
5059
4858
5245
6006
5165
5901
5158
4927
4833
6143
4842
5405
6233
6082
5564
4728
6082
4700
5264
5106
6358
4621
5013
5286
5685
6143
4621
4698
5974
4838
5264
5802
5609
5597
5846
4784
6067
5014
5245
5948
4766
4819
6637
4927
5689
4784
4912
4836
5665
5847
4858
5802
6406
4798
6143
4732
6557
6542
5930
4820
5430
5466
4784
6557
6358
6358
6532
5527
6532
4776
4880
4939
6358
4819
5136
4729
6653
4927
4689
4927
4729
5006
5286
4991
6468
5013
5532
6094
5417
4775
5430
5609
6143
4927
6198
4729
5527
6653
4842
6143
5165
5512
5165
6143
5428
6119
4728
4803
4858
4858
4784
6019
4792
5802
5245
4968
5430
4974
5245
6143
5430
5158
5417
6037
5002
5928
6198
4876
4729
6358
6412
4876
6264
4819
6075
5527
4798
6084
6067
5286
5685
5013
6468
6203
6456
6148
4876
4968
6264
6246
6264
6094
6412
5754
4935
4952
4858
6198
4966
4796
5527
4876
6140
6412
4876
5948
6653
5430
5754
5512
4814
5527
4803
5747
5870
5955
4876
6052
4994
6222
6122
6119
5928
4851
6412
5774
6406
4968
6264
5621
5165
4876
5428
6468
4829
5165
6391
6032
6264
4923
4966
5160
6358
6406
6264
6468
5747
5033
4747
4858
6264
5228
6637
5190
5774
5598
5190
4876
5245
5290
6276
5245
5075
5621
6419
5758
6140
6406
6637
4891
6422
4776
4891
4891
4891
5001
6203
6037
5013
6119
6148
4891
5596
6032
6355
5774
4954
4906
4891
6140
4891
4891
4720
4876
4954
4906
5091
6355
4720
4906
5064
4985
6587
4747
4916
6355
4916
6264
4891
5774
4891
4891
6358
4891
4954
5046
4942
6148
5747
4891
5965
6067
4891
6198
6189
5978
4891
4985
4985
4891
6422
5965
5290
6265
6322
4627
4891
4891
4906
5336
5167
6468
6222
5029
4720
4891
4891
4954
4891
4891
6545
5512
4906
5512
5596
5184
4720
6653
6431
5091
4917
6358
4970
6355
4747
4916
4985
5596
5747
4720
4891
4891
5103
4896
5151
4917
4909
6203
6218
4906
6368
5754
4909
6222
5598
4891
5164
4917
5075
4891
4999
4917
4954
4998
5230
4917
5870
6417
4720
4998
4720
6545
4891
4891
6447
4891
6447
4909
6084
5965
5870
5265
4906
6339
5198
4616
4906
6218
4891
5039
6545
4953
5485
4909
6148
4916
5265
6096
4917
6321
5051
4891
5965
5344
5228
4747
5598
6642
6468
6154
6368
6447
4720
4909
4720
4985
4720
4891
4985
5240
5051
4985
4906
5384
5965
6376
5051
4917
4985
5167
4720
4954
4970
6368
6218
5965
5670
5066
5336
5051
6606
4916
5051
4720
5965
4627
4906
6322
4906
4954
6468
5596
6236
5051
5184
5051
4891
6300
4906
4917
5870
6438
4909
4720
6300
5164
6566
4906
4999
5042
6456
6154
5039
4917
5051
4909
4909
6154
6368
6222
4998
5151
5965
4917
6218
6587
4917
4747
4909
4720
4909
4909
5051
5103
4917
4917
5929
5512
6468
4916
5151
4917
5058
6084
6383
6447
6545
4909
5058
6218
4917
4909
4616
6491
4909
6422
4720
5754
4815
4909
4909
5754
4951
4998
4909
6431
5929
6492
4917
5058
4909
6236
6491
4917
4917
4616
4909
4627
6154
6218
4909
5596
4951
4909
4909
4954
4909
6218
5642
6066
5642
6468
6154
4917
5444
5151
5051
5344
6154
5153
6566
5051
6542
4992
6447
4917
4909
5042
6368
5058
4996
4998
6468
4815
5338
5153
4909
4917
5167
6506
5468
5244
4909
6371
5244
5051
5244
4992
5366
6218
4909
5051
6148
4815
6103
5078
5244
6154
4627
6478
5051
4503
6551
4503
5244
5051
5244
5244
5369
4503
5196
5244
5051
4909
6493
4992
5244
6563
5806
5196
5384
4951
5251
5260
5244
5929
5051
5978
4909
5051
5504
5051
4909
4951
5244
5635
5051
5260
5244
5177
6459
4951
6498
6482
6606
4909
4627
5244
5244
5244
4909
5051
6154
5260
5929
5468
5244
5051
5153
5051
5244
5051
6218
5153
5244
4815
4815
5051
5051
6218
5541
5051
6066
4503
5244
5426
5151
6218
5369
4909
5670
6587
5244
4815
5754
5426
4951
5150
6636
5051
6536
5196
4909
5244
4815
6566
5098
5244
5244
5231
6468
5244
5051
6606
6084
5051
5051
6468
4909
5098
6468
5196
5260
5426
5082
6643
4815
5244
4951
5369
6024
6371
4503
5051
6218
6563
6196
5196
5539
6639
4909
5051
5196
5231
5646
5369
5196
6545
5231
6222
5369
5153
6371
6587
6468
5355
5196
5196
6373
6218
5244
5301
5301
5244
5410
5369
5366
4951
5244
4909
5083
6542
5523
5244
5410
6218
5051
6218
5051
6371
5150
4747
6534
5196
5472
5196
5196
4503
5244
5534
5205
5196
6506
4815
5456
5196
5051
5301
5196
5078
5563
5196
5244
4947
5244
6555
6646
6148
5244
5153
5051
5356
6616
6154
5196
5188
6534
6225
6218
5419
5051
5302
5534
5051
5424
5301
4951
5356
6153
5244
6218
5051
5196
5096
4503
5534
6371
5196
5243
4503
5244
5398
5302
5098
5444
5301
5051
5426
6699
4503
5051
6587
5244
5260
6567
5244
5051
5450
5414
6468
5301
6609
6606
5426
6639
5563
6218
5301
5587
5356
4815
5260
5539
6534
5109
5231
5196
4503
5980
5356
5426
5196
6315
4815
5150
5749
5534
5301
4503
5196
5244
5909
5492
5356
5356
5356
5356
5450
5356
5534
5646
5196
5414
5356
5504
5426
6493
5450
5260
6606
5231
5356
5635
5414
5150
4815
6689
5563
5450
5356
5196
5534
6642
6315
5196
5217
6632
6153
5414
5541
5196
6154
6084
5301
5260
5414
5356
5217
6609
5539
5260
5587
5398
5196
5426
5414
5196
5707
6587
5414
5083
5563
5414
5196
5260
5414
5196
6218
6218
4815
5356
5414
5639
5260
6684
5494
4815
6371
5414
6606
5231
5544
5534
5398
5544
5534
6218
5414
5534
4503
5260
5324
6637
5712
5414
6218
6534
5704
5414
5301
5414
5534
6493
6637
6468
5495
6154
6680
6347
5414
5410
6718
5954
6791
5707
4815
5494
5426
5707
6555
5639
5196
5414
5196
5083
5196
5616
6606
5356
5707
6895
6443
5494
4503
5414
6580
6040
5301
5301
5414
5704
5590
5217
5196
4503
5858
6399
5356
5231
5426
5231
5707
6347
5494
5414
5750
5876
5231
5712
6658
12487
5495
6468
5822
6710
5399
5712
5494
5231
6534
5712
6677
6587
5356
6674
6366
5414
6672
6218
6606
5980
5196
6642
5584
5590
5196
5494
5217
6606
5410
6658
5196
5398
5954
5098
6579
5410
5495
5495
6488
5639
5544
5098
5390
5494
5876
6371
4815
5414
5707
5792
5694
4503
5643
5783
5705
5590
5098
5712
6699
6204
5590
5231
5808
5495
5495
5105
6493
5561
6626
5534
6468
5196
5301
6587
5590
6681
5495
6218
5415
5494
6218
5643
5759
5494
5612
6371
5301
6681
5414
6684
6534
5703
5399
5356
5822
6640
6496
4427
6033
5871
5534
5196
6672
6147
6218
6218
5643
6496
5243
5694
5898
5398
5356
5590
5356
5500
6040
5612
6488
5694
5301
5534
5773
6496
6033
5495
6653
12487
6113
5694
5694
5534
5783
6658
4083
5639
5787
5915
5301
5196
5356
5792
5414
5301
5643
5534
6736
5735
6677
5356
5703
5954
5703
6468
6129
6191
5703
5639
5735
6681
5494
5812
5599
5639
5954
5494
6587
6658
6895
5694
6040
5534
5712
5643
5356
5643
6101
5301
5781
5694
5703
6736
5694
5639
5735
6218
5822
5703
6496
5356
5735
6463
6653
5414
6033
6805
6791
5414
5712
6040
5414
5694
5655
5703
5356
5414
5544
6147
6123
5898
5831
5757
5703
6587
6658
6064
4083
5590
6670
6249
5783
5301
5584
6218
6653
5858
5898
5812
5781
5780
5757
6590
7018
6493
5495
6036
6218
5780
5414
12488
6736
5803
5694
6658
5766
5787
5757
5712
5495
6036
6249
5544
6218
6060
6371
5356
5494
6653
6147
5892
5494
7130
5822
6033
6114
5780
5414
6468
6036
5831
6173
6653
6191
6045
5831
4427
5544
6249
6495
6821
5982
5414
6672
6040
6747
5694
5812
5495
5780
5781
5866
5757
5925
5925
6653
5892
6761
6895
6587
6790
4083
5693
6736
6587
6915
6218
6045
5694
6036
5773
5783
6573
5743
5862
6573
6745
5792
6867
6587
5494
5494
5960
6249
6790
6769
7042
6028
6348
6761
6427
6674
5803
6045
6045
6587
6371
5780
6054
6579
5643
5494
7082
5694
6587
5831
6113
6747
6653
12487
5892
6001
6033
6028
6769
7042
6249
6123
5892
6371
6045
5729
6036
6463
5988
7018
6117
6102
6769
6371
6761
5780
5735
6573
6495
6805
6674
6102
5995
6761
6117
7018
6927
6183
7082
6045
5898
6961
7130
6768
5898
5643
5995
6055
6587
6045
6307
7018
5831
4083
6036
6747
6688
7152
6042
6040
6117
5988
6102
6249
6045
6736
5643
6054
6150
5694
6371
6894
6054
5988
6914
6406
7018
5766
6881
6821
7082
7061
6221
5735
5783
6674
6249
6045
6463
6640
6587
6123
5910
5694
6736
6768
6881
5735
6249
6064
6573
6674
6221
6054
6129
6371
6054
6573
5861
6587
5757
6614
6060
6747
7018
6249
5892
6427
6129
6587
7082
5988
7152
6886
5963
7018
6368
6129
6216
6605
6653
7018
6221
6045
6129
7152
6881
6674
6102
6768
6185
6045
6117
5831
6652
5853
7082
6249
6199
6761
5862
6348
6627
6028
6345
6129
6674
6710
6941
6253
6045
5977
5783
6307
6867
6183
7082
6881
7222
5910
6253
6674
7209
6054
5801
6014
6045
6640
6674
6653
6761
6674
6185
6249
6028
5941
7209
6408
6253
6016
7018
6897
6768
7025
6605
6427
6945
6030
6653
6117
6614
6587
6886
6185
6017
6017
6199
6368
6463
5861
5757
6736
6406
6017
6136
7222
6753
6253
6253
7018
6253
5861
6573
6117
7222
6221
6664
6881
7152
6710
6674
6911
5972
6054
6840
6221
6748
6406
7209
5896
6652
6253
7018
6253
7059
7018
5960
6886
6221
6136
6368
5952
6136
6678
5910
6748
6288
6253
6748
5853
6587
6748
5861
6327
6185
6753
6136
6095
6447
6640
5910
7018
6117
6253
6851
6030
6903
5967
6851
6897
7025
6454
6030
6054
6903
6017
6001
7018
6836
6199
6748
5972
6288
7152
6294
6199
7345
6248
6253
6056
6748
6748
6253
5910
6982
6454
7082
6454
6248
6748
6851
6253
6454
6627
6855
7266
6454
7018
6748
6678
6678
7087
7082
6056
6916
7025
6886
6454
6248
6327
6325
6454
6288
6851
6436
6136
6710
6073
6136
6911
6816
6715
6903
6840
7222
6855
6248
6570
7152
6461
6199
6710
6558
6953
6117
6945
6916
6451
6748
6678
6202
6144
6886
6855
7061
6851
6911
6748
6248
6451
6627
6248
6678
6144
5960
6678
7152
6734
6030
7082
7061
6030
7345
6144
6748
5896
6748
6830
6610
6748
6748
6144
6056
6136
5952
6945
7059
7018
6916
6327
5896
7152
6325
6816
7266
6911
6451
6816
6136
5967
6678
6058
6715
6903
6451
6451
6678
6413
6552
6357
6141
7058
6293
7068
6855
6245
7058
6451
6451
6748
6325
6755
6293
6552
6953
6953
6357
7087
6293
5963
6543
5972
6980
6202
6911
6552
6442
6770
6903
6454
5967
7093
6202
6293
6816
6451
6911
6056
6288
6910
7012
7266
6816
6789
6247
6558
6245
6627
6415
7209
6466
6999
6903
6916
6552
6911
7274
6610
6136
6953
6629
6926
7068
6674
6911
6911
6992
7266
6369
7266
6248
6926
6734
6144
7082
7061
7058
6903
6855
6770
6816
6202
7012
6293
7266
6911
6911
6415
6911
6369
7012
6304
6235
6442
6911
7059
6466
6610
7345
6903
6855
6120
6369
6144
6610
7068
6911
6610
6202
6415
7087
7266
7082
6415
7059
6333
6855
6911
6926
6415
6992
6986
6415
7110
6999
6357
7028
6597
6999
7028
6610
7082
6610
6304
6647
7163
6466
6911
6242
6830
6293
7093
6730
6484
6484
6466
6724
7119
6911
6369
7012
7041
6647
7093
6570
6304
7086
6911
6662
6484
7183
6437
6911
6789
6910
6242
7266
6293
6755
6415
6629
7091
6911
6647
6741
6357
6357
6437
7004
6247
6715
6730
7110
6390
6610
6484
6538
6235
6242
7093
6926
7110
6610
7119
6610
6369
6369
7192
6999
7138
7163
6999
6674
6770
6415
6242
6415
6647
7266
6418
7189
6787
6910
6610
6484
7266
7009
6911
7047
7192
7121
7028
6719
7167
7091
6415
7076
7138
6878
6608
7163
6610
6415
6704
6560
6560
6919
7131
6538
7041
6560
6828
7028
6999
7004
6647
6777
6719
6789
7004
7236
7227
7192
6538
7028
6647
7047
6999
6999
6787
7004
7167
7091
6719
7138
7076
6538
7004
7121
6702
6630
7162
7009
7119
6724
6242
6560
7004
6538
6396
6878
7004
6538
7249
7266
6785
6630
6724
6755
7274
6797
6282
7137
6854
6999
6647
6484
6437
7236
6999
7162
6719
7189
6647
6390
7091
6647
7004
6724
6242
6416
7004
7079
7266
6787
6719
6724
6484
6919
7219
7165
7097
7278
6775
7004
6787
6702
6785
6647
7225
6560
7167
7004
6538
7079
6484
6999
7190
7236
6999
6282
6780
7051
6824
6702
7167
7079
6437
7249
7258
7087
7183
7165
7189
7080
6963
6797
7079
7079
6702
6772
6931
6905
6704
6702
7274
7082
7251
7125
6828
7219
6904
6599
6972
7286
7271
6787
6460
7051
6242
6647
6772
7079
6396
6825
6621
6824
6803
6560
7249
6824
7079
7079
6999
6825
7087
7217
7271
6775
7269
7125
7343
7266
6508
6775
7219
6732
7079
6797
6824
7051
6732
6932
6954
7054
7079
6905
6925
7082
6702
7288
7275
6825
6702
7097
6581
6825
6923
6560
6780
6972
7125
6560
6396
6780
7283
6621
6825
6931
7409
7394
7000
7054
7125
6560
6974
7087
7213
7156
7266
6780
7251
7082
6825
6954
6650
6460
7023
6959
6944
6820
6780
7213
7125
7087
7286
6893
7343
6820
6695
7333
6763
7213
6843
6948
6599
6825
6994
7251
7336
7236
7340
7274
6650
6917
6944
6650
7301
7000
7014
6732
7156
7306
6581
7139
7213
6780
6732
7250
7271
7288
6780
7269
7054
7213
6825
6825
6959
6763
7092
7319
7258
7320
7021
6603
7014
7197
7145
6917
6775
7266
6825
7356
6824
6893
7394
7021
6763
7013
7286
7049
6991
7115
7462
7156
6780
7236
7340
7082
7083
7445
7021
7049
6976
6917
7321
7434
7139
6780
7342
7333
6780
7177
6934
7409
7320
7133
6825
7147
6763
6976
7411
7274
7232
7139
6964
7258
7230
7336
7381
7397
7109
6994
6944
6934
7100
7251
6893
7032
6994
7236
7481
7013
7320
7064
7451
7237
7013
7320
6934
7462
7237
7480
7139
6934
6964
7459
7013
7151
7021
6934
6967
7411
7021
7237
7123
7409
7231
6934
7410
6960
7027
7459
7681
7062
7462
7123
7152
7369
7254
7387
6934
7266
7411
7051
7382
7480
7062
7274
7032
7423
7382
7718
7308
7024
7422
7481
6934
7143
7062
7107
7013
7410
7363
6976
7381
6917
7454
7262
7021
7357
7021
7381
7107
7681
7062
7013
6964
7421
7499
7508
7423
7107
7422
7478
7024
7582
7338
7615
7107
7568
7574
7013
7359
7423
7483
7338
7579
7359
7459
7123
7396
7122
7308
7332
7024
7122
7489
7565
7565
7359
7247
7123
7443
7582
7281
7553
7359
6960
7332
7123
7423
7123
7461
7553
7363
7157
7233
7146
7478
7513
7172
7013
7517
7681
7517
6934
7262
7024
7270
7024
7567
7461
7303
7565
7172
7146
7309
7107
7315
7247
7358
7450
7146
7122
7195
7742
7247
7615
7450
7450
7024
7107
7159
7254
7565
7650
7511
7572
7508
7552
7489
7146
7172
7123
7062
6960
7622
7107
7359
7114
7617
7450
7157
7024
7622
7233
7511
7419
7240
7102
7423
7102
7497
7607
7582
7572
7359
7663
7325
7565
7424
7146
7622
7146
7264
7482
7233
7534
7359
7114
7114
7675
7801
7264
7663
7636
7450
7247
7622
7636
7709
7663
7560
7384
7796
7755
7107
7122
7461
7653
7782
7123
7624
7450
7377
7425
7264
7663
7264
7745
7450
7781
7521
7264
7146
7497
7718
7261
7507
7425
7264
7622
7461
7572
7458
7663
7172
7424
7672
7787
7672
7473
7233
7247
7287
7309
7310
7264
7102
7385
7572
7633
7811
7535
7511
7157
7122
7732
7800
7264
7157
7793
7633
7718
7507
7233
7607
7507
7310
7497
7289
7607
7287
7287
7587
7122
7168
7287
7657
7572
7781
7492
7708
7233
7754
7809
7534
7289
7690
7649
7662
7743
7468
7300
7393
7417
7102
7122
7502
7572
7838
7264
7660
7649
7611
7264
7233
7265
7442
7745
7233
7630
7393
7663
7572
7535
7611
7633
7718
7560
7393
7550
7310
7660
7287
7523
7793
7360
7801
7386
7805
7300
7300
7525
7684
7695
7687
7813
7447
7811
7687
7599
7687
7393
7102
7261
7523
7102
7386
7393
7980
7633
7842
7649
7539
7264
7447
7386
7672
7300
7728
7822
7749
7447
7641
7523
7735
7599
7838
7386
7757
7649
7264
7874
7914
7289
7393
7883
7563
7596
7777
7102
7447
7908
7289
7708
7763
7261
7447
7374
7360
7633
7941
7641
7649
7825
7374
7374
7484
7672
7543
7782
7603
7717
7757
7649
7770
7530
7734
7554
7484
7763
7554
7829
7655
7554
7447
7827
7536
7310
7261
7669
7915
7310
7838
7562
7825
7289
7843
7447
7393
7970
7740
7784
7960
7484
7289
7915
7603
7386
7374
7723
7777
7792
7797
8072
7612
7554
7374
7484
7907
7583
7265
7711
7554
7554
7738
7766
7393
7406
7686
7827
7597
7829
8044
7943
7888
7685
7447
7901
7921
7685
7797
7685
7773
7908
7374
7597
7310
7393
7894
7447
7995
7472
7935
7599
7589
7914
7640
7598
7784
7777
7767
7784
7738
8057
7995
7598
7642
7770
7888
7386
7642
7818
7921
7937
7723
7637
7665
7386
7386
7598
7827
7640
7447
7808
7913
7683
7734
7589
7554
7823
7791
7972
7808
7484
7629
7808
7818
7597
7818
7818
7386
7734
7808
7975
8009
7554
7818
7393
7554
7894
7768
7738
7875
7737
7696
7447
7967
7597
7975
8012
7484
7818
7386
7922
7779
8021
7436
7821
7386
7818
8032
7948
8014
7922
7658
7685
8014
7597
7848
7875
7817
7792
7686
8023
7875
7818
7952
7794
7597
7554
7880
7942
7818
8067
7762
7895
7895
7869
7894
8067
7686
7642
7925
7775
7768
7975
8072
7554
8021
7835
7374
8032
7554
8007
7685
7894
7821
8012
7844
7869
7892
7911
7808
7882
7954
7869
7631
8009
7839
7882
8050
7817
7910
7918
7869
7986
7920
7918
8067
7597
8053
8068
7962
7986
8059
7948
7937
7484
8126
7806
7772
7894
7985
7850
8033
7686
7892
7919
8017
8057
7952
7962
7882
7937
7818
7826
8068
7962
7962
7873
7839
8002
8078
7597
7876
7963
7875
7818
7911
7836
7895
7868
7962
7895
7642
8062
7951
7928
7772
7962
7962
7686
7895
7484
7984
7808
7808
7875
7882
7897
8059
7686
7912
8023
7875
7808
8031
7554
7931
8130
7772
7962
8057
7929
7902
7686
7916
8166
7937
7817
7873
7952
7873
8012
7851
7928
8130
7772
7863
8019
7642
7974
7989
8078
7979
8187
8109
7873
8059
7685
7994
8106
7631
7895
8002
8100
8105
7962
8100
7962
8031
8031
7880
7900
8053
7818
7900
8069
8013
7974
8031
8023
7818
7772
8074
8126
7903
7706
7963
7631
7986
7895
8160
8084
8109
8053
7962
7772
8221
7686
7927
7706
8004
8077
8207
7902
8102
8183
7963
8155
7779
8187
8133
7818
8031
7818
8187
7863
8231
7918
8078
8231
8186
7818
8105
7962
8264
7962
7966
7818
7875
8192
8028
8113
8123
8097
8105
8028
8071
8031
8071
7808
8031
8031
7895
7895
7962
7966
7772
8109
8037
8231
7895
8296
8187
8008
7808
7873
8170
8069
7927
8148
8076
7965
7991
8031
7875
8030
8170
8003
7646
8031
8031
7986
8083
8031
8036
8170
8036
8120
7835
8031
8207
7947
7873
8206
8017
8064
8170
8329
8030
8024
8170
7895
8264
8181
7646
7875
7927
8196
7835
8031
8036
7917
8231
8196
7882
8231
8004
7947
8170
7987
8300
8178
8051
8155
7875
8315
8179
8181
8051
8178
8217
8075
8216
8319
8299
7983
8063
7873
8216
8110
8121
8217
7965
7962
8164
7962
7927
8102
8238
7706
8139
8210
8030
8076
8172
8030
8069
7895
7962
7873
8297
8052
8132
7875
7962
8170
7927
8272
8327
7706
8248
8123
8315
8123
7772
8315
7895
7873
8231
8312
8315
8031
8289
7706
8089
8085
8331
8315
8031
8206
7772
8297
8089
8148
8300
7962
8089
8139
8323
8329
7947
8315
8218
8236
8214
8017
8277
7772
8198
7962
8226
8089
7962
8407
8297
8089
7772
7706
8315
8167
8139
8267
8108
8139
8156
7786
8328
8063
8425
8089
8031
8216
8194
8268
7772
8031
7873
8363
8178
8363
8422
8256
8306
8287
8282
8363
8030
8201
8323
8030
8031
8364
8331
7965
8315
8031
8234
8315
8017
8031
8031
8363
7947
8425
7947
8096
8363
7947
8238
8422
8200
8156
8217
8030
8363
8173
8206
8363
8369
8096
8168
8239
8085
8409
8030
8089
8416
8364
8255
8170
8286
8354
8316
8255
8175
8197
8214
8396
7873
8363
8436
8030
8200
8413
8185
8139
8306
7873
8089
8170
8436
8315
8030
8170
8225
8283
8379
8174
8031
8327
8170
8226
8458
8170
8396
8344
8315
8484
8286
8229
8138
8326
8322
8305
8161
8436
8283
8436
8315
8323
8265
8124
8367
7965
8474
8328
8587
8096
8587
8433
8506
8393
8396
8587
8096
8173
8305
8170
8334
7873
8471
7947
8436
8201
8145
8173
8315
8256
8436
7947
8170
8246
8587
7873
8409
8225
8139
8173
8030
8514
8259
8436
7873
8379
8587
8458
8174
8259
8363
8170
8089
8463
8315
8279
8175
8516
8341
8409
8466
8315
8407
8315
8493
8587
8443
8573
8508
8305
8135
8225
8587
8508
8587
8442
8315
8471
8200
8595
8334
8161
8387
8587
8030
7947
8096
8396
8506
8436
8030
8344
7927
8587
8170
8367
8739
8396
8478
8174
8315
8363
8569
8573
8436
8739
8308
8359
8135
8587
8411
8587
8315
8341
8030
8503
8089
8473
8341
8431
8544
8315
8587
8436
8065
8315
8739
8423
8030
8448
8739
8373
8089
8436
8341
8341
8428
8446
8388
8315
8304
7965
8341
8341
8363
8605
8613
8252
8551
8483
8135
8587
8677
8495
8315
8420
8315
8363
8503
8252
8285
8417
8252
8399
8096
8391
8681
8482
8332
8315
8604
8096
8252
8030
8514
8308
8190
8579
8605
8305
8679
8564
8393
8252
8553
8353
8305
8463
8315
8334
8335
8089
8670
8694
8313
8265
8315
8413
8317
8739
8639
8335
8335
8448
8488
8315
8587
8484
8641
8746
8706
8305
8594
8399
8135
8388
8587
8335
8252
8517
8030
8436
8341
8305
8363
8424
8252
8436
8338
8553
8096
8315
8135
8553
8513
8694
8135
8335
8482
8338
8532
8553
8436
8252
8363
8723
8540
8643
8473
8587
8641
8318
8363
8436
8588
8421
8315
8436
8363
8475
8644
8553
8308
8252
8385
8587
8457
8677
8446
8477
8595
8135
8423
8228
8594
8305
8395
8483
8666
8551
8719
8845
8587
8096
8621
8315
8553
8484
8626
8421
8570
8135
8519
8845
8595
8318
8621
8745
8492
8363
8135
8427
8739
8759
8489
8651
8706
8472
8686
8572
8338
8621
8525
8436
8679
8436
8591
8436
8437
8436
8587
8385
8135
8643
8751
8305
8228
8582
8621
8820
8363
8363
8228
8472
8553
8252
8096
8400
8378
8834
8591
8638
8089
8688
8535
8436
8089
8780
8400
8363
8400
8318
8828
8421
8640
8878
8565
8587
8529
8572
8400
8338
8096
8629
8629
8696
8096
8096
8816
8613
8489
8536
8591
8460
8759
8400
8643
8096
8436
8660
8341
8228
8553
8753
8619
8400
8610
8809
8400
8834
8591
8400
8591
8400
8684
8848
8436
8667
8553
8553
8738
8797
8510
8698
8600
8436
8762
8797
8400
8733
8772
8318
8338
8683
8660
8305
8815
8525
8602
8797
8305
8751
8436
8400
8089
8727
8228
8400
8589
8309
8587
8797
8626
8552
8553
8587
8452
8400
8688
8591
8553
8096
8261
8452
8318
8816
8625
8587
8640
8748
8928
8667
8587
8750
8872
8781
8660
8576
8748
8553
8878
8436
8305
8710
8510
8546
8318
8822
8587
8805
8587
8590
8797
8261
8674
8923
8796
8510
8642
8546
8341
8565
8698
8597
8400
8753
8834
8510
8660
8600
8553
8747
8309
8612
8806
8400
8452
8553
8660
8510
8696
8737
8621
8674
8341
8452
8772
8727
8228
8400
8803
8341
8631
8341
8674
8634
8748
8748
8338
8684
8834
8734
8844
8658
8873
8860
8597
8318
8510
8750
8587
8341
8747
8546
8589
8621
8775
8305
8621
8700
8228
8252
8693
8591
8828
8797
8587
8869
8667
8738
8338
8644
8775
8341
9004
8674
8591
8527
8878
8698
8928
8618
8877
8591
8910
8842
8400
8831
8748
8688
8789
8452
8698
8802
8827
8809
8658
8865
8591
8228
8553
8772
8318
8842
8527
8695
8818
8872
8660
8807
8309
8747
8726
8318
8591
8949
8876
8338
8717
8647
8781
9004
8721
8805
9015
8252
8698
8695
8946
8510
8338
8553
8408
8318
8923
8896
8967
8400
9061
8908
8228
8767
8228
8591
8743
8546
8891
8948
8888
8924
8718
8938
8877
8764
8890
9004
8338
8856
8553
8963
8978
8553
8854
8947
8228
8702
8504
8984
8647
8553
8854
8553
8553
8799
8804
8596
8810
8553
8228
8309
8963
8965
8914
8510
9061
8318
8408
8963
8767
8494
8789
8553
8797
8997
8553
8338
8882
9061
8674
8718
8889
8819
8838
8877
9118
8812
8907
9104
8967
8808
9015
8884
8987
8972
8813
8814
9029
8844
8949
8764
8881
9098
8990
8949
8984
8922
8621
8596
8743
8940
8698
8596
9032
8507
8797
8991
8494
8767
8837
8591
8698
8245
8795
8964
8309
8993
8245
8426
8754
9026
8874
8850
8718
8705
8228
8984
8976
9004
8452
8426
8924
8860
8856
8309
8754
8400
8865
8922
8797
8841
8965
8452
8400
8978
9156
8899
8814
8823
9102
9026
8591
8621
9020
8960
8913
9073
8621
8787
8887
8888
8889
8890
8991
8982
8591
9065
8963
8938
8400
8553
9009
8900
8944
8944
8527
9086
8896
8583
8999
8948
8621
9104
8980
8942
8813
9104
8618
8787
8754
8914
8583
8960
8959
8823
9098
8827
8318
8997
8452
9026
8921
8318
8917
8621
8944
8718
8400
8936
8469
9033
8859
8940
8979
8990
8591
9051
8866
9156
9032
9163
9118
8494
9003
8952
8916
8954
8469
8952
8591
8374
8966
8972
8408
8400
9004
9102
9026
9007
9121
8924
8969
9050
9155
9075
8973
9033
8408
9187
8977
9092
9096
9071
8507
9007
9013
8984
8408
9135
8964
9050
8851
8986
8991
8740
8940
8591
8951
8895
8997
9281
9150
8718
8866
8916
9094
9014
8866
8618
9097
8929
9177
8859
8900
9077
9011
9014
8991
8336
8400
8400
8916
9020
8797
9059
8984
8414
8309
9143
8591
9042
9170
9187
9019
9121
9197
8999
8374
9002
8320
9038
8504
8504
8824
9085
8944
9022
8977
8984
8859
8924
8309
9051
9004
9044
9207
8309
9055
9050
9050
8469
9107
9177
9287
8452
8980
8521
9153
8913
9088
9019
8374
9139
8917
8916
9121
9177
9111
8786
9117
9078
9180
8798
8823
9128
9084
9084
9107
9234
9087
8917
8859
9100
9036
9092
9216
9353
9112
9203
9111
9163
8993
9149
8970
9131
9187
9401
9157
9261
9232
8901
9148
8886
9111
9090
8408
9155
9115
8984
9150
9292
9051
9139
9170
9154
8847
9002
9139
9099
9056
9094
8504
8584
9318
9132
9107
8408
9304
9114
9014
9014
9050
9235
9088
9173
9143
9070
8374
8374
9221
9087
9147
9238
8469
9142
9209
8847
9298
9281
9188
9158
8984
8521
9036
9292
9163
8320
8956
8521
9087
8847
9318
9163
8851
9295
9184
8555
9237
8504
9280
9125
9179
9306
9014
9203
9087
9216
9014
9252
9121
9290
9474
9002
9294
9172
8933
9014
8494
8504
9281
8504
9199
8916
9161
8583
9280
8977
8426
9014
9234
8945
9271
9433
9294
9175
9284
8847
9401
9232
9229
9068
9136
9139
9368
9126
9249
9173
9068
8749
9207
8598
9213
9261
9266
9317
9119
9292
9279
9165
9315
9275
8740
9001
9241
9325
8469
8583
9143
8933
9165
8676
9106
9250
9154
9252
9253
9409
9036
8426
8521
9290
8426
9273
9269
9242
8507
9277
8847
9266
9139
8583
9236
8886
9231
9315
9292
9223
9323
9139
9232
8426
9311
9271
9364
8479
9283
9319
9201
9300
9456
9005
8426
9324
9005
9434
9199
9119
9448
9262
9344
9398
9274
9334
9301
9326
9201
9505
9101
9306
9233
9087
8507
9260
9238
9307
9298
9120
9315
9224
9237
9853
9353
9363
9635
9250
9334
9271
9264
9326
9199
8703
8456
9201
9119
9332
9413
9463
8676
9043
9161
8507
9199
9294
9242
9199
9343
9313
9593
9480
9403
9296
9299
9043
9370
9154
9532
9161
8456
9041
9357
9266
9286
9503
9394
9249
9408
9711
8996
8555
9193
9576
9593
9368
9371
9343
9294
8507
9119
9387
9377
8469
9402
9285
9337
8606
9347
9253
9031
9271
9403
9276
9484
9267
9391
9392
9119
9455
9294
9396
9397
9434
9274
9110
9827
9449
9363
9120
9292
9313
9405
9557
9544
8469
9349
9396
9465
9361
8512
9397
8512
9453
9419
8507
8624
9344
9376
8512
9555
9448
9283
9376
9036
9520
9337
9567
9720
9766
9423
9344
8469
9285
9266
8830
9341
9493
9528
9561
9396
9358
9439
9386
9312
9450
9535
9480
9322
9521
9587
9817
9678
9517
8788
8788
9330
9480
9386
9554
9432
9499
9481
9262
9662
8652
9246
9620
9080
9753
9480
9476
9307
9267
9484
9307
9548
8606
8469
9312
9480
9554
8469
9762
9336
9225
9218
9439
9384
8624
9377
8512
9383
9619
9407
8886
9398
9367
9444
9504
9916
8512
9434
9501
9431
9307
9793
9639
9637
9390
9499
9453
9463
8624
9438
9468
9682
9565
9035
9399
8512
9526
9529
9747
9381
9507
8611
9935
9533
9762
9161
9472
9536
9439
8798
9465
9492
8846
9405
9932
9336
9484
9361
9521
9593
9380
9507
9443
9465
9424
9503
9593
9407
8611
9418
9376
9492
8788
9894
9582
9639
9741
9692
9377
9226
9405
9400
9035
9530
9624
9507
9803
9577
9647
9486
8512
9428
9431
9527
9416
9561
9793
9779
9388
9578
9940
9387
9654
9484
9733
9616
9358
9461
9037
9469
9813
9581
9390
9594
9604
9439
8611
9464
9608
9662
9610
9709
9362
8731
9508
9615
9808
9564
9861
9995
9632
9585
9464
9305
9407
9784
9151
9497
9579
9600
8690
9388
9758
9411
9861
9887
9559
9499
9638
9786
9603
9144
9385
9508
9696
9541
9495
9622
9668
9765
9599
9551
9451
8846
9898
9336
9424
9228
8765
8937
8690
9495
9859
9765
9664
9733
9449
9424
9727
9925
9522
9160
9471
8858
9674
9502
9314
10007
9975
8858
9995
9958
9901
9683
9547
9588
8690
9938
8903
9605
9543
9547
9689
9693
9589
9577
9696
8958
9446
9535
9411
9491
9702
9721
9418
9742
9715
9650
9844
9734
9672
9887
9641
9547
9402
9715
9684
9676
9807
9151
10015
9721
9838
9328
9775
9692
9796
9882
9836
9765
9543
9614
8958
9852
9699
9605
9736
9969
9790
9411
9961
9786
9901
9743
9788
9949
9568
10048
9940
8958
8903
9605
9691
9969
9558
9755
9756
9675
9900
9967
10007
8937
9610
9446
8903
9610
9788
9931
9151
9600
9942
9633
9692
9924
9774
9809
9776
9151
9614
9921
9696
9902
9782
9765
9775
9614
9597
9058
9826
9789
9877
9838
9569
10073
9882
9911
9722
9717
9839
9919
9967
9917
8958
10081
9823
9614
8903
9725
9745
8903
8903
9151
9843
9823
10017
9670
9795
9781
9878
9675
9820
9821
9782
10114
9538
9617
9686
9969
9782
9782
10042
9707
9832
10011
9661
9459
9804
9933
9915
9562
9958
8958
9837
9843
9642
9921
10057
9765
10022
9849
9728
9946
9976
9909
9843
9855
10010
9856
9596
9792
9417
10017
9417
9756
9851
9335
10070
9829
9166
9869
9282
8903
9686
9151
9804
9366
9538
9839
10048
9166
9880
9863
9991
9653
9930
9900
9828
9872
9670
10052
9446
9723
9892
9909
10028
9843
10065
9657
9991
10100
9899
10118
9151
10153
10005
9166
9842
9646
9908
9929
9698
9835
10051
9659
9993
10069
9950
9960
9459
9930
9646
10005
9366
9166
9960
9843
9888
10044
9959
9257
10045
9960
10066
9659
9946
10066
10020
10051
10073
9933
9843
10024
10064
10114
10044
9698
9865
9799
10101
9417
9809
10020
10043
10006
9257
9970
10051
9865
10079
9959
9960
10153
9992
10068
9939
9166
9417
10044
10101
9966
10042
9366
9366
10153
9764
9983
9960
9835
10053
10195
10101
9981
10101
9809
10168
10058
9986
9989
9671
9906
9960
10128
10067
10033
9913
10070
10008
10071
10086
10016
9984
9968
10095
10108
9518
10128
9688
10104
10175
10133
10010
10151
9518
10076
10020
10056
9688
10164
10068
10019
10020
9761
10155
10135
10013
9671
9531
9417
9879
10133
9842
10031
9531
10033
10153
9918
10136
9979
9673
9988
10117
10041
10135
10143
10133
10110
10039
9518
10179
9941
9494
10133
10084
10105
10107
9679
9658
10224
9531
10059
10089
10087
9864
9994
10022
10132
10026
10216
10186
10195
10128
10136
10082
10165
10135
9957
9770
10077
10160
10257
9761
10113
10142
10218
10122
9934
10132
10087
9531
10089
10168
9658
10131
10025
10198
10213
10203
10082
9941
10099
10137
10172
10102
10103
10032
10198
9673
10272
10238
10208
10201
9750
10194
9871
10216
10189
9673
10246
10091
9679
9761
9964
10264
9918
10124
10158
10062
10272
10234
9988
9750
10209
10192
10198
10201
10194
10263
9879
9679
10039
10140
10148
10185
10242
10130
10304
10228
10147
10148
10149
10265
10281
9875
10222
9750
10145
10268
9787
10032
10265
10246
10161
10302
9875
10233
10254
10211
10098
10206
10046
10170
9883
10302
10171
9787
10158
10263
10215
10200
10154
10176
10141
9868
10097
9883
10236
10330
10193
10021
10340
10035
10281
10244
10245
10325
10217
10196
10299
10268
10183
10238
10270
10202
10253
10204
10169
10206
10012
9923
10311
10258
10211
10258
10295
10199
10352
10272
9965
10281
9923
10021
10237
10254
9883
10330
10256
10315
10227
10228
9922
10307
10123
10093
10348
10321
10075
10331
10182
10301
10259
10240
10309
10294
9972
10324
10273
10333
10012
10050
9971
10120
10329
10252
10393
10305
10347
10275
10292
10333
10219
10344
10004
10187
10217
10365
10378
10012
10383
10370
10138
10270
10312
10348
10355
10361
10335
10369
10120
10278
10327
10169
10292
10282
10080
10038
10379
10106
10330
10188
10223
10424
10171
10409
10174
10356
10409
10139
10120
10174
10375
10446
10298
10407
10303
10332
10471
10411
10380
10138
10397
10336
10371
10311
10391
10320
10377
10316
10190
10116
10441
10269
10384
10322
10319
10395
10411
10349
10356
10116
10329
10421
10400
10286
10481
10402
10434
10285
10502
10214
10152
10357
10418
10220
10343
10499
10401
10456
10362
10489
10286
10463
10184
10459
10163
10280
10410
10429
10357
10235
10502
10229
10448
10392
10231
10364
10439
10157
10386
10152
10427
10481
10436
10247
10313
10243
10540
10416
10417
10540
10467
10474
10296
10250
10383
10483
10288
10512
10405
10207
10462
10277
10310
10229
10517
10457
10482
10452
10554
10402
10343
10435
10449
10460
10283
10284
10473
10453
10566
10291
10505
10360
10482
10538
10566
10317
10284
10470
10633
10577
10266
10266
10506
10261
10297
10576
10277
10472
10507
10542
10434
10328
10373
10399
10289
10434
10366
10569
10231
10474
10636
10461
10466
10284
10443
10381
10318
10428
10394
10448
10492
10443
10427
10536
10529
10353
10406
10416
10402
10464
10651
10518
10461
10508
10680
10435
10363
10366
10538
10266
10339
10445
10556
10472
10513
10510
10342
10477
10455
10283
10447
10495
10556
10634
10559
10598
10339
10351
10487
10487
10572
10534
10497
10602
10318
10636
10604
10328
10497
10342
10700
10476
10404
10686
10289
10477
10597
10559
10466
10563
10720
10532
10472
10512
10472
10399
10437
10518
10680
10526
10372
10318
10621
10574
10748
10838
10493
10526
10289
10523
10584
10579
10381
10472
10390
10510
10595
10615
10415
10550
10487
10682
10328
10698
10514
10339
10532
10526
10368
10548
10419
10537
10545
10562
10612
10574
10408
10667
10472
10558
10711
10368
10479
10545
10590
10472
10444
10693
10524
10516
10683
10516
10526
10726
10501
10573
10525
10682
10778
10488
10605
10500
10570
10605
10678
10829
10425
10546
10465
10539
10472
10579
10496
10721
10564
10586
10671
10603
10642
10738
10504
10568
10403
10659
10744
10669
10593
10628
10578
10581
10561
10553
10403
10558
10593
10430
10562
10531
10824
10581
10707
10420
10664
10599
10813
10478
10610
10546
10403
10658
10679
10588
10498
10468
10770
10741
10433
10752
10697
10600
10586
10553
10613
10656
10581
10588
10747
10425
10600
10382
10614
10589
10810
10612
10558
10420
10650
10619
10653
10549
10717
10675
10902
10605
10613
10658
10848
10607
10764
10600
10675
10607
10732
10514
10630
10855
10605
10478
10564
10739
10783
10828
10625
10805
10760
10644
10650
10761
10828
10813
10689
10804
10824
10630
10764
10607
10423
10790
10804
10765
10685
10828
10641
10847
10644
10641
10639
10701
10734
10626
10594
10759
10765
10469
10631
10485
10469
10547
10782
10527
10541
10747
10747
10614
10478
10485
10640
10711
10699
10486
10618
10469
10733
10784
10677
10767
10608
10666
10672
10805
10771
10757
10828
10560
10565
10746
10713
10704
10722
10798
10749
10423
10757
10797
10670
10692
10773
10652
10755
10654
10658
10893
10815
10803
10809
10797
10812
10855
10802
10756
10620
10892
10763
10681
10733
10921
10544
10560
10657
10815
10486
10728
10791
10837
10843
10862
10758
10751
10762
10643
10861
10818
10789
10485
10519
10862
10638
10850
10845
10892
10799
10708
10668
10923
10725
10740
10841
11013
10910
10756
10819
10905
10705
10814
10831
10852
10845
10714
10953
10785
10871
10780
10673
10833
10715
10946
10799
10850
10676
10924
10865
10624
10866
10736
10826
10858
10684
10735
10862
11001
10818
10737
10886
10779
11013
10961
10886
10846
10933
11000
10676
10880
10896
10947
10705
10854
10887
10912
10715
10871
10789
10874
10768
10860
10889
10624
10973
10877
10772
10776
10869
10705
10923
10885
10854
10850
10792
10820
10823
10795
10842
10891
10775
10979
10754
10776
10894
10949
10939
10888
10941
10840
10789
10933
10940
10929
10867
10956
10788
10920
11039
10964
10980
11034
10800
10849
10939
10951
10926
10873
10909
10972
10787
10959
10900
10881
10945
10832
10936
10868
10879
10918
11020
11054
10979
10939
10987
10970
10928
10884
10938
10935
10895
11002
10940
10867
10928
10945
10960
10915
10955
10989
10967
10964
10968
10944
10913
11006
11002
10890
10994
10950
10974
10836
11075
10911
10967
10998
10919
10954
10967
10989
11012
10916
10957
10908
10870
10966
11008
11025
10969
10992
10997
10976
10991
11017
10975
10948
10900
11070
11105
11087
10878
11057
10965
10984
11036
10981
11035
10895
11028
10962
10962
11046
11037
11025
11044
10977
11003
10995
10996
11050
11039
11031
10950
11030
11005
11078
11011
11037
10931
11045
10983
10981
11123
10988
11015
11082
11058
11032
10942
11018
11065
11047
11024
11029
11061
11044
10977
11073
10997
11011
11105
11014
11051
11119
11102
11036
11058
10985
11133
11027
11041
11056
11038
11072
11099
11070
11067
11048
11049
11063
11043
11052
11053
11135
11019
11086
11063
11099
11076
11060
11136
11062
11094
11112
11097
11143
11106
11042
11059
11120
11071
11115
11109
11074
11174
11077
11077
11110
11133
11154
11081
11140
11083
11052
11085
11086
11161
11124
11116
11090
11091
11129
11084
11121
11083
11096
11149
11098
11175
11180
11111
11183
11103
11104
11212
11159
11107
11108
11201
11121
11126
11171
11113
11114
11159
11132
11104
11118
11182
11151
11141
11217
11215
11214
11138
11170
11127
11171
11129
11177
11153
11165
11185
11157
11221
11211
11158
11181
11192
11226
11141
11142
11215
11144
11186
11212
11169
11137
11149
11200
11222
11152
11203
11189
11200
11187
11207
11192
11244
11160
11256
11198
11220
11197
11188
11204
11167
11193
11163
11188
11209
11219
11173
11259
11232
11176
11177
11207
11179
11248
11238
11227
11262
11184
11230
11217
11258
11251
11235
11190
11222
11241
11229
11194
11282
11202
11242
11198
11199
11238
11280
11245
11251
11241
11205
11160
11238
11233
11235
11225
11332
11308
11213
11332
11302
11272
11217
11218
11241
11220
11255
11287
11271
11236
11246
11267
11300
11270
11223
11300
11231
11307
11260
11258
11278
11281
11266
11251
11264
11277
11279
11276
11322
11333
11276
11263
11247
11340
11268
11289
11252
11325
11295
11284
11354
11334
11276
11288
11350
11299
11265
11366
11309
11292
11337
11305
11354
11298
11314
11284
11261
11286
11298
11315
11303
11279
11323
11331
11301
11390
11318
11368
11311
11304
11319
11361
11373
11380
11345
11342
11320
11296
11358
11391
11343
11309
11344
11359
11313
11360
11252
11387
11329
11279
11312
11363
11400
11386
11342
11328
11319
11316
11348
11351
11318
11316
11427
11330
11330
11320
11364
11368
11388
11343
11324
11325
11396
11389
11353
11339
11367
11400
11442
11401
11349
11379
11327
11330
11326
11491
11365
11376
11397
11432
11410
11371
11408
11375
11339
11437
11365
11423
11379
11438
11489
11374
11397
11418
11460
11446
11439
11465
11524
11425
11356
11466
11448
11547
11393
11370
11429
11428
11485
11378
11460
11416
11377
11357
11453
11413
11394
11508
11403
11497
11477
11491
11500
11434
11441
11466
11528
11392
11416
11356
11497
11414
11467
11374
11453
11541
11495
11512
11457
11414
11405
11398
11559
11540
11471
11470
11541
11586
11414
11416
11483
11535
11475
11525
11482
11480
11530
11524
11583
11420
11473
11559
11567
11471
11539
11568
11471
11406
11471
11497
11539
11482
11588
11552
11641
11512
11549
11615
11623
11623
11461
11488
11623
11419
11590
11533
11478
11558
11445
11480
11493
11493
11561
11502
11471
11624
11424
11493
11606
11577
11575
11590
11570
11556
11482
11577
11535
11533
11533
11578
11562
11566
11605
11671
11622
11503
11533
11523
11445
11564
11715
11604
11493
11572
11612
11493
11656
11622
11504
11493
11591
11533
11702
11533
11633
11643
11533
11461
11576
11424
11546
11622
11482
11619
11482
11493
11683
11502
11682
11683
11612
11665
11560
11533
11618
11650
11543
11643
11603
11687
11584
11685
11589
11620
11640
11622
11683
11660
11482
11667
11523
11670
11622
11622
11445
11484
11721
11671
11642
11564
11579
11564
11729
11627
11626
11626
11659
11562
11630
11627
11660
11610
11622
11710
11702
11652
11728
11695
11647
11652
11778
11502
11686
11717
11424
11683
11735
11554
11661
11622
11674
11680
11740
11674
11636
11661
11564
11765
11693
11679
11729
11714
11778
11720
11760
11700
11779
11626
11454
11720
11599
11573
11702
11661
11616
11765
11674
11765
11691
11626
11717
11751
11723
11765
11628
11718
11626
11782
11627
11661
11824
11648
11816
11760
11692
11774
11666
11569
11760
11750
11778
11504
11652
11652
11627
11569
11628
11778
11751
11816
11813
11745
11699
11661
11819
11778
11814
11651
11744
11563
11613
11778
11753
11706
11661
11760
11707
11691
11688
11819
11681
11817
11779
11760
11744
11758
11603
11825
11661
11651
11786
11895
11824
11719
11803
11828
11862
11737
11730
11697
11616
11819
11730
11819
11688
11760
11688
11874
11797
11712
11699
11886
11892
11652
11816
11819
11763
11595
11860
11802
11725
11737
11732
11644
11595
11866
11688
11823
11661
11675
11661
11902
11798
11902
11688
11846
11661
11749
11688
11936
11906
11737
11860
11803
11962
11844
11859
11791
11918
11876
11737
11775
11807
11699
11944
11593
11855
11661
11819
11737
11919
11876
11768
11781
11860
11896
11819
11761
11968
11900
11783
11943
11862
11737
11593
11954
11945
11795
11895
11895
11866
11968
11799
11893
11805
11891
11768
11888
11836
11911
11956
11781
11980
11752
11737
11979
11762
11761
11737
11910
11737
11973
11902
11937
11810
11895
11768
11981
11821
11887
11934
11853
11771
11939
11722
11644
11926
11994
11737
11902
11863
11704
12021
11784
11790
11895
11876
12015
11875
12047
11908
11885
11799
11924
11994
11830
11698
11768
11998
12001
11884
11956
11975
11981
11956
12000
11675
11811
12021
12004
11997
11895
11789
11945
12047
11768
11737
11895
11830
11812
11945
11863
11910
11761
11790
11970
11865
11761
11953
11932
11761
11861
11787
12024
11989
11960
11737
11922
11830
12035
11997
11841
11909
12011
12027
11959
11856
11986
11946
12068
11857
12023
11960
11969
11989
11988
11808
11989
12047
12024
11928
11938
11768
11830
12073
12065
11761
11997
11847
11941
11922
12032
11827
12047
12019
11841
12058
12043
11966
11761
12033
12010
11761
11947
12022
11940
11871
12049
11960
11868
11856
12068
12011
11953
11957
11982
11965
11997
11808
12054
11856
11989
11787
12011
12046
11871
11931
11847
12065
11983
12093
12052
11856
11827
11988
11847
11964
11955
12022
12046
12020
12081
12034
12063
12062
11931
11957
12023
12113
12085
12014
11958
12025
12102
11992
12098
12101
12022
11978
12112
11890
12034
11946
11976
11921
12116
12082
12052
12123
11996
11978
11890
12050
12125
12077
12048
12097
12067
12112
11996
12126
11920
12052
11917
12101
12069
12062
12017
12094
11913
12113
12141
11913
12048
12036
11964
11992
12002
12142
12164
12008
12007
12099
12131
12082
12134
12123
12008
12098
12121
12067
11987
12018
12040
12044
12153
12066
11984
11904
12038
12158
12092
11990
12059
12166
12126
12102
12099
12146
12174
12163
12051
12142
12100
12155
11898
12059
12154
12143
12156
12164
12087
12072
11974
12155
12056
12119
12146
12177
11990
12030
12129
12114
12074
12140
12031
12086
12145
12056
12174
12013
12045
12064
12186
12060
12053
12197
12162
12209
12059
12183
12051
12096
12194
12161
12045
12156
12057
12140
12087
12191
12089
12136
12070
12197
12109
12207
12129
12030
12087
12184
11967
12037
12090
12117
12076
12109
12156
12161
12136
12087
12095
12184
12124
12143
12172
12130
12196
12183
12154
12107
12115
12106
12150
12105
12083
12184
12197
12225
12195
12110
12169
12163
12191
12199
12080
12223
12128
12232
12108
12240
12175
12091
12148
12160
12217
12240
12232
12135
12211
12106
12230
12088
12120
12148
12201
12186
12192
12209
12229
12205
12168
12088
12138
12223
12127
12133
12200
12225
12256
12211
12209
12115
12283
12150
12203
12216
12222
12214
12236
12110
12256
12135
12200
12185
12151
12276
12230
12147
12269
12180
12190
12257
12229
12264
12218
12188
12133
12262
12256
12268
12302
12202
12215
12127
12210
12216
12204
12157
12273
12247
12283
12269
12170
12226
12208
12268
12120
12187
12213
12251
12165
12295
12138
12263
12181
12279
12253
12242
12249
12249
12271
12272
12189
12182
12190
12224
12287
12282
12254
12309
12250
12288
12170
12290
12261
12147
12273
12255
12246
12243
12312
12231
12272
12193
12303
12248
12202
12198
12221
12206
12220
12308
12275
12290
12294
12319
12244
12267
12274
12239
12292
12303
12219
12234
12239
12320
12346
12359
12312
12182
12266
12284
12336
12342
12301
12270
12328
12364
12274
12258
12353
12343
12246
12322
12260
12311
12326
12333
12265
12237
12252
12277
12308
12259
12345
12255
12305
12321
12320
12342
12286
12306
12285
12296
12300
12307
12359
12391
12233
12324
12291
12306
12356
12333
12310
12337
12382
12298
12297
12278
12289
12313
12285
12356
12362
12304
12344
12252
12368
12327
12347
12317
12402
12329
12315
12323
12259
12391
12336
12316
12377
12341
12338
12340
12313
12325
12392
12351
12370
12360
12394
12405
12335
12349
12300
12352
12340
12385
12330
12316
12406
12331
12299
12377
12400
12335
12371
12363
12425
12318
12332
12430
12403
12348
12376
12406
12358
12310
12349
12375
12396
12429
12357
12365
12428
12355
12409
12330
12404
12393
12407
12358
12430
12379
12348
12431
12434
12405
12430
12350
12369
12366
12403
12453
12407
12372
12429
12396
12432
12420
12410
12404
12373
12462
12429
12361
12374
12361
12390
12395
12381
12378
12387
12372
12435
12427
12422
12404
12401
12446
12383
12411
12437
12439
12461
12445
12432
12448
12446
12427
12411
12432
12446
12439
12397
12462
12455
12443
12444
12445
12446
12465
12408
12447
12424
12439
12418
12459
12454
12436
12456
12448
12480
12463
12418
12459
12474
12467
12440
12450
12452
12460
12456
12480
12471
12466
12483
12473
12477
12468
12476
12477
12478
12479
12480
12481
12477
12483
630
766
940
4697
4697
4169
4273
4697
4697
3850
3850
4368
4273
4245
4151
4285
4273
