9884
11595
9246
5257
4796
58
875
11276
1636
5343
1489
2053
1285
1717
3773
5008
11089
3327
1618
9629
7752
305
6402
1645
8988
11133
6462
1071
1937
2813
2640
1936
7573
6650
11
10156
7123
175
5343
9055
7994
1877
908
11521
6259
6
1152
10195
12252
266
6546
6395
7687
11103
12083
3246
3469
4502
7593
8673
11028
5718
11227
8931
9393
12420
2434
8147
5936
1793
70
6376
2243
2598
7513
686
1551
8931
11062
1721
9045
2430
3522
2461
12287
6228
11122
2075
6548
5257
3914
8348
1104
12497
5244
369
6944
1068
10414
448
6436
9564
6328
2459
2094
9399
1264
1602
6981
337
9489
6757
1652
5292
9872
9676
4158
3791
2003
1248
7752
1281
5226
9144
1748
2124
687
9015
11160
11184
5850
11482
1655
7168
1404
6078
8520
7834
8693
8381
11627
1068
1381
2329
237
2976
11298
1957
1530
1329
5858
3612
278
8534
6387
6548
1541
1006
6564
1218
70
4204
8140
8054
7879
6259
40
6123
9228
849
9629
6667
5660
6737
3771
403
6656
6093
4868
2073
3788
5226
11790
175
6575
1215
2097
5521
11788
10282
8377
993
11048
7948
1161
4017
11225
6449
5039
369
1482
3744
4571
2505
7591
10459
4744
7971
1577
5233
7465
7147
4307
3366
10258
8410
8410
3739
794
5919
8909
6269
4005
7999
1653
2849
6759
6663
3858
2168
3994
4194
7399
4203
7816
2666
126
9854
1239
1299
8244
6395
4
6685
10016
5
1131
10017
1630
4134
5395
6912
10014
7010
7107
8301
1179
88
9536
7872
8795
9094
2625
1736
11541
924
2925
1490
7854
5753
12207
5292
6845
11976
4696
175
4095
90
1777
2014
5102
10281
1582
11984
1014
9400
397
7122
10208
10137
2143
2382
1875
2036
1200
4888
175
8605
7454
7872
7200
9511
12497
10234
12098
9194
940
1901
8593
4662
2235
369
1866
6113
6505
295
9769
127
5425
2863
1030
7588
7588
11502
10217
11098
10918
902
7849
8066
5873
7399
1379
11714
10063
11048
1627
8307
9123
8467
2393
6942
7141
11131
40
8244
9665
3593
924
11015
7464
11215
12026
10855
5285
1246
8560
2728
6484
3820
739
8205
1514
3556
7945
1587
7526
5888
1106
1891
1248
2299
5206
1267
8931
9833
2258
3415
422
11022
7688
11108
8820
7808
2454
7526
3951
6981
8238
4240
2102
4919
106
3476
422
10046
1775
6685
872
1744
3122
1182
1027
12307
2041
6341
858
11388
780
5589
5331
5226
1969
6685
6304
3063
7050
1296
4099
12459
6239
2784
4083
1609
4545
1399
9754
3054
12440
4925
1473
175
2342
3469
2476
2956
12208
9071
6757
4745
5292
5893
8728
697
3245
2067
1434
2717
2724
11267
790
4576
597
7402
211
9502
3762
175
6602
1267
7314
1700
7172
12498
369
2118
1567
1066
6759
8358
10093
10865
8955
8684
10680
2857
5575
7526
11268
557
1183
5226
8864
8351
2005
4219
2732
3457
12083
6369
2321
12284
2264
8673
1386
6147
7419
5248
8690
1086
136
8895
10094
9048
7122
4888
1332
7003
7628
3761
4745
3151
7667
2030
7543
7082
6802
2133
1708
7135
6912
4115
10465
7361
5575
11635
4868
2411
3676
9592
7667
11205
6461
175
2753
3465
2801
1218
10153
7522
1258
12282
1596
8650
7526
5987
2261
2902
7198
2971
9202
7263
1173
1287
6759
7141
1537
1419
369
2404
7349
4550
8204
6942
2603
8469
1768
2191
11042
7472
8549
369
8352
5980
1574
6602
8622
5571
7667
175
4098
545
137
6410
8830
7107
11147
9457
10179
222
7071
2131
4156
6387
5343
6994
3202
9159
1119
7302
7
8612
1164
7471
3495
6548
358
6546
5169
1096
8062
369
5352
8661
11174
3074
8405
5391
8066
2380
12244
2110
2951
7184
7426
8774
7948
11392
2755
8621
10054
7127
11192
9788
10079
5888
8410
163
1432
1366
2124
7940
1982
9878
4485
7141
7392
4471
7407
7997
8760
9895
2792
11146
6464
5292
6759
81
2380
7314
8438
1620
1386
8509
6893
451
175
1630
8351
8658
5401
7879
2193
369
8727
7127
7172
1573
11272
6011
3290
4051
3311
9047
4932
358
3029
6994
2063
1814
1935
7520
1179
6759
4212
10083
9283
2213
9048
561
2154
1612
1463
201
7989
2729
9246
2321
3676
175
5226
5357
1855
7685
2710
1549
5391
10538
255
7355
8917
1612
9873
6410
3195
2368
8758
281
9168
11167
10998
7116
3994
12418
5244
1410
11421
10235
1608
11200
5401
2734
6815
11595
2574
966
9471
347
6668
4218
12012
8390
8593
2436
7395
8517
10830
2603
8461
10933
3410
1357
2249
916
6560
7940
6560
219
11561
8596
2312
40
2386
3627
2214
1238
545
10233
10382
1977
8928
4925
8820
1768
8615
1148
7620
3199
6575
9918
1290
626
11354
10032
9767
4925
3339
5391
9191
1544
2019
2608
3318
1539
5452
4032
2148
7330
1634
1531
6575
9489
7125
7879
7127
3053
7003
898
3173
3120
2975
2477
11622
8410
1132
11147
5321
10220
11442
8511
2471
9638
8066
678
1297
7456
8203
1503
6392
4925
10525
3064
7085
369
1666
6279
8274
2132
10414
175
7667
2648
7003
2202
2656
1510
5813
1478
5309
9123
369
5648
7185
8478
369
12498
1365
9812
2027
5206
8495
383
2848
2433
9541
4745
331
7680
794
5498
1099
2787
3378
6426
9312
8479
9530
6820
2102
1379
557
3137
4696
839
11131
5391
7172
9371
7141
9457
5374
8887
1306
7444
8645
5633
2820
369
2572
6328
8260
8906
8593
1933
6574
1427
7682
8679
1140
5084
11821
11626
175
1433
8856
9389
1018
700
9008
1230
9
4955
11856
2457
1973
4253
2274
6137
11118
9228
3047
9449
945
2220
98
9954
7490
1565
8878
7924
6602
8348
9676
12485
891
6548
10028
369
1692
11963
6980
1673
9057
4871
2758
6602
8351
106
9490
10554
7759
7407
2139
8530
7610
4925
437
6685
6031
8931
12496
7141
8143
3169
913
3930
4491
8846
2625
8066
1235
3144
2750
7466
9919
8534
7921
3930
9335
1683
1744
11244
7563
2140
7160
6548
613
2957
7254
2861
3620
4
8435
12493
3876
5940
256
6562
2792
2334
3318
723
1720
381
1483
7631
2912
1087
3334
12493
662
916
1651
11749
2488
6981
4160
163
891
2065
8511
9214
4871
1254
12295
767
6328
3147
804
1602
7464
6994
7339
9982
1375
5285
6057
11079
8931
8917
7466
7419
8731
3020
4932
597
8066
9482
175
832
8511
537
8958
7849
7616
6994
9094
9246
143
175
8791
7543
4929
7544
4848
2272
905
4957
7285
11188
2769
6663
2387
655
12055
3235
4745
6
7670
2154
2392
6663
1630
2608
11170
1499
1548
5955
6402
2403
9489
6063
6550
4957
4955
11308
1853
2690
97
10486
7153
175
7465
4743
8490
106
3930
6759
1579
1056
1590
1395
1699
1861
6369
7124
6929
2222
6484
67
3017
9983
847
11784
3335
10875
3575
5244
2158
312
8137
10002
1381
1841
9079
11091
11347
2675
11372
8931
2900
316
1501
2544
175
2330
9888
2381
369
8530
8499
7919
2723
5292
11029
6087
7908
3013
1521
2232
11981
1027
137
1594
2824
9345
12347
197
7986
4714
11345
7849
5206
3162
6912
2423
8611
6550
743
4186
6875
10158
11332
8970
181
6650
2405
9491
5383
8523
894
7127
7464
8066
4925
7233
10190
6395
369
6157
818
7862
2415
1768
7263
5226
3884
1369
11084
8096
7137
4463
8593
1071
6148
1452
2397
4553
7198
4194
11702
4571
2996
4119
3930
2886
10016
6944
7127
5389
2061
10156
11118
9185
5042
6559
1329
1080
10997
3879
4048
8631
2078
3599
11029
7200
12491
270
3269
7465
7071
7465
2796
1922
2957
5244
8994
6328
847
12337
6258
624
11103
8681
4537
10877
1218
7127
9482
8511
3881
150
3230
6248
8895
8624
11056
2895
7644
3831
9438
1348
4119
7085
4925
800
1476
7749
2567
1338
4279
475
4907
6944
7172
2432
4200
8511
4774
819
6525
1125
1579
11056
9058
9641
2057
4119
7245
10190
10044
8017
305
1175
4871
8523
3890
4098
8191
11147
1256
2083
986
3022
4475
9022
38
6981
2176
8517
6513
2125
3270
5119
3344
10441
3036
10248
6912
5102
73
11116
1419
9328
7325
8526
10349
4598
2153
1033
6269
9305
7314
11203
93
7122
5839
3994
5391
1367
2341
8868
11251
7531
9123
11489
7512
8611
8047
9896
8205
9645
7535
4129
3135
819
1428
9385
1873
3966
2066
2678
11175
6437
7242
1158
2806
212
4324
1362
11106
9905
2298
5435
8080
4074
1662
9327
6650
1322
838
1741
369
2729
9626
1484
2164
6875
369
245
8924
10259
7021
6106
1129
4188
8631
2114
4603
12498
7064
9757
9006
11364
2576
10158
1312
5052
2882
8931
4868
5257
4925
6449
719
1419
10712
4903
7127
9638
9983
1879
1218
1218
11908
2187
5876
10617
8501
4117
2578
3999
369
2996
2953
2924
8075
9782
12231
3477
10816
6269
11707
8090
1378
2455
278
1592
7898
1919
8774
1556
9915
11595
145
1188
6656
9365
11661
117
9699
9842
8140
794
12012
8270
2465
11278
45
7380
5348
974
11101
5244
7544
11047
5244
308
10935
422
8338
249
9522
369
369
6919
3894
9389
1752
1267
9417
9168
1299
5226
11946
8715
10296
529
11408
632
1
4355
986
3135
6757
8038
81
1056
2885
2326
9471
2371
1212
2379
3827
994
1809
1612
7085
5235
6449
6172
2846
10063
5292
3843
2525
2314
6912
1669
4925
8885
7664
1167
1124
4
5545
5
3931
8362
7948
2023
1705
8061
7122
11702
4134
3970
1087
1561
8548
7360
561
1828
2352
947
92
10489
5401
3713
11901
5244
2107
2815
4868
4452
2291
8709
9101
40
7203
369
10549
1113
93
8586
4973
2680
6656
8624
1744
1194
1123
3355
6410
838
4743
1367
11138
1032
1428
749
6912
6559
3421
2005
8931
10424
2809
9528
6820
6912
10342
3442
11029
2262
8294
11308
3269
8181
5244
7590
2907
6638
9039
5562
2190
6602
2441
7384
8781
3089
1952
466
7822
4553
9159
2988
8978
3773
2766
637
1256
9047
10591
3532
6875
9367
2494
9792
6209
2496
11093
10502
7437
6356
2109
3133
7240
12434
3959
1146
11704
3873
2888
2692
7045
1744
524
7733
8242
3892
12055
1950
2126
1124
1722
3876
5226
1320
358
1555
796
8903
2236
8101
8174
6562
7469
2006
2281
2961
9489
9166
9421
5730
1889
7861
6410
4058
1676
7122
1445
3626
1381
9380
3843
9174
9673
38
7466
4322
11083
7569
5739
12016
11211
4117
12465
11212
7003
7665
3669
2201
7172
5209
8049
7437
2772
1478
10831
279
10235
5232
118
8121
126
9381
7444
5401
7490
2318
5244
7909
2721
7314
2412
1319
3452
5524
3309
947
9342
2296
878
1538
1531
3427
4925
3884
826
3642
6248
369
2828
5775
2818
5244
4866
5285
10314
7193
7361
10722
9548
6834
5112
5594
10404
187
9123
9656
10111
9366
2669
1394
6650
1942
8511
978
7709
175
8033
24
6978
1893
7951
236
8230
1724
2373
11058
4925
5280
121
8205
8931
8658
1086
787
1917
3539
11277
6415
3037
5620
1840
1942
305
9509
9502
4502
8430
5987
4252
6810
11221
2270
1676
6247
2960
2
10298
2043
6845
3568
6200
11307
2170
7442
6984
7141
6546
10415
6231
8878
8553
8650
11117
2538
1137
6981
2596
7544
7127
1722
9476
1832
7879
7050
4868
3343
4925
6845
143
11004
249
6757
2456
8593
10842
1620
7127
533
11482
1039
1431
4559
3678
1171
8017
940
6550
99
5248
11140
84
9327
3753
11089
1908
4163
40
4119
9211
4167
12353
1697
2327
7989
1551
1671
1170
7879
2394
6313
10719
7201
4794
4436
8738
7506
10575
1376
8413
6685
398
4324
11185
7437
8066
2556
4048
1299
11056
4886
12409
435
1105
5226
8377
1781
4925
7233
6875
2652
2350
3223
2021
5654
5
7550
2804
11337
776
3360
2957
8303
6231
3215
9080
3113
12110
6692
8917
4915
7379
114
2375
6624
9385
6575
8691
3158
7588
5169
6214
9569
8565
6650
8691
10137
369
5112
3974
9542
1810
2776
6638
1434
3516
2980
586
5292
2901
6981
2093
3837
1583
3417
610
6427
2036
6820
1029
2610
1237
4000
935
11045
1385
1508
2078
4955
6418
2945
7442
2260
11287
9671
8931
1799
8204
7664
9047
6776
6766
8090
8429
1507
11049
6249
9616
5739
12467
7141
1626
3581
10719
4106
4418
3224
12457
5061
8242
7122
3674
6550
7050
2742
1442
7214
6757
5226
8125
11248
1461
1078
7490
5425
11066
8205
10920
7200
2207
9772
3058
9181
3609
3359
2537
4295
1661
5994
6395
145
6021
8858
4787
6231
1896
4403
6258
1150
3734
1815
11627
11104
1171
11976
4099
4031
4957
1504
9130
9211
1674
2303
8368
8146
4925
10722
11373
10930
818
2389
3211
2330
7221
1440
6984
3609
1941
11361
4379
4929
3221
437
9572
5158
8318
4436
1898
2854
10046
7437
2148
1888
4747
1221
597
9185
7240
175
7729
2653
2034
8271
3005
4639
9211
11193
6957
11595
6829
3844
269
121
1190
815
12314
1068
10208
3014
9909
5989
4888
5637
10051
9935
8175
5633
6555
8602
9482
9990
1138
8942
12170
4925
3453
9131
58
4369
8885
4925
1218
9305
2898
211
7872
8501
2743
2585
12499
3354
4925
2575
195
7003
1554
3980
3068
7828
2995
3117
1607
3457
10904
7516
2132
7948
2966
3551
11398
11111
2908
7667
6505
1498
2291
1126
1640
9854
9337
10749
369
6810
589
5496
2785
2476
11242
9406
11323
858
8637
8163
278
6172
975
3264
3131
10104
1481
10761
9039
369
8556
2867
1037
6366
5448
2312
4119
8968
7643
8885
6656
1178
3310
4991
8840
3924
1
3274
1088
2956
88
2555
6876
5037
10213
1525
8405
5730
11683
2192
3297
4473
5244
7361
3839
4821
109
2764
8027
8907
3656
10483
1594
11212
4222
8062
1978
5248
1532
6663
1574
8179
2654
5816
9502
8511
11241
12102
5226
7300
3003
7141
2058
7591
5438
6484
12255
2300
9151
1600
1939
5248
9542
1412
9305
1856
9546
4054
71
8302
2969
6929
6810
4281
175
3275
2271
6369
8927
8955
10573
821
6638
369
5713
1805
8966
4886
11761
9666
8129
3154
1246
1969
11118
9638
1610
9698
6717
1070
6942
1108
8054
11247
1898
1831
10627
6820
93
3101
4122
3448
205
6562
1563
1535
1412
8096
5630
11661
4925
3245
6602
10119
6418
2687
3985
10172
2651
7849
71
3648
7141
5893
11502
7566
9211
511
8345
4619
2331
7247
8393
11585
175
3654
2220
8126
1502
2069
3308
4034
8066
4057
8948
9974
9041
11595
12498
7872
6820
2038
6495
369
2977
4163
9144
6379
2444
2226
8033
9223
9471
6721
11165
8204
1237
1776
2330
3133
3315
12013
11595
3628
2273
1014
6628
9755
2600
11947
7628
5009
3275
10182
10391
4357
6820
1701
8467
2186
3378
6981
8704
6078
6513
2228
4925
8575
1014
2877
3371
6602
9887
4320
2077
1332
4812
38
11749
3490
62
7325
7999
1365
4095
3465
8931
6947
4925
202
10849
1415
2139
11127
10918
7264
9599
9211
5753
6716
4
2610
4436
11147
9526
7861
1929
8422
3930
310
5525
369
9909
8151
8622
7437
5391
124
10855
9231
589
5525
10969
5016
2755
958
1863
7801
3987
9847
4123
9047
9535
11761
2655
1834
2779
3889
10139
2553
1914
4238
1279
1053
6373
6820
7642
754
10422
7469
1655
3093
11058
12467
3930
3408
1319
11096
721
11760
763
3584
4662
6655
3150
3082
3988
10360
8254
8611
487
1524
1415
4238
109
3536
2224
2984
6513
1178
7107
11034
140
10026
7675
10273
2923
11218
6248
5877
1399
5666
10217
875
2999
11101
7464
3282
6482
12076
11683
4955
3852
6405
12497
9792
3122
11805
1650
8185
7971
8034
7419
11045
8673
11031
1907
7123
2453
9728
150
8307
826
5391
5425
7096
1468
8501
7071
7816
5112
90
2288
12030
2206
931
4294
1599
6929
11273
2570
2185
1412
8678
4868
4414
3262
9305
1419
9385
11480
1901
6717
11214
7032
8978
1442
1879
51
5609
8013
8076
369
10433
8690
10050
11424
11360
1293
9471
7096
1640
10298
9818
4463
10478
11797
7490
1232
3060
2157
6326
4870
6785
1124
7743
1899
5589
5257
7137
11381
121
6757
9471
2648
5401
10517
10162
2289
5942
1634
7469
6590
1705
7667
2798
5452
12333
7263
7032
10966
2168
2322
2020
6735
4868
1697
6067
90
8490
2513
2654
115
4925
7264
3181
9641
8867
5348
1415
8677
7846
2017
2434
1606
11048
3411
11151
791
4571
10063
11162
12127
10950
1362
2835
11535
4862
3285
8661
1637
8622
4106
1418
6875
7045
11180
5226
9964
1877
1383
5244
4395
6525
8348
11126
9871
8055
2209
1102
7314
3212
4831
10555
11482
492
132
4051
5608
7753
1637
3336
4212
7350
1285
10158
278
2622
4083
4925
3426
9158
7021
7698
6237
11074
11408
7490
3909
175
4532
1739
125
1098
599
1509
8244
4794
12220
2868
11294
4868
11334
215
9101
6289
4083
11595
285
9843
7127
8034
8840
5545
2007
9468
12359
3108
9123
6257
8066
2599
136
7096
6810
6214
5226
8931
1237
175
369
7948
2199
3593
2904
9872
12165
2426
12030
1493
2851
4859
7544
1161
5285
10128
10966
6374
6810
3930
9502
6402
4074
4338
9048
2938
7437
12288
2984
12496
6596
10933
12498
7127
11811
1122
8205
4701
1960
6432
369
10237
5635
11165
1246
4703
6663
5412
6258
8731
4925
3557
398
1004
1053
1150
1570
7254
11392
905
6379
8205
7593
2224
1901
7003
5344
555
3056
2523
10320
11332
5547
8242
10301
1596
10031
8526
3323
499
5525
331
11048
2926
11261
398
662
48
4640
3047
3488
4123
3761
1
369
8079
8994
5496
10998
1465
11420
1254
6559
9680
6602
1523
9048
612
891
4848
10362
10710
9739
11627
12405
9479
11263
8137
21
5847
10139
2105
10081
7355
7872
2501
7085
11179
5084
8931
12387
6464
6572
2698
8092
9477
10366
2314
3676
882
878
6080
10882
1711
11967
11300
3195
8017
58
12256
3756
8697
8410
8066
5232
6496
11109
5206
369
12065
7107
12152
5343
8128
8003
2199
3130
666
6130
1194
7466
8498
146
7424
5226
84
5708
3637
4484
369
40
4888
2323
6350
7314
237
9389
7469
6377
6765
4139
1268
5264
6875
7483
11244
4150
5292
58
3189
95
1720
5008
8622
5589
10393
2716
369
2316
4593
191
9335
6055
118
780
1299
1029
12499
5391
1836
1365
5857
10635
9434
2211
4546
2584
12496
718
12204
5102
1565
7758
10810
2826
9756
8948
1435
924
11247
10987
9581
770
10716
8992
7456
6685
1320
2818
5357
2510
7573
8794
7086
787
11502
6917
10865
3006
4181
1485
9367
1777
8510
8693
1679
8204
3363
5547
6581
290
9915
9860
908
9668
8412
3182
9641
1019
175
11148
8861
5248
7573
10308
4001
4743
3061
5391
135
2214
6813
1621
7591
1200
3149
1775
12256
6513
1183
4956
8485
9895
2350
11339
781
9934
4868
1991
1294
7182
1514
1137
6259
8344
38
4925
138
7214
9623
7989
8190
9925
2607
6810
10293
4249
11337
8017
2598
9471
2452
4554
745
7943
6638
2254
1349
6395
22
10680
11127
7752
11320
5244
947
3901
2463
11227
9676
482
1080
1376
11029
163
7214
5039
11029
6402
5973
5909
11466
1248
7970
9535
237
10687
5425
2946
4685
12176
11212
2704
9385
175
2497
1650
10066
9670
2089
10520
1770
11928
7399
913
7515
6462
10824
4209
7122
9545
3670
1122
7050
363
12216
10966
2598
1548
6282
3161
11179
9683
1548
1271
353
2702
768
1463
8117
5438
11081
1608
949
5377
2923
2711
2823
2315
2334
175
7677
10260
11103
7021
3154
5739
1426
1359
9476
6792
3656
1666
7003
9572
1704
8598
1802
22
10162
2817
2184
2153
6820
8011
5364
2035
8476
11056
175
8435
278
10053
10342
12096
2554
8102
12318
8258
78
3068
8074
7569
7064
2617
9160
2320
1894
5244
3690
11081
7082
4875
1546
10658
11529
8848
7360
7211
4475
2222
3477
2180
11056
6820
447
5452
2451
7825
9755
423
6460
12313
6685
10879
143
3580
2171
8593
8988
1366
369
2051
12037
4957
7471
4945
11203
634
2812
4875
9510
3245
836
6759
8863
1972
3057
2051
3238
8594
9652
7263
10445
1545
1594
1649
589
2680
1183
7685
295
11306
397
4026
4696
5244
2973
5524
7325
1354
4868
6289
3345
6911
10515
6820
136
10887
6717
6010
1207
1841
2787
9211
1585
1642
11246
11958
2463
12104
3344
124
7139
3794
9569
2858
10331
8260
11132
1461
6685
3743
680
7045
8405
1148
8316
2547
8662
8787
6505
10014
11294
8642
5112
3804
1497
260
103
7667
369
760
321
1480
1085
2493
1565
9814
1288
2704
9482
2941
1043
2800
2628
1798
9940
3992
10898
1066
2640
7843
12060
8024
10649
67
9123
3734
4026
8274
1332
1006
11154
12137
11127
12489
7127
6800
1487
1566
11044
4053
6575
6402
11048
11249
4842
4007
8362
3086
1419
5391
1742
5112
5357
2842
8399
1428
629
10359
2991
10611
1659
205
2220
4766
8351
8128
11636
9389
1152
11210
977
1695
6490
2963
11109
14
1074
1709
6800
7667
70
6002
2309
2751
1004
10614
7400
2620
3280
9936
11503
10091
1134
9335
7309
8758
3556
285
1565
11261
11270
10864
9964
2580
6334
10555
12246
117
11344
9348
1895
555
8216
11194
8514
3190
6328
1499
9028
1997
1032
11371
4330
5157
10004
4000
1176
12082
5391
7264
2959
1093
4714
11901
6130
11898
9550
11215
6543
369
3038
423
4925
9833
1398
1531
8459
9443
1771
5257
1054
4925
1870
10137
9908
2968
8038
1302
1096
9191
6484
2745
175
11168
2911
888
9779
11965
7141
7759
4212
3368
6024
4005
1003
8008
6875
3282
84
6685
717
5387
3984
9597
2081
8817
1634
1547
3113
1424
5248
11113
7141
7070
1634
8017
2727
6484
8365
97
1744
2653
1769
3858
1101
8194
7899
439
6462
8706
369
8868
3987
506
1705
12490
7198
3190
3072
10004
4891
12271
9934
398
3590
1548
7557
2019
12280
1428
10414
3099
4871
4925
12312
8445
5525
503
148
1575
7924
8677
1736
2583
9576
2074
7685
11937
58
1964
5348
9600
7573
2749
11976
448
11874
8917
1979
8711
10718
3074
7986
940
10008
2593
11783
369
5877
175
2323
8832
5441
878
9801
1587
2075
1698
4041
157
369
97
11226
2311
4452
2515
11704
11482
9983
10217
9493
6550
11083
8228
6160
4929
175
2230
4379
9385
1332
2973
9064
10385
8172
4640
9316
2780
8337
5893
11348
5009
1764
1207
1419
7153
10950
2498
4395
7425
7526
12373
3728
8616
8988
58
4395
8800
9673
7314
1418
3949
1053
3575
7626
5343
10204
6328
398
1686
369
4613
8512
8919
3231
11146
9782
5873
8750
9725
8438
6525
3379
3696
8612
10842
5292
7569
10342
2276
1674
4870
179
8368
1523
2875
2372
2576
9497
5248
4427
5084
6820
8260
10842
9283
8368
9808
2785
10011
1208
8706
8
1167
11179
2550
7347
9144
1265
1156
11075
3267
2867
8307
3217
7469
417
9819
186
7694
8673
1762
3086
2506
6944
4352
5112
5257
7139
6984
1137
7608
9828
8511
2363
12076
278
4956
7818
2969
5244
1087
5248
7184
2895
1240
1648
4891
7531
4490
1288
8244
134
1132
872
12237
9449
5401
10016
5705
7811
7594
11098
9194
7920
1043
10115
2676
7808
1266
9440
9485
7198
9921
4875
2188
2994
3913
11194
71
7361
1994
3128
4134
2856
9733
7851
2274
9020
7531
7628
8335
11221
10649
2931
9851
1539
12206
7003
5730
2501
5010
5648
6597
1500
7437
1281
307
12277
1422
11393
8022
1432
2994
2367
9663
9519
9950
6550
6757
2522
11808
756
2983
342
3830
7685
3563
6462
4489
8716
6426
6887
6730
7628
93
5048
9490
1965
4340
5331
838
3057
7013
4463
1355
369
3351
2098
8120
6638
12322
3729
4055
11871
7752
8669
6692
11165
2986
356
7780
3521
6888
1659
8931
8785
6656
369
7526
1741
2568
1863
2278
1463
1557
9191
3830
11203
7782
9575
1907
1633
2295
5391
1940
369
2520
11342
9308
175
8242
5547
8239
7609
4955
8549
9464
1090
6777
8751
6530
2957
6345
11523
555
4868
1512
9721
4957
2668
5708
3476
10041
369
8872
4875
1578
12478
1003
7644
6795
5666
10714
7606
7003
3338
1525
40
8948
5384
7591
912
5078
11235
9367
1661
2107
8588
9751
9194
9123
10006
1243
7552
9658
1608
940
2133
10854
10879
1493
1065
3761
5641
1045
11535
5286
4555
5008
5226
10104
1312
2042
10349
9223
1926
10453
11272
2916
8391
6757
1709
9014
2153
8107
8936
9864
4956
12326
369
4167
1051
6905
9491
3113
8962
7470
203
1890
1088
1065
58
1542
3004
7893
1580
11737
2381
4083
11037
11904
9993
11263
1448
1559
2306
3527
6876
12267
818
11127
36
812
6328
8076
8389
5295
7808
10950
2952
4925
7928
9745
7464
6759
1188
8651
1768
2329
9442
11308
2997
9673
7275
5248
175
1852
2606
2629
3004
10810
818
1697
533
9471
5961
5888
290
2215
2449
4436
2511
2867
1811
8432
705
8684
4955
1182
1714
2368
1730
4502
8709
2850
3436
164
2722
601
10121
589
4266
9810
11074
11513
8376
4925
5730
2525
10414
11482
2971
10919
1953
136
3571
11287
11729
7464
3713
1354
4651
6465
3437
5816
3007
2538
8320
4868
6757
10527
6931
11022
1213
1484
6339
2009
2035
11258
9361
4117
5084
9484
11232
3263
6616
4814
2390
3739
5244
3320
6402
3016
7233
1171
3191
11262
3674
12488
470
90
2105
175
9080
8705
4123
1659
8438
8205
6485
6981
6463
2847
3419
3259
4186
2078
586
1535
11123
1617
7280
9355
9754
3566
8538
4278
1286
809
1797
1862
844
126
11225
8501
3938
3747
11016
7133
1579
1468
1429
1289
8700
195
2144
8361
2303
3676
3941
5745
11704
6717
8137
1974
2045
555
2647
8691
2254
4886
7314
138
2744
7767
1137
7198
11504
3326
2982
7573
2991
9978
9226
6875
12106
11317
8021
2042
1396
7141
2140
1059
11154
10503
4046
5942
225
8612
6602
3386
11683
8534
3465
1527
6656
1925
9367
2983
306
7893
11127
8530
9355
5244
3239
11202
9366
10054
369
2805
11042
7212
9978
12150
932
2311
7399
9482
7736
4338
12224
10232
11808
7014
8511
3901
2640
7192
9047
9052
8477
1518
2219
8765
4875
10044
3176
6098
6539
7465
1008
7612
2448
6820
3082
4212
2876
1462
1265
4932
5547
157
2360
3207
9288
755
7071
397
9357
369
2752
8931
3761
7366
2112
6525
2757
8023
10930
9569
10019
8978
9826
6137
4490
6820
2644
9545
9978
1679
3620
8911
2621
8305
4583
7720
11130
11020
10298
4544
3482
3153
11541
7566
4071
10048
5244
5106
3069
337
10864
947
9750
6412
6942
5524
7122
4372
10973
1236
7296
4115
10959
9335
8928
8399
6406
2610
6944
520
4226
11953
4
939
10216
4324
5248
12011
1829
93
2637
6781
369
5244
7263
7623
4475
280
8221
8962
10220
8393
1512
11095
1545
3673
7151
11792
8981
5206
8988
8223
9604
3744
10217
11595
12165
1878
1422
9626
7214
4522
2324
1148
5813
794
666
755
12296
5888
7086
8880
780
1213
4436
6525
881
12376
1096
12499
11062
8252
3465
5525
8931
4886
1621
9623
2816
7141
838
6663
9196
11
5232
197
637
3489
1767
3876
9978
4324
1770
11362
1475
11079
3612
215
7349
5037
11151
11127
1956
10404
3162
1428
1485
1354
2913
3837
7643
2713
6516
8204
653
7979
2712
2574
1055
1840
8511
7276
10363
10
8981
9747
7263
6367
3185
346
6931
4212
8244
1225
8974
12499
3698
10211
7437
6929
1947
342
2872
3957
3022
9355
1565
1951
9305
5627
11098
2712
3846
2341
4848
7898
9461
6891
3437
7122
1902
6942
7354
6923
10007
9385
11590
5112
3615
1237
1072
8062
3758
1461
7337
1759
10385
4427
947
11332
7610
6820
7573
3858
4212
6910
8955
11811
2990
9756
4576
4361
2370
1434
3260
4133
12499
4929
2912
2525
175
12431
2781
305
11616
11126
3593
4835
11698
3305
3932
2068
8352
8042
2695
2545
99
8482
2272
7116
312
1481
12058
1542
383
6426
7141
7355
4062
8397
11534
8394
2246
7048
6981
11118
959
8552
5598
1387
7172
8485
6300
11521
124
6343
10172
585
10056
10144
11230
9865
4871
9769
6
819
6172
1551
8851
2630
338
11299
3056
1008
3136
2812
7868
4502
1473
2524
4361
334
1126
8877
7471
11135
9371
2476
8244
11279
3026
7143
1974
3622
11278
9616
4357
11
9542
6326
5226
1565
7282
2794
260
9508
7513
9471
8321
175
2968
7526
1242
1628
11411
7085
8918
1782
1265
12059
7141
10359
7829
7764
4307
804
50
8054
10034
975
4651
7050
9698
6500
4140
1129
10380
12496
597
7667
1849
10095
1785
8459
2609
3063
1354
5708
11378
90
5226
10555
5002
10918
3870
3551
9679
1623
1348
10053
3677
10066
6371
10780
11179
8205
9367
1040
4483
4546
12298
8561
4848
4925
175
7849
175
7861
10069
3107
2275
4132
715
2095
8931
4745
6279
11139
226
1800
8690
1219
3930
9665
3684
1827
9918
7470
5804
9634
8351
5391
780
8882
3861
6259
795
6745
5112
369
6757
3008
2735
10842
3087
574
2246
8023
469
3761
8628
1224
6685
8695
9007
1362
1138
1158
3027
2270
1314
10887
175
2045
6548
12220
7198
6685
9190
1546
7096
6759
9488
8597
515
7372
11155
3143
8073
3460
103
2011
1683
6088
2766
9489
2749
12436
7961
10998
369
6026
6810
5555
1538
1558
6513
9999
5008
11282
1208
2541
6559
9174
10219
4037
4386
2869
8470
1111
7664
2490
1539
6218
7464
5417
2237
3531
369
7898
1420
2717
2802
1738
106
2699
9775
5336
2054
3814
10219
43
9569
1411
597
3075
3224
9842
10199
8291
4617
5683
2889
3942
986
8606
2397
8244
1640
1175
1290
11761
2424
8758
10464
7045
4794
749
5821
1665
3959
3138
1089
10723
3544
11203
5208
5666
9228
4400
9231
1689
5248
1014
1146
4888
6638
2815
12358
8691
9305
4107
3512
10282
1993
12283
10104
5244
297
11941
905
8318
11535
9207
1029
7141
1822
3245
11080
5348
1863
1841
5589
1715
1616
3930
4200
7555
2169
1342
10002
5226
1966
4925
11107
4354
9944
7361
8780
1202
1798
10537
4868
10445
2748
10624
1231
175
1131
2064
2470
698
3578
3079
1538
8514
661
2928
979
1487
4167
2376
3713
4117
5989
11042
10158
1528
3537
11133
6548
1523
4537
2725
2196
10066
9509
9589
9983
9471
4925
1483
5244
4838
2862
11301
2147
8090
450
7667
5364
11214
103
4553
11556
2642
5037
4565
6402
939
2975
655
11261
4749
2697
10877
2158
7803
4074
6925
3712
9240
90
11250
2844
10715
4651
11823
2115
1335
12210
1316
175
2106
3599
423
1596
11321
2629
7696
1565
5383
9482
3354
12331
12442
9522
1869
4883
1459
10239
8244
10635
1713
8866
1864
6580
8184
40
11199
6438
1632
482
9610
12281
175
7159
2375
4844
369
2283
11661
3331
97
254
7303
7172
6484
4888
369
1490
2835
1602
8494
661
8060
10919
8511
8978
2459
4413
1569
1655
1967
12169
8858
4888
5357
2712
3269
1158
10028
9414
10935
2652
11048
2636
6093
6
6602
10133
4149
10342
11704
12315
6820
4925
9523
10750
5391
11124
4747
4436
2189
11569
11471
4774
11126
3364
11045
8317
4925
10164
7125
175
1626
782
4925
7214
7639
2236
11216
3190
6944
146
5666
5401
11095
9978
11255
1207
11238
6666
3122
4843
9978
3111
7203
8258
7490
9965
2505
5524
7707
9449
8128
9954
58
5052
2007
2400
2280
1434
3316
7898
3898
7444
7412
2051
2103
6418
6820
9545
10094
269
3199
7808
7172
3367
3570
3326
2949
10635
11662
6650
2919
3489
28
4871
10158
8575
5391
1030
10680
4871
2731
9519
8260
5666
10016
9355
1947
3079
1965
1225
9061
1322
6981
5466
8236
7444
7013
11200
8151
6813
2623
8968
3172
3091
12088
2771
2505
10268
278
2632
10950
6
9195
3204
290
1727
1586
10998
1723
175
8501
1478
7588
7325
4956
3305
3489
556
10296
7879
6432
809
1477
11074
3931
3980
1803
2049
8987
8269
2978
2784
1123
1585
2929
8931
1138
986
10028
924
7127
5718
7581
5234
4865
9641
5876
11405
192
12372
5362
10892
369
1167
1195
3721
10933
1365
6981
7452
8011
1427
2703
10375
9342
936
8837
5555
5499
792
1940
1638
3159
9160
11698
95
5401
12366
7091
1504
2307
495
8339
2939
8504
1833
6328
11704
5244
140
2571
10752
2444
1173
5102
6992
12489
1995
2987
2958
10875
12056
3042
913
1907
4571
3901
464
1808
9671
11306
6602
3328
4119
960
331
8931
4973
11567
369
9599
9832
2801
10253
1020
6104
9048
12485
2160
7678
1837
4119
5942
2866
9930
64
8529
3036
3817
10093
1770
8282
5813
9797
6929
369
3189
3941
6057
8410
12276
1913
2534
7282
1444
6337
5987
10722
3304
11194
5583
3108
4195
1294
6859
895
1520
7085
8622
4925
6575
3089
2113
2399
9202
8043
10320
8674
1381
1970
9738
2987
12274
10094
2282
103
4175
12244
6965
7951
3182
7247
4925
6410
3199
10032
10002
6084
7003
10418
7127
12496
7444
90
8520
10217
3184
9100
5244
4026
9130
3723
3892
8637
4888
1268
763
11083
5364
1651
9526
797
7971
11186
3913
6602
2063
3389
7685
9071
1703
3024
8347
7715
2385
12343
157
10220
8520
8892
5344
11704
8221
1178
2241
8163
7281
8470
8512
5357
5226
2968
1842
1985
369
3578
4092
8942
2993
2135
9974
9755
3055
11255
2175
7130
6172
10359
11074
2556
1096
1207
3457
8931
9123
1103
134
2111
9510
6309
4973
81
7774
163
11163
5193
8204
2772
9663
958
8073
8333
10137
2232
3845
7295
3393
914
953
566
7137
12277
2322
1864
3904
6539
1552
4777
8948
6757
10998
12500
10002
24
11312
2112
8830
6369
10682
3483
354
561
3804
9231
8615
5344
6170
321
2346
633
1216
2940
2391
588
712
7198
4204
2490
2204
6332
3440
585
9166
10966
6912
4875
5248
8090
4416
3374
6965
2831
7400
6395
2562
11147
6588
4553
8968
9676
8534
103
2865
7096
10854
7591
3125
8625
11090
4413
1475
8374
9543
225
1106
8307
7407
2221
125
8848
3713
4653
7729
5343
4055
7233
2906
2075
6548
9790
5244
2675
9104
11688
369
3576
8151
8709
2251
8270
1468
11771
4871
4182
7201
8323
8331
7263
10839
7849
3822
6876
1032
4357
10555
9626
7469
8244
7915
2897
975
11153
3034
7775
12287
9097
6247
5425
10205
1584
8314
9202
11268
1640
10359
10104
1498
5331
10133
8788
193
2073
4490
8206
12391
3864
11212
5257
794
1828
7580
7226
145
4990
1831
8410
7107
9738
1547
7490
1658
3897
11645
1069
369
1826
490
8533
1055
3724
3263
3522
4123
99
5248
2313
398
2037
1916
9354
3567
8423
11386
12045
8579
1500
8461
1705
11913
12013
3372
1907
11239
9629
6078
8549
1793
8820
2817
2041
9526
9847
7733
7361
6283
3113
5248
1177
5850
1192
263
9854
370
7667
3544
6810
10382
9790
398
7141
9568
11803
7122
10293
4925
5525
9393
8837
8332
5244
11055
7862
10305
10410
8307
10997
11081
7093
6484
9435
3890
4794
7689
11165
1557
6513
8931
1664
4457
369
9064
4925
1608
8822
8443
5248
4222
1747
12255
2450
4083
9530
1620
8988
7418
4068
1894
7146
7582
1299
40
678
4314
9344
2870
8848
6912
5976
8255
10494
4132
8607
11147
788
10262
8121
9756
2257
11454
2158
3081
1946
9837
10376
10555
7685
7899
9676
7628
2515
3960
175
9232
12446
5401
12083
6981
4475
4886
84
3113
4696
8780
2989
1418
6234
3622
321
12303
4925
2616
1719
8636
2013
6959
9826
6957
50
11235
3106
8931
9102
6279
1977
2709
4754
2356
1366
3465
6617
2715
5232
4460
8726
11286
9556
50
10139
10555
666
8764
6650
1551
2551
1089
2002
4455
93
9136
369
4925
11216
4612
7764
15
7239
8931
5383
6021
5413
10274
6820
7651
1399
9211
558
4419
4802
2475
118
7259
9591
12027
794
11562
4925
4159
12234
11209
58
6602
7141
11648
5955
1797
2504
9945
7127
9231
8700
4925
11343
9872
11920
3332
8123
1938
7013
4546
82
7091
10875
9086
6077
406
9943
1210
1081
2532
3236
11913
352
1476
3240
3458
2445
8720
749
11737
10298
138
278
3161
6513
575
8738
2727
7588
8011
7593
10541
11048
597
411
7856
4072
4030
8729
1571
754
8603
597
2014
5026
2994
3199
5877
6123
5562
1650
8978
2937
11627
3487
3913
9750
10078
2102
1284
7700
973
961
9047
7004
4427
7361
11062
1819
9800
2746
8286
50
3351
4489
1218
9136
2179
1756
10255
5919
6240
93
847
11363
369
4886
7490
9545
1110
728
1143
2485
7122
672
1397
7153
8107
6255
5292
11231
175
661
4325
8377
175
10966
2276
84
342
7711
9801
5206
6032
1202
369
2165
5244
780
1508
10752
4925
356
8461
3709
2947
1249
8410
9490
124
7471
9750
7572
3010
6462
1624
7704
3293
3199
4455
1555
1178
10075
2588
369
260
7071
9518
9991
307
9767
1650
6548
11652
8165
8679
9355
8376
364
4367
136
8661
3505
11081
7137
7419
279
974
11593
2270
10566
5877
4436
12435
3165
7139
8027
11029
5635
1773
8837
7103
11000
975
8588
11917
1341
6894
7032
8461
4297
7506
3753
9823
6684
9569
6875
212
20
3901
7122
11091
9774
3079
3877
1270
10998
4999
8438
1131
6546
1654
1047
10724
2584
9676
9847
1471
457
251
7314
7116
2440
2023
3830
8931
3102
7647
9342
5401
7469
9305
5244
6845
6432
838
507
3901
4123
102
11029
10317
8906
2164
3177
12496
4361
7263
1371
4651
1513
7085
99
1698
3718
8359
8691
11675
4044
6532
6559
2841
3120
175
7464
9896
11683
7867
11427
1465
8127
2946
9246
5589
9545
6181
7085
3545
7685
2402
1173
2194
1628
5244
159
11184
10930
6050
9421
8437
8994
8461
1724
3210
2232
842
10498
589
7588
9479
11704
2955
6981
11160
2130
369
1366
819
558
437
5212
1263
10507
12484
1626
2414
5292
7349
1012
4945
1959
125
2768
12372
5357
9865
2932
1406
7314
2452
11210
5244
9024
7981
2879
3445
932
2762
10769
7576
1454
8638
2320
3030
5937
6685
8204
8765
3215
10470
7123
4072
3844
9040
9457
7808
5292
5666
11677
2327
7628
10892
9985
8632
7490
11188
4868
4342
11938
8167
7691
4324
9308
3474
7685
12253
7722
10172
2583
1312
9840
958
8066
7986
10016
9641
7361
6894
9011
8389
7569
6410
10940
4875
3184
9356
2164
12006
9815
2181
7184
2558
8926
5498
3378
12276
11189
12373
3729
4973
7952
4253
3951
1517
7465
7267
4329
7986
776
2791
6912
10199
9801
1934
9631
1893
2759
5366
4801
9867
982
7487
4051
3839
6154
5248
4925
2250
175
3113
2106
2500
5244
5428
3612
4886
9129
3981
3258
11151
7285
9827
8351
2012
4064
3445
10226
5244
2930
6759
1237
10056
2784
6130
7759
2265
9775
9898
12424
9398
369
7934
3715
8560
1019
11215
363
121
3240
1601
6348
996
7808
11193
4875
767
3031
7419
6259
2092
10980
5292
1904
11367
8755
12310
4062
2577
8600
868
11482
1528
8011
10308
9895
2809
3711
10004
1985
6651
715
8990
3710
6999
10019
2091
4925
7085
7032
3060
2118
106
9788
188
1810
10031
1039
2696
9737
11704
5401
12345
11491
7153
369
9427
4895
9978
11895
8302
12352
6621
11006
7573
8650
4870
4324
2467
3994
1138
11595
1536
3628
1651
12309
1111
7309
3386
1777
9926
11048
8069
1453
7685
10248
7309
11735
2175
6377
9962
1293
398
4310
5094
11089
12109
10065
8066
11808
10515
1971
6650
8151
11361
5941
4651
3846
8693
10466
11351
1627
6745
1670
4214
8145
709
674
9196
2552
4576
1038
8615
3116
7418
777
12334
7593
2950
5169
1466
11752
3725
7815
2683
8951
134
9071
6927
8988
1051
3153
5102
1647
1314
8307
8151
12497
9246
215
1362
2884
130
3113
1655
3479
3309
4576
4502
10169
3766
11898
9846
3129
5343
842
7803
6464
9266
4200
2287
422
11042
1653
7563
8244
11262
7182
3599
4490
586
8931
9129
11326
8791
10265
3701
8421
8895
3802
8668
1611
958
2546
8519
369
11117
135
6248
5160
8944
4262
10635
11535
11111
4017
7437
4794
8994
6929
8962
415
6602
2022
2076
5452
11001
3584
1494
4925
12489
2256
7034
3271
11107
1667
7752
6546
3498
5244
1473
7263
3524
8205
3246
1693
2491
2401
3076
1230
2215
3199
8159
2765
9328
2417
1502
6800
7872
8988
2843
8377
8832
1948
9348
9635
2053
1879
794
6862
5102
11156
9211
4043
1927
4845
8760
7991
721
3528
3994
1966
1669
9727
989
2753
8198
6942
7071
2880
9631
7303
2128
1420
3999
8948
1466
6616
619
12076
4436
7218
9120
8073
5401
3084
10408
1036
8794
3187
12286
3187
752
7581
5039
190
3994
1373
3203
3394
7248
3423
2123
1517
2144
7466
7483
2572
10360
7665
10979
2300
1518
9638
11390
6893
363
2070
148
5926
6802
6170
12342
9072
7380
2793
4842
1615
10095
9179
2570
369
369
7310
11488
12292
3329
5112
5244
1959
2053
398
4502
7490
9886
3041
711
1584
7642
8011
8146
1050
2148
11459
7881
6685
2989
4361
1477
2627
9582
2552
12273
5226
3594
5472
8362
1559
1125
10354
8549
4238
1581
7689
3198
7071
792
1689
9389
5233
11305
1570
10095
40
3092
11201
5498
4925
5425
7747
1053
7834
6240
6944
10237
877
5660
12008
1098
10319
3876
2038
4186
1045
6428
3507
8905
10137
6444
9484
136
10658
9817
2575
2398
6602
3495
9067
12498
1585
4358
3876
11821
7045
8981
8615
5244
4204
7729
5391
3798
5248
5244
10333
5244
10280
9119
2608
4532
705
8560
559
7127
12304
11333
5415
11340
4603
1142
1797
1841
8603
3214
1712
9211
7143
1527
3992
294
7782
5292
1628
5248
5037
2080
1146
1251
11947
2893
6602
7296
9129
2295
11108
90
5401
7198
138
7526
9608
10875
2345
11699
2752
1780
4455
9656
9920
3674
12425
7862
11183
3289
8511
10720
8848
6789
1087
337
3704
9319
10839
10259
179
81
5244
11262
369
7501
1679
5292
3931
1134
197
5452
4857
9638
7712
9864
6810
2677
7127
4498
7172
255
1592
6820
5498
4037
10953
4671
5244
12439
1664
7217
3861
4955
9142
5401
3280
7821
9179
5169
1728
11922
4335
6912
124
9782
2697
7032
6106
3312
9645
7247
4007
12426
8351
2353
12471
6799
3512
10137
8501
8982
9327
3092
3713
3378
9320
316
226
870
558
2185
2478
7305
11168
7936
1268
175
10759
7985
125
8249
10601
1212
12167
8621
4745
7419
2344
937
5102
4411
6137
11350
11385
1256
3870
1957
8903
10910
8476
6402
748
2106
2911
1024
11138
3309
7232
6279
10137
12176
4925
2728
6239
10363
1990
7500
960
8054
7711
1473
4361
9565
11422
2624
3542
11761
7879
2881
10829
6151
7709
3976
5893
9762
7361
12122
7644
11067
7490
11048
1094
3481
11898
3424
3635
5008
5244
3466
8408
7966
4340
7033
539
560
108
12353
1059
7328
11818
4074
2284
7920
3071
5936
3248
6410
8765
2586
3544
2933
3779
4871
5813
3935
12223
3555
7624
2022
932
4929
7178
10687
6231
2138
4745
8109
13
2597
10930
10317
10573
10935
6525
12437
9573
1145
8505
7360
5282
5292
1568
2407
3761
3012
3226
309
3027
1736
3876
8931
3368
10249
7960
6684
8066
8424
5295
10137
6820
5749
9013
12232
6800
12243
10085
1517
8931
4651
2760
12049
5244
81
2349
6156
5620
8962
12088
3930
8706
4571
4571
12364
372
7991
4163
9130
3557
2074
1225
10844
9328
363
6595
2813
8534
1796
12294
7184
6412
2493
369
3201
9918
9680
5936
143
4989
11116
10156
6328
2967
8832
3133
1111
369
2428
3981
9159
9302
9489
1496
10997
8445
7481
9958
1332
1290
6820
7172
7970
6928
7399
6655
6652
11391
7628
2369
5491
9144
4745
3661
10350
5226
6820
6197
1746
2334
2600
1789
186
4651
3199
555
1071
3109
2078
1040
4075
10129
3343
11199
7247
2059
4679
9202
3350
5773
7424
1527
2489
4745
1054
10866
3905
2308
1208
6875
6893
10776
3760
2946
1630
3530
5666
4545
2803
2104
118
1768
448
3936
4100
8203
8563
717
10950
6550
3337
90
2782
4667
741
11147
12167
11118
7419
5037
12249
126
3517
3029
5444
7424
5893
1735
3159
1276
5733
175
7023
1997
4436
10857
1111
2310
5226
3053
1646
10846
200
7691
1758
1225
1571
939
9706
4925
5496
12188
4590
11920
2840
9308
5257
4871
7616
1946
10016
8864
1557
5578
3818
6087
12281
4745
1619
1533
11864
438
8198
10481
9634
9638
9358
1565
10219
3567
5465
11652
1111
10710
11103
1686
10232
7623
4848
278
9672
8237
6820
3171
7469
4809
4
159
11091
12484
8251
2646
3152
11158
9638
8945
8205
9818
8983
11358
1823
11251
4886
11026
2897
12132
9999
4733
12349
369
6929
7469
11843
2263
3079
1203
10921
369
7849
9044
5452
11915
6576
5244
10946
2579
75
8917
3329
6418
1817
7437
2471
4888
175
3365
6418
1764
6057
11303
1790
2134
11348
6115
2999
4132
1176
9071
245
8066
1483
93
4554
7795
4955
3201
3085
6376
7968
3941
1218
10499
2313
11626
5401
6131
1201
2574
7307
6300
1179
5730
7045
1945
6688
2917
8695
4945
6204
4635
1707
1796
3584
5452
2975
5185
851
712
9484
8917
3117
462
4395
369
8482
3103
1871
870
1662
9801
11325
3206
11136
7667
11502
6410
8432
8334
10265
321
802
9169
11509
2997
10998
1134
3867
11759
12497
4925
11360
4802
2135
9658
8501
7442
3066
8347
6820
837
12108
1572
10032
5244
6693
4396
1207
8614
1843
2185
2643
1384
3228
11022
11233
4794
7733
8262
3122
5244
8256
925
9982
2763
4466
3407
5081
2653
6383
11294
3141
7575
1610
6258
126
2715
2183
8669
8793
2142
3100
8850
175
8927
7198
290
12355
8593
9663
5873
11103
5008
7622
2979
1390
11987
8346
5717
1072
12038
10664
4068
1590
1268
1167
7924
12161
5064
6758
8328
8812
12398
5401
1828
11515
8755
104
2684
4361
1687
8600
302
12399
1119
1290
12247
4964
2954
11222
1279
12196
2081
1323
678
9367
612
2332
11039
3718
7573
8137
10268
9569
1902
1847
7378
2139
2544
1748
4571
8066
12166
9610
3703
4062
6418
1984
7445
4330
10930
6602
4436
8144
1465
9676
447
4868
7588
8462
11191
1711
4733
2133
10069
1497
9062
11198
4219
3668
2593
8525
8401
12234
2307
3765
2468
6444
632
7071
7537
9625
6754
6137
11288
12211
8909
3498
3674
1452
11508
6197
930
8087
3009
7689
1744
5357
11099
1122
11322
11
7877
2312
1968
10515
3846
422
7581
140
6078
369
5169
12040
12155
1705
7325
8931
2396
5391
13
2193
9242
11355
7588
2591
10028
278
10172
3870
3876
11304
9328
3861
1485
10320
2956
2119
5257
995
10388
5936
6962
3522
4009
9161
11104
175
6858
3762
9592
9569
11702
1623
7172
10687
12356
10453
3314
12361
6870
11418
4892
3164
1012
11958
7924
1954
11624
5717
1783
9196
11232
369
1903
8569
2039
769
6912
1843
2811
5381
263
9232
8333
3341
777
7593
1172
9569
12089
2751
3653
7299
8650
12266
2424
1443
11762
99
2339
8472
175
10002
9721
3385
1633
2423
9409
5948
5594
8511
2799
11524
8473
11607
11362
4063
8253
534
6912
11444
7143
2225
7879
5244
1453
1306
1592
1704
2427
529
8223
4838
4473
8420
10265
2264
4956
11333
11090
6077
10481
11148
9914
10998
1852
11754
2894
2771
3651
4152
5292
10340
5391
8511
1265
4422
4197
5204
10956
10235
8534
8140
8128
9774
9700
5052
2234
3783
973
38
9890
2192
12449
8715
12285
8677
6820
9427
11080
7384
11577
4323
11300
4426
6
11326
1230
5226
1917
9048
12267
1106
1734
1944
5244
4278
616
4395
3450
3792
10537
4886
3194
7727
2492
1266
868
5646
12450
8054
8758
4405
9160
2514
11361
2874
8204
9355
3804
2390
5168
4571
199
1357
1752
6634
444
12347
3398
4073
10518
12090
2006
1415
3593
11887
11931
8842
10056
10365
4929
2756
4099
1254
10953
2378
7437
10424
715
1531
285
3648
3914
1436
11089
7685
2989
369
3125
5766
5389
10217
1199
3548
3173
9530
11331
7490
2956
369
7872
3003
2861
11354
5391
12299
8321
7263
5994
1709
8205
9349
11437
8226
1907
9840
4546
10051
6845
8322
6491
3383
6709
6370
19
7282
1529
9489
6820
2604
5708
7850
7898
11760
3070
11928
1312
7263
2067
4210
4925
1200
3042
7013
3025
9013
770
7352
11154
4994
1251
7995
4892
2072
942
2767
9691
10380
961
9769
2318
369
3077
2046
5968
6656
8755
6971
1648
12370
9387
8054
7755
11931
2710
1763
175
610
8612
9545
10114
867
5608
8978
9706
3190
3676
9120
2429
6516
10422
8351
10418
8931
1827
8805
5206
1864
6513
8428
10686
4243
8986
6494
4212
9095
2766
11283
6912
12346
2461
6064
7466
9676
4925
4925
8878
3815
10217
7612
9194
6807
2413
9763
9652
11827
6150
9663
12277
90
2708
4898
12346
5292
1629
3946
6870
5160
10227
10502
9489
8204
1113
3715
5401
193
6269
2371
2838
9449
10217
9840
7917
3876
4427
10245
3629
1682
4911
121
10208
2729
11293
1263
3073
2886
4546
1587
8931
6602
8738
2534
6455
1634
6942
464
9489
1923
11306
8110
2383
562
4437
2197
3606
3126
98
1593
9195
3976
7155
4235
4718
10018
3880
8703
8488
1591
4468
7604
11564
11686
6919
9186
7309
8232
8242
6021
1152
3830
2561
6605
8107
7233
9604
900
8151
3152
7861
3270
4419
6328
2526
5521
11817
5478
11098
1599
12176
1294
8373
1314
1362
9174
3646
8973
12160
12289
3388
12382
12405
93
8625
6912
11321
11323
10501
11224
2027
4871
1486
12432
9479
1906
175
9130
1362
3781
5248
7623
10076
8194
11749
8968
175
93
1403
109
1619
11120
7141
5857
5232
8931
2467
4939
9545
5070
11095
2772
1733
5248
199
4309
11053
9283
5244
8146
5206
8840
3014
175
12172
2263
1928
4158
11132
3375
2365
8780
9815
1256
3554
5244
8795
10843
6240
132
10133
11370
5858
12152
2094
12050
1550
10156
6875
5244
9400
7471
3862
4651
9168
2030
9754
744
7437
7172
7127
2059
9160
6426
1014
5598
12131
2020
2964
11902
11749
9048
6239
11439
4975
195
121
4603
1348
978
6912
5989
6636
7643
11098
7642
2971
8917
11280
205
2737
8542
4630
4929
8351
2899
11223
10442
9774
2118
8755
1140
4532
8673
8719
6968
10016
4062
11045
9840
10427
2164
9945
2560
9602
5996
10408
5403
10437
5728
11251
11042
3582
19
369
8825
10475
9313
3232
7141
12483
4032
1648
12484
1319
4743
4925
1019
8445
6350
8650
11413
8272
6558
9393
2307
2312
2347
1488
7058
8632
2170
6685
7399
6956
9175
260
9476
4730
1197
10308
8645
3465
7305
3465
10793
12412
3105
3714
11116
895
356
6426
6763
2403
3578
5379
7096
10636
6050
6380
6235
1561
9871
4619
8193
8848
4324
1099
7504
2238
9312
11031
7573
4032
1646
106
1454
10555
3725
2819
7217
4491
9774
6236
4886
11145
1617
10526
6757
7339
7309
6875
1643
9520
2837
369
5452
192
10217
6638
12259
9581
2097
911
2942
7003
895
1685
8053
1688
3156
5348
6704
1849
9652
8997
7275
4667
10632
2116
6587
5244
10628
8832
1494
1577
9896
8014
7070
3721
10175
4346
11160
6593
3338
9191
11166
3605
1816
2897
11093
97
3566
11710
9194
175
10761
2786
7986
4861
5331
8410
6488
2244
7151
3555
11061
7469
1517
1486
4925
3593
7727
9944
9738
3028
1369
1172
2294
11730
11923
983
8632
9332
11630
1911
7846
10211
8896
9316
5525
6912
1225
3773
7099
5717
9837
7668
9386
2536
9047
3419
6225
12246
5082
8460
369
8370
9077
12031
11787
2470
12103
9368
4516
10761
5343
5257
175
3483
12383
9024
9013
7871
7263
3080
285
12338
8770
11103
7685
4759
8706
6852
10016
10050
8768
7486
7924
11222
3019
9873
1119
10646
2223
5962
8001
10145
9324
5362
8511
95
2480
12368
9028
875
5084
487
11405
2677
6406
10050
2245
2000
8205
9905
3830
5364
745
11099
7071
11577
8465
9512
9813
11375
7862
2219
12013
2490
108
3876
4794
1543
8978
1591
307
9663
10222
7198
6567
1006
8073
7479
10555
9473
1454
6490
2403
747
3277
8348
7276
8011
9194
5292
10265
12008
5292
11133
1693
818
2469
1531
369
10095
4726
8242
2598
9100
2913
7631
11485
5244
4158
2445
7934
4242
3984
5292
2859
8377
6550
2045
1328
4696
733
10879
8714
9680
9526
11577
11100
818
8044
1876
3385
5112
7141
7881
7124
211
4861
5244
5169
5893
1775
1898
6157
2348
6910
9919
11824
2955
6553
11127
2015
2090
24
10137
10051
1174
5730
11704
3184
12441
8354
10525
11702
9579
11412
4490
3123
1390
11468
4562
4340
4868
369
1249
2924
9288
8558
1560
3876
369
7544
2871
1573
106
8071
2325
10465
1989
7849
4848
5718
12213
11264
1756
12351
2437
3042
3130
12077
7984
8205
4279
4212
4041
8819
8323
2569
8154
7084
12141
12353
6636
1479
2344
12070
6605
1647
5873
4485
8878
7628
10072
4848
11042
4925
2038
9173
260
6016
892
1547
10391
4793
369
500
6560
12413
1390
3330
11822
2633
9095
5425
3593
8424
11260
8978
7579
5226
7465
9160
8706
7732
1178
7742
7440
6494
369
455
2957
11749
5244
2927
2231
5244
8931
7066
124
11687
8677
1394
9746
499
3478
5850
8632
5244
2408
1426
597
9873
2638
7045
9839
6660
117
12499
940
8245
10274
6559
1432
1076
1087
11062
9570
11049
8592
4314
5008
12495
2086
1504
6078
9507
175
2289
9443
2448
12110
4612
11523
4186
4955
12013
12401
8325
1285
10905
1179
3715
4179
11827
7235
11258
3901
3713
3641
9675
5438
8301
11253
3761
1628
1124
2171
457
4148
12084
7809
1081
2580
9088
1796
6914
5666
9077
9663
9864
2258
4886
3
7696
9047
1750
10254
2087
9152
297
3304
1733
5691
10264
914
4848
12456
3462
3085
11881
203
11327
7141
1453
1418
4288
9801
10407
6759
7361
309
1835
1728
11291
1375
10920
6293
1348
6992
1577
1156
2880
7945
7184
12139
1558
3364
1793
6499
9008
6326
2848
1919
2010
9569
8242
12242
1143
2949
6170
2882
1671
7736
10904
4665
1844
7399
9847
8530
6554
11123
12245
8662
1157
7639
5813
7593
6765
10208
754
10909
5401
6780
90
2133
82
8968
1931
3718
5009
8916
2529
10909
7815
3890
2211
8738
10933
369
7604
8146
5562
2256
121
9024
8917
11103
11644
993
1818
8466
10689
8693
7276
709
819
11721
99
7352
2912
12337
278
3530
2497
8648
2339
7361
10969
5873
11982
1991
2210
6548
2560
11925
6153
2059
1818
10961
10921
7058
1889
10412
11761
2705
3884
1027
9934
5052
10137
90
3625
10956
2860
8527
2428
3305
188
4957
40
4871
175
6929
369
10329
6810
3894
234
369
11179
7034
6692
7623
1769
9550
4218
10217
8333
2773
1510
369
11730
6259
3760
6292
11037
9191
6674
5448
1695
4001
3317
3769
7419
1907
4032
10554
2472
11073
1365
6183
2871
2709
9414
9234
10775
3805
12305
746
3284
3713
6415
2565
3941
8430
8242
3729
1478
3528
3079
11042
3048
7164
11013
5594
7435
3832
2409
698
7499
9366
12146
3718
10349
4491
1227
1122
2737
8592
3957
5248
4075
2239
9776
7840
7649
7085
1515
10026
10458
9211
3035
4651
7752
10370
9305
2221
9401
533
4553
2914
9469
5292
749
5521
3630
5987
8357
11642
6632
3125
9296
895
6942
5425
5102
1708
7667
1016
6170
352
11480
4791
6405
1152
5620
8159
11603
7928
832
555
8900
11502
9128
4121
9241
369
5524
2981
6735
9264
7437
4871
9118
809
746
136
11937
8017
1845
3304
12185
1306
10027
2195
3043
8959
869
10168
7334
4666
10525
5691
1531
10265
11577
4546
7465
1605
9158
4140
4595
4925
7172
1844
5234
6847
7913
1601
7717
4225
7471
1618
4742
1113
5206
3061
5425
10577
11184
5912
3012
610
2190
11656
1511
7200
4411
12212
2499
5331
10634
11234
124
5936
5334
11035
11090
12136
6500
7644
10016
1027
11259
7573
2839
3411
3478
6570
6809
1765
8955
4278
2899
11898
11595
1288
7124
8079
946
3222
5383
2368
2176
7133
4571
8971
12054
7612
7109
3090
1385
4861
1443
1243
6548
678
10979
7583
11265
2835
11083
8978
6983
11920
507
8720
11482
6015
3473
3923
5343
2543
8377
11182
10972
4262
9417
4618
9550
8814
99
7233
2553
8693
1237
11839
1442
11074
9584
7612
9489
9460
9950
4477
1822
529
9672
6950
1857
4259
2378
2462
3155
3387
2142
3573
11103
1842
6748
3985
2605
5226
6354
6664
2641
4095
2511
394
12395
1615
12151
7208
1366
1493
4195
8267
7724
6575
10249
5391
6505
7822
2085
8260
3580
1654
1705
9986
1810
9223
2655
6005
2351
9371
10909
7419
11167
11068
6550
3049
2226
1744
9656
6876
12178
97
8811
3963
1221
1666
5102
3941
6927
8702
2520
3965
1883
6927
8840
5019
3665
9537
9024
4836
103
40
1921
2947
3916
7623
6929
2887
6104
4945
9974
6021
1676
1887
1991
11179
9582
7594
8057
4393
7811
1091
2798
2049
3941
9451
1513
7139
8601
3901
10375
6140
6386
1761
5418
5637
10483
623
3477
9546
9903
6981
4886
6528
369
12309
9910
9597
175
6263
3645
3023
1005
11150
4062
978
11886
9375
6464
11518
3758
1711
245
9668
4754
9389
302
8
11048
1474
10169
7692
1924
6488
5039
369
7815
8622
7217
1415
3292
5444
8351
1218
1830
6525
2717
1379
10422
4957
7678
6912
5408
1078
11909
6505
10842
1871
6981
5524
705
2189
9912
8931
159
270
369
11183
5401
369
12404
10506
1533
10940
3115
10749
6367
10550
29
7536
5185
8681
6842
2185
2869
3679
4
2237
5244
4203
6735
4455
4450
1574
2155
236
8622
11960
1299
9089
8476
3748
9641
11175
852
3602
1255
6650
6366
1921
5718
7593
8244
5602
12460
7124
5547
9929
11022
9754
11147
4585
7201
369
8090
12128
9430
317
163
10914
6845
11418
6575
1703
9676
12477
1192
5704
12375
3901
7071
10747
3576
1059
952
3942
1767
1040
799
4297
11416
2426
9415
476
5244
2573
369
1314
5391
4886
3463
11238
11055
7085
9742
9363
4861
5343
12236
6789
11704
3537
2873
4434
2304
2587
12138
8242
940
6342
8495
5452
9584
7606
11901
11461
8199
12302
7854
8476
7090
1677
9039
12378
1259
2841
95
58
11159
1369
9051
3721
6893
1660
3951
8474
6395
2619
5594
10393
10997
1824
874
10224
5292
12002
369
6726
8354
351
10235
6876
6759
6759
8376
5666
6716
3113
9983
1519
5400
7819
8205
9859
4678
9521
8929
3111
1428
1622
8978
981
406
3106
8052
7741
8551
6557
5279
11206
6123
11278
3069
10632
4925
11376
7137
3083
1183
6548
6462
8308
1647
5292
249
8459
1375
1695
91
3085
11201
4436
1618
75
8054
3009
11595
9751
11222
1705
6800
40
7437
8838
11037
6408
844
2733
9491
10016
2108
5637
7670
8477
2623
1319
9159
5401
4036
826
4754
6854
9389
11737
8212
5393
1293
1561
9675
4925
6548
3623
175
2905
7588
9470
9584
2521
6665
5244
4443
8018
4802
2436
10001
8983
2200
2197
1952
8054
11584
593
175
2141
3157
4794
11483
10827
9427
148
369
1444
10310
610
10902
7980
10076
58
92
2945
7929
9296
1104
10144
10856
4149
974
7610
5292
7733
4891
9305
8931
10208
8214
11426
2812
589
766
3641
2100
3494
8205
5295
767
1397
5847
1570
7153
7689
10268
6956
7133
12476
11626
7612
9867
3849
2726
2802
7378
11661
9048
1258
9982
6865
9853
106
9367
1699
2892
8928
1334
5244
4192
2475
737
861
8459
3861
11
11296
2326
1544
10606
150
11200
7573
1608
10137
561
106
9838
6130
898
918
6907
1973
11227
5212
9430
11042
11058
4289
2213
2763
4970
10217
9213
12184
6172
8511
11173
11910
11386
5355
2220
1267
8530
7428
728
7494
7122
8091
6740
47
3360
4303
3018
809
1683
2065
2207
3090
9806
9895
5037
3716
1376
2991
1487
8242
812
7781
7494
2018
3015
649
11330
1084
4436
6893
5327
5344
6863
6685
7582
1027
6508
7849
12352
1357
8102
2942
5206
7153
11184
82
6526
1727
2025
11300
124
2676
3233
4973
1609
7437
5401
4436
8250
4502
9587
504
132
9166
12182
1944
4544
5248
8204
10234
5531
6810
12173
10409
8351
3014
9583
175
1934
1445
6700
4925
1709
9089
1941
12385
653
1664
1519
1196
70
127
10898
1908
12448
8328
1231
1505
8530
3020
11406
3164
93
11956
1582
5936
6872
10115
3764
5102
2971
4414
8632
8931
3313
3807
2276
8135
7469
873
2845
9550
7915
11
3248
504
11586
3500
7184
2918
8878
6576
2974
8268
1053
5594
9490
938
10066
4925
1682
1015
12116
8126
9545
98
3394
7032
8248
11389
1240
10627
8054
6656
93
9751
900
3522
6685
1728
9610
2933
6764
5942
2081
3050
2772
10137
4838
7780
5524
10940
1865
7586
6649
1742
1299
4888
5343
3001
9204
7422
5411
788
12443
7707
4834
2673
1169
93
97
7846
6725
1397
3437
10179
8004
5655
5123
5873
3005
150
4190
11746
4355
4278
58
2561
5937
9689
3432
8747
3059
4925
11584
1693
918
7404
8875
4278
2161
10503
8050
1104
12416
369
7588
7270
4502
1469
1941
4932
2602
1885
10940
9808
3524
10877
6638
5391
11042
1811
4925
7884
8526
1030
12269
832
5936
6616
1886
8561
950
5579
6515
11669
8017
7337
3648
5228
7021
11523
589
1717
2075
11065
5401
4138
12272
1273
1299
12235
9198
263
4372
316
11366
4375
12025
4555
8968
8146
6672
1144
4307
11188
2418
5244
2172
411
9712
4493
9945
3648
1092
2000
6656
8205
8512
11997
4324
3321
3365
6
3075
6123
957
4679
5491
11595
9919
2468
8738
853
1254
2987
2780
40
11595
3211
93
8258
12159
9578
11267
2309
4737
8147
6994
4925
3279
8376
2489
3979
2040
7643
6501
2970
1399
12165
3124
126
1732
6791
8858
11187
8729
7543
7347
4553
2005
11171
7217
7464
7314
2920
7407
745
9400
6160
11491
1622
11715
12222
11131
2129
4925
5413
8951
417
1500
5248
9328
11145
6326
8917
10780
5412
3243
4310
9302
7217
9508
8377
12053
3065
5693
3085
3613
8377
90
1445
2984
11615
12480
10884
3803
11389
4403
2994
10075
4242
11223
2168
11862
1335
11405
8377
2801
2356
6147
5244
2976
9246
9225
3139
2
11
5496
8066
9712
11683
4868
11709
1855
3642
2441
7516
1363
1738
3612
10614
3267
2159
3546
451
1269
12090
23
2083
4868
2599
6841
1124
11430
8237
3282
1254
3
1850
9739
11113
9856
4932
4555
9211
5037
1030
3118
8931
1672
6373
22
3901
4593
2225
1498
1558
12137
2694
1606
3467
6965
11245
10393
7264
11372
7780
5391
4651
2206
7226
369
11577
5033
3074
2029
3743
12241
4545
5391
6239
3694
8242
6912
4031
2559
8034
5008
2128
4733
6395
4396
175
369
1976
422
7325
1373
1513
1563
11215
7437
2730
8888
2765
434
10172
9191
1230
2137
610
6893
3648
7763
1293
6368
9964
6759
4212
7443
1573
11071
3143
5162
3981
5010
4925
4925
11162
1867
8560
9336
7729
10484
11787
4140
3118
6457
303
3660
1526
5244
9277
7071
8846
589
1273
1839
9925
1744
10956
5912
1319
10780
2647
2782
11924
8130
1751
11081
10463
4235
5896
6418
11096
11704
917
9123
3323
4278
5608
6140
8446
7096
104
8511
5452
9786
5112
12350
733
8066
9226
9911
5858
1766
12298
9904
1346
5244
9631
1616
11768
5081
3718
10807
8466
878
7909
3238
7694
1630
9229
3422
10887
7122
2112
6468
8054
2948
5379
1150
9850
363
7496
6784
8640
10205
7399
11168
1173
8595
9794
8983
4298
9358
4062
8780
5190
10187
1012
1138
1609
6077
121
3465
8003
4162
10365
6956
6656
4953
1949
2461
1560
9992
7574
2894
9823
11619
7512
10465
7959
11198
9485
6710
5037
11289
3110
12074
10464
7141
11627
4522
941
2122
921
1149
6717
6151
860
9456
2120
12463
2026
7529
9591
1911
9120
8198
5941
6580
9179
7685
9242
994
4225
11248
9202
9058
5498
4436
1292
3120
1348
7312
6705
11101
5708
11392
1178
7942
11324
7184
5
1700
4886
1925
6832
3040
7614
9292
7122
5199
8948
4149
11265
1129
9604
106
6157
11974
3032
5102
2331
9220
7325
369
5084
6757
5428
6695
10179
3832
9097
8792
6446
7122
8924
5232
10342
12258
6265
8511
3315
2037
768
2858
3008
11095
11029
2012
4794
3761
7690
4143
2422
947
4123
9227
2671
3110
1784
2297
9477
2614
6638
3930
4833
10854
1243
115
1453
7419
351
5
8440
7329
11028
7103
5292
10778
2998
1138
9342
9707
1474
7456
4527
2286
5521
10388
11300
9376
10810
3184
623
4888
10095
11156
2641
9800
2024
2484
3963
5452
10153
9451
8848
9522
7522
2941
1055
5343
5244
10298
1639
2428
923
2782
1620
11790
1594
585
4549
1166
7329
10914
7593
12405
12203
10485
82
4925
2581
6426
8848
11704
8105
175
4546
12471
7736
7695
11466
10199
7693
3610
10104
3590
10213
4925
5292
7247
10131
1410
4595
4207
8018
6304
8410
7172
1878
3308
6317
6150
818
11700
4163
7233
1365
8204
9873
6548
7880
9365
4871
3651
12200
6546
4957
5244
5244
1954
7946
6663
1399
4925
1359
10577
2609
2502
3245
3209
3298
11834
3423
175
1179
7840
5292
266
2166
11082
1935
4527
2032
12233
8804
11156
1910
2535
12325
6763
297
8765
9543
205
1196
8944
7263
8936
337
12470
10026
3079
10463
1419
11273
3179
6399
8
8430
1825
7999
6667
4007
5646
7593
9376
5951
3382
11749
6525
8116
9843
7673
7428
2071
3024
796
9485
2663
3969
7201
6137
8958
8462
4436
10138
95
9197
11095
1575
11862
7456
3459
2698
987
10414
3861
6264
4248
203
2044
8626
6965
4318
7460
1664
2919
10805
4090
191
4055
3930
1448
8306
2079
3492
3284
5972
97
3131
3597
4973
12499
369
3934
4510
4628
1023
10220
9658
30
5491
12476
5713
12168
3184
1161
7946
8427
10168
369
7567
50
10518
1990
48
2595
4871
3693
5391
3440
10827
7008
2379
3211
5482
9925
12387
3414
11154
9393
10950
10848
2522
11029
7071
3115
446
6813
1512
4436
7356
4470
2220
11931
10696
2667
7643
1194
11020
8603
11054
4977
9582
9546
2122
3979
1140
2096
6402
8351
7279
5901
10235
11445
3554
8582
6491
599
4925
8567
12117
3686
10006
1940
9846
9252
5226
5292
7592
2736
3017
7932
11171
9631
8520
10019
369
7846
1875
3639
1939
10676
1035
5730
8513
6908
12175
5244
8133
12315
7442
745
11356
5244
3887
11293
11120
1546
9228
2082
8281
9228
4888
9999
369
10524
7233
480
3467
81
7642
31
9085
6218
8937
12357
4613
5525
4925
9564
3431
3865
9328
12335
11134
369
6328
5292
5452
1603
8676
937
164
1452
10442
7536
5942
12013
1373
8846
1484
5292
5435
3257
103
12498
1194
9312
234
5331
9773
10682
7263
6505
11149
11815
2963
10360
3298
12394
4651
4964
7536
12135
5702
391
7048
126
2801
2249
4427
5248
3074
4886
137
11181
10173
9013
4278
9502
12212
5167
4424
10645
9912
6584
586
11048
11978
5244
4357
1589
2528
8128
4868
11035
2605
10210
8574
6472
1550
8445
7107
9342
6033
3930
12321
4592
6130
8863
9833
5010
11187
11722
11308
7937
6981
285
2073
2313
7202
6239
4206
10560
10624
134
7831
11577
8171
10002
9381
3451
9747
4457
9920
2313
4111
3100
4094
11461
3263
90
10063
10217
9460
4257
1682
3829
5608
2161
200
4647
3521
9680
711
8511
7305
132
4324
11398
11749
3132
188
2060
1628
7535
7010
7113
12364
2714
8841
4147
5344
11132
7122
3269
11745
4241
9592
9684
2428
9521
9608
5468
1983
11290
3286
2563
4925
5188
1072
4119
1929
6204
1399
11616
3640
5169
7854
6123
8875
2752
8410
4218
3381
7087
4396
821
1981
3246
9442
7667
398
8842
7172
6509
9739
7343
11374
7360
10045
6326
5092
5292
1641
4127
6663
4093
2227
369
3114
4395
1934
11370
1932
4745
1503
2437
11093
1460
12490
2969
8590
10854
10265
6994
9362
3383
1557
11394
6326
3415
1599
6811
175
1667
1113
6845
203
6890
2979
9427
12463
7592
9786
9945
11474
879
369
882
11226
3059
7569
4957
2234
8971
3198
7718
9015
10960
22
3904
4334
10435
10017
8781
10700
6638
8978
4340
8994
1258
12390
1281
1648
3873
4005
3718
4555
8677
4309
2229
7013
12496
1607
1145
12346
4744
7404
4138
9166
2253
5309
9510
9597
4675
513
5937
11126
9449
3676
8898
8438
4490
6650
1686
10909
9801
6685
5102
2566
5008
843
9123
1636
4827
7091
1219
7045
7842
8927
7050
12193
11096
3718
12278
8673
3159
5635
10218
20
2394
192
6067
7263
2826
4167
12275
2652
302
5232
2068
7226
6034
2336
3383
2117
6410
8760
10498
3990
11482
1844
767
8075
4050
8075
175
6410
3178
4414
8438
3212
1054
23
9493
12468
6980
2041
7359
4871
5112
2863
8154
8054
6462
556
3957
7851
11373
5292
2299
7787
770
3199
11704
11
2750
7295
586
8073
1081
1698
7749
8611
1141
175
4868
4680
4395
2766
464
5240
2773
1134
8462
11723
7023
2649
5044
9421
5244
163
3437
4957
1817
9995
2645
771
5989
6095
10555
7172
356
2729
2152
11155
3620
6468
175
8483
8414
2093
6115
12433
7672
2191
7515
12338
11547
5524
5244
4225
2121
5557
40
5525
3769
6137
8149
90
7141
12067
10117
4608
4528
11948
7337
12012
269
10493
11419
9676
11368
3835
3112
515
10651
10056
1348
8085
8704
6172
10088
4662
5244
2267
4925
1077
2355
2909
7813
8924
5330
3739
10329
9584
6273
10282
6418
10854
10598
8921
3466
8750
10104
3543
8442
7536
10868
1529
6638
6656
1354
3254
4776
10728
369
369
3103
7691
2749
8568
4154
3203
8237
4978
3870
6776
10390
11888
11449
4925
555
4436
11157
1863
3858
9569
2681
8944
5193
8676
7085
10211
11694
8609
7375
6287
10651
2568
1842
7809
2204
8383
8183
7187
10404
2084
3830
11081
813
3347
1
878
8562
3376
1972
4463
10687
2796
12299
1314
9489
3522
1690
3351
2893
5485
7140
3171
8244
175
12342
11397
2357
4553
8880
5412
12180
1178
5587
5257
527
3617
7034
11160
1731
1441
4469
11427
10385
6279
10382
2937
8026
3422
2928
1585
11257
1871
3830
2677
8237
11290
9906
9180
2129
12227
7216
3232
2936
8931
3419
11540
148
6378
7594
6587
2375
11675
2772
10036
5257
7618
5084
5285
2246
11154
8537
11657
12384
10682
277
5226
8403
10016
132
4694
12253
3521
2550
9797
8351
7816
5391
10006
5401
447
597
12449
11216
5504
2208
9395
7297
7051
9985
4621
4612
10960
11719
794
11595
118
369
3533
12486
6944
4357
2410
10280
1412
8880
7911
1373
7296
1049
4502
1616
9599
6655
10458
12036
8351
1611
1503
203
7464
3232
5666
9312
10062
953
4932
7420
3322
7071
11790
10758
8562
1996
3458
7854
6616
10898
3227
11244
3428
12191
7184
4871
9520
10823
7276
8796
1717
7924
8719
7467
9801
2582
6499
782
3200
10475
1750
7667
12040
6812
7153
1101
5081
1642
7419
7045
9231
7861
4441
7357
7275
10956
5591
9441
1337
10810
12466
11985
439
7989
3857
10269
6182
5244
7194
3402
8874
2383
11779
8481
8868
2816
10081
6292
3152
4603
10151
10237
5037
6774
11279
7216
12319
1714
2696
1053
3356
7123
905
181
12030
9840
6574
5391
3370
3330
3917
10761
7003
5987
3417
4167
4035
10515
2359
2995
1950
8410
8223
7119
5391
8835
1037
6239
745
8689
2305
8254
1951
7208
6446
10282
10576
5226
10309
4913
5244
10071
7213
8432
10378
1268
3064
2388
6446
8765
4219
10013
2260
5457
3470
8183
9400
5753
9791
6426
2261
1664
5102
3123
9755
4725
1955
8692
10905
2110
12463
4252
1014
4801
2395
6269
8205
3245
10433
870
4523
758
6057
7663
4888
9777
2836
8066
8721
1821
4318
5232
11524
7521
2165
908
3096
5244
6548
5873
930
2741
9848
581
2728
7153
1782
3086
5909
7126
11711
5081
10533
9989
7237
8931
1702
9191
6413
1485
11191
838
9873
4836
1218
9038
4463
1721
9519
11282
2907
8181
7404
10125
10137
1243
705
8020
7986
10831
5244
8931
3117
12053
1202
5193
9604
10390
4392
1292
7817
2257
4191
1869
4278
10441
4503
11005
7412
3420
1638
10409
2438
1138
11156
6087
7266
10237
4043
8282
3497
437
1033
2095
3071
1031
295
6727
2935
4524
3367
10379
8336
4955
9965
259
3472
5292
1863
2127
4929
1112
11475
12496
1617
7444
1948
1001
1283
9958
10195
12022
10793
7172
4569
1910
9984
6879
4132
839
12069
1412
7483
10041
8752
9572
6328
4083
7276
4871
3441
555
7127
6875
3454
9597
1874
6788
10997
11533
9814
2804
195
9427
3352
4925
11731
1739
10392
5408
3240
9231
10369
12118
2684
369
10011
5292
6818
924
3039
10149
1689
9380
5244
1201
11295
1282
2740
12239
11275
6203
1322
6170
1589
4871
730
5652
7469
12291
7437
7464
1293
4437
2439
1019
3052
2858
369
8223
10818
7734
8765
414
2269
555
6333
3863
6868
3002
1312
12486
5234
6484
9371
12052
12396
6965
1236
6172
6177
9735
9159
7399
11870
8950
1027
2557
9755
6491
4651
10060
9449
1522
1664
7142
9638
576
10567
11182
3680
9466
2001
1389
1415
8348
2754
7490
7444
2
3718
9847
9442
575
12101
9317
295
11478
9191
10128
11758
2500
6392
8636
3930
11516
11499
5609
7366
7691
226
10002
10104
1293
2429
3280
10621
7931
2950
9504
11318
5167
8994
5226
4925
4925
10810
5666
7471
5452
11213
2044
5620
5609
10785
423
5167
3889
4554
7045
6720
2067
11384
1
8130
9497
9305
4925
8911
9626
6115
2008
6912
4423
4955
3798
2128
11595
5167
7753
2230
3217
4545
10485
3388
1481
11047
487
11569
557
8511
6757
6525
12157
6464
11132
7367
2883
7602
9634
2730
816
2181
1291
9858
2891
8610
749
10014
8462
6713
8850
6685
2688
2361
4294
11813
1165
2958
9886
11862
124
3383
4935
3095
9357
822
4925
5226
8839
8011
1529
665
8391
4714
11865
5696
4844
6816
369
779
10950
7198
7717
1918
226
8205
2047
10085
4183
8622
1654
1664
5637
4929
7862
12419
8560
10002
6965
3273
3470
10973
5081
5562
1559
3951
7805
10365
7190
10062
11188
8559
2763
9012
9545
6875
10139
12449
10002
2887
12332
7375
4092
11778
7490
8205
7661
7628
11198
10592
2763
2690
10320
6464
3145
2774
3512
4108
8377
2045
5620
2924
12120
4546
10719
5937
7358
8560
12211
10382
2570
3106
8628
6310
5033
8042
10232
2088
6855
3339
3312
4708
10728
9614
3882
2830
2910
1011
8351
11067
9925
9449
11987
2146
99
6810
9484
7758
1857
7335
12029
2687
5942
2218
10559
7773
10158
10258
8489
11417
4554
2817
337
10555
2967
3130
278
8703
7014
10506
4868
4700
5436
9405
8686
4048
10365
278
5006
8520
10014
4081
9962
70
9305
4613
2926
8512
3901
10317
7593
12240
11559
7588
11311
11347
955
7815
10914
4810
2651
9042
10416
2610
9989
4779
2527
4651
9756
9485
4212
6759
1763
11266
3128
9752
12149
4455
7209
7003
8986
4278
712
2332
6846
8937
9335
10104
916
2708
84
1806
1987
7872
5498
559
5244
3450
4925
1230
8344
7675
2335
3529
10026
11352
3829
6449
134
12181
12430
4925
6055
3583
5525
12336
5399
1904
9969
3715
10088
9609
5637
11921
11768
2635
4253
9195
8438
7490
5110
767
2429
2875
4081
3777
5594
6038
5524
4767
2512
11073
99
9362
11633
2381
2930
8054
8345
10463
2516
4925
2728
10914
2585
4436
1629
1348
2540
4278
103
3718
4957
9545
3651
12359
8597
4200
9471
7565
12289
4451
2397
1292
3113
1027
1816
10050
4048
4745
9626
1593
2412
11397
10354
6006
5123
2558
6540
914
11259
2346
2324
11884
5575
2852
2272
8462
1412
4044
9597
5070
11968
10121
8597
9400
3930
4945
9438
8903
4202
3990
3465
12265
1452
893
7594
5753
7141
8650
4035
2419
3276
9152
3919
4948
6650
1895
588
11876
8229
10232
7598
715
12337
6798
8989
5562
369
1907
11446
2352
1390
2365
1281
7612
7263
11174
878
12157
5888
2050
2507
3877
7085
4925
4200
8077
40
2284
9332
5292
2611
5008
2354
8054
10898
8244
12268
7361
10865
12410
6172
6936
2182
7100
11597
6168
8573
12363
4298
12392
4532
8076
10046
111
8024
10691
4418
12098
7514
11938
1586
1673
4521
11400
175
9935
7849
5968
7203
2843
5244
3741
1615
11990
47
552
5244
12323
2783
2162
2277
8618
948
5521
351
8049
9925
3250
2250
5357
6987
2960
4167
4775
7691
6328
4361
9301
9160
3927
6071
11995
4200
9838
9623
199
819
10273
4696
4745
2273
1469
888
4532
3058
10104
3648
7263
4278
1791
6228
2599
11876
4515
11868
7347
9846
1863
3901
2854
10088
6965
2828
118
3648
9755
5391
11098
12324
3072
9676
10070
3056
7217
12391
6082
12489
1569
6304
3895
2806
1167
1491
7314
10129
10069
2555
2047
2125
10749
9671
2297
3935
1354
10280
7122
3917
9816
940
2025
6505
9776
11330
6646
9920
11233
7879
5965
12171
1927
465
11892
10750
8752
12393
3042
3830
10076
2982
9735
5383
7667
3273
6582
2431
11334
2167
11037
6214
2737
2533
8154
8212
10359
11174
12126
2233
4956
7583
4925
4868
5
9440
10646
1566
9720
369
8864
9620
9400
3372
1471
3478
7805
5411
610
7133
11913
4925
10006
363
9840
11029
9647
2707
11966
847
5873
5721
1906
7516
11301
5162
99
369
5929
5293
30
2245
8643
11231
88
12456
132
9037
12500
3036
5
7573
860
989
2731
2937
8804
11190
8242
1270
7741
3617
7305
1461
212
9207
1208
309
9638
11500
662
11316
745
4868
7107
3522
4034
6551
192
8351
595
11037
369
4871
8353
1560
1894
2097
3932
4522
5257
12293
6077
3016
4651
5292
2055
3642
2581
9196
12237
369
5359
10231
12311
4074
11797
2110
1962
9896
4062
7593
8351
10051
6161
11464
9223
7849
1720
6550
7478
2238
816
10190
857
2700
4527
10182
8481
1489
891
6550
10126
5594
7464
8863
7220
278
1890
2727
8132
1872
2112
3498
4063
5525
7664
3665
3679
5019
7127
4331
7214
5344
11975
3963
6464
12209
5292
4001
1522
3015
38
3602
369
4925
3222
266
9468
11761
6259
807
6256
8305
2598
8697
2503
901
979
4955
5075
10688
9382
9926
3048
11030
12211
3010
1903
9417
8855
9951
1882
3170
7085
11460
3881
4871
7482
2992
6845
7010
1332
446
11330
8348
2294
2266
1915
1294
3851
6480
504
369
92
5292
11047
4929
5244
11523
1575
6656
10620
10196
12147
7591
5102
9673
3480
11579
10940
309
10137
1992
9342
4248
9840
1870
5383
2717
4925
5895
10133
7049
186
5498
7478
10714
4956
5244
8054
3696
2850
4871
8900
7419
10842
5937
11247
12274
779
8875
12030
3499
4651
175
8197
9489
5248
104
40
4167
843
11760
2075
8909
7465
3197
5248
2679
4163
10742
4365
4925
8780
8305
6348
9856
7071
4945
4211
11228
8090
11
5148
10350
2221
11310
7469
4062
9254
2089
124
1514
7811
8534
9059
2399
12415
2954
9219
4572
1158
8205
8655
12499
12194
11256
2338
6605
9262
7628
369
3698
3748
6415
3473
8242
1664
12225
10758
3107
11451
1632
8563
4999
4324
8034
2573
3993
7612
29
1960
8053
1918
8003
7912
6402
2791
3060
1463
2406
752
4011
11525
3330
4871
6557
9828
8722
7198
1404
536
9159
9228
9833
2399
1740
5401
5112
132
11482
4745
3289
8909
8567
7172
4745
6410
5075
10484
6820
10002
6115
1739
7115
5383
10051
10887
11445
7510
9504
2366
11841
12163
10585
760
425
1738
2197
5008
1740
10515
5008
1631
2801
279
7816
12003
8360
6627
12035
7828
8955
10414
2813
9570
10005
11789
11563
783
12262
976
6691
7280
787
1659
5226
5374
1125
8760
10792
1485
7141
4441
11760
175
3006
11
12105
2890
1240
9896
6791
1434
7083
4317
11860
5374
3268
7535
4945
11061
11916
8461
8475
8341
7879
2050
6432
5646
5482
4809
10842
417
5448
8988
5954
7872
3593
6745
10408
1057
8210
1755
5248
6605
1248
3308
6576
12402
1684
1271
4055
1761
1205
1539
9226
10005
3794
7953
3773
9824
6917
6587
3123
4278
4554
5596
4875
11390
11105
3768
1564
11142
7722
919
4886
6326
175
8691
5206
1987
1381
8377
8955
2840
3158
11513
4925
10067
949
8773
8244
10752
99
2708
11156
1020
12008
9336
9774
11984
11135
5244
5248
10162
1657
9754
9545
12270
5102
11120
7039
472
11545
5499
7256
8749
10946
3828
2347
11844
10515
771
10576
1573
3889
8511
7946
9814
4925
11164
9003
3713
1912
9676
8536
2517
8348
4149
9440
1297
1467
4217
4603
8244
6650
2099
9307
6862
6197
10137
7477
10326
6361
6387
7122
3033
9847
2504
4741
3313
759
12367
10774
3729
1607
5391
10272
12430
99
915
2182
6179
11083
9689
8594
697
10857
1999
5873
12072
10158
5257
1903
10006
1522
7667
1105
8386
4207
11316
369
3262
7608
11350
1282
11683
11962
1654
8530
3593
678
7829
5248
7360
8217
9856
6484
4696
9481
4080
7879
1498
3106
9639
1144
5813
11066
2136
11564
10196
9080
9497
10424
7419
6437
6374
5700
11720
9367
6491
10168
6326
6855
10182
9886
2203
7567
1586
2970
6550
2821
7849
4754
2489
652
4202
6376
12416
11939
30
197
6602
1692
10635
5383
124
318
5178
5753
2001
5989
9689
1095
3527
9223
285
4925
3086
7050
9494
3102
1460
939
3000
3480
6197
917
4871
3089
2084
2239
1498
7791
1418
5045
3861
3314
11316
7847
5212
7449
2202
12475
6685
772
8124
1755
1521
4871
12306
1790
6443
10196
479
6735
8002
10752
4925
3162
11120
1912
4925
2287
175
1972
2158
7349
7908
8610
5102
10130
8932
2825
11380
4378
1267
11979
8788
11125
12048
10285
3525
7879
11130
10131
8889
9676
3222
11994
6387
2756
10380
3147
7490
11234
10458
7526
11171
4
8611
12226
7464
11986
2309
1601
11252
11054
2141
1354
998
7071
9386
4904
3951
5292
12162
7486
5012
7103
6396
10004
5309
2003
1551
7922
9691
11592
3401
1779
2145
1250
10111
2498
3941
4934
6735
9544
3756
2193
5525
3793
9901
8146
9964
9248
8893
6151
1616
11252
7141
10186
7127
1158
1958
12063
1207
12279
1299
1429
4050
9400
5806
12285
12087
10686
3801
6548
369
2178
8802
50
8391
1192
5650
6607
2724
11519
1179
7649
6410
9987
24
3322
9298
6426
10927
1053
260
11251
9610
8481
3130
5499
1496
2935
175
2425
3805
3018
5244
594
1182
3827
11691
3951
10182
7615
5292
10246
9215
9186
5292
192
4278
4460
1227
6505
5730
4844
1784
11301
4743
11359
6141
2122
11292
6579
11416
8729
9427
11523
7602
2472
1624
1698
4638
369
4925
7392
2447
11003
11628
1164
10022
12097
2766
5206
9774
2489
4888
7934
7380
8931
2691
3166
1527
4848
5264
4733
10665
3615
3324
3766
11377
5285
4745
2340
1477
2852
1565
10646
8462
4338
11859
2367
3333
10421
2938
8960
743
5783
4868
4671
9840
58
4554
7263
9246
6876
1255
3786
6864
11627
9051
11313
12115
8098
11403
9313
11498
4925
6234
7027
7995
12340
1797
9281
5230
11286
8313
4848
3569
11460
8456
7184
1461
2446
9769
3718
2905
6513
3107
5758
2290
5362
3930
324
3428
188
11088
2236
11804
2253
8201
9978
7239
3235
8998
3095
7126
7079
4049
2788
7737
11601
3575
9125
148
7071
1016
2873
4417
2160
3385
5498
3963
2829
8885
6729
2180
126
3436
8931
67
10721
1008
10199
3718
3193
12144
1171
302
6345
10418
5244
6504
5948
11702
5112
1748
900
749
6170
597
12157
6068
5248
7361
244
12462
5666
3233
4925
6019
2107
8509
127
2859
10176
1030
3493
4973
2953
2998
4464
7080
9843
10682
12276
8792
9773
1792
3510
10205
2328
11768
11319
1439
9305
3510
8678
7667
5343
1748
1603
4925
2808
12092
1158
3865
3308
850
989
1801
8395
11578
1223
398
3937
8217
11740
6527
9750
2213
1565
4651
8552
829
601
1209
6624
1185
9119
3804
9659
10348
10330
907
10875
5452
3901
11312
5248
5401
758
12137
7003
4554
3983
3048
4324
369
4354
3742
8469
3713
7529
8203
4838
6820
2475
1734
12389
11049
11240
9305
7347
14
7435
6214
4925
2629
4554
2185
4379
533
11702
4330
6493
11781
9943
6077
11983
12354
3613
5491
10095
369
3077
1836
9312
6766
5961
7490
3318
8377
11420
8490
10182
9750
8216
3653
5972
1121
859
3898
10381
2927
4925
10884
1283
3349
9221
8814
8962
3893
7156
9775
5625
8968
3316
2395
12490
2149
4502
1190
5344
9589
2467
12086
6815
4991
369
8456
2338
12248
2190
5452
3145
7655
9587
7437
9367
2355
2422
637
9191
2443
11425
717
8250
6931
1766
10136
756
4871
5730
11702
2602
8108
11524
11095
132
3522
10272
3130
5244
5167
4106
11020
6493
568
10030
8530
9449
4226
9708
6416
7578
7247
1066
108
136
926
868
3422
7464
758
10321
7197
9440
5292
11081
5747
745
300
1521
4888
7956
181
12148
11674
12348
10998
7349
7217
4973
6815
8309
1
6483
3828
1394
9682
10522
369
3941
9013
8383
4298
10236
1758
10437
10363
2439
132
11482
2837
2424
11877
9762
7278
586
4957
3001
11162
12198
9490
3452
4424
802
11661
7002
7437
7557
3602
9597
3461
8796
10892
6514
9568
1637
4525
4615
12186
10972
2823
5248
8632
5084
4196
1458
4209
10428
912
10435
6875
99
8225
2721
8949
12107
4925
6369
3718
12190
9724
4522
3320
7490
11827
10131
575
4114
9067
7117
10210
9982
873
3811
6687
7544
8691
11535
11756
8228
11221
11961
2422
10075
2186
4608
6811
10137
186
1731
2862
7676
7471
305
4925
4603
1249
5244
12124
3116
3022
1871
9638
1591
9771
3314
369
10370
8931
3123
10761
8137
6347
2548
8736
3251
2428
7122
4167
7155
1900
8066
10887
6233
2679
775
6357
4263
12500
3112
1376
11414
5379
769
5374
6342
6826
5391
2813
84
7045
12142
5603
12344
200
4136
6151
7270
3046
2177
3941
6944
2779
2091
2915
6395
8572
697
10219
2424
12171
8650
10778
1477
6509
10506
7580
11153
10169
8994
2251
1130
8066
9755
9283
10002
5478
99
3676
10363
12324
7141
3588
7628
3433
3728
895
12354
4000
1797
8964
862
780
2807
11136
3596
7491
2169
3302
3176
8542
8114
8038
4413
4317
5821
2292
9894
7141
10111
11243
9476
6172
4925
11729
3029
5527
9876
40
4242
2118
6395
5331
2608
9342
769
3067
10164
1543
6656
6021
3440
818
5391
10559
12316
8632
6426
9185
830
9446
1517
2909
7483
5524
5008
4551
5774
1171
6426
4075
2240
6526
10118
1880
2124
8737
10004
6948
709
8532
278
11856
10864
1178
4690
10695
5226
655
4460
7045
715
9382
3214
1122
1677
595
2662
369
7263
4871
4925
8163
5081
9604
175
12408
6912
6170
5244
4123
3560
7297
4015
7482
2069
8407
207
6505
2615
11253
4925
5909
3911
6340
79
7868
10350
8613
5873
8351
4527
4338
1929
11203
3416
3369
8530
8295
2421
6162
1396
9484
310
1144
11243
4955
1659
1010
175
3128
2885
1024
9159
8410
7799
6334
4814
2093
7122
81
3588
7822
7464
2702
6638
5685
2770
7137
5292
11761
947
6133
4957
586
2468
7737
11940
1717
6493
6420
9489
5391
5084
3123
11175
4007
4828
4957
9195
9935
6893
115
3787
6759
4123
11543
2062
4463
4891
422
9969
9114
4868
5646
3551
3929
1021
3142
7373
3943
3062
862
1753
2670
1332
7593
6158
10063
10718
3854
5500
4640
2655
10648
10280
649
1068
2106
11
8421
8020
5819
1173
3054
845
11406
334
11787
5343
3520
9652
6548
2319
4417
8007
10289
8246
8978
7719
7403
9427
12500
882
9195
3873
5248
10346
10752
2408
527
790
1273
10391
945
1897
11891
1614
7575
7116
10882
996
6735
195
8445
310
8530
5576
9039
3137
10131
3396
3525
12272
11517
9027
6066
98
7985
1592
7469
8160
6893
8772
6493
7339
10298
2335
602
8003
175
2582
5226
5338
6757
9186
7918
2105
6812
5425
2002
58
12202
6932
369
7516
8351
7399
12199
7420
3951
10391
476
5866
7096
7572
7547
4072
6078
875
11555
4956
9638
2922
1535
6070
5585
3498
8086
2908
12429
11740
7437
2683
6920
7483
9368
9159
7096
4517
2252
10111
9319
11364
4888
1072
11612
10016
1584
3297
1914
3363
11671
3670
6214
6616
972
9411
5112
135
6662
1707
7444
9673
7587
6162
9801
576
10517
10195
11778
7506
10540
336
1560
8693
2489
782
7591
1488
10347
1397
5009
943
2501
7250
804
573
422
4888
1751
3724
7217
9886
11297
3656
4925
2824
1608
7573
12283
6502
9545
7934
7263
2156
913
7045
7775
2885
1558
7437
905
11125
9750
1045
255
6980
7432
2070
8881
2383
3322
6942
136
9563
9489
4679
11416
2766
9013
6224
10050
9743
8612
7358
6326
3783
3034
11652
5209
3828
2902
6462
2665
8978
6238
8853
6330
1681
7986
1656
7093
10527
7126
7423
7153
9510
3426
11593
134
6577
215
1723
6656
11025
6874
916
7071
1992
437
9541
8549
11292
1312
5235
7303
7408
4058
561
7593
2306
4945
134
6516
2435
12422
11668
6715
9393
2992
9572
10111
50
2238
4179
2034
5285
1784
5112
824
369
11256
11821
11505
3533
2884
150
6309
2377
4945
2524
7247
4178
762
12499
179
1881
2057
2705
10566
6462
1637
363
1819
2213
10904
7437
1524
1202
8917
7201
6638
5547
2805
3093
10778
1306
7515
6811
8955
10021
10363
2654
6231
3905
5746
2459
769
4794
4925
40
9079
1729
5177
6912
