4499
4499
24500
24011
24371
24398
4499
4685
24011
24505
24011
24394
24011
24491
24513
24780
24061
4707
24065
24501
24780
38701
38701
24499
24784
24784
24758
38703
24677
38715
24158
24114
24744
38889
38886
24778
38886
38201
4581
24114
24784
4707
4710
38891
24683
24744
4499
9206
38889
38698
38691
24021
24011
4428
38889
24780
24744
23948
24744
24758
24061
24881
24744
24398
9106
38886
9344
38891
4447
38696
24501
9106
24784
24780
4551
38703
24744
9201
4707
24114
4428
9208
38891
38703
4447
38017
24744
24683
24744
4447
4489
38810
4447
24398
24395
38889
4447
38703
38575
38302
4447
9391
9245
38809
38886
38291
38930
4439
38803
24508
24395
38531
38889
24507
38803
38925
38698
4447
9097
24114
23948
9097
38886
4447
38237
9225
24011
38889
38889
38866
4447
38417
24762
38031
24758
38705
38621
9331
4707
24881
38354
24744
38906
9374
24874
4428
24688
9097
38031
38200
24679
38354
38619
24394
9225
9369
9206
38017
38921
38809
38699
38891
38031
24508
38891
38575
24778
38291
9097
24744
9419
38889
9369
24158
4447
37998
9419
38804
4428
38237
9245
9343
38919
24495
38889
38228
24780
4447
4447
24881
24676
38031
4685
4447
38237
4447
4447
38526
24688
38031
24755
24676
38578
24491
4707
38889
24685
23948
4707
38270
4707
4515
38889
38704
24784
24011
9173
24114
38201
4499
38354
4657
38237
38918
39023
38031
9374
4499
4447
4447
38904
24021
9097
24498
24114
24744
24755
38031
38806
25048
9225
38889
38291
38806
38694
38621
4439
38031
9452
38696
24395
38889
9199
38928
24744
38843
38889
25048
4514
38695
25048
4447
9452
4447
38891
9453
9358
4447
38917
24498
4428
4447
9374
38031
4447
38889
24744
38031
24688
24389
24486
24011
38889
4447
4447
9200
38795
38703
38270
38904
24744
38354
38031
24685
9453
9343
24685
38270
4489
24679
38031
38810
38179
38237
39026
38694
38200
24758
38701
24874
9315
38571
38270
4451
38237
38696
9358
4499
38237
4447
38215
38889
24744
38795
9445
38291
9225
9106
38270
9097
24784
38031
24496
24693
4428
25048
4707
38866
4447
24158
24114
38904
24744
9245
9315
38860
38699
4447
24597
38031
24780
9403
24688
38703
25048
38997
38270
24597
9344
24503
4447
4447
38754
24758
38215
4685
38270
4447
38031
38701
4447
24744
4581
9490
4447
9490
4447
24114
37998
38031
24692
9225
24780
38031
38578
38291
4447
38228
37942
38267
38788
4534
38886
24021
38889
4447
24035
4534
38849
38270
38237
38889
24371
24021
9490
24878
4489
24011
4451
9445
4534
38625
4428
39026
4534
38698
38804
38849
38009
38849
4657
38997
38866
38267
38788
24114
4447
4447
9445
24598
9359
24021
4447
24489
24692
38849
24398
24878
24744
9490
38417
4428
24597
24371
24500
4790
9369
9374
4428
38854
24486
38031
38031
38031
38851
38795
38743
38031
4447
38031
38031
4655
38291
24759
9377
4534
38031
24886
39022
24011
38843
24021
4447
38849
24686
9378
4657
38237
38849
4738
38354
24684
4447
24507
4447
4451
9215
9097
38701
38215
38291
9404
24011
24114
4534
38614
38703
4705
38843
38200
24006
24114
9359
38742
4447
38803
38757
38031
4581
38295
24395
38849
24594
24114
38743
4447
4428
38703
38526
4499
4475
38626
4447
4684
9445
4447
24874
38996
24885
38031
9097
9097
38870
4654
38031
38854
24398
38292
9377
4657
38575
24158
24395
4428
38866
24395
38571
24886
38754
38031
4447
24006
38417
38302
38997
9359
4705
38992
38843
24690
24021
4657
9097
38996
24158
24371
24884
38851
38996
4428
9490
9097
38855
38694
4684
38855
24371
9097
38009
24495
4791
9097
9097
38575
9173
4534
38703
38698
4792
24114
9358
24371
24697
24692
4727
38161
38997
38010
24690
38287
24874
38710
24114
9106
9445
24011
38009
38009
24158
4534
24492
24480
24499
24011
38526
38743
24114
4428
38711
24114
9154
38704
24692
24594
38215
24590
38574
24114
24502
38210
4705
24034
24593
9173
9445
38996
38849
38625
38625
24006
38292
38009
24375
38010
24011
38009
24114
24114
24498
4451
38704
24874
24875
38379
24697
4651
9102
4489
38575
38575
38996
24492
9097
38295
4533
24480
4451
38188
24158
4533
4533
38855
38526
4533
24375
9097
24158
9173
38304
38636
9102
9147
9225
24114
38861
9378
38739
9317
24114
9103
4489
38526
4489
4654
38009
38843
38860
24495
9106
38854
4489
38009
9097
4654
38985
24596
38621
38180
24590
38302
9442
38180
38625
9317
4533
38625
4513
24489
24595
4738
38854
38531
4536
24475
24652
38621
24375
9407
38302
9442
9315
4552
38757
38624
9097
24450
9378
38531
24709
9344
38861
24375
24698
24591
38967
24590
38983
4740
24890
9173
9173
38188
24049
24488
24643
24697
38618
38870
38736
24643
38179
38986
24502
38624
9366
9366
38967
9215
9442
24032
38849
4704
24495
4651
24049
38866
4682
24502
38763
4533
24698
38858
24589
9171
24049
38616
38861
9379
9344
4552
24698
38987
24589
38985
38764
4704
4512
4682
24591
24651
38179
9442
4682
38865
38621
24899
24701
38625
38869
24495
24890
4528
24592
38616
24488
38967
9171
38983
38853
24709
9180
38987
4552
38730
24067
4513
24643
38872
38767
9441
4741
9180
24488
24643
24588
24588
38764
24899
9179
24794
9407
24706
4741
38982
38955
9407
38773
24592
24032
24592
38763
4765
4741
9171
9171
24796
24794
24032
38983
24794
4528
4552
38872
38983
24895
24585
4516
4794
38989
24709
38179
4740
24585
38987
24708
24592
38863
9190
38976
24895
38980
24638
38872
38884
24708
38179
9407
24638
4741
24708
4794
9184
9379
4516
39141
24796
38872
4741
38869
24896
38980
24638
4794
24896
39125
24708
24795
24717
38935
38872
9435
38731
24789
38956
4703
38771
39125
24638
38984
38956
24583
24585
24795
39141
24813
38976
38872
9407
9382
9433
9440
9365
24797
38873
4516
38982
24709
38955
9424
38765
24583
24585
24834
9407
38935
24705
39123
24705
24797
24587
38873
38962
9439
39120
24939
39107
4517
24813
4702
4724
38934
4518
9407
39120
38935
38938
9407
24797
4741
38962
39125
24939
24635
4741
38938
4702
38977
24810
4518
38873
38956
4764
24583
24930
24810
38957
24947
24939
38974
39123
39123
4702
24635
38971
38961
4517
39128
38958
38773
24810
24810
39107
9364
24972
4760
38934
38873
24813
39120
24941
39099
24972
24584
38934
24939
4702
24936
9434
24810
24583
24583
4518
9439
38974
4518
39123
9473
39120
38732
24972
24936
24583
38934
24825
24823
39128
4518
9433
4518
39111
24940
24941
4518
24955
38957
39128
9439
39128
24935
4813
24942
38970
9189
24806
24970
9438
24940
39123
39098
9463
39123
39128
24976
24823
39102
24970
9432
38727
24811
4701
24970
9432
39128
24940
9473
38959
38971
24806
38959
39102
24935
9473
24823
24937
24970
39102
39081
38968
9469
24811
38971
39103
24933
4813
24935
4807
9473
24811
4807
9473
39101
9438
24970
24970
24955
24970
4806
24970
9473
24966
39083
24933
4701
39071
39071
9463
39102
4775
9438
39071
24937
9432
24816
39069
9432
24954
24923
24933
38195
24922
24921
38195
39133
38195
39071
4807
37277
24953
7705
38968
24921
4228
9469
24921
4228
7705
39069
38968
24622
24921
24821
38968
24953
39069
24934
4228
24815
7696
7705
38950
39101
39069
24922
7705
24934
37253
4241
24821
24622
7696
37277
24934
39081
24934
24821
36227
39101
38951
24821
24821
37194
24821
3042
37253
7696
7705
7705
3042
7705
3042
4228
23066
37277
37217
37277
3042
4228
3035
4241
23043
3035
36227
3042
38968
7697
37196
37253
36248
7705
4241
23043
23050
4241
36227
37196
37277
4241
37277
7699
4232
4232
7705
4232
37277
23043
4241
4241
7697
36248
36227
37279
4241
23043
36227
23050
37284
37279
37196
23050
36248
23066
23050
23066
37196
37196
8657
37196
23050
7697
37196
37274
23050
23044
36239
23050
4232
23045
37279
37197
23050
36248
36248
23045
23044
37196
23044
37279
36248
37284
23050
23045
36264
23050
23051
37279
36239
23051
23050
23050
37279
23050
23051
37196
3989
23051
23051
23044
23044
37274
36264
36264
36264
8657
23040
36264
23041
37284
23041
8657
23051
23038
3989
8657
8658
36264
8657
8657
37264
8657
37280
23051
23041
8657
8657
8657
3989
3989
36242
23041
23041
23038
3989
8657
23038
8658
3989
23038
4226
8658
8658
3989
36242
3989
37273
3989
23038
3989
23038
8657
23038
37272
8908
37272
22079
37271
37272
36255
36255
23038
36242
8657
36242
23038
23038
23038
8657
37272
2302
5196
36257
4226
36242
23038
23038
8657
3989
8657
37271
2302
13413
15878
23038
15864
23037
2302
23037
36242
23037
23038
2309
36242
5197
2302
5196
23038
37272
15864
30399
2309
5195
7109
36242
37272
15909
23038
5197
23037
5195
6482
6482
5195
26434
23038
23038
15864
37272
27768
13413
36242
2302
5197
2302
30385
15898
5195
15912
5195
20195
27766
15898
6168
34320
37267
15898
15898
37270
34320
6168
27763
2302
2302
34316
23036
8090
20163
15912
34325
34320
15912
1405
5197
20194
23035
20194
2306
34320
8092
20193
34325
30349
27763
2306
5195
20190
5195
34320
34335
20154
34335
6168
8090
27765
27763
34317
15896
23023
27763
20190
20176
34327
6171
34318
37267
34322
20194
20172
15864
20166
20167
20195
34335
20156
20194
37257
34333
34323
23021
2313
34314
12122
26423
4242
20194
16015
20156
12121
20168
34322
30386
30396
20157
12102
26420
34322
12094
30389
26433
12095
37259
12121
34310
26453
12099
20156
30389
34310
12121
26433
16011
26433
34335
37241
20194
5177
12119
12121
7103
30296
15939
30389
30379
16036
26437
26429
26424
37257
12085
16011
5173
26429
37169
12086
12086
12085
1391
16018
30233
34306
26429
26437
12095
396
34306
15875
5172
15876
16009
12107
12095
26444
1392
11991
30233
26428
26417
26428
26747
26429
15920
1392
15950
15971
15905
12116
7100
6245
15978
16001
30207
12417
26421
12084
26416
15850
343
26438
12400
15850
26428
12413
2301
26326
26737
30261
34232
15980
30261
6244
20296
7086
30337
26428
15905
12090
34229
26412
12406
30341
12417
11993
12420
7104
26414
34229
11991
15961
20079
37202
30210
26414
34218
15850
30207
20107
1473
34441
20084
26418
16020
37235
34227
20107
34230
30377
6134
34207
30333
15905
37236
37176
20070
20298
37176
34227
20096
20068
34240
7067
20081
6133
2321
34231
6134
20078
8065
11994
20076
12406
34214
34231
3407
26356
3405
34235
15990
2296
20084
37235
34223
23053
20090
4236
26375
20086
26749
1470
20082
1471
20074
26753
26742
2324
2296
30334
30346
20084
15887
26325
7075
7091
26756
12044
30212
26375
2298
30209
20107
26356
15881
20082
15881
20297
7081
15894
30339
12019
26397
30219
26732
12401
15894
2321
15963
12412
5188
26366
30326
26366
26349
15862
30243
12035
5590
12399
6156
11990
20068
30276
30271
12415
20082
30327
2298
5184
2321
12404
30344
12042
2259
15987
15892
30214
12415
26355
5188
15535
26374
26398
351
5590
20147
12401
26349
352
1449
20147
26362
15891
30238
26380
12004
34402
350
26390
7030
15754
15787
30345
2322
26643
12018
12035
12035
1472
30138
12408
26382
30050
1375
26340
29996
34283
1449
26343
26335
30344
1449
26647
34281
2322
1373
6138
15859
34403
8878
26717
30217
30049
15764
30274
12029
1449
22924
34284
34285
20140
12386
22992
26335
15691
6142
20126
6154
34285
12410
34289
20145
1449
15535
6239
3417
26721
1449
3416
22921
34281
12071
15891
18893
15641
1449
20292
29892
20133
34272
15764
34285
34272
37138
15754
37120
15782
12388
23000
34285
26363
34293
2276
15967
8080
26362
8878
269
34282
37149
34253
30216
37120
1467
12028
37099
3417
34289
22999
34430
6238
2337
1449
20120
34255
26364
37119
30281
29998
20290
37147
20113
6239
26653
18898
34261
11153
26369
37097
26652
15536
30109
2247
1381
26381
1449
34266
15741
34252
6996
6147
30111
18894
2247
2246
30122
20124
37120
1467
25585
12311
30122
12391
26351
15544
34254
22990
1449
18898
1449
12391
15741
12097
12397
26369
18894
30109
20291
18893
34262
26361
729
2247
20128
20129
18898
34431
11153
26648
30053
26389
30051
7047
18898
29891
26396
11254
29901
26400
30145
26716
26405
2337
20121
388
5563
29895
30100
5102
5559
30100
12040
30145
30117
30149
29895
12020
2272
12385
15636
33481
12296
2271
20128
12375
26347
33612
34398
2337
18896
12394
15671
18894
12020
1374
15647
15647
12387
12302
5898
29882
37098
30117
33481
15784
32942
30033
25484
33039
30120
12296
30145
6240
1093
15747
726
5563
15536
12296
18895
1469
30098
22988
19340
26627
26347
2337
1127
26328
6137
33039
12011
1374
30120
29897
12010
30055
1447
12011
271
15747
15660
30033
15545
12395
7043
12296
26629
20128
12302
33046
266
1076
12372
33037
29875
5559
30030
30098
33046
15624
15747
20258
30030
12396
32942
37136
6218
7043
15642
32955
22964
18804
20128
33478
1127
726
33036
7915
15627
11807
6235
15627
15747
12396
19285
1127
2271
30148
8119
1368
30148
26117
19337
33037
37092
15744
12374
37117
1368
1447
29900
32948
19339
37136
20288
5849
11807
12307
7027
30124
15542
25485
29983
20258
7028
4204
15747
37136
33427
18804
26639
8860
12383
37136
15748
26626
30101
15671
11805
11255
30101
26639
33480
32956
19472
30031
22964
33036
29979
3456
33434
15747
26714
12300
15523
15623
1464
7028
15747
32952
7049
26128
26628
3111
2244
12377
6992
11100
15747
11805
30101
18907
7027
37145
25485
12300
6993
11797
12307
11786
11795
37094
11798
11798
2221
15521
37136
26115
12383
19470
32947
30097
25586
5567
15525
15633
26108
26136
26120
19919
22964
15747
15523
18904
19470
1301
26147
15671
29983
2221
22947
30123
1296
30035
11783
11798
6069
15622
34014
12300
1466
8872
15625
12383
30128
37144
12303
26136
5567
5220
18809
30035
2221
11973
29877
29879
5226
15747
30082
32954
26139
12303
15748
29985
30103
11808
15620
15747
11801
15610
15671
22964
11792
5127
37066
26116
15525
20282
26132
26634
6062
26112
11801
12381
30041
34018
19857
6074
12287
2245
30123
30034
5122
34011
11790
15727
26622
5569
11778
15530
5220
12293
15628
26124
30123
2222
30129
19869
30136
11805
30085
15671
12383
11848
12287
5120
12305
30106
26181
11848
11808
7050
34024
11792
15671
26712
15607
37112
34021
11778
11808
26637
8876
19878
11808
287
34022
37091
15612
301
34013
26148
22944
26124
8016
15608
30037
19874
30019
15630
1293
12363
12294
30093
29988
7040
29969
287
19874
19862
42794
12292
19871
34015
15734
15531
6216
12371
22941
15608
26109
19862
19919
30094
7011
30084
5552
26636
26698
34012
15611
11839
15726
26173
11778
15619
6086
15508
26760
34007
2240
2240
6076
15611
2231
26696
15726
6086
26713
34023
2219
8019
5136
2231
26758
15615
287
34007
22932
301
19874
6076
30134
30134
11839
3348
1308
30093
1312
15572
1318
30018
19854
26623
19917
30090
15618
11828
37061
34397
19855
11840
26763
1316
19917
30089
22932
19919
8871
29865
26625
22932
6088
29885
19917
26172
34000
33989
26182
4200
15606
33992
11844
1308
15572
19849
8118
1308
34397
34003
33996
8875
22932
34425
15511
1312
11778
7012
11847
15511
30069
30025
22913
26178
4196
6247
11841
30071
15572
11841
30417
37126
26122
4200
26619
22929
37113
1318
22915
1307
7116
34066
4200
22915
1318
11841
22930
4200
7011
29940
297
34065
11778
29927
19913
11847
2220
6087
15516
37293
7037
8123
11841
26178
34057
19850
26160
15594
19916
11846
15504
15594
5565
4200
34000
26304
2238
2220
11977
2238
26764
297
30027
19916
30079
11844
22930
2220
29920
12433
19916
30013
15494
15516
3363
2220
29975
29866
29937
5604
6129
37062
33995
22930
19899
11847
12433
37296
26161
19899
1316
37124
19916
30075
26303
11841
19914
2220
5133
15513
8914
1318
29963
29864
5555
19896
30061
5603
26694
30074
30487
29866
29920
1318
29968
19850
15574
19915
11821
6127
1306
2238
6129
19895
30076
1316
11977
29924
12436
1316
37124
1314
12431
1314
19915
12436
30423
26176
34195
15574
296
30066
12286
7113
19896
7003
30488
7131
37079
12441
11977
26157
2238
11967
19915
15574
12431
12431
11852
7013
30064
11967
29966
15497
12441
30077
26166
29908
26166
19896
7013
37106
11967
19896
5560
29922
1355
1314
37289
26308
20306
5202
16084
6250
1355
29870
12441
11974
8061
7117
20306
37124
30015
34195
11969
12441
1318
11968
26307
29866
12441
37123
29931
2233
12286
19896
34052
15497
12433
26293
11969
20307
20307
34198
11968
11968
6077
20306
5557
20307
11967
1355
12286
30500
20309
37078
1355
30005
30470
37075
34195
5551
29853
26308
34070
20306
29972
29922
6991
30700
26765
30442
16085
12286
20306
12286
1355
20306
1355
34198
34071
1318
30468
16084
30685
15497
20047
34031
1349
29931
16085
34195
37102
12286
11968
20307
7035
12286
29849
37125
29951
29903
2349
29916
20309
12286
1355
11968
8060
20309
29973
20306
6249
11968
11968
26293
1349
2349
20306
26307
34198
30005
30684
26165
26291
12286
16143
20046
2349
20046
34392
26617
30509
37056
16089
29853
2349
30700
20047
15801
16159
34195
7009
1349
3394
20306
16084
16153
20046
12286
30065
12286
34200
5169
16084
11968
20046
29951
37102
30446
16153
29906
7008
16160
30685
15801
11976
2285
7124
7020
16153
20046
16158
37074
37125
26614
16159
16151
3396
3396
11968
8060
30452
1355
20048
26288
1349
34450
20046
16084
30700
34043
16151
11976
2363
11968
26288
3396
34195
7134
16151
8865
2363
1349
6125
7020
20046
34188
37285
20048
3396
34035
20048
16151
30684
30507
30631
34040
30658
30065
30463
7125
16151
37103
16154
30459
30630
26306
29956
1349
30671
20048
16151
3394
16151
30685
7175
16154
30645
29911
16151
20048
29956
16154
30514
16159
29860
3396
7123
30684
11975
26768
11968
30715
16151
30158
34193
2395
30685
5614
30065
7056
26616
16154
16156
16300
16154
30684
2364
15798
16300
20046
29962
3394
23155
30658
16154
37308
30511
767
2395
30684
5618
2395
37103
29961
23155
16091
26287
3390
11975
30065
20027
16160
16159
20048
2362
34039
3390
2364
29856
5616
16160
16300
16320
2395
30685
26283
26616
30671
30714
11968
29954
26690
30671
6232
4264
767
16385
30065
11968
29913
26616
5616
16320
16159
30159
7163
16156
26285
16091
20027
29852
26282
23155
16332
20024
30684
30685
30065
2395
30449
16320
11927
30671
30503
30728
16320
16159
3390
2395
30455
6988
34181
767
16332
29962
23154
37153
30463
30635
16332
29954
3390
16333
30693
23161
15576
16165
8926
767
20024
29843
26616
30619
30693
16332
16165
37306
23202
16333
20024
3390
7020
8881
16400
767
30153
7175
16165
30715
767
26616
34421
2395
34418
30629
37343
767
16320
29954
37151
16332
37150
30685
16091
6121
26690
16296
23202
7054
2416
30635
7021
30698
30657
16165
37104
16165
16400
3390
16091
29947
37356
30715
37343
16392
16286
23204
15576
5154
1346
8054
1346
16402
16296
16332
30619
12451
37343
23202
37104
324
16091
20024
37356
23202
7122
30525
23204
26284
7122
30622
20329
30757
23229
20005
30674
324
37154
16402
30591
23227
30595
16319
16384
4271
4271
4271
16402
30591
12451
5154
16296
11940
30636
5154
30622
1346
30757
16383
30742
34169
23204
20246
30596
30523
4271
30742
30685
30756
30152
37314
34043
12484
26284
23229
20330
4271
23229
34141
37356
16295
30610
16411
30611
30701
16402
16405
30522
30757
20328
16398
7175
7153
30621
34141
16405
16405
1490
34043
1348
11932
15576
1424
34141
30761
16405
30595
22903
5606
12451
11940
30756
34043
30756
12200
5623
20004
20002
30610
23204
11934
30761
12451
20005
30595
16286
22903
30761
2415
11937
1490
22903
1348
2210
30756
19980
20311
19980
30626
1343
37336
30539
30613
30610
7188
30612
26252
16381
5153
20246
20004
1491
16381
30613
30610
7139
30626
1490
1491
16381
20003
30761
20246
16411
26665
30549
20311
26252
12269
37312
30565
37310
20020
34148
20001
3385
34135
5153
30756
20247
26680
11933
12486
30598
2210
11927
26665
30761
11897
5153
11912
19972
30565
20247
30761
30613
37310
34136
12472
11930
34137
12185
1348
30565
30598
30598
11930
3379
20017
1348
7188
22903
11908
37314
12185
2210
2212
1348
37309
12496
11937
12269
12497
5571
37310
30757
37311
30598
30760
30757
11925
175
19979
34134
26253
3379
26665
30760
1348
26681
30582
12280
26681
30760
30518
26665
26253
12472
19980
12472
34124
34134
312
19965
11944
3375
12200
12488
34124
30760
11944
15482
5571
30529
11908
11922
12472
26681
30565
11944
11908
30760
26665
34415
12276
30520
26665
7136
12278
34134
26687
5571
26665
1330
15474
30521
30521
12493
5571
8043
12269
12472
11926
30565
1341
1331
26665
11908
12492
34134
29830
34134
34101
8043
11944
30768
26687
11949
12472
26682
20244
30520
12269
19963
714
11944
34134
316
26245
12198
26679
26682
11897
11890
12472
11908
11911
15478
11912
26503
26245
12472
8043
11907
6981
12260
15459
2212
19938
34120
11897
1339
12477
26494
30521
8043
19939
26868
1328
26210
26679
34134
3378
1329
11892
5142
19962
11946
26281
3445
3378
12472
19935
26246
30521
26665
6981
26246
8043
29831
12200
11916
26665
11907
26669
26669
26667
12472
26665
19960
26868
8042
308
12494
12495
26665
1329
6118
19974
15465
34410
15463
15481
34118
34089
26246
1455
11888
8107
6185
6983
26210
12479
26237
29839
12448
15459
20241
12182
34092
34413
8043
19974
12261
11887
26503
33958
19938
29822
26864
1455
26669
12475
11889
8043
34091
26246
34124
1333
15480
26665
11882
3368
8107
11899
12483
34413
26494
20243
400
26210
15480
1488
19413
11888
6105
37045
26665
308
34089
26582
12481
6226
20320
3452
26210
34089
34093
12256
12195
20322
11887
26595
11190
19938
6185
26841
26784
12261
8107
12257
29818
173
6095
20318
29816
19948
26494
3368
29818
11901
12267
26662
26492
8107
34116
2207
26503
12268
6105
22898
20222
26233
12182
26868
26494
34081
3440
177
26855
34460
15470
19940
37047
11903
8855
19947
34086
173
20325
711
29828
22899
11177
26200
15460
26841
165
11883
34363
11879
19419
26490
12337
3452
3237
11187
12582
34479
12482
26547
6226
12162
34365
8115
19940
11190
26595
26595
33958
26494
5111
11872
26200
12469
26492
29604
1324
1454
1324
19944
1486
19947
33603
1326
26492
12263
34381
26524
34381
26662
33513
15471
11878
12520
654
26496
26200
26675
12580
6090
11883
26503
33561
26234
12578
26857
11860
12172
11879
3237
29828
6091
29817
1326
26865
11248
20336
177
29819
172
12333
26841
34381
33544
26197
1511
19420
19363
26231
29819
12161
5874
20271
19383
15470
12581
3370
19363
33561
713
33542
6046
29827
19410
26658
11883
26195
15464
26490
19418
1323
19364
11184
26062
33602
11868
11884
33561
29815
2209
6281
20239
26199
12585
1326
26192
29591
33603
26501
6092
2209
1511
26479
26841
26544
12215
6267
6227
19937
3437
12513
26544
26545
381
29601
11884
29602
3234
1510
29601
12572
26798
25509
5895
26673
390
19383
11742
15445
29823
26049
1435
26195
3230
11193
25509
381
20237
11880
33604
3230
11862
5001
11880
29591
26866
19402
12249
34407
168
166
29825
12341
33558
15466
12250
20352
20266
29804
33535
26856
12191
5111
15468
19381
1103
29824
1435
19364
11884
33508
34407
3234
26193
11184
26540
26193
5873
26501
1510
26537
12249
12579
11247
15145
26479
26543
12584
25524
5880
20237
33531
26483
12209
34475
25504
11741
34349
1320
19824
1435
6930
12168
11183
2204
12209
19390
3451
12572
19397
12208
20208
25490
6930
29808
26793
26659
20237
22893
22896
26062
19824
33525
1326
33517
15449
1434
12577
11741
25529
29589
11176
12326
20350
37040
26501
37043
29806
33523
15449
33604
11194
12328
15144
11176
36980
33508
12597
26040
5112
34366
11155
6197
34475
15234
15451
26908
20237
280
6043
19824
29808
22894
1126
33527
1097
12252
280
6930
20225
6267
686
19391
26501
15248
15444
29594
12325
33508
12146
8104
33514
29590
15143
33517
33522
15247
29496
25576
11162
29498
4191
1426
33532
1514
33519
5867
1097
15234
26047
6182
26908
2205
1094
19387
19360
25500
26864
6267
34347
3247
26542
7894
3247
8099
6196
8839
11159
25576
19450
19354
29803
4999
5111
29594
25499
37041
22895
15444
15234
19450
19376
25487
3231
26904
20205
33518
2161
4999
11170
15457
26866
33518
11159
2161
29599
6182
26538
12643
19389
33532
19354
8099
18049
18049
6976
29813
12598
15234
29801
29594
12544
11747
6931
12592
19378
6041
11753
6046
1280
5527
12609
1430
26060
22895
6907
12210
15450
12598
15258
25486
26864
15142
15136
15257
6041
11156
7894
26864
12147
19376
34478
5868
26560
15234
26489
33526
12205
15448
12151
12639
29556
29814
29613
29590
11753
12158
6043
25486
15257
19828
26488
34348
15453
19828
29495
19376
19356
26068
15147
12157
29590
26488
15452
11159
6931
26558
19376
26866
19377
37042
26480
29613
11156
19376
6041
19378
1100
19356
26061
10961
15250
9053
25486
3229
9053
26538
33496
11758
15450
18049
22802
36951
26046
19828
15455
6922
11166
36948
29807
6922
5000
26554
11753
19376
33526
6931
376
29590
159
19376
23717
26042
29612
376
19827
6977
12231
11167
15455
1096
20363
15233
34482
6934
18049
11751
29493
34475
15259
33495
15240
12621
159
15146
12223
33953
33952
12131
5870
26484
26488
33951
19828
20373
29556
11751
15240
1413
26478
2154
33494
5114
11751
26880
2154
6046
29590
15454
26070
159
11749
22838
15250
19355
6922
26055
26485
33496
33954
4992
7999
12604
2163
12593
2154
26563
15215
19375
2154
6931
22802
5111
29508
26863
6184
10960
9053
15259
5209
5869
22838
11761
29583
33496
29809
6048
9053
26464
19460
33954
2135
2135
6042
11749
36985
4993
15254
26462
15201
5869
26058
15240
25286
15250
3221
20229
17781
20230
1428
3220
11760
5523
12156
11761
8000
34370
26552
1284
26061
25286
6910
22837
3222
26089
15202
12137
26056
15203
12653
15256
36972
1429
9053
29563
33589
11757
6199
29583
36979
6040
26467
1021
26486
19460
11748
34371
33948
15256
11761
36987
11752
1409
15265
11757
26557
9053
26464
29614
29583
26867
690
15153
690
19459
19346
6040
29609
15135
33954
15240
33496
10780
18048
415
29560
15264
6040
19831
20201
15228
22837
33948
26063
34479
695
34345
6933
158
29611
33948
12606
12224
19460
33954
19459
29609
26055
26089
33589
26464
19831
2139
26088
12645
10780
33948
14759
19460
33600
8840
15240
26487
12134
11748
29563
25573
29575
26089
19005
33589
2151
12244
17781
36975
33588
33954
15152
33948
19459
6923
15261
12241
12222
7883
29563
10780
33589
33583
29583
5886
12619
33584
6923
14759
15200
26089
26486
34373
33454
33589
11762
19459
33493
7885
29504
3248
25552
187
3435
5525
33484
25167
19005
36986
10780
29583
11771
18239
33584
22829
22829
33584
15205
29619
8832
26845
29109
985
1433
29616
3248
34345
5525
5528
33584
19832
15228
187
15264
29616
18238
10780
14758
5525
10780
26466
15261
15217
20203
26551
15228
5525
33584
18239
12222
26845
6044
5525
33484
26465
985
12239
5525
15228
15228
15255
33584
29608
29109
33584
17766
15228
18238
18239
5525
12135
26474
26553
18239
25167
5525
15205
6909
26573
11105
22806
19830
6923
15149
6923
33589
11772
15225
33971
15262
19832
33584
12143
19309
10855
33484
19350
11762
15228
15228
15228
36975
36973
26847
29610
18238
15206
15264
15225
15269
29108
26466
36975
5525
19005
33971
8832
2794
15228
19454
25156
33584
18238
4169
10855
3336
15225
1082
10780
10855
15255
12246
7872
15217
36975
33973
22684
20203
19841
14760
11701
15269
36975
36975
10855
2051
33971
34496
12234
26847
26572
36831
6923
18238
29543
1287
12630
4169
19832
4169
11756
18074
26847
2138
1120
15217
25436
29543
15228
26577
134
15228
11763
36975
14714
4169
26570
26099
4169
17784
1410
22684
15217
26455
3207
2794
25156
1285
18240
26470
11239
15221
25156
36973
33595
5115
2794
11116
15217
29615
29617
15221
19438
3207
15269
15269
29107
10780
11118
15228
25156
375
6822
18242
33597
34496
5117
25436
25156
36975
19833
22805
36975
11231
15225
15210
36974
6909
26576
11756
14762
2051
2153
4169
29110
2051
26455
19844
375
11228
12125
29110
19438
29522
11112
18074
26455
18242
1085
4169
36973
7872
15224
25156
11106
15210
14760
5020
15204
6822
26460
33971
36975
19843
12235
20199
18074
33978
1114
15269
29522
36974
29543
19843
1283
15211
15221
18074
29618
15269
34496
15221
987
2153
11105
26566
12125
6923
15211
2794
15267
18074
26570
26473
18074
36954
2794
19839
15108
19833
15207
25156
3116
1407
15111
8801
22682
1080
15111
2142
36974
29623
23712
11227
26576
15116
26081
26565
29107
15166
11755
15166
20236
22681
18074
15191
8801
15269
15148
14757
18065
2719
11756
33977
18065
15111
3116
36974
18065
29543
12125
1079
3344
6923
1290
26923
36955
36974
5020
15211
6923
22821
1283
3343
34340
15221
3116
29623
15104
36954
15189
22824
33977
21
14769
960
26938
6823
29107
11110
5020
20197
3116
26087
17765
2142
33981
18065
25165
1083
20198
3344
18074
26085
21
960
29506
15161
6923
15191
34375
33980
26086
11773
11230
11227
11119
26571
26473
6177
29506
653
29503
15189
12238
18065
34339
2142
2052
15116
26566
1079
22821
11108
15116
19838
15269
19840
34374
15108
18074
36954
14769
4170
14746
26938
6923
1079
33976
22794
14746
26567
12240
8832
11106
2869
15269
36955
3343
29120
2148
22822
15116
21
11135
36954
2149
15268
3116
1290
17761
14714
2869
36954
43
1406
14770
29116
12130
960
29114
11108
15189
34341
36954
3209
36954
22811
5486
653
15161
15427
25560
2868
15104
21
29064
36954
33980
15104
1079
1290
36954
36954
36954
36954
29520
25165
646
15192
2130
26457
15163
17771
14766
11106
15104
36954
11106
33564
34377
19424
2869
2869
15194
14746
15195
1077
960
26085
3209
26081
2141
15104
36954
29114
960
2150
36954
11199
5014
19434
36954
14761
18196
19297
12126
26569
15114
2868
29034
25560
36954
22809
2141
20200
29033
29503
36954
6061
11199
14707
1087
22790
36954
14681
26564
14711
11230
12123
14706
15267
15427
12130
6824
15427
15163
14764
29116
2053
15104
5014
26567
42214
29034
15184
42214
42214
42214
688
36954
29116
15106
29115
37037
42214
960
25560
36954
11199
15275
42214
42214
15104
42214
42214
11121
3209
11106
42214
2165
36954
3209
42214
14710
42214
6061
19008
42214
36954
42214
36954
42214
19421
42214
42214
29032
42214
11106
11769
22819
37037
17767
42214
14767
25560
42214
29115
5486
18201
42214
42214
42214
42214
26097
14745
11769
36954
6057
17750
42214
42214
42214
2030
15434
26104
15104
15164
19300
42214
42214
15275
42214
42214
26461
18201
42214
2869
15268
19434
19300
29062
29031
15266
42214
6801
2147
36954
11130
42214
42214
15266
17747
2167
42214
42214
15158
15196
15266
42214
42214
2793
1110
42214
36954
18201
42214
37037
14676
42213
15162
42214
15162
42214
15185
42214
22841
42215
19433
42215
960
29098
19300
42215
3209
5013
42214
42215
33983
42214
26104
42213
37037
22678
960
22658
42214
6903
11206
19008
42214
17747
42214
22791
26101
2146
14706
42214
37037
42214
14715
14745
42215
29117
42215
42214
14750
18201
14680
19008
374
5013
33575
2793
36957
36957
2167
42214
19300
42214
1081
42214
42214
15159
42215
42214
42214
14725
14748
33564
42215
42215
42214
15437
15291
22842
22820
33576
23710
4137
19430
42215
14681
42215
29066
42214
42215
15291
14743
3213
42214
29100
42214
22841
33575
960
8830
42215
19433
42215
42214
25560
42214
42214
2793
26081
42215
15278
25560
19433
29030
42214
15185
22820
36794
36954
15437
42214
42215
42215
42214
2166
36952
29787
42215
148
22677
42214
11200
29057
42214
19008
42214
15278
42214
42215
42026
19284
42215
42214
14674
18201
36957
42214
15266
42215
42026
962
6916
29519
5013
42214
42026
18772
42215
42214
697
33565
42214
33567
22841
25104
22842
42214
42214
29782
42214
42215
42214
36794
14674
29100
42213
42026
42214
6916
33565
42214
42214
15280
42214
19008
19245
23707
42214
15266
42215
42214
42215
148
42215
652
22647
11086
14686
33575
33576
42215
11208
11086
42215
18201
15272
42223
29030
42026
5013
42223
33576
42215
42214
15414
33576
42026
42215
42026
33576
15289
19433
42223
42214
42026
15437
29035
14725
9837
42214
33386
9837
42026
9837
42223
1075
18772
42214
42026
29787
22842
14743
15415
9837
19245
15281
29098
42026
15280
36824
15280
9837
42215
9837
9837
42223
15280
9837
9837
42026
42214
33576
42026
9837
33567
19431
9837
11206
42026
42223
42223
9837
19427
42026
4973
42215
42215
19281
42215
42215
42026
9837
18201
42215
42223
9837
15182
8827
42214
36793
36944
6807
42214
19315
9837
9837
9837
42214
42026
19245
42223
19428
14725
9837
42215
42026
42026
9837
42026
14756
42026
9837
15270
2166
42215
42026
17757
14725
42026
11086
15281
9837
42223
11086
14737
42223
42214
19432
33576
9837
22842
29782
42223
42215
42223
33565
42215
36944
9837
42214
9837
2170
33572
42223
9837
9837
42223
33576
9837
42215
6808
4973
42026
42026
33576
42214
42223
33576
9837
42223
42223
15441
33567
2166
9837
42215
42026
22645
33386
22848
42026
898
33567
14678
9837
18901
36793
42214
42215
9837
42223
18201
42223
9837
7905
42025
36935
42026
42026
22844
33576
33576
707
9837
9837
36935
17753
9837
9837
9837
9837
42025
42026
1075
42215
9837
42215
42223
6807
19245
9837
42025
18771
42215
14752
42215
25412
42026
15294
33576
9837
18901
9837
9837
15281
9837
42222
15423
9837
8792
15293
42223
9837
42026
9837
9837
22886
42025
9837
9837
19248
9837
6916
8800
29787
9837
42026
42026
40165
36824
11086
9837
4190
6808
19425
14751
707
42215
42026
42222
42026
2195
9837
42215
9837
22645
9837
11202
42026
9837
42223
22846
42222
33386
9837
42222
22846
9837
40165
42026
42223
18900
9837
42215
42223
8800
22848
42026
33576
9837
42026
29475
9837
42026
42025
40165
33386
9837
8792
6807
42223
7905
42025
14751
9837
14724
9837
15270
42026
18901
29074
42026
42025
9837
15284
14705
9837
42223
9837
11086
15295
42026
14703
42222
9837
2173
9837
9837
29782
11098
40165
40165
40165
40165
42025
40165
42222
15426
9837
40165
40165
15400
42223
33576
42025
42223
6808
42025
40165
29782
40165
42223
22852
29046
42025
42025
40165
9837
42222
6807
10810
9837
9837
29487
11202
40165
2041
9837
15092
29787
9837
42026
40165
9837
9837
36793
18901
42026
14724
40165
9837
42025
40165
9837
42222
33576
40165
42223
42025
40165
9837
42223
40165
9837
17755
17733
147
9837
40165
42801
42223
8800
40165
1071
10810
40165
6808
42025
42122
42025
40165
42122
42222
22673
40165
42222
22851
42223
15441
7905
42801
40165
699
29074
18902
40165
9837
40165
42222
25412
29029
10810
40148
74
36797
14693
40165
42025
6804
15092
8800
42222
2173
40165
42223
42222
6916
42222
9837
40165
9837
42223
9837
15421
6807
9837
42222
8800
1111
40193
136
40165
6916
10488
9837
9837
40165
14724
40148
9837
9837
3197
4973
4136
9837
42025
42223
42025
42222
14694
40193
40193
2041
962
42025
42801
5883
2172
40148
10810
42122
15307
22887
42801
40165
42025
29058
42801
29029
957
9837
22676
29787
40165
29487
22852
6808
14719
9837
6807
40148
40148
9837
40193
9837
29074
42025
32932
9837
40165
15093
42025
6916
42025
40148
40148
36935
42222
42122
42025
2199
40193
962
74
11089
40165
42222
15384
40148
3197
40148
2040
18903
40193
42025
42801
29106
29785
40193
42025
42122
40148
40165
42222
957
40148
29044
42025
15084
9837
9837
29058
40148
29074
40193
2172
15440
40193
17731
40148
42122
40165
40193
10810
9837
33572
40165
36891
29074
40148
22887
9837
42122
957
22674
19251
14723
22662
42025
9837
29302
29785
17755
2172
40148
14740
42025
40148
42122
9837
9837
40193
9837
15432
42122
40193
29788
40193
9837
42222
15409
2047
14727
40193
29074
136
14717
40148
40148
42025
15385
29069
1088
42222
22882
10488
9837
9837
9837
706
40165
9837
40148
42222
29074
40148
29044
9837
40148
15093
40148
15084
10488
11205
40148
42222
40148
29074
40165
42122
40148
42222
11089
40193
29058
29069
8800
40193
10488
42222
42801
40193
9837
40148
2125
9837
40148
40148
40148
33570
40148
42222
40148
2713
42122
40148
15316
9837
40148
36935
29074
40165
14717
36797
37022
40165
42801
10488
40165
40148
15422
40148
9837
40165
42122
29785
10488
42122
40148
40164
40148
957
5883
962
1088
40165
5883
15094
22662
9837
40148
17731
36808
4973
42122
42122
40148
40148
40164
29788
4386
10810
40193
10488
2714
40148
40165
2172
29069
40164
40148
29069
2201
22883
40164
42222
40193
10488
15090
42122
2172
10488
2123
9837
40165
29078
29785
40148
40165
19251
42122
2039
10488
40148
40142
15084
10488
40164
15071
29078
14692
42827
40148
19251
42122
15094
14693
36797
40164
9837
29769
42122
5883
40148
42122
40193
40148
40164
15424
40164
40164
40164
29078
40164
29069
37022
957
5476
19251
15420
6810
2123
4977
17731
10488
40193
10488
15405
14721
2047
2199
40148
18774
6803
22877
36891
957
40142
40142
22877
15090
29040
5476
15298
40148
6972
5883
14692
700
40164
42827
42827
957
15094
40164
40164
6916
40193
40193
1088
40193
957
40164
14718
5883
8796
15071
40148
4188
15369
40148
29040
897
22783
10488
40148
2123
10488
15410
10488
29788
9593
23705
40184
40164
25536
15094
5883
40148
40193
18774
14692
6803
14741
40164
40164
29069
9593
2714
29754
14718
15063
42827
42122
6803
15063
6810
42122
40193
40164
10488
957
42827
42827
897
40148
19251
10488
5883
29769
19251
40164
10488
40164
9593
40164
22781
42827
6810
40193
9593
4973
40193
2123
6915
9593
9593
2714
15095
897
2201
32931
6803
19320
29732
42827
40193
15382
15316
15100
42827
36935
15084
957
10488
9593
40193
32930
6810
6803
40148
4163
962
14741
17744
42827
40148
42827
2123
9593
18774
9593
25099
40164
22649
42827
29042
2714
22781
40148
14718
42827
957
3214
9593
11137
6803
15418
17740
2123
42827
42845
15095
8796
23705
10710
42827
10488
15072
32931
2178
40164
6810
40184
10488
40164
40193
8834
2197
19320
4163
40142
29069
40148
36935
29788
40148
29787
10488
17735
15341
2123
10710
42827
40142
15369
42827
6915
2188
3214
32931
15063
40184
10710
15329
15095
40148
40164
40164
42827
15084
15317
36809
29069
2177
9593
22781
40148
15430
2121
14718
10710
40884
2715
32931
6810
37022
15100
703
32931
40907
25099
40164
22652
25099
6803
40142
40142
40907
40142
2123
29788
40164
40164
32932
22784
40077
40907
15063
32930
10710
10710
897
10710
40164
18776
40164
3214
10710
6916
32931
15072
14688
22859
17739
15394
40164
29769
10710
2178
22784
15095
15408
6916
10710
17742
10710
29754
19320
2196
32931
10710
40907
22782
15420
40907
15083
40884
2178
42832
42845
701
15412
957
17738
9593
42845
9593
32932
40907
18009
22782
2123
40184
17739
40164
42827
6810
9593
25099
15392
36811
32933
29732
42844
40907
40184
36809
40907
15408
17742
32931
9593
2178
22878
42844
15072
10710
9593
22784
40907
10710
40907
17738
15317
42845
40184
6914
42844
19320
42844
40907
22861
6810
10710
42832
6916
22782
15098
42844
17741
22858
15083
25128
22782
2711
40907
32932
6956
29722
42844
40142
42844
42844
42844
10710
6810
29457
9723
2184
15413
40907
17738
2178
15354
25099
36962
15063
22784
9723
2190
15072
36935
9593
703
36935
32931
40077
32931
32933
42844
15338
22782
9723
9723
32931
22782
29732
29722
2178
22859
40142
42760
29788
40907
10809
40907
22878
25128
22778
6916
40907
19320
29732
40184
22784
9723
15310
15386
22859
36962
42885
2178
15337
40907
9723
9723
15397
29710
29754
17717
29712
10714
15408
15061
42844
22861
22778
22859
42844
22859
9723
2193
22782
9723
15367
25128
42864
42886
22782
15177
42886
9723
15412
6956
9723
29732
22782
9723
29722
42844
42844
2181
42844
703
9723
42886
29712
29712
9723
22784
9723
15397
29787
15395
6914
9723
15310
42886
18009
4184
36809
42844
22876
25128
9723
9723
4182
42864
15324
9723
42844
36962
29722
22778
22861
6916
15398
36935
40907
36934
40892
22778
42886
15310
25128
29722
42886
15324
17723
42885
9723
29712
42758
29722
6956
17717
15320
2181
6914
15080
9723
2118
9723
29722
6916
9723
2711
29732
6956
25128
22784
4184
2184
9723
29722
9723
22778
4183
22857
10053
2181
9723
29722
9723
15386
29456
22863
29754
42886
42884
22778
6958
22782
15397
9723
9723
42758
29732
15336
42884
9723
40892
22782
2118
17741
9723
29751
22816
22782
2176
29699
40892
36963
29722
40892
15062
17720
9723
29722
36932
15311
29722
42884
23701
42884
10053
42749
29732
42886
15339
15395
36962
9723
22782
36934
40892
10053
42886
43100
29718
15334
10053
29722
33410
42749
25128
2190
9723
15062
15348
36932
40892
29732
22874
15320
6916
36962
15386
15080
40892
15359
40892
42749
6958
22864
43100
6916
40892
10053
22875
2176
15397
15367
36934
23701
15397
10688
40892
10053
15404
15386
25099
29722
23701
10688
37017
10688
10053
10053
2710
2183
29714
4972
15311
2710
2183
10053
15373
40877
43100
4162
40892
37017
6916
36962
10688
40877
2122
36963
14734
33410
23701
29751
37017
10690
37017
25128
10053
29722
29718
19255
42749
29717
42749
10053
15381
10066
10053
36962
37022
10053
33410
10066
2776
37017
14734
15331
42749
6898
10690
6916
15330
19254
15097
23701
10066
37017
42749
36963
2044
138
36934
15315
37017
37022
10690
29718
6958
40881
15314
29751
10066
10066
22782
36962
29718
10690
15389
10066
22672
10066
14731
2044
15333
10066
5477
2122
15127
10066
43100
15367
17719
43043
14731
954
36933
2183
42749
40877
22874
19254
15359
22782
43042
29718
10690
15169
37022
43100
15332
10690
15389
22816
15315
15333
2122
6916
43043
43042
10066
36962
29717
37021
36963
22782
40881
22672
29532
40881
15133
42749
5477
10066
29051
138
10066
22670
40881
15359
6957
17719
15347
15169
40862
2044
43043
10066
29051
2045
15373
5477
29751
15097
4972
37021
29718
2183
36962
43101
22669
19258
40855
43043
36935
29454
14730
40862
2122
19264
37025
15332
2776
29717
36962
15412
36962
5477
6875
29788
15397
15041
15389
43042
43042
2045
14731
42747
15373
43043
15127
40881
5477
42747
15042
22671
15347
43043
22782
29714
29717
40862
22782
22653
22782
22784
14731
40862
5477
43101
19258
42746
42747
15054
43042
29454
19264
36962
2045
29454
2127
2035
40862
29051
14785
43043
40862
36963
14990
42747
15412
40862
40862
36962
19257
40855
2043
40862
6957
15389
42747
29788
37022
14785
29788
36962
4131
40862
2776
22782
15028
2113
22777
40862
29751
2035
42746
19264
40862
14972
29454
15397
42747
9702
40862
2034
22653
22782
29051
42747
22782
9702
14990
29051
19264
19257
15127
15127
15412
42746
42747
6967
29717
15054
29051
17710
9702
9702
41732
40862
29714
36962
29788
43042
15041
15013
4186
36963
2034
9702
42747
4131
29717
6957
9702
22782
36962
2034
42747
43040
15397
19264
2127
6957
29751
15025
41732
14990
36962
29454
29454
41077
9702
22777
42747
22782
43101
42747
14785
10765
19264
41732
29051
15412
15127
15127
14785
15040
9702
15053
29051
14999
25474
29714
41732
15412
22876
10094
29052
2035
6974
39773
29751
36801
9702
22782
41078
14785
4158
6974
43040
25474
19264
22876
15011
17709
18994
6967
40996
6875
15053
6875
29052
8794
22782
42747
43040
40996
23573
29751
42747
41732
43040
19264
2059
42747
15013
36962
14785
22766
41732
15026
10094
14785
15043
15020
6974
40996
40996
36801
41732
6860
43040
40996
41077
2107
43040
2114
41724
29335
25474
40992
29052
40996
4352
36801
14999
40992
14785
41724
19264
22782
6860
29714
10094
11089
15053
15055
6875
14999
41049
15053
41724
22782
7775
15082
17249
40993
15045
2059
10094
6974
40992
41732
10354
36802
29350
17215
29052
10094
22782
29270
10354
15045
41732
6878
41732
14999
39770
41732
10094
36802
14785
8794
10809
10354
2109
22760
40992
2107
18994
14785
41724
14900
14785
41724
15047
17702
29349
18994
14785
15028
29366
18686
29260
7714
17260
23573
41049
7714
36802
15082
10809
15047
41724
41732
17215
4109
15044
2059
15047
40992
18070
41724
10809
41732
6878
2059
29052
41049
18685
41724
18914
14785
7714
41732
29371
17341
29352
40992
29274
40992
18993
40992
29359
6878
29274
4853
32822
18685
29274
41732
25269
18685
25271
2109
18686
32822
6860
17341
18685
14785
2109
3113
41050
41724
17334
6860
18051
19275
6878
18914
36802
29359
6878
41724
40992
41724
41050
40992
11096
41732
22761
41049
14785
18915
41049
41050
2059
4274
6878
29274
4274
7714
17702
32833
6878
29365
14884
14891
18915
14808
29274
14808
25267
3050
2059
3050
4274
18051
21933
32060
2109
41049
32822
29359
23593
3969
14808
2059
18914
4274
2059
2059
29359
14808
29384
10779
14785
17352
18685
41049
29384
29359
17334
41724
36907
18914
25269
18994
18685
14808
3969
14905
18914
2059
17334
18686
21965
36907
2059
7714
18914
18994
3050
2059
29381
18914
7775
2059
41050
6862
14860
2059
14859
29389
18685
41731
32822
29274
3050
3050
32822
17341
14883
14859
2059
18994
36910
41049
32833
2635
29359
3966
32822
29194
22569
2059
18914
4274
8820
3113
3061
36907
32822
36907
32822
32838
18913
41049
3050
32822
19275
14894
2059
17333
14808
18685
29371
17341
29260
41049
861
4146
14808
17334
29274
3969
3061
6862
32838
32822
924
14894
2635
21969
36907
14893
36910
21933
3969
7714
25293
14883
18699
14870
22042
14808
14883
19012
36907
618
2059
36910
3061
19012
22042
36907
32838
7775
14796
3061
17333
32822
28934
22042
3966
25279
36907
19275
14870
4360
19729
2059
22713
18994
2075
3061
32830
7714
29389
7714
32830
22042
2059
22706
2059
14892
14808
22059
22042
32838
14880
3061
18993
14797
17333
13000
29396
29389
14797
10962
4360
32838
29362
14883
21933
4360
29371
32822
3061
29194
17334
32060
36907
32822
3061
17360
36017
11093
2077
32822
13366
32830
13366
875
29192
29382
14894
4360
8603
32830
36015
14880
36876
19330
32048
11093
29362
22714
19275
25264
17242
22035
32830
22715
19729
17366
14866
13356
22042
663
25264
3061
32830
22706
2059
22042
4360
29274
4360
32830
28934
19729
3966
17360
657
14876
29192
32830
36019
2059
32048
32822
36170
33049
29382
17422
29373
14796
32048
22035
32830
32830
14797
29274
36018
19275
13356
22042
28925
14847
22035
36015
19729
2076
19729
14575
2059
14785
36713
36017
22060
4849
17334
36015
29373
32830
14867
23561
36015
13356
22035
22059
33053
13000
29192
13356
2057
10962
18993
29192
25264
13007
14584
36712
17225
14858
29389
17357
29206
12883
36017
2057
36712
36019
36015
12991
2628
14847
28925
29261
33131
32830
32830
12991
18980
25264
13000
8603
17380
32061
17247
11151
456
14592
1073
29214
36170
8640
5500
32830
12991
22039
12991
12991
32838
17244
36163
36714
2059
22035
12991
13356
456
36712
14591
29373
8603
36876
17334
19732
14797
22039
4849
17380
32830
1607
32830
18983
32838
29198
456
3173
36170
21795
29192
23561
2004
2638
29260
36163
2633
12863
14857
36015
10962
17422
13000
14785
36015
12883
17420
28925
13003
13003
2608
19275
19727
29214
32061
1580
19727
1607
28932
29214
456
32830
29396
6855
18972
29214
14796
19729
28928
1607
32839
29198
19732
2059
32830
29212
1073
17389
2787
13007
5500
22562
32838
1607
17422
1580
8640
22688
29261
21837
29198
10962
29373
36015
1580
36015
19275
27344
29219
456
17404
29206
21837
36168
29219
2603
873
32838
14797
8812
36015
28932
14591
3173
14794
19694
7795
2643
36168
17357
23617
1607
19693
17393
13007
17451
29206
1607
12986
25914
32061
17357
22592
12863
32081
36712
32838
13007
17392
3133
19727
19329
1607
21837
32838
23560
14785
19331
27344
12986
19693
19694
1580
36017
17423
32839
27424
27426
1607
19273
6845
456
19275
14788
25914
27426
12874
456
1073
14797
8603
12986
16576
19275
32081
19694
29290
29198
873
10962
36168
17420
25914
23608
6855
2609
14796
36015
36876
32059
36017
3173
859
2004
17225
29198
23607
27350
6845
8602
22586
2650
7721
19727
23560
29219
17389
12874
29231
19693
12864
12992
17244
37842
23610
1580
32061
23617
17233
3173
12874
14785
21792
27330
17414
14797
6855
25914
29230
36170
32839
19693
14796
17233
626
2642
12864
35985
29208
19726
25914
27348
14787
17444
31774
32058
19329
31774
29230
32059
8603
29198
2452
19726
12874
19694
29198
36876
225
32839
22592
11536
31759
19694
22593
19727
7792
19693
17244
13007
36015
29198
1073
14797
17431
32058
22596
3173
17398
12993
17398
8640
11536
12993
21792
3921
19725
2608
33869
22594
7476
11536
21794
14793
7792
18992
8602
36015
11536
17397
27344
17435
6855
25914
16584
12864
25914
27206
448
33463
27328
448
11536
8603
36879
12864
11536
1582
11536
17225
3932
12993
31784
36168
6397
16547
8603
32082
448
31784
36168
17244
11536
12989
7415
23347
27348
8640
33866
29198
21792
12864
11536
10952
12992
29230
19725
12993
19273
8603
1582
7476
7792
32058
6855
29198
27424
12970
14796
2451
6855
29261
16533
19275
16554
7415
31783
33136
10953
8603
2446
14797
2601
22600
36168
11536
29198
12864
27655
19329
2656
8640
1073
2650
33866
33463
14797
27413
16519
12864
12864
8603
7415
19275
14797
27427
12864
1582
27419
17211
7420
33869
14793
14609
12973
23620
33862
12973
21837
27419
12977
37764
12973
12864
28959
27705
6398
19329
14793
12973
12993
16555
25914
7415
27329
17450
7420
12864
27432
19153
2601
7417
36168
12973
19330
17426
17427
36168
32062
33869
17233
12864
23351
27421
12864
16990
9027
27329
27348
35985
12977
33136
1073
17013
32062
1073
19273
27624
14809
3217
31765
27397
1582
2445
2454
14526
36087
1582
36168
19570
32063
19570
31776
1038
17492
17225
23351
19570
27344
17450
4349
25887
12993
37763
7227
27329
1605
12993
32062
12977
6397
11536
11536
19578
27344
5460
27655
27397
1605
27573
23630
31776
6855
19273
2447
36168
19578
12975
16543
19581
31790
27316
6855
2451
3217
32062
5305
27432
31794
31777
2447
12975
1979
31776
17357
2447
19273
36921
17426
22533
27344
1605
19581
27620
6855
17212
17225
17451
14793
27584
27601
13143
19581
13143
27344
12975
19273
27604
30873
19330
225
36755
13143
23351
31790
12975
17028
17426
19600
8824
22534
14809
1582
32062
7227
27318
23310
19589
27417
13268
12977
17221
16572
27348
16527
27427
28953
30943
21890
32834
21911
36746
31777
7227
17009
3946
27641
12973
25791
12975
17451
33866
30873
25874
21890
3173
19273
13143
19578
1038
13268
27573
19578
33143
13218
36087
36788
19273
1073
13257
27329
28953
2574
21923
33862
30873
11464
28955
17091
23310
21936
12975
27344
37630
3958
18891
14793
31447
33743
36788
36746
19600
14514
19600
36751
11464
2601
36748
6779
27318
27316
19273
13146
30876
11464
118
3958
30873
25229
118
3173
25229
16509
13221
27329
27611
27432
14514
36749
13296
25874
22608
25874
13264
19570
22608
13145
17028
23496
17093
21856
21890
36748
7214
13296
13146
17451
17221
27329
3279
30943
471
12977
7947
25874
32062
25874
16527
25955
7314
1049
1658
13264
13296
8614
19578
13152
25229
27416
36666
13145
7314
8614
3279
33742
33712
19184
16509
17449
21889
17091
27584
36082
33742
21923
28954
19019
11615
14514
1
27427
13264
4899
14503
19578
7314
1659
21936
31441
11618
18891
14425
13226
4349
7946
25229
17079
1
2601
21910
30873
27318
11468
25874
6778
19273
19273
37483
30888
27318
37481
37476
37630
11618
27405
17093
33741
30933
21889
1073
238
8614
25389
30882
18023
19173
3958
19023
31559
13140
37476
3300
19661
36665
1984
19585
241
28772
28917
30892
37481
27477
36666
19176
5288
22696
11421
238
21906
25752
5305
241
33741
27318
21923
16509
19780
3279
25955
5068
8614
21889
5305
5068
18891
37478
25874
11627
17039
25955
14631
27401
13268
21906
21923
30864
11028
1984
23326
13146
28917
11627
19586
241
31312
13132
21889
13146
13146
5695
25389
5068
5695
13267
7389
241
7389
7216
16509
16509
1984
25874
25229
13189
31347
33732
18025
14514
31347
19181
19173
13148
11618
8614
33917
21889
5068
33029
14503
13127
25387
5305
37630
13148
14567
19662
27321
36699
17091
19586
8614
31353
13148
30866
25229
14512
32934
13133
31353
19184
25955
33814
7314
13146
31375
241
33784
13256
7314
13146
13264
31559
8614
3140
19172
27318
19662
16509
25955
5678
13228
21911
11627
21888
25955
19780
8614
19658
7389
8768
35977
18891
25874
33029
37630
13222
8614
31381
19628
11470
19627
19627
28917
13127
22525
37478
5695
13146
5695
19021
19627
27192
25878
14503
14503
31470
33743
8614
28917
19019
25229
7314
25955
17093
28918
13130
1984
27318
13146
13148
25752
19671
25955
25389
31438
21885
14512
30866
19627
31421
27391
21888
27379
11436
1047
37638
11470
28968
25752
25955
37630
35999
3291
13127
37513
471
31353
27370
13130
28816
16509
19628
27196
19019
11463
36059
31360
7314
31559
27370
8614
14420
239
21888
8614
14550
11472
13133
11618
13188
13140
27379
14503
4888
27566
239
13188
21885
31458
25955
25955
8614
8614
11436
13191
28904
5695
13140
22525
35994
37644
25387
239
14503
37643
14627
13148
112
27368
25791
7331
13145
8614
14511
13191
13118
19627
14503
13207
7314
11615
18023
33814
8614
27370
31359
14556
3290
37512
11436
33732
31619
13127
37512
13188
25389
37647
3290
13148
7389
35979
14512
13188
25229
107
21888
1188
25752
11463
465
33317
107
27566
7990
35979
13181
31548
14550
3329
19628
1036
33729
37693
8614
25928
25229
35994
35994
8614
3107
37647
14512
28904
37513
610
28981
30975
11472
13130
14500
239
33726
14493
3944
239
6359
7319
8614
27566
37729
19674
19665
6518
25791
33318
27368
239
28864
28968
31348
8614
25389
31335
6429
27932
27391
25955
13181
36679
13127
31386
11431
19172
25791
14530
19172
13127
31342
35994
33029
18023
1188
11459
14429
25928
31387
37729
25354
27607
3300
5953
8964
19627
14410
11435
31666
17093
33324
13148
31351
19628
16509
36726
13202
27200
1036
5339
8614
18025
11526
14643
27928
10908
30981
28908
19661
13127
31667
14535
13133
6429
33727
1654
13189
33326
3168
28826
21888
18850
28818
19661
19620
13132
27566
27932
465
36692
28871
19138
25926
18758
1036
14627
3107
28980
5291
8614
27932
25795
27932
31387
8614
27369
28820
13131
3107
13181
27377
1221
8614
35994
5953
25752
31624
31666
19217
31339
33732
238
19628
27931
4951
14619
13133
14554
11472
13188
27932
19620
19219
18023
8614
7963
7736
6430
8614
37729
14554
27391
13112
31624
37729
33822
14420
14536
37729
5674
14530
36662
33029
28911
33333
14410
37729
33315
25229
28853
28910
1036
17093
31624
28867
14426
1036
33829
27931
27566
3165
6518
28979
13127
19217
25359
1650
6426
36692
19219
19620
10910
5072
13150
21888
31666
14418
19628
25355
19663
21900
6516
4951
37622
36726
13112
1007
19661
33822
28827
27369
13133
21900
25926
28980
6516
13191
36316
21885
28772
27919
27607
31666
4951
21903
1640
28895
14555
31331
25229
25824
14627
28849
25752
6430
31624
37729
28967
28824
25752
464
31546
31624
31624
6786
36688
37733
27566
31331
27931
14493
13202
6430
33333
18059
6516
6516
21900
14537
1141
1650
37624
28851
6430
14390
8613
3107
6784
14390
1221
13112
6531
14389
1650
37729
31685
25824
36673
25928
19663
31524
13133
25324
36490
1640
6531
25752
6516
19690
13133
31521
3948
1036
27566
33157
31334
14426
5072
5291
27944
14543
28805
4916
609
11497
1955
28755
13514
10910
13186
28966
25752
13181
37733
37729
3291
1640
35994
22494
25323
37733
28852
6014
28772
27356
13710
37726
9008
3168
13188
33181
31624
25324
33333
25773
13186
37733
36648
25851
3291
22495
14420
36316
19121
22500
36689
13110
25295
25752
14428
27944
31524
3085
31334
19690
6516
13514
14410
33828
27944
19620
37733
36490
28824
25752
6725
31299
6725
7961
5443
11437
13133
13133
13514
31624
27607
31687
27473
3948
11437
33280
25752
37736
36671
6732
13516
28833
13705
31299
1654
13514
13198
31521
11514
465
27925
31687
6516
37736
31624
27566
27566
27460
13133
35994
25824
37734
13710
13133
36490
27373
27356
3948
9020
36659
13758
13133
5303
13178
28819
36770
27459
1731
11436
27922
6531
13518
25300
8758
7395
6531
31299
28784
31524
13099
27473
14410
28962
6788
31687
13716
33828
6420
27566
18179
1731
6752
31687
1949
25405
28819
7395
4916
6756
599
6521
4090
6732
13757
31334
5795
7395
27924
5303
13516
7395
25405
11514
13710
28763
27566
31323
13707
25824
6516
28843
6420
27994
13514
27356
28901
6516
22498
11514
13178
14398
28782
31687
13027
1950
13710
7963
27549
27369
6635
27460
37737
33274
25676
11436
19620
1955
36034
22501
31334
13198
32213
6732
6531
13705
13769
31334
9008
5072
13178
18761
13707
33275
1654
28970
3948
36033
27994
1785
28843
13518
28809
31687
13178
7395
13115
32996
27921
36490
31526
27549
28823
33800
7395
5072
31528
6740
8758
1947
13514
33766
31334
6521
33804
11497
228
1786
228
25845
11426
22150
19690
32994
31624
13112
7963
13712
25673
27987
11075
5958
7395
22502
5931
14395
7395
1954
13515
31624
27373
14440
6752
28885
32215
1735
11318
13714
206
14423
6751
27988
7395
25828
11287
31323
28971
7395
31323
13452
27934
8984
37884
1654
1212
33280
27945
6785
11668
36686
28777
6421
31526
28973
11077
1730
19620
3948
28812
11497
13690
32989
37884
13112
7395
25668
28052
7745
19620
28965
11426
27988
7395
11286
36352
31318
27373
7395
3286
31323
27987
11278
3948
28779
1957
1735
25362
11270
27934
11497
32924
27934
1786
33800
25861
28789
32215
11286
1786
6544
28812
28052
25408
1735
11073
33682
31526
25856
33804
13112
13714
31323
27296
11286
27921
7395
32215
7395
18710
19236
7395
11074
28761
28823
27984
4842
18058
33800
11319
13521
22151
5298
8984
31323
28065
13664
33682
11311
19619
33800
5303
37884
27474
36641
13690
33360
27460
32216
8984
28052
27937
1954
5038
19230
11311
19620
33673
8984
28052
31318
33186
28046
28033
37423
11268
33674
13178
33677
17525
27520
14434
31868
28751
27474
19690
5062
32216
28036
11428
8597
13530
1733
1212
32216
8754
11658
36329
32216
35993
25655
27921
31323
7291
5298
28100
5062
33673
25407
11634
6545
19526
3064
5955
37423
25715
13766
22199
11692
22199
1066
11524
28036
25986
31323
28107
22167
5839
19144
28749
7291
19677
13675
22199
32216
13105
5648
4867
33385
32216
1730
5737
13527
33186
17546
1783
37886
22199
19678
13529
27985
3333
9057
28752
592
27986
25986
36329
36329
27984
33821
31217
19518
27459
28762
19240
7748
13755
2674
28812
13669
11668
11662
27460
6526
4001
31319
22199
17496
37886
32218
13518
25671
978
3333
17540
5960
4960
33759
36321
36031
33759
3195
13452
13453
5990
27460
22131
11524
27528
4894
11658
11658
36327
28750
208
28036
13452
32217
32988
22199
18761
3256
26006
4867
31217
17541
13452
19781
3257
13546
8607
25986
32181
22199
33684
22199
25403
28065
13666
11643
32229
17536
32218
13451
6540
1184
6028
11643
17552
13538
11647
13653
17541
31323
7738
13465
25123
7434
8676
11426
31323
36327
13669
195
2678
27960
8607
6037
19240
8607
11658
11283
17520
31302
13466
7809
4846
19803
19144
33374
32217
36327
1763
22215
19786
32218
19803
4867
6541
11330
195
11330
11426
195
11288
11633
17556
33381
11642
18953
13451
32217
19116
1254
31872
6526
25655
28099
8597
11648
7738
32218
28105
5991
36652
3255
6541
11658
13451
32218
6026
32231
25716
31000
32289
8676
13510
13474
5737
37872
25829
260
6540
13451
11275
32289
11630
18956
27872
8753
17496
28066
18952
6033
196
13571
18761
32233
1741
25991
1715
5340
17520
6541
33662
19114
31892
19803
37787
11288
31319
27960
11322
19803
25756
6526
8676
13565
6037
4846
32231
196
13540
19538
36368
33104
13466
1763
13019
1763
1730
6541
32185
5991
32277
7762
27793
13465
28107
6404
32218
4016
26005
19538
32289
6034
6524
17565
2676
13666
6556
33371
4373
7510
33637
25716
19097
27872
13019
36327
196
6540
7923
25620
18958
5838
25756
21819
8676
13477
6541
11330
7439
33635
33377
1943
5911
37888
11288
13575
6037
19113
33101
28044
27364
5911
26024
33283
7809
22129
531
26024
23389
11664
499
7923
17499
28105
5906
4846
11678
11288
13449
7923
11263
36327
28410
2680
32231
28044
25647
11288
590
37892
1739
22138
28044
17570
36024
19097
13019
36327
28044
17577
13466
37788
25756
6037
16673
27452
4374
19538
5297
8676
13019
5297
505
33643
22129
5906
28726
28044
7923
7923
31873
1723
32273
13467
11678
25608
35966
13477
25716
27439
13488
11678
11322
13598
13493
7525
9059
2665
11664
25984
28107
37889
17499
33105
19799
30986
6405
7923
19097
17581
25980
11678
13019
25301
102
12933
13467
22129
25760
33260
7928
37888
37891
19479
4087
26030
31883
7809
33700
33258
8676
11288
4001
17588
27950
25716
27364
37892
7510
25400
27970
13680
25964
11685
116
11664
7446
21821
37891
27859
11323
7919
6556
27453
1944
25144
33628
37893
33643
13572
25759
31891
37795
31896
28044
13680
13459
27870
13465
25756
37876
22174
25608
27947
11383
28410
13467
11379
19515
13467
25966
3274
36327
13680
22289
11379
8751
35966
7919
13597
7245
116
33107
13488
32205
27364
36327
13680
32277
17587
11261
6503
25690
13680
5905
17582
14379
23659
12933
27872
33629
11379
37876
27970
31875
13476
36327
13679
27856
11671
25627
2487
18715
25627
22174
7762
27970
33629
3274
3274
25627
6503
32242
36027
31485
11393
25690
33105
17593
13680
32250
2682
33105
27445
27871
13679
27859
31030
14384
27886
7828
27970
13680
31260
25756
214
19093
25700
36506
22142
11393
5341
7828
13680
7446
31485
33105
27856
25960
5905
37881
11380
214
27858
7822
13496
33700
3274
3274
27872
19515
17602
33105
1161
27864
13886
25756
31053
36276
11398
25303
1724
9059
37880
22174
32205
5942
33922
5337
5942
32250
25610
16705
14207
25627
18714
6637
27796
31897
11026
3274
33922
11398
2687
14370
36295
36627
25400
11391
7250
25700
22142
1181
27887
33629
32276
25700
508
19169
27364
36633
22174
11393
3275
19093
36296
37880
37893
19561
25700
25984
13021
23394
16707
11390
19557
27857
37891
33700
8720
36296
25627
37881
213
17598
31033
19511
36295
6367
36276
33260
11381
19563
5905
19561
25700
25700
25718
18162
32250
1045
25627
11258
6511
28092
17573
33922
16718
16655
36301
33700
17901
5650
31260
27875
31923
11390
13499
10905
6552
7822
37881
31005
33700
19510
25700
7245
19563
31246
4341
7739
6713
27364
25222
37534
32251
2685
7822
7256
31484
216
36274
11390
36308
4039
17614
25627
11414
33700
11404
27902
28720
11347
5036
1724
11395
11390
944
7822
19559
37671
17612
17873
6507
27899
4341
11414
28630
25718
27853
7245
33700
588
3276
11381
23757
9063
25350
10905
31230
13509
23400
37667
32263
33026
32196
5047
28096
11371
27877
11414
1904
32901
11381
19475
27275
5036
31246
6491
1175
36304
27887
32284
31033
33202
23747
37539
11347
27785
4341
11414
17608
16727
27364
14215
19473
1823
28576
11414
25224
11390
14242
6514
10906
4341
31072
4341
6552
33700
14259
5947
2690
32246
27275
27867
36562
14205
33202
32316
32905
17871
23747
33202
11371
19565
28639
27867
7528
36298
6711
28577
5947
27916
216
28096
11414
17119
22247
27887
11390
31945
31473
33202
32243
37667
11400
5409
17904
4341
8671
27899
23747
1820
1728
2494
17603
31048
14251
32371
11400
33008
14218
27865
11400
11410
11418
11400
28630
32257
27275
27880
14211
32333
6552
27882
19088
5948
11418
6679
23674
36280
36278
11400
32343
27814
11410
33006
28639
36309
13796
7258
32343
11016
11400
31071
37930
2753
33256
2748
11400
11400
18883
11410
6514
23524
17119
36278
17119
37807
13739
37930
36435
17926
11400
13739
27814
7455
17617
27814
23753
13798
6513
28454
5409
11410
1044
25179
30173
33202
33305
4084
33006
31049
17904
11418
22243
17637
36313
32254
19103
28454
28459
18843
37930
11401
28639
7453
16726
2692
33621
23751
37918
18016
36278
28563
11401
7257
28455
19059
17923
28455
5572
528
23402
31968
17634
5025
11400
28446
13741
17116
14353
32333
7257
17116
27834
13739
5363
17620
4341
23764
5332
13741
28709
3261
13822
33619
33006
11388
28559
13741
27830
14197
28454
6500
18879
28620
17118
16897
37915
31977
2578
36618
28620
95
5572
23457
28594
13743
27845
23763
28459
36583
1817
2756
17116
14348
33006
17937
95
13741
28610
25215
5350
3149
37807
2691
28455
19128
31968
17114
13742
16739
36521
28481
11352
11352
37814
532
2516
27845
16902
32331
14164
36396
7532
95
6675
17107
23455
32311
2696
28454
19059
28630
31967
6594
22456
13742
32307
17114
4021
31957
17916
31085
33008
2859
13826
5573
10897
17642
25336
14197
23766
14186
31167
17932
36549
30169
28681
16760
17114
17642
13826
95
95
14327
31979
37419
28610
28620
14068
4947
25346
19505
17117
33008
31979
31167
37814
5350
14059
16897
23763
17918
37817
28630
30171
28454
22211
31972
7059
13742
30171
2525
28481
28561
23679
33225
836
28310
31092
7454
14327
7059
13893
28610
30791
37547
9066
578
2525
23769
31141
17929
14307
22214
13826
22256
28452
25118
17630
25133
16902
28459
13966
5573
16866
32356
836
28620
28434
30178
17645
1895
23520
7460
18720
6706
16866
17663
28610
17967
13732
36544
17643
23413
36572
36572
923
13789
2525
31980
9066
32324
6570
17666
17107
28621
30169
32970
16875
31972
6613
23521
36521
17969
16430
28688
16771
22387
14147
28680
31141
17117
30178
8731
2765
30178
36611
1838
16902
17969
4323
17117
32970
30169
22294
22256
28620
2765
36519
5770
31088
28679
33020
22431
16835
36519
5770
30171
36572
18737
17109
22429
1916
23273
4318
32324
28615
23682
30166
23451
1848
22429
33243
17667
14151
28217
13893
14306
17975
23775
22355
14137
6617
16857
16888
17671
28453
28481
2529
28687
6649
16873
17110
4280
30179
31098
22429
16855
22256
4058
23447
14069
533
25372
28481
32324
9066
17656
5572
36545
32970
14320
36519
30197
13944
8883
30198
826
22318
16855
6704
23449
30171
14279
36519
16875
16873
31167
8883
17666
33346
37553
28317
31141
23775
5419
36519
16874
5572
28691
31141
22302
923
6649
1845
16873
28687
16855
16835
14014
6649
8747
30189
33223
30192
28468
23447
30199
17990
25199
28217
2769
2769
1888
31094
17666
6
22355
23684
17646
36519
22360
17670
1854
13809
4080
14306
4318
23772
28686
30199
14071
23447
23684
37155
36519
25372
33020
23449
16868
16876
6705
31088
32880
33222
23684
19204
32881
19201
30192
14133
28484
30793
11039
7064
8746
16868
1918
30179
37919
7064
14312
16782
28453
31129
23772
33243
8746
31102
28481
6609
33346
14309
28484
28521
2769
30189
13918
14302
14311
33346
31141
11039
14085
30191
36519
36467
6649
16801
6649
2761
17990
5802
13808
30189
23431
16822
28173
4076
30193
37556
28484
30777
2769
4076
28316
914
6649
7271
28286
14014
5828
6589
33222
14285
8692
1854
36386
31103
829
6619
1881
36463
1874
1918
28173
22444
13996
2785
32880
14314
6561
1836
22443
13837
1918
32880
28166
14297
14298
28173
1845
14124
19201
28506
14087
18153
13908
28507
17946
28484
13929
1926
30202
8725
28156
14285
2420
6656
28481
22444
8706
8882
28175
25372
28173
36377
16830
14008
14124
17977
16818
923
14285
28315
36413
2420
25182
16830
22366
19034
22438
14087
30189
2511
36477
580
16815
28173
28503
6656
923
28489
19063
37158
28484
5359
28175
17976
28477
22434
4034
13996
5827
28320
22325
23781
16816
28491
6663
6581
35872
17949
13853
17942
6660
5802
16808
7062
19063
7062
19034
14094
14127
18818
18156
5374
36374
6607
6581
1879
828
4938
14127
14277
28338
28496
17993
14128
30162
28492
25182
36532
33219
28502
25384
28131
923
30162
22312
36458
15815
28128
35846
28120
15810
28307
2769
8689
33217
14112
2769
28121
28122
22269
15815
22372
5828
15810
923
28150
36450
923
28189
27099
18739
13852
28348
23775
18866
5804
5763
28307
28294
15817
13929
15808
923
19208
15834
28392
19208
33268
15834
18743
28376
28346
28392
8698
30162
35846
28194
30162
14027
22333
36478
35846
1812
27099
552
15827
28352
15810
5378
2295
15834
10795
22427
27098
13960
28255
15828
5804
14034
5763
28188
5828
25384
28392
28376
30162
5383
27099
15827
6615
2287
18826
553
28326
18944
36485
10991
3918
25205
18944
27099
10991
5763
28382
5763
28382
27096
27094
10868
15828
5804
27094
10795
5804
27096
10867
28324
91
18944
28324
8560
10868
21782
27183
28300
28382
27097
10890
5279
27155
5279
27177
8560
27157
91
10989
21782
21773
3918
18944
12817
21706
5804
18944
12757
27156
35926
27096
12725
27094
10986
5804
10868
27119
27094
27153
12757
35926
27159
12757
6344
20474
27119
27159
27177
20375
12723
35893
10868
12757
3918
18138
8560
27178
27096
20381
21684
21771
27178
10868
27094
25117
35893
12717
21664
20474
3918
10986
27153
21684
21664
1569
21072
12818
35893
12717
21059
21066
21734
10868
35826
25117
21704
27094
35884
27094
21078
27153
21059
21659
3515
3513
12821
21664
8566
21064
3689
35893
20381
35883
20474
35853
20974
20469
3689
20381
35826
8556
20469
1572
3689
20471
35883
35893
18118
21658
21059
20471
35883
21059
21738
8573
3515
21738
27097
35878
20469
21738
35837
21660
21059
27052
21645
21637
21034
3689
20472
20471
21059
8552
3689
3513
21032
20974
20377
21059
20376
35803
27027
35797
35882
20471
18137
8552
21646
35813
20974
21059
35853
35803
3886
35815
20974
35146
35803
35803
3689
35205
35803
20471
18137
20375
35874
35803
21030
8347
20469
35119
20374
21059
21032
21641
3885
21059
8361
20472
35797
20380
20471
20472
20472
20471
21030
35802
8552
21059
8142
35798
18639
8176
2847
8369
8352
8178
35119
35800
3481
3647
3697
8556
21638
21645
3697
20783
3514
18637
34522
20469
2847
3697
3885
20968
3514
3697
21639
21641
34611
18637
8176
34995
8361
35790
8548
3488
35171
20968
21647
18672
35805
20472
35789
20783
20467
34976
3882
2846
8548
34609
18099
3697
35141
3481
21029
21050
35197
18136
20467
3514
8324
35805
21640
18672
3488
20449
20451
34607
20792
20933
20467
8142
35782
21635
8550
21082
21029
8178
20467
20451
8544
21082
34607
3017
21050
18676
20891
35777
3884
20467
35787
21082
35787
21051
35785
21621
20451
18564
35785
21624
35785
21627
35786
21625
34517
20467
35768
34545
21608
34607
8177
20988
34612
21623
20451
21632
34607
8366
20448
21082
34612
3703
20879
35027
21633
8546
35773
35786
3482
20816
2845
8546
35133
8160
20446
21633
34607
18666
20451
21081
35770
35785
3703
35027
34614
35226
20419
21616
34528
34592
3482
35768
21614
8172
8160
21083
34587
35781
8547
34592
3487
3686
3878
35776
20448
34543
21617
35768
34614
3711
8545
8172
3508
8172
3880
3711
8172
35774
35781
3877
21056
21024
2845
21619
3880
20420
35778
3601
34589
35761
8172
20388
8545
20445
3487
21559
21559
3658
3508
34614
21611
20450
21081
35772
21618
35781
8540
20720
8358
8172
21618
8160
8172
34589
8547
35780
21084
35771
3601
3711
18581
8172
34560
3508
8172
21607
21056
21559
34524
35754
21559
8542
21559
20445
21558
35779
8172
21610
34589
35772
35771
34589
20419
18666
20450
34540
21087
34591
20994
34597
21558
21618
3508
3579
20722
35754
35780
34589
34589
20721
3601
35228
35779
34581
20690
35763
21054
20721
35772
20389
21559
20725
35771
34561
2816
8171
35772
21087
3867
20445
34544
35759
3601
8375
34597
35653
34589
2816
34597
21559
21587
35767
35780
21087
34597
8541
35530
21559
35780
21618
34591
21026
34531
20394
34561
20725
3506
34776
35780
3494
20725
35758
34541
34591
3867
35780
20721
20689
35763
21502
34597
34594
3601
35767
34527
2816
20635
3602
35757
20725
35760
35764
3867
20455
8541
3494
8150
20725
34591
3510
20727
8543
20727
35733
21587
8543
35767
35758
3602
34594
35635
3867
8242
34597
34597
34776
20398
3602
20725
21087
35757
20727
20426
20598
20636
3602
3493
34560
34591
34594
3506
34594
3602
35765
20727
20633
21435
21087
34597
3602
3602
18097
35230
8543
20458
34540
3602
3572
4282
34595
20724
35230
34567
34542
3602
32786
35758
35764
20730
35766
35766
8156
20727
8173
35735
8146
20730
34777
20568
3842
35765
20598
34594
3867
34530
3511
3602
3873
3602
34542
20724
34594
20632
20688
21085
3867
34835
3578
34595
20727
3602
35735
21592
35764
20693
34535
34593
34536
20459
3489
34830
34594
3595
34595
20413
8173
20727
8505
20727
8149
8146
8173
21592
34594
18097
34773
34594
35764
21435
20616
8264
8257
20565
34863
20730
8173
37426
21398
21564
8241
3489
20727
34595
3602
34593
8229
20730
34556
8149
8264
20699
3602
34602
34773
34534
21563
20634
20730
34594
20413
20629
8264
35735
20730
20733
34830
34773
21588
34862
35543
3596
34552
3552
35309
35527
20597
34536
34833
34563
34602
3571
20462
34602
34593
34863
34593
18086
20726
20691
34533
20733
34596
8258
3766
3726
34739
37426
3496
8258
20465
20416
20614
34773
34593
20733
35713
3500
20699
21376
20423
20730
20730
20629
21088
20731
35587
3811
21593
3554
8241
34598
20428
34600
18086
34770
35339
20730
34739
8258
3564
34834
20416
3763
3577
34834
20729
20738
20417
8264
20731
34559
34593
20733
34598
8148
34864
8419
34863
34602
3499
34866
34571
34602
3779
34754
34602
8945
3503
34771
34864
20738
34602
21377
34598
34771
20735
34559
8417
8264
8228
37431
34598
3596
35660
34775
37453
34865
20738
20577
34864
8265
20558
34864
20731
34771
21563
20697
34601
34598
20734
8240
34600
20735
3766
35456
3755
34841
3766
20612
34841
34604
20631
20630
34756
34602
20596
20631
8174
3555
20738
37430
21602
20735
20731
3547
8174
8240
8264
21377
35722
34754
3779
20735
3547
2807
8174
34864
3503
34864
34865
20417
34601
3763
34840
20610
8228
20731
34603
21293
8265
3766
34558
8216
20738
34865
34865
34771
20705
20703
34832
34606
8406
34865
18087
8259
34756
3871
20581
20626
8380
34868
3604
20738
21310
34771
34603
20705
35379
21205
37430
20740
34865
3604
8240
35674
3727
34706
35356
34772
20609
34864
8259
34868
34767
35671
8265
3766
3604
21185
3604
34871
34832
8216
20742
21606
18087
3576
21549
8235
34756
35749
35237
8444
34871
34845
21235
8383
20595
34767
34874
34838
34845
21272
34867
8259
34874
21202
35236
3728
34705
18087
34756
21296
21598
34713
34767
3597
34698
35414
34838
8266
20627
20595
34873
8239
20604
34713
8266
20742
34838
3546
8397
34737
20710
20628
34845
34714
8420
34699
34837
3776
20606
34867
34768
34708
21549
34867
3605
34705
20707
8469
34707
20739
3786
8239
3520
21255
35273
2808
35382
21274
8239
34870
20628
8451
34846
34713
34751
34845
34879
21209
20708
8436
3562
34714
34879
20588
20741
21209
8239
35408
34844
34753
3526
8218
34837
8539
34700
20574
3550
20580
35407
20708
34879
20748
8218
34712
34737
34751
20708
20744
20594
34764
8260
34875
3791
3778
21267
34711
8445
3519
8226
8239
34764
20594
21209
20706
20601
34879
20747
35398
34837
8215
8260
34719
34844
34753
35395
34719
8211
3599
8239
34851
21244
8227
3786
20744
3526
35363
34710
20714
18088
8233
3575
20747
20706
34748
20511
35744
34848
8538
18082
34717
34764
34878
8227
3575
3778
34764
34715
8219
34748
34878
20603
34851
20490
8227
21126
34717
3599
35269
8224
20744
20490
34849
34701
3532
34764
20746
34848
34724
20591
8184
34848
34881
3574
2809
8189
20602
34634
20584
34878
34701
21126
34848
3561
2809
34849
34616
3607
34724
20713
8182
34716
34724
3599
20501
34849
8189
20620
20591
34883
34727
34720
3567
3567
34701
20713
34716
8179
20584
20599
34745
8268
3567
34765
3560
20711
34626
20600
20593
20521
34847
34640
3531
34653
8224
20504
20713
20516
34849
8220
34636
8188
20591
20501
20548
20719
34720
20600
3560
20719
20675
34720
3567
20514
34883
34849
34644
20521
34655
20716
34885
2810
8224
34642
20687
8195
20621
34849
34721
8221
20622
8224
20687
34654
34882
8221
20544
34742
34658
8213
34882
34763
34651
20507
20589
34727
20718
3534
20685
34656
34742
34671
20760
8263
3544
34667
20534
20668
20684
34670
34763
34860
8192
34728
8191
8192
20717
34763
3591
34728
34741
20532
34670
20539
3534
34673
20534
3573
20760
34667
34731
20671
8221
34662
34740
8199
20617
20758
20539
3590
20543
34858
34759
20535
34763
34725
20683
34663
8202
34672
34894
34690
34731
20760
8230
8214
2803
20683
20682
34685
34666
34740
20638
20542
20617
3590
20672
34858
20663
20551
20663
3608
34826
34692
20554
34740
34690
34694
34730
3588
20672
20640
3583
20756
34691
34804
20640
34682
20757
18085
34827
20638
3588
8214
3588
20672
8214
34806
34693
34895
34900
34816
34822
20654
34807
3545
34811
34821
3588
20645
34760
34808
3588
34812
2815
20661
20640
8255
34803
2804
20659
2804
34807
20655
34695
20656
3585
20651
34815
8243
20756
3588
3584
34899
20642
34783
20664
8251
8255
34898
18096
3586
34896
8243
8247
20661
34899
34805
18091
34899
34780
3587
20658
34897
34896
34790
3586
8245
2811
34802
3585
34823
20658
34787
20657
20652
8250
34795
20648
8246
8246
34797
34788
34792
20652
18092
20657
8250
34794
18093
8250
2814
8246
2813
34798
34801
2814
34799
8250
34799
8250
8250
38800
38835
38211
33948
33948
19460
6040
33948
33948
33948
33948
25147
19460
19460
6042
19460
6040
