2232
2232
2243
1841
1839
2234
2232
2253
1843
2263
1834
2232
1834
2243
2248
4450
2304
4467
2283
2243
4450
2911
2894
2246
4363
4366
4346
2902
2306
2901
1841
1804
4593
5035
5042
4346
5042
2934
1834
1825
4360
4593
4450
5038
2312
4593
1839
2959
5034
2908
2913
2232
1841
1806
5035
4450
4593
1803
4593
4346
2306
4366
4593
2236
2522
5041
2906
5038
1759
2918
2263
2513
4363
4450
2283
2909
4593
2914
4589
1806
1806
2959
5038
2902
1759
2502
4593
2313
4593
1759
1846
2936
1773
2240
2230
5034
1772
2528
2519
2501
1820
2948
2509
2948
5041
2501
4771
1843
2964
2265
2239
2520
5034
2250
2964
4807
2907
1772
2465
1801
1801
2465
5041
1773
2465
2493
1834
5034
5034
2914
1759
2523
4346
2456
4346
2915
2906
2531
4593
4366
2510
4593
4798
5037
4363
1759
2306
2465
2456
2934
2313
2509
2903
2233
2493
4892
2960
2500
4807
2949
2903
5037
2442
2265
5038
2532
4348
2493
2494
4593
4810
5034
4911
1834
1772
2498
4911
2936
1806
2465
2506
2889
4911
2235
5034
2465
4448
1772
1772
4449
2314
2442
2259
1772
2466
1773
1759
2520
2306
2456
4346
2314
2522
2234
4589
5034
2305
1801
4589
2466
4465
2265
5034
2531
4364
1834
2885
1806
2895
1839
2509
2230
2465
4892
4772
2442
5038
1839
1759
1759
4911
2232
2489
2250
1804
4593
4346
2456
2935
4593
2494
5034
2493
2949
2908
2901
1841
2442
4786
2884
2230
5034
4809
4911
4593
4798
5034
4593
2266
2917
4593
1820
4809
1772
5041
4912
2906
1759
4810
2259
1806
1773
5037
2442
1772
5034
4593
2442
2306
2231
2236
1834
5034
1772
1773
4909
2949
2528
2456
4911
4593
2510
2442
2305
4912
2888
2305
2468
1846
2314
2464
2935
2885
2465
4912
2908
2934
2314
2894
4348
2520
2532
2466
1804
2465
2913
2917
1839
2466
1772
4809
5034
4593
4798
5041
2493
2493
2512
2466
2489
4364
2442
2243
2284
1806
4593
4465
2914
1759
1801
1825
4909
4593
2500
2520
2956
2903
1759
4589
2442
4449
2935
2305
2528
4593
5037
2468
4593
2901
2249
1759
1772
4897
4346
4809
2263
2492
1759
2442
2894
1772
4593
1834
5034
1772
5034
1772
1825
2498
2456
2267
2493
4448
2442
2513
2501
1772
2465
2442
2492
2935
4593
5041
1839
5034
1773
2248
4593
2931
2466
2465
5034
1839
2233
5034
4364
1843
1841
1801
5041
4593
2486
1759
4908
4593
2886
2936
2931
2502
2931
2230
5037
2914
2465
2935
1806
1772
1773
5034
4465
2901
2232
1772
2260
2267
2931
2230
4364
4593
5034
2522
1759
4589
1843
2244
4465
4897
5037
1759
2935
2236
2442
2456
2442
2960
2947
4908
2456
1772
2442
2442
2233
2493
4348
4910
4593
2442
4589
4770
1841
2947
2232
1772
2931
2305
4908
2230
2465
2947
2300
2509
2314
1772
2259
1773
1808
2943
2489
2894
4808
2501
2897
1834
1825
4593
2882
2903
4445
2947
2895
1841
1801
2889
4909
1772
2935
4910
2456
1846
2506
2231
2931
4443
1808
4908
1773
1806
2528
2512
1839
1796
2906
1773
2244
5034
1759
4348
5041
4465
2456
2491
2494
2897
2231
2456
2962
2240
2498
4912
2230
2529
1801
2230
1796
2910
2231
2520
4592
4897
2456
1820
1843
2522
2493
5041
2889
4448
5036
4799
2305
1839
2230
2465
5034
1801
1843
4592
2897
5041
1759
5034
2492
2935
2909
2244
2936
1839
2465
2502
2239
4592
2490
2489
2529
2884
4593
2903
2909
4592
1806
2906
1846
2300
2261
2300
2529
5040
2498
2306
2502
4365
2889
1825
2512
5041
1834
2502
2502
1801
4592
2235
2231
2249
1834
2484
4908
1825
1796
2917
1806
2506
2903
2266
4364
4770
4445
2513
1808
2259
2943
4445
2250
4466
2914
5034
5041
2931
2486
2901
1843
2493
2502
2233
2498
1834
2502
1804
1825
2250
1848
2903
4348
2310
2500
2305
2233
2512
1834
2520
2532
5040
2235
2494
2523
4592
2239
1801
4796
1801
4592
4592
2935
2484
4592
2233
2491
1801
2914
2500
2884
2506
2500
2493
1825
2895
4910
4803
2520
1825
2500
1846
2484
1828
1846
2502
2947
2891
2235
2500
2931
1848
2498
2491
2233
5040
4443
2884
2914
4466
2498
5036
2914
2486
2520
4592
2888
2250
2259
4365
2300
2931
2520
4343
2239
2310
2906
1846
2891
2493
4893
2520
2310
4893
2486
2491
1859
4908
2520
2267
2901
2914
1846
2261
4343
5040
4445
5036
2305
4590
2890
2890
4796
4466
2259
4302
2300
2882
2897
4754
2300
2884
4893
2260
2486
4803
4901
5040
4808
5039
2258
4796
4365
2235
1859
4590
2896
2235
2260
4803
4592
2261
2932
4453
2885
4466
2901
2892
4901
2901
2310
2261
4862
4453
5039
4789
4443
2252
2236
4343
2299
2890
5036
2259
2891
2906
4583
2299
2888
2933
2239
4590
4583
4403
2906
2258
5040
2885
5026
2953
2261
2931
4907
2309
2942
4331
2252
2300
2900
4753
4882
2299
2946
2258
2307
4342
4343
4901
4583
2943
4453
2891
2299
2261
4882
4753
2891
2932
4357
2258
4357
4803
4453
2261
2890
2890
4439
4573
2258
5029
4460
4583
2309
2892
5029
4583
4331
2309
4583
5019
2261
2890
2299
4331
4882
2261
4357
2933
5029
4783
4583
5029
2300
2900
2892
2261
2890
2891
2307
2261
2261
4583
2946
4753
2307
5019
4439
2900
2261
2933
4573
5019
2307
4583
4460
2946
2261
4357
2261
4882
2892
4886
2942
4460
4804
4342
4758
2946
2307
4882
4804
4331
4342
4357
5029
4460
4783
2892
2892
2933
4902
4855
4753
4426
2891
2307
4882
2261
4753
5025
2944
2309
4321
4453
2891
5025
2299
2944
2299
4439
4321
2933
4915
4902
2933
4404
2933
2307
4582
4321
2280
4886
2299
2891
2933
5025
5025
2891
4562
2261
4886
2946
4404
2280
2261
5030
4309
4902
4574
2299
2891
4749
4419
2308
4419
4562
4750
4426
4356
4915
2946
2933
4332
2280
4916
5018
2307
2944
4886
2932
4582
4562
2933
4758
2299
4562
4886
2933
4582
2933
4440
4806
2299
2308
4886
4404
4333
4332
4859
4562
2308
2308
2307
4782
4915
2307
2946
2945
2933
4750
2299
4355
2308
4886
4419
4561
2944
2307
4780
2307
2945
4355
4419
2307
4561
4750
2944
4782
2944
4308
4330
4355
4780
5028
4585
2308
4903
4425
2946
4756
2945
2946
2946
2307
4561
4916
2307
4885
4767
4585
2308
2308
4885
2945
4420
2945
5028
4885
4585
5028
4916
4330
2945
4420
4405
2308
4885
4767
4769
4806
4561
4916
4916
4310
4330
4308
4441
4756
4561
4455
2945
4903
4903
4330
2308
4455
4330
4323
2308
2945
4330
4756
4308
4330
4756
4756
4756
4916
4438
4903
4756
4354
4885
4405
4764
4916
4561
4330
4341
5015
4330
4305
5023
5023
5023
4756
4420
4914
4455
4764
4906
4330
4337
4755
4330
4337
4764
4764
4906
4305
4337
4579
4764
4579
4764
4322
4305
4433
4913
4764
4913
4913
4764
4330
4764
4305
4784
4435
4579
4337
4913
4784
4353
4764
4305
4579
4899
4913
4913
4435
4408
4764
4408
4337
4764
4913
4765
4785
4337
4785
4337
4337
4352
4914
4899
4914
4338
4338
4337
4435
4338
4305
4785
4306
4906
4914
4765
4785
4899
4765
4352
4338
4338
4408
4765
4785
4914
4435
5021
4914
4338
4336
4765
4306
4914
4338
4305
4352
4914
4914
4785
4917
4352
4338
4765
4350
4899
4917
4765
4306
4914
4352
4338
4350
4917
4759
4917
4917
4338
4914
4762
4785
4338
4338
4917
4338
4352
4339
4917
5043
4436
4917
4914
4339
4339
4759
4339
4914
5024
5024
4336
4339
4917
4336
4434
4917
4917
4434
4339
4339
5043
4336
4335
4759
4335
4339
4351
4339
4339
5043
4759
4759
4759
4917
4339
4759
4339
5043
4339
4917
4434
4265
4434
4708
4708
4759
4708
4842
5043
4848
5043
4434
4339
4848
4848
5043
4335
4287
4993
4265
4287
4287
4335
4974
4287
4707
4335
4265
4339
4708
4707
4335
4848
4335
4708
4335
4265
4286
4265
4974
4287
4842
4708
4708
4287
4842
4708
4708
4708
4287
4848
4974
4848
4384
4298
4286
4848
4708
4298
4708
4708
4298
4842
4286
4265
4993
4384
4974
4842
4286
4277
4287
4298
4264
4276
4298
4265
4993
4264
4265
4264
4993
4708
4266
4985
4384
4974
4289
4711
4264
4842
4708
4848
4974
4277
4384
4710
4265
4840
4708
4708
4843
4710
4384
4298
4266
4974
4713
4276
4986
4289
4708
4387
4744
4264
4849
4277
4994
4299
4840
4264
4843
4713
4711
4266
4264
4711
4713
4840
4849
4390
4390
4744
4277
4850
4273
4277
4710
4713
4277
4266
4985
4299
4273
4299
4264
4711
4713
4397
4710
4710
4994
4277
4986
4266
4994
4710
4985
4368
4710
4843
4995
4986
4843
4745
4368
4399
4994
4289
4263
4710
4713
4711
4736
4713
4387
4273
4399
4273
4273
4390
4986
4541
4390
4995
4710
4710
4400
4368
4844
4397
4986
4273
4387
4273
4541
4262
4369
4709
4841
4745
4369
4263
4841
4709
4263
4736
4704
4262
4995
4288
4844
4710
4262
4541
4736
4844
4300
4704
4369
4704
4985
4709
4397
4724
4386
4386
5004
5004
4373
4736
5002
4263
4709
4704
4850
4995
4272
4369
4742
4704
4988
4272
4272
4275
4541
4275
4724
5004
4704
4705
4288
4258
4995
4400
4846
4400
4275
4300
4262
4709
4557
4262
4988
4702
4846
4733
4746
4702
4518
4377
4275
4371
4556
4397
4709
4734
4396
4385
4724
4258
4746
4275
5002
4542
4396
4705
4275
4542
4733
4272
4545
4720
4997
4983
4705
4385
4988
4735
4274
5006
4705
4702
4556
4272
4702
5006
4275
4720
4258
4296
4260
5002
5002
4705
4260
4371
4257
5006
4983
5002
4845
4545
4829
4518
4257
4735
4260
4997
4274
4705
4702
4556
4705
5003
4703
5005
5003
4556
4721
5048
4274
4259
4983
4706
4396
4519
4725
4817
4284
4845
4370
4706
4703
4257
4998
4301
4274
4274
4997
4706
4301
4845
4261
4725
4388
4544
4259
4706
4734
4519
4301
4370
4703
4296
4726
4274
4285
4274
4254
4728
4991
4396
4543
4706
4706
4259
4532
4706
5048
5005
4741
4285
4969
2924
4544
4821
4603
4837
4544
4261
4555
4259
5005
4548
4721
4254
4717
4967
4998
4271
4555
4370
4367
4271
4700
4727
4998
2924
4838
4544
5048
2273
4700
4271
4700
4254
4519
5048
5051
4254
2273
4998
4543
4991
4519
4271
4717
4294
4543
4294
4548
4967
4256
4732
4700
4527
4700
4725
4271
4700
4394
4367
4992
4254
4256
4382
4837
4548
4982
2925
4599
4732
4516
4700
4821
2273
4603
4717
4248
4740
4253
2273
4297
4270
4978
4271
2925
4718
4270
5001
5001
4701
4256
5001
5046
4700
2273
2930
4701
4517
4248
4975
4550
4732
4699
4989
4815
4718
4383
5051
4253
2270
4516
4701
4701
4283
4270
4382
5046
4394
5052
4269
2925
4701
4270
4699
4395
2274
4599
4989
4252
4989
2270
4252
4526
4701
4537
4548
4537
4248
2270
4269
5052
4282
4836
4293
4701
4740
4699
4278
4816
4549
4246
4602
4699
2926
4827
4380
4248
4740
4989
4699
4391
2923
4978
4978
4975
4828
4269
4250
4999
4252
4719
4602
4989
4999
4549
2277
4517
5047
2930
4719
5049
4999
4269
5047
4526
4989
2930
4279
4999
4293
2923
4999
4737
4524
4698
4246
4290
2926
2271
4836
4393
4965
5049
4737
2923
4536
4246
4514
4698
4246
4816
4269
2920
2268
4714
4250
4836
4524
5049
4391
2277
4381
2271
4267
4391
4546
4269
2920
4536
4698
4267
4393
5000
4737
4536
4246
4595
4250
2276
4990
4381
4729
4826
2923
4826
4698
4381
5050
4714
4279
5050
4965
5044
4990
4965
4546
4246
2271
4812
5050
4696
4714
5000
4696
4290
5045
4698
4977
5000
4251
4392
4267
4514
2920
2271
4391
4597
4267
4990
2928
4737
4597
4381
4267
4536
4535
2269
4250
4515
4247
4247
4279
2920
5050
5000
4696
2920
4595
4836
4826
2922
4696
4696
2271
5044
4990
4381
4535
4515
4813
4524
2276
4507
4267
4715
4392
4186
4737
4836
4547
4185
4977
4963
4696
4247
4251
4696
5050
4247
4812
2276
4267
4247
4392
4547
4824
4596
4268
4696
2213
4834
4596
4185
4990
4525
4251
4267
2922
5000
5000
4813
4715
5000
4247
4392
2213
4715
4268
4834
4696
4729
4696
4515
5045
4547
2212
4598
2921
4185
4515
4715
2929
4245
4194
4847
4245
4535
4268
4251
4186
4507
5045
4990
4596
4977
4834
4194
2922
5000
4392
4268
4814
4596
4185
5050
4963
4186
4696
4268
4963
4381
2213
4814
4977
4497
2921
4952
2213
4825
4249
4392
4697
4847
2212
4730
5050
4505
4697
4507
4738
4697
4509
4547
4186
4696
4730
2921
4954
4185
4716
4547
4716
4952
4268
4825
4392
4847
2214
4596
4249
4268
4825
4507
4952
4948
2927
4834
4245
4245
4180
4952
2212
4507
4232
4697
4245
4814
4948
2921
2214
4954
4195
2213
4175
4187
4952
4194
4194
4497
4497
4697
4847
4505
4185
4940
4716
2927
4697
4504
4245
4940
2921
4834
4509
4509
4507
4504
4245
2228
4232
4940
4507
4847
4504
4245
4946
2208
4825
4180
4195
2929
4223
2921
2215
4180
4814
4158
4505
4948
4948
2205
2921
4697
4738
4249
4825
4497
4509
4952
4954
4847
4232
4697
4954
2921
2215
4243
4952
4613
4232
4158
4507
4187
4158
4509
4509
4175
4716
4954
4834
4505
2211
2927
4730
4664
4952
4187
4180
4621
4615
4180
4621
2205
4158
4944
4651
4847
2613
2211
4232
4730
4664
4502
4496
4635
2215
4158
4671
4944
4503
4947
2228
4948
4509
4613
4508
4505
4232
2208
4953
2205
4613
2595
4243
4508
4944
4621
2211
4243
4684
4158
4651
4615
4502
4195
4627
4615
4233
4195
4223
4613
4951
4177
2220
4627
4664
4181
4671
2595
4181
4651
4187
4621
4158
4223
4177
2220
4615
4951
4613
4684
4496
4193
2208
4508
2204
2226
2595
4242
4502
4627
4503
4177
4158
4947
2208
4508
4613
4683
4615
4953
4635
4671
2610
2211
4187
4233
2604
4500
4177
2598
4213
4944
4635
4181
4181
4664
2210
2203
4684
4508
2596
4684
4622
4213
4651
2596
2204
4944
4176
4224
4671
2204
2220
4193
4663
4947
4943
4184
4181
2210
4614
2226
2220
4503
4622
4181
2610
4231
2598
4176
4508
4950
2612
4213
4193
4945
4242
4233
4614
2204
4242
4652
4951
2612
2220
4614
4950
4233
2596
4673
4943
2596
2204
4176
4682
4184
2203
2226
4224
4673
2210
4635
4636
4683
2598
2220
4673
4181
4184
4500
4683
4193
4179
2596
4622
4213
2602
4213
4943
4242
4614
2226
4231
4652
2598
4671
2163
4635
2201
4652
4501
4213
4176
4663
4614
2163
4181
4506
4506
2218
2201
4683
2612
4176
2588
4499
2611
4184
4231
4179
2602
4212
4663
2598
4666
4231
2603
2603
4224
4671
2207
2218
4184
4211
2207
2588
2163
4673
2602
2207
4179
4239
2201
4942
4174
4622
2225
2588
4188
2218
4178
4636
4500
2225
4614
4174
4212
2227
4179
4680
4681
2611
4943
2602
4682
4680
2218
4174
4193
4221
4663
4635
2207
4239
2597
2218
2597
2602
4241
2227
4178
4671
4174
4662
4499
4679
4681
2611
4174
2588
4652
4673
4611
4652
4681
4636
4241
4673
4211
2163
2225
4211
2568
4178
2207
2568
4174
2588
4231
4239
2611
4178
4230
2597
4188
4499
4230
2225
4178
4662
2601
2568
2170
4211
4611
2161
4650
2202
2601
4941
4666
2611
4178
4244
4679
2161
2219
2227
2170
4221
4221
4230
4679
2597
2219
4679
2202
4211
2588
2611
4673
2611
2209
4679
4620
2219
2209
4611
4676
2222
4188
4650
2568
4147
4662
4498
4941
2222
4681
4147
4240
2587
4662
2209
2587
4620
2568
4230
4211
4240
4244
2567
4681
4214
2597
2601
2162
2162
2202
2611
2202
4218
2611
4183
4208
4208
2597
4230
4230
4681
2209
4676
2209
2170
4183
2161
4941
4147
2611
2219
4620
4650
4676
2568
4681
4676
2567
4662
4147
4676
4673
4676
2587
4681
4941
4214
2162
2209
2162
4183
2206
4192
2597
4662
4220
4650
4218
2587
2159
2169
4665
2200
2567
4218
2567
4620
2170
4238
2200
2593
2159
4676
2587
4676
4655
4147
4655
4208
2159
4183
4192
2567
4208
4676
2206
4676
4237
4238
2611
2200
4208
4147
2567
2593
2593
2567
4629
2611
2167
4218
2221
4214
2221
2561
2567
4941
4677
4220
4677
4148
2587
2167
2206
4220
2567
4656
2200
2159
2206
4214
4148
2169
2158
2587
2159
2587
4662
4148
4229
2221
4677
4614
4665
4151
4655
4677
4216
2567
2206
4192
2206
4650
2586
4148
4182
4236
4655
2587
2567
4216
4151
2159
2167
4191
2567
4941
4183
2167
4617
2200
4660
2221
2200
2567
4656
2206
4191
4210
4229
4617
2158
2567
4941
4151
4656
4216
2160
2585
2558
4182
2561
4941
2169
2167
4677
2169
4148
2567
4941
2557
4677
2567
2587
4660
4650
4148
2607
4151
2607
2585
2567
4656
2160
2567
4182
4148
2156
2128
2567
2567
4210
2561
4647
2128
2221
4655
4146
4941
4217
4677
2157
4676
2567
2156
4677
4229
2558
2128
4676
2561
2168
2567
2555
2567
4677
2561
4150
4215
2168
2128
2567
4209
2128
2165
4191
4656
2160
2160
2561
4146
4676
4676
4215
2165
2567
2567
2224
2599
4656
2160
4209
4647
4235
2156
2567
2021
4145
4236
2224
2128
4656
4217
4150
4677
2561
2128
2157
2168
2217
2561
4677
2561
2561
2561
4191
4655
4654
2561
4616
2217
4150
2156
2561
4227
4647
2561
2561
2165
2128
4677
2557
4146
4656
4150
2160
4656
4677
2160
4190
4209
2561
2561
2561
2168
4690
2157
2155
2561
4676
2599
2164
4146
4235
2165
4690
4656
4616
4145
4227
4656
2127
4677
2607
2584
4190
4654
4217
2155
2561
2127
4190
2021
2554
4145
4215
4656
2561
4608
2561
4227
2021
4676
2166
1753
4215
4235
2566
4677
4159
2127
4677
2561
2127
2561
2127
2560
4616
2224
4647
2554
2584
4145
2224
4654
4677
4228
4668
2562
4149
4654
4647
2164
2216
4631
4149
2584
2607
2561
2560
2021
2566
2127
2127
4234
4145
4647
2560
2562
2552
2021
4189
4189
4189
2560
2021
4656
2021
4494
2164
4228
2583
2127
2554
2216
2566
2155
4150
4159
2560
2166
4690
4675
2223
4939
4690
2583
2021
4631
4145
1752
2560
1751
4668
4495
4654
4145
4608
2166
4145
4494
4159
4149
4495
4647
2127
2553
2166
1752
2552
2540
2583
2126
4690
2127
2566
4675
2223
4173
4608
4668
4159
2565
2562
2565
4668
4939
4654
2020
4656
4145
1751
4159
4145
2339
2559
2223
2583
4234
2540
2562
4234
4159
4675
4630
2020
2126
2559
2565
4608
2339
2129
4494
2020
4654
2126
1754
4228
4199
2339
4678
4475
4638
4234
4949
2126
1752
4690
4923
2879
4199
4630
2140
2140
2583
2223
1754
4690
2126
1752
4638
4173
4490
4678
4156
1751
1751
4478
4144
4478
2565
4156
2129
4156
2553
1754
4638
4949
2551
2582
4630
2540
2540
4144
2339
2199
2154
2020
4144
2551
4608
4939
2337
2020
2126
2129
2154
2879
2199
4490
2340
4939
2129
2337
4173
4678
4638
4949
2129
2559
2140
2154
2337
2338
2565
2199
2340
2140
1738
4638
4475
1754
2340
2879
2126
2338
4173
2020
4923
2154
2880
2582
2879
2540
2126
1737
2337
4199
4490
4923
4607
4607
1737
4144
4144
2129
4686
4478
4490
4927
4199
4475
4490
4144
4949
1738
1738
2199
2015
4645
2879
2563
4929
4637
2880
2563
2140
2019
4475
2539
2338
4156
2340
2880
2129
2550
4637
2139
2550
4686
4927
2340
2338
2125
4490
2019
2563
2582
1749
1738
4143
1749
4199
2015
2563
2879
4144
4475
4686
4922
4490
4172
2125
2539
4923
2125
4478
2879
2338
4607
2153
2785
2340
4929
2153
4607
2324
4686
2338
1737
4155
2879
4927
2015
4645
2563
2198
2125
1749
4922
2139
2019
2340
4478
2015
4637
4645
4607
4637
2563
2125
4929
2324
4156
2125
2539
2153
2880
2198
1737
4475
4143
4607
4143
2539
4172
2582
2324
2019
1738
2125
4489
4200
4478
4172
2340
2550
2125
2563
4155
4645
2139
4155
4477
4489
4931
2019
2198
1738
2340
2665
2665
4490
4922
1749
4637
2582
4637
4143
1737
1737
2539
1749
4143
4928
2153
2125
2125
4155
4607
2665
2338
2785
4607
2631
4687
4172
2198
2333
4143
2582
2582
2539
2125
2333
2139
4922
4931
4200
2015
2015
2333
1738
4931
4143
4479
2324
4479
4477
4931
2336
4607
2198
1737
4637
2631
2785
4637
1718
4687
2785
2125
4155
2153
4200
2581
2324
2631
4143
2139
1741
2336
4644
4489
2665
4936
2198
2550
2125
1736
2665
2581
2581
2665
4155
4477
2333
1736
4155
4170
4141
2019
2539
2336
2138
4143
4644
4477
1718
2018
1741
4693
2665
2324
4200
2333
4644
2014
2539
2124
2198
4644
2336
2549
2138
4172
2014
1741
4170
2018
4489
2631
4928
4930
2138
4170
2152
4687
1741
2581
2124
2785
4172
2336
4155
4687
4141
2138
2319
2631
4170
4930
4155
2631
2138
4693
4479
4200
4693
4200
4936
2336
2665
4171
4141
4925
4930
4477
4479
2785
4141
2785
4172
2324
1741
2014
2014
2665
4477
2195
2581
4141
4936
2124
1736
2333
1741
4141
2631
2195
2195
1736
1736
2124
4936
2018
2333
2549
4489
2333
2538
4489
2018
4170
4170
4925
2336
4644
2152
2581
4141
2665
4170
2152
4171
2152
4200
4141
4171
4642
1741
2631
2138
4170
2336
4170
2319
4642
4479
1741
1717
2138
2336
2549
2538
2124
4688
1736
2631
4930
4694
2018
4925
4141
4200
2138
1718
2786
2665
2786
1741
4937
1740
1729
4141
2664
2152
4171
4936
4170
2581
2319
2017
4141
2018
4694
2665
4489
2581
2195
4141
4157
4141
4200
2014
4694
4157
2196
4925
2786
1735
2538
1735
2335
4479
2630
4141
2152
2017
1718
4642
4166
2195
1740
4930
2786
4157
4930
1750
2549
2017
1740
4688
4166
4166
2630
2335
4157
2017
2664
4938
2335
4171
4937
2319
4489
4200
1729
2332
2332
4171
2196
1740
4166
2197
2017
2196
2017
4938
2323
4642
2323
4171
4141
1717
4142
2786
4642
1750
2335
4141
2017
2548
4171
1750
1740
4167
2123
4479
2664
1740
4166
4932
1750
1750
2318
4479
2123
2786
2195
4938
4157
1750
2017
2197
4688
2319
4937
4207
4642
4142
2123
2197
2786
1740
1729
1740
4924
2323
2197
2664
1717
2332
2664
2196
2630
2017
2332
1750
2017
1739
2197
2664
2319
2017
4695
4694
1750
2335
2335
4171
4937
2548
1715
2630
4489
1732
1740
4167
4207
1735
4142
4171
4207
4168
2123
2197
4171
4207
2323
4167
2664
4938
2323
1750
4142
4142
4640
1717
4688
1739
2196
4142
1744
2017
1729
4689
2196
1750
4171
2017
2786
2335
2786
2786
4688
4142
4167
2123
2197
4168
1750
2185
4921
2017
4167
4932
2331
2123
2331
4932
1744
4142
4938
1744
2017
4641
1732
2664
4142
1739
2664
2123
1739
1728
4167
4171
4938
4169
4207
2630
1744
4142
4167
2197
4921
4207
2331
2544
2180
4169
2544
4689
1739
2323
4167
2123
2317
4142
4171
2334
1971
2323
2322
2123
1744
4640
2630
4938
4142
1971
4152
1971
2318
4935
4938
2373
1731
2331
2666
1739
2373
2334
4167
2149
4606
1715
1971
4688
4695
4640
4167
2327
2787
4142
4142
1744
1715
2182
4695
4152
4695
4152
2322
1744
4689
2149
2120
4932
2317
2149
1739
2180
2666
2334
1734
4207
2334
2122
2373
1734
1739
2786
2787
1728
2143
4689
4605
1739
1971
2580
1728
4169
4605
1971
4933
1971
2580
1715
4171
4641
2120
2317
2195
4153
1728
2122
4695
4935
4169
4169
2122
4605
1971
2666
4935
4152
1743
4935
4689
2327
1743
2373
2666
4171
4153
4152
1734
2321
2787
4935
2321
1971
4152
4641
4695
2122
1728
2666
2373
2122
1728
2316
1743
1971
4641
4169
4152
2180
2666
2122
2182
2580
2329
2182
4933
4161
2787
2373
4689
1971
2191
4606
4169
4169
2122
4933
1734
2150
1743
4695
4161
1734
2334
4935
1971
4153
1734
4169
2317
4606
1714
2122
2316
4140
2327
2787
2321
2329
2327
1971
2179
2666
2580
4152
2541
2120
1743
1731
4604
4689
4152
1724
4689
4469
4140
2122
4161
1731
2150
4934
4689
1734
1971
2326
4934
1966
4695
2191
1714
2120
4169
4140
4606
4162
4140
2329
2373
2666
4604
1724
1734
2321
1724
2173
4152
2666
2191
4959
4959
1724
4935
4161
4933
2575
2120
4641
4152
1714
2120
2150
1966
2321
4606
2660
4692
4196
2787
2577
1714
2120
1724
2191
2327
4161
4161
2191
2574
4169
4639
2316
4934
2660
1733
2130
1966
2660
2787
2120
1971
2321
4959
2787
4639
2133
2329
2173
4196
4169
4169
2193
1724
4692
2344
2120
2344
4161
2784
4164
2191
2130
2142
4169
4469
1731
4469
4140
4140
1966
2316
4140
1966
4164
2329
2329
1723
4957
2130
2326
2120
2116
4935
4161
4140
4164
4161
1731
1966
2316
4140
2133
2316
4957
1724
2329
2316
2534
4164
2784
1733
2660
2172
1714
2329
2571
1966
1971
2784
1966
4140
2122
1723
2326
2133
2344
4959
2534
4934
4161
4161
4161
4161
4140
4164
2784
4474
4196
4161
4959
2130
2130
1733
2316
2120
4163
1966
4140
4165
2120
2171
4639
4934
1966
2660
2784
4165
4692
2572
1714
4140
2145
4197
4165
2784
4164
4934
4957
2344
1723
4474
4934
1730
2130
2543
1966
2131
4197
4692
4165
2784
4140
1724
2316
4197
2546
4959
1733
4934
4161
3354
1730
2534
4926
4197
4474
2144
4165
2316
1966
3354
3260
2344
2315
1733
4957
4197
2534
4197
1716
4197
2316
1966
4161
4934
2660
2328
2132
4957
1723
4165
2784
2784
2326
1716
4197
1723
4140
2542
2360
4197
1730
4692
1733
2534
4474
4165
4197
4165
4165
4197
4474
2784
2326
4934
4959
4197
3354
4692
1716
2660
2537
4692
4919
1966
4165
1716
2116
4692
4197
888
1965
2134
888
2864
2116
4201
4140
2328
4165
2536
4957
4165
3260
4934
4197
2533
2659
2659
4197
3354
2536
4201
4201
2116
4957
2864
4960
4958
1730
4201
4197
4201
2137
4140
2659
2360
4201
4206
2533
4474
2326
2328
1742
4474
1723
2315
4474
2315
4958
4474
4201
4960
1965
1965
4487
3260
2132
4197
2360
2116
1723
4201
4510
4510
2534
2315
4962
2659
4206
4474
2116
4493
1748
4959
2659
2537
2533
1733
4934
2315
1742
4511
1716
4958
4962
4197
4474
4487
4201
4493
1730
1733
4087
2116
3354
1742
4201
2535
4960
1965
3260
3526
1723
4206
2320
1517
1517
4487
1965
4934
4962
3354
4962
2328
4691
2315
4206
2320
3260
1730
4474
1723
4474
1723
3560
4962
4474
1723
4493
1742
1517
4511
2328
1733
4511
2116
1517
3354
4511
2326
2360
4511
1730
3260
1965
4493
2659
1716
1742
4087
2116
4493
2659
4201
4493
4958
2315
4962
2783
889
430
4493
2864
4691
4493
4493
1716
2320
449
4691
889
1733
4511
4962
868
4691
4493
4962
4962
2360
1742
4091
1517
2116
3526
1517
1716
4511
4511
1518
2325
2328
1723
2116
779
4511
4474
4960
1965
2783
3526
3260
1716
868
4960
4493
2325
436
4091
2783
4493
430
4474
2315
1745
4493
4091
448
4512
1723
4962
3568
4960
2659
4960
1517
3354
3260
3260
4091
2359
4493
2320
2325
1517
1518
3354
1723
4511
4493
4087
2864
449
4962
4493
3560
4511
436
2360
868
2315
4511
447
2320
4091
2328
2658
4091
2315
447
3260
4493
868
3568
4091
4493
3260
4493
4685
868
436
4493
3526
1518
445
430
330
2330
4493
4962
2359
4960
3568
335
3568
3354
779
4091
3568
4691
1187
3526
779
447
330
330
2783
447
4493
4092
1518
448
1518
868
436
3354
2315
3526
4137
2315
1517
4962
4511
2315
4511
335
868
2658
4493
4493
446
4137
2315
4512
3568
2783
4493
779
1187
4137
2783
4685
430
4137
3260
4092
4961
330
3526
2359
447
4090
430
3260
3260
4091
4137
4493
446
2325
3526
1195
3568
2330
2658
4961
3526
330
330
430
2330
2658
2783
2325
335
2325
4511
3354
448
2658
3526
868
4493
2359
436
3568
447
4512
3353
445
3353
2330
4493
4091
1195
779
3568
335
4137
1193
447
2783
4512
335
2359
3354
2315
448
4092
440
1193
868
4685
4511
3568
4512
4493
430
1195
3568
446
3564
3525
330
3353
4092
1193
330
881
779
4685
3282
1195
2783
448
4512
2658
2325
436
2315
3526
4961
779
3526
4090
4137
444
4137
4493
2330
1193
2658
4090
436
3525
1193
1193
1193
1195
2325
4090
3353
3568
4512
2783
3525
330
779
440
4137
2325
440
3982
2330
793
4092
4092
3568
793
3568
330
1195
3982
430
4137
3525
4137
1195
1603
1187
3568
2325
330
2325
3525
2325
799
440
437
881
2330
4512
440
1545
4137
1193
3567
3525
3282
1603
2325
1193
2325
337
3353
430
4512
1193
3282
2359
3353
330
881
3353
440
4510
3282
3900
4092
3525
881
3897
779
4136
2325
1226
1876
2658
3571
1876
1876
1876
3568
1193
3900
4510
1603
4090
1876
443
3982
1207
337
440
1876
1876
4136
1876
1876
435
437
437
1876
440
1207
435
1876
3525
1876
1210
435
1876
1207
1876
1207
1876
337
1876
1876
1603
1876
437
3282
3568
4090
337
1876
793
4136
1876
1603
3900
4092
1876
1876
1876
1876
1603
793
3353
1195
1603
337
1876
1876
1876
3282
3576
1207
4090
3567
437
1876
1876
440
1876
1876
1545
4076
1876
4092
444
3525
437
2330
1545
440
1876
1545
3571
1207
435
1876
1876
440
337
435
1876
1876
3567
3568
440
1876
1876
1195
337
1876
1207
4092
1876
4136
881
1876
3525
1876
3525
1876
3571
1876
435
1864
3353
1864
443
1600
435
1864
435
1226
1876
1876
1207
1876
1207
1876
4082
800
1186
3353
1876
4136
3525
435
1876
337
1876
4512
1226
3567
3353
1876
4090
1876
3353
793
1864
3897
1864
1876
881
3560
3282
435
881
1210
1207
1195
1207
1207
435
1876
435
1876
435
1876
1876
3567
1864
1876
1876
3353
799
3982
1864
1864
1876
4510
435
435
3571
1207
337
792
3348
1864
3282
1864
1210
1876
1864
437
793
337
1876
1603
1876
440
1207
444
4136
1864
3525
1864
1876
3981
1876
1876
1186
4136
1864
435
3981
3525
1545
1876
3571
3570
1545
1190
3571
1864
1864
1876
1876
1186
1207
4136
1864
440
793
1876
337
1210
1876
435
1864
435
1876
1876
1864
3567
1876
1864
3272
4077
1207
1876
440
1864
1864
4082
4136
1207
1226
1876
1864
336
1876
1876
435
3897
1876
1600
435
4092
435
1876
1876
4076
1864
1864
1876
1544
882
1600
1864
1864
1876
4136
3981
1864
1864
435
1876
435
1186
337
1876
440
1864
1876
1864
440
1864
336
3272
444
3272
1207
1190
1864
3524
440
1864
3562
1185
1864
1545
1864
1226
1864
1216
1864
1876
3570
1207
1864
1864
1864
1216
435
3524
1864
1876
1864
3576
1544
3348
2742
1876
1190
2742
1864
2742
1864
3549
336
1876
1864
4082
435
792
3570
2742
1185
435
3897
1864
435
3897
435
2742
1864
2742
2742
1864
435
2742
2742
1864
1864
1216
1864
2742
1600
3272
2742
3524
1864
1864
1864
2742
882
1864
4089
1864
1864
3567
1864
1876
1864
2742
4077
1864
1864
2742
3570
4136
1864
1544
4136
1210
1864
428
2742
2742
2742
1864
1864
1185
1864
800
3348
2742
1876
1864
1864
2742
1864
800
1864
2742
431
435
1864
1864
337
3348
1864
398
428
2742
1864
440
792
1864
1876
3348
1210
2742
435
4076
1864
1864
1864
3981
1864
4136
2742
1864
2742
435
1544
1864
2742
2742
1864
1216
2742
1864
1210
4082
1864
1864
1216
1864
1864
1216
2742
1864
1864
3573
1600
435
2742
1864
1864
3272
1216
435
1864
336
1600
3265
2742
3524
1544
1864
1864
2742
1864
3562
1864
2742
1538
1864
4082
1864
1864
1190
1216
1216
3569
2742
2742
4082
336
2742
2742
2742
2742
1864
1864
3549
1864
2742
1864
1864
1538
440
2742
1864
336
1864
792
1864
1208
1864
428
1217
2742
3524
2721
2742
428
2742
1864
3570
2742
1600
435
1864
2742
1864
2742
2742
3570
1864
2742
2742
439
2742
4136
3897
4082
2742
1864
1864
2742
3897
398
2742
3573
1210
878
792
3570
1864
1864
1864
1864
3569
2742
1864
2742
878
2742
798
1864
2721
1864
428
1864
1216
2742
1864
428
2742
2742
1864
1864
3549
2721
1864
1864
3887
428
1864
1217
2742
1864
3981
2742
1864
1864
2742
1216
2742
1544
1217
1864
1544
1864
798
2721
3524
2742
431
1864
3524
1217
1864
1864
2721
428
3346
2721
1864
2742
1185
428
1864
3348
1864
2742
428
2721
2742
4089
3546
2721
2721
2721
2742
1864
2742
1864
3562
2721
2721
2721
3569
1864
1216
1864
1864
1217
1864
2721
4076
2721
1864
428
1600
1864
1864
2742
2721
1864
1538
4087
2742
2742
4135
878
2721
3348
2742
398
4089
2721
1864
2721
2742
2721
1544
3524
1864
3352
2721
2721
1864
2721
2721
1864
1208
2721
1864
1864
2721
2742
1864
2721
2721
336
336
431
2742
2742
1873
1864
3975
2721
431
4087
2742
1217
1864
1873
1864
2721
1873
1864
336
2742
1864
428
1864
3573
1544
1864
2721
336
1217
3352
2721
2742
2721
1864
1208
1544
1208
2721
4087
1601
878
2721
1864
1601
398
3975
1864
428
2721
1864
1864
4135
1864
2721
2721
2742
1864
2742
3569
1217
2721
1877
3887
878
2721
428
2742
4135
1873
2742
2721
2742
3352
2721
2721
2742
428
4076
791
2721
1864
1864
1864
1864
3265
2721
2721
3346
4075
1864
1873
1538
428
2721
3574
1873
329
3572
1864
2721
1864
1217
1864
1546
1208
2721
331
4082
2721
4135
428
1217
3346
2742
1538
2721
2721
2721
2721
2742
1217
1864
1538
2721
2721
432
1864
4135
1864
2721
2721
4082
1877
1861
1864
3548
2721
3557
4087
432
2721
1877
3546
2721
429
2721
3352
3546
2721
1864
1864
3887
4081
2739
1864
1864
2721
2721
1864
4087
2721
1546
1864
4087
2721
2721
1208
2721
1538
2721
336
3557
2721
336
2721
1877
2721
2721
4087
2721
1538
2721
3975
1217
2739
3569
2721
1877
4087
791
429
3346
3352
1864
2721
4135
4081
329
428
2721
798
1864
2721
1873
2721
2721
2721
2721
3557
1873
2721
4082
2739
2721
1864
3546
798
3346
2721
1217
428
3346
2721
2721
1864
3352
1538
428
1877
3548
1873
2721
2721
2721
3546
2721
2721
2721
1864
1225
2721
1546
2721
2721
432
2721
4087
1873
3265
2739
1877
2721
1538
2721
1873
2721
1877
432
2721
1225
1538
3887
2739
1873
1877
1877
2739
2721
2721
439
2721
2721
2721
2721
1225
2721
1877
2721
336
1861
2721
791
2721
2721
4081
1225
2721
3346
1601
3975
2721
1877
1873
2721
2721
3555
2739
2721
2721
1873
4076
1873
1873
2739
2721
2721
1205
1537
4073
429
2721
1537
4087
3352
2721
2721
336
1225
4076
1873
1873
2721
2739
2739
4080
329
4087
2721
1873
329
2721
2721
429
1537
2721
2721
1537
3401
3547
2739
1873
2721
1873
432
1873
429
1873
4087
2721
2721
1225
4081
2739
2721
428
1873
3346
1873
2721
2721
4087
1873
2721
432
1225
3280
1873
2721
429
1873
4087
3264
3887
2739
2721
4135
1873
1546
2721
1861
2721
2721
2739
3552
2739
2721
2721
1225
2739
1537
3887
4087
1546
429
3548
1225
4087
3975
329
1873
2739
1861
3546
3351
794
3555
2739
875
1601
3545
4135
4087
2721
2721
3545
432
1601
1546
429
2739
4081
1537
3280
329
2721
1873
1873
1223
4087
2739
2739
4080
2739
2721
429
2721
4087
2721
3280
1546
1225
429
2739
3548
3351
2739
1546
429
4087
1873
2739
4087
1873
3555
1873
4080
2739
329
2761
2739
1546
4087
1537
2739
2739
875
3264
1601
794
2761
2739
1537
2761
329
3971
3280
429
1860
1873
1588
429
1225
1873
2721
2739
1873
4087
1860
1873
329
2739
429
1873
1546
4135
428
2739
1873
2761
2761
2761
4087
1873
1225
2721
2739
4074
2721
4087
3820
2739
2761
329
429
329
3551
1601
3877
429
3877
1860
2739
3351
331
432
1873
4081
4087
4087
1873
2761
2721
1537
1225
1601
2739
4087
3576
794
328
1860
2739
1861
4087
2739
875
2739
1223
2739
3264
1861
1546
329
4087
2739
3280
1860
1223
429
2739
422
1601
3550
329
4087
1861
1860
432
1223
329
1860
1860
1873
422
1546
328
2761
1223
2761
1873
2761
2739
4080
3550
422
4087
2761
1537
2739
4081
4080
2761
4074
1861
328
3264
4087
1860
1873
2761
3351
1873
3820
3351
422
1588
429
2761
1860
795
429
2761
2739
2761
1873
4087
331
1223
1546
331
2761
4087
2761
3374
422
3281
1860
2761
328
1546
1223
3877
432
3264
1543
2761
1223
2761
3264
1223
1588
2761
2761
2761
2761
4087
4081
2739
2739
1223
4488
2761
2761
422
1537
1860
1860
329
1860
2739
875
2761
422
1860
4080
1543
422
876
331
328
3545
2739
3820
1860
328
3553
422
3547
4080
1860
328
1860
3971
422
3547
1588
1860
2761
4087
3550
2761
4087
2761
328
1860
1860
795
3550
4087
328
2739
1860
2761
1536
2761
3374
4087
4087
2761
328
2761
1860
1223
2761
1223
3351
1223
1543
1588
1860
2761
2739
1223
2761
3547
328
1536
2761
788
3545
1860
422
1860
2761
4488
2758
1860
2761
328
788
1860
2761
3820
1860
422
1860
2758
876
1223
1860
1860
4080
4087
422
1860
328
788
4087
3563
4087
328
2761
1536
3877
1588
1872
2761
1860
1860
1872
1860
1204
4074
2758
876
3551
2761
333
333
3281
1203
3820
422
3560
2758
3386
422
4074
2761
3263
4079
1536
2761
1543
1536
1872
795
4087
2758
2758
1543
4087
3877
1223
333
788
2761
1872
4079
2761
4087
2758
3391
3563
422
4080
2761
422
3971
2761
4488
2758
333
3393
788
4080
1872
333
795
2758
2761
2761
3550
1543
3971
328
1536
1860
3393
422
1872
876
4488
788
1872
788
2761
3386
4087
2761
3281
3563
1872
1872
4087
3374
1872
2758
3402
1588
2758
3876
4087
2758
1588
1872
1872
795
1872
3263
2758
1872
1543
1543
2758
4087
2758
3401
4074
3391
3820
2758
333
1872
4073
876
1203
1872
3386
4087
2758
2758
788
1872
788
2761
1872
3820
1543
4488
795
4078
3401
3810
2758
4079
2757
3553
1872
333
3563
1204
1872
788
421
1872
2761
1536
1954
1204
1585
328
332
787
3820
421
2758
421
2758
1213
4078
2758
423
3876
1585
3563
4087
3263
876
2758
1539
2758
3553
796
787
2758
796
2758
1543
2758
3393
3404
796
3890
1872
1872
4085
1204
4087
3401
2758
2758
1954
3876
787
1954
2758
2758
4087
433
423
2758
3890
3404
4087
787
1212
2757
3819
1213
2757
421
332
2758
1534
3810
332
1539
1954
423
1954
2758
1954
3876
1872
796
3391
4078
2758
4087
3818
2757
2757
1954
770
1585
796
2757
1539
3819
1954
3563
3281
2758
334
879
3806
2757
3891
3384
787
4078
3819
3391
3553
2758
3281
2758
1954
1534
879
770
4079
2758
2758
3384
787
3399
3279
3810
334
3399
1954
2757
2757
3392
3392
4087
1212
421
1954
1539
1954
2758
2758
332
3269
3876
3876
332
332
3269
2758
3384
2757
770
4085
2757
1585
3818
4078
1954
2757
433
3819
787
3819
334
3890
1534
770
1540
1534
2758
1212
1586
332
770
3876
1954
2758
3279
2757
2757
4078
1212
2757
3815
2757
3404
1534
332
796
770
3806
770
3818
796
334
3558
334
2757
1534
770
3815
334
879
3810
787
1540
1211
833
1586
1212
2757
334
3891
2762
2757
4087
3817
1586
770
3390
2757
789
2757
3392
334
789
2757
1586
3553
3404
2757
770
3279
433
833
3392
1519
3806
879
1954
2757
3384
334
3269
3558
770
1541
770
3399
1215
770
797
833
3388
3403
789
797
433
3808
833
833
2757
3818
3875
1212
3815
3558
2762
334
3818
2757
3404
770
1586
2757
1534
880
2757
789
2757
3270
1212
334
3269
3399
2762
334
833
2757
1534
789
3385
1594
3782
4085
3875
1215
1541
880
3817
833
334
797
2762
833
3808
3806
3360
2762
433
3279
3815
797
3404
3875
3818
3403
3816
1541
3891
3808
3394
334
3388
833
833
789
3389
833
3385
833
3404
2757
1594
834
790
334
3270
833
373
1215
3878
2762
4955
880
1214
369
3389
2762
1594
833
797
786
833
334
770
3806
3360
3816
789
3806
3404
3360
2762
1519
1214
833
2762
3817
3388
833
3403
2762
2762
3816
797
2762
3389
2762
1215
3385
834
3808
1211
1214
3808
3816
3270
2762
3805
373
790
434
886
2762
3814
3270
833
3360
2762
3394
3805
3394
786
2762
2762
797
880
373
1541
834
363
2762
3387
1542
3360
797
3403
3404
3403
833
833
3814
3878
434
1534
433
2762
1616
834
2762
1215
3804
3802
833
434
880
3387
3816
880
1555
833
3270
3878
1519
1555
376
3813
797
833
834
3394
3385
3398
1214
3782
790
834
3387
3802
3805
3805
1555
2762
886
833
373
833
834
1214
834
3385
834
1519
3403
3397
3397
1214
434
2832
433
1519
3360
3396
1211
863
3395
3395
1561
1595
3270
3813
1555
3781
1542
2762
373
1616
1211
790
3813
834
3396
3387
3387
827
886
3396
3812
1561
3781
408
3779
1595
1214
373
833
834
1616
3397
3812
834
771
834
3361
1214
833
877
3804
1214
434
863
877
1555
1214
434
3356
3812
1561
1561
1520
834
3803
834
1616
2832
3356
786
434
834
1211
3805
1561
1595
1561
3370
1520
3361
1555
1214
863
3387
373
3803
1214
1616
407
408
408
3781
3361
1550
407
863
356
3781
373
3370
1561
877
1179
1561
3811
1616
771
771
1527
3779
3364
1528
1555
376
3811
834
790
863
1528
771
3361
1549
834
1561
1214
1211
1214
356
771
877
827
1616
3356
3371
1179
773
3358
1179
838
886
403
1181
3371
1181
405
1520
3239
3780
1550
3370
3370
1550
1550
1527
373
373
408
869
771
3364
3356
886
1124
409
1561
3397
3239
356
834
1527
1124
3775
1550
863
869
809
1211
1550
834
1509
3358
1509
1561
3811
1550
3371
1561
1181
1527
3780
373
1559
863
3811
834
3783
3241
3371
766
3239
1559
3803
3358
863
1179
886
766
1550
838
3377
3803
373
1181
1528
828
1509
1509
1514
869
1550
834
1561
1561
1124
863
409
1550
1179
766
1550
1550
1124
838
1526
3776
3246
1550
356
1559
1523
1514
3355
828
886
373
3791
373
3783
3246
373
3240
3246
356
3246
3776
886
1550
1559
1181
3365
873
372
1124
809
3246
373
1124
1183
373
1526
3372
1179
3358
838
1550
1523
1510
3365
783
1509
766
3783
3371
871
373
873
3355
766
1124
3377
871
783
1514
1124
1550
766
3377
871
1124
1523
809
3774
373
1550
3784
409
1129
409
3774
783
847
1559
3791
783
783
1559
3362
828
409
1179
3383
1526
1550
1559
3357
1183
3246
1559
1179
403
1124
766
3246
1514
886
871
1523
1559
1514
1559
1593
887
1559
3248
1550
376
828
1129
3368
356
783
1510
3362
3776
1559
3379
810
403
3368
3791
847
871
3784
1593
1559
3786
3213
3357
873
1515
810
1526
874
3248
1559
3794
3213
3248
887
847
372
3213
3381
1524
403
1124
1526
783
3381
3246
1515
1593
3777
1179
871
3365
1559
1183
3257
3245
3789
1524
372
887
3357
3246
1129
767
3381
767
847
1559
1559
3772
1559
1559
3246
1126
403
1124
3213
356
3245
3248
1593
407
3246
3372
375
3368
874
3772
3777
1124
3381
3357
1559
1515
3213
3245
3363
1510
1559
847
1183
3379
3777
1515
1559
783
3363
1611
372
887
1559
3257
1559
3245
403
1182
3772
810
3359
1556
1559
1611
887
3789
3368
3792
357
1515
810
372
3789
3381
783
1559
767
3246
3213
407
847
847
3213
3786
3248
1593
407
1126
3245
3359
3797
3359
1611
1182
3246
3248
3363
357
768
1154
1559
1611
1126
3792
1559
1590
3777
1524
403
3772
1154
3792
847
1593
1559
1124
3794
1611
373
783
873
3772
407
3245
1590
847
826
3246
3212
1154
375
1508
1593
3245
1508
3379
1611
1525
1559
758
3366
1590
783
3245
3237
1525
3256
1182
874
375
3381
3373
1182
3785
845
768
1525
3369
758
3772
3366
1177
874
1558
373
1516
1590
1558
3246
3369
407
3778
3793
3788
1611
1559
874
826
3785
3256
1611
3212
3778
3381
3373
3256
407
357
1508
1590
1607
3788
1558
3246
873
874
783
1611
3378
1610
1516
1127
844
783
3256
841
1525
402
3771
1611
3788
3378
3256
1126
873
1508
3212
1559
3246
1593
826
1558
1177
841
357
1607
845
1182
3369
3318
826
3797
1610
3318
3262
758
1606
3380
402
847
376
1593
3248
402
3778
874
874
3380
373
3246
1508
3793
845
3246
874
1525
1184
3237
1558
3771
3793
357
1516
1127
3256
1177
3246
1590
1184
3256
1127
1593
1525
357
3212
3787
783
3790
758
1562
783
402
845
1610
1127
3793
845
1177
3380
3771
1611
830
1611
373
1610
1511
3238
808
1184
844
1610
1522
3369
410
1611
1127
3797
1611
1525
402
357
1125
830
3787
825
1611
3366
410
783
843
759
844
357
1511
3246
844
1610
3793
3366
3318
830
3778
3771
1562
844
808
3382
783
3378
844
841
1611
3366
1125
3378
1610
843
3246
830
830
1590
402
1556
1612
1633
783
373
1522
830
373
376
1612
1610
845
870
357
1127
1611
843
3366
376
3778
3271
3787
1505
410
3380
1611
410
1633
3214
3799
3378
1123
1611
3790
3796
1590
357
3369
3318
3529
1522
825
1590
1522
1612
3366
400
1610
844
3366
1522
3318
830
1583
783
3246
845
3380
3799
759
3283
3799
759
3367
400
843
1121
3335
1612
759
1123
3798
1612
1583
1610
1611
3335
1173
3529
825
806
830
1632
1173
830
1612
1632
368
400
1505
3796
3536
1173
3773
3773
1610
1505
3318
830
830
3336
1522
3790
844
1611
3318
843
1173
3283
3317
844
1505
850
3380
845
1590
1522
368
1121
883
3796
3207
368
823
783
823
3910
830
783
3335
3335
843
3380
1609
823
3799
3246
3335
1180
1512
3382
1612
1611
845
763
1607
400
3798
1610
3536
844
1632
1633
830
4067
1608
3231
3254
1610
4059
845
830
830
830
3529
870
870
1505
1613
3911
3317
1610
3799
843
1180
1613
3537
844
870
1507
3367
1608
1602
1632
1583
3232
844
3231
3382
783
1583
870
783
368
1613
855
3799
1521
3795
4059
3773
1612
844
1123
3367
4059
3796
763
369
823
1521
1180
4055
3375
1610
823
1121
3529
806
1613
3231
3773
3335
1622
3536
417
1610
368
406
1615
4067
1121
1609
763
3232
3231
1590
1512
369
1123
1612
3231
3231
1628
3367
1576
1628
1172
883
830
883
1628
851
854
1628
844
1507
3266
830
3828
1612
1628
3537
1180
3210
845
3317
1608
1512
1615
406
1521
850
1613
368
3529
1174
1610
855
3375
885
406
1610
4067
1622
3529
850
3536
1610
854
3502
1507
1633
1608
1628
824
3375
367
3308
4067
368
369
3904
1174
3537
1174
1608
3341
822
3502
3219
3904
3254
1612
3266
3795
3266
1506
406
1172
3536
3536
824
1612
401
3529
1624
856
1513
1122
1608
824
850
3800
817
1628
3231
3254
3253
1612
1174
3904
1608
3210
3919
1120
1506
4059
416
806
1610
3277
856
3317
3266
1576
1589
4055
3502
3537
3800
3985
1610
1521
1513
765
845
822
1506
3529
805
416
4058
885
3219
1612
824
3266
3903
4055
3502
3538
367
1172
3919
3903
3332
3266
3253
1612
843
367
3903
3828
3375
852
1576
3253
3528
1521
830
822
884
816
4064
822
1172
3254
4064
1122
1589
4056
824
1624
816
817
3527
3527
1628
762
1612
1176
1122
3266
1610
3224
1145
1513
1122
3219
3274
1623
3340
1610
854
401
1622
3842
3903
3277
401
416
3340
3332
401
824
3903
3332
4058
3228
1624
3795
367
367
852
1624
1145
3376
816
1624
3842
3225
1513
3376
3375
816
855
1615
1122
855
3538
370
4065
1628
3932
1115
3174
3309
843
1532
3274
3538
1506
1575
1628
1599
367
3277
1575
3312
3502
854
1575
4058
3502
355
4056
324
824
1624
1627
3962
3220
1532
816
3921
884
3921
824
3254
762
3312
822
805
3376
854
3332
1176
1532
816
3274
350
3527
1608
3332
1113
3228
855
1623
3988
3800
3921
762
1589
1120
3324
3332
816
816
3990
3332
3266
4058
1596
1115
3344
412
3920
3332
1627
1605
805
324
355
3332
3376
3903
3903
1628
3234
1533
3502
824
3309
3220
1608
816
1176
3502
3332
1120
849
3182
4064
824
3538
4056
3210
3528
3921
4058
3528
820
3528
3253
3842
1599
3228
3990
1143
350
361
1145
1533
1599
1222
1575
1114
816
1621
3376
1626
1113
3332
343
3344
3988
3932
1533
4057
3527
855
3502
370
3277
1572
3210
3228
1114
3527
852
816
4064
1572
1134
1222
1615
1134
3534
1596
320
3342
3312
824
1626
3972
3182
3905
1596
855
327
816
3332
3962
3962
3905
3332
3972
1596
3540
1532
3990
824
820
3962
3530
1596
855
3173
858
1572
3539
3324
757
3342
1572
824
3233
3187
415
3224
3332
3332
3332
339
3933
3962
349
816
359
3182
348
1140
327
321
3507
3990
4058
3173
1130
3920
4057
3217
1130
3304
3533
3344
816
3920
1625
3332
3962
4064
3303
3312
4065
3905
1114
3277
3507
3209
3868
1572
3540
3332
3920
1113
3349
1572
4062
757
1529
3228
1116
807
3962
1621
1113
3332
1222
858
3954
848
366
3332
3234
359
3987
3322
3534
1599
3173
327
3962
1131
3332
3233
3192
3312
3962
3182
3987
3227
341
1571
1621
3540
3905
4062
1114
851
3987
1149
3173
3332
3209
3173
3839
3344
803
1529
318
3332
321
807
824
3879
3972
3202
3217
4064
1596
3987
3839
3530
4057
1170
3962
3540
1572
3228
3498
1596
3332
3338
3987
3182
3962
3843
4065
3224
757
1571
3209
3839
3962
3312
3962
3173
3539
1151
3332
4065
3920
3962
1130
3892
3208
3521
316
851
1119
3966
3228
1130
325
3173
3879
3531
3342
3893
1130
1119
351
3962
3987
3542
3253
3344
3987
3498
3182
3313
3234
3173
3332
3962
3304
366
3902
3332
3173
3312
4062
3962
3883
3987
3987
824
3173
3839
325
3332
803
3962
1569
3946
3332
3202
1571
3532
3342
4057
3962
3956
1222
3332
3987
757
3227
3208
3173
3215
848
419
848
4057
3879
3987
3966
1131
3516
3227
340
3208
3987
322
3338
351
3173
3839
3840
3226
3332
344
3882
803
3173
4062
3516
3350
3173
3984
3332
3316
4070
3516
3902
3955
3882
3173
757
3305
3234
3173
3304
3893
360
3987
3962
4060
3962
3962
3991
3541
3840
819
3840
319
3499
3839
351
3182
3313
3203
3233
3980
761
3226
3332
3881
1119
3987
3918
322
3236
857
3962
3956
3839
3962
3332
1151
3946
1116
3991
3933
1119
3991
3962
3862
4118
3173
1569
3338
1571
3208
3535
3853
3516
3542
3521
1116
3962
4062
4057
3192
3332
3542
3955
1571
322
4068
3918
3234
3980
325
3182
3543
3208
353
3541
3841
3332
1116
3173
803
345
3236
3883
3305
3962
3991
4057
3316
3517
3962
3541
414
3840
851
3332
352
3499
3312
3991
3893
3173
3182
1132
3203
1119
3521
3432
1132
3251
3314
3233
3984
3962
3313
3840
1151
803
3864
3315
3215
3535
3541
3840
3962
3991
3962
3879
3962
3841
3991
3962
1116
3332
3541
3192
4118
3326
3980
3962
3980
3991
761
353
3173
1119
3991
3332
3182
3962
3931
3517
3312
3499
3236
3173
3962
3314
3192
4060
3991
3918
366
3991
3991
319
3516
3864
3315
761
326
3853
3543
3499
323
418
3516
1135
4062
3841
1116
3543
326
4070
4060
1133
3840
3305
3541
761
4094
3544
3305
3892
3962
3984
3208
3956
3840
3332
3173
1132
3177
3978
3840
3192
3316
4060
3881
3338
3338
353
3566
3187
3841
857
3192
3962
3931
1096
351
3314
3541
3251
3883
1119
4122
3350
3192
3860
3840
3962
3236
3962
3338
4062
3962
3984
354
4094
3182
3338
3841
3499
1095
4060
3956
3565
3931
3895
3991
760
323
3821
1095
3980
3315
360
804
804
3840
3841
323
3992
1095
3962
3203
3236
3991
1095
4060
3962
3962
3192
3305
3203
3173
418
3943
3991
3432
3984
3544
4066
3432
3313
3314
3962
3517
3477
323
78
4127
3931
3862
3230
300
3349
3931
354
3251
3955
3980
4123
3316
3234
79
3177
3305
3992
3724
1095
3544
3881
4122
3962
3419
1095
3931
3499
3313
3544
4068
3508
4060
3177
4070
3991
3192
323
326
3187
3338
4122
3473
3931
326
3943
3860
4062
3962
3020
760
80
3419
3182
1095
2988
3841
1095
3864
3177
326
4063
3892
3199
3566
3543
4123
3518
3543
3841
3495
3841
3991
3544
3962
300
3432
1096
3316
4123
3314
3543
3852
3962
3327
326
79
1095
3992
4060
303
4060
3892
3841
3236
3230
3329
3315
804
3992
323
3895
3177
3236
3931
3992
78
4094
1095
3518
3753
3420
418
3192
3508
3192
80
3350
3312
3962
323
4123
78
804
4133
3992
3860
3266
4118
3956
78
3020
3277
79
4122
4122
3177
450
1095
3432
3349
3978
3286
1095
3724
3864
3518
3181
3962
3955
3325
4040
1095
760
3955
303
4070
300
3491
3883
3471
3725
3724
450
3419
3852
3956
3984
3544
3508
3841
1
3476
4060
1095
760
3753
1498
3544
4123
3436
1096
3432
1095
3726
450
3962
4133
3518
459
4060
3236
3420
4070
3992
1096
3419
3956
4123
4094
3861
3868
3315
4122
3841
4123
3469
3344
3286
3436
4063
450
3199
3436
475
3992
3992
4118
303
3865
291
3931
3961
3184
3199
3544
3892
3544
1096
3192
79
1096
3955
3420
3425
1095
80
4133
3286
3508
3420
3754
3193
3724
3177
3892
3868
3432
3754
3227
1095
1
3286
459
3236
4041
4123
79
302
4133
1095
3892
450
4133
302
4094
1096
3436
3314
3970
1096
3953
3978
3312
3344
3420
3344
3851
3325
3518
3313
418
474
3196
4133
3420
3868
4041
3473
3864
459
3471
3955
3436
450
3544
3491
474
4122
3471
3725
1498
291
3491
3494
3420
3286
3471
1500
3754
455
3956
3420
312
3725
474
1103
3316
3953
301
1
3193
3313
3753
3953
3725
3285
1500
4062
3863
302
3724
3469
3508
3225
3192
1103
3199
3420
1500
291
3194
450
3854
3754
4123
3312
1500
3316
4032
474
3420
1498
1103
4126
455
3196
312
4033
3425
3192
4060
3471
3518
1103
3425
3953
3225
4041
3868
3425
4133
3852
418
292
475
3420
3725
1103
3726
4060
3491
3436
3953
311
3850
4133
3187
3020
1103
4126
3420
3963
475
293
459
3425
3469
462
3436
4070
1103
4033
450
3544
3978
3294
3191
3491
3852
301
312
4041
3285
3961
3519
3191
4133
4133
1
3970
1495
3420
3863
3977
455
293
3726
3961
3471
3858
3473
3519
3225
3854
301
4033
1103
1103
1500
1500
465
3425
3854
3177
3953
3468
3852
3471
4083
1500
4133
3191
3970
451
4033
3181
4123
3494
3518
3313
455
1495
3478
4046
454
4122
3861
3963
313
313
3852
1500
3977
3854
4061
3425
1504
3489
3436
4122
462
3961
3428
3420
3428
464
3476
3187
3726
3956
312
3730
3193
4060
3177
3728
302
3224
3286
475
2
3193
1103
418
4083
2
3325
294
3491
1096
3436
3425
2
464
3224
3494
4033
3285
292
1500
3468
4041
3854
4047
4046
4041
4117
310
3495
3970
1485
3472
1500
3425
3474
1096
3285
3285
3494
3977
4041
3519
1103
464
3471
292
457
3316
3952
4005
3285
3436
3977
1579
3936
3961
3852
3937
3471
3313
3187
3948
3970
3519
3187
3861
3951
3489
3489
4046
1495
3177
4033
3187
452
1500
3428
3314
3428
1579
4041
309
3436
3211
3428
3428
3494
3936
3830
465
464
3961
464
1485
4041
3286
3515
294
3468
462
3316
1504
3181
3854
3515
3468
3494
3428
3177
3436
313
3851
3519
4061
3541
4052
3314
557
4047
3285
3428
3474
3856
3852
3730
3472
3852
3412
3428
3472
557
3325
1096
3936
3412
3193
1495
535
4047
3284
3435
3428
465
463
4046
4054
3176
3428
3284
3316
3428
464
3428
3468
1485
3428
3512
3188
535
3515
3412
3541
4047
3849
1500
4123
3428
3851
454
3730
3948
1096
3428
4052
3412
3211
454
1579
533
3960
312
551
4052
3193
3491
294
465
3939
3428
3741
3211
3428
310
3428
3412
3830
1503
3471
4041
3512
1580
3412
3427
3314
537
3515
1579
3193
3961
3472
4054
3854
3435
1495
464
4063
456
557
3951
3176
3412
4112
4047
4054
3428
3730
3936
452
3412
3512
3285
3730
3951
3314
3284
3177
3284
3193
4054
463
3937
554
311
4117
3325
3730
3835
454
3284
1504
3286
310
1579
3960
3474
3474
3286
1500
1503
3475
536
3741
3960
3193
3830
3177
4052
3412
3741
4041
3741
3412
1500
4122
3181
4052
3519
3770
3176
4083
3741
1495
3468
3741
452
463
3428
3730
3435
3764
3764
3961
3741
3741
3770
555
3316
3474
3741
3472
3284
3512
4046
3471
3730
1504
3936
3412
2972
3188
4041
3512
4052
555
3435
454
3770
3849
2972
3467
534
3427
3519
3770
3474
3937
3194
3177
4052
3764
3435
3325
4083
4118
3730
3472
3849
3474
3285
3948
4054
3193
3939
3427
4052
3184
1580
4061
3770
4046
4041
4083
3519
540
3227
2972
3730
4123
3519
3960
3937
3512
3410
3176
3286
3512
552
463
3472
3284
3830
3730
463
3472
3770
456
312
3836
4052
3184
3474
3854
2972
3193
312
3515
3193
3193
3210
3941
3854
3830
453
466
3512
3467
1504
1500
557
3961
3854
4054
2972
3519
3435
3770
3960
3961
537
534
1503
3770
2972
1579
463
3470
3284
1497
3194
466
4102
2972
3730
1503
3937
4003
4061
3730
463
4052
3435
3937
3734
1497
1496
3770
2972
3325
3830
3314
4112
466
2972
1503
3960
3286
555
3184
3177
3519
3210
1500
3285
4054
456
3457
3193
3734
4123
1503
3284
4046
3470
3770
3455
458
3963
4054
2972
553
3435
3435
3939
4041
2972
1503
3457
3467
3457
3194
3849
1503
3177
460
4054
4021
3519
4054
2969
3849
2972
4052
3467
3435
4052
3284
311
4054
1495
3286
3286
4052
3939
538
3941
558
3183
4046
4054
3474
2972
463
3474
4054
3849
3830
2969
3939
3734
4004
3833
3939
4054
2972
555
4112
3290
3519
4054
555
3455
3193
4132
3850
2972
1497
570
4054
3849
3854
1495
470
3295
3290
3939
4112
3201
4132
3286
3285
3849
3496
3453
4052
2969
3940
3457
4118
1496
4117
3496
4046
3201
539
458
2972
458
4054
1495
1584
4052
2969
1497
3470
3470
4052
3455
4046
4123
1497
3470
3285
1579
3481
3453
3467
3939
1496
1497
3176
4010
4054
3455
3496
3830
1495
542
4054
2972
3470
3961
3757
2972
3481
3194
3519
3939
466
541
3182
4054
3849
2972
3467
3467
3285
2969
3849
541
4132
554
3940
4052
2969
3286
3453
3732
3286
3939
4123
4102
1584
3286
3481
1495
3481
4054
4051
4132
461
470
4003
4052
3519
3854
1488
3454
1495
3466
4003
3831
4132
2969
4019
554
3849
1497
3284
3453
4003
1497
4112
469
4052
4132
3177
4132
4052
3496
734
2969
3848
1497
3961
4002
3732
706
3453
4118
3722
572
3496
4102
3286
1584
3464
3455
4052
3481
4132
3496
1584
1492
3285
3848
3455
3286
2972
461
4118
2971
572
3455
461
3831
1584
2971
3496
310
4051
3940
4052
4132
3456
3496
3286
2967
571
3755
4002
572
3455
3465
572
701
4010
704
4123
1495
3284
3848
3477
3464
3848
3286
3496
4112
3848
738
4118
3285
3831
3831
543
3718
4052
469
1482
2972
4102
2967
3286
3455
3456
3961
3464
3496
3466
3732
3496
4009
2972
3464
1476
4002
2971
1492
2967
1492
4132
4002
4121
3455
706
4112
3848
3711
3464
4114
716
3961
713
468
4051
2972
3496
392
3848
715
3848
1492
3710
3961
1584
3496
1492
3175
2971
3455
3848
2971
1476
572
4052
703
716
3286
722
2967
467
1584
1584
467
3464
3449
3456
3455
3718
4001
575
3285
4114
3464
3848
2972
3496
3477
2971
734
701
4112
3831
3465
717
1492
3848
3496
4115
3175
4008
3452
3830
4116
2972
721
3848
3496
388
384
1584
3465
1492
717
4001
2971
1482
734
468
1476
473
2972
3175
4000
3175
1581
2967
2976
4112
2976
1476
3449
717
1476
2985
2971
3496
3847
1475
3455
3847
713
3455
3830
392
737
3496
4001
3714
388
392
3710
3455
388
3660
467
3175
3451
3449
1584
702
3463
392
392
3450
738
3000
392
1475
3451
3449
3830
707
721
4000
4116
3662
3000
1482
4115
2968
2987
1161
388
3463
3456
1584
3449
4108
2971
392
3175
2987
3450
717
1482
2986
4116
3431
1476
3449
2986
473
3847
3430
1476
3000
3462
3830
388
3000
3667
3430
3830
3465
388
3830
3998
732
2986
2971
721
1584
2970
1476
748
3000
1155
2976
3712
3449
4116
2981
392
1155
3462
707
2980
3450
388
707
3004
3430
738
3713
3830
2970
1476
3449
1161
3462
3830
2986
3430
3450
392
1161
3406
3006
1475
3444
3004
4116
2977
747
3451
1475
722
3406
3659
2980
2970
747
3449
388
2978
732
3830
1481
3449
3417
711
2979
3417
1475
2980
1481
388
711
3462
751
3999
3444
3706
3460
707
3465
1161
708
3660
383
1161
3450
2979
3444
3462
3006
3006
3449
3848
754
717
732
2978
3667
3706
3004
2980
388
3830
1161
3824
3830
3004
2977
2981
2983
3824
732
388
388
3417
3830
389
3414
388
2978
1161
3659
3417
3859
2978
3668
1476
1475
3449
389
3461
748
754
1481
749
2980
2991
708
1161
712
2998
3417
3461
3460
1161
3703
3418
754
2973
392
3997
383
2992
748
2978
732
388
388
3418
3448
2983
3830
3414
1475
2982
2998
748
3098
3414
1481
3417
3449
732
732
749
3460
2991
3824
749
749
1480
3006
2980
732
1157
749
2982
3824
3708
2983
392
3098
721
1480
3449
3447
3450
3830
1161
2983
383
1480
2983
732
1474
3997
2978
3098
2992
2983
748
1157
3417
3461
748
2983
388
388
1481
3830
3666
2983
2973
388
388
388
732
3460
2983
2983
2982
748
2998
748
732
3417
732
2994
3704
2982
1480
3022
3448
3661
3461
3012
2983
2983
2998
3447
3665
2982
2992
3414
392
1161
2991
3859
388
2993
2983
748
751
1481
2982
2982
3460
2974
2994
2974
3444
732
1161
748
748
3022
732
1480
748
3418
388
1157
3702
383
751
3445
3701
2982
1206
2993
388
2982
388
2994
2994
1161
383
3022
748
1474
3705
1161
2983
3824
392
2994
725
1161
1161
3172
748
388
3704
2994
3824
2982
2974
3461
388
1481
732
1161
385
1161
3017
385
2993
388
1479
2983
2983
3448
1480
3022
3013
3012
3022
3417
392
3012
3026
3460
3458
3444
3022
2974
748
1306
386
2974
3017
3022
725
388
725
3661
3017
3017
2994
1161
1474
388
1161
3022
2994
388
3013
388
3445
1161
748
3012
1156
1206
2994
3017
751
748
385
3026
3444
1161
1161
2983
1479
1161
1480
1161
3666
748
3026
1161
1480
2983
725
3701
3022
3022
725
1161
3012
3012
385
392
3697
388
3416
388
2983
3017
725
3448
751
3012
3015
388
3017
1157
1161
1161
746
3017
3017
3665
2983
388
1161
3702
3171
725
1479
1161
3017
1480
3171
1479
1161
3013
3705
3444
3658
3016
3017
388
3026
3700
725
1156
3022
1161
3172
3022
3447
3016
388
1479
3024
3017
1161
3699
3445
3016
1161
3013
3702
3171
1470
746
1161
3170
3022
677
1161
3658
3017
725
1161
1161
3026
3658
725
1156
725
388
1161
3022
3171
3444
3017
3026
565
3017
3664
1161
725
1156
3022
3024
3416
3024
3024
677
3022
3656
3024
3026
388
1479
1161
2983
1161
3024
566
1161
1161
1156
3017
1161
3024
3445
3699
723
3697
3699
3017
3026
1161
1161
1161
725
565
3458
2983
1161
723
3026
677
3024
744
3416
3024
3444
3167
3695
3656
1161
3658
388
3416
3416
392
3444
3018
3664
1161
3017
3416
677
1161
677
1161
1161
1161
723
3658
1100
560
3700
3658
3024
3658
987
3648
3024
3694
2984
1161
1161
3416
2982
1161
1161
3458
3025
3416
723
3024
987
1161
3658
987
392
565
3152
3153
3658
2984
3416
723
744
3694
3696
3025
3698
3025
2983
3018
3152
3664
3018
3647
3152
3152
744
3645
3664
677
563
308
1162
677
3167
3698
3694
308
3155
987
3164
3153
3647
3025
3647
3152
3153
3693
3018
987
3693
3647
3152
561
3167
744
1462
561
545
3655
677
723
3692
546
3155
3655
3025
3161
3691
3655
3017
3647
3132
3164
560
3017
305
3025
744
3692
744
677
295
1054
3164
3161
561
1054
3691
561
295
3164
3655
3163
1090
3690
1054
3164
3164
677
3692
744
308
3163
677
560
677
3692
1054
3692
3132
3681
3164
3691
3164
3681
3691
546
561
1241
987
3691
3692
295
1054
1054
3681
560
3164
545
1090
677
1054
677
3692
295
3692
305
560
3692
677
544
1054
3083
3134
1054
3134
1056
1090
677
295
511
304
3134
677
3681
1090
3134
3096
1056
1054
304
3679
3681
520
305
1054
3134
1056
3134
3129
1006
1056
1056
3134
3679
1054
3691
544
1054
3132
3592
1056
676
1056
676
544
305
3679
1056
3680
1006
1006
699
511
3134
304
3603
1246
1054
1006
520
1054
3593
1056
3680
1006
506
3134
3092
1252
520
1006
506
3132
1006
3134
3129
252
3680
1090
3680
1056
3680
3680
520
1006
1349
510
3083
1246
1085
251
506
1006
3092
1085
138
1006
1252
510
1005
506
3680
1252
3133
3133
252
3096
3133
496
3592
1246
1005
3675
3135
678
3592
1246
1349
3135
3135
1085
3592
3680
247
3096
507
3675
3680
1085
1252
1005
1252
253
1005
1085
678
3083
1085
1371
247
3133
507
247
58
161
247
1085
3135
3135
1085
3675
3133
507
3675
3096
3588
1352
3675
1252
3131
507
1247
1085
3603
496
496
1085
1252
1085
253
3677
955
3096
1085
3092
1085
1085
1085
599
600
3675
253
3588
1252
1386
3131
3133
248
3588
1083
487
253
3677
904
3130
1247
1085
1274
501
3094
3133
3588
1252
1085
1335
487
1085
1085
1386
3094
1002
1085
1274
3677
700
253
248
129
35
3678
1248
1083
933
3675
3126
3086
3131
1085
1083
3675
1085
936
3126
1085
3675
246
1083
246
1248
3677
487
1002
3130
1085
3130
1083
3131
3086
929
115
3131
497
3677
600
3131
586
3688
940
3126
3678
3084
3682
3588
1247
3678
656
150
497
3588
1345
129
1083
3678
1083
1248
1248
484
3130
3126
3130
483
1248
3094
3130
1335
3682
1018
497
3682
246
5
1083
3126
3131
1083
1248
3678
3604
940
483
3688
3678
483
3126
618
3678
3682
1083
3604
3143
3143
3682
116
1088
500
3142
143
3678
483
3094
3678
1083
3142
3678
1018
3678
484
1083
3678
3142
3143
656
1083
1088
3084
484
484
928
3688
484
3678
3128
3678
87
3143
1018
128
1083
1083
1248
1018
3678
598
149
1083
3142
494
3143
3128
483
1277
3678
484
3683
3678
3678
3143
3143
1083
3142
484
1083
224
3678
3606
1018
3678
3084
1088
1077
3688
3125
1077
3128
1077
986
1077
3143
3678
498
3678
3142
3142
3689
937
83
27
3996
1083
3683
1088
3683
1077
494
1077
656
494
3125
3143
3689
3678
87
481
1407
3143
3586
595
3443
1088
87
3142
83
1077
485
3142
3683
3078
3606
3142
1088
1077
986
3688
3128
481
1333
3689
1249
3689
3125
3689
1077
1077
3142
3143
1088
3683
3142
1277
1077
3443
494
3683
1088
3443
230
3683
485
986
3125
3143
897
485
3142
3689
3683
1077
3443
87
585
3443
1249
3683
3689
481
3442
3996
3079
3070
485
3442
485
3141
3443
1077
23
3442
925
3689
493
3683
146
481
3443
481
3586
1077
3442
3442
3442
481
3689
1249
1077
3120
3689
3683
3120
109
481
493
1088
3442
83
986
493
649
485
982
3606
3683
3689
986
3689
481
3442
481
3065
1088
1082
3683
481
485
3079
1334
3443
193
3996
485
83
230
3683
493
1271
3606
3689
482
3996
3141
3443
495
3443
3442
3606
86
3683
1408
3443
495
3120
110
1249
3442
499
3689
1077
3443
147
482
1011
482
3689
495
3689
3065
587
1082
1077
3141
3027
3683
86
482
3608
1011
3443
606
3996
3689
3996
39
975
3141
3689
617
3683
926
3683
86
1249
86
3689
3443
3689
1011
3689
3065
3079
3689
3443
1249
84
3442
3141
126
3442
495
3689
3994
1082
1082
3120
975
482
3683
482
3689
3442
495
3599
3686
3443
581
482
3673
3075
3441
1082
3027
495
3689
934
3065
3443
1397
495
495
3442
3065
1082
3441
1276
581
3643
225
1392
1269
499
3686
3137
3643
3689
84
241
3673
3689
3438
3686
3065
480
579
3994
482
3673
3137
981
1068
3137
3994
53
3141
196
42
221
3075
3686
482
1389
975
606
1087
975
495
495
3072
1087
480
1269
1243
1068
237
3075
3686
969
3673
3072
3075
3608
490
3438
3137
490
3118
926
1067
3028
3118
490
486
40
3441
480
3599
3686
495
3686
3686
3441
1389
3438
3673
985
3438
3643
3673
1243
3441
3686
3994
965
3075
3441
486
3686
1087
3686
3075
490
3599
1389
3438
3137
3441
3686
581
1256
3075
1395
3438
486
220
3441
3438
194
3441
480
3075
1068
579
3673
3686
490
3118
3673
490
981
1391
1089
3137
981
85
3137
3600
603
3072
3994
3673
579
3028
3673
93
486
3994
160
490
486
89
3673
3118
3438
1244
1256
3441
1250
490
153
3072
3686
3441
1025
3441
3438
40
3673
1012
3118
81
3137
478
3686
983
3438
980
3644
3994
486
3438
3438
3075
582
603
3137
3673
1260
3438
3072
3118
3441
1244
216
3072
1391
3441
479
486
1089
3075
3686
582
1256
1063
3687
492
3438
478
3118
3608
1086
3687
3610
3075
82
3440
3137
3438
3075
3610
3438
1032
478
1065
479
3438
3137
3995
478
935
3072
603
935
3440
3995
3600
1260
1234
3439
3118
1232
1391
492
3075
3439
3137
3118
1232
3440
3137
3439
1016
1260
1022
3995
3073
3440
938
55
3687
3075
582
3674
1234
3138
3439
3028
492
3439
3077
82
3995
3439
478
3138
9
1260
3138
582
603
3119
3687
3610
3674
3138
924
82
3439
3077
3687
890
3440
479
3995
582
1390
3674
492
923
3077
914
919
1257
3030
1234
1024
3077
3439
3030
1257
3119
3995
3440
3119
3439
893
603
1396
582
3687
3439
91
477
915
3077
1257
3119
3440
12
3687
3138
3644
3600
8
215
8
1390
604
3439
477
3687
3995
3138
3440
578
491
492
3073
3119
3138
1231
1021
1024
3601
1257
892
3138
3077
3077
491
917
578
215
3439
477
1390
3138
3995
3119
3687
3119
3440
1396
3672
3995
578
3077
3119
1231
3138
1021
491
13
3610
3672
604
3030
3440
604
491
578
3440
891
3580
3138
3580
1231
3995
3077
3439
3439
3030
917
3077
3601
3685
3440
3439
477
3119
917
3439
1020
3684
604
1258
3136
491
916
3119
3684
10
3077
476
3138
3672
215
1230
3136
3139
3029
3032
3580
476
3609
97
3139
3140
1020
3122
578
3077
3119
1319
491
3672
604
1394
3672
3685
602
922
3122
3601
3029
97
3139
3684
3672
476
476
3684
602
3601
1319
88
218
3140
3136
476
3076
489
580
1394
489
580
916
3122
1258
101
3601
3136
921
602
1023
3122
3685
3580
3609
218
1023
99
580
3598
489
580
602
94
3672
489
1230
3139
3122
1394
911
1229
580
3136
3032
3136
1319
502
3579
3029
3122
3597
3670
602
3136
488
3579
3139
3670
101
3140
1255
3140
3139
3076
1355
921
88
3684
580
913
489
1258
3140
3598
580
3122
99
1353
1023
98
502
3579
3074
3089
1353
3671
1318
1353
601
3074
217
3671
3121
1229
3579
912
921
1229
1229
601
577
1355
3124
103
3670
1353
3124
1255
605
504
920
103
920
3089
605
1019
605
3596
504
1318
1255
1354
3121
3596
3671
577
3123
3124
1229
504
217
1354
1318
3123
920
1019
601
103
104
3031
577
1019
601
488
3121
1233
1019
3123
3595
1233
3595
601
104
217
503
516
1354
3087
505
1259
516
1228
3123
920
601
3124
577
219
3124
1320
1233
3088
3088
3594
3123
503
1320
1228
3595
3091
601
1227
698
1354
672
3594
698
672
505
3090
698
1228
517
1228
1320
503
1259
219
219
1227
3578
1317
516
672
1227
3090
1227
1254
672
698
3091
3088
672
518
3088
1317
1254
672
3090
3080
1253
3090
1317
517
673
3088
3081
3577
505
3082
1253
3080
519
3091
673
1317
517
518
3080
3082
519
3082
3081
675
1253
1316
519
519
518
3081
674
519
3081
673
3081
674
3081
3081
673
3080
3080
673
3081
3081
4798
2947
4770
2174
2570
2191
4163
2175
2181
2183
2573
4160
4160
2189
2578
2189
4160
