6712
6688
6754
6668
6711
6761
6688
6760
6668
6756
6676
6626
6671
6754
6747
6815
6840
6797
6838
6754
6812
3360
3360
6745
6831
6850
6805
3355
6804
3283
6708
6666
6828
3426
3458
6809
3458
3407
6674
6666
6810
6828
6815
3458
6808
6828
6711
3438
3426
3359
3362
6626
6668
6667
3426
6815
6828
6709
6828
6805
6768
6812
6828
6761
3310
3425
3352
3424
6706
3360
6756
3273
6810
6815
6838
3284
6828
3362
6797
6656
6667
3439
3458
3355
6707
3266
6828
6844
6828
6706
6668
3441
6652
6761
6691
3426
6652
3355
3268
3266
6706
3445
3266
3445
3425
3266
3449
6668
3408
6799
6744
3268
3426
6745
3404
3449
3284
6652
3261
6709
6709
3261
3379
6706
3258
3257
6676
3426
3426
3346
6706
3310
6809
3253
6805
3316
3352
3268
6797
6812
3266
6828
3443
3379
6810
6707
6769
3258
3250
3407
6844
3266
3284
6626
3257
3453
3439
3309
3449
3444
3355
3379
3253
6799
3458
3268
6810
3257
3258
6828
3446
3426
3453
6674
6652
3266
3453
3440
6667
3254
3309
3319
3453
6752
3426
3258
6815
6652
6652
6812
6773
3253
6760
6652
3254
6706
6706
3268
6769
3250
6805
6773
3310
6761
6797
3426
6804
6709
6797
3254
6815
6799
3426
3268
6810
6671
3360
6656
3407
6711
3266
6680
3258
3423
3409
3253
3424
6711
6706
6706
3453
6626
3261
6745
6656
6828
6805
3250
3408
6788
3261
3426
3266
3445
3359
3319
6668
3253
3446
3360
6712
3426
3447
3453
6828
3442
3426
6788
6799
3354
6788
6706
3449
6652
3458
3423
3316
6706
3446
6760
6667
6706
3424
3253
6652
3426
6790
3253
6769
6714
6738
6676
3426
6652
6652
3446
3408
3355
3250
3453
6788
3266
3253
6804
3378
3343
6804
3254
6668
6772
3244
3404
3344
3258
3453
3284
3398
6772
3356
6805
3268
3268
3254
6656
3258
3360
3354
6711
3254
6652
3449
3426
6790
3443
3383
3266
3257
3273
3254
3261
6810
3253
6746
6767
6707
6788
6797
3398
6706
6674
6664
3431
6788
3309
3338
3439
3355
6707
6797
3253
6812
3370
6803
3355
6788
3379
3254
6797
3319
6798
6706
6652
3378
6806
3449
6756
3254
6706
3253
3356
6652
6790
6676
3426
6652
3426
6652
6656
3266
3252
6767
3257
6814
3253
3276
3266
6652
3261
3253
3254
3404
6788
3426
6711
3426
6652
6747
6788
3404
3254
3258
3426
6668
6626
3426
6810
6668
6671
6709
3383
6790
3343
6707
3411
6788
3284
3440
3404
3301
3404
6691
3379
3398
3261
3404
6667
6652
6652
3383
6797
3283
6686
6652
6743
6768
3404
6680
6813
6790
3383
3310
6707
6790
6668
6754
6796
3423
3379
6707
3404
6746
3253
3250
3253
3439
3445
3374
3250
6652
3253
3253
6626
3266
6806
3377
6787
3253
6797
3449
6708
3373
6626
6652
3404
6803
3410
6682
3258
3404
6803
3266
6806
6652
6743
6652
6664
3405
3261
3360
3406
3266
3368
6674
6664
6787
3284
3355
6814
3373
3398
6668
6709
3283
3374
6652
3404
3377
3253
6668
3309
6691
3404
6813
6656
3374
6652
6667
3351
3305
6711
6667
3352
6652
6754
3426
6706
6806
3383
6796
3253
3257
3261
3399
6744
3253
3403
6681
3304
3378
6691
3305
6674
6683
6667
3398
6714
3268
6796
3424
3253
6706
6668
3273
3257
3379
3283
6814
3376
3405
6768
6711
6691
3261
3383
6674
6668
6787
3438
3383
6707
3383
3261
3403
3290
6746
3369
6711
3261
3304
6681
6787
3254
3261
3305
3360
6787
3284
3284
6787
6667
3352
6668
6803
6768
6803
3305
3385
3304
6768
3301
6811
3283
6664
3273
3383
6674
3266
3309
6674
6787
6746
6691
6745
6676
3305
3374
6667
6667
3354
6667
3309
3355
6767
6813
3406
6814
3305
6664
6743
3405
6814
6745
6796
3346
3383
3383
3403
3343
3283
6668
3257
3304
6714
3304
6676
3266
6664
6664
6745
6676
3353
6811
6806
3309
6803
6686
3273
6676
3269
3305
3384
6746
3261
3309
6787
6744
6709
3402
6674
6787
6787
3403
3305
6787
6714
3257
6674
3346
3309
3344
3309
3309
3257
6664
3398
3377
3419
3338
6664
3309
6668
3305
6676
6711
3304
3373
3368
6741
3309
3403
6676
3266
3261
6686
3385
6813
3342
3346
6796
3304
3376
3346
3343
3338
6787
3343
6745
6743
6811
6802
3403
3338
6819
6744
6806
3352
6711
3367
3257
3392
3338
6819
3378
3343
3257
6744
3377
3338
6767
3339
3398
6668
6767
6780
3384
6795
3391
6768
6794
3346
3344
3371
6794
6743
6771
6800
3343
3367
3410
6771
3344
3376
6743
3343
3418
3418
3384
3405
3385
6745
3371
6818
6739
6744
6794
3398
6746
6743
3419
6787
6767
3402
6817
3344
6796
3339
3366
3418
3339
6819
6767
3377
6817
3385
3410
6816
6745
6739
6780
6801
3344
3376
6741
3368
3342
6794
6800
3339
3401
6744
6794
6794
6781
3339
6743
3385
3344
3393
3403
6766
3402
3382
6819
3419
6780
6765
6771
3365
3333
3392
6801
3334
6743
6735
6780
6780
3416
6794
3405
6795
3367
6801
6767
3392
3418
3367
3402
6818
6743
6781
3419
6782
6768
3344
3344
6781
6795
6743
3393
6795
6794
6733
3365
3391
6794
6870
6733
6794
3392
6767
3346
6801
6819
3382
6766
6818
3401
3391
3416
6794
3391
6800
3365
3366
6766
3344
3367
6735
6801
6766
6794
3402
3418
6736
3392
6728
3365
6767
3401
6794
3392
6800
6794
6795
3402
6766
6729
6767
3332
3366
3330
3419
6731
3333
6870
3333
3402
6800
3382
3333
6870
6870
6728
3391
6795
3418
3365
3366
3401
3433
3416
3333
6728
3367
6735
3392
6767
3433
3332
3334
6736
6870
6731
3367
3332
6800
3334
6801
6728
6870
3401
3434
3433
3401
6729
3401
6735
6731
6870
6801
3331
6800
3367
3401
3332
3332
3366
6730
6767
3331
3402
6729
6801
6801
3331
6870
3433
6732
6800
3401
3333
6728
6870
6729
6730
3333
6730
6729
3434
3335
3401
6870
6801
3200
3331
6735
3335
3331
3402
6732
6730
3401
3333
6800
6732
3331
3401
6731
3401
6728
3210
6801
6870
3331
6729
6725
6870
3434
6730
6736
6736
6735
3434
3434
6735
3335
3334
3401
3333
6800
6729
6736
3331
6728
6607
3334
6735
3433
6735
3334
6729
6729
6735
6607
3325
3335
3433
3335
6726
6727
6610
3433
3211
6603
6727
3200
6605
3335
3210
3326
3335
3335
6735
6605
3206
6735
3211
3325
6730
6727
6727
3211
3326
6605
3326
3435
3434
6730
3331
3200
6609
3326
6605
6608
6727
3211
3210
3200
3210
6607
3200
3211
6609
6727
6726
6607
3325
6603
6607
3326
3200
3200
6727
6727
6607
6727
6608
6727
3326
6609
3325
6609
6726
3326
3326
3326
3199
6608
3200
3325
6608
3204
6608
3325
3204
6607
6726
6608
3206
6726
6724
3204
3204
3204
3326
6605
3178
6607
3323
3200
6726
6724
3200
6726
6724
3323
3326
3320
6724
6724
6608
3320
6605
3323
6608
6723
6608
3194
3323
3320
3199
3323
6724
3323
6724
3323
6577
6608
6724
3178
3194
6723
3323
6723
6605
3191
3200
3178
6598
6608
3323
6608
6723
3323
3320
3323
3323
6723
3323
6723
6723
6596
3178
3323
3178
6723
6591
6591
6598
6723
6723
3324
6723
3178
3194
3191
3194
3191
3323
6591
6723
6722
6577
3324
3322
3178
6598
3178
3194
6598
6587
3324
6577
3178
6722
6576
6587
3178
3189
3191
3322
6596
6722
3191
6592
3322
3322
3322
6591
3178
6596
6592
6587
3322
3322
3322
3322
6722
3189
3322
3322
6722
6722
3322
6722
6598
6722
3322
3322
6596
3322
3322
6720
6592
3322
6592
3189
3322
3322
6592
6592
3322
6592
6592
3322
3322
6592
6592
6592
3322
6587
6592
3322
6592
6592
6592
6592
6720
3322
3322
3322
3190
3322
6593
3322
6592
3322
6592
3190
6592
4607
6588
3190
3190
3322
3190
3190
3322
3190
3190
6590
6593
3190
3190
3190
6588
4606
1121
4607
4607
4607
6588
3187
4849
3187
6588
4607
4849
3187
3187
6588
1121
6588
1375
6588
4849
4623
4849
3190
4606
1375
3187
3187
4606
1375
3187
3187
3187
4607
1375
3190
1121
4619
4622
4623
1375
1133
4622
1124
3187
4622
1375
4623
4849
3190
6588
1121
1159
4623
4645
4606
4622
4606
4645
4622
4849
1122
4607
4849
4849
1121
1123
4606
1133
4619
1122
4622
1123
4607
1375
1123
1375
1133
4645
4621
1130
4618
1124
1133
1133
1159
1130
4622
4621
4623
1136
1130
4609
1136
4623
1133
4621
1123
4606
1375
4645
1375
4622
1124
4645
1157
1533
1533
4606
4608
1533
1131
1123
1159
4618
4621
1123
4848
1376
4644
4644
1131
1131
4848
4608
1133
4622
4848
4599
4608
1533
1125
4602
1130
1134
1136
4848
1136
4605
1122
1131
1133
4612
1134
1157
1376
1133
1159
1533
4609
4617
1120
4605
4608
1131
1131
1125
1533
1131
4599
4848
4617
4848
4848
4620
1133
4615
4602
1376
1131
1131
4620
4644
1106
4620
1136
4644
4602
4848
4615
4605
4644
1131
1106
1105
4644
4608
1106
1131
4608
1532
1125
4603
1157
4599
1157
1130
4605
4615
1532
1106
4599
1129
4644
1128
1135
1129
4620
1129
4602
4602
1113
1113
4644
1126
1157
4608
1129
1126
1157
1376
4644
4644
1105
1132
1114
4848
4847
4644
4615
4644
1135
1113
1127
1132
4605
4608
1120
4615
1106
4615
4644
4599
4605
1129
5003
4605
1114
1126
1106
1126
1105
1127
4591
4591
4594
4594
4616
4602
1129
1108
4602
4601
1135
4564
1107
4643
1157
4620
4620
1132
4643
4948
1126
4847
4946
1129
1158
1114
1132
4600
1114
1108
4643
1113
1132
1127
4945
4847
1127
1120
4847
1132
4564
4600
4564
1374
1374
1127
4605
4643
4847
1077
1135
1157
1107
4948
1135
4593
4847
1108
4563
1158
4643
1132
1127
4613
1132
1158
1111
1076
1374
4946
1473
1116
4643
4564
1115
1472
4601
4593
1475
1135
4600
1107
4643
1472
1110
4846
1373
4600
4643
4847
1158
1472
4601
1107
4563
1473
4601
4946
4563
1473
1111
4592
4601
4593
1111
4600
1530
4643
4604
4643
4846
1108
1155
4601
4948
1472
1472
4564
4592
1472
1119
1076
1087
4600
1475
1110
4948
1475
5002
1155
4946
4563
4945
4564
1077
4941
1472
4846
1473
1475
1373
4641
4945
4593
4641
4641
1110
1531
1373
1111
1156
4946
1119
4944
1472
4641
1472
4846
4592
1119
1075
4846
4561
1373
4948
1155
4593
4641
1472
4584
4948
4584
5001
1475
4561
1087
1472
4573
1110
1473
4641
1472
4584
4641
1155
4846
4561
4584
1087
4939
1475
1112
5002
1088
4573
1467
1475
4944
5001
1466
4573
1087
4846
4944
4581
4641
1095
4641
1112
1473
4846
1075
1372
1467
4561
1373
1471
1467
4562
1531
1109
4573
4642
1095
4947
1090
1467
1372
1475
1466
4584
1078
4845
4562
4573
1467
1467
4584
4642
4584
1471
4947
1104
4642
1109
1467
4642
1466
4584
4944
4574
1156
4845
1156
4590
4845
4574
1109
4939
4939
4942
4642
4590
4642
1100
4582
1156
4583
1467
1088
1467
4587
1474
4939
4642
4596
1467
1112
1096
4583
4576
1088
1156
1466
4583
1467
1095
1095
1095
1096
4638
4663
1372
4663
1466
4941
1372
1372
4941
4588
4576
1471
1094
1474
1100
1372
4638
1101
4575
1156
1089
4587
1104
4582
1092
1372
1088
4576
1465
4642
4582
1093
4589
1156
4942
1096
1104
1088
1465
4942
4639
4576
1468
4642
1474
4638
1094
4589
1468
4663
1152
4575
1100
4583
4588
4583
4589
4663
4583
4940
4638
1091
4942
1465
4638
4942
1178
1088
4940
4638
5000
4663
4586
1156
4582
1526
1096
1091
1096
1468
4583
1100
1470
4582
1100
1098
1101
1178
1098
4938
4638
4589
1470
1104
1182
1468
1103
1182
4569
1101
1468
1098
1103
4664
4572
4638
4576
1091
4589
4942
4579
4663
1152
1094
1154
4938
4572
4640
4942
4942
4589
4663
4639
4639
4638
4586
1094
1099
1178
1184
1094
4575
1152
1084
1091
1182
1182
4589
1101
1178
4569
4943
4639
1470
4997
4586
4943
4640
1184
4572
4569
1154
1152
4938
4569
1098
1098
1182
4640
4664
1183
1103
4640
1470
4558
4640
4565
4943
4940
1097
4997
4640
1183
4662
1152
4578
4586
1178
4997
4664
4640
1081
1103
1103
1470
1184
1178
4565
4943
4558
1469
4640
1152
1184
1526
1183
4639
1099
4669
4662
4577
1091
4560
4639
1184
1527
4640
4572
1178
4640
4669
4640
4664
4569
4943
1102
1178
4998
1102
1152
4569
1183
1103
4572
4640
1084
4578
4560
1099
1083
4570
1184
4640
1083
4572
4558
1469
1102
4997
1183
1178
4558
1084
4565
4572
1183
1152
4662
1079
1099
4668
1181
4943
1154
1183
4669
4668
4570
1183
1079
1081
1099
4560
1180
4669
1181
1176
4637
1083
4943
1178
4560
4998
4565
4637
1084
4669
1103
1102
1527
1153
4637
4565
4844
1176
4665
4943
4572
1183
4637
1180
1102
1081
4560
1099
4570
4559
4844
4570
1176
4570
4571
4565
4997
1183
1177
4578
4570
1083
1181
1527
1183
4578
4637
1083
1183
1153
4668
4669
4943
4998
4637
4560
4571
1083
4669
1177
4999
4637
1083
4665
1084
4637
4571
1527
4546
1064
4560
4844
1085
4637
4577
1102
1102
4559
1081
1183
1080
4565
1085
4999
4668
1176
1072
1177
4571
1183
1072
1064
4557
4667
1176
1181
4571
4637
4943
4557
4637
4669
4669
4844
1181
1072
1153
4568
4844
1061
1080
1073
1176
4570
4844
1180
1183
4844
1180
4559
4637
1073
1085
1177
1525
4665
4667
1079
1083
4567
4999
1080
4557
4637
1153
1073
4568
1072
4557
1073
4670
1065
4669
4670
4667
6873
1176
4559
1065
1064
4667
4668
1073
1067
6871
4667
1177
4637
1069
1064
4567
4571
1080
1183
4571
4571
4546
1067
1179
4843
4557
1057
1085
4843
1153
1064
4636
1085
4554
1069
4637
4546
6872
4557
1050
1176
1065
1177
4546
4554
6873
4670
4559
4557
1061
4667
4999
1057
4568
4843
4637
1072
6873
4552
1065
1179
1066
1072
1058
1153
1525
6872
4554
4571
1525
4568
4843
1066
4546
1086
1151
4843
4843
1069
6871
6873
1371
4670
1064
1371
1067
4636
1069
1064
6873
1073
4535
4546
1151
4541
4541
4554
1069
1073
1073
4554
4636
4535
1065
4540
4540
4568
1067
4843
1057
4556
1051
4535
4670
1074
1058
4636
4556
1074
4553
4556
1065
4541
4666
1069
1179
1057
4541
1065
1074
4553
1063
1371
1068
1063
4542
4843
1074
4539
4534
4540
4547
1371
4535
1150
1151
1179
1051
4541
1371
4636
4540
4547
3473
4539
4843
1051
1070
4546
1524
4636
1071
4552
1065
4540
4556
1068
1051
1150
4541
1150
4542
1069
4551
4636
4535
1068
1052
4542
4636
4551
4552
4540
4542
3474
1059
4507
1063
4551
1059
4539
4555
4843
1063
4545
1068
1003
1053
4553
1060
1060
4544
1370
4535
4541
4539
4636
4534
1063
4541
1371
1524
4534
4507
4553
4533
1055
4535
1052
4496
1051
4539
4499
4507
1370
4547
4540
1052
4506
4636
4539
4507
3473
3475
1059
1053
1063
3475
3474
4499
4506
4555
4547
1054
1150
4530
4553
1051
4499
1003
1524
4552
4539
4507
1150
4506
1054
4551
3474
1074
1150
4506
1063
1070
1370
1052
1070
3475
1370
4552
3473
4545
4533
4496
4635
1524
4635
4530
1062
4506
1051
4538
4553
1149
4504
4555
1003
4555
4548
4555
4496
4506
1054
1016
999
4498
4501
1003
4533
1070
4531
1017
1053
1053
1017
4504
4538
1370
4533
4496
4494
4541
4544
4547
4555
3473
1003
4496
3474
4530
4507
1000
1149
1370
1149
4506
1049
1052
4496
4530
1006
1370
4496
4494
1009
1523
4504
1054
4549
1055
4494
1056
4506
4537
999
1011
4506
1003
1005
1523
4493
4635
4537
4538
1016
3475
4544
1003
1017
4498
4533
4531
1149
4531
4550
1149
4493
4501
4504
1003
4538
4493
1055
4505
1048
4531
4540
4494
4532
1011
4504
1017
4496
1006
1009
1370
1523
1056
1048
1523
1009
4505
1049
1019
1048
1000
1055
1013
4544
4532
4505
4498
4493
4505
4493
1006
1009
4536
1005
4549
999
4531
4497
1011
4516
1014
4550
1523
1005
4654
4492
4531
1003
4532
1056
1003
1048
1019
4504
1147
4843
4532
4494
4493
1523
4505
1049
4661
1013
4537
4492
1147
4516
4661
4505
1016
1006
1006
1523
1147
1147
4654
4549
4497
4993
4495
1014
1014
1011
1048
4536
1048
4661
1000
4496
4661
4487
1523
1019
4516
4516
4516
4993
4661
4497
4532
1003
4532
1006
1009
4661
4492
4495
1049
1005
1011
4661
1019
1049
4549
1000
4661
4490
4661
1008
1006
4661
4522
4487
1147
1003
1014
4536
4660
4519
4498
4491
1015
1010
4490
4496
1147
4516
1013
4494
4516
1000
1019
4516
4491
4993
4491
1147
4519
1523
1013
4661
1020
4549
4516
1042
1006
4490
1014
1010
4508
4654
1045
4496
4661
1523
1010
1042
1048
1015
1003
1009
1008
4660
1005
4660
1005
1042
1015
1019
4517
1015
4522
4661
4516
4660
1000
1000
4993
1042
1147
4516
4520
1018
4660
1010
4487
1048
4518
1010
997
4517
1045
4488
1006
4517
1013
1015
4496
1000
1042
1003
1013
1042
4660
4549
4509
4517
997
4660
4517
4518
4491
1019
4517
4517
1015
4517
1010
1012
4549
4509
997
1000
4523
1004
1020
4517
4993
1147
4523
4517
1003
4517
4517
4488
4523
4517
1044
4510
4660
1044
1015
4517
4518
4508
4656
1000
1045
1042
1015
1003
4523
1018
1018
997
1042
4656
4660
4517
1003
4523
1148
1042
1042
4518
4517
1013
1042
4517
1020
4518
4517
1044
1045
4517
4523
4462
997
1029
1003
4656
1034
4518
4517
1043
1010
1004
4509
4517
4523
4509
1034
1014
1028
4517
4523
1018
4517
1012
1034
1028
4523
1018
4510
4673
1175
4517
4656
4517
1028
4517
4511
1044
1028
1028
1146
4524
4517
1010
4990
4631
4510
4523
1034
1012
4462
4517
1045
1034
4517
1034
4937
1028
1028
4656
1042
1028
1146
4937
4656
1018
1012
4656
1168
1185
4463
1014
1042
4631
4478
1034
4463
1028
1034
979
1028
4673
1034
4937
4937
4655
4937
1042
1175
1022
1028
4673
4656
4657
4656
1146
4673
1056
4673
4510
4443
4655
1028
4937
1028
4657
1022
4673
4463
4462
1185
4478
1022
1012
4657
1014
1034
956
4673
1168
4937
4631
1175
4673
1168
4510
1518
4937
1518
4990
6547
4511
4462
4463
4510
1518
4937
956
4990
4631
956
1144
955
4937
1034
4937
1022
1116
4657
4476
955
1168
4465
1022
1187
1022
1168
1023
1518
4673
1014
4937
4673
4465
4937
1185
1188
4513
955
4655
955
979
4655
4465
1056
1022
4672
4937
1188
979
955
1185
4937
4467
4673
1014
4937
4443
4656
4477
1185
1022
4467
1518
4473
1023
4672
4631
1022
4885
1022
4477
1022
4478
4990
955
4476
4443
1022
6547
4671
1518
4477
4473
1022
4465
4671
4671
4473
4445
4473
979
4467
6547
4445
1144
4990
1519
1023
957
954
1022
956
1144
6547
1185
4479
4480
4672
6547
957
954
1023
1185
4672
4672
6547
4479
976
4476
4473
1188
1023
6547
1145
4476
1023
994
1023
6547
1188
4481
4481
1145
1185
979
4479
1188
4481
4671
1519
4461
4631
1188
976
6547
1185
4476
4672
1039
4480
1022
954
979
1145
6547
4438
1145
4474
4472
1459
1519
1519
4631
4445
6547
6547
1022
4471
4472
972
4477
4461
4473
4446
1023
4671
4631
4475
4672
1023
979
979
1023
966
976
978
4481
4434
4461
957
1185
4445
948
976
6547
957
966
4481
957
1022
1024
1188
1369
6547
4472
6547
949
954
4989
4628
4446
4438
4474
4672
978
978
4446
4457
977
1458
4472
4475
4433
1142
969
4446
4471
978
1369
1519
4480
977
948
1023
4481
1456
1142
977
1369
4628
4445
978
986
4842
980
978
4480
4433
4930
969
4481
4434
949
4456
4434
966
975
1456
969
949
4446
1462
1369
4445
4433
1142
4480
976
4475
4438
4461
4446
1456
4445
952
4475
954
1142
4433
4842
4446
4456
4474
4457
4474
949
952
4433
978
4448
980
4452
4460
4457
4935
972
4433
4480
4842
948
978
978
4472
969
4439
966
951
966
4447
4628
4628
952
4439
4447
1462
4452
4446
4433
4448
966
978
1369
977
1456
949
981
4932
4453
948
4448
1456
951
1142
4433
1369
4930
1459
1462
4474
4842
4434
1369
4628
1462
4447
4456
1142
4458
4457
972
948
1456
4453
4438
966
949
977
969
4842
977
977
4433
4460
4452
4935
950
1142
949
4448
4930
4439
949
969
4456
978
1460
4453
952
4447
4628
962
951
1456
962
4448
4460
1369
4438
4448
1457
4447
4433
1142
948
4930
4447
968
4460
4841
4432
4438
970
962
1369
4932
948
966
4435
952
4432
4931
968
948
953
4452
4932
4841
4439
1457
4432
4459
949
1462
1462
4930
967
4453
975
4436
1457
4432
959
4931
948
4448
975
4448
4930
1143
949
967
972
4460
949
4930
975
4458
4932
972
4936
1459
948
962
4933
4448
1459
971
4460
4458
959
4448
959
4932
1368
4437
4435
4435
962
4458
4454
950
4448
1462
4432
4437
1368
4436
4448
949
4453
4934
4629
4629
4447
1459
4435
1368
953
4459
1368
1143
4459
4432
1457
1457
968
949
968
4455
950
4447
962
967
4452
4931
4454
4936
4447
4933
967
4436
949
4929
967
947
967
1143
968
4458
4436
4841
4455
947
950
953
4432
974
4437
949
972
974
4432
1459
4448
4936
4929
4629
959
962
974
4436
1460
4437
4435
4448
962
4455
4934
1460
1457
1457
1368
4447
4447
4435
974
962
4459
950
4934
4448
4460
4444
4936
4394
972
4460
965
1459
960
4839
953
4629
946
4458
946
4448
4454
4393
4841
968
936
4454
4437
972
960
4391
1462
4929
953
4393
4436
974
1454
967
946
947
4391
4444
961
963
947
4936
1462
1143
4459
4459
4394
1368
1368
4933
1454
4437
1454
4454
4393
1454
4444
971
910
935
910
4934
4392
4839
4391
960
935
4436
946
4392
4444
965
4933
4927
4398
936
4392
4389
961
4398
936
899
4422
4927
911
4458
4392
960
4934
972
4391
4929
4444
4386
974
911
899
4936
935
4391
4392
4455
960
4450
4393
4397
900
911
4423
961
4839
1366
961
964
946
4393
908
4927
4393
4397
4386
961
1366
4444
972
972
4450
908
908
4933
899
964
4362
946
4389
4840
4450
1360
4388
4397
4392
4387
4388
4386
4444
4423
4449
4388
909
1360
961
902
909
4450
4391
4391
900
4394
974
4398
964
4389
4927
4393
4361
972
964
4422
4387
4444
905
907
960
960
906
4391
937
4444
4423
4386
4422
1361
899
4444
937
899
908
4444
1366
963
4927
4389
902
4451
4361
934
4840
961
4391
4395
961
4392
4395
4361
1360
4449
902
4423
4388
907
4451
4391
937
4387
899
4388
1366
1228
1228
4386
1228
906
4395
909
935
4392
912
4391
4387
907
4361
909
1228
4392
4836
900
958
902
4389
4359
4389
4359
912
902
963
907
4840
1367
958
4840
907
908
1361
4421
934
4362
4359
906
904
900
1141
1367
905
4391
4392
4451
4362
4836
904
4389
904
4388
1225
4451
906
4423
4391
899
1225
4421
4708
1476
958
908
4840
4449
907
4337
958
4396
4708
905
906
4361
4836
906
1141
4396
4359
1476
4361
4423
1141
4359
898
4359
3128
4363
4341
900
4391
1275
4384
4389
4361
4337
904
902
4386
4384
4337
1140
4359
905
963
4390
4835
963
906
1367
4709
907
958
4341
4336
4338
4972
3132
905
902
3132
4359
4338
901
904
4337
4364
958
958
4336
4361
1275
4709
4337
901
4385
4390
3136
958
4336
4420
1499
878
4421
899
4420
905
875
906
4359
4421
1138
4385
4384
4337
898
4758
4710
4709
904
4385
4708
875
902
4359
4336
4758
4385
1275
934
4364
4337
1225
4338
1500
905
1226
878
1500
4359
4835
958
1224
4390
3132
4336
4710
4972
1222
906
4390
4364
906
4340
4338
4336
4385
4363
4835
852
906
4711
4360
1500
853
4360
904
4625
4363
4336
4384
4384
1139
1535
4431
875
875
874
1223
4364
4972
1452
4360
6557
4431
874
4626
904
903
4360
852
4420
898
1499
4336
901
4390
4364
4337
6557
4337
1226
1139
874
850
901
849
1166
4364
4334
4364
4626
877
4385
4420
4627
1166
4358
901
1163
853
874
4647
4711
4334
874
849
4335
4360
1452
903
849
901
6554
875
6557
901
4714
4714
1355
4364
850
875
4335
874
4385
849
1362
4627
4711
6557
4714
4747
4363
4340
4339
4339
4360
1226
4431
4360
1362
877
876
4360
898
6553
1160
4335
4335
852
4385
4431
1515
4358
4646
4334
3133
4340
6554
1163
898
4364
876
3133
1452
1516
849
4647
874
4971
4364
877
1210
4334
4360
849
4360
4335
4334
4360
877
4926
876
850
3133
853
4358
4358
4358
4627
4321
1362
849
4714
901
4627
903
6553
6553
4646
1163
4335
1364
4360
4431
4837
4335
4971
871
853
4334
874
849
4838
850
1167
4974
4322
4926
901
4627
849
1362
852
1231
873
4360
4321
852
4973
6553
1210
4360
4926
1362
850
4837
849
4746
4974
1453
1362
880
903
4648
1231
4358
4322
4973
1453
871
871
4321
4926
4837
1162
4334
6506
4747
876
1453
4648
1231
901
1453
1362
4974
871
1162
4334
4358
852
873
876
4926
871
4950
4837
849
848
1501
4974
1362
4950
4431
4365
873
1362
4646
850
4648
879
4320
4837
871
4358
4357
871
4325
849
1160
854
903
1362
6506
850
4974
873
879
850
871
4950
4358
4950
4713
850
1477
4925
4712
4368
4925
848
4712
4357
4746
876
4358
1209
839
4357
4747
854
872
1209
873
873
840
6512
879
4325
4325
4335
839
848
945
835
4973
4358
1477
4357
4365
4713
873
1502
4357
872
1209
4326
1160
1501
4925
4320
4950
1162
4320
1162
835
4319
4324
855
4712
4712
839
4746
4367
840
873
4713
4950
4325
4325
4325
881
1453
835
848
1477
4326
4713
4324
4694
903
848
879
3150
4648
855
1161
4367
4326
4974
835
838
840
6513
839
4357
4323
4649
4648
839
4713
6508
4367
4324
1209
945
4712
4746
6512
4950
1540
4694
881
1208
837
4712
855
854
6507
834
1502
851
1517
1540
1208
6505
6556
6513
4950
6513
4950
838
835
6513
4950
4324
4366
1208
4323
1502
4988
4326
4713
881
6517
4326
1501
1479
4371
6556
4746
4712
4324
1479
4974
4367
838
4713
840
1479
837
1540
838
881
834
848
4367
4649
4323
848
851
1540
837
4974
3150
4694
851
4367
4649
4371
838
4713
851
837
834
833
1502
4367
836
881
4713
6520
881
6878
4323
4370
882
3135
1502
4950
4713
4712
4371
6514
945
4712
848
6520
6551
6878
4713
945
837
1161
4988
838
848
886
6556
6514
881
4366
4323
836
4366
4370
4951
1263
6514
945
1479
1263
882
6521
6505
6551
885
1479
1541
6566
1161
882
1208
6521
4951
4370
1541
885
848
6566
836
1541
885
4372
4988
1502
4802
1517
4372
4988
3148
3090
1501
1479
3090
1517
4366
6505
886
4802
6514
3090
886
6552
3103
1229
4803
4953
1541
6520
882
6563
6556
6878
1502
3103
833
1502
945
6514
4951
6514
6507
4803
885
4372
851
3148
6520
4803
4759
6878
4951
1230
4759
3103
885
882
6563
3148
6551
4988
6505
1517
6521
3088
1517
882
1263
4369
882
4372
4951
4802
1230
3103
883
6566
3090
1276
4369
6561
1230
886
4803
3148
3088
1230
1229
4953
3082
6551
884
1264
6878
6528
1478
4759
3089
4952
6552
6552
3089
3081
3482
3148
3135
6528
1276
6529
3480
1479
1264
6528
4951
6878
4953
3135
1479
1230
3135
4803
1480
6562
6517
4760
1479
6529
4802
3482
1479
4759
6561
4759
3482
6518
6563
6518
3480
883
3089
3143
4803
6529
4951
3088
1276
4759
1230
4369
4951
3480
6521
1276
4760
884
4970
1276
4802
1229
6562
6561
3482
3482
6556
3143
6561
6565
3141
6527
6878
6519
884
1277
6878
6551
4803
1229
6552
3145
1230
4760
6562
1230
1276
4953
1276
6529
1264
4803
6528
3089
3084
6564
3096
3141
3480
1277
1478
3089
4759
6527
1276
1277
1276
3143
1480
3105
6519
6541
3142
1230
6528
6878
4803
4760
3097
1276
4760
1264
3480
4951
884
3140
6562
6555
6540
6874
3144
1264
4953
3093
6560
3096
3145
1230
3147
6540
1480
6874
3135
6527
1276
4802
4970
4759
4802
3135
6542
4970
1478
3081
1276
6541
6560
6551
1323
1480
1277
3135
6874
6519
4952
3142
1277
6552
3480
6519
4951
4921
6518
4970
3141
6552
1229
3140
6527
4802
3130
6550
3093
1480
1478
5842
1478
6542
5732
5842
5842
6541
1277
1229
3141
1229
3105
5842
4816
3081
914
6555
4760
5732
5842
3104
5732
5842
4402
4402
4760
5732
4970
1480
4402
5732
6559
5732
1481
4952
5732
914
5732
1277
5732
6555
5842
5842
1323
5732
4760
6552
6542
3106
6874
5732
6550
3084
5732
1322
3130
3105
5842
5732
5732
5842
1323
6555
6510
1498
1323
6874
5842
5842
5732
4920
3119
1481
3106
6560
4402
5842
5842
4692
5842
5732
1478
3140
5732
3140
4816
6559
4760
3480
1478
4970
5732
1323
6542
1277
4952
5732
5732
4815
6874
4760
5732
5732
6541
6540
4970
5732
5732
1339
6555
5732
1277
3140
5732
3104
4921
5732
6560
5732
6559
5842
3120
5732
4692
5732
6558
5732
4816
1322
4399
5732
4402
3476
5732
5842
914
5732
914
5732
3139
6550
3146
6558
5732
3094
6560
4402
5732
6555
5732
3120
1478
6531
6510
5732
3106
5732
6558
6555
5732
3130
5732
5732
4928
3119
4920
4401
4921
3476
1481
1339
914
914
4399
5732
4399
5732
4402
5732
5732
6531
5732
5732
5732
6558
4928
3131
5732
5732
5732
3119
4399
4692
4730
1207
6874
6550
6510
5732
4920
5732
3476
5732
5732
4399
6555
4401
5732
1322
5732
4692
914
4350
3104
5732
6559
5732
5732
3131
5732
5732
3511
3095
5732
4399
3095
6559
1478
5732
3121
4730
1323
863
3121
5732
5732
5732
5732
866
1207
3139
5732
4349
6550
5732
6555
915
5732
4402
5732
4399
5732
5732
5732
6531
5732
5732
4921
3118
914
5732
4349
5732
5732
3117
3094
913
3134
5732
5732
4986
5732
5732
4399
3130
5732
1322
4399
3117
4692
5732
5732
3118
5732
5732
5732
3129
4921
1322
5732
5732
5732
3138
3131
5732
5732
4399
5732
4402
866
6874
5732
4349
5732
5732
5732
4692
5732
6555
4921
4350
4920
915
863
5732
6532
4692
5732
3119
3511
5732
3134
5732
3476
5732
1207
5732
5732
4731
1207
5732
5732
5732
913
4399
6539
5732
5732
5732
1248
3129
6558
2270
5732
863
2270
5732
2270
5732
6532
6555
5732
5732
3139
4399
6550
4730
2270
866
4401
1322
5732
4399
3130
4399
2270
5732
2373
2270
5732
4399
2270
2270
5732
5732
915
5732
2373
1455
4920
2270
6539
5732
5732
5732
2380
4921
5732
3117
5732
5732
6531
5732
5732
5732
2270
3118
5732
5732
2270
4731
3138
5732
3129
3095
3476
5732
4401
2270
2270
2270
5732
5732
1808
5732
4311
6516
2270
5732
5732
5732
2270
5732
4419
5732
2270
4399
4692
5732
5732
4986
6516
5732
4352
4401
2270
5732
4692
4985
5732
5732
6509
915
2270
4399
3118
5732
5732
5732
3131
5732
3137
2270
5732
2270
4399
3134
5732
2270
2270
5732
913
2270
5732
915
3117
5732
5732
913
5732
5732
913
2270
5732
5732
3121
1447
4693
2270
5732
5732
4297
1206
4399
5732
4986
1322
4297
2270
6539
3129
5732
5732
2270
5732
1248
5732
2270
3134
5732
3116
5732
5732
865
916
1206
4328
2270
2270
3138
4986
2270
2270
2270
2270
5751
5732
6532
5732
2270
5732
5732
3134
4352
2270
5751
4986
5732
4419
5732
864
5732
4400
915
2270
6539
2270
2270
4400
2270
5676
4327
2270
3129
4399
5732
2270
5732
2270
2270
4327
5732
2270
2270
4693
2270
3137
1447
3109
2270
5732
5732
2270
1448
4351
2270
3121
915
4298
4419
4328
5732
5732
5751
5732
6530
2270
5732
2270
4298
2270
4311
5732
2270
5732
4691
5751
864
2270
5751
4399
2270
2270
5732
5732
6533
2270
5732
5732
1447
4400
5732
916
2270
5751
3085
2270
5732
5732
2270
1205
2270
3129
1513
5732
3129
5732
4419
2270
6516
2270
4693
5751
6539
915
5732
5751
2270
4691
6509
2270
5732
2270
865
4400
5732
6509
5751
2270
4400
2270
2270
3110
6533
2270
2270
2270
2270
5732
2270
5732
1248
2270
2270
2270
6530
5751
1205
5732
5751
1513
5732
2270
1247
2270
5732
4400
1455
5751
5732
2270
2270
5732
1513
1808
2270
2270
3085
4311
2270
6516
2270
4351
3110
2270
5732
2270
2270
2270
3129
6535
5732
6516
2270
2270
5751
2270
2270
5751
1205
2270
5732
5751
2270
2270
5732
2270
2270
4984
4400
4691
2270
2270
5676
5732
1448
2270
4693
864
2270
1513
5732
5676
5751
2270
5676
5732
4985
2270
5751
4400
5732
3485
1514
5676
2270
4984
916
6516
2270
2270
2270
5676
1206
1514
1804
2270
4352
1455
4298
2270
5751
824
4352
1448
5751
4400
2270
5751
5751
3137
5751
2270
2270
2270
5732
2270
4328
1513
2270
5676
1448
4299
2270
4691
2270
3137
5676
2270
2270
2270
6515
2270
2270
2270
4691
844
4353
2270
5732
5751
5732
5751
4296
2270
2270
6516
1247
5751
5676
1514
4400
2270
1805
5676
4354
4327
5751
2270
5751
916
5676
933
1205
2270
4356
3109
2270
3085
4400
1513
6509
2270
1513
2270
2270
2270
2270
2270
1513
5751
1514
2270
2270
4693
5751
3092
5751
2270
2270
3109
5676
5676
5732
4328
2270
841
5268
4693
2270
5676
6533
2270
4691
2270
6535
6535
2270
5751
5751
1447
3110
2290
5751
5676
2270
2270
5751
1804
2270
824
5751
1805
2270
2270
1205
2270
1513
2270
4400
3485
2270
4400
2270
5676
2270
2270
1807
2270
1513
2270
3085
916
2290
4327
2270
5676
1804
4353
4691
6509
6515
5751
2270
3085
3110
4984
4400
2270
4312
5751
2270
5676
2270
2270
2270
2270
3485
5676
2270
3111
2290
2270
5676
6530
4312
6515
2270
916
4691
6511
2270
2270
5751
6535
1514
4691
5676
6530
5676
2270
2270
2270
6533
2270
2270
2270
5751
1513
2270
933
2270
2270
4693
2270
1806
5676
6511
2290
5676
2290
1513
2270
5676
2270
5676
4691
2270
1205
1514
1448
2290
5676
5676
5676
2290
2270
2270
4352
2270
2270
2270
2270
1513
2270
5676
2270
4984
5676
2270
4355
2270
2270
3108
916
2270
6511
1447
1448
2270
5676
5676
2270
2270
4330
2290
2270
2270
5676
844
5676
5676
2290
2290
2270
1803
1514
841
4691
2270
1514
5268
6515
2270
2290
4924
1451
844
5676
5676
2270
2290
2290
3111
4984
1805
2270
5676
4984
2290
2270
4924
1512
2270
2290
1514
3159
6536
2290
5676
2270
5676
5269
5676
4924
5604
1807
2270
2270
1451
3107
2290
2270
5267
5676
6515
5604
2270
2270
1805
5676
2270
5266
1451
6511
5461
2270
4691
5676
5269
4296
1447
2290
2270
3092
5676
933
2290
5676
2290
2270
2290
842
2290
2270
2270
1451
2290
1514
811
1804
824
4691
4329
1512
3153
811
4924
5461
2290
5676
6537
6534
4312
4329
2290
4299
810
6534
3086
1804
2270
2270
6537
5266
824
933
4924
2215
3107
1514
5251
4355
2270
5461
5461
1803
5268
2290
2290
3111
2290
2270
4924
2290
1804
2270
6511
1514
1451
5266
2290
6536
5250
2215
933
4924
5269
5461
2290
1807
5461
3159
5461
3108
2215
5263
2215
2215
933
5268
1514
2290
2290
4299
4296
810
4356
2215
2290
870
2215
5263
3086
5251
4924
5461
5676
810
5267
1512
5676
2290
2290
5461
3156
5461
5461
4924
2290
5267
5461
933
3092
5267
2290
5676
2215
2215
2215
5268
5461
1800
2290
2215
843
2290
1807
3091
2215
2272
5263
5266
4924
3159
824
811
4924
811
5461
2290
6534
4355
5266
5461
3107
3154
1804
5461
2215
2290
1512
1451
824
2290
5269
842
4424
5263
5461
2215
5604
3153
2215
4304
2290
1803
2290
4305
5461
933
5263
6570
2290
5251
5461
1803
5264
2215
5267
810
6524
5264
6570
5676
5460
5266
1802
5263
5461
5461
5461
5267
823
4355
2215
1802
2272
5461
2215
2290
3091
4330
5264
6569
2056
870
2290
3113
3108
2215
843
5604
5263
4305
3154
5461
5461
2272
5250
5461
3086
5253
5264
824
5267
2215
5460
4424
5266
2215
2290
2215
5461
3154
4356
1802
870
4356
2272
6569
2215
3159
5267
5252
5461
2215
5263
867
1802
811
5266
5251
867
2056
3151
2215
4305
3156
810
2272
2272
2272
2056
3153
3113
2290
2290
1800
6569
2272
2056
5267
870
5461
5461
5264
5461
2290
4304
2215
5267
5460
3111
823
5267
4304
4355
5265
6526
2290
3091
5461
5265
6569
6572
6543
3111
5461
5264
5461
811
5264
6538
823
5461
2269
6570
6524
2056
3154
2215
5265
5460
5460
4424
6523
3156
5265
2290
5460
2272
1800
2056
3100
3153
3154
2215
5265
2215
5461
1802
2272
3151
6526
1802
870
810
5460
2272
2215
1802
2272
6543
5264
870
2272
5262
6526
5460
5267
5461
2272
6569
2005
5461
2056
5265
5261
5461
2215
3086
5460
5264
5460
2005
4304
1801
5461
5460
3114
6569
5267
5460
5264
5262
2924
3156
6570
5264
2056
1800
809
809
5674
2005
5460
5460
5674
5460
1801
3099
2005
5257
3160
2272
5265
5262
5252
3151
3091
6568
6569
2005
5253
6568
3113
2272
5256
3113
869
2215
867
869
5460
5259
2923
2005
2005
823
6383
811
1802
5265
5261
2000
5674
3114
2000
3156
2005
6538
2926
6572
3112
2272
5264
811
2215
6382
2005
5265
6538
5261
3091
5674
5262
5261
2005
2269
2000
6524
868
3087
5265
869
5460
6543
6568
5460
5257
6572
5262
5460
5262
2005
6526
2924
2272
5252
3151
5674
5674
2923
1784
5674
2005
5249
809
2005
808
6383
2005
823
5674
5674
5259
5460
5256
2005
5661
868
868
2005
6383
2005
6522
3099
6370
3087
2005
5262
5661
3100
5257
3152
5460
5253
2926
2005
2005
5261
5661
5262
2272
5460
3091
938
6385
5259
3112
6544
3122
2005
3122
2004
6572
5661
6574
3151
1801
5661
5261
6568
5661
2000
869
5662
1801
809
6574
6573
5261
3087
6568
2005
6568
2005
3157
3112
2000
6567
808
809
2921
4348
5256
5257
2000
868
2005
6385
5257
5261
2004
5259
2005
938
2005
6544
1786
5259
3087
5661
5661
6382
3152
3504
6522
2005
2005
5662
809
6571
5662
2005
2004
3504
6381
6567
2004
808
1784
860
6573
3152
2004
1787
1801
2004
6567
6574
2005
1799
3099
6573
1799
5662
6567
5662
2005
5662
808
5661
5259
6370
3112
2005
861
3122
2004
2004
5662
5663
938
6571
2004
1799
3087
5662
2921
6525
2005
6381
5258
3098
2004
816
6525
6573
3112
1787
6369
6385
2005
5255
2005
5662
2921
5258
5663
3115
2005
2005
6525
6571
6522
5255
3122
6380
6522
5662
2004
2004
6544
6369
1204
3157
6567
5662
868
5662
2005
2004
6574
5254
817
816
6573
6574
5254
2004
6370
2004
5663
4347
2004
1797
3115
1787
5662
2004
6381
1787
6573
1790
6380
1790
1799
5663
1798
2921
2004
3157
938
6387
5663
817
5662
2005
6525
2171
2171
3102
2922
2004
1790
2003
1786
3158
6573
5260
5663
1786
5663
3102
5260
6387
4348
6380
2003
3158
5663
1787
6386
5258
3124
6571
1798
857
5663
938
3157
2003
6386
1790
2171
2004
860
1787
1797
5663
6369
2171
6386
2004
6372
6387
6384
2003
1795
4690
1784
2003
5663
6378
4343
5477
6545
1204
3098
6376
5662
2004
6377
6387
5255
1770
5663
1797
5663
5248
2922
5663
6379
5663
6371
5247
6384
6379
4344
3124
5664
5645
2004
3102
817
2927
1788
1204
2171
6386
2910
2171
1785
5663
1796
2171
3155
6376
2004
6384
2004
6378
3158
6380
6375
6545
2121
6387
5664
2171
3158
6384
6377
1795
1789
4346
816
2927
3155
6375
1788
5477
6386
6379
2173
5663
3124
1781
6377
2173
4344
6378
1789
6376
1782
1795
2910
5247
2913
1796
1792
3124
5248
4923
6372
5663
5663
4426
6372
5477
6371
5477
1785
2171
1796
5741
4922
4922
6375
5664
1769
858
1792
2171
859
6376
862
4346
6545
2171
1795
5741
6379
5741
5741
4923
5663
1782
6377
2913
4426
1781
1782
6378
2171
2928
857
5664
2173
1788
6371
5477
5247
2171
2121
2910
6379
2171
6372
2171
2927
6371
5560
3123
858
921
3123
2913
6375
2171
1782
4813
4426
4194
4346
2171
1789
6378
5664
4331
2171
6545
1783
5245
5477
2121
2171
4333
4318
4403
3155
5560
862
2171
6390
1796
6377
4333
1785
3022
5246
5664
5477
3101
1792
4923
3155
4342
2171
2027
5560
2171
1449
2911
3123
5664
4923
4318
4374
3101
4318
2121
5741
4317
1791
2928
2121
859
2913
4333
5664
5560
5245
4374
3022
1449
1789
4426
5560
6390
3123
1780
1783
2121
2171
4405
5664
3501
5664
5560
921
5560
4331
5560
2925
5246
3022
3022
862
4167
2121
4168
2928
4332
3022
858
5571
5245
6389
2121
1794
4317
2912
2121
1793
2920
2121
4813
2027
856
4333
2913
5560
2914
4374
6390
4317
4407
3022
3101
2027
1793
4168
1791
1791
1450
4404
5477
5560
2027
6374
1793
5560
5560
5560
4331
918
5477
4318
2911
921
4167
5571
4166
2121
921
4194
4332
2919
2027
2027
940
5560
2929
5560
2027
2121
4317
5664
4194
5560
856
2915
2027
2916
2027
6388
1450
4331
2121
917
5560
4373
5235
2930
680
2027
4406
4407
4152
2918
4332
2027
4406
5560
4404
2918
4403
6373
2027
4166
918
2027
2912
2027
5560
5560
847
2917
4375
2917
2121
918
2929
5560
4425
5565
831
5560
4290
2027
5560
2027
679
856
1450
4809
5560
4166
4165
2027
4289
3503
917
5565
4291
920
5565
4151
4821
679
3023
919
4407
940
5565
846
2026
6373
6374
2026
2026
940
5235
4810
4151
5560
5560
4375
4289
4151
918
4153
2027
6374
5565
4809
5560
847
918
832
2027
5560
5560
4165
920
2026
5560
706
4290
679
2027
887
2026
2914
2027
666
847
846
3502
2101
5565
887
5560
2915
5560
3503
4144
5565
2026
889
4290
5560
1333
4144
4143
2026
5565
6546
2931
5235
919
831
4165
706
663
939
5560
2026
5560
2027
2027
3502
5560
4153
2026
1346
4143
2026
2026
1768
5565
832
846
5565
2026
4821
2101
678
939
4291
4289
4154
4810
889
3502
3019
5385
3502
5565
5565
4809
5387
803
4154
2026
2026
666
4376
5565
4810
1768
4122
5385
1336
917
663
3505
677
3503
919
4286
5565
2026
632
658
4377
5565
658
4143
3019
6474
5560
4811
5565
4209
4143
1333
6475
5560
5560
655
1336
2026
4145
6474
5560
1336
677
4122
845
3505
2026
3125
4154
1346
4153
801
5560
5564
2101
888
5560
5562
2101
4376
4121
4153
1346
3503
801
2026
2101
4286
665
5385
2026
1345
4822
1336
4146
5387
655
4145
5560
632
2026
655
2026
2100
4154
2026
5565
2026
3505
4121
1333
4377
4812
5562
657
4285
802
2026
4732
4119
6285
6295
802
5564
5560
890
2104
2101
3021
4121
4286
5564
655
4119
677
5387
5564
2101
891
4209
5564
4145
5560
4811
4121
4732
632
6875
1335
633
5560
6473
5565
632
2101
801
3477
5560
4376
2101
664
5389
5389
1252
632
4811
4145
4285
5560
2824
4146
6473
4146
5562
2101
2101
633
2101
2101
5560
3477
4954
1334
4120
6285
5390
5565
2100
4955
5564
3024
3510
6296
5560
633
721
1335
4735
4210
2101
657
4120
5389
4288
2833
2101
5564
1483
6298
803
656
2101
5562
4288
2104
4811
6294
2101
5560
2101
5390
6875
1482
633
4119
4287
2103
2101
2104
6294
2834
6295
797
4411
656
4804
3510
3019
4734
5562
2101
6294
5560
4210
4955
5560
5562
4120
3021
5564
2101
4954
2824
5390
4210
891
4287
2104
2833
5560
5564
4288
4410
4804
1483
2101
2104
924
803
2101
2104
721
631
6877
634
3479
797
5487
2101
2101
923
891
2104
4807
5487
5563
721
4959
5386
2103
5562
4805
5560
4964
3479
1328
1325
2104
5390
2833
4734
2104
631
2101
4959
4676
2103
5561
5390
5388
1324
5392
1485
5385
1327
6300
3025
2833
1250
5414
4804
631
6297
4958
634
4676
1485
5560
2101
1327
1325
2104
2101
5562
6298
4959
722
797
1250
2104
2101
5561
4805
2838
5392
2104
4965
800
4735
6300
5392
6292
4411
1486
2104
1927
2834
2101
5560
5563
5561
5562
2104
4734
1927
1325
924
5384
5476
5392
5421
1324
6877
634
2111
1251
6298
5392
923
5564
1325
4962
2101
5560
2103
6290
2101
2832
5414
4410
1927
5561
1485
6297
4965
4963
2837
1927
4675
5412
4958
2101
6288
6292
5487
1329
2104
5487
6292
722
5384
5386
6289
4807
5562
1486
799
5561
5562
5562
1324
1486
5388
2101
1493
2837
4410
2830
3478
5392
2831
5562
1927
1485
5392
924
2101
1324
4408
4962
2839
5487
1250
4957
2103
5476
6293
5561
1928
925
1189
5562
1484
6288
1493
2104
5058
2236
1326
1927
2830
5413
6291
1484
5562
1927
1324
4967
4956
2103
922
2836
2104
1324
6876
4409
922
5027
2839
4960
2104
6286
4956
5487
5561
4957
5563
4408
1486
5562
5562
1927
799
6286
4965
5027
1492
1493
2103
5563
6291
3025
5487
4966
5487
5026
2103
6286
1329
4966
1927
5561
5562
5027
5058
2103
6293
2103
1929
1927
5487
4806
2830
5413
4806
1329
1929
1928
5562
5411
4408
925
2104
5019
4750
1326
1492
5027
2839
1487
4957
6288
2104
4956
1928
4961
1189
6289
926
2104
2827
1492
2103
4413
4967
4750
4967
2829
6301
2104
2830
1928
6286
6307
1928
5487
6286
1489
4961
5019
1489
5487
5562
5562
6289
1190
6291
5028
1189
6879
6286
6307
5019
2849
5028
1928
4957
926
1497
1928
1490
1927
2104
5028
2846
6287
4960
6309
5058
1929
2846
5026
1928
1929
6310
4105
1484
1266
4968
618
1490
1490
1928
2829
4750
5026
5080
5029
2829
2827
5562
2104
4748
5379
617
5029
6302
5487
1487
5058
4695
5388
1927
1489
4412
927
4104
1266
6302
4413
6309
5487
6301
1928
5080
5487
5021
5058
5382
6288
1951
6301
1267
5476
5058
2846
2829
6299
1929
2104
5562
6879
1927
6307
1497
1928
4969
5487
1929
1928
5080
1497
1951
5023
5022
1928
2839
5424
5080
5080
5199
4968
5411
5421
618
1927
1929
4748
1928
1267
5379
618
1927
4695
5562
5411
3481
6303
1929
1928
1929
1488
5029
5487
5023
6299
5487
1490
5391
5487
4688
1931
5080
1268
1488
1268
1212
1491
1929
5476
926
6313
2839
1265
4428
1331
4110
1488
616
3017
4255
1931
4428
2849
4968
4428
1927
5023
1491
5058
1560
4969
1202
1928
4687
4900
1929
1497
927
1929
6343
5058
5196
1931
2848
1331
926
1929
5022
5199
1953
6303
1491
1953
2847
6343
5198
4104
1694
5199
5021
1953
5487
3481
5198
5411
2841
1929
1953
4695
1427
5194
5487
4109
1929
2848
1929
6308
2840
5058
1931
4687
6304
615
1931
5080
4255
4103
4106
1931
1496
1560
6287
5058
6305
1928
5029
4752
2848
1928
1953
1953
5487
4254
4414
4753
1496
4687
4688
1560
1427
4255
660
1953
5023
4110
4284
4107
1560
5191
1931
5079
2852
5379
2884
4147
1203
6306
6305
5097
1929
4416
6305
1587
5026
942
2847
1557
5139
5021
2826
5477
1953
5016
5196
5199
1931
615
1560
1953
5097
1558
1201
942
1212
1330
4428
1931
5080
5049
4108
5079
2841
1953
766
4284
4695
2842
1559
1926
2840
620
5226
5487
5224
615
6304
4427
1330
1212
5225
4107
1929
5139
5379
1559
767
4212
4696
4414
928
1552
1559
5075
5079
5033
1929
5424
4689
1579
1270
4255
5016
621
5192
6305
620
5029
4107
4150
5149
2845
4107
1201
5191
2845
928
1926
4257
5188
1558
5190
5718
4283
4283
1557
5226
1929
1758
659
5079
1926
5379
660
942
662
4108
5079
1559
5155
1926
5049
4415
1560
1270
1559
5080
4415
1330
5155
5075
4148
5190
1559
5076
768
5097
1552
795
4825
4414
5049
1558
1758
4257
5139
1560
1270
5379
620
4256
4254
5139
5048
1929
930
5048
4696
3080
796
1589
795
661
5139
4136
5718
942
5379
6306
941
622
1953
1554
4825
6335
622
5194
4752
5048
622
767
4212
4415
767
4148
5187
1559
1558
1261
4135
619
5149
1588
4178
1559
5190
5191
4679
5100
5224
4427
4696
5065
5075
1759
941
5149
5081
4181
4211
1694
5080
930
5097
5048
1588
1550
796
1559
4679
1233
1349
4754
5155
5139
5149
1550
5076
5081
768
1559
662
5379
1349
1600
5075
1554
789
4678
4179
4142
5075
4256
1559
1579
1589
5065
619
4213
5190
4136
4135
1929
5149
1193
4754
5076
693
5068
4792
895
5139
4378
6476
5138
4211
1551
768
4380
5224
6306
5155
1271
1589
5097
1550
691
4181
4825
1193
622
1556
941
648
654
5139
1551
4256
1579
653
5076
4176
5379
1551
726
647
3506
4211
5051
4213
3078
6335
648
5138
5097
690
4212
5040
5149
2845
1271
1192
1757
1929
689
4380
1559
4142
6335
5100
5139
1562
1588
5152
1556
1559
5051
4680
5140
5075
1415
1233
1579
5076
1550
1311
6311
647
1603
5139
5224
1415
4214
1551
5051
5140
5068
643
4381
4226
4678
5075
737
5139
5040
4792
2872
5097
5076
5076
5076
4176
725
1311
4176
5149
6332
5152
4180
1194
4179
4088
4251
1603
768
5140
672
1579
6476
4132
1421
4132
6367
5379
5149
1686
1596
5076
1233
2851
4133
5100
723
1603
601
5074
4226
5138
1679
737
6312
5076
1600
686
5074
643
2850
4677
1757
5173
599
4681
1728
1730
686
5076
1195
5051
1311
5051
3078
5076
5065
6332
1600
4134
4380
1554
5140
4158
1415
1191
5076
5040
5149
5100
1377
5150
1686
5138
4180
738
1681
6311
1600
2851
671
5040
1686
1195
5142
5076
5139
5142
765
5379
4681
647
4089
5076
4159
4896
5139
1556
1550
4896
4133
893
1550
1686
765
4251
3026
692
1415
6312
643
5176
4225
1551
5076
5074
1570
5149
1415
765
894
5097
4682
738
5138
764
1387
5100
1386
5141
4381
1424
5076
894
1562
1556
669
1707
5139
5074
4175
5071
943
1676
5173
1426
4157
5145
1579
4253
5076
1600
614
685
6332
1738
1686
4737
5076
5379
1600
4134
5149
5114
5065
5142
5076
1386
4133
2871
1562
5076
5141
5094
2851
1415
1556
1600
1686
5140
5146
764
4087
5076
4684
1738
643
724
5076
5231
2956
6366
5076
4240
1387
1377
1424
5076
1686
4898
5138
5139
5149
4897
5212
692
5051
3015
1610
1686
1669
1196
4225
5176
4173
5139
1570
4090
5074
6333
5145
762
2956
5138
5076
4174
1579
4683
5142
752
4252
5096
5142
1601
5076
5173
1254
6416
1596
1676
1550
4858
6491
6413
5064
5146
6413
1686
3077
1600
1386
752
1386
1386
1571
4720
2957
4684
763
4430
4228
762
4738
5149
5114
4897
5076
1600
4100
5190
5076
1723
1352
1686
1580
6490
5124
5212
1738
1556
763
1415
5076
1197
2909
3042
1571
762
1350
1570
1738
1705
1377
4859
645
5200
2955
5139
4910
1556
6416
4737
5074
3044
1386
751
3015
5145
5076
4736
1669
2956
4429
893
1596
5376
1689
6488
5149
4909
4716
4174
4719
2955
5076
3041
5149
4099
4738
5124
1556
6412
1738
1686
4240
5176
4253
1738
4241
1255
2957
5374
5200
4741
4893
5094
1686
1686
5145
5150
2868
5231
612
5073
4771
611
5212
5138
5374
1601
1673
5114
2957
1764
4099
1705
5139
6412
4910
4720
763
1386
1686
1387
1579
1399
739
1602
1386
3045
5374
5296
5207
1377
5173
1689
1377
1689
1601
4101
4826
4859
3031
1601
5076
5149
1399
2954
6364
5093
4228
5121
5186
1399
5138
4858
3015
1602
1610
2871
1602
1602
4829
4227
1737
5190
6331
6483
1723
4909
4893
6479
1256
4242
3040
751
760
3035
5297
6478
1254
3016
1764
2958
5227
4719
6486
2953
4736
5228
1723
1386
1601
4716
1736
763
5200
4859
2869
4870
2874
760
4858
5173
4240
1601
5200
5200
4826
4908
5124
2958
5374
4870
1399
742
1353
4738
5138
4238
5374
1723
3040
1386
5096
4870
1612
2908
1399
5111
1738
5073
1237
1386
1601
4741
1420
5149
5200
739
4229
3033
752
1723
6421
740
1580
1602
6331
6479
2908
2870
1571
5190
3507
6329
6331
2908
761
4828
1601
3032
1383
6327
5165
1602
3037
6477
1383
1399
4869
4824
6327
4859
1351
2866
1602
4244
1596
4719
1254
5330
5128
5138
1675
6364
4859
6479
4829
1377
2953
1685
5374
3064
5095
740
4740
5374
1673
1580
1383
5176
5047
4739
4870
5228
1601
2908
2859
5296
1601
1386
1399
4768
2869
741
4767
5128
5296
1237
4716
4238
4870
1253
1601
5146
6480
6484
5112
5200
1377
4976
1284
6480
2865
1612
750
1386
5008
6485
6499
5008
5149
2864
4891
1288
3037
1663
5207
6481
750
1723
5124
6422
4908
1383
4716
5297
759
4716
2958
1605
4719
1399
2854
4169
2859
5176
1383
5189
5297
1723
1399
5173
6484
4740
3039
1601
3509
2857
3509
1723
759
5088
5047
5374
5190
6323
1601
6480
1601
4869
5083
1288
1601
4827
1287
2862
4717
1348
4171
2858
5186
5190
5186
6504
5096
5093
1738
4828
1398
4828
6325
1580
1601
1612
5047
1377
1377
4827
4685
5047
4739
1386
1386
4869
6880
3039
4757
5047
2874
4856
2861
1437
1662
4716
5109
1386
1736
5188
1418
2863
6487
1673
2857
2932
2854
4857
1601
6395
2908
1437
6481
5009
2874
1668
1605
6391
4861
1289
6319
6423
6477
2860
6322
1284
758
6392
1383
5342
2862
5330
3484
2908
6322
1385
1604
4860
6323
6477
5047
5009
1835
1601
595
4171
1737
1383
1286
1747
1673
5190
1386
1289
790
5298
5047
4857
4208
3027
6320
5088
4204
4824
1601
1601
1377
598
1594
6318
1289
628
5178
5124
6393
2874
6393
2859
5186
6316
2863
1736
4171
4169
2861
3499
1601
4872
5190
4171
1285
5149
1253
4115
1607
1673
4205
1286
5188
2861
6319
4869
4127
5171
705
628
6317
2856
1601
2860
1731
6320
1601
3066
1348
2863
5309
5189
1918
3484
1399
1601
5093
5047
4169
5171
2874
5188
4864
5129
639
4823
5112
1601
5229
1735
673
5302
1631
6324
6393
1669
5342
6880
6392
4279
4193
1377
6395
1273
1273
6318
4718
4282
4686
4857
6392
763
683
6321
1391
4171
595
1437
4127
626
5175
1738
6500
6319
5149
5174
684
1396
1835
4883
1273
3028
1663
932
2932
6396
5189
5208
4115
642
5171
5229
2908
6318
5109
4111
1669
683
790
5372
1437
5188
1763
4192
4171
1273
623
1377
6322
5111
595
1200
4757
5186
6477
6396
4717
652
4757
1385
5172
704
1735
4169
1604
2874
642
6315
4685
4172
681
649
681
6477
4887
5309
1385
597
1698
1605
5109
4686
626
1391
5230
790
4161
6316
4128
4207
6399
4137
4208
2932
649
1545
6320
6391
1731
4268
5111
4887
2874
3497
596
640
4872
629
4864
5124
1731
1731
6319
1731
1835
5229
1663
2874
4138
6314
1867
628
6393
1635
5303
4868
5208
1669
6501
682
623
649
1867
1870
4130
5331
1674
4115
1232
6425
1631
6394
3028
1835
1731
5371
1607
4112
1866
5149
790
4281
4745
5166
4111
1835
4282
1403
4138
1312
1746
790
694
597
1607
1867
1731
1669
6391
5329
1867
4269
4208
1379
4128
1406
4172
5014
5230
4164
5302
5110
1866
1671
625
1867
5186
6467
4277
2951
695
5089
4117
4686
4083
5149
624
641
3028
4083
5189
6501
4888
651
5308
5331
4084
4686
5183
4281
1762
4885
4084
1835
6397
604
1635
1866
773
674
1713
932
4864
1918
2998
6397
1867
4206
5321
650
4883
4883
4282
1607
1405
4863
625
4164
6458
6315
4139
5168
1398
6458
4885
5310
1918
1232
1597
2820
1625
1644
6431
5090
5111
1737
1607
4863
5110
1746
629
4266
4266
773
2951
4115
1866
5151
4112
897
5014
5189
5327
1674
641
3496
5310
5183
5329
5328
4274
1597
1668
4129
4162
1406
5014
2998
604
4117
4765
4418
6425
4139
5167
1867
5150
1669
4765
6400
4888
5327
4115
5307
668
1663
4868
6457
6457
773
5185
596
1871
4117
5328
5321
1397
1625
1544
6394
1626
4975
5327
6394
625
4868
651
1630
5014
5186
2951
4086
1404
4886
5339
4764
4129
4162
603
771
5013
5230
5013
5185
5328
4164
4764
6402
3008
4273
4744
5110
4085
4274
4975
6467
1405
1747
897
1407
4975
1663
4113
778
1737
650
4273
772
4261
5181
4113
1235
4183
1406
624
3496
1539
5149
4742
6502
4139
1698
4273
1544
5110
5230
931
4276
5328
1668
2951
6431
603
4744
1398
5015
4276
5184
4085
4275
1710
5186
1406
6431
1508
1635
6362
2951
5014
6467
4164
625
2820
4261
4258
1312
1404
1539
4276
778
1624
4113
4258
4907
4117
778
2821
5184
4980
4277
4886
5149
772
4094
1658
698
1293
1713
5184
778
3014
4113
4886
1384
4118
694
1398
2820
5320
5320
4118
897
2951
6460
4417
1544
1409
5149
1671
4277
1845
5015
1544
605
1413
4258
2951
1379
5150
1539
4742
1508
4260
3028
1429
2951
6409
2821
4086
4163
4906
1429
4905
2820
1429
1407
1429
1429
1430
1297
5180
5338
1429
6427
4980
4743
1290
6466
778
1381
1703
5015
5015
5151
605
4904
1416
668
5338
4139
1508
1746
4875
6465
4182
4907
4742
1417
6460
1663
5150
4277
1872
1429
5340
5184
6411
1377
1413
6426
1732
6404
6281
1661
1416
4791
1697
4905
1845
5182
1398
6466
1417
606
1899
6411
4867
6275
5179
5015
778
1407
5366
1409
1663
6361
4258
4259
4118
4743
696
4091
6427
4260
1747
778
4772
6430
1430
4163
1294
1734
1844
5152
6405
1235
4878
4791
1294
4907
5149
4791
5182
1658
1710
1671
4155
4777
4904
6409
1384
2952
667
1409
1719
1416
4878
4868
5363
1430
1409
1408
4156
4417
897
1341
5010
1379
4163
6426
5010
897
5150
4773
1698
4259
778
897
1658
6430
6410
778
4091
1845
4904
1658
3029
2951
2951
1417
4876
4865
1671
5182
1379
4773
4890
897
1409
4118
594
5152
4277
4868
5152
1381
6282
1416
4876
6464
4791
3029
1543
1413
4903
1291
6426
1341
6361
4155
1407
1416
4878
2813
5340
6436
1697
1898
5332
778
6461
6465
6462
5150
1747
1381
4791
4777
1417
6411
4867
1344
4163
1748
5332
1843
6465
5364
1511
4903
1295
1341
1905
4118
4278
1511
1697
4082
1663
594
4796
1898
1344
6451
4877
4092
4262
1341
1748
1718
4163
1697
3030
6466
1718
1707
1344
4877
593
1379
5152
4866
1342
594
6437
4791
1342
1733
5332
897
697
1344
1704
1721
1413
4774
4791
4850
1697
2896
6359
1409
4278
6282
1705
4865
4263
1511
4876
1698
5352
1377
2951
1713
4866
1896
6359
4185
4082
4889
4081
1343
1379
1721
1511
5305
732
4196
4196
1510
6435
1295
2822
897
4224
4278
1379
4853
4265
5289
1707
897
732
4902
4217
1342
6438
4853
1718
732
6274
1342
4890
4224
1408
4216
4889
4796
4850
4866
1698
4778
4186
4791
1343
1705
5333
5288
4197
4902
5305
1704
4184
1400
593
1698
1843
4092
4879
6456
3483
4278
1707
1408
1713
1721
4792
4796
732
4796
1343
1509
1342
4081
4775
6428
635
5011
1710
1379
6407
1379
5287
4382
1705
1400
5360
4217
593
1707
732
4902
6453
6428
732
2896
4779
1509
1401
4791
1343
1874
4796
1809
5305
1713
732
1408
4218
3483
4187
6452
1379
3483
590
5012
1713
4882
1716
4195
6454
635
4796
1401
4852
1721
732
4902
1698
6438
4792
4817
4079
1542
5333
701
5351
4081
1706
1682
5304
4795
1900
1509
1706
635
1400
5318
4852
4879
5358
2873
4215
6429
590
6441
5287
700
6334
4215
4187
1506
732
4902
1698
4792
4195
1713
4882
6358
2896
1706
591
1379
4880
1706
1698
6334
1214
3009
4774
1214
4889
1713
5305
4880
5351
5349
1400
4223
6358
4198
1755
4792
4218
4817
5277
1750
4383
4982
732
5360
732
1861
6429
1401
4834
4188
1443
1706
4698
5274
636
3068
1445
4080
5270
638
4902
4851
1873
1706
3172
1706
732
1756
1401
1716
4851
732
4882
4982
5319
1706
4818
732
700
3010
4189
1301
4882
592
5306
5359
1706
1682
5356
5274
6442
5290
5350
1214
4221
589
4880
1861
5277
1706
4817
6283
6283
4818
592
4783
1443
1706
4729
1300
732
1706
6356
1446
4882
4697
4831
1358
1358
4880
3063
1706
6284
636
1317
1682
4729
732
1428
4220
4818
2885
1299
5361
733
4079
4820
4880
6342
4882
1682
5306
4983
1443
4983
731
4978
702
733
5357
4820
4978
1358
734
6449
1713
4077
5316
1706
1875
1298
6283
4220
4699
1865
1318
3472
5317
637
1216
5359
4881
5295
6450
1682
6497
5275
1831
1876
6448
702
4820
1536
731
5295
6446
1706
4782
3062
6345
1443
1756
4820
733
1443
5306
4079
1876
1242
5276
5348
1623
4913
1876
4819
1876
4881
5007
5314
702
732
5357
1358
4978
733
5345
5334
4077
1826
4979
734
4820
5275
1706
1862
4819
1218
4979
708
5275
3011
1826
6341
1298
4797
4981
3169
1813
5334
734
585
4820
1319
4983
4702
4978
1876
4781
1831
610
6347
4782
4078
5315
1862
4190
4819
4881
588
4700
1910
6468
734
4915
1832
6347
1910
4799
4918
6351
3012
1854
4874
4874
1813
4978
4981
1833
4123
574
6350
1815
1310
4874
1216
5007
4123
574
4914
1862
5334
1298
1828
2886
5312
4918
3061
4797
4918
1815
4781
733
1862
4060
5275
610
4235
4916
4701
5275
4190
4728
1833
4059
2886
711
1854
6352
4799
4913
6347
4874
4873
5344
708
573
703
586
5334
1218
2878
4819
4780
1240
708
1833
1813
1826
4819
4123
4191
4781
708
586
1319
1863
4918
708
1319
4918
1239
5334
1854
1219
4919
1853
4124
2877
734
1813
5312
711
6339
588
573
734
571
4078
5324
4059
2892
4061
4981
4918
6347
5275
1833
4300
5344
4061
4124
1830
4236
610
4799
1309
6469
588
1863
609
4916
4727
4073
1828
4873
1815
4797
4873
1308
4062
4919
2886
4919
5313
587
586
573
4728
6469
708
572
573
1813
4873
4078
588
609
571
4724
708
4784
4073
1882
4789
4808
708
5312
6350
6351
2895
2895
4780
609
2886
4073
587
1815
5279
4124
4801
4723
4073
1309
609
5337
6348
1308
4800
1239
1240
2887
1245
2876
4780
4123
1882
784
784
587
6348
4780
4076
5007
3730
4123
1332
822
5336
587
4723
6433
4780
2883
4873
6349
1219
6339
5322
3730
4801
5322
5285
1305
4780
5324
4919
1882
1833
6469
1834
1240
4096
4800
4808
821
2887
4076
4096
6348
4124
4200
4124
5293
1320
2895
216
216
4919
822
2887
1321
5337
1882
1238
4300
1238
821
6354
6433
4096
1243
4096
607
4780
1239
4724
4200
1833
1238
5322
1320
1815
1307
2892
4800
1834
1882
4798
1280
1887
2892
5280
3943
784
4301
4200
1834
4200
4124
6339
784
1815
1281
2895
821
2893
4200
821
4763
607
2883
4800
4763
5284
1816
5322
5325
5322
5322
5336
1823
6469
5336
6348
6348
5293
5322
4126
3727
1244
820
4124
4200
5336
1280
1822
1320
2876
4097
4200
4724
1245
1815
608
2893
5322
4723
712
5323
607
5285
2893
3058
4126
608
1245
4724
4722
820
217
608
5294
6353
1823
2891
3798
2882
1245
1816
2893
1304
1320
5294
1823
2887
4800
1280
5279
4126
4126
441
2891
4125
4125
1314
1822
3013
1822
5291
608
4800
4721
442
6349
1281
4126
4126
1850
4722
1314
1816
2893
215
4763
4097
1304
3727
712
1245
4704
6340
217
1821
1824
4721
2888
6340
2882
1245
4125
1302
6353
749
6470
4722
608
5294
4301
215
818
4126
2891
6432
4126
6349
4722
743
2882
4722
4721
1850
4302
5285
5323
1816
4125
4703
5272
1816
3840
1824
6432
4126
1314
1822
1820
4308
335
1824
1824
5294
749
453
818
441
783
1246
4126
5272
5286
4763
5294
3797
4308
1303
782
285
1314
4125
5323
6471
4722
5323
1281
4125
1221
4722
5291
744
2888
1825
3818
1245
5326
453
1825
1850
804
4763
782
4308
5283
4314
153
3471
4314
4762
5291
2890
1816
783
218
3051
6340
3818
1825
298
5291
219
4722
1314
6471
6471
5343
5271
4315
1220
2890
748
744
6471
6471
818
5286
4762
812
2890
3664
5343
453
2890
1314
2889
2880
2889
152
2881
3818
453
4294
747
4722
1819
334
2881
4199
829
3818
2889
744
6471
3818
2889
2880
5273
4722
5286
152
4231
3050
2880
1818
3819
1313
286
5311
4270
1819
3818
5286
153
219
829
3945
4725
4294
4098
3818
3944
4270
815
3944
745
5311
5283
220
1812
2974
1313
298
286
805
208
4292
4293
827
309
4233
3819
4313
4272
2973
4231
806
4098
4272
3922
4794
3050
3922
2973
4231
154
4232
208
804
151
151
814
220
298
804
310
5273
454
4307
4232
3921
827
3664
806
3811
3735
207
3664
307
4794
220
223
209
1313
308
3817
4292
4307
154
3818
3770
154
308
4793
825
4794
3808
257
3820
3732
3735
207
425
220
307
4794
210
299
209
211
3796
3920
3722
3811
3732
3735
3735
3688
3726
297
175
3664
283
3770
223
307
6493
3808
3722
176
3732
297
3655
207
3046
211
425
284
257
143
175
3165
209
297
6493
211
3721
283
3721
3796
3655
210
284
175
296
3723
210
3722
3659
3770
258
103
104
296
3720
3719
300
143
143
3723
3053
3725
424
3575
104
63
3723
3719
3655
3920
175
3659
3165
3688
3573
300
59
225
296
144
3720
58
3719
60
1907
214
175
3769
145
3662
3606
57
3791
176
3656
3658
57
3720
281
149
3769
213
3612
176
102
149
461
101
3724
258
145
3724
3659
3812
53
3720
3687
300
95
3654
173
224
3949
3588
142
146
52
301
76
142
459
3611
149
88
149
3812
3563
461
3919
145
306
3769
202
3659
3842
74
3662
3725
225
3658
3576
3652
3724
3737
3590
3653
3736
141
302
146
3686
3736
6496
3597
51
3756
146
85
460
224
301
65
3650
141
303
150
146
138
15
147
294
3813
3813
67
3716
3815
148
3661
303
3657
3757
3661
3553
3737
173
3561
292
3658
202
173
421
3596
81
148
3716
244
306
46
301
3914
82
421
203
206
3685
146
3658
3554
3527
3715
3814
147
3526
3788
202
150
3715
245
3813
3561
44
3553
202
305
3815
3657
3555
276
3749
150
419
277
3528
305
41
96
3751
3716
205
148
155
140
15
3660
3538
3789
240
3685
303
226
3718
276
434
3661
26
14
3816
45
3781
269
429
269
3557
3713
174
42
3738
26
3738
434
3718
226
237
268
3714
201
3715
186
3717
204
3713
239
304
3685
227
3781
3779
3838
3869
187
13
201
3780
3775
16
33
3870
328
3530
3531
174
3717
3918
3717
174
3539
305
3739
3752
3781
18
201
3781
364
14
34
3918
3700
328
3531
3887
3778
239
174
3713
3887
365
304
186
3887
3780
328
3779
3700
3714
3886
267
3544
204
3699
266
3888
365
464
3870
30
3700
3887
17
3907
201
328
3886
3699
3700
187
40
3543
423
384
384
237
3734
384
3869
3918
3906
364
3700
19
246
38
30
3540
27
3867
186
266
28
3699
201
3700
3918
365
3862
3886
362
3909
3907
3867
3714
3733
39
3699
362
38
268
3904
3758
17
3907
227
331
37
3865
423
38
3739
38
342
37
3700
3905
221
4011
3699
3700
3904
340
383
265
4007
38
3908
3534
3973
21
222
27
187
362
464
3733
4011
3905
366
527
3776
3697
3524
185
3734
3550
404
3699
402
38
361
3697
3909
423
3758
3698
329
38
20
4015
3903
520
3630
3974
3861
3974
446
3973
21
21
3697
3733
330
3908
3698
3633
24
3697
222
3909
3910
3900
394
3909
361
228
446
3697
264
222
3698
4022
3908
24
3733
524
397
3899
3858
3908
3974
520
3697
3866
446
256
361
3698
361
3768
3899
21
9
3698
263
4022
222
3896
10
522
3899
522
3521
22
3697
3697
3698
520
4021
3931
24
3903
4006
3896
446
393
496
398
329
3698
533
344
398
188
361
122
3895
3895
3994
355
3994
519
3897
496
256
3855
408
4006
520
519
400
3632
3899
158
4016
1778
506
448
3896
398
3634
3523
4027
519
5243
3768
3899
1778
3897
3897
3669
541
3896
3946
3899
1778
446
379
3854
3898
397
4072
354
3892
11
1778
357
528
4026
1778
4026
400
397
410
23
3901
256
3895
496
528
3623
229
3899
396
4016
3994
3977
12
121
3898
4030
395
3896
113
3885
567
3743
558
4027
3891
3939
232
4031
401
447
6882
3891
3852
450
3897
3901
378
3898
398
3942
5242
409
350
447
119
490
3885
528
3955
3898
1778
3895
4057
3891
396
528
3939
447
3891
349
399
398
3962
117
401
3891
3863
1777
1777
3898
401
348
3891
6263
395
3669
380
3856
3948
390
3971
3901
3523
3962
374
378
3885
3962
3890
4057
401
488
389
3711
526
3885
3901
2810
346
3898
5233
247
3902
156
111
373
447
3962
525
6279
2796
396
3851
2801
1777
390
401
411
480
3849
3850
129
381
3902
3876
2817
3885
401
447
3759
390
3889
3901
389
3902
242
422
399
3902
390
1766
359
3890
499
3882
3962
1777
3877
3969
3891
3635
3890
3962
2803
3889
3668
3884
3849
3891
3962
5233
352
401
3891
525
3877
411
3877
447
390
3882
3622
3890
3889
3692
3877
388
3843
447
3702
3889
1766
376
3891
3890
156
3890
367
401
345
387
3883
3875
200
3902
3884
200
124
3704
346
3893
2802
1779
3901
3883
388
401
3712
3961
389
399
3884
195
1766
5232
193
200
1765
261
3879
3894
3890
3166
3843
3692
3748
200
194
392
3877
3691
190
3890
3889
192
3883
339
3902
372
3889
368
3878
109
3890
124
3773
3712
200
3889
3889
458
387
388
3893
3879
3618
3889
392
3894
3692
3166
196
392
3517
3691
199
1765
234
458
3878
387
3843
235
5234
182
3889
1765
3894
3705
234
5241
3519
458
1776
3691
3893
3691
458
3773
3691
105
1765
339
199
3889
3893
3712
1767
7
392
391
189
3691
3693
3707
3518
3747
3695
3894
3748
3520
179
458
3695
3893
3894
337
3691
3893
3691
6
3516
233
3693
392
3692
5
8
5234
458
179
5241
3746
3893
3695
392
182
3691
3894
375
3786
3695
1767
3893
137
3746
3695
183
183
3894
5241
3649
3880
3893
6
1776
3691
458
5241
7
3691
181
3693
179
3515
3710
181
236
458
3
5
3516
392
3745
233
3894
3695
253
3746
3893
3786
3694
3894
3691
3
183
3514
179
3709
3695
196
274
2
3894
3746
3894
3691
8
3709
3893
3707
3708
137
198
161
3513
183
3695
274
3709
3786
3695
3693
183
181
180
458
3767
3695
337
236
233
3710
3772
4
3767
3894
458
180
2
179
197
3695
270
3513
3767
3693
3767
3709
3766
3694
3648
3710
3693
184
3766
3766
336
3695
236
270
136
3649
3679
184
254
3694
253
270
180
3694
136
3672
3767
3673
336
3783
385
3696
3695
253
1
3766
3679
3783
3694
3696
168
3767
1
3695
260
3783
184
3647
3767
180
4
3766
3783
160
3766
270
3767
3682
167
3772
3767
3696
252
385
3672
168
3673
162
3696
3782
134
3767
180
385
3766
3646
271
3682
252
3648
3679
3783
184
133
3766
3672
254
162
3696
3782
3679
169
169
3782
184
3679
3645
159
168
3782
3764
169
3766
271
184
3646
271
271
135
3764
3771
160
3672
3764
135
252
259
3766
3681
3671
3674
170
134
160
184
3680
271
272
252
170
3681
169
3164
3696
3765
3677
165
3164
272
3764
255
3764
3645
169
3671
255
3764
3680
3681
252
3764
171
3671
3696
3681
165
3785
3771
3782
3785
3765
3677
133
159
3782
272
135
272
3771
3785
3680
272
3764
159
3676
259
166
170
3671
386
3765
3677
3785
3678
3677
273
3765
172
3681
3764
259
3683
165
164
3164
249
273
273
3676
3785
159
3684
3676
3785
3678
275
171
165
166
164
3765
255
164
386
3683
171
3678
3761
3683
3765
3683
3684
272
3784
3785
249
171
172
3676
3678
3785
164
249
275
166
166
386
273
249
273
171
3784
445
164
3784
3683
3761
3684
275
163
172
172
177
3683
414
166
3760
273
249
3784
163
273
3784
273
163
3784
3675
413
3787
3787
3689
3784
172
3675
248
3683
3689
273
163
275
3690
275
3689
275
275
178
3784
275
248
177
413
3760
178
413
178
163
163
3690
3690
177
273
248
3787
248
413
177
414
3689
3787
414
178
3787
3760
412
250
3787
414
248
3787
3762
177
250
3787
3787
3762
178
3689
251
414
178
3689
250
3762
250
251
414
3763
251
3689
3763
415
412
412
251
251
250
3763
415
251
3763
250
3763
415
415
3763
250
415
414
415
3763
3763
3444
3373
3449
4651
4651
4626
4987
4652
4651
4971
1211
4627
4624
6548
1165
4653
5006
