141
141
142
140
116
131
141
128
143
132
3280
141
140
127
204
1247
134
1200
136
132
1221
3408
3401
175
1223
1221
1190
3397
164
3361
140
3274
1199
4408
4408
1236
4408
3365
129
3275
1220
1199
1200
4408
1235
1201
116
4419
4408
3397
3364
141
140
3275
4408
1200
1203
3295
1199
1190
165
1221
1199
131
3398
4408
3397
4407
3303
3409
153
6418
1194
1221
136
3398
1199
3401
1199
3275
3292
4421
4408
3397
3275
6413
1199
1191
1204
3303
116
3382
3317
126
130
4408
3286
3359
3397
6414
3296
4417
3347
4417
4408
3347
4372
140
4418
204
126
3389
4394
161
4419
4373
3399
3286
6413
129
3295
6413
4407
3317
6417
6449
129
4394
4394
3422
3303
3361
1236
6421
1190
3410
3361
3359
1199
1194
3398
1199
4374
4407
1189
3303
163
6418
6421
4414
1215
3398
3396
141
3360
4407
4417
6413
4373
4372
3359
4406
6432
160
4408
3348
1236
3333
6418
1204
4373
4394
4407
129
3286
6413
4407
3414
3292
6413
3347
3402
4407
127
4394
6418
1221
3286
3286
1221
1190
6432
153
3286
6413
3296
3296
3389
163
6421
1188
1190
3361
126
1199
4408
1235
3295
1199
6413
1200
160
4394
3344
1194
119
3405
3275
4421
116
3398
130
6417
4408
4423
6432
4408
116
3292
3303
4407
115
6421
161
129
1204
1216
6421
4421
1204
3360
4394
3333
4372
3364
3403
140
6432
4407
3367
141
4394
4365
4373
1204
4373
4394
1204
165
3409
1204
3317
4372
3286
4394
4406
3410
3296
4373
128
3292
3296
4408
6432
3286
4394
1204
6432
164
130
151
119
4394
3286
3315
4407
4421
3359
6421
4408
1204
6449
6432
1235
4375
3402
167
6413
116
1215
6432
4358
3374
6417
4408
3364
4418
1190
3367
1189
3389
3348
6413
145
6418
4419
3365
116
6417
3315
4365
4394
1199
4373
4408
3333
3360
6417
6413
6421
1194
6432
151
202
3303
1204
1208
3418
3296
3295
3275
4375
1204
3398
3389
3394
3359
3303
1199
6432
1207
3382
164
3359
1204
4407
6413
1202
3390
160
3303
3286
4406
1190
4373
128
6413
3292
6432
3409
3286
1204
129
4394
3286
4394
3315
3274
6421
6432
178
3389
1221
6432
3361
6449
3286
6418
6432
6421
4368
1204
4394
116
4394
3315
177
1204
4368
6413
6413
4394
120
115
4394
1194
140
119
145
4408
1212
3402
3302
4375
1204
3364
4417
4368
6413
4368
130
4410
3393
6413
4368
3275
3286
3317
4408
1200
3410
115
3286
128
166
4368
152
1194
1202
4394
3361
3303
1199
140
153
1208
4408
4394
3303
3383
126
6432
6421
6432
4417
4416
4375
6432
3286
6432
6432
115
3333
1189
4375
1202
6432
1202
4407
129
4374
115
3315
4368
1191
4375
141
6418
4370
1243
3398
1190
3315
128
3317
3275
4374
6413
3367
4376
6449
3424
129
3275
1212
3402
3359
1207
4373
4421
119
129
3410
4407
3286
4372
4375
6432
116
3358
152
4370
1194
3274
4376
3317
3302
3359
6417
120
3275
3376
3317
153
4394
3303
1189
4408
1202
6432
6421
6418
3386
152
6432
3423
126
6417
4408
130
3397
3295
115
3275
3393
152
3348
1202
4408
6421
3296
119
3361
3389
4394
3410
1208
4406
4374
1239
154
152
6418
4394
3274
140
1202
4417
4394
3302
4394
6421
3385
3364
157
4417
120
6417
3389
126
1202
6421
6421
3397
3382
1212
3349
3364
1202
3275
3350
120
167
168
1191
3397
4410
6417
1341
3398
1194
3378
145
3396
4394
129
6449
6413
3274
1202
157
156
169
129
6418
4407
145
3275
3409
3275
3358
3359
178
1207
4365
1208
3397
3274
170
4371
1207
162
1208
4414
4394
4394
4370
3402
3378
121
6418
3389
115
6413
129
6449
145
3275
209
121
3349
1195
1188
3398
1238
154
3402
129
3348
3397
4394
157
6418
3347
1202
156
3274
4371
3274
1202
1202
4374
3402
1213
154
6418
129
4419
3398
3382
3398
3389
3389
145
4421
4375
4376
3344
3275
3402
116
3390
129
155
3389
4375
3424
157
6418
3423
121
3396
6418
154
4394
1207
3374
3380
1208
3389
4406
3383
3345
3391
1213
3390
209
170
1195
1240
4423
3402
1188
126
1188
3377
154
3426
3389
4406
3390
1188
4408
3370
6418
152
4408
3402
208
3386
4421
154
168
1195
4394
1208
4410
1332
1213
3387
3383
4369
1208
153
1192
1238
3376
4422
4406
1240
3382
4394
170
3373
4376
4476
4394
4373
4410
169
4375
1195
157
152
1211
4368
157
153
4376
1213
168
3423
1207
3393
1211
3386
3394
4377
3387
1196
208
4408
1209
4410
4407
1207
209
157
1195
1331
3385
4394
157
4374
3393
1211
1342
3370
3425
157
1211
1210
1195
3393
170
4394
3394
4403
4423
208
4376
4409
1345
4474
1196
209
1343
3423
4476
4406
1332
4473
170
1343
1197
1197
4410
1211
4375
1209
3385
1335
207
4495
4377
4458
4463
1294
170
1294
4406
1209
1332
3386
3386
1294
1210
169
4403
1209
1210
1329
3424
4403
1210
1193
1346
1210
4403
208
3426
1332
1196
4410
208
1197
4374
4403
4409
1210
4410
1342
3385
3423
209
3424
3425
1337
1332
209
1210
4375
4406
1346
4495
1359
3424
1332
4371
1210
4403
1335
1210
1269
4377
208
1294
208
4495
3425
4409
4409
1355
4475
1365
4474
4466
1337
4403
4475
1344
1197
1294
4403
1355
4410
3385
3423
4462
4475
4410
4406
1294
4369
1346
4403
208
4410
4404
4377
1346
1193
1308
3423
4403
1335
4468
1335
1359
1363
4463
4496
4494
4466
1366
4473
1336
1308
1193
1332
4496
1335
4462
4474
4403
4404
4463
1307
1332
4403
4376
1198
1332
1332
4495
1367
4495
1304
1337
4463
4409
1303
1333
1303
1304
4477
1303
1198
4403
4476
4468
1367
1332
4494
4404
1336
4467
4404
4474
1307
1304
4466
4464
1335
1310
4490
4462
1307
4466
1303
4470
1335
1339
4490
1371
1339
1367
4404
1310
1334
1334
1336
4495
4404
1337
4474
4464
4466
4409
1335
1198
1334
4490
1360
1312
4476
1336
4495
1336
4377
1371
1371
1336
1306
4496
4467
4495
4476
1339
1338
1368
4490
4490
1312
1338
4498
1302
4468
4497
4465
4467
4467
1336
1356
4502
1336
4491
4469
1356
1338
1338
4497
4475
1370
4475
4490
4404
1356
4490
4499
1351
4465
1370
1297
1338
4490
4470
4470
4497
1312
4490
4490
1340
1338
1340
1305
4494
1306
1362
4465
4498
4490
1338
1338
1306
1338
1369
1338
4477
1351
4494
1382
1351
4470
4475
4465
4490
1295
4490
4433
1295
4491
1369
4469
4491
1306
1350
1295
4442
1350
1353
4491
4491
4489
4469
1311
4446
1311
4479
4442
1350
1352
4497
1350
1353
4427
4424
4498
1350
1353
1317
4502
1311
4426
1385
1352
1317
4498
4498
4491
4491
4424
1353
4427
1349
4471
1318
1317
1350
4445
4471
1316
4499
1349
1317
4429
4491
4492
1318
1385
4498
1378
1353
4499
4501
4426
4427
1372
4427
1372
1354
1319
4445
4429
4445
1354
1354
1353
1318
1354
1383
4429
1373
4442
4449
4481
4445
4449
4436
1300
1354
1374
1380
4427
4429
4445
1318
4445
4445
1434
1300
4448
1386
4445
1418
1377
1319
4493
4446
4493
4451
1320
1418
4427
1322
4429
4451
4448
1374
4493
1320
1354
1319
4451
4447
4456
4429
1418
4493
4449
4446
1418
1374
4451
1418
1397
1429
4454
4446
1319
4444
4444
1432
1426
4449
1416
4507
4446
4446
1322
1433
4451
1322
1321
4446
4456
1433
1426
1428
4444
1321
1322
4449
1392
1416
1392
1426
1430
4444
4444
4451
4451
4456
1435
4451
1419
4507
1428
4455
1325
1431
1400
4456
4451
4454
4530
4530
4507
4456
4507
1322
1445
4456
4452
4455
1392
1420
4530
1428
1421
1403
1392
4455
1443
4454
1403
1431
1404
4456
4451
1391
4456
1391
4452
1394
1441
1394
1439
4456
1420
4530
4456
4452
1420
4531
4452
4456
4452
1423
4530
4529
4530
1413
1393
1405
4527
4452
1407
4531
4456
1408
4563
1405
1443
4530
1402
4529
4534
1388
1439
1388
1408
1423
1499
1407
1444
4527
1440
1446
1442
4529
4522
1423
4522
1401
4527
1406
4534
1442
4534
4533
4530
4527
1499
1413
4522
1414
4544
4527
4527
4534
4522
1401
1413
1388
4564
4522
1414
4530
1406
4527
1411
4542
1440
4563
1501
4534
1407
4544
1442
4599
4542
4543
1424
1425
4542
4538
4543
4534
1411
1412
4543
1495
4574
1500
1447
4524
4524
1447
1424
4524
1406
1493
1406
1425
4542
4542
1415
4524
4524
4534
1494
4563
1390
4563
4538
4524
1469
4524
4599
4574
4524
4574
4543
1448
1412
4567
1450
1485
4538
4538
4546
4543
4546
1409
1494
1412
1495
1497
1410
4524
1467
1410
4569
4536
4538
1465
1469
4579
1415
4576
1495
1409
1487
1467
1450
1502
4538
4598
4598
1469
1449
4600
4538
1485
4596
4546
1449
4570
1463
4575
4536
1449
1465
4596
4579
1463
4541
1502
4546
4536
4541
1415
4537
1457
1457
4572
4562
1500
4546
4570
1485
4541
4546
4575
4575
1498
1502
4598
4541
4552
1487
1487
1512
1465
1498
4519
4577
4541
4540
1464
1488
4577
1465
4630
1461
1504
1464
1451
4519
1473
1464
4552
4592
4630
4592
4603
4541
1473
1472
1506
1503
1470
1461
4594
4615
1459
1458
4555
1452
4630
1506
4578
1480
1457
4594
1512
1480
4615
1486
1466
4521
4578
4562
4588
1476
4558
4604
1505
4573
4594
4592
1471
1496
4588
4577
1496
4581
1452
1476
1452
4578
4577
4588
1451
1511
1496
4573
4554
4577
4603
1462
4555
1511
1489
4601
1451
4631
1513
4594
4591
1471
4588
4632
4591
4573
4632
1484
4595
4556
1505
1456
4556
4588
1459
1511
4580
4521
1454
4631
1562
4589
4591
1491
4633
1478
1513
1508
4631
4589
1475
4634
1453
4580
1479
1483
1455
4595
4593
1579
1478
1510
4611
1454
4602
1567
1453
1514
1560
4602
4637
1475
1480
4589
4595
1455
1579
4589
4571
4626
4710
1517
4617
4611
1482
4580
1579
4634
1483
1453
1483
1553
4625
1577
4595
1492
4582
4616
4633
1568
1471
1562
1564
1514
4590
4614
4635
4612
4641
1481
4624
1518
4607
1567
4607
1492
1578
4625
4635
1490
1519
4635
1538
4637
1563
1566
4607
1515
1479
1533
1582
4617
1519
4708
4607
1580
4663
4582
1561
4607
1531
1564
4642
1554
1554
1535
4709
1482
4617
4612
1580
4708
1588
4605
4619
1521
1582
4585
1570
4709
1555
1518
1515
1573
4617
1573
4663
4583
1557
4635
4635
4606
1520
4640
4628
4606
1518
4675
4605
1571
1570
4617
1538
4675
4585
4640
4583
4586
1649
4638
1555
1528
1588
4605
4585
1515
1573
1535
4638
1591
4635
1569
4610
4606
1574
4584
1591
1528
1584
4694
1554
4641
1522
1556
1585
4610
1539
1540
1596
1576
1527
1574
4643
1524
4718
1649
4608
4715
4585
1521
4587
1550
1576
1586
4609
4669
4620
1649
1571
4713
4694
4584
1547
4608
4639
4622
4620
4587
1574
1556
4635
1558
4586
1545
4693
4693
1756
1528
1763
4638
4676
4586
4635
4640
1569
4627
1585
4719
4676
1526
4635
1525
4661
4636
4713
1763
4609
1672
1516
4669
1522
4716
1591
4684
4635
4714
4609
1655
1672
1572
4609
1575
4650
1575
4670
1559
4649
1556
4716
1758
4638
1547
1526
1525
1527
1569
1591
1653
1574
4661
1596
4609
1670
1596
4699
4714
1652
1672
1757
1661
1526
4695
1525
4712
4684
4665
4650
4609
1649
4696
4649
1516
4645
4651
4692
4695
4621
1657
1575
1559
4650
4699
4664
4649
4882
4664
1627
4692
4648
4793
4808
1661
1654
1675
1671
4672
1527
1591
1760
1662
4816
4681
4712
1756
1654
1670
1656
1655
1559
1556
1672
1676
1676
1526
4674
4877
4882
4652
4680
1762
4714
4651
4667
4664
4664
1527
4796
4818
1628
1655
1671
4659
1764
1529
1596
1569
4652
1592
1627
4890
4889
1756
1627
4685
4685
4667
1675
1661
4664
4879
1676
4659
1529
1675
1672
1595
1657
4651
1762
1670
4664
1635
4888
1760
1529
4882
1764
1661
1675
4667
4866
4882
4659
4652
4882
1676
1591
1635
4659
1662
4892
4655
4712
4654
1674
4876
1656
1660
1717
4680
1633
1671
4652
4674
1675
1628
4818
1677
1656
1665
1662
1627
1655
4813
4818
1762
4798
4854
1628
4673
4882
1592
1675
4659
1760
1529
4877
4690
1630
4655
1665
4653
1654
1635
4657
4791
1685
4673
4882
1635
4658
1673
1595
4654
4854
1660
4683
4876
1717
4655
1596
4890
4668
1656
1657
1629
4673
4887
4673
4877
1633
4657
1657
4652
4866
1665
4658
1595
4818
1634
1762
1674
1665
4658
1656
4866
4813
4674
4891
1675
1677
1662
4879
1660
1655
1654
4654
1675
4657
4798
4673
1634
4876
1630
1639
1663
1629
4882
1628
1654
1674
1685
4655
4856
1760
1629
4791
4647
4781
4668
1761
1677
4690
4673
4855
1657
1656
1655
1762
1675
1637
1592
4766
1656
4882
1686
1677
4791
1666
4658
1665
1631
4781
1673
4680
1634
1664
4657
1678
1717
4810
4797
1639
4673
4668
4848
1674
4766
1685
1657
4880
4878
4860
1595
4654
4877
4673
1638
1658
4882
4656
1594
1677
1714
1636
1678
1656
1657
1663
4764
4878
4855
1761
1667
4782
4848
4770
4866
1629
1664
4657
4673
1664
4764
1639
1677
4797
4660
4856
4784
1663
1595
4788
4766
1762
1685
4858
1638
1678
4855
4770
1761
4877
1637
4871
1717
4656
1659
1717
1658
1666
4880
1639
4656
4720
1714
1659
4798
4764
1666
1656
4856
1677
4660
4720
1762
1594
4788
4678
1597
1594
1674
4647
4869
1679
1645
4788
4765
1665
4857
4682
1677
4660
1632
4764
1680
1673
1667
1638
4721
4860
4656
4860
1674
1641
1646
1717
1646
1644
4782
1714
1686
4790
1727
1679
1677
4877
1668
1659
4780
4869
4720
4878
4849
4856
4787
1668
1636
1595
4787
1761
1679
4724
1673
4770
4857
1679
1680
4770
1668
1647
4860
1659
4724
4859
4656
1677
4765
4724
1647
4797
1696
1686
4857
1646
1645
1642
4765
4871
4800
1632
1677
1647
4678
1644
1644
1761
4758
1679
4846
1658
4721
1740
1717
4880
4852
1677
1594
4877
1714
1597
4678
1695
1715
4764
4880
4790
1695
4780
4885
1658
4786
4859
4770
4786
1695
1679
4883
1641
1647
1691
1686
4859
1696
4852
4857
4886
4722
1694
4859
1677
1643
1686
4869
1642
1742
4727
4758
1673
4845
1673
4769
1659
4678
1694
1658
4768
4727
4853
1695
4853
1698
4764
1727
1681
1696
4769
4678
1698
1747
1718
1718
1694
1698
4869
4847
1708
4789
1761
4865
1643
1616
1647
4845
1673
4768
4723
4777
1714
4846
4851
1674
4863
1696
1698
1642
1747
1706
4789
1698
4867
4750
1706
1752
1659
1705
4883
1706
4780
1691
4726
1642
1698
211
4863
1686
1694
4785
1707
1673
1691
1708
4869
4886
4865
4777
4750
4885
4869
1698
1702
1597
1686
4768
4862
1702
1715
4726
1698
4726
4851
1718
1690
212
4976
1702
4769
1761
4870
4883
4862
1704
4749
4760
4867
4723
4767
4886
4976
1718
4868
1673
1697
1693
1747
4861
238
1702
4850
214
4747
1714
1659
4865
212
1619
4747
1642
1686
1618
1691
212
4775
4864
4751
1697
1748
4725
1705
4761
1700
4864
4779
4778
4975
218
1715
4867
1705
1693
1641
1693
1758
1686
1619
4870
4728
1693
4981
1702
218
4749
4978
4976
4974
214
4977
4762
1688
1605
4725
4977
1692
1642
4763
4752
216
4775
1758
4873
1690
4980
216
1718
4751
4826
214
4746
4771
4752
1618
225
1760
1659
4757
4981
224
4729
4922
1697
1703
1700
4975
1700
1758
4978
1719
219
217
4725
1619
1619
4884
213
4987
1605
1693
1642
1703
4778
217
4975
1693
4773
4822
4977
4752
4980
4981
4752
4826
216
4977
4979
4886
4745
4883
4873
224
1703
216
1697
1719
213
1619
4729
4825
1758
4822
1758
4748
1700
1688
4778
1700
4922
1758
4748
4772
1705
1720
1605
4729
1703
4997
4745
4987
4979
217
4979
225
1700
1642
1619
4753
217
4987
213
4874
1718
1659
4978
1605
225
216
4755
4730
4823
4753
4978
4978
1688
233
1692
224
1692
4917
4756
4830
4983
1758
4981
217
4732
1688
216
1760
4753
4987
1700
1700
213
225
217
1692
1705
4730
1703
4730
4822
217
1659
1692
4987
4823
4826
217
4986
4987
229
4740
213
1619
216
4823
4819
216
1844
1760
4986
4732
4922
1758
225
1700
1689
1730
4753
4838
1719
1688
4928
1700
4844
1692
1605
4732
4988
213
1733
224
1716
4928
1702
4740
4844
225
4987
233
1605
4928
4819
1626
4917
4825
1692
1705
4991
1688
217
4740
4830
4920
4987
4916
4732
4836
4828
216
4834
219
4834
4920
4754
4988
1605
4733
1855
217
1700
216
4732
4741
229
4917
4986
213
1692
4988
217
4838
1582
4994
1702
4827
4741
1700
4991
1716
4819
213
4874
4754
1688
4741
4920
4732
4875
4916
225
229
1688
216
4733
226
213
1688
1733
4987
1700
1605
4754
217
4838
4842
229
1688
4741
4741
1855
4834
4985
213
226
4988
1545
1700
4738
1700
217
1759
1855
213
4985
257
225
4994
4743
216
1604
1855
1855
4741
5029
4916
4733
4820
1733
5026
5026
4741
4928
1855
219
1700
4738
1716
4930
4743
4742
1688
216
4973
4920
217
5021
226
1605
4994
4973
213
1855
226
4741
4738
4738
1855
3460
243
1701
4742
4842
4820
1688
217
1898
1854
4835
5024
4949
219
1898
5021
213
4964
4833
4920
1855
5027
1884
1701
4738
216
1897
1605
4915
217
230
5029
4743
4952
4739
1898
1605
4841
1855
243
230
1878
4831
4960
226
216
5023
4738
214
4831
218
4915
4952
1855
4953
4919
4926
217
1855
5028
5009
1893
4843
4738
226
5024
4951
1854
1858
4959
226
4949
4835
4737
4742
214
4833
213
218
1898
219
5027
4739
4831
4919
1605
1893
1897
1893
4902
214
5035
210
257
1854
1891
4949
214
4914
1855
4831
1701
219
251
4744
1855
3460
5008
1855
5024
3460
4949
1701
4959
219
1712
4902
243
5006
1884
5034
219
4953
1858
245
230
251
245
257
5064
240
4909
1858
1854
4924
4924
4950
240
4962
218
3427
5025
1895
1893
4953
4969
252
3428
4737
3460
4963
5033
5034
211
5025
245
243
251
221
4744
4737
1890
4948
1898
4925
4736
1887
252
5007
4962
239
218
4737
4736
4950
4902
245
257
211
5137
221
1858
1893
1893
4744
5007
256
5064
1887
5035
242
1854
4961
5033
3455
1893
4963
1854
1854
4950
1897
1854
4961
244
1854
5064
1893
1990
4969
251
1851
1701
1887
252
1881
3427
252
221
254
4909
1863
4958
5032
4955
4957
4967
4946
4913
245
4900
1890
1890
239
251
4947
4958
5133
4899
239
1835
245
1890
4966
1897
1901
3430
5133
246
4908
1893
5007
5067
5010
246
3430
1895
1895
4933
4899
3457
1897
3430
1854
1851
5066
257
1854
3430
4966
244
4900
1893
239
5138
1895
4966
4957
3455
4933
246
1854
4907
1900
1901
5067
5065
5065
1854
254
252
246
5000
1884
1887
5138
2002
257
2005
254
5019
1851
1862
1897
1874
5004
3459
3455
5036
5066
5000
3457
1854
1872
257
4943
4903
254
3433
4968
252
4943
5066
1895
4956
5004
5139
3432
4904
252
2003
246
3457
5058
1854
1851
254
1854
1902
1874
3459
3464
254
1881
5003
5073
1990
2006
254
4937
5071
254
1990
4966
4904
5065
1820
4999
3434
5036
1896
5058
4931
5000
3437
1863
257
3459
5138
1851
5020
3466
1820
254
1895
5071
1895
1871
3435
1887
1872
5070
5013
5061
5071
3459
254
5135
4905
256
254
4935
1896
4999
1903
1890
1880
256
5062
256
4943
2006
5056
4934
257
1863
254
1990
1900
1884
2006
3438
4956
254
3461
1880
5013
1896
1883
1884
2004
5020
257
1903
3937
3436
3464
3464
2003
5106
1857
5072
5057
5070
256
1863
1890
5052
1857
256
5143
1820
256
256
1880
5062
4998
4906
5002
5068
3461
5013
2006
1932
3434
1880
5057
5055
4945
256
3448
1820
5106
5140
1902
3937
1874
3439
1863
5140
1880
1990
4939
1992
1884
5144
3442
5068
1932
1857
5070
3462
4998
5108
3937
5012
5002
256
1883
1827
2008
5059
4932
3463
1880
1820
1799
3462
5108
2004
4998
5163
1932
5055
309
1890
3469
5059
5068
3467
1880
1987
3439
1854
1883
5100
309
257
4944
3443
1820
309
5104
1991
3937
1880
1799
5123
3474
4932
2007
3445
5100
1874
5051
256
1935
5104
3442
5053
1827
1935
3937
1820
5068
1880
2009
3462
5163
5165
1822
5069
1827
5015
1821
5060
309
5012
1935
3443
1986
5016
1986
1827
5047
3469
5100
5145
1987
3443
1822
5018
1991
2007
5123
2008
5105
3445
3469
1941
1986
5108
5162
1987
2013
5012
1986
3474
1935
4938
1799
3937
3937
3471
1993
1930
5044
1988
5165
310
1799
3448
1822
1986
3468
1930
1934
1799
1854
309
5109
1880
3448
5053
2010
3441
4944
2009
310
5069
5060
5107
3446
5103
1926
5041
1986
3469
5102
1927
1939
1930
2007
310
1941
5102
1822
3468
1827
5099
3445
5099
4940
5103
1993
1819
3937
1927
3446
5041
5051
310
5014
1799
3468
5151
5016
311
5109
1988
2033
1827
1799
3473
3471
5014
1822
5164
1821
3937
1986
3472
1926
1939
5164
5045
5045
3475
310
310
1880
5127
3471
2010
5044
1930
1988
1996
310
1978
1989
5132
1988
5043
5116
5011
353
5050
1799
3446
1999
3447
1994
1937
311
3937
5113
5112
1937
1821
5150
5011
1993
5167
1925
5039
311
1819
5120
5093
5101
3447
3446
1996
311
3470
5166
3451
1978
5166
4942
2014
2033
331
3451
3449
1941
5046
1799
5093
1937
311
5046
1994
5170
5039
5111
5050
1931
1988
3937
1996
3473
5216
1925
3447
1989
1994
5039
1931
1928
1819
5097
1994
2014
3473
1921
5097
5221
1913
1910
5048
2020
1994
3526
1937
5132
2000
1928
311
1929
5117
4941
5220
1978
5216
2000
1989
1913
5117
1924
311
1799
5220
5048
1913
3472
353
3449
3472
5043
3447
311
3450
1910
311
1818
1929
3470
3449
311
5150
5129
1910
3450
3452
1973
5115
5043
321
3470
2031
353
1928
5092
2033
1799
1989
1973
1978
1929
1994
1913
1985
2033
5042
5096
3472
5167
5040
1910
2000
2001
5217
3942
5125
1818
5046
2014
1908
311
322
5152
5043
1912
1937
311
5125
3452
3526
3526
5129
2019
5197
1994
1913
1929
1908
5095
5220
317
5201
5222
3453
1994
3453
5222
1911
2031
5170
1910
311
5203
353
3521
2001
279
3520
1997
1910
324
5096
1985
5168
1912
1984
3454
1911
1998
5196
1938
5223
2035
3453
5091
5091
1929
5091
5128
279
5040
5203
1998
5037
2001
1971
3482
317
5042
5080
1997
1948
5203
3520
5169
2019
1995
2036
1995
3477
5171
5295
3454
353
3476
3521
1799
3454
3481
5095
1948
5202
331
1997
5128
5154
5219
5098
3480
3528
2021
1998
1943
360
1945
5159
2036
5153
2035
5080
1945
5147
1948
2019
5222
5038
1948
1946
5095
3520
3482
353
1984
3483
1997
3519
279
279
3521
5126
322
1948
5146
5198
353
1995
5098
324
1949
5198
318
5223
317
5195
322
1985
5219
2021
5037
1971
2039
324
1997
5154
5293
1959
1959
2016
5199
324
3525
5293
2037
1945
5225
5149
3479
1945
3483
3525
1985
2022
2162
292
5087
3528
5292
5087
318
2035
5218
5158
2016
323
3523
3519
2016
323
5074
1945
2015
5218
1910
2037
5178
3520
2022
1950
5195
3478
1950
5225
1950
5126
3483
5149
318
1955
5200
1948
1959
2015
5224
353
1955
1945
5158
1948
1946
3482
5172
324
2040
283
1965
3488
5218
322
2016
5081
2166
3480
3534
5081
3484
3478
318
1957
3523
5195
2161
5089
2028
1945
362
5205
3543
2038
323
3535
2190
2166
2023
1948
321
1957
5296
5148
1952
318
3491
5233
326
5155
2042
321
2028
1910
2092
5208
5208
2165
3485
3523
3523
5205
322
353
5089
324
2042
2161
3531
1957
5161
5284
324
5298
1958
5232
5178
2023
5227
2041
322
2023
1957
326
5076
5212
3523
5155
5218
3541
5192
321
2018
323
1957
3478
2043
1958
1957
5179
2086
5227
5075
5233
3523
1952
1955
326
3531
3531
2024
326
5076
5160
3535
5226
1951
3485
2042
5211
2086
2086
1097
322
5148
3522
2041
3522
2043
3541
5212
2045
1946
2042
2092
2191
321
2190
2188
2189
323
5075
2163
325
5207
3492
3492
325
5234
1951
3496
2027
2153
5292
1907
2163
5208
2070
353
326
5082
2102
1951
5077
5229
323
3493
5088
5174
5194
3532
287
3524
2042
331
3490
5179
2017
325
3551
325
2153
2024
327
3502
1951
3522
5160
5088
5233
2096
2096
2096
2045
2104
1098
3541
2101
5226
2045
5161
1951
1952
292
5075
2029
5194
325
2176
2073
2030
2042
5226
5299
2017
3532
3542
2061
5157
5179
321
2117
2042
5210
2048
3540
5212
5294
5234
3530
327
2099
5296
359
1951
1094
325
2042
5236
3551
2048
3539
2189
331
5082
1098
5176
5284
292
5234
2071
2194
328
5085
5215
5213
2101
2046
2048
5083
2017
2194
2192
3530
5084
294
5229
5210
5174
5209
328
5215
5083
334
2096
5294
3533
3495
2042
5229
327
2048
3544
3544
3504
321
5210
327
2176
1094
3536
5206
301
3552
1952
5176
2104
2081
5213
2073
2080
5215
2099
3552
3504
5235
5283
5209
2117
5156
331
3539
5177
5280
5215
335
2096
331
2149
5156
2105
1952
334
2046
1952
3544
2026
2076
2176
3505
2096
5177
5228
2081
2191
5300
5236
5185
3538
3538
5214
2118
5177
2097
2097
2152
5228
3627
5288
5230
300
2096
1100
2079
2055
2160
3548
3537
2079
5237
5184
2099
3504
3500
2046
2099
335
5083
2104
5085
5230
2118
2126
5285
2026
335
5257
2181
2046
5214
3536
2152
333
2097
2127
2097
5182
5085
5242
3550
1101
2099
2149
2127
3
5280
3550
5177
5184
295
5297
3498
1952
2097
331
5231
5269
5238
2099
5257
2079
2127
300
282
5258
2152
2118
2055
2083
5177
5282
2025
2177
2119
335
2083
5188
5182
5186
5254
335
5290
5244
2194
5244
3506
3627
5180
1101
5188
2181
300
2143
335
2110
333
5256
5242
2119
333
2126
3
5186
2127
3507
293
2138
2158
5175
2117
2100
3507
3545
2100
355
2177
2025
2083
3549
330
2055
5258
2158
1104
3547
5256
2083
5231
5180
5300
3624
2055
300
2126
3627
5156
1103
5240
329
3557
5188
5281
336
295
2138
5269
2158
5281
5255
5244
5243
3508
2055
5231
5183
2158
2119
5186
330
2127
2127
5186
3511
3509
333
2149
410
2140
2110
5289
410
3549
2119
2160
332
2158
5291
1105
3513
351
5269
3624
5255
355
2143
5183
1
2123
5245
343
2125
407
5301
2100
5282
3546
5307
5186
2118
2191
2177
5270
3546
2108
3557
3499
5183
3558
2119
407
2129
2123
5260
3627
3588
5245
2109
5259
2139
353
3516
2172
3553
2129
338
3558
5241
3509
3547
5271
3499
343
2196
5261
2151
2143
5274
5264
2181
2109
3629
2151
295
1105
2148
3562
1
329
330
3517
2108
5246
3516
5287
2142
407
2142
2199
412
5270
2140
3629
3588
2119
410
340
330
332
3625
343
2130
5267
3560
2
3562
2172
337
2195
3553
2122
5274
3553
3559
5320
2129
5183
2129
407
2158
3623
2124
5264
3588
5274
3553
2125
2141
3625
1106
410
3562
5247
3628
5286
354
5246
2175
5266
5303
356
2143
3573
340
5276
355
2181
2185
5272
5312
1107
3588
3510
2148
3555
2144
3509
3622
5287
2148
332
330
354
3512
3623
3626
3514
407
3514
2128
2121
347
3622
2145
2150
2131
3572
353
2136
344
2124
2195
7
2199
3518
5263
5274
3562
412
2144
332
5324
3555
344
3625
2124
407
3572
2122
3555
371
5267
7
3555
2156
3632
2135
2141
2133
1108
356
3564
2144
3586
5266
2122
406
2121
5267
3555
332
2172
2150
3633
2196
3564
3631
344
2133
3626
3554
352
3555
2145
5286
407
2145
5275
5325
3586
5250
5265
3518
3562
3630
5276
348
2122
3555
3562
3555
3563
3554
5272
2121
2146
2132
3631
2148
405
411
347
5249
3554
344
5304
3571
407
5268
5268
2242
407
2245
406
3591
5306
359
5248
2147
5279
3563
3631
3564
2137
3554
406
3568
2201
3555
2155
369
349
2156
3512
2134
3586
3630
5322
3555
2147
2257
2175
3626
3554
3562
3568
406
2122
356
1115
3555
2182
3574
2120
332
2172
2198
370
5372
2197
3633
5373
2201
2156
3640
412
5249
3570
3575
3025
3630
2135
3025
3025
3025
2245
3562
3633
1109
3632
5276
3025
3587
5313
3561
332
375
3025
3025
5253
3025
3025
359
360
349
3025
369
3554
360
3025
2201
3026
3569
357
3025
3561
3025
3562
3025
408
3025
3025
3635
3025
349
2196
2242
5276
405
3025
411
5326
3025
3636
3640
5277
3025
2957
2957
3025
3635
408
2197
3591
3631
356
3025
3025
3026
2182
5372
3570
5279
2147
349
3025
3025
370
3025
3025
3581
5373
3025
5268
3586
2201
349
3571
3630
4
2957
3634
2241
3561
357
3026
2957
3586
406
349
3025
3025
2146
2244
4
2967
3025
3591
406
3026
3592
5376
3025
5253
2171
3025
2258
2957
2258
3025
2241
2957
370
2957
2200
3026
3584
3636
349
2957
359
3575
3025
3025
3561
3025
3570
3025
5277
416
3587
2120
2957
5330
2256
359
2953
409
3025
1116
3581
2245
2198
3025
5278
3025
2120
408
2957
3639
2957
3025
2155
5372
2183
361
2173
3578
3565
3585
3561
3567
384
3025
360
2957
363
3025
2957
2146
2969
2969
2957
2203
416
5305
2969
2967
2957
4310
384
370
2241
3592
413
416
2197
2969
2182
2969
3569
3025
2968
376
408
358
2969
3636
2953
367
3561
3584
5252
2954
2258
2954
3025
5315
2957
2954
3584
5329
3025
387
5328
2258
3581
2957
1117
2244
3634
3585
1116
2954
2957
3025
3025
3585
3591
5388
2957
5
415
2954
409
3566
2954
361
2954
363
2957
3025
2969
2255
2969
2966
2187
5375
3567
2957
6
3025
2968
5277
5251
3592
3579
3025
2969
413
2954
3025
387
3642
3025
3635
372
5376
367
3025
3025
5377
2966
2957
3025
3609
2173
3636
2950
2954
3025
5389
5310
2966
2950
363
2957
386
3583
413
2957
3582
2950
2957
3025
367
3025
409
2184
3584
2183
3566
3585
3025
2259
367
3025
5374
3583
2966
3609
2957
3578
2968
3589
2966
3025
2244
3590
2966
2957
2950
3593
387
2258
2966
2957
2950
5374
3635
2200
6052
3025
3590
6052
2950
6052
2957
2256
409
3025
2966
5278
368
415
2243
6025
3583
361
3641
2966
386
3642
386
6052
3025
6052
6052
2966
388
6025
6025
2966
2957
3602
2957
6052
3638
2186
6025
2203
2954
2966
2969
6052
2173
2966
5386
2953
3025
2255
3025
3025
2966
6052
5377
3025
2969
6052
2246
5331
2969
3634
5317
3580
2957
362
6025
6052
6025
2957
2950
3583
2969
423
2203
6025
3025
2966
2966
6025
2950
416
2966
6025
373
366
2953
2916
364
2204
2950
3582
361
6025
2936
365
414
2966
3025
2286
3566
6025
366
5377
2936
2957
2957
5311
3025
5329
6025
2957
6052
387
3609
2966
6025
6025
2936
3589
6025
3025
3577
5387
2893
2950
3589
2957
2966
3589
6078
2969
2936
1114
3641
366
6052
2954
2950
2272
3590
388
2893
364
3638
2272
6025
2259
3609
2957
3025
6025
2936
5378
2936
6078
3608
2936
5389
2966
2950
3596
3613
3590
2246
6025
6058
5389
392
6052
6058
6058
6078
2956
2950
2261
2969
6025
2957
2966
3579
365
6052
2936
417
3025
415
3025
3596
3025
362
3601
6058
2202
6053
6053
390
6053
2916
2243
6025
3637
388
2936
6058
2950
6058
6078
1118
2916
6025
6025
366
6025
5405
3641
5387
6052
2893
2966
6058
5309
3582
6078
4311
3601
2174
419
2247
2953
2921
2916
2893
2248
6058
2969
6058
2187
6078
423
2957
6078
2957
387
2916
3590
6078
2936
387
6052
6022
2893
2969
2261
6058
2957
2950
3644
386
2966
3613
6052
2893
5311
6052
2969
2916
6022
3598
6058
3611
3603
2950
3611
2916
422
6058
2202
6058
366
2921
2209
3613
2957
2966
6058
387
2281
6022
2893
6053
3583
390
2957
2204
2936
6058
386
6058
6052
5386
2260
6022
6058
6058
6022
2916
6022
2916
5374
6058
6020
6022
2255
2917
3613
2916
2917
3605
2893
6022
5377
6020
2969
390
3643
2917
2916
6058
6058
2916
3607
3595
6053
6058
5417
2174
6020
2206
6025
3595
5386
6058
2950
6020
6058
6058
3611
2208
2957
2206
6022
6058
2917
6020
6078
2893
3615
6020
2957
2918
6020
6025
2969
6020
6058
391
362
373
6058
6020
2916
2966
5311
6024
379
3596
6020
3605
2966
2913
2921
6022
2918
2893
417
6022
2917
389
2957
1118
3612
2917
6020
394
3614
2209
6024
6058
6022
2956
3598
3612
3599
6020
9
3649
2271
6022
2918
3648
6
5399
2913
389
6020
2917
2893
5335
2921
6025
6022
6025
2954
6025
2247
3603
6022
2851
5399
2174
6024
396
6022
5405
2913
6058
6022
6022
2206
6024
6058
6025
381
5379
424
6058
2966
2965
2966
2921
2282
6020
6020
2206
5378
2921
2893
3608
389
6020
3596
2921
394
1118
2913
6024
2917
3615
2913
3645
3599
6020
428
5392
6020
5412
390
3606
2287
6025
3610
6080
6024
6058
6020
6053
3603
2918
3610
6058
6020
378
2956
5333
2918
6020
6020
5390
2966
2893
2954
2247
6020
5383
3594
379
6022
2913
2263
6024
381
6024
2209
2208
6020
2950
2918
3644
5386
6050
2893
2917
6020
6042
2954
3599
6080
3637
2913
3600
6025
6022
3653
6024
3616
6020
390
1119
6020
393
6080
2965
6024
6020
3595
6058
3616
6022
5402
3615
6082
2249
6020
2913
3599
424
381
2287
2210
2918
6025
5412
5391
391
389
6080
2178
2921
6080
2851
6020
6022
6020
6058
5380
2918
6020
5333
6040
6058
2966
2260
424
2205
6020
3614
398
2287
6024
6024
2913
2208
3620
381
2851
2248
2917
6058
6053
6022
2260
6022
6058
6024
2965
3617
6024
3637
6020
6080
9
6080
3600
2855
2282
6021
2921
6021
3617
6024
2918
6024
2956
378
6020
3653
3620
5399
6050
2913
2921
2965
6050
6022
6024
9
6058
6080
6024
6042
3617
6024
2913
6080
391
2921
6042
403
6058
6080
5392
3614
6020
2205
3649
5400
6022
2921
2855
6020
6050
2249
6040
6022
6020
2855
5391
2851
2855
6021
6050
6042
3653
3620
5383
382
6042
3645
3594
2210
6058
6024
391
3660
5379
2854
2917
6080
6023
6040
5390
391
3600
6024
2855
395
6040
6020
398
3620
6050
6050
3620
1120
2253
6082
2918
6024
2918
9
2855
393
2854
3594
6022
6020
3659
5391
6051
6024
382
2851
2205
2918
6080
6020
3600
2854
6080
378
3660
2223
2855
6080
383
2855
9
2271
3716
6021
6020
5418
2855
3645
6080
2893
6020
6080
6021
5381
6082
6080
6080
3659
6021
3620
5401
3653
3648
382
2252
3619
3597
5406
397
2855
6050
2913
2253
2210
2178
2249
6075
2178
3649
2220
5413
3652
6024
6024
2263
380
3715
3646
398
6047
5392
3647
2284
395
6050
2854
2854
3653
3594
6021
6051
5337
6042
6020
398
6042
3652
6050
2205
3647
3659
383
6051
2252
2207
6075
3646
397
10
2856
6051
3597
2856
1121
2854
5390
6075
391
6047
6047
3646
10
3647
6050
6042
2270
2285
3718
427
6043
6040
3621
6043
391
5413
2205
398
2854
2913
3718
382
3619
2918
6042
6021
2856
3652
2855
2856
397
6082
383
2854
3647
5418
382
6082
2851
6076
6047
6074
10
2855
3663
6080
6075
5384
6080
3597
5414
6075
6074
395
380
397
4312
3715
5401
398
5408
2856
6042
2211
403
380
2856
5392
3652
3652
2854
6075
6042
3621
3661
3715
6050
10
5385
432
395
2849
6048
2917
3597
6051
432
6023
3655
6040
2285
2918
3714
399
11
6023
2224
2913
3653
382
6075
382
3718
1123
397
3320
2851
2856
380
3659
397
2856
2851
2855
435
3714
401
6074
3662
6076
2854
6076
6050
5337
1123
398
11
6006
3664
6021
5394
5339
6075
5384
2917
399
2284
3320
2849
2856
6043
2210
2856
5414
2207
436
3715
436
6075
2849
498
380
6047
6023
6076
2854
3652
429
3667
3665
428
5985
11
6051
5381
435
2224
2849
6048
397
3714
3662
3719
380
2284
3714
6063
3655
6076
2285
3655
3718
6076
6074
6074
6006
3320
5351
6023
6040
3663
13
6076
5985
436
3664
2857
2849
397
2856
6040
2270
6074
436
2854
5340
3720
435
499
404
397
2220
6051
5418
2854
400
13
380
2254
5337
2849
443
2849
5409
398
2253
3717
2854
6006
12
2250
5985
3650
6075
400
2857
2854
497
1123
3650
400
6075
2857
5985
3670
5985
5382
3320
3320
6075
443
6047
2856
3662
6076
3654
2222
3667
3666
3719
2849
6074
6023
3667
6074
2251
443
3665
6006
403
2218
2849
435
2857
5985
13
5986
2856
6063
402
430
2854
6047
5415
2858
436
2857
5986
501
3669
2854
2857
5342
12
435
2857
442
428
3321
3650
12
442
6076
3669
5407
3717
2857
5986
2857
2857
2849
2849
3669
5385
6006
502
5395
6006
402
403
2284
3654
5336
436
13
6006
2225
435
5349
5985
2280
5351
3666
6074
3720
3671
2857
501
3321
6006
6008
3722
12
5410
3667
403
404
5986
2857
5342
6006
3650
5979
2267
3650
435
5341
6076
436
5411
6076
13
5986
444
2266
404
5336
2847
404
497
5979
6076
5985
1123
3720
5416
443
3671
2849
2254
438
2857
500
433
404
2857
404
5985
2222
3321
6076
2294
3654
2847
2857
14
5395
2858
5989
1124
3721
6007
5407
12
5986
3722
2847
2857
497
2857
2284
6008
2858
3666
3672
5989
15
6008
2264
5398
2218
5415
6006
446
2858
5398
2280
3654
2849
2225
3651
6006
5979
447
2857
404
6076
2849
5354
3722
433
500
5338
2265
5349
6008
5353
6007
433
2847
444
3654
3669
2847
447
438
2843
5985
3672
2843
3657
3724
444
446
449
5415
433
5989
438
6006
3668
5357
5986
442
5419
3723
3654
15
2289
508
5986
3674
6008
433
508
447
5989
503
6007
3674
6008
2266
5343
503
5423
2847
2843
15
3657
14
2264
5989
6006
2843
3724
449
2842
6006
6015
14
438
442
6007
5420
4313
3321
453
3657
5982
5415
3696
6007
438
444
6008
3696
5393
444
3672
2843
442
2843
5986
2844
5419
2857
457
2219
5355
6008
3322
5353
6015
6015
2847
2845
3723
449
5989
3672
5423
2844
3651
2225
5979
438
2280
5398
6015
5420
2219
453
5356
5355
2267
433
6008
2293
5989
2845
3658
507
2844
5357
6008
6008
2235
455
2264
2293
5349
450
1124
2847
6007
5988
2265
2266
3651
3692
442
2843
3674
2843
6008
5989
442
2289
3724
5422
452
445
2289
6007
2219
5989
2845
434
6015
3699
5358
5355
2843
6007
437
5425
452
5431
442
5420
3673
2841
3673
3658
5989
3696
3723
445
2844
3725
2845
5989
2235
6004
5988
5356
3693
6007
5424
6004
5343
3696
452
508
2844
5348
2807
5358
457
445
15
450
6007
3698
2845
5431
452
2288
5360
455
3699
3682
2807
3726
3692
6007
452
5420
6004
6015
3322
5366
3699
2807
2212
5988
454
6007
2212
445
457
6015
3725
437
5343
6015
2840
2235
450
2804
1125
3680
5359
2289
2840
6007
2219
445
2293
16
2840
3699
2801
2264
3682
2840
508
2840
2212
1111
455
457
437
5360
2801
2801
6007
5365
3725
3695
5432
3656
5974
454
5358
5988
5343
2840
3726
5988
3698
508
6007
454
6007
2293
3695
450
2289
1125
6003
445
2801
6004
3698
456
2228
3726
5426
17
5422
3692
3700
2289
5366
2804
452
508
6004
2801
5363
5348
2234
6004
450
2293
5431
508
5343
5421
5368
4313
5370
3709
5426
5363
1111
452
2212
2801
2804
457
2212
2804
2228
2804
5343
5988
3726
2803
456
452
2289
2804
16
3682
5421
6004
3322
508
3656
434
1125
5974
5421
2803
482
2802
2803
445
2801
5348
2234
5370
456
5348
5345
2293
6004
3697
3680
2804
6004
5432
2212
2828
4313
5988
5976
5367
508
6015
2212
5974
3694
2212
2798
5363
3682
3680
5363
5370
2289
5988
5345
17
482
479
434
6003
5430
2293
2802
2235
5974
1125
5348
1110
2828
6003
5971
508
2291
17
3709
2803
3678
6003
1113
3709
2228
506
5344
5345
1110
2803
2803
5430
5421
451
3700
441
6004
5937
2803
6004
3685
5364
5362
2803
451
2291
2212
5371
508
6003
2803
2289
5428
3695
5976
18
5367
508
2803
2795
1110
2212
5345
3694
5426
482
2795
1113
5362
5361
5440
5937
6004
437
2803
19
2802
2803
3680
2803
2308
2803
3700
4309
5344
5344
3680
451
5937
440
3697
2293
5345
3685
2795
4309
1112
5937
3727
2293
5371
5937
5429
3708
5974
439
5937
3684
506
5369
2795
5440
2308
1113
2291
441
5439
5433
5937
5428
440
5427
3727
3702
439
2803
2795
5937
5344
5433
2795
2795
2795
2308
3679
2803
2291
5474
3683
479
2795
508
5936
3683
481
2293
5433
5935
5936
3706
2795
5472
2795
5936
5937
2293
2803
481
2795
3684
5440
5935
3708
5935
1112
3705
2305
5935
3681
2795
1113
19
5473
3685
5932
463
440
475
5453
2235
5934
441
2795
439
5453
461
1112
5934
509
3679
5934
5458
5935
2795
2795
3708
5427
1113
5427
5936
19
5474
2795
492
2795
3712
2795
2305
5934
2796
5936
3702
3683
3702
463
2795
509
2290
5934
2291
5439
3681
2796
2235
3683
2796
478
465
3689
5439
3687
465
3705
2796
5456
5928
4309
5434
5933
5958
3707
19
461
475
2795
2795
2303
2293
478
20
475
5932
5344
2796
463
2796
3711
20
5451
5967
2796
2796
2290
3687
5928
2796
3703
2305
3689
5932
5459
5933
5439
5932
3688
3711
5457
20
5928
2796
5459
2796
5439
2796
5441
483
2796
5925
5475
2305
2796
3681
483
509
5933
2794
1128
5471
461
3687
3712
2290
3702
3689
3707
2796
5933
2796
5932
5932
20
2796
476
5958
3686
492
5933
5933
20
2794
3713
5465
2794
5958
466
5963
3707
3704
2291
2291
480
462
5475
462
5470
2812
20
2766
2765
466
2812
5460
478
5958
5958
3688
2307
2794
461
20
509
2765
20
3679
3703
462
3753
5436
3687
2313
2794
5958
3711
3703
1128
2794
3703
483
5470
5438
2796
462
2794
2291
492
3675
5435
2796
2794
3710
21
5952
483
5438
2796
21
3711
2290
5456
462
5928
5470
477
3686
477
3754
2796
2766
5965
5479
2794
2794
5954
2312
2290
468
3676
5436
3754
5965
5965
2298
3701
2812
5952
3690
467
21
492
2809
3704
483
2794
3710
5965
3704
5954
5947
480
5959
2812
5965
21
2290
3675
2311
466
2766
3746
2305
5461
5965
5435
510
470
1128
5479
2812
2794
5477
5963
5963
5437
2290
2298
2812
3748
509
3755
2809
2812
5954
5480
2290
2812
480
2766
464
2290
5438
3755
468
22
3753
2766
5436
2765
3710
5964
5454
3690
2794
2311
5954
3744
2809
2809
5448
3755
458
489
2313
2809
3676
491
5436
489
2812
5964
5965
3757
5965
5954
2765
3728
468
3677
2290
469
2809
2812
5947
485
2809
5437
23
2315
2809
3756
5454
24
5443
2290
5947
3748
2290
2809
2313
3747
5954
2812
3691
1129
5455
3752
5963
2812
2313
5946
459
489
5963
2809
5947
2809
471
3744
3755
510
2313
5942
5964
5946
488
5480
2315
5461
459
3751
491
458
5448
5443
2812
5947
489
2810
2290
485
2764
2812
2290
5448
2809
5957
472
3729
2809
2298
5480
2313
5947
3747
2809
2809
2313
473
491
3691
5964
5962
3730
5479
5964
5956
5455
3752
471
3763
3728
5478
2809
5947
5964
25
5478
5962
459
2809
2809
3767
485
2814
5945
2814
510
2810
2296
3729
25
3750
5946
2814
3750
1130
5946
3762
5947
488
2352
5942
2810
2814
2811
3762
2808
3743
2811
26
5445
5447
3747
5448
2808
491
3751
2351
490
3764
2352
3743
2705
5946
26
3751
5945
5946
2705
2351
487
3767
5478
5448
5947
5947
2705
510
5447
2811
5940
2296
5463
5443
5447
2811
472
511
3749
5940
5942
5450
5946
2705
2809
2811
2705
5962
5446
5943
3759
3729
2814
2814
2811
2808
3762
484
3764
5940
5450
1131
2811
3730
2809
3750
2296
5947
2705
5946
495
5946
3733
2808
474
5915
2811
3743
2351
2355
495
5481
5944
2352
2774
490
5942
5483
486
2814
514
5921
2814
486
5463
2811
2811
5444
511
2705
3758
5502
2808
2760
2760
3762
3740
2777
5946
3766
5481
474
3759
3735
2808
3733
2760
5945
3745
2811
3731
5946
3759
511
2296
5449
2811
5449
494
5945
2760
527
2808
5909
3732
5496
2808
3738
5484
3766
5942
2767
5940
513
5939
3758
2774
536
3740
2808
5943
3761
2351
493
5956
30
5516
5943
3765
527
474
29
2773
5449
496
5943
2352
529
2811
2774
493
2811
474
3758
2760
2808
5907
5496
2352
2355
2773
5495
3791
5945
2811
494
5484
2811
1131
2811
2774
5945
2352
517
1132
5939
2773
2760
2773
2773
5945
530
5940
6395
5907
2811
516
3761
2773
518
515
5902
5939
3262
2774
516
31
5943
2773
2352
515
3790
2773
5487
3786
493
5445
5890
531
5907
2320
5516
1132
3734
5940
5487
3794
5942
528
2354
2361
2354
3760
496
5939
3761
5939
2352
532
5944
2777
2352
3761
2320
3262
3765
2760
2760
2699
5485
5497
539
2767
5498
535
2352
526
3262
517
2770
6395
535
32
5516
5902
3791
5944
5944
2768
3736
2354
540
539
3255
5912
3770
2773
5902
5854
516
532
3741
5504
2354
3739
3791
3794
5944
3787
2361
2773
3262
2767
3788
5487
2699
5944
2355
3262
3774
2767
2356
2774
3786
3255
5485
2774
5944
3789
522
31
534
3794
2323
528
540
2760
540
5939
2770
2773
2768
2768
2773
5483
5884
540
5498
2699
3255
3770
3788
5483
5907
5943
2770
539
5907
523
5488
5938
1136
2811
5906
5906
2770
5517
5854
2740
2740
5916
5493
2773
2771
3253
3255
2358
2773
2767
3741
5939
5854
2362
5943
5497
2770
3774
5907
5489
2770
2767
3787
2361
5854
5939
6391
3789
2768
2773
2771
5486
3262
3792
2773
3262
520
5939
2771
5517
3789
5514
5488
3794
5902
3262
3769
2361
5493
3794
547
519
550
3788
3770
5492
5490
5939
540
552
2354
547
5907
2740
3792
2769
5852
1136
553
5939
521
532
6391
5488
552
6391
546
2771
2740
5939
3795
520
32
5907
2740
3243
5884
2359
3792
5884
34
545
3256
542
5852
3243
2768
5852
3262
3784
3243
2768
3792
5907
6393
5489
3771
3243
2767
2357
5906
3795
6391
523
3798
2771
5938
522
2359
3781
5939
3243
5491
544
543
5907
5518
5875
2359
2721
1134
5941
2768
2362
3795
5941
5884
5830
2770
5492
556
2362
5519
522
556
5853
3779
5490
3780
6393
2739
550
2361
2357
5853
2739
6395
2738
5515
3244
3796
569
33
1135
1135
3244
5938
524
2358
5853
2741
3797
3324
6392
2770
2741
5518
2770
5884
2740
2740
2738
5938
3780
5853
6393
3244
5872
554
3796
5493
556
551
5938
2738
2741
2357
3244
3792
6393
5493
2361
5520
5504
5872
5941
3798
3797
574
3255
573
3781
2359
551
553
5494
548
2383
5906
3244
3244
5872
5524
2360
4314
522
35
5872
5847
816
3244
816
5941
3255
557
5855
5512
5490
2740
3799
816
1134
3797
3255
2378
543
2770
5518
2370
554
2739
5552
34
6387
5524
2689
5872
2682
3255
2389
2389
6392
574
5941
3785
3777
2728
5941
2681
3783
3797
3777
2387
2688
5847
815
6387
2741
524
6393
3800
5843
813
569
555
816
816
569
2689
5843
816
5494
2681
5853
5538
557
558
2740
6387
3783
5491
2682
5853
5538
2684
3797
5491
5491
3244
2740
5941
3324
2740
5521
555
5535
5843
5511
3783
3243
2387
3256
3830
2684
1133
3820
3828
6387
6387
557
2666
3799
2681
2362
3256
3803
5524
2360
559
5524
570
2681
6387
5872
6387
2383
3830
3244
5847
543
5837
2682
815
548
2681
2378
573
5520
2740
797
3820
3830
3244
2670
558
2389
6387
813
35
2682
2740
5855
5840
5552
5855
572
6384
36
2387
815
2682
2682
5840
812
2670
5526
5872
3777
2684
560
5859
797
5855
6384
584
570
524
797
5522
5843
5855
5869
3243
3828
2360
2682
2375
2377
5941
2682
3821
2393
816
37
815
3243
5537
2682
5521
5523
2682
1134
5855
5526
1137
2378
1133
816
3835
6387
2668
5847
3783
563
565
3821
3829
4027
3820
3803
3777
2682
5841
5522
5841
3778
812
559
2650
5855
5539
3830
5525
2389
2739
2360
562
2665
3828
2655
2655
3807
2360
815
2682
5537
3833
3821
3823
6387
3810
2390
5905
570
805
2668
2655
5846
5837
3244
5841
5869
3243
575
2682
797
4031
4031
5841
816
5840
4027
5521
3823
5859
2651
585
4027
2392
5802
2738
2682
816
3829
1137
2363
586
797
3833
2651
816
3244
589
2655
816
796
796
564
5539
5802
564
2682
565
2691
565
3821
570
570
2393
5840
5526
2651
3810
5846
5525
2377
3811
2383
2391
2650
2682
5859
5844
816
5802
5553
2384
2668
5551
5840
3806
2647
2395
2651
5802
3833
5528
812
5859
3778
2643
3831
5532
583
3823
2639
3808
584
4027
5802
40
796
3823
2738
5803
2738
589
796
3241
590
5859
2404
2390
5869
2682
580
5790
3811
812
816
2682
2668
5803
2684
5846
2637
566
3837
5802
5528
5806
5555
3809
816
5846
3822
2638
812
2616
2654
3835
2647
585
3827
579
796
580
585
2638
4032
4027
585
2377
5549
5869
5846
3835
2394
5532
589
5790
5522
3831
2637
2404
5869
796
2643
5846
2682
5803
5571
5549
2649
586
3837
2616
3840
5803
2668
5803
2622
1138
3822
796
5548
5846
5803
3809
5808
2616
2647
568
2738
3808
5791
2639
3811
583
2654
4033
2392
805
5806
3818
38
590
5791
5860
2390
813
2650
5846
2404
2682
2649
2728
2622
796
5791
2380
588
5817
796
2622
2668
5557
5791
4029
5846
5860
2622
2659
5593
613
796
585
5790
3827
5551
796
585
3838
2391
805
5531
5790
5790
3827
796
5860
583
2637
2622
2682
2382
2728
591
2728
5531
5845
5860
5790
3824
2423
2637
566
2622
5817
603
2643
590
2652
5594
3840
2616
796
566
4033
586
2622
5555
2394
2650
2622
5817
796
2639
5549
2423
5845
5791
4032
2620
583
2411
3241
2654
2380
4032
588
5860
5772
5533
5772
5772
5817
5527
3840
585
5593
568
2404
5578
594
2682
2649
585
813
5804
583
2616
813
4030
39
5860
5817
603
2684
2728
5770
4012
5593
5791
796
3825
5577
3816
5817
5594
39
5817
5770
5790
4012
2620
3827
2643
3838
2619
2396
4022
2394
1140
2647
3811
4012
5556
5533
2625
805
5529
5797
3839
604
5573
5845
3241
4015
613
2682
1140
2620
604
5530
3839
796
3814
2654
583
592
2684
4030
2382
5770
5817
5531
2637
2391
5774
5528
591
3876
813
805
594
2411
2648
5817
4015
2652
2682
3825
585
3818
2647
2423
3818
813
2616
813
5817
5795
2649
5593
3826
585
5810
2619
2382
2396
5530
5594
5763
5860
5770
4029
5770
3873
5817
5774
3816
805
5529
2625
4012
2635
5860
4011
6378
5817
583
602
2620
3813
5817
805
2659
5770
3838
2400
2668
2404
2684
2654
5742
2637
2620
5562
5817
5845
596
5817
5817
604
2423
5863
2619
583
613
4022
1140
2412
604
596
2423
3849
5534
3878
3816
1140
613
5577
5533
3825
3884
2382
5530
613
3826
5529
2380
5856
5763
5817
2617
5797
5594
805
2620
3847
2624
5867
3876
2620
2635
5561
5868
805
2643
594
2428
2682
3884
3242
2620
5742
3863
43
592
2616
5560
805
5856
3846
4007
2650
2625
5863
5580
5738
2682
5742
2647
5586
4007
5867
594
3863
2654
2643
3873
2416
3815
5534
4018
2397
3872
6379
5817
610
603
5579
3849
6381
2619
597
585
611
5580
3884
607
5817
3815
5762
2382
2681
5817
3844
5562
5760
5741
2625
2382
2382
2618
43
3860
5817
2423
6379
5559
5575
2423
2649
2616
5764
2429
2620
605
601
4018
3861
5813
2643
598
2650
3875
599
2643
5812
6381
5739
2637
2684
599
2624
2379
5867
5595
3815
5529
6380
4007
5738
2412
3849
3872
2379
2639
5559
5591
2619
5565
2624
5582
5817
2625
605
613
2659
2647
4018
2465
3875
605
3859
5818
5584
4004
2382
610
598
2411
2654
3858
2383
3878
3844
5821
2618
605
5585
4030
2682
2465
2465
4004
2617
1141
3885
2617
5595
6381
5559
5741
598
2447
42
2637
5738
2616
1141
4018
5741
2635
3075
599
3846
5867
5569
41
5569
5856
3878
2681
2665
2643
2619
3126
5867
605
6374
2624
2682
3875
5867
601
3863
3849
2617
3860
2415
42
2652
2607
2652
600
2668
2649
5741
605
5761
630
3126
6379
6379
6377
2665
4007
4021
599
2383
2647
600
4008
4005
2624
3075
3846
2447
2647
6379
2624
3844
5669
5821
2617
2654
4005
5814
2616
3862
3848
3126
5785
44
5590
598
2618
6376
5558
5670
5579
3075
2382
4023
5814
6379
5567
2619
3924
3075
2466
5569
3845
3063
3874
5667
5563
5732
2397
3865
2544
3844
5668
3075
5743
6377
2586
3126
5565
2650
2382
5582
6379
45
2415
4021
5761
3870
5814
5779
2607
4005
3924
5761
1142
2650
2618
2544
5588
3075
2682
2436
2383
6379
6379
4024
44
6377
630
3883
5740
2659
2655
5566
5857
5566
3844
2625
632
3848
5812
2415
2447
3844
598
6379
2624
2604
2415
3882
2652
5581
2624
6371
5769
2544
3881
2616
3845
3069
2624
3076
2668
3858
5740
600
627
6379
3845
6376
2530
6379
627
3868
3848
2468
2607
5821
3844
5736
6376
2649
2668
2449
2668
4025
2607
2585
2635
3865
3126
2659
6379
2443
5767
3867
2468
5821
3076
5596
5815
2545
3074
5567
2586
3126
4005
5596
3924
5667
628
2586
2618
2449
2621
5563
5671
3914
3076
4024
2415
44
5670
3076
3850
2637
5736
627
2530
2654
2637
3883
5736
5581
2623
5667
5615
5820
627
5592
1142
2604
2655
2653
3848
2668
2443
5676
642
2654
3069
5784
3914
3999
2639
5672
2616
3913
3076
2415
3924
3851
4005
3069
2659
45
3871
2449
2625
5616
1142
2585
3851
2544
5745
2649
3866
5781
2449
6377
4025
3848
628
3128
2448
3924
3855
3916
5569
2576
2548
5733
44
4024
6376
2654
3128
45
4024
2448
5730
3126
632
3069
706
2466
3069
706
5619
3851
3904
2530
5567
6376
2621
2659
2575
6375
627
45
3896
2623
5731
2585
2655
6376
6377
3069
6371
5673
2443
5820
6369
3069
600
3924
5731
5568
5815
2476
2579
2655
5784
633
3914
3850
3851
5675
5674
3076
2544
5768
2626
5746
2468
6368
5596
5618
5672
6371
2639
6372
2530
3923
2654
3992
2575
2573
2637
2530
5681
2593
3904
3069
4000
5815
3992
633
45
6375
5676
6371
5784
5604
2448
5674
2593
706
4003
3074
5728
2550
3126
2450
3076
2468
2654
3923
5815
3850
5675
2653
5616
2653
5682
633
2651
2626
3128
2530
2652
3853
3856
5616
3069
2607
628
2564
3853
2469
2550
3069
3128
2639
2564
3914
2623
628
5672
2468
3897
5788
3919
3919
3900
4019
633
2573
6368
5621
1143
5679
2544
2476
3855
3141
3158
2565
6369
3902
2579
3850
3128
5602
628
3074
2616
5710
5604
2621
706
6369
5746
6365
5728
6375
4026
5597
2637
2651
6361
6369
2579
2654
6359
5708
2593
2621
3915
5681
2626
3923
2654
2530
5697
2595
2607
2550
5734
3856
627
705
2651
2550
2550
2564
6365
5815
3073
3076
5727
3128
5629
3897
3147
2565
628
2468
3069
2638
5678
2656
5786
2565
2476
2564
2550
2653
711
46
5820
2604
5604
5622
3919
2607
46
3917
3147
2554
2469
5708
6375
5677
1143
6375
2618
2550
5599
3852
2619
3855
6368
3128
2653
5682
2530
3906
3141
705
2554
3074
3076
3857
3923
2621
2595
2623
2616
2554
3128
2550
2476
5626
2550
2564
2656
2530
2564
2618
5616
3903
6359
5697
3998
2554
6360
2530
5687
6364
3855
2550
3926
2621
2638
3069
5752
628
5701
3853
633
3920
2652
2564
628
3074
4020
2550
5678
2656
2621
633
2550
2621
5788
5703
5602
3898
2564
5710
2595
2542
2622
2530
2564
5752
2653
5727
5597
3928
5786
706
5682
3128
5622
3126
3853
5702
2623
2595
4000
3905
3926
2550
5699
6366
2530
2595
2564
3147
5697
5699
2619
3136
3215
3136
2653
3928
3073
6364
669
3888
4020
2619
5687
6360
2530
3136
5704
3147
633
5710
5700
701
700
3147
5703
5717
2476
636
5686
5700
2657
5816
3217
3918
3128
5678
3901
5704
3128
5631
4000
2652
3925
2564
3928
3141
5623
5699
5631
2468
5699
2530
3076
2550
5704
706
5688
5678
3990
5699
5686
5698
3853
2638
705
5699
5599
3141
2548
3857
5603
5697
5715
6363
3128
3128
2652
3898
2564
3960
46
708
3069
3928
5816
3128
2476
2530
2550
2559
3952
2469
6360
2652
3215
3918
5698
705
2619
5622
4009
5704
1144
6358
708
3144
6362
3951
3217
6361
2548
3921
2652
5748
5610
5689
3899
3909
5622
2585
636
2622
3128
5697
3993
2559
3983
6358
2548
3128
3128
3146
2548
46
3073
5599
3133
6351
5704
3074
5600
5689
3076
3888
6358
3910
2652
700
5755
3128
3215
3888
2544
3217
3217
2652
6362
5783
6351
2530
3069
2548
1144
5697
5627
3854
3983
5783
3967
3128
2585
705
5691
5712
5713
2530
3068
5717
5685
3121
5748
3076
1144
3133
5717
2653
3074
4269
3128
5697
5716
6364
5600
5611
5697
3074
3910
2548
6358
5625
5718
5655
3951
3128
2625
5787
2625
4006
3074
3121
5715
5691
3147
47
2625
3215
2585
2652
5748
3146
3967
3126
2476
3215
5625
3993
5715
3156
3899
1144
5691
2548
2530
3991
3951
3128
636
705
2548
6356
3909
3120
5715
703
2476
703
2653
6357
5748
3215
3069
3951
5624
2560
3967
3126
6357
3120
3912
2476
708
3961
3143
3890
3951
5748
3146
3146
3912
6356
2530
6355
3886
3217
3899
3961
703
3120
3076
708
3974
6355
6351
3076
6356
5625
5610
6347
6355
3951
3126
3854
4006
2653
2560
3974
3886
708
3215
5690
6355
3120
5717
46
3964
6354
6345
5716
3074
3146
3217
6356
3996
709
5712
3146
3145
6354
2653
703
3961
3126
4269
701
4009
5655
4009
2560
3907
710
636
3068
3155
2530
3964
5754
6345
3963
3076
5714
1144
1144
3911
708
3894
3991
5718
1144
3145
5756
3217
703
2477
6353
5655
5724
3156
5624
3971
750
3216
6352
5723
636
3971
3155
5606
3982
5624
3119
3210
3217
2560
6353
3069
3068
3214
3965
6354
3118
2477
1144
3142
3112
6355
3068
3979
3887
4269
3911
3076
3145
701
5652
3146
6353
3995
4269
6347
3153
3216
5726
3214
3972
3965
3972
3072
3076
5600
3912
750
6346
6271
701
5751
2477
5635
6352
3982
3076
5611
3889
6353
5722
3156
703
5635
5726
3996
3074
3963
3973
3214
3965
3908
3214
3893
3112
4268
5722
3981
5635
5652
3068
701
4002
5656
3887
750
4268
3153
6346
2474
701
3911
936
3973
784
6346
5721
3151
6350
750
3140
3152
3076
3996
3122
669
701
3068
6339
6277
3113
936
3895
3966
6350
3962
3980
701
2560
3140
3063
669
5652
5609
3887
744
2475
52
825
5651
3068
3995
6288
3151
6349
3140
5605
4268
3151
752
3988
6348
3892
4001
3151
6341
6339
825
5663
3911
3063
5666
3123
4002
3122
3140
701
701
3981
5607
752
2477
5663
3138
5651
3152
5607
6274
5635
3123
5721
3112
6261
3966
5607
3977
744
825
3995
4267
5653
5605
3966
57
3987
3076
3075
3950
3152
936
3946
4267
825
6348
6261
5658
3977
6340
770
6288
3140
3114
701
6339
3117
6274
52
3950
829
53
3150
3893
3108
3110
6342
6344
3110
5605
744
701
701
5666
5635
3892
3150
3976
5605
4267
3149
935
3138
3149
3945
825
3987
6338
5633
3934
6289
6338
743
3985
3134
5639
744
4001
3994
3148
823
4155
770
3976
3946
6340
2478
6287
57
5634
3116
6255
3929
3066
6266
3070
3149
3151
5647
937
6276
3109
3107
3987
3107
6266
770
3934
6289
3058
3115
770
3997
6273
744
4001
829
744
6268
3976
3932
772
5647
5650
3957
3953
5661
744
3975
6255
3060
3134
743
744
6275
825
5643
3976
3976
744
3934
3148
3945
6272
750
744
4153
825
68
5640
3989
5665
3115
6259
3984
923
852
3984
3957
5605
744
6270
749
3986
928
3984
934
853
744
57
6260
859
3994
770
6287
746
3059
837
3997
934
6265
933
5643
4153
3957
3115
5661
930
4147
5643
3958
4147
5645
3935
853
928
823
6270
3060
6251
3936
925
3953
924
5659
770
3986
829
3978
3940
5643
833
852
746
3959
833
925
916
3936
5649
4154
922
6251
746
3978
5643
4154
3059
769
745
3958
4132
926
933
6284
759
921
3986
924
824
743
6282
68
917
6203
852
922
823
749
3958
3059
3940
4148
6258
746
915
824
853
767
6286
837
6262
3958
825
5643
3954
5649
767
6199
6166
833
750
3978
831
6257
3955
4132
746
859
759
6166
926
926
748
6264
824
69
3942
922
6204
6199
925
834
3959
4148
3978
6280
4146
921
919
829
829
6280
3942
3959
4062
915
4148
4057
917
3959
861
4132
6206
767
4133
922
6200
6285
6281
746
4057
6166
68
824
6263
71
844
859
833
4133
831
918
915
6166
6166
4128
6173
749
824
919
3978
5646
3954
859
823
861
3942
4062
3944
759
750
829
4149
917
6279
844
920
68
831
912
6256
915
746
4039
4045
820
734
861
4150
65
824
6278
914
851
4039
4058
65
844
4149
6174
829
4062
833
831
4150
749
745
745
4133
4129
834
4059
6206
829
3944
6247
6166
919
833
859
834
64
4058
759
6166
4088
829
4062
4063
6253
4149
6205
834
919
4062
4064
4064
4051
747
834
834
851
832
918
820
4107
761
4045
844
6175
834
6241
914
745
6193
6166
918
835
833
918
748
6209
834
850
761
4128
4128
858
4149
4063
842
829
832
4051
6248
834
842
6166
858
842
919
758
4085
4129
820
65
912
4055
6250
65
759
4062
4060
6175
4059
4051
748
6175
842
4150
834
4064
842
4063
844
842
4128
4059
914
4087
6246
6207
4129
833
4134
4065
842
4107
4134
4129
6158
832
4067
6175
842
4143
842
919
6166
4067
4145
4051
4129
4071
4128
842
4051
834
4061
6193
836
836
745
4145
913
850
857
911
761
4065
858
761
6166
747
741
913
857
832
4142
6231
858
842
911
4051
4066
4052
6210
834
843
844
4137
6244
4070
4128
913
844
4067
850
4061
741
4128
832
857
4073
4143
843
843
6231
819
6231
845
741
4065
4131
835
6241
4142
4145
4128
6209
4085
911
4065
6238
836
4052
6158
848
911
4105
4131
858
858
6231
4065
6208
4066
845
4070
835
834
4105
736
4110
857
857
4075
843
6231
4138
4128
870
836
843
6184
835
4067
4137
6177
6158
66
6192
4131
837
6239
747
6191
4138
849
6208
742
6194
850
843
4078
845
6158
819
4073
848
4130
6158
848
736
843
4076
6196
843
843
4075
6164
741
843
4138
849
6178
6158
4141
871
4065
6158
848
4112
4065
6196
837
870
4130
4130
845
6194
4109
6180
4105
4078
4135
848
6159
742
836
845
871
837
6183
4075
870
6231
849
847
742
843
849
4109
848
6182
843
845
6185
6190
4130
889
4138
847
4114
4074
4074
6180
838
4075
837
840
6163
4105
6179
6163
837
846
4135
4139
4078
868
871
846
889
4074
4105
846
4112
847
4112
846
846
846
6159
6163
6179
4135
6195
6185
846
846
6234
840
837
6183
4074
890
846
4109
4136
6231
4136
4078
4139
4085
6190
888
4114
6159
6195
847
6188
875
6190
842
6163
889
4139
6185
846
901
4139
6189
846
847
840
76
837
887
6189
6195
887
6234
868
840
840
6188
901
847
4105
4115
6223
6223
843
6159
841
888
897
847
6236
892
6186
847
847
6219
6188
6195
6231
4114
869
6185
4114
6159
6216
6181
869
847
887
6216
847
6235
837
6186
841
847
6163
892
887
6216
6235
841
4105
6163
4115
6235
4085
872
6181
6219
4114
6232
867
847
6233
841
841
6216
6233
897
6235
3092
6216
4114
906
867
892
4115
6232
4115
6219
875
891
3161
841
4105
891
6216
4100
869
3098
6219
910
906
6218
887
3160
1162
4114
6223
4111
867
3161
4113
4114
4115
6217
899
6221
896
896
1162
6221
4315
908
6212
867
4101
908
875
6221
6218
867
900
904
3092
4100
3092
4097
899
4114
900
6220
6218
880
6217
867
4097
6221
6220
4097
900
6220
3160
884
1162
900
899
4113
880
4119
867
6215
4113
3092
905
6221
6220
883
880
4095
3160
910
4114
878
880
6215
883
6215
6221
883
880
884
6215
3162
903
6221
4097
904
6221
908
883
4116
881
4124
4098
880
1163
881
3166
884
884
4124
4101
6215
4081
983
885
880
885
4119
903
974
881
3160
884
4097
6214
6220
885
4119
881
4097
6214
881
6215
6220
4098
6225
905
3166
881
1163
3169
4116
881
903
4119
4124
885
886
864
4098
881
6222
886
864
881
885
4103
881
4098
3160
903
6214
6214
4098
6222
6226
4119
974
886
881
3169
6215
4126
979
886
902
6225
6228
886
974
1164
4096
6227
4098
3168
3161
886
958
882
958
4098
881
881
4126
4127
881
978
4096
6226
4103
4098
882
4035
4096
886
6290
6226
881
3168
6226
4174
983
6227
979
975
3170
958
6291
4175
886
953
983
4119
4119
957
959
882
4098
3166
882
6227
951
4197
957
951
957
4120
4199
3171
4170
984
959
978
1166
6229
4168
979
953
4175
4174
3164
882
6290
959
882
975
4195
6230
6229
984
959
953
977
4103
953
951
990
4197
882
951
960
3167
4126
4170
4168
4099
4035
3178
956
953
882
3167
6230
4197
6291
951
953
3178
951
62
6292
951
3178
4168
953
4170
956
3174
4176
882
6292
951
6291
953
1167
4198
882
4168
1169
4195
3164
4199
6294
4195
3185
950
6292
3185
4198
3178
987
955
3181
4199
4035
4192
3180
977
4035
951
3181
953
960
960
4176
6291
6296
6294
4176
956
6299
6296
976
3183
950
4176
3181
4170
4156
951
6298
1168
954
960
3181
992
882
4176
3176
3192
4173
6299
4191
3181
3183
954
3180
1169
3173
3192
4168
955
4192
6295
4157
3196
4176
6299
3181
954
6294
3192
950
3192
4176
954
3192
6294
3173
4196
954
955
4200
4173
4176
940
3175
4173
3196
6301
3192
4172
1171
950
4167
954
954
955
950
3196
4195
4156
951
6295
4192
1173
6301
4173
985
3192
4176
3183
3192
3196
3175
3175
954
6303
4173
954
4171
3192
3182
950
3194
4201
954
954
3177
6300
954
6306
954
940
952
1174
3188
4192
3196
6305
6303
3188
940
4171
79
3177
954
3184
955
3184
952
4177
950
4196
4177
6308
1174
3188
3188
4173
4173
993
6305
994
4207
3187
955
4172
6306
4172
954
4177
6305
3184
6308
989
6305
954
954
950
3177
6315
4177
991
3194
969
3188
6308
3194
952
952
6305
3175
954
3184
6305
973
952
1174
4192
3184
967
3187
4169
3186
4177
952
6311
1174
941
4177
6306
3188
3184
952
1174
4172
4194
3187
969
3184
3194
4173
6305
3187
6311
4201
4177
6305
4177
6307
3189
952
4158
6305
941
3188
4193
3193
4157
4173
1175
4172
1027
952
1175
6305
6317
4173
3188
973
952
6326
3194
3194
6311
4178
4173
4177
954
6317
4172
952
4193
4204
4177
942
3186
3193
3194
952
3194
4173
1175
4173
6309
967
952
3194
4173
4177
6309
1025
1175
4159
3190
4177
4184
4184
3193
4193
1025
1035
3188
4186
3190
6317
1175
4177
1175
1175
3195
4172
3193
1025
3189
4190
6311
4185
969
1175
4194
3194
952
3189
4158
4186
961
4173
3188
4193
3191
6313
4194
967
952
6307
4204
3193
4186
4186
1026
961
1175
4204
3190
3194
3190
4161
942
6317
3191
4207
3193
944
3194
4184
971
4186
3191
3189
3194
961
3191
6313
6311
3194
3189
971
4184
1176
6317
4178
6319
4193
3194
3190
967
961
6326
942
4186
3193
4186
3191
6317
4193
3207
3191
1176
4209
4186
3194
6322
3189
968
6312
4193
3191
941
6313
1176
1030
4190
4186
6317
6313
961
3189
972
4205
1037
4185
1030
972
4202
3191
6320
1029
3194
4184
4180
3193
3194
1176
3191
6313
4186
4202
3190
4186
3193
6320
961
968
6320
3190
4162
6318
4179
4161
4184
6322
3191
4186
1022
961
4206
971
962
4190
4190
6316
968
4186
971
971
961
4180
6324
3191
945
3193
6322
6322
1032
4202
6319
6320
4202
6318
945
961
6312
6318
4190
4190
943
1176
4186
3207
3191
4186
3191
3191
1176
1022
1176
3206
962
6319
1029
3206
971
3189
3206
3190
945
6314
1177
4186
3206
970
3191
6314
4202
3207
1022
1176
6320
3197
3206
4210
972
6324
1031
6319
4190
4187
1177
1176
4162
1177
4186
6314
963
4208
3201
3206
4190
6324
3206
4190
963
1038
970
6320
962
4188
6320
3201
4252
6316
3199
3206
4202
6316
3206
4183
4190
3199
4163
4190
4186
4181
3206
6324
1177
970
1006
3197
1002
4190
4181
6314
3206
1177
945
1177
6319
85
3201
963
6318
4187
6327
4188
3206
962
1177
963
1045
3199
4190
6319
6319
6318
4211
4252
6320
3206
1006
6319
6323
6321
3197
970
4187
6323
1023
1177
4190
4186
970
6323
3206
4210
1006
966
3199
4242
6327
4186
6324
1041
970
3206
1040
6324
4188
1177
6320
1177
6323
1044
1177
964
4189
963
4189
6327
6320
3199
4188
946
6323
6325
965
1177
3197
3203
1007
1006
6327
6321
1002
1038
4208
6323
6327
6320
6321
1001
1177
6321
1177
966
1008
966
3199
6323
3197
964
4182
3205
6323
4244
3206
1007
6329
6327
6325
4208
1177
6336
4219
3205
6327
4189
6329
4214
1008
6329
4246
4254
6321
3205
1043
3204
6329
966
4219
1179
6336
3204
86
1179
4190
3199
4245
1023
3204
4242
966
6336
965
964
1008
6337
1005
1000
6321
6327
4254
1017
6321
3205
3197
6321
1179
996
4246
1024
4245
3202
6327
4220
4189
997
6336
1017
6321
1179
4213
3205
6329
1048
3203
4165
4218
4215
1021
4254
6327
4239
3202
3205
6329
3198
4253
4239
4247
6331
6329
6327
1016
998
1016
1049
1017
88
6329
6336
6336
4247
996
4245
4221
6327
4223
1020
6329
3198
6329
3202
6336
1179
1042
3202
3198
4258
6336
6321
1015
6329
999
4255
4164
1047
1075
4253
6331
1179
4262
4239
4249
3198
4164
1049
6329
1047
1015
3205
6336
6328
6328
4262
999
6336
1075
3202
1178
6328
4223
6335
1011
6328
1015
3200
4261
1021
6329
4256
1009
6335
3198
4216
6336
4225
6335
3202
4222
1021
6335
6328
6333
6334
1049
4221
1079
4232
1178
3198
999
6335
4258
6334
6335
1064
4240
3271
4265
1068
1075
3270
4261
1013
6335
1049
6333
4232
6328
3200
1075
4225
4224
3200
4261
1075
1064
4231
4234
1185
6328
4238
6332
4257
4260
1068
4240
4257
1010
6335
1062
4226
1049
6335
1013
4265
1015
6335
3271
1077
1090
4236
1013
4227
4260
1075
4237
4260
4263
4235
3272
4237
1015
4318
6335
1068
1053
1062
4260
6330
6333
6335
1064
4238
1077
6333
6335
1076
3268
4263
6330
4285
1072
6330
3268
4270
1180
1062
1185
4318
6332
1071
1013
4235
3200
4263
1054
4259
1062
1186
1076
4264
6332
4227
1073
1013
4271
4279
1072
6334
6400
1064
3269
1065
1073
4263
6332
4279
3268
6330
1018
1072
97
1054
1062
1054
4266
4296
1072
3269
4235
3268
1073
1185
1065
4266
4285
97
4272
1054
6401
4266
1054
4292
1076
4281
1065
1063
1074
6400
1078
3268
4307
6330
3267
1059
4282
4280
1070
1065
1186
1057
1054
4266
4273
4274
4292
4296
1059
4296
4288
6400
1055
1057
1183
1074
1063
1087
4294
98
4277
4282
4290
1074
4292
4276
1061
4288
1060
6398
1057
4296
1181
4296
4274
1181
1069
1055
6401
6398
3267
1181
4278
1069
1059
1074
1181
4296
99
4292
1070
4294
1087
4294
4289
4277
1181
4294
1059
4286
1060
1061
4278
1061
4275
4275
101
1070
1067
4290
4289
99
6398
1059
1061
4289
4292
1181
6398
4291
4283
6398
1067
1066
4289
6398
4305
1058
4317
1081
4287
4287
4305
4305
1083
4283
1083
1058
4291
4275
1187
4287
1067
4284
4283
4305
109
102
4302
4304
1081
1066
1066
3328
104
4284
4305
4299
4297
4305
4291
4305
4301
4300
4303
4287
4306
4305
4306
4303
4305
4422
4374
4423
2053
2059
2045
2061
2053
2059
2059
2060
2048
2045
2045
1097
2061
1097
