15414
14901
14988
15415
14823
14852
15414
14646
14823
14630
15009
14901
15009
14667
14440
14453
14645
14481
14521
14424
14453
15460
15524
14423
14503
14422
14455
15496
14457
15496
14940
14900
14428
14397
14397
14402
14397
14567
14939
14938
14540
14428
14453
14410
14542
14465
14823
15032
14397
14971
15505
14901
15009
14938
14397
14453
14465
15426
14428
14455
14406
14422
14428
14476
14783
14364
15496
14364
14966
15032
14460
15472
14498
14453
14521
15508
14429
14915
14464
14938
15411
14705
14397
15496
15008
14994
14428
14456
14429
14966
14823
15032
14848
14558
14629
14364
14713
15524
15496
15472
14966
14549
15496
14467
14364
15496
14446
14940
14529
14389
14558
14916
14397
14423
14551
14446
15524
14663
15520
14939
14820
15520
14364
14818
15472
14916
14821
14397
14397
15505
14966
15496
14473
15461
14455
15490
15496
15524
14428
14422
14783
14429
14528
14401
14402
14966
14515
15472
15461
14588
14456
14783
14916
14901
15472
14411
14549
14994
14526
14528
15524
14401
15461
14543
14397
15496
14473
14916
15472
14429
14431
14363
14411
14939
14713
15520
14486
14505
15411
15520
15508
14783
14486
14424
14397
15472
14387
14663
14713
14422
14358
15461
14460
14713
15472
14898
14898
15472
14515
15461
14455
14514
15496
14476
14428
14397
14404
14820
14428
14994
14409
14499
14363
14867
14422
15009
14915
14938
14529
14734
14783
14629
15472
14410
14419
15461
14397
14823
15411
14966
14411
14901
15520
14423
14939
14429
14455
15461
14413
14429
15472
14397
14916
14446
15509
15504
14940
15461
14486
15032
14735
14363
14431
14431
14429
14470
14397
14429
14359
15523
14429
14848
14446
14663
14397
14380
15490
14712
14436
14425
15411
14898
14397
15461
14663
14363
14429
15461
14457
14629
14476
14821
14397
14713
14663
14411
14413
15524
15461
14410
14429
14916
15461
14404
14380
14783
14457
15520
14734
14456
15461
14528
14971
15472
14364
15505
14529
14358
15032
14402
15472
14971
14994
14820
15472
14551
15523
14734
15472
14663
14431
14363
14429
14446
14364
14916
15472
15472
15472
15461
14454
15461
14476
14439
15411
14429
14394
14649
14966
15426
14938
14400
14429
14783
15472
14505
15524
14966
14428
15461
14387
14414
14457
15524
14429
14368
15520
14429
15504
14342
14966
14713
14380
14455
14431
14425
15520
15411
15461
14684
14663
14395
14939
14363
14713
14363
14848
15426
15520
15461
14359
15472
14387
15461
15496
14916
14663
15472
15461
15461
14381
14429
14363
14734
14363
14848
14389
14429
14413
14994
15472
14363
14795
14519
14363
14422
14795
14821
14820
14364
14395
14916
15411
14367
14429
15505
14398
14413
15520
14413
14629
14368
14649
15520
14381
15008
14663
14818
14364
14370
15490
14734
14713
14425
14406
14413
14558
14422
14396
14363
15508
14790
14429
14940
14424
14356
14363
14363
14790
14381
14476
15461
15461
15461
14467
14446
14365
15461
14663
15461
15461
14519
14916
14357
14354
14396
15461
15412
14431
14821
14298
14519
14848
14413
14340
14315
14519
15472
14351
14340
14783
14358
14848
14425
14848
14938
14298
14994
15032
14332
14916
14414
14939
14938
14396
14783
15524
14387
14412
14413
15009
14821
15460
14411
14663
14419
14354
15461
14823
14783
14458
14413
14388
15426
14365
14848
14619
15524
15472
14795
15008
14971
14818
14424
14363
14966
14402
14363
14362
15461
15520
15472
14487
14629
15461
14381
14476
15472
14364
14519
15496
15426
14519
14938
14433
14519
14971
15412
14363
15461
14898
14822
15508
14916
14363
15490
14337
14350
14351
14287
14475
14629
15472
14363
15426
14940
14395
14384
14363
15008
14363
15461
14414
15460
14371
14398
14795
15472
15472
14476
14396
15520
15461
15496
15032
14396
14830
15505
14396
14938
14648
15164
14375
14308
14340
15496
14364
15472
14287
14783
14388
15460
14820
15529
14347
14939
14916
15520
14900
14396
14424
14459
14373
14821
15472
14401
14820
14938
14567
14938
15504
15524
14307
14338
14380
14304
15508
15426
14425
14319
14337
14323
14345
14588
14347
14347
14299
15504
15460
14581
15472
14916
14519
14994
14821
14916
14820
14938
14373
14822
14915
14305
14403
14783
14274
14519
14783
14821
14971
15496
14347
14424
15472
15504
14362
14459
14900
14257
14900
14362
15412
14398
14783
14362
14519
15472
14821
14551
14783
14684
14783
15472
15472
14820
14413
14315
14332
14971
14938
14916
14823
14993
14821
14475
14916
14365
14382
14424
15472
14280
15164
14916
15472
14519
14347
14338
14508
14588
14330
15472
14313
14551
14649
15508
14362
14993
14323
14425
14339
14340
14385
14783
14357
14459
14357
14505
14519
14366
15472
14331
15504
14284
14347
14915
15472
14459
14364
14916
14285
14491
14413
14519
14245
14305
14347
14337
15457
14236
14330
14415
14509
14255
14330
14361
14306
14273
14724
14467
14350
14272
14414
14363
14425
15508
14320
14258
14347
14380
14369
14373
14365
14294
14476
14459
14330
14413
14371
14361
14253
14362
14245
14256
14293
14468
14330
14415
14352
14279
14433
14225
14285
14364
14251
14295
14368
14293
14323
14424
14283
14227
14414
14347
14424
14384
14432
14291
14208
14468
14316
14476
14330
14292
14294
14432
14425
14347
14352
14295
14332
14285
14332
14264
14206
14198
14225
14323
14188
14381
14197
14270
14236
14184
14425
14160
14244
14235
15457
14330
14314
14251
14266
14208
14245
14260
14265
14351
14256
15159
14373
14271
14331
14228
14236
14415
14417
14271
14241
14373
14312
14242
14292
14161
14382
14312
14292
14190
14157
14250
14369
14285
14366
14227
14225
14297
14285
14243
14298
14295
14202
14241
14295
14177
14316
14280
14323
14382
14266
14158
14236
14323
14250
14315
14313
14121
14215
14174
14382
14236
14257
14241
14295
14177
14241
14211
14279
14285
14204
14245
14260
14300
14233
14264
14229
14170
14205
14151
14200
14158
14295
14185
14176
14224
14204
14295
14211
15457
14300
14280
14256
14183
14295
14270
14178
14257
14121
14295
14286
14260
14215
14315
14084
14176
14211
14266
14215
14208
14144
14208
14174
14176
14256
14187
14186
14200
14156
14200
14122
14211
14135
14227
14173
14177
14256
14220
14295
14215
14256
14174
14236
14215
14253
14136
14227
14245
14203
14109
14234
14139
14158
14256
14233
14193
14063
14155
14163
14103
14138
14086
14215
14197
14184
14066
14227
14147
14215
14122
14144
14214
14198
14163
14163
14200
14128
14177
14140
14214
14200
14163
14200
14137
14090
14208
14093
14214
15389
14065
14108
14214
14163
14094
14064
14122
14234
14215
14158
14144
14101
14184
14259
14177
14113
14056
14214
15392
14068
14221
14122
14187
14122
14172
15390
15391
14094
14068
14233
14144
14203
14170
14045
14024
14067
14173
15454
14068
14056
14090
14067
14144
14131
14101
14144
14145
14094
14141
15482
14094
15477
14039
14097
14023
14056
15454
14103
14046
14129
14165
14214
14124
14165
15450
13993
14101
14046
14067
14024
14165
14040
14030
15455
14068
14214
14165
14033
14023
14008
14034
14152
14068
14035
14101
14077
14173
14024
14024
14068
14024
14025
14024
14101
13945
14153
13992
13991
14040
14090
14089
15454
13994
14173
14130
13993
15477
14009
14039
15477
14035
13981
13993
14099
13922
13922
14099
14099
14099
14039
14009
14019
13971
13976
14099
13922
13893
15455
13922
13893
13976
14016
14030
13922
13893
13970
14099
13971
14040
13958
13893
13970
14041
14077
14099
14099
14017
13922
13976
13922
13989
13947
13960
13922
15453
14002
13947
15450
13923
13970
13937
14099
15453
13924
13947
14080
13968
13893
15478
14042
14001
13976
13786
13989
13786
13817
13826
14058
13938
14058
13817
13817
13840
13895
13787
13856
13937
13817
15453
13939
13956
15453
13938
14031
13825
13787
13735
13895
13956
13909
14058
13895
14081
14058
13735
13826
14002
13785
14058
13725
13854
13858
15481
14019
14081
13829
13841
13725
13989
13710
13909
13876
14003
13735
14081
13827
13710
13826
13829
13938
13830
13909
13677
15481
14019
15481
13677
13725
13829
13677
13774
13658
13919
14019
13775
14019
13942
13617
13658
13918
13658
13919
14019
14019
13710
13676
13829
13710
13711
15481
13795
13689
13583
13554
13942
13775
13710
13932
13619
13678
13679
13569
13582
13942
13932
13876
13830
13795
13582
13919
13537
13942
13553
13927
13676
13485
13632
13809
13809
13919
13683
13684
13932
13766
13932
13679
13510
13766
13795
13884
13539
13488
13668
13512
13486
13530
13584
13849
13497
13831
13558
13511
13497
13830
13831
13539
13831
13596
13703
13488
13470
13489
13497
13849
13444
13653
13849
13703
13486
13598
13766
13766
13766
13444
13684
13766
13718
13448
13406
13377
13718
13703
13310
13654
13831
13430
13598
13348
13497
13684
13503
13766
13561
13391
13403
13405
13430
13376
13452
13379
13453
13719
13427
13443
13427
13766
13590
13376
13627
13363
13719
13299
13561
13427
13561
13625
13625
13704
13453
13420
13590
13432
13523
13627
13704
13523
13590
13363
13450
13337
13671
13590
13421
13671
13347
13671
13311
13492
13389
13598
13389
13523
13338
13456
13389
13455
13492
13436
13336
13335
13492
13492
13435
13523
13349
13364
13436
13359
13434
13323
13346
13492
13533
13388
13280
13458
13268
13278
13268
13308
13492
13399
13166
13590
13590
13492
13335
13547
13280
13561
13492
13458
13340
13414
13435
13455
13416
13455
13436
13395
13312
13492
13255
13254
13413
13399
13399
13436
13399
13223
13298
13339
13359
13298
13242
13525
13284
13241
13455
13368
13413
13243
13327
13398
13108
13525
13323
13200
13217
13244
13177
13323
13384
13341
13341
13270
13177
13316
13413
13217
13341
13354
13089
13383
13222
13397
13368
13146
13231
13354
13397
13179
13343
13253
13354
13416
13368
13166
13318
13148
13165
13417
13372
13272
13354
13353
13143
13344
13342
13353
13434
13191
13272
13288
13354
13371
13143
13142
13142
13180
13230
13329
13401
13289
13302
13091
13077
13401
13201
13316
13167
13253
13063
13062
13329
13203
13090
13371
13289
13353
13260
13288
13289
13182
13245
13272
13272
13149
13122
13292
13196
12965
12993
13293
13039
13274
13107
13328
13093
13024
13303
13142
13013
13248
13023
13109
13276
13287
13333
13291
13010
13305
13234
12962
13264
13275
13207
13094
13038
13290
13357
13038
13211
13039
12897
12949
13315
13373
13208
12992
13182
13023
13296
13237
13358
13234
13054
13237
13182
12925
13196
12895
13247
13038
13209
13173
13066
13208
13286
13207
13266
13297
13054
13174
13105
12962
12803
13188
13197
12900
13182
13138
13199
12850
13206
12962
13186
13172
12778
13184
12767
13038
13023
13233
13153
12792
13206
12779
13116
12853
12951
12818
13156
13152
13026
12669
13007
13127
12747
13151
12962
12667
12802
12778
13017
13171
12852
12900
13129
13137
12686
13026
13113
13158
13213
13017
12667
13104
13128
12822
13138
13026
13136
12980
12646
12915
12604
13189
12953
13115
12341
13031
13104
13184
12891
13014
12816
12743
12778
13113
13018
13183
13018
13016
12854
13105
12586
13083
12765
13069
12114
12929
13159
13139
12686
12573
13081
12807
12984
12816
12469
13000
12668
12807
12574
12953
13032
12470
13016
13028
12839
12997
13031
12341
13046
12717
12743
13016
12321
12321
12700
13016
12750
13051
12828
12929
12782
12816
12944
13071
12516
12808
12972
12645
12811
12320
12472
12560
12341
12975
12489
12943
12974
12270
13126
13081
12970
12399
13081
13086
12970
12471
12827
12944
12222
12246
12960
12730
12720
12933
12984
12959
12934
12574
13004
12321
12287
12434
12944
12970
12636
12246
12626
13021
12687
13131
12164
12758
12906
12341
12934
12562
12364
12824
12841
12177
12984
12322
12082
12506
12773
12648
12751
12588
12162
12287
12195
13004
12532
12675
12452
12798
12578
12844
12365
12885
12649
12151
12535
12870
12721
12935
12533
12245
12654
12841
12774
12438
12722
12788
12815
12873
12872
12036
12038
12989
12100
12871
12689
12755
12869
12535
12249
11992
12887
12387
12787
12947
12869
12082
12832
12506
12593
12595
12323
12989
12452
12678
12869
12478
12021
12759
11993
12365
12655
12225
12155
12534
12845
12989
12143
12704
12564
11993
11993
12643
12151
12831
12036
12524
12100
12707
12082
12155
15153
12887
12418
12323
12401
12226
12082
12534
12547
11934
12609
12518
12704
11934
12534
12630
12155
12503
11993
12201
12100
12249
12592
12273
12421
12762
12537
12708
12643
12418
12632
12707
12351
12632
12694
12741
12549
12709
12504
11933
12177
12725
12840
12642
12643
12570
12704
12273
12556
12643
12618
12570
12038
12324
12036
11919
12411
12115
12454
12232
11934
11942
12156
12214
12458
12418
11934
12456
12490
12100
12048
11932
11993
11933
12196
12238
12449
12062
12597
12333
15153
12143
12616
12443
12539
12597
12131
12497
11893
12273
12439
11932
12615
11919
12165
12455
11934
12597
12324
12273
12143
12030
12355
12227
12599
12599
12538
11845
11936
12483
12429
11933
12615
12115
11845
11933
12455
12405
12616
11919
11934
12482
12064
12107
12067
12165
11843
11919
11936
11845
12388
12062
12062
12598
12597
12062
11844
12454
12039
12542
11887
12030
12597
12171
12376
11932
12557
12405
12005
12138
12333
12196
11932
12597
12070
11845
12274
12029
11844
12404
11934
11888
12227
12455
12556
11942
15153
12392
12030
12273
12375
12062
12324
11886
12485
12067
12116
12449
12512
12273
12349
11846
12553
12274
11938
12485
12446
11919
12297
11843
12039
12511
11767
12325
12349
11942
11981
12069
12379
12138
12349
12342
12057
12376
12291
12275
12178
12375
12002
12255
12127
12116
12412
12306
12484
11866
11846
12526
12342
11893
12025
11906
11932
11769
12511
12291
12062
12127
12071
12001
11845
11844
11798
12129
11920
12404
12274
12376
11817
12412
12340
12206
11966
12379
12133
11938
11888
12102
12062
12213
12213
11721
11906
12349
11908
12053
12101
12415
12300
12070
12348
15153
11768
12464
12297
11875
12263
12306
12343
11906
11817
12116
12324
12463
12291
11874
11854
11768
12416
11901
12422
11752
12213
12047
11768
12157
12025
11797
12412
11695
12106
12127
12314
11938
12206
12256
11944
11795
12358
11794
12085
11892
11813
11893
12251
12298
12127
12109
11921
12305
11874
12335
12250
11689
12291
11995
11695
12231
12153
11798
12300
11866
11858
12054
11722
11972
11926
12359
11866
12049
11659
12412
12256
11696
12412
11920
11694
12339
12358
11838
11909
11799
12228
11895
12359
11854
11721
11805
11921
11658
11875
12339
11831
12127
11954
12077
12046
12335
12119
11891
12252
11784
11882
11832
12257
12072
12343
12153
12314
12174
11722
12182
11838
11622
12337
12109
11816
12136
11926
12188
12251
12251
11657
12300
11803
11631
11755
11895
12338
11631
11804
12010
11574
12358
12042
12412
11623
11689
11624
11834
12110
11843
12215
11789
11657
12103
11697
12046
11784
11902
11927
12119
11794
11807
11891
11631
11622
11950
11558
12084
12173
11843
12073
11813
11806
11908
11745
11576
11955
12228
11859
11816
11557
11973
11589
12282
11805
11604
11556
12338
11498
11591
11729
12046
11961
11838
12215
11589
12337
11876
11591
12258
11069
11736
11730
11699
11699
12042
12241
11950
12076
11983
11530
11327
12110
11818
11834
11831
12174
11384
11673
12152
12011
11447
11891
11882
11708
11530
12007
11950
12118
12137
12146
11501
12044
12175
11780
11639
11699
12147
11813
12252
11710
11729
12189
11746
11475
11417
11779
11983
11434
11818
11621
11758
11070
11617
11758
11780
11974
11700
11614
11472
11868
11782
11728
11870
11211
11746
12207
11516
11569
11471
12242
11958
12012
11818
12027
12280
11861
11672
11560
11759
11036
12240
11751
11364
10933
12189
12012
11437
11325
11891
11958
11628
10831
11780
11617
10792
11649
11782
10928
11756
12027
10962
11640
11516
12241
11945
12159
12027
11507
11295
11528
11758
10830
11477
11870
11190
10713
11674
11501
11614
11410
10869
11191
11969
10678
11827
10676
12111
11701
11711
11922
11477
10608
11758
11621
11700
12058
10736
11244
11756
10791
11874
11780
11137
12124
11441
11813
11705
11477
10519
11957
11528
12158
11616
10520
11925
11774
11477
11928
11315
11958
11739
10642
11314
10609
12148
11751
11505
11779
11293
10518
11399
12174
11614
11912
12175
11481
11758
11802
11614
11382
11305
11629
10866
11097
10829
10521
10820
10517
11600
11925
11969
10773
10516
12027
11712
11870
11621
11837
11661
10452
12014
10761
10596
11306
11034
11912
11001
12122
10432
10705
11915
12015
10705
10383
11925
11614
10737
11502
11691
11367
11034
11432
11968
11505
11811
11629
11505
10521
10712
11570
11233
11233
11233
10431
11505
12300
11502
10431
11912
10989
11691
11836
12122
10596
10383
12075
11656
11880
11691
11491
10452
11802
11057
12075
10351
11570
11878
10596
11837
10828
15556
15555
10496
11481
10828
11641
10496
11306
10965
10432
10634
10471
11243
10818
11771
10575
10383
11761
11822
11872
11611
10351
11505
10432
11502
11800
10610
11948
10383
10593
11592
11776
12031
10989
10596
11491
11505
10596
12014
10244
11505
10989
11481
11373
11611
11609
10903
11306
10244
11367
11837
10351
11924
11732
12014
11656
12013
11067
10822
10610
11561
11948
10433
10424
11067
10776
11776
11331
11822
10432
11641
10794
11491
11373
11505
10989
10264
10989
10735
10680
11800
11872
10426
10264
11505
10351
11611
11802
15555
10634
10433
10514
10244
10466
11732
11642
10426
10465
10423
11331
10903
11593
10606
11634
10424
10424
11879
11481
11243
11505
10244
10822
11420
10244
15556
10598
11505
10522
10680
10265
10606
10244
11561
11331
11237
10681
11237
12031
10264
15555
11662
11505
11878
11948
10264
11505
11505
10902
10822
10244
11871
10244
11878
11642
10244
11692
11802
10989
10953
10424
11067
10606
10681
11331
11741
10426
11930
11702
11420
10989
10522
11609
11593
10433
10707
11505
10212
11663
10606
11704
10634
11002
10598
11609
10317
11505
10641
10292
10374
11642
11663
10374
11930
11593
11420
11451
11593
10244
10598
11842
10374
11481
10287
10858
11841
11878
10244
11642
10173
11650
10374
10287
11505
10454
10377
11636
10173
10681
10212
10707
10707
10606
10374
2561
10212
11593
11505
10173
11948
15556
11451
11149
11898
10427
10832
11523
15569
10858
10212
11683
10287
11478
10427
10311
10858
11449
10311
10211
10641
11478
10173
10377
10316
10265
11332
11663
11505
10472
10318
10287
10173
11898
11609
10902
11478
10427
10427
11594
11642
11481
10292
10348
15776
11467
11149
10668
10472
10173
15583
11595
10174
11481
11146
10316
11424
10287
10212
11332
11533
11578
10427
11424
10311
10377
10668
11726
11505
11505
10377
11451
11594
10113
10832
10338
11788
2561
10427
10288
11478
10174
11335
10311
10113
11451
10047
10318
11424
11388
10213
11663
10047
10288
10338
10338
11578
11898
11332
11072
10235
11778
10338
11478
10113
11703
11533
10233
11335
10374
10113
11703
11647
10213
11335
11642
10311
11630
15765
11467
11247
10235
10174
11537
10472
10202
10090
10348
11335
10202
11320
10235
11703
10472
11898
11533
11478
10641
11467
10338
11335
10047
10114
11335
10235
10213
10338
10114
10202
15832
11595
15832
10202
10202
10090
11595
15765
11335
15608
11763
10235
10047
15779
15832
11533
11594
10631
10047
10202
10236
10139
10235
10352
10236
10213
10114
15621
10021
15765
10235
10139
10202
10738
15608
15608
15608
10139
10385
15536
10738
10450
11533
15608
10374
10175
10202
11594
10139
11247
10020
10348
10139
11534
10233
11335
11595
15779
10310
10709
10871
11178
10021
11478
10139
11307
11309
10901
15668
10022
15832
11578
10022
10348
10047
10022
10901
15765
10175
10203
11578
11533
10203
10202
10601
10245
10310
10048
10136
15697
11536
15647
15699
11026
15151
9744
10139
9984
11026
15697
15765
10738
15697
10022
11307
9933
10022
10139
10139
11579
10540
15621
10202
10139
15647
9818
11309
10757
10738
10175
10139
10136
10823
10139
9961
10150
10871
15779
10048
11534
15608
15608
10139
11178
9871
15668
11194
15697
10245
11408
10232
15750
9984
15620
11026
11595
11594
10823
15647
11578
11026
10176
11578
15668
15647
15621
11026
9818
11408
11307
11194
9818
9872
9744
9818
10049
9818
10139
11534
15659
15697
10601
15580
10630
10468
10238
9962
10140
15608
11595
10548
9963
10540
15659
15697
10237
11307
10353
9962
11537
10337
15647
15621
9900
15818
10115
10043
15647
11309
15750
11309
9962
10140
11595
11537
10043
10256
9744
15647
10140
11594
11408
15668
10611
11534
10079
10630
10177
9986
15647
10548
15750
11537
10630
10785
9984
10257
10177
11534
10043
15620
15621
15750
15659
15696
11519
9818
9818
9963
10630
11075
11250
15721
15647
10246
15621
9818
11178
11368
11519
15647
11307
11178
9831
9984
15597
15667
10630
9984
11595
10548
10001
10540
10043
10001
9950
10421
10116
10428
15668
15609
10785
10757
15815
9900
9987
10050
15621
10177
9833
15670
11594
11519
9871
11534
15647
11150
9831
10200
9871
10611
10757
15721
15677
15647
9935
10167
15667
9935
15677
10200
9900
15696
15565
10421
15385
15597
15647
15733
10080
10630
9900
11534
9964
10200
15721
11368
11291
10073
15565
9935
11595
15667
15609
10386
9833
11153
10548
15712
11092
15696
15667
9833
9935
15815
9988
10001
10178
10167
15647
10337
15647
11534
10023
9871
15696
10001
10342
15647
10672
9989
10178
11519
9935
15677
15620
11038
15647
9684
10541
9935
9831
9964
10925
15647
10023
10611
15677
11291
10178
15565
11369
9744
10135
10073
15621
15667
11594
15712
15670
15712
9872
11534
11534
10342
11480
9872
15671
15840
10117
10150
10023
15832
10135
9779
10662
15696
9744
10662
15747
15772
15385
9964
15733
10469
10258
10117
9747
15609
15598
15671
15647
11248
11150
15385
11534
15671
9964
15677
10082
11153
11038
11230
15385
15696
15772
11579
15832
9744
10253
15775
11369
10662
10253
10150
10023
15772
15610
15717
9989
9929
9964
15840
11595
9744
15775
15677
10135
15598
15840
10313
9964
11534
9929
15717
15713
10073
10023
10935
9838
11534
10118
15832
9964
10178
10082
9744
15840
9964
15712
10356
11369
10150
11579
10987
10253
9838
15610
9686
15712
11248
10106
9964
15840
15775
9685
10313
15593
15747
11369
15840
15778
10150
15677
9744
15814
15661
15840
15778
15771
10569
15847
15713
9964
10420
15747
9744
10118
10851
9964
15838
9904
9830
15883
15599
10321
9617
15840
10851
10835
15747
10987
15610
15715
9583
9982
15747
10024
15775
15661
10321
11283
10420
10024
10253
15747
9903
11595
11248
11248
9982
10437
15771
15794
10024
15661
9964
11579
9619
15847
10024
9682
15771
15846
11439
11439
9964
15777
9964
9747
10168
15677
9584
10106
11283
9964
15778
15713
15701
9683
15712
15680
10411
9965
9929
15883
15860
15840
15860
15610
9965
15846
15793
10086
9743
15838
15883
9583
15778
9780
15793
10935
9952
11369
15838
9518
10259
10106
9873
10661
9411
9617
15599
10661
9964
15767
10321
15610
15838
9247
10038
9807
10407
10086
15777
9811
11369
10024
9928
15680
15846
15777
15833
15833
9748
9965
9965
9964
10629
10038
15677
15572
15771
10119
10437
9965
15610
9873
10756
10321
15894
15795
10284
9411
9951
9411
9517
11215
9743
9874
15680
9792
9247
15795
15793
15860
15550
11136
10284
10935
15639
15838
10083
9965
9952
10629
15883
15883
9580
9518
10437
9874
9807
15700
9583
15618
15700
9808
15619
15610
9663
9584
9619
15846
15833
9411
15776
15860
9965
15894
9792
11089
9932
15793
9951
15771
10295
9247
10437
10105
15793
15847
9517
10295
9874
10084
15846
15679
9811
15793
9936
11215
9928
9952
15793
15819
15838
15806
9749
11075
9936
10163
15771
10816
10935
15806
9792
15860
10336
9620
15819
15610
15795
10612
10119
15838
10284
10144
9792
9655
15795
9808
15680
9928
9333
9585
9899
10169
9517
9792
9488
15745
9792
9548
15680
9742
9585
9792
11089
10568
15847
15134
15134
15846
15797
9992
9663
9579
15704
9411
9952
15827
15610
9411
10437
15846
15610
15860
9936
15838
15846
15610
9908
15827
9899
15748
9906
10144
10474
10714
15751
9247
10308
9912
15813
11155
15836
9792
9663
10660
15643
15745
15771
9792
10283
15134
10163
10072
10568
11115
15793
9793
15899
15860
15745
15813
15819
9793
15793
15819
15131
9875
9519
15797
15745
15704
11048
15847
9793
15605
9333
9899
10714
9718
9741
9875
9952
9793
15827
15846
15798
15899
15822
9579
15847
10357
15793
15771
15780
15704
9519
15843
15695
15899
15594
10335
9912
9781
15793
10052
9621
10579
15846
15132
9558
9839
15843
10002
15652
15605
9616
11088
11115
9793
15704
9793
9586
11088
15799
9487
9333
9520
9741
9411
9616
15132
15695
15705
15605
9247
9875
10162
10725
15605
15793
9520
10036
10475
10296
15847
9333
15726
10947
11216
10725
10877
9840
15847
10335
15705
10741
15766
9622
15745
9997
9865
9616
15132
9464
11119
9486
9917
9616
9718
9844
9981
10134
9663
15836
10335
15793
9548
9635
9841
9663
15705
15782
9728
15780
9635
9841
9248
15821
15780
10475
9587
15821
10876
9663
10179
10658
15764
15861
15821
10358
15605
9558
9805
15764
10688
15726
15764
10367
9400
9997
9398
9805
11077
10580
11119
9464
9864
9927
11134
15741
9728
10877
15605
10658
10120
9663
9485
9398
10358
9663
9624
15652
9759
15545
15654
10877
9865
9516
10527
15588
15792
9400
15726
15888
15588
10134
9485
10282
9663
15726
15605
15588
15860
10053
15766
9548
15726
15725
10658
15857
15725
9399
11024
9559
10438
9655
15561
9490
15605
9284
10091
9751
10879
9489
9927
9751
9301
9360
9663
15726
9712
15792
10582
9865
10438
15652
9333
9841
10282
10582
9471
10011
11158
11158
10180
15588
9248
15707
15720
10366
9911
9597
9401
15888
9597
10461
15707
9284
10438
15834
11252
15887
15782
10477
9356
9396
9516
15782
9337
9464
9841
9559
15707
10877
9652
15707
10657
10923
9559
15720
15644
15766
15792
10298
15766
10476
9314
10091
15707
9918
9752
15879
9577
10461
15863
9926
15792
15140
10091
9416
15707
9360
15650
15644
15707
15792
15561
15885
9491
15888
9484
9787
15702
9760
9652
9652
10180
9559
9841
10567
10011
15863
15825
9356
15706
15863
15808
15834
15804
9337
10282
9355
10476
9396
15866
9829
15863
15707
15725
15706
15834
10972
9247
15834
10880
10552
9471
9624
10182
9636
15879
9300
9300
9417
15888
15825
9402
10438
10055
11046
15586
10152
15887
15561
9411
9760
9625
15834
15811
9625
15890
9337
9236
9841
9865
15887
9829
9718
9484
15706
9314
9302
15804
9697
9471
9980
9560
10152
9819
9417
9302
15811
9356
10334
9865
15888
15787
15787
15561
15650
15808
15887
9926
15808
15872
15650
10701
15837
9911
9464
9493
9919
15887
9417
10182
15866
9919
15791
15885
15736
9665
9483
9980
15614
10307
15804
9284
11255
15761
15872
15650
9829
15863
10849
15880
9395
9417
15730
15720
9247
15811
15804
9501
15706
15864
10198
15650
9576
10391
9337
9625
15864
15763
10814
9548
15880
15561
10973
9248
9687
15885
15885
15808
15770
15614
9494
9697
10906
10880
9235
9753
9787
15854
15900
9754
15864
9284
15885
9493
9637
15561
10921
9483
9237
15770
15854
9338
15709
9828
9828
9303
15135
15872
9337
10182
15791
9354
15864
9530
10161
15550
9754
15808
15614
15900
15866
15709
15900
15729
9828
9361
11290
10566
15872
10907
10161
15135
9576
9754
10334
15885
9440
15586
15135
9919
10252
15875
15551
9697
15770
15615
9576
9697
15614
10218
15119
15824
15724
15854
15614
10479
11175
15864
15791
9353
9482
15900
11161
9690
15561
15561
9919
15882
9898
10627
15854
9247
15648
15875
15856
15753
9876
9482
9182
15856
15849
15724
15757
9239
9274
15613
15730
9440
9523
15730
9590
15880
11255
15820
10724
9472
9440
15882
10391
15770
15900
9219
10055
9338
15744
15648
15744
9754
9688
15880
9828
15849
15757
9761
15648
9783
10418
9615
9690
15724
9530
11175
9304
15613
15744
15135
15624
15694
15900
15878
15882
15856
15876
9312
9716
15816
9919
11160
9867
15820
9690
10405
9666
10056
11256
9440
15868
9627
9690
9653
15901
9440
10813
11290
10648
11290
9183
9978
9590
15881
9627
10479
9312
15878
9440
15757
9285
15562
15880
15756
9249
15820
9692
9653
15876
9184
15548
15744
9729
9690
10800
11219
9185
9181
15744
9197
10218
9666
15820
9615
15142
9910
15882
9729
15852
9482
15562
15868
15624
9688
11020
9898
15547
9312
15867
9979
10104
15881
15852
15141
9627
9593
10069
15570
9530
15744
15719
9876
10197
15874
11173
11173
15382
9628
15624
9546
9729
15756
9546
9249
15876
15876
15546
9187
9155
9249
9761
9472
15744
11219
10405
9472
9615
11257
10056
9249
9729
10404
15852
9276
9436
15719
9778
15897
9196
15878
9546
9526
15867
15577
9628
15867
9418
10811
15744
10280
9352
10417
9546
10882
10480
9938
15719
9234
15790
9433
9277
9546
9496
11081
9250
15876
15868
15562
9978
9406
11173
15868
15562
15893
9695
9181
9762
9459
15876
9629
9496
11226
15380
9515
15574
9404
9629
10248
15897
9761
11219
11226
15801
10122
15868
9896
9562
9437
15790
15757
9364
9460
9136
9198
15383
15768
10846
15383
10229
15564
9315
15564
10690
9533
15719
15611
10069
9307
10976
9472
9595
15142
9250
9711
9497
15768
15637
9364
9358
9433
9762
9629
10392
9431
10909
11173
9521
9495
10811
15867
9431
15876
9315
9638
9515
15868
15830
9308
11172
9278
15867
15855
9614
15852
9419
9357
11018
15148
10034
9311
10846
9877
15634
10278
9104
11219
9129
9595
10982
9195
9968
10268
11224
10562
15612
9307
9187
11219
9364
15611
15380
9233
10279
10976
9199
9198
15126
9094
9394
9457
9240
9251
9240
15727
10882
9365
9233
11219
9638
15870
15029
9435
15758
9461
15865
10392
9309
10529
15383
15612
10982
9306
9419
11086
9250
10722
9431
9461
9614
15865
9315
15029
10909
9278
9280
15637
9162
9431
9563
9740
15693
15758
15870
15612
9104
9242
11259
9243
11222
10838
9198
10691
11223
9364
9198
9667
9317
9862
9969
9279
9614
9365
15865
9393
9278
15125
9278
11166
10133
15128
10910
11016
10275
9134
10722
15601
9049
9221
9232
10809
9366
10803
9241
9242
9221
9242
9305
11128
10802
11259
15898
9457
10910
9136
15127
9245
10722
9241
9359
10194
9018
9200
10916
11126
11221
9251
11168
9140
9051
10194
9139
10588
10884
10809
9159
9545
9133
11220
9221
9165
9188
10838
9221
9420
9053
9193
9502
9019
15817
9025
9298
10193
9221
11086
10695
9668
9457
9158
9190
9095
9165
10616
9056
15851
9221
15147
15377
10530
9141
9442
10269
9026
11123
10124
9709
11222
10804
9502
9707
9317
10413
9157
9128
407
9232
15708
389
407
389
11168
9098
9803
15665
9613
10808
407
8998
10103
9190
9141
9054
389
407
10459
389
407
9139
9164
9054
389
9026
9158
9224
426
10693
426
9095
9194
389
9190
389
9023
407
9141
389
407
9350
389
9054
9879
11221
10654
15129
426
9252
10132
407
9513
9947
10768
389
423
426
389
9391
9143
10059
9098
9514
15130
389
389
426
9640
10941
9157
10459
11086
9054
407
407
8951
407
407
9090
10980
389
11014
8999
10556
9054
9019
9216
8976
423
9351
15708
9097
9103
389
406
9000
9045
9054
407
389
10911
11043
8976
456
389
9024
9138
426
8947
10697
389
10459
9339
407
10884
563
10695
407
15835
563
8977
563
10531
426
8999
9612
9164
563
9101
8973
389
407
9132
389
9021
407
10653
9201
8998
10395
406
10274
10716
9028
426
9045
426
15635
15377
11011
10061
407
10654
407
10270
9142
423
9611
563
389
9253
10914
15150
9055
9534
8944
9021
8997
9097
8996
9100
407
9100
406
9028
426
563
11086
563
563
406
10396
9201
9924
516
456
563
10841
8905
8837
15687
8947
9029
9227
9767
516
9641
563
9019
426
563
8977
9143
9002
516
9456
426
8886
9021
8999
10306
516
10483
516
389
9893
563
516
8949
10031
389
8978
9976
10484
15376
406
15630
15664
9215
8948
15633
516
563
389
407
8924
8901
10363
456
8926
9227
516
9106
8923
516
9028
719
8978
563
407
563
10885
563
719
9443
10767
8946
406
8926
389
563
10652
10010
8900
8972
407
651
9072
719
426
8978
9543
407
9331
8905
10625
8837
389
426
10748
719
456
389
9089
9370
9456
693
651
407
10251
9738
719
693
8978
516
8927
8949
9072
406
8903
693
563
389
8886
389
9073
9444
8902
9445
8923
8883
426
10485
8886
389
10621
8884
719
8994
587
8879
563
8882
719
407
15575
8834
719
456
873
8808
8978
10484
719
563
873
10620
9179
10531
211
389
8883
198
873
211
563
10746
9030
407
719
10403
8838
9107
15664
187
8810
8952
9329
719
8887
9512
8887
198
426
211
198
719
8839
175
187
719
563
8860
563
211
15122
9565
175
10396
719
719
651
198
9145
719
10560
406
389
10557
389
389
719
211
10622
389
651
211
10913
9975
516
15120
9860
8858
563
8953
212
211
188
563
807
8792
563
9202
10221
188
389
719
719
188
693
9144
719
175
8813
8837
426
995
9029
9971
693
8812
8952
198
873
8836
8979
719
426
9852
8923
198
8813
10532
873
516
406
9454
426
9892
187
563
211
8905
8971
719
175
212
719
8808
175
389
8899
10402
995
873
8808
406
719
8808
169
563
873
10397
9178
8837
211
719
873
9255
8767
8887
1088
8953
9271
9167
175
10187
9047
563
426
175
873
10326
873
199
8942
873
10228
719
873
8768
8791
8766
15532
175
216
10066
8928
211
195
195
217
953
873
10443
516
212
563
719
8921
8656
211
873
9003
426
9075
426
8729
426
8906
8833
216
10003
240
213
8887
217
873
15576
199
15123
8978
873
213
873
216
217
15663
873
212
212
8793
198
9827
9328
10403
198
872
719
214
9428
8811
240
10398
8807
9076
9004
15532
406
1088
995
1088
10445
216
516
195
9109
240
9006
563
240
563
8769
995
8767
199
873
8769
198
214
1088
516
10441
216
563
873
9270
8887
719
8791
211
995
9736
211
516
873
225
8749
216
9127
8859
873
8941
995
9005
216
10095
195
8793
1082
10003
8765
563
953
216
8769
9372
225
1088
213
8730
8840
563
9701
873
216
8887
237
198
10328
10443
225
195
214
225
873
225
995
10400
216
232
225
10443
1137
8749
995
1137
8790
1088
225
10401
232
516
8840
9088
1137
873
214
216
995
8858
8730
213
216
9677
9076
232
9645
212
8713
10157
237
873
232
195
237
15372
10187
563
9769
225
216
1137
232
199
1088
8710
232
563
1183
232
198
516
232
237
8861
8861
8732
195
232
1088
719
9481
224
8732
8712
232
8790
719
1204
1088
225
1204
889
8955
225
1082
8887
563
10303
8878
1137
232
8907
8765
9769
224
237
214
873
8749
8878
8674
232
8689
9125
9110
225
1183
8968
8731
9326
1250
8769
232
1209
1088
9801
1088
199
225
198
719
198
10361
8806
225
1250
9086
8981
239
8769
214
9608
1250
213
225
214
9769
239
225
199
8732
10099
8889
237
719
995
719
1088
8985
232
232
9768
10326
1137
995
8788
8750
232
8653
1088
8816
10362
1250
239
1183
8672
1204
8940
8616
232
8717
10157
243
9609
8840
8709
9170
212
8789
239
239
237
232
213
8806
1204
8805
237
232
8690
873
9773
1204
224
232
9974
719
1088
719
15576
232
10130
8655
8690
225
1250
10125
239
8732
224
9566
10125
232
995
1183
9069
10131
262
1088
1209
232
239
719
8652
250
8969
1204
8564
199
225
8583
224
8748
232
8840
10224
243
8840
262
995
239
224
8602
213
8789
225
9296
8672
268
15576
232
1204
8617
8889
8569
9539
9375
1183
199
9452
10100
8841
8750
239
8932
1088
239
1296
232
225
232
237
10225
1204
232
9826
268
237
719
10005
8890
9114
232
8709
8676
9170
239
239
1204
9566
8788
8569
1250
10126
1137
237
213
225
10063
225
237
224
995
8688
239
8970
232
262
8656
239
8564
1296
9034
256
1088
268
8748
239
1183
244
873
8604
243
8616
8671
9149
262
1250
1137
995
262
225
224
8603
213
262
239
239
8650
239
1250
239
8770
1088
239
8737
237
239
10030
8709
243
9114
9069
9175
225
1088
1322
243
262
10190
268
225
232
1321
9889
1296
1321
256
256
239
8540
8788
9771
8569
239
8804
8544
9376
237
244
8770
8582
9922
1322
1137
239
15184
268
9706
8770
8541
243
1276
8815
268
232
8733
8671
262
262
8670
10008
9854
255
1204
243
1183
8603
1321
8750
1322
8565
225
243
8539
9890
285
243
8569
1296
9114
1204
239
225
8564
1322
239
8604
8615
9113
1321
239
8569
1321
8566
8985
8939
256
243
9295
1321
8787
262
1088
243
239
268
9771
15184
262
262
8539
256
8670
9149
8540
8831
8569
10006
8600
8458
9175
8734
1296
262
1208
10005
9376
8819
10006
272
8819
8897
9506
9266
8501
243
243
9506
8567
8877
8832
8691
296
9857
8708
8987
8771
262
1322
1322
8583
8544
268
285
9649
239
243
8676
244
8501
262
9113
8763
8500
8525
285
10097
9257
272
8831
8691
8503
1413
285
8602
1413
9888
1322
9800
292
8734
292
287
8786
8566
8708
262
250
8910
8864
8876
8752
311
268
8670
293
8735
9084
9008
8676
1322
1250
8875
8569
8562
1208
244
256
1413
8501
1321
1413
8691
15184
8525
1322
8708
9510
8569
255
1296
316
287
293
8502
1295
8562
262
272
9603
262
8523
9295
286
293
8736
8504
8640
9674
8746
8896
8605
8828
1386
250
9505
8737
8567
1432
9734
8483
8501
1322
272
250
8562
8582
8830
262
8503
9771
8753
8736
1432
311
1183
8433
285
8845
279
8457
268
8864
1183
8747
8714
8502
15184
8865
1250
8482
8569
286
8437
8803
9673
8640
8364
1296
1432
8459
8456
8714
1413
1296
1295
8461
8707
8692
309
8481
326
1356
310
262
9426
9770
8584
8435
356
8613
268
9508
9606
285
9380
1183
8677
8864
8390
1432
1386
311
9172
1432
9123
8933
8584
8746
8569
272
1432
8754
8566
296
15184
310
1322
8389
8718
8362
8613
8693
328
8435
285
9704
8462
8933
1432
311
8714
8687
8481
8785
8504
8720
8669
336
8362
316
8864
8431
8745
316
316
309
355
8293
9451
15184
268
8563
8504
310
328
8437
8538
1425
1432
8640
1386
268
8845
309
8462
1322
9478
8669
8461
8719
8607
8641
9037
279
9211
1322
8692
8435
8261
9798
9426
1425
8605
1432
8895
8584
9423
8638
1322
380
8294
9673
328
8389
285
8692
1425
1356
8679
9476
8388
8606
279
1493
331
8480
368
9345
8293
8292
296
8585
296
1386
8387
310
8362
9037
8387
8612
8706
1425
309
279
8311
293
9174
8585
8537
350
8692
9173
1432
8437
1425
337
8261
404
1386
336
8606
8658
1356
296
9043
1530
8462
1425
413
8719
8455
1322
1493
9264
8294
8199
1493
8486
8693
8245
8227
8294
8438
310
8480
8706
8637
1493
404
1493
1493
1432
1432
8430
9323
355
8774
9569
350
8586
8692
8756
8275
9211
8437
8261
356
8797
8437
9380
331
8643
9381
8429
311
8599
8408
1493
8694
8245
374
414
8581
8294
8802
8259
8619
8693
388
1493
9293
350
8198
402
9009
8227
8436
9209
310
8462
8784
310
8261
404
8463
9009
8657
9121
1530
8619
8658
428
310
331
9648
8478
8873
8487
8408
1425
9081
8334
1519
8719
8366
8619
1493
8607
331
8758
8170
310
8696
8227
1530
1519
8293
9344
1530
460
9208
8637
528
8686
8185
413
8520
1530
1493
8679
1493
8680
428
1530
8453
8453
509
8261
428
9343
9260
8867
8990
380
8546
1530
9260
8695
8260
1432
8797
8169
368
15025
8620
1493
8588
310
1425
8919
8478
8366
8642
9121
9010
9119
428
9120
550
8246
1530
8463
8168
8408
1530
8588
8392
1624
331
15115
1624
8259
8636
8413
8464
8507
8872
8334
528
8334
350
8258
9064
388
8412
8705
8536
8167
8152
8643
8621
388
8452
403
8296
8590
8506
452
8589
528
8428
403
9039
8918
8590
8762
1530
1624
8246
8184
8133
9208
490
380
1624
8559
8548
1624
380
597
8152
8334
8413
528
8704
9118
8171
8506
8149
528
8782
8258
550
8392
8463
432
8308
9040
8463
8308
1624
8412
1624
404
1714
8649
1530
8590
8867
8854
403
8150
9041
597
624
1576
1738
8405
8371
460
8359
8762
1714
8132
8661
432
8297
8571
9012
597
8635
8662
8547
8870
8871
8776
8247
403
8623
452
1738
8130
8508
1714
8937
403
432
8644
8506
8988
8660
8965
8335
9208
1576
508
624
8777
8963
8115
8197
8335
1624
8385
1624
432
15025
8413
8550
8519
8518
8393
8487
8572
528
8738
490
1738
8092
597
8358
8936
8854
1624
597
8135
8782
8415
8703
8367
8684
8273
1738
8329
8050
490
8225
8383
8414
1714
8404
1714
452
8661
701
670
8761
8091
578
8703
701
8918
8225
8464
8416
1714
8935
1774
8937
8371
8413
8118
8367
578
8224
1738
8683
8393
8441
8827
8394
8329
7995
1774
8357
8113
597
8369
8596
647
548
8116
8727
8328
1774
8776
670
8338
605
8777
8336
8371
548
8290
8135
8918
624
1774
8624
8153
1936
8777
8069
8800
8510
1774
549
8662
8264
8551
8152
1774
8243
1774
8778
8067
1774
8316
1774
8776
8824
8394
8339
8135
8827
1830
1830
549
8761
8403
8113
8727
7996
782
8338
8780
576
8825
1774
8242
723
8224
8372
532
8338
549
8395
8112
8263
8490
8778
858
8336
1857
576
8183
8299
8625
8290
8516
8054
8426
8031
8223
8340
8801
1936
8337
8315
647
1857
8800
8760
8552
647
8153
8511
8683
8441
8759
8289
8726
8799
8668
8223
8382
8682
8723
8249
8698
1774
1936
8300
8777
1930
8466
1930
8759
723
8257
2044
8265
8337
8417
1930
7998
7920
8327
726
8052
8442
7971
8092
8664
854
8289
2052
8300
2052
2044
8248
1857
8826
8552
8632
8299
8725
8759
8443
781
8183
7995
1930
781
8647
8574
2052
8681
723
858
8726
8315
604
8591
782
7992
8528
2044
8701
7921
7943
8682
8631
8340
628
8700
8032
8300
8173
8092
858
8580
8395
2052
8396
726
8664
8667
8723
2052
858
725
8316
8317
7980
8147
2093
7945
725
8467
8080
8553
8315
8681
8759
8824
2052
2044
8556
8327
8209
8089
8033
781
833
2044
726
7933
8646
8629
2052
8249
8340
8491
8579
8279
858
2093
8417
8256
7991
858
7946
8630
8316
2044
2207
8665
8528
8628
7970
8354
8212
2145
8529
8594
8667
8610
725
781
8055
2044
7947
2052
2145
7960
2093
8466
2093
8110
8577
8627
8666
7922
8172
725
8136
8065
8396
8578
7919
2330
8626
8592
933
8204
8373
8579
725
8448
8080
725
7980
933
7921
8230
8515
2093
8533
8419
8529
8318
8033
8628
8447
933
8307
8034
8222
8146
7990
8014
2044
2332
933
8627
8380
2145
2145
2254
8466
7897
2044
8279
8534
7895
8137
2254
8251
1048
7896
8173
8301
8498
1048
1048
7989
2207
8497
2254
1048
833
8319
2093
8138
2145
7849
8514
1069
15113
1048
8592
7893
8418
1048
7883
2254
8467
7886
8496
7933
988
7934
7962
8073
8307
8397
989
7981
2254
7961
8306
7862
8492
989
8230
7850
988
8473
988
2145
2254
8049
8128
8399
8129
956
7884
8326
2332
8140
2330
15907
2207
8419
988
2356
934
7970
7869
7882
7887
2254
8155
8201
988
8214
8422
7822
2440
8281
7822
2493
7950
7949
7847
8532
7849
7962
7893
2356
8287
1145
8493
8469
1144
1145
7909
7886
7862
8016
2330
2254
8320
8301
8022
7833
7923
989
8469
2356
7888
2357
7969
7833
8106
1145
2357
2330
8121
7793
1145
2440
7846
8343
7894
989
8272
1145
8495
989
7813
7987
8238
7834
1146
2356
8236
2440
8533
2356
8422
8037
2356
1147
8325
8344
2357
7768
7982
8120
1145
2578
8400
8377
7886
7792
8011
8156
7846
7791
7958
2329
1144
2440
989
989
7833
2440
7935
1145
7767
8037
1145
1144
7833
2636
7977
8062
2591
1145
7835
1237
7909
7845
8190
8189
7972
7774
8194
7834
8423
2753
7773
2668
2688
7851
2796
8062
7950
1146
1145
7765
8252
2538
7775
7833
8057
2753
7773
7768
7764
7774
7957
8283
7793
8191
2493
1145
7908
7727
8269
2578
7790
8037
8402
8234
2538
7774
2591
8189
8120
7768
8348
2550
2538
7909
7753
1146
7982
8270
2550
7773
7908
8121
8105
7774
1145
8254
7871
7701
7852
7985
2538
2622
1236
8236
2591
2591
1237
8215
8083
7863
7700
8283
7956
1147
1236
8026
7728
2795
1146
7729
7823
7702
15909
2885
7832
7900
2538
7880
1236
7881
1237
1377
7871
1146
2713
1147
7730
8083
7715
8161
7769
2622
7726
8202
7976
1236
8217
8038
7806
8253
8008
2753
2636
8194
1237
1237
8192
15908
8026
2753
7752
15910
7892
2885
2750
1237
8007
8039
2795
7899
2668
7716
8017
8141
7861
7836
7702
7956
2668
8101
2795
7789
1302
7954
7653
2636
8160
1237
7714
2885
2887
8078
7812
7716
7872
8084
2885
7669
7854
8102
7872
2753
1301
1236
7879
1236
1237
2796
7654
7777
7548
7952
7769
2945
2795
1377
7794
2871
8060
7601
8004
2945
7830
7878
7600
7974
7973
1377
7688
8017
2945
8027
7726
1237
2811
7652
8086
7954
7738
1236
2750
8041
1420
7703
7778
1237
2999
1377
2969
7739
7625
7821
7873
7983
1566
1302
1472
7825
7975
8100
7932
7616
7698
7854
7628
8125
8005
2885
1377
7837
2885
7964
7824
2840
2796
7902
8124
2870
1302
7815
7638
2999
7903
7876
7936
1302
7595
2945
2887
7953
7671
7779
7596
1302
1420
7499
7843
1301
1472
7829
7751
7672
7725
7597
7891
2885
1377
1302
7515
7891
1420
7628
2885
2885
7750
7741
2996
1525
2945
7826
2945
7864
7534
7549
7613
1472
3082
7586
8043
1472
7737
1377
7718
7865
1619
2885
2999
3082
7697
3161
7596
3082
7509
7974
8006
7561
7966
3222
7796
7687
7912
7719
7788
7874
7497
2998
1472
7510
7637
1472
1472
3050
7913
7681
7712
7810
7929
1377
1302
3050
7873
7915
3184
1619
7838
7787
8044
7928
3221
7740
7516
7561
1643
1566
7984
1472
3050
2945
3185
2945
1377
7906
1799
7613
7498
3082
2945
3106
3250
7651
7672
7686
1643
7786
7841
3221
7452
2945
7586
7781
1377
3185
1420
7742
1378
7533
3305
7573
1619
3185
7514
7911
7756
7755
7771
1686
7757
3304
7733
1566
7802
7680
3050
7367
1472
2969
7704
7749
3185
3221
7801
7563
3082
7529
7810
3357
3185
3222
7651
7530
3220
1420
7650
7664
7573
7560
7507
3220
7441
3222
1525
7514
3161
7406
1420
7560
7564
7707
7819
3082
7828
7719
1472
3185
7565
3306
1770
7405
7664
3357
7431
7802
7593
1566
3545
1643
7407
1750
7480
3324
7674
7496
3357
1750
7560
7784
7640
1472
7452
7722
1669
7559
7565
7537
7366
3544
7760
7642
1750
7743
7681
3306
3436
7657
3185
7511
7480
3306
3436
2025
7647
7799
7707
3434
7624
7594
1472
3222
7641
7785
3222
7800
3306
3512
1472
7799
7295
7770
1883
3553
3357
3551
3545
1472
7574
1566
2134
2024
3306
7435
7529
3434
7310
7280
2230
1919
3697
3220
7435
7333
1723
3553
7692
7228
7648
3551
7695
7429
7640
7875
1751
7518
2079
7706
7664
7759
7226
1619
7721
7545
1525
7444
7631
7659
7736
7428
7706
2024
7479
1919
7579
7565
1643
3357
7620
7528
7619
3608
7528
3357
3436
3609
7759
7647
7589
3664
7634
7575
7607
7453
3608
7227
3662
2231
7604
7253
7677
2230
7494
1643
1619
3760
7400
7662
7577
7551
3696
2346
7351
3542
2288
2346
7311
7455
7363
7544
7581
7398
7546
7477
1619
7362
7659
3542
3697
3541
7479
7622
3609
1643
7659
3763
7350
3663
7552
3357
7386
3665
7710
3326
1643
7426
7254
7242
7518
7477
7503
7335
7566
3553
7577
1853
3763
3608
3804
3804
3545
7632
2513
7503
7584
3609
3940
7309
7332
7711
1942
1643
3873
7519
2025
7354
7612
2346
7568
3539
2346
2459
3873
7570
2371
4008
4039
1770
7621
3608
3808
3873
3807
7461
3356
3641
7289
1883
2372
7504
1749
7492
3873
7322
2025
7540
3873
3542
7287
7554
2371
1883
2459
7425
3804
3608
3872
7663
3697
7478
3544
3609
7197
1883
3943
7491
7384
7493
7526
7423
2230
3873
7226
7474
7569
7423
7412
7094
7459
7385
7322
7542
7582
1883
7483
7149
7485
7483
2025
3978
7404
4007
2605
7522
6990
1799
7187
7390
2459
7490
7063
2627
7457
3940
4039
1883
7332
7167
7147
2134
4039
4070
2584
7447
7374
2583
7120
7314
4037
7376
2604
4070
3804
2605
3873
7219
4166
3761
7346
1942
2626
7487
7062
4037
3697
7446
2346
7286
2626
7296
7383
3941
2372
7208
7417
7221
1853
4063
7523
7270
7209
1853
7401
2676
7416
4007
7439
2565
3805
7317
7239
2565
2513
2583
4010
7542
7096
7392
7505
7123
7122
2755
7110
7541
7136
2677
4237
7391
7340
7437
2755
4325
2230
4195
7361
4163
7108
7152
7063
7418
7379
4166
2372
7124
7342
2704
3806
7218
7051
2704
4010
3941
7491
4010
2583
4198
4198
4457
2372
7092
2755
2677
4194
2767
6925
7107
7525
7017
7315
2372
4323
3872
7378
4257
7330
2770
7611
7340
7419
7360
2768
2626
7277
7217
7153
3873
7258
7219
7272
7315
6990
7464
7126
7301
2346
4354
4163
2849
7489
7212
7418
7151
6981
15058
2802
4513
4257
4457
2584
3873
7018
2931
7329
7523
4198
7321
4359
7318
7250
3843
7356
7097
4010
7422
7316
6925
4325
7401
6900
2825
7476
4354
2801
4354
4010
7261
7261
2605
6993
2605
7060
7110
4453
2801
4354
7001
7143
7050
7259
4322
2772
4325
2875
4008
7066
2729
7266
2827
4454
7053
6982
4512
4581
7033
4354
15058
4643
7421
4354
2755
7305
6982
7065
4198
2769
7029
7476
4388
2703
7266
4354
7195
7440
7476
4166
4039
2801
6900
4134
7380
6862
7320
2825
7305
7061
4037
7199
4010
7075
4453
7379
7046
7215
2801
2801
6912
4473
7249
4509
7211
3979
7266
7420
7194
7006
7489
7033
4388
2851
2849
2875
7192
7059
4163
2928
6983
2928
4388
4477
6928
4510
7191
7037
7419
4009
4713
6958
7059
4354
4608
7005
7262
2756
4645
6836
4509
4039
2852
3006
7359
2932
6916
2956
6836
7116
4643
4354
4388
3006
4742
4641
7420
2850
7061
4608
6836
3093
4645
2876
2875
6887
6915
7007
4770
7381
2933
2902
2956
4195
7135
7021
4509
7155
7129
2704
4388
6958
7194
4712
6836
4326
4166
7359
4388
7319
7328
4472
7273
2904
7358
7174
7037
7379
4643
7132
2825
4509
2928
7029
6885
6863
6907
7090
3002
6907
7205
6883
4388
3036
7381
2904
6819
4806
6926
4608
3006
7203
6976
7525
7173
4164
7082
6837
4641
7161
4576
4709
6922
7083
4512
4388
7345
7133
6793
6942
2875
6811
6953
2899
6914
4839
4577
4576
3003
2896
4163
3060
3058
4259
6867
4576
4899
3033
3059
3060
4712
3031
3035
7236
6957
3030
4576
6929
3195
7022
3035
4260
4576
4548
7014
7174
6968
6824
4939
7133
4869
4712
4322
6670
4709
4712
4899
4870
6926
7132
3034
6901
4388
6863
4354
6863
6878
6903
6902
6995
3030
7421
4576
6793
3060
7381
6967
6793
7038
7041
4803
4354
3092
3165
4712
3059
7422
7039
4802
7320
3030
6710
4896
6969
4869
3088
7044
7303
4806
3030
6670
4940
6941
7525
6782
6858
4709
6622
6825
3033
3034
6670
4870
6771
4549
3196
4457
6748
4937
4453
6748
3030
7009
7024
3002
4576
6781
3230
6793
4806
4742
4509
5068
3229
4510
3092
4869
6863
6877
3196
7303
3092
7358
6688
4581
3092
6907
4996
4806
4996
4869
7132
5094
6763
6858
6838
4938
6781
6751
4895
3059
3001
6826
6888
7345
3032
3092
7133
6852
7525
6670
3230
7303
6831
4640
6933
3032
4937
5093
3255
4509
3229
7105
7359
4802
6717
6809
4869
6877
3230
5068
3230
5153
7174
6653
4870
7359
3144
3229
6688
3196
5308
5160
6797
4713
6577
3230
4709
6793
6716
4869
3194
6828
4936
3141
6653
6623
6711
3342
3109
6786
4899
5094
3109
6951
4509
4802
4473
4895
5066
3342
6870
6711
3144
5066
5536
4962
7358
3342
3229
3109
3255
5536
4576
6769
6644
4938
6718
3451
6757
7359
4938
6751
6809
6805
5158
7381
3451
3313
6704
4937
3255
6717
4869
5791
4576
6752
4645
6623
4645
7440
3232
3255
3343
6653
6842
4869
6749
5536
3256
6799
5160
6711
4895
7305
6789
5691
5066
6797
3194
6611
5153
7526
6785
5094
5536
3345
5066
5162
7358
6734
3341
3451
3163
5359
6610
6802
4641
4996
6719
3162
6623
3255
3516
7026
3516
3516
3256
7158
6849
6612
6523
6750
6784
4653
6711
4577
5272
6692
4939
3141
6611
15094
5033
3381
6594
3255
3345
6674
4577
4578
3613
3342
7305
3342
5066
6639
4591
6653
3256
7305
6594
3256
3837
3343
3342
5458
6638
5159
6683
5771
6786
3342
6603
6844
5160
6653
3516
7526
7525
5029
5134
6844
3548
6809
6729
4653
3383
4641
3257
6498
4576
6659
5771
6749
7246
6682
5067
6474
4576
6554
6623
4577
3312
6693
3837
3379
7381
5364
6698
3837
7303
6623
6789
4839
5134
6712
6753
5314
3379
3341
5029
4472
6505
6555
6505
5132
6557
6505
4804
5691
4966
3345
3613
5272
6849
6616
6554
3344
5816
6646
6633
7158
4821
3906
3379
3837
3258
3795
6652
3379
3720
6539
5134
7025
5458
3516
5162
3256
3613
3311
3379
6553
6712
5656
6402
3379
5158
4576
4001
6683
6518
5314
6720
4577
4895
3795
5364
5535
7026
3379
3383
6594
3379
3379
15367
6720
3344
5791
6515
6409
3451
6570
6694
6513
6594
6568
6485
4317
6523
6485
6659
6409
4591
7440
6505
6523
6693
7159
6409
6505
6844
6647
3644
3795
3384
5725
3548
4821
5092
5656
6505
5387
3383
6523
5535
5634
7026
3485
5092
5159
6712
6535
4576
4821
4896
5307
3970
6615
6548
6623
5691
7381
5093
3548
6451
3906
5391
5307
3454
4653
4435
4709
3970
5160
4653
3906
3455
6690
6524
4996
5159
6523
6613
6475
4724
3613
6534
6615
3484
3380
6342
6409
4591
6451
3384
5791
6548
6515
6444
4653
6523
6361
3384
6260
4435
6555
4803
3379
6434
4723
4435
3970
5307
6555
6410
5535
6320
6525
3379
6430
3571
6787
4591
6413
5392
5691
3795
6464
5535
6274
6691
3720
6484
3646
4896
6510
5391
6524
6577
5159
3837
3416
4435
5364
4803
6510
5387
6516
3455
4653
6260
6417
3484
3906
4435
6613
6434
6450
6600
5392
6417
4591
5816
4723
5387
4724
3384
5359
6274
6409
4576
5160
3906
6414
6391
6274
6434
3517
4724
4288
6478
6292
6510
6566
4996
6334
6342
6483
6250
3721
5387
6213
4724
3514
4709
6279
6297
4435
5725
6297
6432
5535
4821
3447
6417
4435
6320
6463
6260
5364
4435
5691
6238
3796
4435
5364
6213
6577
6451
3446
4723
6320
4723
3721
6523
4961
5160
5160
15089
6292
3455
6125
3570
5232
4802
6420
3446
6577
6450
6433
15090
6367
6600
6250
4895
5485
5029
6122
5314
5314
4350
6443
4688
6406
6292
3484
3448
3681
4896
4094
3906
6577
6410
5313
6577
4288
4288
5232
6213
6393
6557
5313
3571
5386
6434
4591
3740
15089
4996
4688
3837
5691
6367
6334
6292
4001
6122
4724
6184
5687
3717
6239
4653
4653
6125
6566
3796
3906
3448
4588
15089
5173
6125
6172
4723
6393
6252
6391
4981
6418
4435
6387
6352
6430
6161
4821
6021
4350
3571
5770
6214
4723
4962
6478
4724
3615
6122
6462
4001
4951
6281
3837
3970
5485
4688
5217
4688
6297
5089
5582
6295
4723
6213
4802
6296
6342
3572
3572
4386
6122
3740
5836
6351
4883
4576
4709
5847
3874
6418
6161
5130
5575
6334
4001
6533
6463
6122
6122
3571
5334
5485
6556
6391
4895
4591
5028
3812
4129
6430
6333
5393
6367
5476
5064
6150
4962
6282
4527
5948
6060
3643
6334
3848
6003
3643
5948
6367
6282
6236
5485
3866
6060
4527
3678
5272
5314
6463
5089
3915
5393
5635
5364
6282
6292
4576
3571
6479
4350
6241
6193
3721
6061
5847
4288
6413
6021
5006
5687
6252
4786
6239
5173
4981
5787
5770
5582
6343
5479
6418
4821
6224
6061
4094
6385
6060
4590
6150
6060
5315
4189
5948
5939
4708
5364
5173
4422
4590
5334
4981
4525
4002
5948
4590
5996
5485
4961
5028
6198
5314
6343
4653
5764
4996
5953
4288
6224
4951
5392
4653
5393
6196
6150
6364
5217
6060
4786
6061
4869
6060
6241
6463
4835
4561
5621
5635
6282
6463
4287
5272
6197
4189
6463
3797
4105
6198
5948
6252
6385
5217
6198
5077
4723
5768
6216
4526
6122
4106
3797
4996
6253
6060
4563
6363
4883
6252
5948
6061
6295
6172
6061
6295
4525
6302
6132
5953
4561
3797
5479
4869
5768
4105
5948
6060
6144
5334
4726
5365
4709
3797
3797
5764
3914
4590
6343
4130
3866
6061
5948
5077
4883
4417
4288
6193
5365
5272
4189
5786
5287
6060
6133
4821
5217
6061
6206
4287
5064
4287
5996
4002
5547
4525
4590
3866
5162
3914
5859
5287
4708
5013
5724
5635
5364
5980
4590
5724
6132
5980
5177
4253
5112
5786
5948
4105
4821
3866
4350
4561
6206
5217
5479
6206
5143
6061
5250
6364
6253
6343
6150
6110
4546
5216
4386
6060
5044
4707
4561
5028
4589
5948
4869
5202
6252
5827
4708
6060
6144
4525
5764
5485
5626
5661
6099
6171
6206
5628
6125
5030
5768
6177
5457
5628
4591
5906
6068
4350
5406
6100
6197
5144
5835
5635
4002
4589
5906
4653
6413
6171
6068
5358
5457
5724
4035
6068
5365
6060
6125
4780
5628
5980
5315
4526
4781
5457
6192
4035
4349
4364
5045
4105
4364
5547
5364
4869
4598
3914
5205
4895
4253
5175
5479
5457
6100
4590
4935
5287
4869
5476
4591
6253
5485
15091
4526
6068
5786
6192
4869
15091
5654
5662
4240
4288
5953
6021
15356
6125
4589
6068
5027
5633
5628
5996
5859
5393
5217
4708
4189
5724
5994
5541
15091
4935
6192
5834
4130
5365
4685
4561
5442
5316
5976
6040
5202
5654
6109
4907
4042
5218
5547
4105
5580
5633
5547
6060
5365
6068
4130
5829
4707
4590
5475
6067
5457
6153
5633
5837
5915
6068
5216
5580
5718
5456
5393
5633
5829
5662
6110
4432
5662
5541
4708
5576
5724
5456
4561
6014
4386
4653
4917
5633
4436
5828
4821
4598
6068
5662
5253
5456
5393
15103
4227
5628
5295
6000
5626
5408
4508
5661
5626
15104
4758
5662
5217
4708
5654
5683
15091
5456
4350
4591
5592
6026
5541
4821
5609
5486
5316
5576
5541
4286
4545
15355
5547
5216
4350
6153
4489
5653
4561
5860
6060
5174
5456
5609
5078
6014
5253
15091
5044
4130
5476
5609
5541
5027
4653
5109
5316
5385
4740
5333
4545
5216
5837
4598
5511
5923
4915
5316
4821
4386
15103
4933
4821
4768
5683
4686
15354
6192
6082
4638
4591
4489
6034
5530
5218
5295
4508
4288
4607
5922
5653
5217
6000
4821
5357
4432
5177
4508
5442
5273
5216
5357
4525
5044
4346
5885
5044
5475
5745
5541
4821
6278
5174
5247
4852
5174
5174
15354
5891
5316
6278
5044
5547
5456
5541
6026
4780
4653
4385
4364
5609
5829
4708
6000
5541
5408
5683
6053
15105
5247
4563
5746
5983
5264
5541
5541
5183
6109
4564
4508
4638
5707
5174
6053
4942
4488
4916
4821
5906
4386
6082
4768
4758
5254
4607
4886
5541
5873
4470
4128
4649
5247
5923
5873
4560
5273
5530
5316
5609
4653
4917
5661
5181
4598
5541
5609
5357
4638
5541
5650
5684
5547
5200
4350
4821
15105
5592
5181
5632
5782
4386
5923
4470
6053
4128
5609
4507
5923
5541
4469
4469
4470
4758
4287
4626
5476
5425
5541
5905
4592
4316
5834
5180
4349
5254
5609
5273
6107
5181
5181
4986
5060
5264
4489
5182
5231
4128
5632
5844
5200
4346
4406
5455
4695
5332
4592
4347
4598
5592
4558
4592
5455
5873
5034
4754
4285
4346
4251
5183
5331
5273
4527
4308
4822
5356
4933
4490
5181
4638
5834
4308
4638
5273
4406
4317
4670
5254
5426
5993
4507
4285
5013
4490
4606
5923
5776
5118
5587
5475
4853
5254
5332
5474
5587
5587
4534
5873
5231
4490
6082
15364
5960
4406
4534
4317
4468
5425
5254
4431
5541
5254
5426
4786
5129
5801
15364
5486
5554
4933
5872
5254
4226
4506
4506
5801
4758
5060
4758
5574
4306
5873
5297
5959
5331
5306
5959
5016
4758
4626
5384
4758
4315
5075
4527
4758
5254
5331
5891
4822
4307
5070
5118
5834
5236
4373
5015
4758
4960
4225
5574
5297
4534
3969
4317
5151
4405
4307
4758
4660
4969
5015
4405
4670
4534
4409
5236
5468
5306
5051
5982
4916
4251
4916
4808
5801
5394
5196
5060
4801
5060
5184
4033
3969
5468
5306
4317
5522
5776
5675
5236
5801
4853
4184
5547
4273
4128
4409
5097
5963
5051
4251
4185
4575
4431
5016
4969
4409
4626
4317
5225
5016
4606
5547
4854
4420
4960
4275
4275
4808
5051
5198
5084
4274
5053
4534
4960
5905
5885
4273
5088
4534
5022
4887
5834
4695
5675
5306
4273
5941
4285
4305
5051
4854
4916
3982
4305
4307
3736
4276
4919
5120
4855
4863
5023
5592
5675
4583
4227
4033
5862
3903
5905
5075
4695
4887
5306
4588
5299
4695
3967
4372
5394
5141
3834
4852
4863
5349
4855
4177
4919
5644
4177
5597
4866
4916
4059
4854
4587
4285
5084
5097
4660
4183
5574
4583
4916
4273
4262
5905
4841
5502
4277
4920
4309
3982
3936
4372
4695
4811
4177
4606
4863
4852
4635
5420
5097
5060
4262
15059
4866
4277
5502
5120
4916
5255
4855
5665
4309
4305
5151
5354
4182
5106
15077
4811
5521
5325
5059
4182
4861
4854
3737
4372
4460
4177
5522
4916
4148
4411
4854
4916
5299
4852
4148
4460
4262
5225
4058
5502
4865
3901
4635
4262
4403
4176
5097
5665
4731
5547
4615
5591
3965
4084
4313
4147
5280
15059
4419
4635
3586
4635
3736
4920
5280
4823
4841
4860
4599
4262
4223
5546
5121
5194
4731
4830
4863
5121
4147
4120
5566
4460
5194
4262
3834
3899
4732
3747
4120
3737
4084
4504
5750
4262
4451
3738
5574
5222
4861
5325
4020
5299
4403
4336
4262
3747
4669
5522
4679
5666
5097
3735
5106
15077
4148
4793
5547
4262
4147
4120
4084
4175
5256
4860
4731
4329
5621
4892
3676
4262
4310
4601
3954
4126
4812
4365
4600
3994
4927
4365
3995
4761
5222
4107
5591
3586
4893
5105
4175
3534
4736
4634
3624
4798
4083
3928
4720
3955
3773
4403
4175
4601
4272
3472
4310
4893
3568
4401
4175
4310
4366
3554
4812
4365
4605
4970
4076
4697
5299
3956
5105
4126
4953
5079
3863
5638
4953
3585
4146
3954
5520
4646
3773
4927
5546
4628
4697
4775
4736
3994
5080
15060
5489
4412
4263
4704
4893
4418
4498
3792
3889
3502
4535
4051
4500
4535
4922
5522
5558
3984
4412
4535
3953
4627
3856
4145
4842
4892
3501
4336
4367
3929
3388
4482
4146
4467
4366
3890
3389
3928
5546
4366
4856
3953
3584
3890
4367
5490
4794
4498
5105
4736
4081
3826
4702
3815
4051
15319
4736
3889
4733
3952
3964
3929
4535
4449
4602
5080
5105
4543
4210
4716
4663
4466
3827
3784
4448
3861
3984
4051
3504
4412
4537
5522
3984
4081
3890
4842
4499
4394
3828
3828
3651
3957
3826
4368
3826
4269
5038
3505
4572
3784
3470
4118
3825
4702
4216
4662
3993
4463
4295
3378
4482
3891
4465
3887
3891
3505
4209
3378
4663
4604
4975
4331
4158
3958
3673
5399
4302
4904
4395
4371
3387
4733
4394
4842
3725
3958
5318
3828
3727
4341
4108
4269
4244
4332
3888
3566
3673
3827
4050
4733
4108
4461
3816
4295
3703
3726
4080
4080
3985
4463
4733
4538
3891
4241
4665
3784
4538
3824
4395
15325
3892
4202
3888
3566
3535
3651
4341
4665
5547
4116
3885
15319
4173
3926
3725
4019
4203
4371
3703
3892
4975
4974
4499
3581
4217
4174
3825
4602
4720
4331
3783
4049
3702
4332
4538
4331
4022
4904
4080
4241
3704
3535
3782
3703
4049
4019
3704
15345
3785
4341
3851
4463
3656
5102
3824
3986
3628
3656
3878
3704
4118
4046
4268
3779
3698
4110
3623
3991
4396
3991
3923
3878
4311
4555
4151
4202
4204
3992
4331
15348
3755
4079
3535
4487
3825
3755
3699
3992
3753
4331
3959
4975
3689
3657
4442
4296
3420
4110
3445
3780
3635
4396
4330
4330
3851
4904
3822
3780
3782
3923
3636
3656
3689
3786
3851
3632
4684
3780
15348
3704
4486
15326
5210
3636
3755
3657
3636
4152
3376
3822
3632
3785
4396
4265
3597
3986
4296
3493
3657
3923
3627
3317
3427
3822
4974
3597
3493
3635
4151
3689
4204
3459
3628
3785
3594
3317
3425
3996
4442
4143
3466
4331
3627
4151
4343
3822
3685
3461
4268
3822
4442
3698
3493
4242
4331
3705
3852
3420
3444
4077
3657
4077
4242
3493
3424
4077
4204
4648
3754
4170
3466
15066
3986
15066
3635
4778
4170
3536
3458
4265
4143
4242
3493
3627
3427
4143
15326
3657
3427
4153
3588
3706
3630
3637
3706
3857
4266
3597
3786
4974
4904
3996
3637
3598
3754
3685
3627
3597
3493
3706
3424
4296
3424
15349
3493
15067
15067
3917
3420
3751
4265
3706
3630
4330
15069
4143
4152
4242
3405
3598
3777
3917
15067
3525
3458
3425
3627
3787
4151
4266
4043
3338
3317
3685
3536
4242
15324
3491
3666
4242
3318
3427
3401
4487
3706
3706
3559
4140
3598
3634
3627
4296
3413
4267
3830
4143
3338
3492
3296
4153
3458
3637
3598
4044
3524
3627
3748
4169
3405
3427
3493
15317
3338
4170
3917
3466
4682
3297
3320
4140
3493
3420
4904
3392
3748
3599
15347
4025
3349
15068
3525
4045
3830
15311
3267
3881
3667
4043
4683
3637
3960
3525
3880
3319
3525
3493
4112
3466
4153
15069
3748
15070
3423
4619
3625
3561
4169
4975
3708
3457
4111
3320
3493
3268
4169
4169
3788
3474
3401
3777
3491
4078
3918
3708
4556
3930
3427
3788
3338
3493
3538
4044
3268
3457
3599
15068
3858
3525
3617
3458
3708
15317
15063
15064
4045
3506
4015
3366
3748
3578
3265
4015
4111
3777
3367
3919
3441
3618
15311
3121
3520
3334
3441
15064
3918
3625
3817
3267
3207
4282
3366
4015
3336
3668
3457
15063
3457
3858
3617
3894
4556
3423
3520
3918
3473
3819
3858
15064
3777
3930
3441
3490
3947
3367
3709
3458
3919
3457
3749
3817
3589
2987
3392
3269
3265
15311
3474
3578
3537
3021
3555
3493
3520
3366
3686
3774
3709
3298
3686
3818
4556
3618
3728
3154
3441
3175
3626
3557
3269
3777
3072
3618
4085
3653
3298
3728
3121
3457
3522
3264
3618
15311
3441
3366
3270
3618
3520
3441
3776
3618
3618
3457
3653
3776
3457
3152
3020
3777
3151
4556
3363
3520
3021
4085
3175
15344
3493
3776
3712
3654
3712
3618
3264
3441
3022
3363
3776
4085
2987
4556
3120
3654
2748
2988
3520
3456
3103
3520
3072
3493
3456
3712
4085
3363
3522
3270
3520
3463
3363
3042
3270
2884
3712
3457
3521
3016
3457
3022
3123
3621
3712
2987
3208
3363
2987
2884
15344
3521
3712
3270
3264
3123
3528
15315
3120
3264
3264
2884
3528
3120
2861
3016
3264
3046
3174
3712
3463
15315
3174
15315
15309
3117
2862
2748
3209
2835
3174
3264
2884
3023
3158
3330
2987
3528
2862
3046
3043
2836
3264
3173
2835
3173
2884
2748
2967
3174
2862
2939
3016
3528
2836
15315
3046
15338
3016
2884
2748
2694
3117
3017
3442
3212
2936
3015
2916
2597
2862
3189
15310
2883
2694
2695
3101
15056
3117
3015
2939
15056
15056
3117
3139
15338
2967
2645
3158
3015
3158
15307
2882
2558
2761
2694
2694
15336
2647
3139
15056
15056
2880
2613
2832
2498
3308
2841
2597
2888
2613
15332
3308
2597
3140
15056
2497
2967
2937
2863
2788
15056
2497
2967
2597
3101
2880
2497
2671
3212
2984
2597
15336
15331
2808
15056
3212
2523
2761
2890
2776
2498
2497
2597
2880
2732
2499
2732
2972
2523
2524
2497
2984
3062
2833
2832
2498
2833
2743
2523
2947
2890
15056
2829
2832
2761
2982
2890
3062
2520
2609
2816
3212
2671
2498
2719
2497
3139
2984
2816
2890
2500
2890
2497
2524
2732
2761
2719
2598
3212
2360
2833
2523
2497
2499
2323
2360
2757
2609
2692
2757
2934
2594
2523
2982
2611
3213
2890
2829
2890
2609
2523
2816
2757
2982
2642
2446
2777
2890
2524
2275
2905
2500
2611
2757
2611
2890
2598
2757
2642
2556
2758
2275
2926
2843
2949
2593
2594
2275
3127
2778
2091
2250
2784
2361
2520
2843
2500
2843
2557
2472
2594
2926
2843
2777
2949
2140
2698
2571
2949
2472
2500
2598
2843
2784
2521
2275
2275
2276
2126
2806
2778
2778
2361
2758
2554
2521
2471
2571
2699
2738
2571
2142
2443
2526
2829
2191
2699
2191
2778
2784
2140
2361
2419
2571
2419
2699
2568
2472
2142
2191
2553
2091
2783
2521
2470
2086
2739
2361
2443
2738
2238
2806
2782
2699
2738
2319
2142
2091
2727
2779
2041
2526
2738
2571
2699
2779
1872
2471
2237
2470
2066
2699
2238
2296
2779
2727
2450
2140
2738
2066
2142
2650
2185
2519
2650
2699
2738
2782
2251
1872
2658
2727
2066
2238
2238
2738
2727
2650
2727
2417
2588
2656
1991
2699
1840
2380
1873
2657
1872
2238
2738
2650
2318
3
2560
3
1872
2650
3
2236
2417
2137
2650
2650
2062
1872
1872
2192
2588
1872
2657
2237
3
1928
2318
2560
1991
2560
2560
2699
2560
2657
2010
1873
2650
2236
1872
2417
2084
1872
2616
3
1872
2656
3
2657
2588
2588
2650
2318
1872
2560
1902
2603
2656
2560
3
2062
2650
2560
2715
2084
2560
2124
2560
2098
2560
2588
2603
1631
2657
2205
2318
2603
2192
1789
1903
7
2560
3
2650
3
2560
1585
2560
1838
1585
1987
2588
2603
2603
1763
1763
2779
2273
2674
1628
2588
2650
1789
2184
1789
2560
1585
2205
2656
1924
2674
2184
2560
2560
2560
2603
2124
1763
2528
2507
2572
2508
1987
2507
2560
2560
2205
2588
2560
2507
2205
2572
2560
15053
1585
3
2560
2431
1732
2531
1585
2560
1987
2273
15904
1585
2184
2603
3
2560
2588
1602
1628
2588
2572
2507
2508
1602
2273
2563
1838
1810
1585
2123
1585
2008
2588
2560
1873
2123
15904
2603
1585
2507
1764
1602
2076
1602
2602
2560
15054
2123
2184
1602
2508
2478
2560
1896
2507
2507
1896
1732
1602
1585
2560
2123
1602
2285
1585
1628
1585
1974
2531
2531
2508
2285
2508
1585
2123
1602
1728
2478
2453
2507
1602
1585
1838
2504
15265
1764
7
1459
1653
1653
2507
1393
2367
2506
2508
1602
2563
1946
2268
1459
15265
2038
2481
1602
2507
2504
2588
1459
1896
1732
2478
2123
1393
2508
2560
2431
1764
1459
2285
1602
2508
1393
2508
1649
1504
2453
2560
2008
1582
2481
1602
1459
2368
2285
15268
1582
2510
2508
2509
1764
2285
1946
2508
1504
2507
1610
2400
1485
2397
1485
2482
2268
2507
2285
2508
1838
1838
2508
2268
2397
1653
1893
1946
1553
1923
1393
2400
2510
2397
2285
1896
1908
1485
2399
1459
2400
1946
1393
2481
2482
15268
1503
1485
2400
1649
2224
2219
1582
1393
2400
1908
1649
2076
2368
1459
1459
2007
1649
2285
15267
2367
1361
2456
1553
2368
2367
1393
2482
1895
2398
2400
1485
1603
2399
2400
1894
2482
1649
1485
1361
2343
1459
2481
1809
2020
2100
1895
2563
1586
1809
1603
1654
1485
1727
2400
1459
2367
2020
1582
2397
2020
1393
1393
1649
2219
1485
2367
2397
2113
1553
1727
2428
1660
2399
1649
1727
2263
1364
1923
1809
1364
1809
1660
2113
1454
1727
1393
1459
1587
1983
1485
2481
2400
1459
2400
2482
1983
2031
1893
2400
1937
1894
2427
2399
2173
2107
2400
2343
1660
1649
1983
1459
2400
2397
2400
1727
1364
2456
2101
1985
1895
2107
2400
1330
2173
1727
2220
1837
1459
1437
1983
1893
1506
1983
1365
1649
2100
1286
2399
2400
1310
1727
2399
1393
2100
2102
2029
1726
1937
1365
1809
2302
1454
1649
2303
2400
1286
1454
2400
1394
1332
2428
1537
1393
1332
1506
2400
1727
1892
2030
2031
2005
2114
1459
1506
1649
2400
1922
1611
1922
1808
1611
2399
2100
1727
1437
1837
1365
2400
1844
1892
1937
2265
2157
1459
1808
1837
1727
1330
1406
1726
2399
1959
1837
1649
1726
2005
2030
1333
1454
2101
1922
1310
1332
2029
1727
2400
1330
2114
1909
15252
1266
1808
1332
1627
2263
1910
2267
2115
1627
1365
1922
1726
1834
1727
2117
1866
1844
1332
1844
1267
1837
1725
2402
1365
1538
1581
1360
1611
1782
1921
2265
1959
2114
1724
1627
1846
2102
1286
1581
1808
1726
1627
1743
1834
1726
1834
1661
1959
1613
1758
1581
1921
1612
1395
15252
1581
1330
2400
1793
1725
1783
1454
1241
1696
1627
1311
2034
1697
1268
1726
1334
1939
1724
1330
1360
1627
2034
1848
2399
1726
1589
1269
1834
1477
2118
1462
1834
1267
1758
1330
1977
1850
1125
1613
1627
1463
1554
1959
1405
1593
1662
1627
1697
1305
1717
1726
1758
1695
1532
1696
1463
1305
1977
1263
1768
1674
1312
1219
1589
1627
1681
1532
1647
1336
2034
1726
2222
2072
1220
1243
1312
1638
1305
1673
1219
1768
1672
1626
1759
1240
1199
1197
1477
1532
1626
1592
1442
1591
1523
1495
1313
1626
1627
1477
1078
1408
1263
1243
1625
1219
1370
1626
1672
1532
15210
1532
1695
1563
15197
1599
1196
1532
1532
1414
1626
1443
1199
1221
1444
15196
1240
1304
1647
1305
1199
1196
1599
1245
1523
1502
1344
1414
1672
1404
1580
1626
1304
1408
1476
1523
1470
1599
1578
1200
1532
1314
1580
1341
1470
1240
1370
1502
966
1246
1532
1471
1220
1476
1200
1532
1387
1201
1254
1502
1580
1173
1404
1344
1200
1323
1107
1474
1471
1368
1532
1077
1404
1476
1143
1126
15212
1240
1468
1523
1387
1195
1368
1532
1345
1304
1106
1433
1470
1469
1127
1157
1329
1240
1399
1229
1030
1105
1471
1531
1104
1476
938
1123
1143
1127
1123
1176
1475
1185
1203
1345
1475
1176
1173
1252
1403
1387
1344
1092
1059
1251
1158
1152
15225
1127
1122
1152
1059
15225
1156
1253
1433
1403
1113
15203
1112
1174
1358
1262
1434
1142
1080
1115
1194
1403
15238
1387
1121
1434
1103
1115
1388
15239
1032
1357
1065
1329
1260
1403
1092
15202
1015
1329
1152
1176
15038
1185
1329
15214
1100
1359
971
982
1165
1032
968
1115
1217
1359
981
1329
1142
1044
1121
1284
862
1329
1261
1140
1115
15203
15202
1112
1091
1121
1075
983
1192
915
15239
927
1214
1065
1151
860
15203
818
15203
1215
1151
1091
1120
15238
860
981
1065
984
1303
15232
15239
1005
1193
1192
1017
794
733
954
981
1193
15226
1016
1073
15228
15228
1119
1004
901
1074
912
1118
925
15226
1192
15233
926
15233
1023
15228
734
706
731
984
1119
15223
926
912
901
1052
850
1023
1117
1004
15228
1117
829
925
1053
1052
1099
1099
15221
851
811
15233
1117
911
810
1022
878
836
15211
1055
836
15221
1099
1022
811
617
777
851
15221
926
620
15200
721
928
829
676
882
721
1052
811
778
793
964
1117
963
765
527
908
851
756
729
1099
859
777
880
830
592
630
963
880
852
620
15216
668
728
595
15211
568
779
15224
571
764
15216
668
15211
880
812
699
622
570
621
15209
880
15208
596
880
15204
880
15208
15219
880
15204
764
880
15219
880
880
14467
14398
14385
15791
15804
15707
15850
15791
15804
15791
15804
15773
15773
15773
15804
15791
15850
