6671
6671
6761
6709
6670
6759
6711
6756
6629
6754
6666
6671
6666
6761
6764
6851
6840
6856
6807
6754
6851
3361
3361
6762
6848
6850
6842
3308
6820
3337
6709
6665
6865
3425
3379
6849
3423
3360
6665
6706
6848
6866
6851
3423
6845
6869
6673
3364
3425
3337
3352
6711
6709
6706
3379
6857
6859
6706
6867
6821
6807
6831
6859
6717
3264
3379
3353
3423
6623
3354
6754
3302
6848
6851
6839
3308
6869
3354
6867
6623
6623
3357
3378
3338
6623
3244
6868
6808
6859
6623
6673
3399
6623
6759
6755
3425
6623
3351
3308
3302
6623
3440
3301
3441
3379
3262
3408
6709
3407
6764
6755
3309
3426
6762
3407
3408
3355
6623
3244
6665
6706
3255
3379
6623
3244
3302
6665
3383
3379
3352
6623
3309
6849
3300
6821
3359
3359
3337
6869
6831
3262
6859
3370
3423
6849
6623
6841
3244
3300
3362
6844
3301
3308
6711
3215
3422
3398
3302
3373
3370
3353
3378
3300
6749
3378
3308
6848
3302
3244
6859
3409
3383
3431
6665
6623
3244
3409
3399
6623
3255
3301
3351
3422
6754
3383
3244
6850
6623
6623
6851
6842
3300
6754
6623
3255
6623
6623
3301
6820
3300
6821
6843
3309
6759
6864
3383
6808
6706
6858
3300
6857
6798
3383
3337
6810
6666
3340
6623
3364
6705
3301
6755
3244
3374
3408
3300
3378
6673
6623
6623
3409
6711
3255
6745
6665
6859
6809
3300
3369
6826
3244
3379
3302
3369
3359
3353
6709
3300
3373
3352
6711
3379
3373
3422
6869
3370
3383
6826
6799
3340
6826
6623
3373
6623
3378
3431
3359
6623
3409
6752
6623
6623
3378
3300
6623
3383
6859
3300
6770
6755
6746
6666
3383
6623
6623
3373
3369
3351
3300
3374
6859
3264
3300
6808
3378
3337
6770
3300
6705
6842
3300
3407
3340
3244
3406
3359
3362
6821
3354
6809
3301
3308
3255
6706
3244
3360
3361
6705
3255
6623
3373
3379
6859
3370
3379
3302
3215
3262
3255
3255
6831
3300
6746
6799
6623
6826
6856
3352
6623
6706
6644
3374
6859
3301
3309
3398
3353
6623
6869
3300
6851
3399
6770
3351
6826
3379
3300
6858
3359
6798
6623
6623
3378
6821
3404
6754
3255
6623
3300
3354
6623
6859
6665
3383
6623
3383
6623
6706
3244
3300
6799
3302
6857
3300
3308
3302
6623
3244
3300
3300
3369
6826
3378
6705
3379
6623
6745
6826
3370
3255
3255
3383
6672
6711
3383
6810
6673
6666
6706
3383
6826
3337
6623
3374
6826
3353
3399
3370
3302
3370
6755
3379
3352
3244
3369
6623
6623
6623
3383
6864
3359
6705
6623
6743
6769
3370
6753
6831
6859
3383
3309
6623
6859
6709
6746
6815
3374
3378
6623
3369
6746
3300
3300
3300
3398
3369
3374
3300
6623
3300
3300
6742
3302
6809
3378
6827
3300
6829
3404
6656
3404
6711
6623
3370
6803
3374
6755
3244
3370
6804
3301
6773
6623
6752
6623
6706
3373
3244
3352
3373
3302
3399
6665
6654
6826
3338
3353
6815
3370
3362
6702
6665
3359
3372
6623
3369
3378
3300
6705
3301
6742
3370
6831
6665
3374
6623
6623
3351
3304
6673
6644
3340
6623
6738
3379
6623
6805
3383
6830
3300
3244
3254
3398
6753
3300
3369
6744
3302
3375
6755
3308
6665
6742
6706
3349
6742
3338
6825
3411
3300
6623
6709
3309
3302
3378
3359
6812
3378
3404
6769
6705
6755
3244
3383
6665
6672
6826
3398
3383
6623
3383
3255
3399
3359
6746
3399
6673
3244
3302
6744
6797
3244
3244
3308
3352
6826
3353
3359
6790
6644
3361
6673
6803
6768
6803
3308
3379
3302
6768
3301
6810
3359
6706
3301
3383
6665
3301
3262
6665
6826
6739
6744
6745
6656
3309
3372
6665
6706
3340
6654
3301
3351
6798
6811
3404
6812
3308
6659
6741
3372
6778
6798
6815
3346
3379
3383
3403
3351
3359
6705
3302
3262
6742
3302
6656
3264
6706
6706
6745
6673
3353
6806
6805
3301
6769
6742
3301
6709
3338
3308
3383
6739
3215
3309
6790
6744
6659
3404
6659
6789
6790
3368
3309
6796
6744
3302
6709
3362
3301
3352
3301
3304
3302
6706
3398
3377
3406
3337
6706
3301
6705
3308
6709
6742
3262
3403
3399
6741
3301
3369
6705
3264
3215
6742
3376
6813
3340
3346
6814
3302
3376
3346
3359
3338
6796
3359
6798
6743
6775
6803
3369
3338
6806
6739
6772
3352
6742
3398
3302
3377
3338
6806
3375
3359
3302
6744
3405
3337
6766
3340
3398
6742
6768
6774
3384
6814
3376
6768
6796
3346
3346
3404
6796
6743
6772
6803
3353
3399
3372
6803
3344
3377
6743
3339
3375
3375
3384
3372
3385
6765
3403
6774
6741
6744
6796
3398
6741
6743
3405
6789
6767
3403
6779
3352
6814
3352
3365
3375
3352
6772
6768
3375
6813
3384
3405
6816
6766
6741
6806
6801
3398
3377
6741
3368
3346
6794
6771
3340
3368
6739
6796
6776
6816
3342
6743
3385
3346
3385
3403
6767
3402
3377
6819
3405
6780
6766
6771
3365
3375
3376
6801
3371
6745
6771
6774
6780
3375
6796
3371
6795
3369
6800
6768
3376
3375
3368
3403
6818
6766
6818
3419
6795
6801
3346
3346
6816
6795
6766
3376
6817
6794
6780
3367
3376
6794
6780
6771
6794
3377
6767
3365
6802
6819
3410
6766
6818
3401
3385
3377
6794
3376
6800
3366
3367
6766
3365
3368
6771
6801
6767
6794
3371
3380
6819
3376
6781
3365
6767
3401
6794
3377
6771
6795
6817
3402
6767
6834
6801
3376
3367
3377
3419
6795
3380
6780
3419
3402
6735
3416
3418
6734
6780
6781
3376
6795
3418
3367
3368
3401
3418
3418
3419
6816
3401
6736
3417
6767
3418
3393
3419
6733
6780
6836
3368
3376
6800
3371
6800
6835
6780
3401
3417
3416
3402
6833
3401
6733
6817
6833
6800
3394
6735
3401
3402
3394
3393
3401
6834
6801
3417
3402
6833
6801
6801
3393
6870
3418
6836
6735
3401
3419
6834
6734
6833
6835
3380
6837
6834
3381
3371
3402
6729
6800
3416
3417
6736
3335
3417
3402
6836
6837
3402
3419
6800
6836
3394
3401
6836
3402
6835
3418
6735
6870
3394
6833
6729
6870
3417
6836
6736
6870
6736
3381
3416
6736
3335
3419
3402
3334
6735
6729
6870
3394
6729
6834
3335
6736
3333
6736
3334
6729
6729
6736
6611
3333
3335
3433
3335
6870
6727
6729
3433
3392
6837
6870
3381
6834
3335
3333
3334
3335
3334
6736
6602
3382
6736
3382
3333
6835
6725
6727
3392
3334
6602
3334
3382
3434
6837
3396
3382
6600
3334
6602
6729
6727
3436
3433
3433
3433
6835
3433
3434
6611
6727
6610
6601
3334
6837
6611
3334
3434
3433
6726
6726
6601
6726
6600
6726
3334
6609
3333
6610
6609
3334
3334
3334
3434
6602
3433
3333
6611
3392
6602
3333
3436
6601
6609
6602
3436
6726
6609
3436
3436
3437
3334
6602
3329
6601
3470
3328
6609
6609
3433
6609
6609
3325
3470
3434
6609
6726
6601
3433
6601
3325
6600
6609
6607
3434
3325
3434
3434
3325
6609
3333
6608
3433
6608
6601
6608
3330
3433
6605
3325
6608
6601
3210
3328
3330
6601
6600
3325
6605
6609
3210
3329
3325
3325
6724
3325
6724
6724
6598
3330
3328
3331
6724
6594
6594
6608
6594
6608
3210
6724
3199
3328
3210
3210
3328
3210
6594
6724
6721
6608
3325
3210
3329
6607
3199
3200
6598
6598
3210
6598
3199
6724
6608
6598
3211
3206
3210
3200
6608
6724
3210
6598
3210
3200
3210
6598
3200
6598
6598
6598
3210
3210
3208
3209
6723
3200
3210
3200
6721
6577
3209
6721
6598
6577
3205
3210
6598
3199
3206
6577
6577
3209
6577
3208
3200
3200
6598
6598
3209
6598
6598
3199
3209
6598
6577
6577
3206
6598
6598
3208
6577
6577
6577
6722
6577
3208
3208
3320
3320
3208
6577
3320
6720
3208
6720
3208
6598
6578
6598
3320
3320
3194
3320
3194
3208
3194
3208
6598
6720
3320
3320
3194
6720
6720
3189
6720
6593
6720
6577
3194
6580
3194
6577
6597
6593
3194
3194
6720
3194
6577
3194
6720
6597
6720
6580
3194
6593
3194
3194
3194
6593
3194
3194
3194
3194
6593
3191
3194
3194
6720
6720
6593
3194
3194
6720
3194
3178
6720
3194
6593
6580
3322
6720
3178
3322
6593
6597
6593
6720
6578
6597
6720
6597
3178
6575
6578
6578
3194
3321
6593
3321
6720
3178
6593
3321
6578
3322
3178
3322
3178
6597
6593
3321
6593
3321
3178
3321
3321
3321
6720
6593
6593
3322
3321
6578
3322
6593
3321
6720
3321
6575
3322
6578
3190
4607
3321
6578
1121
3321
3193
4645
6575
3321
3193
1121
3192
6593
6720
3321
4611
1121
4611
4611
3193
3193
4611
4849
3193
4849
4609
4849
4645
3193
3193
4607
3193
3193
3187
4610
3187
4849
3190
3193
3193
4611
3193
1121
1121
3182
3192
1121
6578
6593
3188
4849
4645
3175
3193
3193
3193
3193
4607
4610
6593
4611
4610
4606
3193
4611
4607
1136
3176
3175
4607
4611
1121
4607
3187
5004
4607
4609
4612
4849
5004
3175
1121
1375
4611
4645
1121
3175
4609
1375
1375
4645
1137
4849
1122
3180
4645
4607
1375
1121
4849
1375
5004
1375
3181
1375
4607
1159
4607
4607
1133
1134
4611
1375
1122
4609
1375
1375
1122
1122
4610
5004
1375
1375
3182
4609
4610
4610
4645
5004
1130
1133
1159
1159
4849
4645
1136
4607
1122
4607
5004
4848
4848
1159
4612
4645
1130
1159
1122
1159
1159
1159
4613
4612
5004
5004
4612
4607
1159
1376
4608
4608
1125
4848
1121
4614
1122
4606
4608
1159
4614
4608
1159
4609
4606
1123
1122
1134
1159
4608
1130
1376
4614
1129
1159
1159
4616
4594
1159
1136
5003
1123
4644
4848
4848
1136
1136
1124
4848
4614
4594
1134
1131
1136
1120
4607
1131
4613
4644
1159
4848
1117
4614
1124
1124
4616
1124
1118
1159
1113
1113
4606
1123
1129
4614
4644
1129
1124
4608
4613
1533
1128
4848
1120
4614
1124
1376
4594
1118
4608
5003
4594
1117
1124
4608
1120
4848
1126
4608
4605
4644
1124
1376
4613
4608
4613
1376
4608
1376
4614
4848
5003
4594
1376
1117
4608
4603
1157
1124
4644
4613
1157
1135
1113
1120
4608
1132
1157
4603
1127
4613
1120
4602
4644
4620
4644
1135
4613
1105
5002
1105
1132
1118
4614
4613
4613
4614
5002
1157
1157
1113
1376
1120
4603
1135
4847
1157
4597
1157
4592
4613
1135
1114
4594
4847
1118
4603
1117
4613
5002
1105
4564
4603
4564
4946
1132
4643
1376
1157
4945
1157
1126
5002
1157
4608
4597
1117
4592
4847
4564
1120
4600
1473
1157
4613
1157
4598
1376
1127
4847
4946
1105
4597
1076
5002
4847
4564
4597
1473
4597
1376
1126
5002
1114
1116
1105
4847
1118
1475
1105
4847
1374
1376
4598
4597
1473
4603
1374
1105
1118
1127
1532
4564
1475
4592
4847
4598
1374
1105
4564
4597
4564
1475
4563
1115
5002
1374
1105
4597
1105
4563
4847
4945
1077
4592
1117
4847
5002
4598
1374
4600
4948
4604
4597
4643
4597
1475
4564
1076
4564
1107
1076
1105
4564
1127
4600
4597
4945
1105
1374
1127
4563
4597
1374
1076
1105
4563
1374
1466
1472
1473
1110
4596
4574
1116
4573
1532
4946
1119
1119
4948
4847
4598
1475
1374
1472
1115
1116
5001
1475
4945
1077
1374
4847
1116
4564
1374
1116
1374
4595
1107
4595
4561
1374
4846
1077
4563
1472
1115
1374
1107
4604
4595
4595
1107
4596
1111
4596
1374
4576
1107
4575
1076
4941
1474
4563
4846
4561
4638
5000
4563
4600
4579
1155
4604
1107
5000
4604
1119
1076
4600
4595
4941
4576
4845
1077
4561
1374
1110
1374
1111
1158
4563
1115
1107
4561
1115
1467
1474
1119
1466
4947
4596
4576
1472
1115
1158
1107
1116
1155
4561
1474
1531
1466
1115
4997
4562
4579
4595
1155
4638
4563
4939
4998
1077
1158
1373
4939
4562
4579
4581
4604
4576
4997
4595
4580
4579
4663
1155
1474
1116
1087
1155
4941
1075
1109
1155
1087
1087
4638
1474
1077
4590
4944
4580
1112
4941
4663
4944
5000
1531
4562
4590
1075
1075
4947
4589
1466
1467
1155
4579
4997
1087
1096
4579
1111
4638
4579
4580
4944
4947
1109
4941
4998
1087
4638
1075
4941
4663
1077
4941
4997
4578
1155
1096
1095
1112
1531
1116
4580
4562
4638
1531
4997
1075
1087
1373
1087
4580
1474
4584
4638
4939
1156
4589
4580
1087
1156
4578
4588
1471
4578
4581
4998
4997
4589
4944
1474
1078
4941
1466
1075
4589
1155
1095
4562
4998
1112
4941
4663
1474
1466
4589
1087
4998
1467
4562
4638
1531
1466
4580
1156
1471
4638
1109
4577
4562
1087
1075
4638
1372
1096
4939
1087
4944
1373
1087
4581
4947
4589
1156
1372
1156
1474
4664
1090
4584
1531
1095
4998
1109
4944
1078
4663
4938
4580
4998
1112
4581
1095
1474
1156
1075
4578
4578
4997
1096
4565
4581
4588
1087
4578
1531
1470
1156
4664
1474
4589
4640
4565
4662
1471
4589
4588
4580
4938
1087
1078
4940
4662
1466
1087
1152
1154
4938
4578
1467
1156
1104
4947
4584
4944
4938
4578
4664
4588
1465
4581
1471
4938
4577
1468
4565
1109
4999
4589
1152
4577
1152
4664
4999
1112
4578
4940
1470
1468
4640
1156
1154
1178
4577
1092
4938
4942
1095
1096
1078
4588
1088
1470
1152
4664
4944
1471
1154
4588
4577
4582
4662
4999
4583
4942
4566
1526
1096
1104
4940
4565
1152
1178
1465
1095
4662
4566
1112
1154
4999
1526
4640
4578
1468
1093
1078
1152
4565
4587
1178
1465
4938
4577
1178
4664
4567
1178
1468
4940
1470
4664
1470
4942
1526
4583
4940
4587
4640
1095
4640
1154
1152
4582
4942
1468
1528
4565
4582
1078
4567
1528
1154
4668
4585
1178
1154
4585
4585
4577
1526
1101
4999
4640
1152
1465
4999
1176
1152
4567
1093
4662
1528
4567
4577
4999
4664
1154
1471
1526
1100
4577
4662
4565
4942
4640
4664
1152
4582
4668
1177
4940
4999
4567
1470
4565
4942
1154
1101
1154
1470
1177
1103
1153
4565
4662
4587
1153
4669
4999
1080
4568
1468
1177
4999
4567
1465
4543
4565
1100
4943
1080
1103
1526
4568
1092
1080
4640
1468
4543
4668
1176
4640
4640
4662
1465
1470
1468
4662
4567
4543
1154
4664
4664
4940
1528
4567
1153
4585
1080
4996
4943
1097
1177
4567
4585
1470
4582
4585
1154
4637
4583
1094
1098
1153
4640
1526
1097
4587
1153
1100
1182
1080
4637
4999
1470
4662
4546
4664
4670
1176
4543
1177
1176
1101
1080
4844
1176
4567
4662
4668
1101
4662
4996
1080
1528
4568
1151
4568
1184
4943
1080
4664
4586
1091
1080
1177
4637
1177
4546
1094
4666
4567
4996
1182
1079
4637
4547
4943
4943
4844
4546
1101
1151
4996
1058
4666
1151
4664
4585
4547
1058
4568
1091
1079
1184
4586
1151
1151
4568
1176
4543
4637
4662
4548
4543
1058
4637
1099
1058
4546
4547
4572
4545
1469
4996
1527
4844
1057
4662
4844
4547
1176
4670
4844
1079
4996
4548
4664
4547
1102
1083
1370
1182
1058
1084
1102
4637
4544
4558
4670
1091
1371
4544
4569
1057
4637
1079
1151
4667
4662
4547
1371
4996
1182
4666
1102
1469
1371
4995
1060
1082
1176
1079
1094
1083
1176
4667
1099
4568
4636
4844
4548
1059
4547
4545
1060
4995
1057
4586
4571
1020
4550
4560
1057
4662
4666
4558
4844
4550
1081
1059
1016
4637
4548
1079
4545
1527
4544
1150
1184
1184
1059
4547
4570
1099
4545
4844
4665
4843
4551
4670
4560
1073
1057
4844
1102
4544
4548
1060
1371
1371
1371
4995
1099
1527
4844
4995
1079
1176
4664
4662
1082
1017
4550
1183
4666
1469
4665
1084
4550
4571
1016
1183
4995
1524
1527
1016
4558
4548
4667
4571
1017
1083
4551
1525
1149
4636
4636
4544
1020
4544
4552
1049
4558
4548
4549
1525
4560
4560
1084
4995
1073
4995
4844
4662
4636
1181
4550
1020
4844
1525
1081
1074
1016
1083
1073
1016
1183
4550
1074
1048
1086
1524
1084
1469
4551
4636
4995
4843
4558
4995
4558
1525
1081
4553
1082
4552
1523
4545
4844
1183
4502
1015
4552
1523
1061
4843
4560
4502
1525
4636
1083
1524
1073
1074
4550
1048
4548
4635
4662
4558
1016
4549
1073
4994
1085
4556
4570
1020
4502
4549
4550
1015
1061
1061
1523
1048
1048
4843
4551
4665
4551
4665
1015
1015
1181
1086
4553
1073
4550
1523
6872
4482
4556
1523
1074
4544
4635
4994
4536
4482
4844
4507
1062
4635
1062
1081
4549
4570
4665
1073
1061
1183
4549
1071
1073
4552
1523
4482
4558
4482
1064
1061
4482
4558
4556
1048
996
1020
4552
4536
4635
4507
4560
1016
1183
4558
4535
1048
4503
1180
4665
4502
996
1074
4994
4558
4551
4570
1048
4507
1523
1180
4549
1074
4552
4502
1048
1063
4558
1015
1081
6871
4507
1086
4844
4482
1523
1181
1148
1073
1015
1062
1066
1081
4482
1064
4549
1064
1048
1523
1074
4500
997
4558
4483
4635
4482
996
996
4537
1149
1048
4994
4665
1074
4483
1181
4556
1073
4507
1183
996
4634
1086
4570
1063
4994
1085
997
6872
996
1148
999
1085
1015
4536
4537
4535
4482
997
4536
4502
4507
4558
1074
4634
4503
997
4483
1181
1180
4538
4535
996
996
4665
1063
1073
4503
4537
1056
4556
4507
999
4634
4482
4556
4558
4993
1073
4553
4536
1073
997
4482
4507
6871
4665
996
1086
1015
997
1063
4560
1074
1074
997
1048
4665
4486
4634
999
4554
1056
997
997
4507
4994
1086
1521
4483
1073
4537
4503
1073
1086
4503
4558
4537
998
999
999
6871
1065
4504
4633
998
1067
1051
4504
4482
4554
4505
1066
1071
1048
4483
4560
1074
4993
1085
1051
1048
4560
1074
4556
4504
998
4993
4558
4504
1015
4483
4538
1071
997
1056
998
4554
4635
1067
4535
4504
4538
4539
1000
1069
4537
4485
1086
1000
4661
1000
4485
997
1056
4558
1056
1521
1048
4485
4558
1074
1068
4557
1067
1001
4487
1071
1074
4505
4559
1067
4487
1048
1050
1000
998
4522
1051
4500
4993
4554
4489
1074
1001
1000
1521
4659
4557
4559
4557
1037
4635
1071
4659
4555
4505
4554
1044
4522
1040
4559
1003
4633
4486
4492
1001
4559
1050
1068
4559
1071
1065
1030
4659
1067
4484
4658
998
4658
1068
4539
1074
4485
1074
6871
4487
4493
4487
4491
4555
1074
4529
1036
4505
4659
1036
1033
1045
4635
1067
4992
1003
1071
4559
4559
1045
1069
4493
1050
1002
1052
1069
1071
1074
4659
1071
4489
4658
4490
4484
1002
1001
4559
1030
4539
1030
1002
4539
4492
1068
1067
4659
4529
1002
1007
1045
1037
4484
4493
4659
1074
4529
4505
4540
4540
1002
1068
4493
1074
4539
1071
4529
4658
1052
1074
1052
4557
1070
4559
4559
1030
4559
4505
1070
4659
4658
1055
4557
4539
1068
4490
4658
4658
4539
4490
4494
1005
4495
4484
4490
1036
6871
1074
1071
1030
1045
1054
1033
1033
4488
1038
4559
4559
4659
4491
1033
1045
1071
1036
4659
4660
4495
4559
1070
4559
4540
1007
1071
4658
1024
4559
1071
1074
1071
4495
1007
4559
4559
1032
1038
1004
4559
1007
4658
4659
1055
4494
4660
1007
1005
4659
1036
4541
4660
1074
4559
1070
1032
1005
1032
4661
4659
1024
4540
4540
1074
1055
1055
4659
4495
4495
4661
1054
4494
4539
1071
4540
4495
4539
4495
1071
4659
4659
4559
4659
1053
1005
1005
1071
1074
1054
1004
4559
4660
4495
1033
1036
4495
1035
1070
4495
1464
1074
4559
1464
1053
1071
1036
1023
4660
4540
4660
1004
1044
4629
4674
4495
4671
4541
4660
1004
1009
4509
4494
1053
1074
4539
4541
4660
1464
1161
4495
4494
1005
1023
1055
4927
1054
1035
1071
4451
1046
979
1054
1035
4674
4495
1009
1071
4674
1071
1008
4421
4660
4437
1161
4398
4660
1035
4494
4673
1160
1053
1501
1074
1004
4509
1071
979
4495
4660
1464
4559
1009
4541
4671
4495
4509
1160
4495
1464
4541
3126
1464
4660
4674
4660
4496
4540
4494
4541
1034
3126
4660
1008
4495
1053
4451
4495
4497
4540
1071
4660
4423
4671
1035
1010
1010
4540
1161
4629
1160
877
1160
4509
4671
4671
1464
4629
4508
1074
4451
4518
4673
4495
1160
1009
1023
1053
1501
1035
1053
4541
4421
1023
4508
877
3126
1464
4673
979
4398
1161
1071
4541
4673
4673
976
4671
1071
4509
4496
3126
4494
4495
1071
1023
1501
4421
4629
1160
1034
1009
1160
4671
1053
1053
4673
4495
4421
4540
1500
979
1034
4508
4398
4398
1034
1161
4496
1010
1162
4423
3126
4518
4842
1034
877
877
1010
4508
4495
979
4842
4521
1160
4509
4660
3126
1023
4451
4509
1160
4495
4842
4673
4629
1071
1009
979
4540
979
1160
4673
3126
4463
4423
1160
976
3126
4836
4386
4671
4398
1500
4937
4496
1034
1501
3128
4398
1160
4836
1053
4397
1500
4937
1053
4386
1022
4508
1053
4508
4451
949
1034
1160
1071
4521
1022
4451
1053
4497
4387
1055
4449
1161
979
1010
4387
4508
1161
1055
4521
4497
1013
4508
1012
4386
3126
4629
4672
4672
1010
4497
4420
1500
4508
1501
4937
4629
979
4398
4462
1022
4420
4423
4842
4841
4463
881
4673
3126
3126
4496
979
949
4496
4937
1500
1500
1161
1022
1163
4836
1367
4462
1034
1160
4421
4386
4421
4449
4462
4386
1163
4398
1022
4451
1160
979
1160
3126
1163
4520
4397
4842
4836
979
1367
3126
6547
1055
4629
1022
1055
1055
4937
1163
4508
4389
4451
4841
1012
1168
1013
4398
1501
4397
4672
4462
1168
4421
4386
1501
1500
1500
3126
4464
4462
4672
1055
1168
4496
1367
4423
4466
4520
4464
4933
4672
1055
4508
1500
1161
1012
4841
1367
4841
979
4495
1022
4462
4420
6547
4842
1161
1163
4420
4629
1055
1013
4520
3128
4451
1367
6547
4395
1055
1160
1160
979
979
4508
4464
1168
1480
979
4449
1480
949
4497
4389
4434
3126
3126
4386
1500
4629
1160
4420
6547
1500
4464
863
1367
1163
1367
4386
4466
4434
4466
1012
1163
4395
979
4466
4465
1367
4386
4451
4397
1163
4462
4458
1168
4397
1163
1480
4421
4836
1188
4469
4465
1012
4386
1055
4520
4836
4464
4423
1013
948
1480
4449
1163
4466
4465
4421
1013
4395
6547
4397
1161
1367
4420
1168
4841
3126
1168
1500
979
6547
3126
4835
6547
4397
4420
1032
949
4464
863
1055
4451
3126
3126
4387
1480
1367
4434
979
4457
4841
4395
1275
4389
4841
4466
4386
4449
4423
4465
4420
4387
4459
1367
1163
1032
863
1367
4395
4461
4461
1162
4434
1013
4397
1500
4457
4835
6547
4434
1055
1367
4626
4386
4464
1046
3126
1046
1168
1055
4457
1163
4465
4420
4386
4626
1275
1162
4464
1163
1276
3126
4465
3126
1276
4626
4458
863
4395
4433
1162
4841
1032
4457
4397
1032
4465
4395
4433
1163
4387
1480
4420
4449
979
4709
4467
1163
4386
1162
4459
3126
1500
1275
4423
1500
1013
4396
1367
1163
4467
1368
4461
4387
3126
4433
1367
1367
4467
4835
1162
1464
1276
4458
4445
4459
4446
1188
966
1276
979
4841
948
1033
4839
1464
3126
1163
4627
3133
4434
4445
1045
863
1162
1163
948
1046
4461
4461
4709
4435
4987
863
4459
863
4459
1367
4395
1013
4627
4457
1276
1367
4627
4395
1275
1033
3126
4839
4387
3126
4445
1464
4397
4396
1033
1045
4433
4626
1045
1163
4839
4446
1163
4446
4837
1226
4445
1276
4446
1226
4435
4387
881
4457
1368
4386
4458
4433
4461
863
1458
4423
4386
4461
1226
4446
1033
991
4459
4625
1458
1013
948
4709
1188
1033
4387
4458
4449
4839
1367
1033
1458
1275
4445
4449
1162
966
4461
4433
1187
1464
4461
4433
1367
4949
4445
881
4386
4459
1275
1187
4457
1365
1275
1188
1365
1276
1477
1030
1188
1048
4446
1364
3133
1477
4386
4461
1458
4839
5006
4709
1013
1477
4709
1188
966
4446
4459
4397
1477
1368
1226
4432
4461
1367
4449
1368
1033
1367
1188
948
4445
1363
1033
1226
4388
1275
4458
4949
4841
1226
1021
4459
4446
1030
4387
4449
4460
1477
4435
1363
988
993
4395
4445
1368
1458
4445
1013
1362
4435
4458
4386
4384
1227
1499
4449
1188
1187
1187
1227
4432
4839
1275
4447
1362
4388
1186
1362
1458
1458
4447
991
872
1458
1275
4458
1276
4458
4432
4460
1363
4461
1367
1226
1187
966
881
1175
1226
4432
4461
4432
872
948
840
1477
872
1226
1540
1458
1367
1458
1187
4396
4835
4448
1186
1186
4460
4445
912
1458
1175
1276
5006
1185
1362
1163
4386
4386
1499
4432
993
1188
4458
1188
840
1175
1227
872
4949
1515
4386
4341
4435
4387
4341
4449
4447
1367
4388
4448
1499
1369
1185
4447
988
6549
1368
4458
4458
988
1477
4389
1499
1540
4839
4448
1367
4384
5006
1367
988
4447
1185
1275
1275
1362
1186
4840
1187
1362
4432
1369
1227
4460
4447
1175
4448
4389
4460
4447
1369
5006
1188
1458
1275
988
1540
1540
1540
872
4384
1362
1175
4384
1458
872
1458
4709
4709
4839
911
4460
872
4448
4388
840
4458
1362
970
1458
4448
1186
1175
872
966
1227
4432
4384
1535
3128
872
1175
3128
991
1463
1185
4447
1541
988
4394
6549
1227
4448
1535
1362
966
840
1186
4449
4432
912
872
1225
1458
4839
1463
840
4341
4394
912
970
1463
4384
1535
840
911
4460
4341
4341
1185
1275
4396
970
3128
1275
3128
4393
970
911
4448
840
988
1185
1369
1535
1463
4447
840
1175
1144
1368
4393
3128
4447
4388
1227
1369
872
4839
993
4396
1225
4384
840
971
840
840
970
1541
1519
1143
1463
1458
3128
4341
993
4393
1186
1225
966
970
4448
840
4447
4458
993
872
4709
4448
1535
5006
1186
4460
840
4388
1185
840
1227
970
840
4341
1463
872
1227
1145
1144
971
4322
1227
840
840
4458
970
1519
1458
970
4394
840
872
840
1535
4389
1144
1369
840
1139
1227
837
1368
1369
5006
4324
4448
953
1477
911
970
4340
840
1461
4460
4448
970
4338
1535
973
1369
4389
4444
840
840
837
912
911
970
954
872
837
4460
840
1535
1458
1144
1225
1535
4839
1461
1368
5006
837
4393
973
970
973
837
973
840
840
4839
4396
973
4391
4340
4707
840
1225
1458
4460
4388
4714
4444
840
1535
1225
1225
972
4448
1461
1463
4339
970
1369
993
953
883
1227
4338
4394
4320
4448
886
4444
972
970
4714
4444
840
4707
964
837
1142
4840
837
4391
1225
4747
837
1142
1145
837
4394
4338
4392
839
954
4393
6549
972
4389
973
957
972
839
973
911
1463
1519
4709
4394
883
1519
993
839
972
4393
1535
4707
993
4396
4839
837
973
4389
993
972
970
987
1142
6549
973
1225
4391
6519
1225
4393
3482
3482
909
1143
1142
4444
4391
4392
6539
886
1458
4392
954
4319
4389
4444
4391
1461
973
1368
4840
972
1519
972
4394
6559
909
4707
3103
973
4707
3482
4444
1463
6559
1458
957
1461
909
6506
4339
4390
972
1145
1541
2858
1368
909
2859
6506
4444
6542
883
972
993
2858
971
3482
972
6539
4840
1145
4389
953
6542
4709
2858
972
1142
954
972
953
4709
4338
972
4391
6559
972
972
4338
3482
993
4392
4362
973
6519
2859
2858
4394
4393
1145
3482
970
1145
1458
6559
4444
6559
4747
4392
972
6539
993
2858
6519
4392
4395
4444
4444
1519
4709
3482
972
2859
4288
2858
4390
4840
4339
953
6507
972
953
910
1463
6542
910
6532
4444
4336
954
6542
972
2858
972
953
6542
6539
1519
972
4392
2858
970
993
969
4394
971
4431
972
1461
4361
6519
957
4395
972
4362
4431
4431
972
1462
972
2858
1142
6519
953
6539
1142
957
1458
6507
4444
4444
4394
1142
954
954
1143
4444
1143
6533
6505
4288
957
6559
4337
6533
957
4377
6532
4395
6533
4746
2858
4747
1142
974
972
2859
4392
6559
4444
971
953
4377
1519
6533
4444
957
6507
953
4288
906
4288
953
4336
993
6533
6532
6536
974
4362
2858
6539
2858
906
6507
4361
6505
906
2859
4444
4336
4337
993
4431
2858
1519
4377
6533
954
953
4375
953
6559
1458
4359
6519
906
971
2858
972
974
1142
953
954
972
4377
6507
953
2858
953
2858
953
906
6505
6559
6536
1519
6518
4361
4359
4377
972
953
4377
1462
957
4444
906
906
6536
4359
6532
4444
2858
1462
4375
971
6558
972
2858
1519
2858
6532
953
4444
1143
6507
953
4337
4377
4375
4336
1142
4328
2858
954
971
953
6559
6519
4335
954
953
2858
1142
4444
6505
4362
4328
953
4335
957
6505
4444
4335
4746
4377
906
4746
993
906
6518
4337
853
4337
904
1143
957
5842
957
4328
5842
5842
5842
6539
2858
1459
906
993
906
5842
2858
902
953
4444
4375
5842
5842
904
5842
5842
4375
4375
4375
5842
4377
953
4375
5842
6507
5842
952
4375
5842
953
5842
598
5842
4444
5842
5842
1519
5842
4375
4746
6532
906
4361
5842
4359
904
5842
993
1460
906
5842
5842
5842
5842
954
4359
4746
2858
1519
4361
5842
5842
5842
4713
906
952
906
6559
4375
5842
5842
4375
5842
5842
957
906
5842
906
2858
6518
4375
952
954
4377
5732
954
6530
953
4375
5842
5842
2858
4444
4375
5842
5842
6539
6532
4377
5732
5842
2858
4444
5842
598
906
5842
906
4712
5842
6519
5732
6518
5842
4328
5842
4375
5732
6552
5732
2858
993
4375
5732
4375
957
5842
5842
953
5842
953
5842
906
4334
2858
6505
5842
904
6558
4375
5842
4444
5842
4328
957
6532
4746
5842
906
5842
6551
4444
5732
993
5732
5842
4334
906
4713
4375
4713
952
952
2858
953
598
4375
5842
4375
5842
4375
5842
5842
6559
5732
5842
5842
6552
4334
902
5732
5732
5842
906
4375
4375
6530
598
4364
4359
6551
5732
4713
5732
952
5842
5732
4375
4359
4375
5842
993
5842
4375
953
2858
904
5732
6518
5732
5842
902
5842
5842
2858
904
5842
4375
903
6518
954
5842
4328
6532
954
2858
6536
5842
5732
5842
5842
2858
598
906
5732
4377
4359
5842
4444
952
5842
4375
5842
4375
5842
5842
5751
6539
5842
5842
4712
906
953
5842
4377
5732
5751
906
903
598
954
5842
5732
4364
5842
5842
4375
852
5842
993
4375
906
4375
5842
5842
906
5842
5732
5842
954
4712
993
5842
5751
5842
850
852
5842
5842
4375
5842
4375
2858
4364
5842
4377
5842
5842
5732
4376
5732
4337
4713
2858
4713
952
598
5732
6519
4377
5732
906
598
5751
954
5732
957
5751
598
5842
5842
6532
598
5751
5732
5842
598
4375
6518
5751
5842
5842
849
954
6552
2380
5842
598
2380
5842
2380
5751
6519
4364
5842
5842
850
4375
4359
6536
2380
2858
4375
1263
5842
4375
1263
4375
2380
5732
2380
2380
5751
4375
2380
2380
5732
5842
953
5732
2380
954
4802
2380
6552
5842
5751
5751
2380
4712
5732
849
5842
5732
6559
5732
5842
5842
2380
849
5842
5751
2380
6532
903
5842
954
903
952
5842
4375
2380
2380
2380
5842
5732
598
5751
4712
6552
2380
5842
5751
5732
2380
5732
4360
5751
2380
4373
4373
5732
5732
4364
6551
5732
2858
4375
2380
5751
4375
4360
5751
5842
6551
952
2380
4373
849
5751
5842
5732
945
5842
903
2380
5842
2380
4373
954
5751
2380
2380
5751
598
2380
5732
952
850
5732
5732
598
5842
5751
598
2271
5751
5751
4731
3131
4373
2380
5842
5732
4802
598
4373
5732
6388
3131
4802
2380
6518
954
5842
5732
2380
5751
849
5751
2380
954
5676
850
5751
5732
2857
952
598
6541
2380
2271
850
4364
2380
2271
2271
2380
5676
5732
6519
5842
2380
5842
5751
954
4375
2380
5676
4364
5732
4360
5732
2857
5732
4375
952
2271
6552
2380
2271
4375
2380
5676
4328
2380
954
4373
5751
2271
5732
2271
2271
4731
5676
2380
2380
4373
2380
945
1263
850
2380
5732
5732
2271
1263
2858
2271
4731
952
4712
4360
6530
5842
5732
5676
5732
6541
2271
5842
2271
4803
2380
4950
5842
2380
5751
4373
5676
2856
2271
5676
4373
2380
2271
5732
5751
6552
2271
5732
5751
1263
4375
5732
598
2380
5732
945
2380
5732
5751
2271
598
2271
954
957
5751
954
5751
4950
2271
6552
2271
4373
5732
6552
952
5732
5751
2271
4373
4802
2271
5751
2271
2857
4375
5732
6551
5676
2271
4375
2380
2380
849
6519
2271
2271
2271
2271
5751
2271
5676
849
2380
2271
2271
6541
5751
598
5751
5751
957
5751
2271
849
2271
5732
4375
3131
5751
5751
2271
2271
5676
957
2858
2271
2271
945
4712
2271
6551
2380
2858
849
2271
5732
2271
2271
2271
954
6552
5732
6551
2271
2380
5751
2271
2380
5676
598
2271
5751
5751
2271
2380
5732
2271
2380
4374
4374
4373
2271
2271
5733
5732
1264
2271
4373
2857
2271
952
5751
5461
5751
2271
5461
5676
4360
2271
5751
4375
5732
4731
954
5733
2271
4364
598
4920
2271
2271
2271
5676
2856
954
598
2271
2858
3131
4803
2271
5751
1448
4377
1263
5676
4374
2271
5751
5676
1229
5676
2380
2271
2380
5751
2380
6541
957
2271
5676
1263
4803
2271
4290
2271
945
5461
2271
2271
2271
6551
2271
2271
2271
4373
849
4950
2271
5751
5751
5751
5676
4803
2271
2271
6551
849
5751
5733
954
4375
2271
2857
5461
4950
4731
5676
2271
5751
598
5676
954
2856
2271
4951
848
2271
1264
4375
952
4802
2380
954
2290
2271
2380
2271
2271
957
5751
954
2380
2271
4373
5751
1264
5751
2271
2271
851
5676
5733
5751
6541
2271
849
2858
4373
2271
5676
6559
2290
4373
2271
4920
6552
2271
5751
5676
3131
848
2271
5751
5733
2271
2271
5751
598
2271
1448
5751
2857
2271
2271
2856
2271
957
2271
4375
4731
2271
4374
2271
5733
2271
2271
2857
2271
957
2271
1264
598
2290
4328
2271
5733
2857
4950
4373
6551
4803
5751
2271
1264
848
4364
4374
2271
4803
5751
2290
5461
2271
2271
2271
2271
4731
5461
2271
851
2271
2271
5751
6559
4803
6551
2271
951
4331
4802
2271
2271
5751
4921
954
4331
5676
6540
5461
2271
2271
2271
6559
2271
2271
2290
5751
951
2271
3086
2271
2271
4375
2271
2857
5461
4803
2290
5676
2290
957
2271
5461
2271
5676
4373
2271
2856
954
1264
2271
5461
5751
5676
2271
2271
2271
4377
2271
2290
2290
2271
957
2271
5676
2290
4290
5733
2271
4950
2271
2290
848
951
2271
4803
3131
1263
2271
5676
5461
2271
2290
4329
2271
2271
2271
5461
848
5461
5461
2290
2290
2271
2856
954
848
4331
2271
954
2858
4921
2271
2271
4374
695
848
5461
5461
2271
2290
2290
1230
4364
2856
2271
5461
4364
2290
2271
4331
954
2290
2290
954
4731
6559
2290
5676
2271
5461
4375
5733
4374
5461
2857
2271
2271
2856
848
2290
2271
4373
5733
4928
5461
2271
2271
2857
5461
2290
4373
2856
4803
5461
2290
4373
5461
2858
4803
3131
2290
2271
1264
5461
954
2290
5733
2271
2290
2290
848
2290
2290
2290
2856
2290
954
3130
2856
1448
4373
6541
954
2857
1264
4374
5509
2271
5461
6559
4921
4803
6541
2290
4803
3131
4921
1264
2856
2271
2271
6559
4375
1448
3086
4374
2290
848
954
6550
4360
2290
5460
5461
2856
2857
2290
2290
1230
2271
2271
4331
2271
2857
2290
6550
954
2856
4373
2290
6540
6550
2290
1448
4290
4376
5461
2290
2857
5461
6541
5461
851
2290
6378
2215
2290
954
2853
954
2290
2271
4803
4803
3131
4951
2215
2290
954
2215
4364
3130
6550
4331
5465
5461
3131
4331
595
5461
2271
2290
5461
2857
5460
5465
4331
2271
4373
5461
954
1229
4373
2290
5461
2215
2215
2290
2855
5460
2913
2271
2215
848
2271
2857
1264
2215
2215
4364
4373
4290
4330
1448
3131
4331
3130
5461
2271
4921
4951
4375
5465
848
2853
2853
5461
2215
2271
954
695
1448
2290
4376
848
4803
4364
5465
2290
5461
2857
2290
4803
2215
2856
2290
4803
5461
954
6378
2855
2290
6550
5461
2856
4331
2215
4373
1448
6541
4331
2855
5461
5465
4373
2856
6378
5465
5461
5461
4373
811
6550
2290
932
2215
5461
2215
2271
1229
4329
4331
2855
2215
954
2290
848
851
2290
848
5461
6378
6550
2853
5465
5461
2215
6550
5465
3130
6550
4331
1448
4373
2215
5465
4803
4373
2290
2290
2215
5461
2853
4951
2856
3087
4951
2215
2855
2290
4330
4373
6550
5661
2215
6378
3091
695
3131
4373
6550
1787
2215
2856
2215
6550
2856
1448
2215
2215
2215
2215
2855
1323
2290
2290
2913
4373
2215
2215
4373
954
5465
5465
4331
5465
2290
4803
2290
4331
5465
1264
3086
4373
6550
6555
6378
6550
2290
1264
5465
4304
4375
4373
6541
1229
5465
4331
5465
3130
4331
4399
811
5465
2215
2854
6541
2215
2855
2215
4304
5661
5465
6555
6541
2856
6378
2290
5465
2215
2913
2000
1323
2854
2853
2215
6378
2290
5465
932
2215
2856
6550
2856
1787
1448
5632
2215
2290
2856
2215
6541
4331
1787
2215
6555
4402
5632
4373
5465
2215
4373
2000
5465
2000
6378
6555
5465
2215
3130
5657
4331
5632
2000
6550
2913
5465
5632
1323
3066
4373
5632
6378
6555
2853
2853
2854
4331
2000
2913
1447
811
5657
2000
5632
5632
5657
5465
2913
1323
2000
6550
863
2215
6378
4304
6550
2856
3130
4331
4375
2000
6550
4373
1323
2215
6550
1323
1787
2215
3091
1787
5632
6555
2854
2000
2000
811
3066
1447
932
4304
6555
2000
5657
1323
2215
2853
2000
4402
2853
4373
1322
2215
4331
3130
2215
4373
2000
5254
4402
6555
1322
5657
4304
6555
2000
2000
2000
6541
1787
3130
6378
2913
5466
4402
4331
5632
6555
4373
4424
5632
6555
2000
6550
2853
2215
6555
2853
5632
5632
3066
863
5657
2000
863
811
2000
1447
3066
2000
811
5657
5632
6555
5632
6555
2000
5657
1787
3087
2000
4375
2001
863
1323
4400
3130
2000
4304
5657
863
6555
2856
5632
4986
2853
2000
2000
6555
5657
4419
2215
5632
3130
3086
4373
6555
1322
4693
1323
2000
1323
2001
4373
5498
5254
2853
2913
5527
4419
4331
5527
2215
1787
5527
932
811
6378
4424
6555
3130
4331
2001
4331
2000
2913
1323
2000
4331
1447
811
2853
3498
6555
6555
2215
3087
2000
4331
6555
4419
2001
6555
2001
1787
2001
4693
863
6555
1447
5657
5527
4373
2856
3066
4351
2001
2000
5527
811
4419
5527
2000
2001
3498
4331
6378
2001
1447
865
3066
4312
2856
2001
3130
2913
2001
4331
6378
2000
1787
1323
4304
1787
5527
4331
5657
2000
5528
1447
5657
4985
4400
1322
2000
3066
1323
2214
2214
5527
5496
811
4419
2001
1787
1447
5528
2853
4986
2000
4331
4985
3129
2001
1447
4400
4424
1322
3130
4399
4331
2000
4985
2001
5527
2853
4985
5528
1323
2001
2000
4400
4419
4351
4985
3134
6378
4351
5527
2001
2214
4693
4399
2853
2913
6378
5527
1787
5527
2001
2001
6378
4985
811
811
5254
6378
4985
2001
4400
2001
5528
4373
2001
1787
3134
1322
5494
2214
4331
1447
4424
1447
6378
1447
1787
5522
1787
2853
2001
2913
811
6378
5528
811
5528
2001
4400
2201
2214
1455
932
2214
1447
2212
1808
2913
4304
4985
5528
870
5551
3130
4419
6378
4375
6378
2214
1787
5528
1447
6378
4985
3134
4356
1787
2853
5551
3086
2913
2214
4304
1447
2201
2200
3066
1455
1787
5551
4399
2214
4424
2001
4693
6378
4419
2212
811
4331
865
2212
5522
4400
6378
5551
4349
2853
870
4985
5495
2001
4400
6375
4985
3498
5522
3087
5522
4351
2853
5495
4354
5551
4399
1808
4356
4353
4331
3129
5551
5522
2214
3129
811
2913
1455
3066
2198
5259
824
2200
865
5495
1790
2200
1787
4354
2001
4424
2214
4984
2913
6378
4984
4352
2202
6378
5522
2201
3102
4424
4400
3086
810
4375
811
2913
1787
4354
1455
5570
5257
4354
2202
5567
870
1451
4400
2185
4332
4984
1447
4354
1206
809
933
1808
3129
1787
810
933
4351
5257
4691
5522
5570
4356
4693
5567
4400
5567
865
2171
1790
5567
5259
5259
4984
5567
3499
2853
810
2198
3066
4354
3066
4373
4352
2202
809
5567
4353
5567
5567
6378
5570
1451
4400
933
4424
1800
1804
4984
2201
3102
2853
5567
2202
824
4691
5567
1808
2201
2202
933
4354
2201
4693
2198
2913
4691
5567
870
2853
3066
870
933
4984
2201
1804
3499
4356
5259
4331
2202
824
4984
5610
4924
2198
4352
1451
4352
5669
2202
2198
4355
4354
4373
1787
5669
3066
2202
4693
1787
4924
4356
1806
1805
4351
5610
5669
824
809
6375
1787
4331
2198
2016
5567
2202
2910
870
1800
5610
5259
5263
4691
824
4355
2098
5609
5263
809
2913
2098
3498
933
4355
5669
5669
4352
4691
1805
2913
810
5261
5669
4693
870
1800
1802
2098
2202
4331
5569
3499
5569
5669
3066
5669
4691
5705
1787
1807
1806
1806
3066
6378
2202
6375
3102
4924
1802
2856
5705
5268
4352
2112
1790
5263
867
2098
823
1787
2202
6504
2098
2853
4356
867
5669
1802
4691
5266
5263
6378
1804
823
2098
809
6378
809
809
3102
4331
5669
5669
2112
1804
823
5669
5705
5568
4924
3076
5705
4355
867
3066
5257
5705
5262
2098
3066
5259
5263
823
2112
2112
3101
5705
869
5705
2112
2016
4355
5705
5260
5390
2854
1800
2110
1790
2112
5269
2913
5264
2112
3066
5390
5267
3499
869
2910
2112
6377
6378
6378
809
5263
2111
4331
5390
4331
817
6504
4351
2113
5261
3066
2112
868
2099
5390
5705
1790
809
5266
1790
2098
3499
868
5705
5261
5705
1790
5390
5264
2231
5705
2112
3102
2854
3102
4331
5390
5261
5262
2099
5262
1803
3066
5390
5265
2854
5390
4318
4331
2910
1804
2854
6378
2913
5390
938
2111
3161
3154
2236
2111
3102
3499
6504
4165
5386
5390
5267
5265
6379
3499
6378
2112
1804
5390
4373
5390
1787
3076
817
2110
5386
5390
5261
2854
2111
5705
3102
5264
3102
2099
868
2111
1802
2110
2910
1787
938
3499
2111
5390
938
5390
1801
5386
1801
5260
5386
1925
868
5264
5386
3076
5260
5261
2111
5390
5266
869
6499
1258
1790
5262
2913
2910
2913
5386
2110
5390
2110
2110
3499
5390
6378
2111
3076
6571
2111
2111
3499
5388
1790
1797
5386
2111
6378
1925
3102
2913
5265
5262
5260
6504
1798
6504
1799
5386
3499
5386
5388
6499
5388
1795
4318
2111
1925
2910
6567
5386
6499
3499
6571
5386
3499
3499
3115
6504
1792
1801
2854
5265
5390
2111
3102
2910
6567
5390
2913
5260
1801
1804
5388
4739
5388
5262
6571
3499
3161
5388
5386
2913
3499
2111
5260
1804
5388
6504
2917
6573
1795
6499
2111
1799
6375
3076
6375
1795
5388
5386
1925
1798
5414
5392
1925
5265
6573
6375
3076
1801
1794
2111
1925
6573
3115
5388
2103
1258
6378
6504
6571
5388
2913
6379
5414
3101
2111
2913
1923
1931
4318
2111
5386
2111
6499
6573
3499
6574
4174
5388
2910
6574
1797
1925
3154
6571
4291
6567
1796
5392
5414
1798
1928
1927
1801
6571
6573
5388
2913
6571
2917
5392
5388
1925
1798
6573
5388
6379
5414
4741
6573
3156
3101
6378
6499
2918
5414
3154
5414
2913
1931
1791
1258
5414
6574
1925
3115
5414
5414
1798
3101
4739
6379
6573
5163
3499
6384
3158
6379
5414
1928
1925
2917
1925
1925
5414
1258
6375
3499
6571
4829
5392
6336
1931
4165
5414
1801
4739
6387
5163
1793
1791
6499
3158
6573
1928
2910
6571
5392
6573
3115
1925
5414
3115
6567
1794
2913
1927
5414
6574
1930
4741
6379
1925
5408
1927
5414
6489
3115
3101
6384
6573
1930
1927
2243
6379
3155
1808
1796
4174
2910
6384
4741
1798
3154
5026
1928
6379
5163
6386
6375
5408
5408
6384
1799
5414
1931
6375
3507
5414
6386
2920
6386
2243
3115
5163
5414
6573
4090
6384
1258
1931
1930
3507
2916
1928
1930
2917
2913
6489
2919
1258
2920
5163
1931
1928
3507
1796
1930
4741
5026
5163
832
4165
5414
1930
5019
6384
5019
6384
4180
6499
2910
2243
5408
3115
5260
2243
2913
1931
4333
6573
1930
5019
5414
5414
2912
5163
3115
5408
4738
1799
3158
3115
3155
5016
4425
2913
6290
4333
2918
6386
3115
5019
2243
4741
2910
1930
2243
5029
5260
4122
845
2916
3155
1931
1931
5021
6384
3158
5408
1935
6384
831
3158
1799
5163
4165
4174
3115
1934
1934
3155
2243
5029
5019
5029
5029
2243
3158
1933
2910
6333
5408
5016
6336
5019
2913
6489
845
1930
847
4805
5410
3507
5019
2910
4426
2243
5016
2243
4425
2243
3114
5163
4090
1934
5016
3115
6573
4922
4426
847
1933
4922
5019
4166
1930
3158
4895
5016
4738
1930
5016
4165
832
5019
5163
3158
4174
5016
3115
677
5016
5016
5016
2912
3115
5019
2243
2919
847
4088
2910
687
5163
3114
5017
1930
3122
5163
4180
2243
2910
4430
4426
3155
5016
939
4425
1930
5017
4895
5017
1933
4180
677
5017
3114
3158
846
1930
5017
1930
4741
1933
3115
5019
4425
3122
5017
1933
2910
4804
4119
1930
3507
847
1934
2912
4157
4087
4738
5016
3155
4425
1934
4425
6379
5051
5068
4119
5016
4087
3122
5051
5068
1959
801
4426
4425
5029
801
2912
1930
5029
4804
3155
5017
4805
5051
5017
1930
4425
4738
4751
1959
5068
5162
5016
5041
1930
5225
1930
1589
1954
5051
4430
2910
5019
4173
4738
1589
1933
5162
5163
4090
3018
1934
5068
4425
4741
801
5016
939
3122
4166
3158
1934
5225
1589
4425
632
4751
3018
1930
939
846
1930
4087
4963
6294
4805
3122
4425
1933
2910
1954
6294
4159
1933
5017
4425
2910
4425
5068
2911
5162
5162
5162
4751
721
6294
5017
633
5225
6290
4159
5162
4738
5017
1559
4958
693
632
1554
2911
1933
1930
5041
687
6290
6294
4958
5162
1555
3108
5029
1559
1555
4430
5225
3122
721
4963
3113
2912
802
1934
3122
6294
5016
5162
5016
3124
631
5162
1934
6294
5067
3107
5016
6294
5051
3122
5162
4749
5016
1934
2910
4087
4738
5225
800
6294
4158
4958
5162
6294
1933
5162
5162
5017
5155
5017
3155
1727
4958
721
5162
5041
3018
3122
3155
1954
1934
5042
4956
1959
4158
631
1559
4748
5162
1554
1555
5042
634
1554
5198
5076
1950
656
5162
5067
5042
5162
4963
5016
5051
3113
1933
1579
6294
1934
722
5042
3113
1950
4749
5042
5017
3122
6294
1588
1933
1579
2911
5017
5162
5198
706
5042
887
5017
5042
4090
1934
5042
722
3124
799
1324
802
1589
5042
3018
4958
631
800
4104
4173
4959
3124
3108
657
706
1933
4956
4738
4963
4956
1933
5162
887
5041
1553
4748
4173
1933
4087
4158
1579
1324
3018
1579
5225
5041
5071
1933
3122
4090
6312
1589
5071
5042
1561
4963
3124
1727
3018
5225
5042
4177
1561
5042
5017
1556
5042
3113
5042
5162
891
1965
1692
4749
3018
5042
5162
4959
1589
3122
1579
4158
3124
5051
1959
4160
4963
3113
1933
5042
657
4680
4177
1933
1493
1551
6291
5051
4748
1554
5051
4959
3113
1579
1588
1588
5042
656
4087
4959
1493
4160
4090
1606
3018
657
3108
1692
5198
4956
4955
4959
1561
5080
1933
5044
799
5044
3107
4894
3018
4749
4748
5044
1587
4158
2847
1692
5162
3099
3018
1555
5376
5051
722
5042
1588
5071
5076
5044
1589
3113
1599
1692
5044
1601
4173
3113
1324
4090
4104
1950
5044
5162
4959
5044
1781
1692
656
4959
2847
1490
1570
1959
3122
3099
5225
5042
4103
844
4957
5225
4173
1489
4680
4956
1589
5044
5044
1562
2833
4957
2847
4157
3018
1606
1598
5042
5044
5046
1587
5042
4087
1598
798
2831
5162
1781
5042
4748
1781
5042
6293
4680
5042
1489
4104
6312
5076
1490
3018
1573
2831
5165
1743
5165
5042
6292
6292
1588
4679
1589
844
3018
5044
1579
5165
4240
3124
6476
6293
5086
1743
5079
1692
5042
4157
1727
2930
1601
5044
4894
4090
5079
5042
4894
5213
1606
5198
2830
5213
1561
1266
4090
4157
5071
1579
3110
2831
5044
1561
1267
5213
1781
2831
2831
5044
5162
1554
6476
5042
2846
4173
1491
1743
1491
6476
5042
6292
5042
3124
5213
2847
3113
3100
1743
1555
4160
5165
2910
5164
6877
5042
1267
1487
4954
4894
1487
4898
5133
1579
1561
1579
6293
2910
5044
1602
4680
1601
5213
5080
4680
5133
4105
5225
2846
5042
5077
844
3142
5044
5213
4157
2847
1555
5165
6476
5122
5042
1743
1602
1490
1604
4679
1573
6312
6877
5079
5165
5044
1604
5042
5213
2829
1553
6476
5133
6312
1604
5044
1743
1916
4679
4677
4898
5046
2846
1606
1743
1578
5042
3100
6293
5135
6293
6293
1555
5165
1248
6877
5042
6476
5042
5376
1491
5122
2847
618
5221
2847
1731
1489
2847
4105
2847
5079
621
1579
5119
1601
6476
4157
4826
3110
3100
1579
3117
622
6476
5133
1916
2846
1572
6476
5046
4899
5122
1604
2841
2910
1487
1331
5042
6877
6312
5133
3100
5108
5108
6476
4956
5042
5165
1490
621
6476
3117
1692
6476
927
1582
4898
5213
5119
5221
1915
1606
5044
1572
1556
5042
4677
5122
5044
1573
1696
1731
5042
1599
1574
2846
3142
1601
5108
5225
1573
4809
1916
5045
5119
5042
3100
926
4410
4677
5085
622
5106
5042
5044
6312
5219
5042
5077
5046
4899
621
1615
4101
5164
6478
5165
6478
4240
4898
4682
6877
1601
2829
5219
6476
1572
617
4105
6476
6876
1329
5119
5164
1604
1615
5042
1696
1488
6876
5221
2841
1723
6476
5122
4410
5106
1614
3100
2846
5046
1601
6476
5133
3100
2829
4677
3142
5106
6476
4679
1692
1615
6476
5376
3117
5044
1614
5376
6312
5044
5086
6478
1602
4410
927
1579
5218
4682
1614
6476
5046
5046
5119
5108
1916
5164
1604
5106
4682
3100
1614
2846
1601
1488
6476
5042
1604
4240
5107
5046
5141
5148
622
5221
4677
614
4683
5044
4682
4679
5140
1580
1556
5225
6876
2841
1580
1604
1271
4408
1487
6312
1652
2846
3100
5140
4812
1580
5045
5084
1625
5122
1652
622
1491
5106
4682
3100
5140
725
1750
5148
1652
5142
926
3117
5376
2841
1578
1916
6476
1614
5204
5135
6329
5045
6476
1750
5140
6476
4682
5107
1580
4807
5165
1580
6476
6476
4380
1677
2874
922
5045
5219
1602
4410
5122
5106
5044
5140
5194
1678
4105
6312
1916
5044
5204
5107
2840
1643
1573
1602
1604
5204
5218
1424
4683
5044
4677
1678
738
621
5044
4679
738
1327
5165
617
1678
1696
738
5376
1604
4682
5141
5204
5218
5225
5044
4241
5044
618
1615
1604
1750
3015
4812
5204
6327
4861
1914
6329
5119
4250
5186
622
738
5204
5165
6329
1580
4681
5204
3481
4811
5218
5143
1625
5165
5140
2841
4811
1574
1677
1580
5143
4683
4410
5164
5107
4409
1580
6311
1602
1735
618
1735
1643
1604
926
738
4682
1424
6329
4812
622
4250
5119
5140
4679
5044
1562
4683
5204
5044
1573
4241
1604
1915
6329
5121
5165
1735
1652
647
1643
5044
6458
621
6476
1604
621
4241
1914
1735
1653
1652
4716
738
5119
738
4716
1329
1615
4811
927
5221
6476
1643
2848
618
5145
5133
927
1678
738
6329
2841
1753
5164
1581
6329
5177
922
5207
6329
2846
1286
5165
6476
5182
4683
4250
5120
1916
4679
1735
1604
617
5204
3510
1735
2846
4720
738
5165
5121
6327
4812
5182
1604
1581
5146
5218
4240
4684
4240
5218
4812
4240
5165
4861
5165
1578
1675
5190
645
3027
4684
1654
4859
4684
1329
2846
647
1735
1604
1675
1581
1675
1286
1607
1735
4240
5165
926
5144
1643
5204
1607
1643
1598
1918
5231
6328
4870
4241
1914
5165
5147
1679
1286
4811
5179
4812
5120
5186
1674
4861
4870
618
1604
1664
4720
1604
1604
6328
4812
1652
4715
5231
6328
1652
1329
4411
6328
4241
4811
4240
2840
2953
4240
2849
6328
621
3481
3015
645
4684
2846
6328
1286
926
4684
1615
1679
1578
4858
1678
648
5121
4870
4240
4869
1664
2953
4870
4868
617
1573
5121
5119
6328
1328
5147
645
5121
4116
1676
1348
4241
4737
4716
2846
5164
1614
4240
1735
5182
4115
1653
622
1717
5109
1676
5109
2840
1715
1917
6413
1286
5149
5178
1348
4810
4241
3481
1643
3510
1348
1598
1613
6328
6328
622
4240
1569
4858
4720
5231
6328
647
645
6412
1918
4241
1717
5231
5112
1607
4240
618
1717
1676
4791
4892
6328
4871
4241
1405
1914
4811
1566
926
622
4811
5144
4715
1676
3505
4856
6328
6328
1677
1286
1678
5121
4720
5147
1538
6413
5123
1676
1598
1717
4861
5112
4737
4116
4229
1918
643
4241
925
1573
1715
1717
4411
4240
1402
4229
4868
926
621
4858
617
4869
621
1914
5146
6412
6328
5147
5109
1735
3505
1538
6328
3015
1642
621
1715
4229
6412
4720
4229
5150
3506
6412
1760
4241
1675
4872
6412
2840
1916
5147
1335
923
1715
4718
923
1760
4856
645
1613
926
1396
4720
6463
4241
4861
1717
4858
923
1677
1396
4862
6412
4250
4240
1918
3481
4241
2840
1615
1760
5177
5109
5178
4864
6412
1915
5227
1916
4115
5177
1538
1729
6413
1402
4240
4279
1405
4229
4241
5186
4717
5186
4720
5184
5189
1717
5227
1717
6413
5227
1573
1729
1653
5177
1735
1677
6413
4229
5147
4737
1715
1715
4277
5227
4240
4821
5147
1566
4872
4240
622
1641
4718
5149
1388
1676
4864
1405
4240
5227
1676
4241
621
4720
4871
1916
2849
1271
622
5227
4229
1652
1679
1729
617
4718
1537
5227
1335
618
4240
5227
1538
1419
926
1396
5235
4240
4811
4241
643
5227
1396
1566
4856
5227
1427
5152
4771
622
1625
4241
6463
1711
1235
1200
1680
1680
4864
1388
1287
1717
1334
5152
4871
3505
620
5227
5147
3505
4892
1574
1917
1715
4720
1653
6413
1537
1235
5149
5150
925
1696
926
4241
4796
4250
4240
1680
4229
6463
4241
4720
1915
4117
4863
4229
1200
5186
622
4277
1614
1396
4821
1200
4867
4240
5227
4118
5227
5150
1405
630
4737
4720
1915
4240
1574
5227
1915
4720
1200
4240
3501
4863
1642
4241
1396
1916
4865
5150
6463
5150
1708
4863
4742
4862
4240
4893
5149
1574
4242
1396
1405
3505
1676
5227
926
627
3501
5227
926
4269
4893
1391
2849
1538
1286
4250
4854
4855
4229
4883
926
742
1200
5227
1710
6463
4241
1271
4893
4241
4866
1396
4737
5227
4796
4866
1200
1399
1269
4883
1287
1270
1676
4720
1269
1328
5366
5149
4277
4240
5149
4243
2956
5227
5149
5227
627
1200
1388
4853
765
4863
1200
4893
5341
1538
4241
1715
5227
5149
4241
1405
6463
4791
659
925
4888
4241
6463
629
4853
675
627
6463
1652
1708
4240
4250
4766
5321
1538
4240
1200
2840
4282
3501
629
4720
1710
1574
5149
4229
4241
1715
5330
630
4893
4250
5227
6459
1335
5227
4811
1269
4240
1405
5227
1427
1574
4884
4850
4274
1652
4737
4241
675
4883
628
4744
5149
1574
1652
5227
1664
762
4243
1676
1653
5227
4737
1545
1679
926
627
3505
6359
4853
629
4737
1402
4241
4240
1286
1545
4893
6460
789
4278
628
1335
1676
926
2907
765
1652
4850
1652
5227
1402
4796
1388
4765
4907
4796
5227
1271
4266
675
5227
1391
627
1393
4720
4720
1655
1287
1652
628
1427
5321
1545
4266
6465
1391
4893
1299
5309
4243
5330
4766
3505
4850
1402
789
4241
1546
4795
1427
4795
1436
4720
4850
4118
4766
5227
4796
4241
605
762
5227
4742
4737
4907
4241
3501
5321
5228
4770
4850
4274
1402
4885
5227
2957
1335
675
789
1402
1405
675
1391
4720
6361
1642
622
1328
683
6460
3505
4238
4883
4886
4765
1652
675
6361
4241
4766
2847
4250
4893
4866
1417
1427
4267
1770
1642
1430
1708
628
1709
1708
3478
4866
4850
1683
1709
6361
4796
1680
2821
4266
4266
675
758
4879
1402
4796
5228
1288
4755
5366
5330
1417
605
4737
5288
4852
5307
5330
4276
1643
789
4767
4766
1809
4766
1436
605
4278
4273
4737
1336
4893
4852
1403
4796
790
4276
1336
4906
5310
4792
5288
4720
1680
6360
1214
2998
1405
5011
4241
675
6281
5330
1338
1416
1643
1871
925
1642
4764
6363
3479
4241
6359
4240
1676
4755
4795
1436
5228
675
5013
5289
4206
4767
4767
606
1402
4267
4755
4267
4852
4205
4769
4208
3505
2937
4206
5365
4795
4824
4206
5331
2998
605
1311
1289
1720
4205
1680
5227
1762
1683
4238
5310
1402
4975
4852
5008
1341
6415
1511
4241
4720
675
4795
6435
4737
5008
1393
6363
1403
4851
4205
4736
6405
5329
1312
758
2847
605
5340
1416
4756
5321
5011
5228
5339
1341
4795
1643
3478
1403
1407
6459
2963
4756
1835
4769
4241
1872
4975
4756
1391
675
1405
5338
1871
1711
5228
4757
4262
4879
683
1872
5366
4980
6283
4980
4795
1404
4767
1683
4719
1291
1393
6359
773
1315
5008
4980
1416
4879
4720
1341
675
4197
5288
4879
1273
758
1338
4250
1871
1897
4795
1312
4882
675
4756
1871
605
1416
5327
2964
1391
4795
1405
6435
1404
4261
2937
1871
1436
1335
1872
5228
4768
6405
1871
6460
1872
1404
630
1871
1871
1404
4238
5011
5287
1871
6467
5013
4265
606
3483
773
1341
1683
4757
4756
4851
606
5354
675
4720
5289
5008
1404
789
4170
4223
4776
5307
4265
1404
4195
1680
4851
4879
675
1404
6463
6358
2951
1393
1539
1328
1315
4198
4880
1683
1405
6283
1683
6405
605
5012
1341
1214
1404
1291
606
2951
6434
4911
5012
4757
772
1720
6434
1897
1681
6451
4169
4975
4879
6452
4720
5008
3483
4261
1312
773
5008
3483
1405
4171
4238
1315
605
5012
5287
1341
4169
6283
1809
6405
6283
6283
5012
1683
1409
1407
4130
5008
6451
4223
1872
2937
4238
1298
1506
1405
4169
6437
6461
675
1809
1298
4130
4824
1504
1404
4980
1341
4171
1335
4261
1840
6283
5009
1392
5328
1539
1867
1683
3483
729
1539
5008
605
6404
1683
2971
2965
2964
1404
4172
6357
1407
6357
1393
5009
4980
773
605
4882
4720
5012
4882
6438
5012
1341
4820
675
5328
4195
6283
2971
1720
1341
4817
1291
4222
675
6456
4130
630
1405
5328
4719
6461
5351
1393
1291
4261
1539
4198
4223
5287
6283
1316
1341
6283
4130
1405
729
6454
675
5328
1316
5010
606
4223
6407
675
4890
1809
1405
1342
4880
4880
606
1392
4776
1377
4238
6283
1291
675
5352
4261
4258
6463
605
1377
1407
5328
1378
3007
3483
1408
1377
675
4261
4238
1377
6357
6454
605
4238
6456
6283
606
1377
4261
1505
4719
605
1316
1342
1341
4164
4880
6357
1377
1377
4833
1809
4880
4820
1380
6441
6407
606
4258
1392
5274
1378
2937
1392
6440
1809
5351
4776
4081
4980
4776
605
1342
1400
1291
4878
1867
4219
4222
1291
5319
1809
1720
2965
6337
4820
1342
6356
5353
5277
1395
2937
715
4820
729
606
5351
6442
1506
1342
3172
606
4889
3472
1298
729
5332
6356
6356
6443
1378
4776
4081
4881
606
1380
4877
4223
4220
4820
4878
1379
4081
1536
590
1378
1292
4164
4820
5287
2971
4874
1395
1377
1392
1506
4874
6356
1342
6356
1291
1291
1292
4776
4773
3472
1292
4834
1445
1341
4729
1342
4219
3483
2823
1298
4773
1214
591
1379
714
4820
5318
3483
1847
1715
4773
1900
1900
4979
1900
1809
4978
591
4876
1378
2941
586
1214
3007
4187
5353
1378
2972
1300
4831
1378
4874
1446
4220
5318
1900
6444
1900
6444
1445
2942
4820
1543
5350
4918
4817
4081
1389
4877
701
5349
4778
2896
1400
4093
6355
1809
1900
1395
1900
1536
5274
6445
4874
4778
701
897
3472
700
5350
5277
1300
4187
728
4778
1669
1342
4820
2823
4978
4221
1395
4874
4833
1715
1395
589
1394
4874
2896
1507
4187
2972
1809
4778
2967
5333
1394
4092
4918
5290
5274
586
5223
6448
4220
897
4917
1214
4820
6337
1400
2878
5304
2939
4093
2997
1536
3472
1298
5346
4188
1389
1542
728
6345
1536
3068
586
4080
4080
592
4819
4913
592
1543
6334
2898
2944
897
610
1446
4912
2997
4917
5305
5287
2896
4818
2991
1300
1809
4187
701
4918
589
4774
4779
1442
1445
4778
6345
5316
5276
5290
2969
3472
1300
4918
1536
4700
2899
4819
4913
4917
4982
589
4188
1389
1439
4220
1300
2946
2988
6448
711
4917
1754
5346
1394
1389
4819
3068
2896
4915
1536
592
1441
4220
2940
1310
6337
4982
2966
589
4079
1890
4080
4819
4873
2879
4916
1441
4092
4983
1389
5360
1890
5345
1300
2947
4079
4819
4915
2981
2989
5349
2896
4189
4726
1440
610
589
4914
2878
1217
592
592
896
4729
1536
2967
4079
4919
5276
5347
1441
6503
6345
610
610
4726
1300
4873
592
1440
5276
5314
1439
4189
3063
2878
1394
896
4819
2949
1319
5358
4077
1825
592
4700
5275
1440
5315
1825
4983
711
4919
4079
5275
1300
2950
4079
1441
4914
3006
5295
4079
4189
1883
4916
2948
4873
6342
1440
1536
4981
896
4916
1883
6346
610
1441
6337
1299
4079
4983
3170
1440
5270
3004
1299
4981
592
5358
2885
5344
2895
4077
610
592
4700
4189
4077
4728
1536
4782
4123
5336
1299
1218
1883
5361
1856
6351
607
6342
1440
5270
4916
5275
610
1825
4919
5322
2989
5312
4123
2895
5306
3062
6347
1855
702
5336
2970
4077
5359
3063
6352
610
5270
592
1852
709
4727
5337
6497
4078
5293
1855
4077
3006
610
4783
6346
592
1306
5293
2885
6346
4077
5276
1850
4783
710
1298
2892
5275
5270
5313
6342
5336
5322
6350
1883
1310
702
1299
5361
732
1215
4123
4077
610
1883
712
1883
1853
4123
6468
4077
4077
1883
592
610
610
5294
1852
1298
5336
610
5361
1850
2970
5292
2895
5356
732
1857
1852
6349
1298
4786
702
3062
1828
1310
4078
4078
4782
2895
4901
4124
5293
6342
6341
712
1305
5285
6498
6468
711
1306
1298
4078
702
5357
1299
610
1298
6353
6347
4077
1853
4126
1858
4078
4124
585
4783
5294
1829
5294
4728
1298
1298
3169
6341
5357
1852
1310
1310
1852
4126
4078
585
1298
703
4078
1852
2876
4077
610
4190
6498
1852
6349
6347
5275
2895
1825
4077
1298
735
4781
1298
1858
4784
5334
4190
4078
4077
703
1298
5286
5281
585
4781
610
610
1891
2895
732
4781
6468
610
610
610
1298
6339
4078
4073
4078
6498
4124
3062
1298
6471
1298
4078
1307
4073
707
4126
6347
731
4786
4124
4191
4190
4124
6348
733
4078
5007
5291
712
784
5356
1853
610
4780
4073
6498
609
1826
4073
4780
6341
5334
4780
5334
6349
585
1850
571
1309
4125
1298
708
703
5283
610
610
1307
610
609
6348
4784
4078
1853
4073
610
4078
610
4078
4780
712
610
4126
585
1886
1216
2895
4191
2895
607
4780
586
2895
2891
4787
4808
610
1307
4780
1853
4078
5334
4236
607
1885
609
2891
609
712
4780
609
4074
610
735
4073
4073
6339
1888
4125
5007
6469
4125
5343
607
5335
5323
5282
6339
5311
5324
6469
4060
1853
609
5335
4076
6470
586
610
586
734
4076
4780
4780
2895
1886
608
1850
6470
5007
610
4797
609
6340
784
4808
5334
608
1888
4780
4780
609
1309
609
4722
4270
712
2895
4801
1813
1888
1887
1850
2886
1308
5323
712
1826
4074
609
4300
5324
5323
587
2891
5335
5355
609
712
1304
607
4270
609
4801
4076
586
6339
609
6469
5324
607
4076
608
1887
784
571
4074
4076
1821
4801
607
2891
1302
4237
1321
1814
2891
4076
1243
5278
1244
2891
5325
1304
4272
734
4200
4076
607
4722
4704
217
608
5326
2891
4787
5324
5280
4097
608
1813
4076
4076
607
3013
5272
4096
2891
4724
1221
6433
1834
3727
782
4300
4723
743
712
1815
4075
452
1850
1850
4722
2887
821
608
587
607
2891
5325
5279
5273
4788
4725
3727
4075
1821
607
452
608
4723
4200
4272
4097
4798
1238
4723
749
4097
4725
608
1243
1850
3727
2891
4096
821
1850
782
608
4310
783
4075
5271
3471
587
812
3471
4075
4271
2890
1246
783
217
452
6432
4801
1850
821
4798
819
4097
819
4271
4798
5273
4301
1220
1303
2891
2888
1811
4199
4271
743
5273
4075
747
782
4310
4199
818
2890
743
2890
783
2890
1280
1245
3727
821
4303
1820
4095
1816
3797
2889
4721
813
3935
2890
1811
4199
3935
2890
783
6432
4098
5273
441
4308
3840
2889
2881
3797
745
441
4233
4232
2880
3935
4095
821
1313
813
828
4231
4303
4306
3727
4310
4232
2974
4309
744
4233
4098
804
2880
1818
805
1314
286
744
1314
4302
4316
815
452
4295
3797
4314
4295
1812
4306
1810
4232
4232
828
4306
3840
829
1810
4292
1280
4294
220
744
442
152
2974
804
1314
745
310
4295
826
4306
4292
3945
814
4310
2973
4794
4315
1314
3665
310
4306
1313
807
1313
805
3818
3797
4313
4793
453
3797
830
453
3840
4314
807
4794
3809
826
3819
4793
4314
220
427
223
286
4793
220
219
220
807
3819
454
4310
3809
4314
3945
3922
3809
830
286
453
3809
3817
830
426
3840
3819
3797
3721
208
4793
286
3818
209
3817
426
257
3817
426
310
153
257
220
286
3819
212
4793
3817
3922
3819
3818
220
3817
153
297
3920
213
3721
3663
3165
212
3655
3817
286
3726
3721
209
3567
3567
3920
3655
3165
257
3655
3654
3654
3165
3721
3817
425
3662
3818
257
3809
3655
213
3652
213
3662
3817
3770
3652
3721
3654
3654
461
208
3165
3662
13
3655
3657
3654
208
3817
13
3652
3770
3654
299
213
258
3796
213
3654
3662
258
3654
3165
258
3662
3920
3818
268
3654
3770
146
213
3654
53
3700
306
3654
3654
3662
3662
3654
258
3654
3662
3654
3796
3718
3650
3662
173
3951
302
258
3662
258
301
3918
237
3528
3650
13
301
3816
13
3567
19
301
301
3651
237
173
3662
302
3662
268
382
3651
3845
3650
41
3662
3650
3651
304
306
3650
238
3662
302
3897
3662
3657
3650
3662
3651
203
301
3650
268
301
3897
13
302
237
228
10
3845
203
3897
3652
3652
13
3918
3918
3527
3528
3650
3897
383
3650
302
3650
305
3652
3650
3650
3918
464
246
3897
263
3910
238
384
206
3661
343
3528
3918
3897
382
3667
206
3751
3650
409
3918
226
205
264
3632
3650
351
3739
3527
3650
2792
305
3650
3650
409
383
423
3897
3661
3662
3657
9
3752
3528
3667
246
205
305
201
3527
3528
10
3526
3667
186
3526
263
3897
3527
3897
3752
407
3739
3667
186
3526
204
3528
384
423
3667
3897
404
3918
383
464
201
3918
406
3667
187
246
423
9
119
3749
11
423
3667
3903
360
130
3661
3526
10
3525
3632
6270
3698
204
185
201
3898
3749
227
221
411
113
3526
3903
9
3898
3667
3525
188
527
3525
3632
9
2799
3667
3698
393
12
3898
188
446
12
113
3525
2800
405
407
111
3891
3775
3903
361
4015
158
3898
188
11
3525
362
12
3526
12
3903
3525
12
221
533
400
3525
3775
256
3898
3903
3780
394
3898
11
185
12
3898
524
3526
3692
3525
3525
3632
3526
11
3903
3887
3525
361
3768
533
188
3898
6260
111
3903
112
12
11
485
518
3525
361
3898
3525
3890
12
2795
3526
12
256
3775
3525
393
188
3525
221
3525
3779
3525
485
11
3903
11
398
520
12
3779
3897
3886
158
3525
359
3776
247
3778
3768
3526
400
3768
188
518
11
11
3898
3898
3166
533
339
446
394
3775
3898
398
3898
3525
3768
519
359
256
339
398
3778
3778
3779
158
395
3768
3166
157
6246
157
256
247
3778
3778
530
518
3774
359
528
6268
3778
518
3903
359
3777
393
3890
359
3768
3779
395
513
3886
3768
397
11
359
3778
518
3898
3903
394
3632
359
157
3901
530
393
396
400
3768
1777
3768
397
394
3778
3973
526
3886
11
3903
359
3905
3898
448
3898
235
3778
518
525
1777
3898
157
6243
3778
395
247
359
396
3890
3898
3903
3774
1777
3898
3779
3903
400
3768
3779
353
191
157
3779
157
3898
502
3898
256
3624
3778
247
3898
3768
396
3618
448
3692
156
3901
3898
3890
359
3903
3618
339
157
3898
378
389
379
3901
448
3487
109
3898
192
3747
379
3901
396
3890
3777
1765
3903
157
3778
378
3712
3901
3778
3898
157
3901
157
396
3903
3774
3778
389
400
191
3898
3901
3745
3758
379
400
156
157
156
3973
3758
390
157
400
192
3909
192
3898
6272
3898
157
379
247
3524
157
396
396
157
379
3864
3890
477
389
3692
1765
3901
193
156
3624
3778
387
3758
3898
192
3898
157
1766
3901
5
157
380
401
3898
192
396
378
3521
399
3901
157
3909
399
380
3745
3901
3901
200
396
3524
379
3617
447
5
3890
3747
3617
3901
156
182
6
193
3889
3692
192
193
368
157
396
3898
3902
378
3901
189
182
3669
3522
200
156
5234
389
3692
3908
3890
396
193
3898
3747
3669
399
3522
3758
3901
3901
399
3522
3889
3754
3863
3524
3692
387
193
3895
189
396
396
3745
3901
199
182
3902
387
3895
3523
399
387
3901
3901
3885
371
3889
189
193
3901
193
156
380
3517
369
193
3669
1767
233
192
3863
381
193
156
3882
388
380
3898
193
3759
193
387
3901
5
3746
369
199
378
193
447
3701
387
3745
1767
3901
3691
376
1767
3712
376
3889
388
3523
447
189
193
3901
387
189
3901
3669
3746
3522
182
3669
3889
182
3
399
399
156
193
3902
399
7
3693
3901
156
3786
3901
3889
3693
7
179
369
3759
3517
378
3702
3901
3786
388
193
376
3882
375
1767
3880
3
3668
387
3691
199
3889
7
3882
1767
3669
2
261
3901
1767
1767
388
401
447
181
7
3516
1767
388
179
378
3702
3691
388
3516
375
3901
3901
3670
388
8
447
3520
3705
194
3901
1767
3889
179
233
3706
194
336
388
3691
376
182
375
388
236
274
3668
3889
3668
3889
274
181
261
3889
3710
388
391
3883
376
261
2
3516
3515
274
179
3520
3746
3902
179
274
181
179
3520
375
182
197
3773
3516
3705
194
388
261
3707
3786
194
388
447
8
3515
181
274
391
3902
197
179
3691
194
274
3889
181
3783
3513
181
401
391
179
8
260
3
181
3773
3691
197
183
8
3709
197
3889
261
3894
3647
4
3901
3773
179
3708
3707
3513
391
3514
3520
179
274
391
3514
179
137
195
179
197
3708
401
3772
3894
8
274
3693
3695
3707
179
3513
179
198
3682
8
181
134
1
3783
3691
3783
3647
391
274
3695
4
137
181
195
392
3695
3894
183
180
274
3514
3673
3649
1
3513
3679
181
179
183
3894
3672
3894
3694
197
3695
3772
270
137
180
137
180
198
3772
4
161
3894
180
180
3648
274
3673
3695
3682
260
4
392
183
197
391
3695
3894
167
3679
1
180
134
3648
137
183
168
274
391
3673
180
1
136
167
168
3695
180
3672
274
3648
137
392
3645
270
3767
3679
180
162
3681
180
3695
180
136
3782
3646
271
270
253
184
134
3696
259
3782
168
162
3674
180
3894
184
180
3771
3695
135
253
3164
135
160
253
3671
180
134
184
3782
169
160
135
3696
3696
170
253
135
3645
3681
3785
170
169
3696
180
3767
3767
3771
3764
3767
3680
271
3645
3681
133
271
3671
253
3674
271
160
259
3164
3782
3674
3681
3766
135
3696
3767
252
3782
135
3696
3677
169
271
3164
3680
3677
3764
169
184
271
3645
3785
133
184
271
165
159
252
271
3784
259
169
165
3680
170
3678
170
169
184
3164
3671
3684
159
253
3680
3784
3678
170
164
3764
271
3681
445
3676
3681
3785
259
184
271
3761
159
3761
445
273
272
3785
166
169
3677
164
3683
3676
3678
3676
273
273
249
172
3684
166
445
170
3678
272
3784
3683
3684
3683
272
272
3676
272
166
3785
3761
3678
249
171
164
172
3784
169
172
3676
3684
3785
445
3761
169
3683
3676
273
3684
3683
272
414
3676
273
3784
171
3675
3676
172
164
3678
172
273
3683
3683
3689
3689
248
272
3684
3761
414
3675
171
3683
273
172
414
3683
172
413
3675
171
171
172
172
3684
413
3675
248
172
273
3683
272
248
177
178
177
250
3683
171
177
3675
3689
3675
3760
3689
3760
3690
3690
3690
248
413
3763
273
3690
171
3690
3760
415
177
178
171
250
3763
171
3760
3760
250
171
250
3760
171
413
415
415
171
171
251
3689
178
3762
250
3690
178
415
412
415
3762
250
251
3762
178
178
412
3762
412
3762
3762
415
250
251
3762
178
250
178
415
251
178
250
250
250
250
250
178
3370
3404
3406
1138
1227
872
872
1139
1227
1362
1499
872
872
1362
1227
1362
1362
