36766
57810
42853
32666
51244
51244
47727
54610
42369
50265
50265
30779
53234
33168
23005
43321
22394
22394
57130
57130
9262
31475
39789
57537
58293
42191
30711
44650
56468
4339
58712
58712
4660
58293
4660
40408
31572
39325
49716
49760
14522
39744
42191
16785
20059
49433
49433
49433
27006
46556
10724
10724
10724
26606
10724
46952
10724
26606
40306
27006
27006
18800
40306
27006
49433
49433
51135
49433
26882
49433
49433
49433
49433
49433
27006
45976
206
206
45976
49433
26347
49433
49433
19134
26347
19134
49433
40306
19134
40306
49433
27006
27006
27006
24624
26347
19134
16785
19134
51876
40306
27006
34242
55529
6866
58555
6866
58555
53599
6866
59156
41844
41844
42369
54288
55448
41844
55448
46939
46939
42440
10022
53599
48974
48974
53599
59106
48790
59106
59106
59106
59106
58346
50008
51084
53548
51141
52512
52512
43321
43321
58706
36291
58706
7386
28599
36800
19631
22835
45835
28388
3121
22895
17239
26107
18335
19236
53330
56334
50376
29278
55043
21531
24460
52597
45928
52285
50713
8683
58771
32157
8241
39384
18811
33715
43575
47200
35084
52058
44891
6919
25618
30198
59135
15737
25909
25966
16088
4966
58555
4966
55447
46497
49204
59908
49961
40056
52967
19515
39065
30570
28816
6194
23595
25585
27644
38141
36819
21886
10707
13610
58010
51576
34487
14542
20081
26460
3121
17543
51542
31052
11703
55571
797
7417
4016
17415
35831
59106
42440
59106
59106
1555
56203
36011
52903
33168
57265
57130
59223
41844
59156
41844
46477
14522
48279
52346
36285
54401
25757
44078
33534
43165
5534
12635
58081
9819
2003
11506
5383
57795
53234
58528
54288
31343
55476
46153
37086
47323
30059
55536
58768
1724
49942
29545
49433
26347
49433
206
45976
206
27006
44070
36291
5974
28388
56468
54782
54782
40408
49433
206
45976
45976
206
48710
27564
34719
34719
13934
797
9643
41264
23064
48501
4149
50456
46223
47002
17806
57909
44463
56765
20059
40408
20059
20059
56468
40408
54530
54782
22767
54782
54782
40408
40408
54530
54782
32034
54090
56929
58532
50862
9343
57544
35457
56714
49433
43624
54288
59713
57265
25407
9348
55844
51246
51246
21043
44216
10658
28998
6866
52789
10658
12150
27263
4515
41331
57765
41844
46578
23015
6795
6795
42253
6795
36620
13373
48800
15095
29581
29832
30830
30830
47764
41634
8349
58910
57823
8349
45221
44327
34342
42253
4987
42289
44439
32919
48892
20882
20622
7117
42921
40628
52350
43751
34953
27409
35535
17487
46808
35417
35417
35417
35417
55056
34342
46694
31477
57328
55457
40602
40679
27808
19749
50664
50664
50664
50664
50664
29254
57900
2309
26174
9919
40932
13006
58026
50664
57909
27006
49433
20059
56765
58026
59106
42440
29232
33088
29232
54570
22895
45976
45976
50283
44169
9899
59532
37465
1743
33875
14542
22895
3583
41844
41844
48790
20104
27006
27006
38968
45512
44463
44294
40476
40476
56254
56254
40476
40476
40476
30830
33875
1743
53624
8477
8477
3642
31185
53624
54434
54434
25249
25249
3690
3690
25249
25249
18862
18862
18862
52874
52874
52874
43309
56745
31185
25249
44014
31185
56254
56254
37465
37465
37465
37465
37465
37465
37465
37465
37465
37465
3690
37465
27130
37465
37465
27130
44578
13081
43309
22235
22235
22235
44014
13379
13081
49211
39797
39797
18862
39797
43309
43309
39797
39797
39797
36060
49651
49651
39797
37465
49651
1743
56004
36060
36060
36060
18862
18862
18862
18862
18862
36060
36060
25249
25249
25249
36060
36060
36060
36060
31185
40476
31185
31185
31185
31185
31185
56254
54570
54570
20286
43595
36060
31185
31185
56254
56254
36060
56254
1743
37465
37465
21340
10445
23160
21340
43987
52588
53544
53797
48384
32335
44718
10732
38166
10137
54688
6345
50076
20326
33690
3190
6173
18745
27973
28960
37581
41561
19117
22116
24003
6395
8244
59533
56166
54243
46499
30901
28395
12265
20808
9235
1900
52883
11086
35242
35242
20603
32873
41301
34333
4702
52393
9735
506
49081
24870
19832
38515
11
29769
7178
9007
27944
11331
45073
44873
472
26542
11123
50076
53155
14618
34602
5438
7410
59533
23621
43917
43917
59853
42023
45279
51609
4182
25642
53466
18678
41630
55673
50314
28738
2693
51697
15525
41301
9540
43326
22603
4539
8689
7752
42199
24419
6345
7281
48520
44007
56379
59375
44824
18366
26885
55848
59600
50979
55462
45840
58842
50625
45772
35389
10127
23948
23657
37836
19782
46081
19053
25222
24782
42909
12491
47557
2214
24338
30558
51666
52657
52657
47365
6823
16306
23019
32891
33526
44764
18489
45275
22312
43307
56748
38402
39963
3840
37387
38579
27276
49608
48989
36088
10569
57097
30536
43278
43278
30536
44311
54126
51874
49486
15333
20979
18472
1278
46673
6604
48517
34747
13565
1943
54445
35516
25195
55012
15278
11101
25393
54623
51185
54260
30364
59840
41926
34516
21606
7025
5661
20814
4503
55608
22471
21800
27607
56979
15152
33270
2702
55504
20532
28415
12556
21653
6933
53966
35384
35384
58438
37181
10428
9480
18374
56341
24435
38679
10852
55773
33818
56097
37408
28264
13221
52233
48506
15371
26016
59651
877
877
23160
12833
59020
33986
2008
53781
50407
29180
47176
15898
41233
33167
27571
50676
42264
34801
42264
55946
40871
16031
10635
18176
10635
51450
10428
43583
52963
52963
34838
57561
49394
15275
21409
30079
36743
39261
43326
45261
26415
14560
45261
17015
57073
57073
17015
24397
17061
10241
5621
5012
33398
10612
10417
34609
5832
23280
1867
46213
46213
50275
50275
34801
24953
42264
34801
48512
36804
27138
30310
30310
42907
40795
52495
23576
9216
40079
17837
15213
44631
17837
20516
9824
12471
32496
38353
3523
5405
4502
12694
2068
7383
53567
8316
53567
35534
41253
41253
5526
55472
25799
27705
41087
44484
27705
16899
16899
51695
15248
39876
51786
35114
13592
26340
48664
48664
58214
59019
43268
832
42612
30901
6345
58089
4323
41042
4082
14314
2917
29189
6131
6826
59938
9719
1598
42455
49238
50520
50332
11697
13244
15402
20516
59216
18067
43210
32284
41720
2712
4230
49577
32941
12820
52939
219
18391
33863
19936
39845
54503
18294
21984
5244
35828
385
22310
30186
32561
7142
1962
15780
43728
5397
42607
1930
18871
54542
15930
38488
26589
33935
20228
27270
41849
21979
23239
27718
20378
17899
47995
15766
20536
54422
42469
50165
19914
59251
37141
40575
21130
52663
25586
4847
53355
30089
33198
33217
32568
47498
32229
4147
34845
17928
39412
28037
50789
55176
20049
38883
34165
9878
40055
53081
10167
5021
44573
31588
51826
43493
25557
11647
24806
34957
4450
55104
8331
14340
26742
33257
18710
5143
42068
43596
6130
2533
43825
7017
56572
17939
45834
21025
37043
14900
45224
21339
54984
28905
48249
34591
8321
20237
12791
45596
56414
17005
447
16065
13473
29963
28201
28561
9505
18471
16130
9303
544
19285
54048
13366
31703
33717
2604
36582
16258
19421
3820
29732
56369
33940
34748
2308
11707
30439
24826
3562
53928
42462
15764
30463
15569
12235
35375
24074
55621
24074
32743
45593
31602
2537
453
24477
8940
18233
453
15704
24598
20220
18676
45901
45901
46213
11993
36955
37556
400
24279
43369
4467
36324
26476
16556
27445
29341
14721
27238
24696
27084
36218
46706
5228
11117
14513
3137
46213
45901
46213
46213
17166
46273
1962
30062
11303
34233
17586
29041
10752
6673
48672
5273
17939
3100
27431
28322
36141
10652
22369
23962
14758
50626
5029
20203
34113
43894
54479
13523
46761
31734
26194
37170
27642
31470
36909
45432
29745
54197
17015
56230
42409
12469
47236
59298
39881
12188
11088
33700
52359
54184
49052
48561
42933
43708
7472
7472
7472
39391
38519
38519
18049
47846
3971
18001
14239
33491
33491
6400
21443
38882
45736
20588
8101
24735
6899
603
47332
17716
26399
43372
43372
13811
47181
47181
13596
15596
57392
59375
23996
17857
37268
9752
6613
44029
6031
7397
5012
56676
59484
48967
52026
18550
37549
53556
6083
29965
18472
39391
32532
28474
45901
59298
49144
877
8211
38618
18350
9827
50131
43619
13667
28555
6269
8516
36154
16255
3215
38196
49841
31066
36382
47256
50625
49144
55483
33746
16668
26692
48341
23334
21340
40364
40364
34158
35242
26016
8862
13995
12627
46344
38862
43933
40364
54570
22728
17767
32873
50084
53875
34285
41087
27209
27434
56454
55646
35325
59189
17475
35325
3059
33056
51599
51599
42839
38276
1777
19762
17759
28046
30179
31239
53263
7281
49084
7281
16239
18676
7472
30473
4905
32072
31373
48664
38519
38344
5473
36462
16333
41274
18776
718
36992
7519
11701
36218
36218
12299
12235
17478
13995
51411
26087
38474
55504
14528
31364
28337
14239
33491
14239
50608
12760
39790
51411
51411
51411
52190
52190
20603
19836
36863
55442
52728
18363
11925
5710
1275
268
21627
7984
46954
23027
39511
18285
19407
38665
14714
12556
6569
43185
18368
35320
30458
43792
29904
46110
34184
29904
12223
56166
49144
20164
44834
56428
3711
55761
9764
2972
37749
14780
18834
35158
20095
20095
25768
51910
27769
43320
40325
32236
21877
5984
59662
44158
46213
50275
48664
23343
45310
2180
40214
38206
8985
139
8985
15236
57233
216
39848
698
55430
1468
4235
9303
38936
51928
25209
26030
55775
21843
17694
11831
52559
12378
59598
19176
39372
39372
27036
44108
16048
27302
27947
42523
54456
37796
55683
52972
28699
28111
51599
46213
32703
14775
1446
59315
58786
57342
3442
16020
14498
2510
6033
49090
7667
12157
28265
42531
5473
53981
54049
29404
18845
444
9607
16765
1313
43980
5233
617
18864
30756
58755
48115
16685
24074
7472
7472
53797
30730
41986
54140
45700
30311
31398
40709
50780
53838
41533
12300
30822
30822
4552
17303
30822
17303
30822
30822
17303
11282
30822
30822
11282
17303
39997
39997
17303
12390
38627
38023
12390
49284
39997
39997
49284
49284
43043
43043
49284
43043
34042
17303
39997
39997
17303
7531
30822
30822
7531
7531
30822
7531
11282
30822
30822
11282
49284
39997
39997
49284
49284
39997
17303
39139
39997
4552
49284
39139
39139
49284
5024
5024
49284
34042
34042
49284
10441
31997
31997
10441
27237
46886
22474
44198
44198
22474
12390
34042
34042
12390
19481
12390
12390
19481
44167
22474
22474
44167
28219
28219
528
528
7902
44466
44466
20872
19481
38023
44198
38650
44643
39241
3144
14924
14924
3144
3144
39241
24573
22474
13655
44643
44198
38650
38650
38650
46886
44643
38627
19751
528
38134
38134
17267
38134
38134
38953
38953
38953
528
7902
38953
45129
29686
20872
29686
22474
44198
17303
30822
30822
17303
30822
11282
39997
17303
11282
10441
31997
22474
24481
24481
38023
23781
17902
12390
40677
31241
24481
40677
7902
44466
47128
47128
20872
53351
24481
47128
53351
45129
17267
47128
47128
17267
17303
39139
19481
12390
13655
17303
30822
49284
39997
49284
56364
38935
56364
38134
44167
13655
14239
38865
24481
22474
11282
49284
47717
17902
46236
31241
56364
42313
18188
7531
39241
27237
50199
59820
59820
21508
54524
45378
39806
1701
25393
29332
16481
40974
51061
46507
28301
44833
45261
56254
49651
56254
56254
56254
42827
28326
50945
29581
1039
1258
19686
39260
49848
34439
1258
52864
10550
57553
40089
6207
43023
26579
58993
58993
30611
19753
49176
14424
10121
42441
23094
33841
40842
57073
57073
43447
47175
58065
15699
43732
11828
21063
59309
45718
57266
8657
21902
39414
38902
40568
42649
21299
23998
38705
26204
23574
36538
29214
14117
46210
53870
10858
32653
37820
40542
4990
44333
21027
6216
32584
28961
6019
31399
24328
28677
5327
17085
28961
42269
12960
27821
7564
21720
59553
27487
19755
9366
26039
26039
6141
28004
28004
51572
19582
8689
6017
21044
23733
27626
50651
36486
24010
12130
43973
42383
4770
40321
42418
12491
6679
55871
17558
17558
44322
21767
9242
25814
10305
49010
16203
36639
50157
16670
23438
20073
36455
59193
14949
38706
44643
14419
43373
13136
27224
45976
45976
58026
45976
44198
44643
34042
5024
49284
43043
43043
43043
34042
8464
7861
7861
23630
51547
7861
51547
49236
51547
52464
49236
30097
52464
28822
28822
30097
30097
8080
30097
11034
31828
25552
11034
11034
25552
31828
11034
31828
11771
11771
11282
25552
25552
11771
11771
11282
11771
11771
25552
11771
28822
30097
23630
7861
49236
23630
11771
11771
11771
25552
11771
42779
51547
11771
28822
11771
11771
28822
11282
11771
11771
31828
11282
59756
43664
18109
34669
55667
51895
51895
27668
43664
18109
59681
47954
47954
57821
57821
47954
59756
52774
29824
19765
52646
25069
57489
34472
48692
48692
37180
37180
59681
59681
59681
59681
47946
24911
57038
57038
55502
55502
10673
10673
31781
27668
3675
51895
48778
57127
52508
17508
17508
52508
37502
48778
42111
34147
31442
47946
43785
52508
15733
43785
50254
50254
30679
30679
57821
52774
34472
29824
39409
56969
59461
59461
52646
52646
29535
16723
16723
48793
8332
8332
47914
978
54489
51702
34147
57038
13763
43785
51895
27668
37839
10673
10673
37922
59756
57489
2911
31046
38716
23792
51702
978
978
47914
39661
8918
37502
48778
8332
30974
30520
24911
24911
50509
49860
18879
10673
42111
42111
8332
8332
50934
44005
930
930
51547
8332
51547
8332
50934
53223
8332
59629
59629
8918
51895
57821
30679
48481
31442
23780
32762
17508
18028
29906
18533
26273
27352
49951
26273
16723
8036
32762
57821
44107
39409
48153
48153
37922
37922
36698
32762
35881
38716
17508
52508
51547
930
19765
50254
25069
8036
8036
8036
33413
43991
52508
15733
43991
33556
26655
26655
27620
39164
36156
17508
46830
46830
15733
36896
20025
36896
38314
3130
35486
20025
32762
32762
27352
25069
8128
10673
55502
55502
10673
8128
8128
33413
33413
8036
38314
31591
3130
3130
47946
23820
42726
29535
50140
42726
23820
57038
57038
15733
43785
3207
8332
5598
8332
18879
49692
37180
50140
29535
20567
20567
13763
13763
43785
13763
34669
42619
27668
49860
18109
27668
29229
10673
10673
8332
51895
57239
57239
53223
21038
8918
36918
57767
36896
31591
9730
52464
8080
31828
57239
8036
8036
59629
59629
59629
59629
59629
59629
30974
31591
23780
35232
26655
26655
44107
45584
27352
32762
50140
37931
59681
59681
38573
42619
42619
29535
20009
23818
26655
48153
39770
8036
54489
53223
43785
20009
20567
31476
31442
57767
8080
59629
59629
42619
3130
43746
8036
8036
43746
20567
47303
20567
20567
31476
20567
20567
20567
16184
16184
20519
35713
16184
16184
35713
35713
35713
16184
35713
35713
35713
20519
16184
35713
35713
35713
35713
20567
16184
35713
35713
16184
35713
35713
16184
35713
20567
20567
35713
35713
35713
35713
35713
35713
35713
35713
20009
31476
20567
16184
20567
16184
35713
20519
35713
35713
35713
35713
35713
35713
35713
35713
15855
15855
15855
15855
15855
15855
15855
15855
15855
15855
15855
36551
36551
15855
36839
42619
15855
15855
15855
15855
15855
15855
42619
42619
36551
15855
15855
15855
15855
15855
15855
15855
15855
15855
15855
15855
15855
15855
15855
15855
15855
15855
15855
15855
15855
15855
15855
15855
15855
15855
15855
15855
15855
15855
15855
15855
15855
15855
15855
15855
36551
36551
36551
36551
36551
15855
36551
36551
36551
33909
36551
36551
36551
36551
15855
15855
36551
36551
33909
36551
36551
36551
36551
36551
15855
15855
36551
36551
36551
36551
36551
33909
36551
36551
36551
33909
15855
15855
15855
36551
15855
15855
36551
36551
36551
36551
36551
36551
33909
36551
36551
36551
39984
28733
28733
31029
5964
39147
39984
5964
41920
39147
28733
22686
22686
28733
39147
31172
53067
28733
28733
53067
8036
8036
43746
57062
43746
22686
57062
28733
34256
57062
57062
39147
26823
26823
39984
31172
39147
41920
26823
26823
26823
22686
43746
26823
26823
31029
26823
26823
26823
26823
26823
26823
26823
12602
26823
12602
26823
17488
43434
43434
43434
43434
43434
43434
43434
43434
43434
43434
43434
43434
43434
43434
43434
43434
17488
43434
43434
43434
43434
43434
43434
43434
43434
26823
26823
43434
43434
43434
43434
43434
43434
43434
43434
43434
43434
26823
26823
12602
43434
12602
17488
43434
43434
43434
43434
43434
43434
43434
43434
43434
43434
8036
28228
55184
55184
28228
28228
28228
28228
28228
28228
28228
55184
55469
55469
55184
3130
33413
33413
3130
28228
28228
55184
55184
55184
55184
3130
55469
33413
3130
55469
55184
33413
33413
55184
55184
55184
55184
55184
28228
3035
3035
28228
28228
55184
28228
3035
3035
3035
33413
41437
41437
28228
3035
3035
3035
41437
41437
45964
41437
41437
41437
3035
3035
41437
45964
44023
44023
44023
44023
44023
44023
44023
44023
44023
44023
44023
44023
44023
44023
45964
45964
44023
44023
44023
44023
44023
44023
44023
44023
45964
41437
44023
44023
44023
44023
44023
44023
45964
44023
44023
44023
41437
3035
41437
45964
41437
41437
45964
45964
44023
44023
44023
44023
44023
44023
44023
44023
3130
56122
56122
56122
56122
56122
56122
56122
56122
56122
56122
56122
56122
56122
56122
56122
56122
56122
56122
56122
56122
56122
56122
56122
56122
56122
56122
56122
56122
56122
56122
56122
56122
56122
56122
56122
56122
56122
56122
56122
56122
56122
56122
56122
56122
56122
56122
56122
56122
56122
56122
56122
56122
56122
56122
56122
56122
56122
56122
56122
56122
56122
56122
56122
56122
56122
56122
56122
56122
56122
56122
56122
56122
54489
54489
978
47914
2911
47914
978
3130
31046
6866
6866
41844
55448
46939
42440
48974
59450
59106
48790
59106
48974
59106
41844
41844
6866
42440
41844
41844
48790
59450
42440
48974
59450
48974
48790
59450
48974
59450
48790
48790
41844
41844
50979
28986
58555
41844
41844
6866
41844
30528
10982
35049
17777
33830
46342
29503
39819
16957
48912
48612
36002
17161
36364
43362
26079
42366
35300
16362
15962
59066
38904
10582
42862
17723
17462
58436
51623
52984
17636
58370
6311
53558
44162
44462
54576
26707
53774
56695
3449
11496
16771
59170
23390
49501
30112
49675
56120
54989
33907
57858
256
29804
40165
49284
8464
42706
57830
41702
23170
48894
15836
38902
50425
38373
46084
17979
3828
31861
28047
24196
35296
10012
20495
40485
27950
7672
2038
24582
3036
24679
24679
29674
58037
17085
19995
24171
31191
26341
29749
4492
48193
3628
15210
48972
1039
43583
52834
26151
29022
26041
46407
40435
46407
1899
45559
1899
5984
59662
48193
27138
56803
43259
23389
25199
43356
20883
58110
48742
49904
258
19899
18853
14787
6514
19761
9506
22604
15571
8216
5320
53194
43699
52731
30458
13852
57781
38579
56724
10025
26522
1441
47973
49382
7401
37062
3765
26481
18594
57358
47120
47057
37464
50887
47191
52788
17703
8690
57110
22872
23876
7116
52788
5893
18791
11425
54621
54621
35158
6819
34120
39317
58471
59840
20077
56727
5616
29849
47213
42382
17983
17142
23708
18162
9987
4517
55410
32771
47213
31386
20369
33939
24317
40611
44198
45813
20886
20307
57720
36643
45829
5018
48972
51775
59511
40603
25247
29879
41351
35283
35283
29797
53857
41348
24678
57372
59715
26930
56179
24713
57372
35411
18680
47270
50592
42858
56894
34242
45976
45976
47002
57544
54460
34242
56765
56765
45976
45976
20286
53836
38834
41431
53434
57680
56134
928
53640
46780
57680
20286
45976
45976
58026
45410
47970
56347
51974
40767
29740
52641
55300
30825
36774
42264
42264
27542
45629
15418
42264
24953
42264
48500
22341
24953
24953
22553
24953
24953
27707
28296
33862
41325
52335
14912
24953
24953
24953
58693
53952
27450
27450
6421
16346
7648
3585
57542
22341
27542
43372
43372
18665
5068
58306
27138
58306
55856
34143
7472
18676
37189
21793
17186
46213
40270
4508
12535
46213
27542
27542
27542
27542
43372
43153
40270
51599
51599
37026
51599
42409
42409
42409
32053
2990
46407
46407
34842
18373
48421
18610
9997
9997
46407
34242
43862
56790
20643
56203
45976
44463
58284
57457
7472
48975
7472
53293
40177
5940
39128
39128
1165
23373
1165
1165
32093
32093
1165
35494
1165
26958
20851
7445
44048
47216
46583
39128
7769
39176
39128
23373
49016
46500
45760
48201
59389
5973
50309
59389
35494
43867
22373
6135
17706
32823
32823
32823
32823
39645
39645
39645
39645
58443
58443
58443
58443
46728
46728
46728
46728
12822
12822
12822
12822
58443
3869
47379
39645
47379
55739
55739
47379
58443
47379
58443
39645
3869
3869
58443
58443
58443
58443
58443
58443
58443
58443
3869
58443
21110
34804
32823
32823
32823
32823
34804
32823
46475
32823
46475
32823
1690
8334
12822
12822
12822
12822
4028
23370
40877
12822
44008
12822
40183
46728
46728
40183
20236
20236
20236
20236
20236
46728
40183
46728
19696
34804
39645
4752
39645
34804
4752
58443
58443
3757
32823
58443
3757
16863
32823
32823
27537
23370
12822
20236
20236
12822
46728
46728
58321
44793
46728
58321
39128
46583
46583
19446
44048
38700
31083
1502
55162
40606
36916
41660
58547
23211
4465
25200
15828
4163
25705
13324
13324
43090
44237
5548
40384
22236
58659
14861
26538
13510
1307
43090
51736
40829
1030
20245
23301
1410
37706
19898
48584
26532
15781
31426
35514
86
563
48088
20730
5833
8172
6342
22986
26711
31592
13750
18765
16372
5196
13919
36833
51523
16462
9871
1498
19
22460
9871
1498
57893
9871
31109
35754
48431
8752
26996
35754
27801
24999
49483
15810
43029
21834
28421
11374
44731
38466
38896
11374
43061
13119
1614
35625
5196
13919
18765
38409
35754
43451
57214
47992
40931
37924
23317
35630
1369
17576
17576
17576
35630
34343
26020
23317
52428
44232
26061
58547
41660
38896
46200
34858
28923
5513
52504
34852
34852
37924
16811
16811
32182
12892
4992
1147
4992
34343
41050
34343
55568
51789
51789
51789
51789
51789
1621
51789
2611
2611
51789
51789
51789
40227
7756
11452
39401
41388
27794
8508
54209
17161
32227
857
40698
43153
42490
30268
5714
1743
1743
1743
37465
37465
49651
1743
56254
56254
1743
42746
33182
31348
2986
45976
36403
36403
54916
25799
18940
32305
58643
49100
29879
17475
48624
43205
40511
37496
58114
51788
40233
11321
53859
22563
32636
32636
43654
55965
313
46810
40268
53390
47832
55527
38170
33406
21058
21578
3776
28933
16338
16338
28629
47832
46914
34685
26552
28629
1946
48716
46914
28629
21754
21754
56929
58532
57922
37061
37061
33406
5436
38931
56065
56065
59492
58299
58299
48611
48611
33613
44635
26587
20984
33613
34741
58026
57252
45410
54460
58026
38931
38931
38931
59492
59492
59492
3708
59492
59492
38931
58026
45976
45976
36977
45976
59492
59492
59492
49195
27752
58658
47953
3708
47953
47953
3708
59492
58026
58026
58026
58026
49195
58658
37061
58658
47953
57252
3708
50537
38806
55013
45050
55013
41028
55013
55013
16519
59332
40061
40061
32377
33294
33294
41028
57377
31116
31116
3484
45050
41028
59965
45050
50801
50801
3484
3484
50801
50801
43114
52097
10104
59146
31947
59059
20691
13778
14161
28743
52401
25974
46810
52157
43204
33621
26658
29238
26747
46613
29028
8009
46810
56550
47772
30809
50065
57587
50555
57763
37651
37480
46214
45639
58864
35373
58435
30452
41488
48232
43055
59934
6777
21082
22614
37238
40827
34495
59879
35361
6547
27619
47389
48760
41473
5543
51845
23640
51458
55013
47637
47770
55497
43671
19577
43671
40929
20414
24229
52320
20602
18325
19934
15561
37798
16224
8134
25149
16382
7107
9032
15312
23440
27129
53616
57146
59832
53127
38697
47626
24197
20088
57939
11467
7162
28933
45925
50801
50801
3484
40428
27266
38128
38616
53390
38170
38170
3131
33326
56621
40061
58299
54523
37352
11763
59176
49843
53332
50589
51528
35997
38423
18074
24542
10643
16667
33346
50616
41750
38370
53390
53390
58425
38370
15276
39293
53753
35493
50194
47804
6915
53301
31257
56765
56765
49195
36977
36977
45976
45976
38175
28488
43513
23440
46914
48716
48716
56538
59492
58026
55697
45976
55697
55627
25709
44035
6276
53397
14757
1129
13469
11467
52989
33483
57544
41353
56538
48716
56765
48716
48716
48716
48716
46914
46914
34685
50862
34685
48716
48716
48716
48716
34685
34685
45933
57544
55681
59492
49551
51687
28731
51059
12704
28731
59965
48177
28855
37661
37661
23232
34647
51458
55013
25394
37661
51059
25394
51687
40061
33326
19353
9166
57869
57869
28606
33978
56381
47981
50633
10108
49653
53070
58198
23248
43835
28744
28744
38998
51252
55555
10970
34179
42675
26122
23728
51479
40114
46294
43104
48427
38638
57929
51858
29003
45109
34924
57335
50138
44787
22691
1206
57869
48625
52028
54470
57328
45410
36977
56765
56065
58026
56065
56907
49355
15422
45780
46879
41369
56765
56765
56538
58026
48716
56765
56765
56765
51687
3484
34685
34685
5583
58485
45976
45976
30509
53313
8500
8500
20286
1354
43475
59332
59332
3484
55697
58026
41353
48716
7656
7656
8500
7656
43577
20159
58289
47273
26984
47273
48751
51841
48751
48751
34161
34161
401
43550
25093
43550
52140
45852
31614
25093
29064
29064
29064
30273
3514
10091
35058
3514
43550
2555
57973
2555
12098
12098
12098
12098
12098
12098
8721
38022
12098
38022
12098
37862
37862
38022
38022
38022
12098
43573
19168
43899
10986
10986
1206
1206
54805
39516
37845
41787
3514
1592
36501
8779
5722
1206
1206
50141
15768
38022
15768
38022
1592
38022
38022
38022
15768
15768
15768
15768
36501
36501
36501
15768
29064
15768
15768
43550
25515
25515
25515
25515
15768
25515
42175
58289
43087
43087
43087
43087
6099
7656
41219
41219
40656
57146
25515
6099
25515
7656
6099
6099
15768
12098
12098
12098
52600
54574
50673
35259
40665
36655
40665
19099
26521
26521
43679
42778
42778
19376
28640
52608
33513
18296
12154
32589
12154
25298
28003
3534
43676
43003
45640
41400
50413
30336
30109
48390
19699
30109
367
53007
19472
19472
28908
37942
47021
59768
2433
54277
44637
48868
51129
53173
53255
14684
29182
55725
21079
57353
4638
42656
18144
56105
14946
18257
37082
13721
367
53007
54917
6806
59768
23508
26701
54193
58983
58983
17273
53735
52168
16775
40141
30109
41197
14817
27308
41197
881
17853
28977
38961
33094
15843
52765
21938
35798
21469
24164
45686
51255
51255
22745
32399
40075
40075
15253
7365
9357
41030
19900
19900
9739
52576
32973
42778
47867
42699
43141
38975
41734
34016
56255
30058
59374
56105
53926
16890
29464
48700
28493
1329
25857
44268
52183
36921
51780
14168
50430
31593
25152
18561
25657
49224
39944
23714
39745
46642
37312
37312
59762
54996
42147
42147
4085
4858
36783
30140
32310
38891
28380
59137
21227
14376
14812
50206
37246
36514
36514
36514
36514
10829
28129
50818
54715
27968
759
40680
19902
18766
52630
52787
31428
34831
52796
55160
18253
55831
19615
54964
21701
46048
30444
1157
24296
45267
56177
56177
57533
40248
46299
53001
53001
40599
20221
21515
459
29096
20675
12071
2433
19777
46082
46082
24923
24923
41172
22028
49061
28340
58966
53011
15554
57178
51002
23176
19593
57495
50206
26875
7709
43954
55324
33136
10814
50752
19158
36037
55324
37617
14812
51490
33065
44282
54314
55324
15201
10182
58043
47141
28973
265
14875
38492
38985
38708
32495
59153
3549
9411
2461
20269
51811
16663
57178
33135
11033
47891
7079
10944
35610
31293
52982
41055
3373
51255
12845
15928
10773
10773
10773
37396
52242
47451
31566
31566
35145
35149
24633
37868
46899
43327
18274
58956
13371
45994
9685
23940
21928
58116
58116
21928
7990
50071
48564
13907
8645
59442
13443
28879
35179
50570
18340
39831
54095
58889
4858
32301
39922
22661
22661
55999
51919
58589
45362
45362
38731
51585
34072
8746
8746
27255
37319
35145
52242
29512
45161
52973
51255
41040
12845
54732
14604
51112
34285
59881
54466
50192
54112
50170
37547
18953
49022
646
10460
3405
8460
4374
52952
6003
25539
41625
26536
50007
58589
42701
29760
40992
874
5069
25066
23546
17114
14041
10211
10700
36138
3989
38264
12851
58866
43645
18212
48601
11714
5507
7583
15696
31333
24383
11767
24198
27459
10542
21351
16976
29
1922
47174
33832
14694
5903
15446
45043
25501
24383
18812
2647
11767
55819
23760
57507
7182
1424
37321
40327
31756
49362
49362
11742
43175
59669
18173
51128
59669
27093
27093
14981
51128
21286
44885
59939
44036
12768
15732
15732
7177
24764
39765
16886
18297
29862
47121
15446
36270
57507
26458
29528
29991
23444
20812
31867
36523
1028
29862
29862
27470
36827
45043
20581
45043
3140
29528
28610
9571
35059
36641
4259
59831
18526
59584
44325
44822
20332
5299
36641
8484
3596
19300
36684
1924
4305
8850
42263
5500
30802
30802
1933
9597
41136
9562
54402
7220
47575
1317
44332
14627
47347
46957
27290
31505
11635
55345
50652
3892
9606
490
21126
15447
43634
49239
52886
54220
35952
5392
5392
9606
26643
55008
34481
5392
37007
114
37314
14054
48697
15784
52290
49571
31086
47052
9964
23173
11194
15623
7877
49376
2100
23173
17087
53828
40620
15555
36531
31141
4903
5204
5204
26924
3413
42914
26489
13720
26924
26489
8492
8492
53278
30241
4569
24779
3437
38007
27426
36138
10295
28528
13056
16886
23659
19573
114
23282
440
35331
37007
14583
47317
4019
10400
42931
10400
4821
30798
30798
30798
18676
22217
45043
26384
26458
52845
26556
23978
13056
593
24535
19510
37969
59385
54131
4126
37906
15400
36138
7390
30236
30236
50843
23688
52632
32162
15637
37366
18128
57313
58422
6951
55711
28338
17976
59881
42385
15928
45479
37319
31566
42409
49888
42747
32166
28262
50977
16162
50226
27945
42936
59329
18676
18676
7472
42931
12632
21928
18542
47891
7079
9859
9283
9283
9167
19044
8650
15755
53576
7139
30146
30146
7139
44328
51154
34207
48650
16208
33200
58847
40399
53444
56788
57251
57638
3147
5270
59960
20490
118
51215
7950
52463
53130
15888
24075
51914
48197
31300
32429
26607
23145
759
22682
57856
52863
29512
10195
18676
47081
45823
353
36726
7799
43241
21199
37437
36951
20789
12154
12154
32589
32589
12154
2566
33117
12154
40026
59374
56143
56617
44959
22197
53611
36233
54800
30549
41219
20547
50836
15201
43290
50836
20547
6815
30029
23673
5583
54800
9482
35050
52080
58298
54732
34285
20286
17475
17475
17475
53502
45161
15453
22069
18046
16557
48887
24329
15894
41812
41812
53400
2162
59782
46624
650
59850
56415
18676
12168
38547
38547
12168
54528
52872
19576
17666
20650
982
2789
35108
50234
6638
34230
16301
47347
6512
4019
20547
50836
14763
20547
46082
46082
7729
7729
9283
9283
7729
9283
38412
9167
9167
20547
26065
26065
20547
54277
54277
44637
44637
30595
25132
58216
60137
60019
30444
56162
2723
49070
53323
16537
50162
48597
29083
46082
24923
31570
43569
15759
50167
2274
45798
26208
5075
37788
30530
55755
54466
47
28878
23945
33876
12307
25175
44823
56700
18063
8922
59179
19867
43859
53820
2368
20416
22193
57967
40199
21639
17830
26826
12845
32857
10400
21928
40472
54314
8189
17647
36310
12544
59807
37068
9111
35461
51276
32682
8878
4697
39671
20458
21633
45577
16477
40092
13805
27771
21928
58956
35050
9327
29512
27308
41370
41620
48390
41370
41370
48390
59279
40221
34636
50051
42363
36618
49744
33558
14777
37319
18676
10400
42818
48607
8102
286
286
43982
43406
39813
22439
44580
20954
53200
49022
55877
1128
51330
2251
57507
22750
3140
31817
40327
7082
19928
10327
21455
3982
50303
3105
15623
20114
31141
7472
1128
29596
4829
45179
38284
21934
22929
46299
54609
54609
44612
41397
20449
20449
41397
20449
41397
41397
20449
20449
15190
15190
20449
20449
41397
41397
53114
53114
49481
49481
28278
28278
6722
42545
14235
14235
6722
6722
9639
9639
15662
9639
44612
44612
14235
25337
15190
15190
20656
20449
15190
15190
20449
6925
6925
20449
20656
6722
6722
25337
25337
6722
14235
41397
41397
14235
53114
42545
42545
53114
53114
9639
15662
6722
44771
39001
39001
28278
28278
49481
49481
49481
28278
37819
37819
51661
51661
30878
5366
39001
39001
22189
22189
47803
30878
7872
7872
53601
53601
31493
7872
31555
31493
31493
36860
53601
43670
22189
16468
36467
35398
53861
51661
1310
1310
53861
53861
1310
1310
17018
53861
55218
55218
42974
51661
55218
55218
28278
28278
53861
51661
7872
7872
2680
17893
17893
5142
14220
14220
14220
14220
36860
36860
5142
2680
7872
17893
42974
53601
41397
41397
20449
20656
15190
20656
41397
14235
15190
28278
49481
37819
53601
53601
22189
30878
5366
55218
42974
27467
53601
53601
36860
43670
54665
7872
11105
54665
53601
54665
7872
14220
7872
7872
2680
2680
41397
53114
22189
47803
51661
41397
20449
6722
53114
42545
42974
42974
55218
5142
7872
55218
9283
28278
1310
53601
15190
6722
49481
49481
42974
53601
53601
31493
31493
15190
35398
49481
47648
47760
19900
26701
59570
46022
50030
50030
59813
16730
12569
31182
17475
7656
12098
15768
7656
7656
37956
44082
43899
44475
34126
32732
38252
4024
36488
45881
55324
37995
57144
43483
53049
36037
9660
43707
4374
9929
35546
30843
37868
26135
23489
45220
24633
31566
38823
4051
19138
38789
19707
54767
59575
50225
37036
19886
16701
19620
55128
38623
24544
18514
1921
24099
28163
28163
37035
46354
36612
23184
23008
40724
22566
50751
18063
18063
56479
11016
5072
31518
48909
52954
56017
40125
28115
17316
21387
45932
43767
23611
19880
22507
3340
3340
5628
42611
41675
60126
146
10766
28520
21942
21942
13534
29195
6360
5680
57560
45615
60019
45115
18806
23417
1972
36645
26548
26548
45267
9470
21396
27868
16639
15471
4823
43855
1981
12836
4884
8060
604
25256
26548
39976
1009
1009
43073
49223
5278
53845
17424
56177
20861
20861
51833
45976
45976
58026
58026
42974
51661
39001
46648
39001
9639
9639
9639
39001
8652
8652
12003
12003
47501
47501
12003
47501
12003
20696
18288
46144
3755
5950
46144
46144
24504
47632
47632
46144
46144
8652
8652
46144
46144
28440
28440
46144
15190
4892
4892
37708
4892
4892
37708
15190
4892
4892
5950
4892
24504
46144
8652
8652
46144
12003
4892
37165
4892
8652
7857
47501
47501
4892
5950
5950
4892
4892
15190
37165
37165
47632
6925
54823
38808
31948
57422
30164
43025
54723
27155
42652
27124
50440
45178
45178
51822
48095
46160
41155
53993
57723
31044
20795
24161
47179
42238
32944
24140
56749
52219
52014
27124
50440
52014
37416
39993
39993
32592
48282
35749
32106
22268
57135
12519
7890
54723
10884
23289
46528
46528
13268
13268
10884
10884
25629
25629
48540
48540
49831
49831
46528
46528
49172
50628
36264
53764
39709
5387
52519
53993
57167
52980
54299
20795
20795
51781
48261
50826
24059
34756
48548
48548
52125
29730
38107
38107
10884
50378
9152
14942
50962
27155
13663
36889
59514
51554
45937
32944
58480
35069
59229
58480
29730
29730
40741
53666
39635
27578
10884
25629
48548
36335
28827
42235
14116
18712
58838
16774
30826
55321
3864
50736
50736
54316
54316
1023
1023
15245
15245
48548
15332
3864
33186
15332
51873
32204
4819
56026
59144
5387
50306
40323
42367
7945
38966
54699
7518
57279
30090
22914
25377
42728
55048
42608
22855
36264
53698
48001
34671
10248
31044
40127
44118
29783
38053
38053
14942
46528
15245
1023
47179
48114
25341
52036
36167
15154
15154
58069
32018
13268
13268
55623
29183
40148
29595
52093
36159
4372
13268
47055
18390
22364
52727
58480
41419
47194
10770
58480
24032
30090
33323
59229
40572
35036
33077
38743
18142
54974
38135
21266
51810
15154
36167
9881
52271
52271
11389
11389
46176
25651
22994
36953
46176
59635
59635
13268
25009
38546
22343
22343
38546
36953
34112
21807
13984
57853
2099
19139
49831
2099
46528
19139
18846
45328
49738
52011
16774
13749
58766
52363
36260
15332
43613
154
154
52363
54316
25790
22994
41090
52727
22364
54316
47501
47501
47632
154
48947
42502
51873
45422
57613
57613
51873
51873
36335
16044
9881
9881
38087
55991
40148
29376
10893
20320
3126
57323
30048
49809
57723
16853
15129
49648
11214
27809
29595
23909
24059
31087
53288
8595
49831
154
2099
11214
48540
7525
47632
56026
37752
59606
47863
33484
21750
49087
49087
44730
44730
44730
2099
11214
44730
44730
2099
38210
38210
40805
38210
40805
40805
40805
40805
40805
40805
40805
40805
40805
40805
38210
40805
40805
40805
40805
44730
40805
40805
40805
40805
40805
40805
40805
40805
27042
30421
40805
40805
40805
40805
40805
40805
40805
40805
27809
11214
2099
38210
44730
38210
40805
40805
40805
40805
40805
40805
40805
40805
40805
40805
55800
28824
16459
7209
28824
28824
25390
25390
28824
25390
38367
1659
4863
30678
32683
8872
55800
16459
50644
50644
25390
25390
44286
16245
35953
38367
38367
35576
26654
1659
9495
9495
38367
55800
52515
11187
11187
52515
55800
11187
52515
52515
52515
6724
20119
20119
28824
52515
11837
20119
30760
30760
30760
30760
30760
30760
30760
30760
14207
14207
14207
14207
14207
14207
14207
14207
14207
14207
14207
14207
14207
14207
14207
14207
14207
39017
14207
14207
14207
14207
14207
14207
14207
14207
30760
30760
14207
14207
14207
14207
14207
14207
14207
14207
14207
14207
7088
7088
30760
14207
30760
36975
14207
14207
14207
14207
14207
14207
14207
14207
14207
14207
10034
53732
3032
3032
56167
56167
35843
3032
56850
3032
7739
41347
45228
45228
10034
3032
58106
58106
3032
3032
49087
21750
21538
31335
7739
24848
24848
41347
41396
58106
58106
35843
49678
10034
10034
49678
3032
56167
49678
49678
49678
44644
9059
49678
49678
48040
49678
49678
49678
49678
49678
49678
49678
49678
49678
49678
49678
49678
49678
49678
49678
49678
49678
49678
49678
49678
49678
49678
49678
49678
49678
49678
49678
49678
49678
49678
49678
49678
49678
49678
49678
49678
49678
49678
49678
49678
49678
59490
59490
49678
49678
49678
49678
49678
49678
49678
49678
49678
49678
49678
49678
49678
49678
49678
49678
49678
49678
49678
49678
49678
49678
51757
49473
34655
56864
6320
34625
34625
27489
6320
49473
6320
41768
41768
57990
30344
58938
52271
778
15777
49473
6320
22962
22962
41768
56864
28830
28830
778
778
30344
22962
41768
15777
15777
41768
22962
41768
41768
6320
36194
34655
34655
36194
56864
49473
45893
36194
45893
778
45893
29580
57260
36194
45893
45893
8562
8562
8562
8562
29580
29580
29580
45893
8562
4349
4349
4349
4349
4349
4349
4349
4349
4349
4349
4349
4349
4349
4349
4349
4349
8562
4349
4349
4349
4349
4349
4349
4349
4349
8562
8562
4349
4349
4349
4349
4349
4349
4349
4349
4349
4349
29580
45893
29580
4349
29580
8562
4349
4349
4349
4349
4349
4349
4349
4349
4349
4349
58938
42016
29048
10966
29048
29048
59800
29048
29048
1293
1293
20674
20674
20674
20674
50610
20674
49954
50610
27369
40512
11917
40512
40512
7777
49842
47166
40512
7777
11917
11917
7777
7777
48642
7777
40512
27369
49842
40512
7777
49842
40512
11917
49842
47166
49954
20674
40512
48642
7777
11917
7777
7777
40512
7777
7777
48642
1293
59800
50610
30305
20674
27369
11322
49842
11917
40512
47166
7777
7777
7777
11917
11917
38107
32893
40741
49728
44117
49728
41419
50473
42238
41028
41028
33294
33294
3484
3484
41028
3484
3484
50801
50801
3484
3484
33294
56621
55013
3484
33294
59332
3484
41028
41028
41028
3484
3484
3484
41028
3484
41028
3484
3484
33294
33294
54653
43141
41028
34738
34738
41028
41028
18592
20737
13821
13363
51739
40901
4359
47978
58841
35678
37965
37965
25821
41370
47828
53011
23688
40369
46929
871
17430
19472
40728
32563
44999
52975
54466
54466
48390
54732
45729
51931
25936
59698
36854
46067
22282
3604
58175
59090
16825
48594
53926
42758
19182
42788
57547
43484
58422
56793
30336
56285
40767
27721
42545
8652
50226
16162
34025
182
38623
42180
26701
32166
21773
26501
50113
30971
13797
42022
43857
5079
26121
53948
7296
36228
59483
34910
17634
27686
54719
25152
18561
55223
10941
18253
54856
51678
13946
23604
57519
9056
16732
39450
18722
265
8365
5863
126
45662
29814
37809
37809
16768
45662
34066
15928
31858
31890
4610
41645
44032
58879
29169
29169
50250
5409
15615
11991
27254
49874
31518
25347
13480
21255
11891
18482
27421
45357
59762
50775
26276
37833
46824
15428
54147
39435
19039
19039
3742
27491
22055
28194
11991
58409
5409
38831
44815
15200
53454
58879
20466
16701
4818
4818
54719
54719
11616
19324
19324
28414
8681
39978
29938
12168
3200
12168
28131
38547
27059
35566
43937
19324
19213
31055
3452
37073
42465
15942
55889
52286
3833
42910
34873
240
50147
12629
6869
45340
36407
16085
42974
54634
41003
56221
27174
38493
58281
44287
53535
57609
9627
54721
28747
985
51785
54614
27658
27658
15872
8582
47369
38175
8996
45976
45976
57457
55852
45646
50649
52402
18538
59765
49928
26671
15888
33820
7655
7709
23614
1053
32693
18483
15416
27384
28347
39340
25123
34111
26234
5963
4906
36488
15316
3759
15815
39340
19589
19589
12431
17165
52548
6557
119
51334
22259
54552
18260
25621
53498
18347
16208
1185
54852
20213
12389
7390
18676
1128
47586
26671
26671
18676
21928
47586
48233
18676
23614
23614
54409
8243
54124
22069
22069
57109
42409
28521
26135
26135
59049
53483
26135
15928
45662
33811
41918
22446
33811
14885
33811
1912
12954
12954
19328
1912
12954
10457
26394
1912
19834
10457
37768
35753
11479
12954
48791
33811
48791
34139
22948
23592
23592
23592
23592
27113
12954
23592
23397
8998
21708
23592
45283
45283
45283
45283
8239
8239
8239
8239
7455
7455
7455
7455
28920
52416
52416
52416
6289
6289
6289
6289
47324
37020
8239
45283
7455
7455
45283
3901
7455
47324
47324
37020
47324
7455
7455
3901
7455
47324
47324
7455
7455
47324
3901
7455
35948
45283
45283
3240
45283
45283
27234
45283
27234
45283
35948
45283
52586
25124
25124
52586
6289
31380
6289
6289
25124
6289
6289
4949
2908
42277
28271
52416
55988
22194
55988
52416
28271
52430
52416
22194
20625
27234
8239
10987
37020
35948
9213
45283
7455
45283
39210
7455
39210
52586
45283
45283
4949
20625
6289
55988
28271
6289
22194
52416
41535
4780
55988
35594
37768
11479
37768
48278
10217
3718
3718
36123
58964
42476
31156
31156
31156
20409
14272
30542
30542
36090
11813
53063
38172
30349
36090
42070
55390
54487
21983
20836
26068
41410
49371
36090
26068
22194
47190
22194
25997
24366
26068
30694
31322
35594
57785
17275
27126
31037
22545
22292
784
43841
41626
7828
39007
25367
2791
54668
1084
39206
26072
1839
24977
6159
54155
30954
20435
51214
2029
2029
30954
29942
6104
18935
56294
233
233
51247
42054
26919
31037
53035
17226
21914
17226
45059
22083
52087
20105
53035
22083
50791
21095
23819
1717
22139
26072
39206
58573
46044
22935
28662
10303
18059
23192
34318
28079
28079
6104
20435
20435
28079
42653
28679
34318
21464
35504
58964
31156
31156
495
10069
10069
17524
18059
16773
25234
29461
10130
10130
22891
5480
47375
44842
5240
34318
42653
48344
48344
34318
28079
28079
28079
28079
28079
42653
42653
28079
28079
28079
28079
28079
8169
24
35337
24
30534
19766
54466
3960
48603
48390
18306
8500
49067
12098
12098
12098
12098
12098
12098
7656
8500
