12030
11913
11913
12090
11871
11787
11904
11898
11616
11563
11648
11616
11357
11325
11324
11357
11330
11301
11339
11356
11365
11406
11406
11365
11279
11279
11330
11330
11318
11318
11318
11318
11304
11318
11304
11304
11365
11349
11349
11338
11301
11301
11279
11251
11304
11238
11241
11241
11241
11251
11251
11251
11203
11188
11203
11165
11188
11188
11165
11181
11181
11155
11155
11200
11200
11238
11200
11238
11238
11238
11238
11200
11200
11200
11200
11207
11207
11207
11207
11238
11238
11238
11238
11238
11238
11238
11200
11200
11238
11200
11200
11200
11207
11200
11200
11238
11188
11251
11188
11188
11200
11200
11155
11155
11698
11675
11675
11675
11675
11675
11616
11644
11644
11616
11599
11454
11599
11599
11599
11504
11504
11504
11698
11595
11593
11593
11569
11569
11569
11502
11502
11569
12147
12083
12176
12076
11947
11252
11247
11295
11253
11198
11153
11198
11198
11268
11410
11375
11273
11359
11029
10908
10971
11117
11345
11791
11722
11719
12244
12210
12089
12188
12357
12278
12220
12323
12178
12199
12290
12266
12437
12349
11286
11322
11216
11286
12473
12448
12063
12201
12116
11937
12186
12302
11485
11368
11427
11547
11789
11789
11789
11771
11808
11868
12041
12077
12100
12094
11956
11760
11412
11322
11355
11368
11366
11390
11195
11159
11159
11232
11183
11214
11211
11232
11003
10854
10873
10873
11021
11072
11439
11524
11106
11307
11317
11366
11400
11356
11569
11569
11569
11445
11917
11749
11827
11984
11378
11374
11326
11326
11644
11644
11644
11251
11252
11529
11722
12372
12259
12479
12466
12333
12257
12295
12342
11615
11232
11248
12173
12070
11969
11480
11454
11454
11420
11480
11451
11447
11434
12195
12288
12402
12429
12114
12431
11241
11279
11241
11207
11207
11181
11207
11126
11126
10950
11042
11304
11304
11276
11304
11238
11241
11241
11207
11207
11162
11107
11040
11191
11322
11332
11308
11294
11350
11340
11308
11116
11116
11089
11042
11276
11276
11276
11276
11276
11276
11276
11318
11304
11319
11318
11318
11276
11276
11276
11276
11319
11318
11349
11338
11338
11338
11338
11048
10950
12078
11928
11238
11704
11424
11398
11398
11461
11398
11595
11626
11626
11502
11453
11406
11445
11675
11675
11406
11445
11445
11445
11461
11644
11454
11524
11412
11497
11497
11460
11497
11778
11778
11902
11902
11902
11879
11912
11912
11979
12028
11912
11804
11829
11952
11977
11559
11559
11460
12276
12346
11802
12015
11694
11702
12131
12179
11708
11646
11635
11756
11624
11524
11906
11590
11889
11623
11597
11497
11497
11608
11565
11365
11483
11394
11622
12450
12355
12425
12470
11181
11155
11241
11276
11241
11241
11595
11386
11308
11146
11183
11183
11276
11276
11276
11241
11276
11276
11276
11276
11504
11504
11276
11276
11276
10825
10808
11241
11207
12237
11491
11859
11658
11724
11724
11736
10909
10900
11146
11644
11599
11595
12134
11207
11207
11294
11101
11276
11391
11765
11765
11736
11765
11801
11801
11765
11912
11801
11736
11765
11765
11765
11902
11765
11765
11765
11765
11765
11765
11618
11623
11671
11683
11671
11683
11671
11577
11671
11577
11577
11577
11765
11765
11778
11765
11724
11724
11724
11650
11680
11680
11650
11650
11650
11650
11680
11650
11623
11650
11650
11650
11650
11658
11577
11577
11577
11577
11497
11497
11683
11683
11497
11577
11623
11623
11671
11623
11623
11623
11623
11671
11623
11650
11650
11650
11623
11650
11650
11650
11671
11671
11650
11650
11671
11671
11671
11671
11671
11671
11765
11765
11765
11765
11765
11765
11765
11765
11765
11765
11765
11765
11765
11765
11765
11765
10652
10799
10749
10749
11765
11765
11765
11747
11765
11765
11765
11724
11650
11680
10589
10605
10593
10589
10534
10307
10380
10490
10251
10230
9807
10000
9799
9807
8855
8899
8686
8686
9884
9772
10045
10045
10786
10786
10675
10662
9103
9153
9030
8947
8271
5276
6635
5203
8493
8422
8364
8573
9665
9884
10000
9807
10044
10105
10094
9895
7473
7251
7458
7560
10748
10855
10856
10760
9621
9772
9772
9725
8965
9271
9170
8948
8679
8878
9725
9884
9884
9725
8686
8686
7133
7419
7195
7000
6131
8271
8448
8535
6905
7151
6936
6932
10092
10092
8884
8855
8735
8735
9585
9852
10045
9585
7251
7097
6777
6436
10020
9990
9931
9990
8899
8708
8899
8899
8738
8535
8433
6201
8686
10077
9799
10230
10230
10228
10077
10429
10472
10532
10564
9517
9517
6931
10833
10960
10482
10960
10744
10804
10194
10061
10061
10061
10061
10061
10074
10074
7511
7611
9222
9377
9143
9015
9252
9042
9042
9038
10926
4250
10604
10862
10960
4250
9266
9447
9538
9605
9605
9492
10796
10786
10826
10662
10938
10744
10662
9700
9700
8095
9038
9945
9936
10020
9936
9876
9824
9698
9824
9495
9596
9446
9358
7907
8110
8023
7907
9960
10020
10059
9960
10203
10337
10337
10265
10096
10084
10084
10061
10862
10862
10862
10074
10074
10001
10096
10044
10156
9980
10084
9968
9980
8723
8991
7459
7624
7607
7381
7363
7333
7336
10874
10826
10938
10938
6482
6580
6230
6392
10590
10590
11046
11046
6783
6632
10781
10781
10685
10641
10593
6222
6140
11046
11183
11183
9664
10228
11226
7097
7251
4903
4725
4903
4903
4857
5335
4743
4859
6475
6537
6639
6498
7336
7219
7009
4436
4187
4105
4226
4130
4226
4485
4485
6442
6442
6442
6880
5895
5895
6880
4776
4829
4970
4776
5882
6309
6084
5491
4859
4857
4462
4462
4529
4529
4402
4402
4157
4057
4157
4145
5516
5335
5516
5516
7225
7459
7288
7483
7508
8991
9299
9349
8991
9042
9042
4348
3684
3679
3842
4025
4130
4025
4069
3982
4556
4688
3905
3784
3981
3981
4761
4734
5131
5245
6880
6880
6880
6880
6880
6700
6865
6700
6700
6494
6631
6490
6131
8686
10077
9799
5882
3884
3679
3679
3884
6459
7064
7000
8569
8222
8899
8899
4304
3364
5313
3192
3364
3737
3586
3562
3790
3337
3252
3164
3252
4364
3608
3774
3874
3502
4087
3876
3784
3586
3737
3695
3634
3692
3912
3860
3745
3906
3774
3248
3364
3446
3078
3351
3564
3418
3541
3496
3692
3475
3538
3549
3397
3409
3526
3395
3471
3553
3455
2650
3027
2684
2684
2608
2750
2750
2750
2765
2619
2655
2750
2755
2654
2717
2640
2696
2557
2994
3102
2839
2801
2813
2686
2629
2804
3078
3085
3248
3315
3286
3429
3102
3172
2824
2855
2962
2920
2943
2943
3010
2750
2750
3325
3216
3195
3009
3102
2606
2533
2615
2716
2546
2629
2563
2616
2605
2520
2498
2479
2507
2612
2645
2793
2730
2610
2650
2574
2573
2608
2574
2605
2448
2489
2598
2438
2340
2320
2402
1909
1662
1770
1896
2508
2504
2468
2610
2310
2293
2356
2382
2331
2417
2385
2385
2369
2369
2369
2369
1846
1901
1988
2016
2253
2206
2107
2235
2334
2257
1636
1620
1681
1811
1947
1857
1785
2216
1644
1668
1737
1675
1589
1589
1680
1567
1522
1540
1597
1563
1597
1643
1643
1623
1647
1579
1579
1708
1575
1524
1639
1586
1550
4123
3930
3920
4062
3252
3856
3073
3165
2994
2823
2994
2823
2712
2595
2403
2535
2417
2311
2352
1593
1681
1521
4245
3985
4026
3985
4057
4057
4057
4057
2857
3295
3325
3384
2856
2905
2989
2993
2386
2515
2416
2380
2443
2466
2468
2506
2368
3069
3072
3027
3113
7747
7754
8733
8594
8514
8666
8815
8831
8908
8967
9645
9689
6624
6624
6527
6181
5167
5039
4761
4292
4246
4207
4207
7907
7907
9831
10256
10256
10256
9664
10510
9664
9664
12490
4123
4057
3876
4026
3920
3884
4678
4455
4743
9940
9843
9843
9940
9700
9700
10663
10837
10794
10697
10732
10851
10851
10896
10851
6391
6349
7620
7639
7726
7540
9646
9596
6229
8899
9105
9105
10172
10105
10172
10162
4743
4591
8067
7901
7914
8067
8759
8506
9026
10014
10020
10061
3981
4239
4408
4057
4207
10677
10731
10096
10061
9605
9876
9751
9492
9876
9876
10000
10251
10131
10000
10000
10251
10251
10000
10615
10474
10429
10472
9664
10545
10510
9664
9664
9664
10657
10652
10558
10044
10156
10978
10915
10044
10198
10462
10508
10744
10657
10799
5454
5603
7641
7419
7090
7187
7117
6700
6700
7408
10854
6818
6987
7077
6987
6880
6880
4621
4601
10260
10350
10459
10341
6700
6818
9585
9448
6356
8979
9065
9172
9172
12490
12490
10424
10424
10424
10502
3876
3884
4062
12500
12490
12496
4772
4368
4847
3157
2686
2531
2335
2249
1698
1512
1581
10029
10029
10133
10198
9948
10053
10053
9948
9765
10053
9765
9940
10044
10053
9967
9925
9967
10044
10133
9895
10053
10053
9925
10540
10577
9924
10086
10086
10065
10302
10302
10375
10359
9968
10197
10052
9948
9968
10105
10194
10203
9448
9386
9386
8738
8884
9187
8869
8884
8947
5276
10557
10197
10359
10265
10197
10074
10177
9824
9824
9646
9646
10502
10517
10576
10502
10576
10517
10424
10540
5968
5955
6543
6792
5245
4057
4057
3784
5625
3586
3737
3587
3684
3746
3614
3853
3664
3097
2468
1937
1947
2101
2284
2002
1794
1742
1797
1941
1798
4062
12490
4513
4513
4341
4738
6485
6624
6233
6397
7419
7904
8067
7894
7888
8103
7757
7797
7815
7871
7995
7800
4474
4057
4245
4402
4529
10061
9936
10061
10378
10378
10177
10482
10270
10411
5491
5532
6222
12500
12500
4057
3258
3374
3252
3102
3022
2848
2709
2667
2508
2487
2530
2530
1729
2231
1636
1597
4123
12500
10530
9561
9689
10112
4258
4174
10198
10302
10087
9917
9976
8159
8159
8159
8159
8159
8159
8159
8159
8159
8159
7997
8159
8159
7997
8159
8203
8203
8159
8924
8980
8980
8924
8303
8203
8203
8303
8303
8748
8748
8430
8520
8520
8159
8496
8496
8159
7997
8159
8159
7997
7997
8159
7997
7997
8159
8159
7997
8430
8496
8496
8430
8303
8203
8159
8203
8203
8159
8303
8203
8203
8303
8797
8748
8303
8520
8520
8303
9088
8924
8924
9088
8924
9088
9122
9122
9122
9122
8924
8520
8520
8924
8980
8980
8980
8980
9412
9122
9122
9412
9122
9122
9412
9412
9389
9122
9122
9412
8980
8980
9122
9088
9088
9122
9122
9088
9122
9122
9122
9122
9122
9122
9088
9122
9122
9088
9122
9122
9088
9088
8980
9122
9412
9854
9854
9412
9854
9812
9812
9812
9812
9412
9389
9940
9940
9940
9412
9812
9122
9122
8159
8159
8159
8159
8159
7997
8203
8159
7997
9088
8924
9122
9412
9412
8980
9088
8924
8924
9122
9412
9412
9122
9389
9122
9812
9812
9412
9412
9412
9812
9412
9940
9412
9854
9854
9412
8159
8203
8980
8980
9088
8159
8159
8430
8496
8303
9122
9122
9122
9812
9412
9088
9765
9088
9412
9122
7997
8303
8924
8924
9122
9122
9122
9122
9122
7997
9122
8924
9332
9332
9504
8780
8433
8514
9463
9463
9960
9931
9187
11760
11760
12022
7211
6880
5853
11747
11680
11747
11765
11747
11960
11702
11524
11902
7074
6986
6926
7074
6851
6903
6753
6767
6895
6927
6684
7041
6965
7059
6992
6840
6858
6652
6366
6084
5491
5858
5344
5500
5188
5082
5078
5078
4814
10438
10833
10822
10833
10833
10833
10833
10907
10833
10744
10833
10744
10604
10896
10933
10933
10896
10851
10770
10770
10482
10887
10810
10810
10887
10893
9646
9646
9746
10061
9945
10059
10194
10194
10417
10315
10134
10194
10194
10112
10194
10872
10810
10687
10810
10887
10651
10651
10687
10741
10260
10194
10577
10933
10893
10671
10833
9990
10020
10014
10061
10042
10060
10192
10596
10401
10778
10680
10203
10177
10260
10061
10061
10933
10680
10680
10766
10770
10892
10856
10463
10463
10651
10651
10260
10596
10389
10389
10312
10312
10315
10396
9122
10177
10265
10265
10172
11207
11181
11276
11241
9122
9122
8520
8520
8303
8520
8520
8748
8520
5608
5583
5583
5608
5745
5583
5745
5583
5745
5745
5583
5583
5745
8205
8205
5583
5583
5745
5583
5583
5745
8205
5583
5583
8205
5745
5583
5745
7986
7986
7997
8205
8205
7986
7986
7997
8117
8117
8205
8117
8205
5583
5608
5583
5583
8205
8117
7986
7986
8205
7986
5745
5745
7986
8205
8117
8117
8205
7997
7986
8117
5745
7997
5708
5574
5708
5708
5517
5443
5443
5350
5443
5443
5443
6130
6130
6130
5857
6130
10102
10102
10102
10102
10102
6100
10214
10102
5823
5708
5823
5823
5443
5443
5443
5443
5544
5544
5608
5610
5499
5610
5578
5578
5447
5350
5610
5443
5641
5608
2375
2375
2375
2375
5610
5641
5641
5608
5544
5544
2461
2375
2375
2544
10102
10102
5857
5857
6130
10102
10102
10102
10102
10102
10102
10102
10102
10102
10148
10148
10148
9941
5641
5641
10102
10102
10102
10214
5608
5641
2501
2544
5443
5350
5610
5610
5608
10102
10102
5823
5823
5823
5517
5517
10102
10102
10102
10338
5443
5443
5608
5641
5641
5823
5823
5499
5499
5517
5517
5447
5578
5610
5610
5641
5641
5641
5641
5610
5745
5610
5641
5745
5610
5641
5610
5641
5443
5443
5443
5443
6130
5857
5857
5421
5421
10102
2375
2544
2544
2375
9370
9454
9370
9722
10148
10148
10102
6130
2544
10102
10102
10102
10102
10102
10102
10102
5517
5517
2375
2375
5745
5745
10102
10102
5823
10102
10148
10148
10102
2375
2375
2375
2375
2544
2544
2544
2544
2544
2544
2375
2309
2309
2375
5517
5823
5517
10148
10102
10102
5823
9722
9941
9370
5823
2375
5572
5610
5499
5608
2375
2375
10102
10102
10148
10148
5517
10102
10102
5544
5608
5610
9855
5517
5610
5610
5608
5610
2375
2544
5610
5641
5610
5641
5823
5610
5823
5823
10102
2501
2501
2501
2501
2375
2501
5823
9855
5610
5517
5708
5350
5610
5608
5610
5610
5443
2501
2501
5608
5641
5443
5823
5823
5517
5421
5610
5745
5745
5745
2501
9755
9755
5443
5443
5443
5443
5443
5443
5823
5499
5421
5421
2544
2544
2544
2309
9370
9941
5823
5610
5443
5443
10102
9755
9855
10102
2501
2501
2544
10102
9755
10148
10102
5610
2544
2501
2501
2501
5544
5823
5745
5443
5443
9941
10102
10148
10148
10148
10148
2501
2501
2501
2501
2501
2501
2501
2501
2501
2501
2501
2501
2501
2501
2501
2501
2501
2501
2501
2501
2501
2501
2501
2501
2501
2501
2501
2501
2501
2501
2501
2501
2501
2501
2501
2501
2501
2501
2501
2501
2501
2501
2501
2501
2501
2501
2501
2501
2501
2501
2501
2501
2501
2501
2501
2501
2501
2501
2501
2501
2501
2501
9552
9370
9370
9552
9552
9370
9370
9552
9552
9370
9370
9370
9722
9370
9908
9755
9370
9552
9370
9370
9370
9370
9755
9755
9722
9370
9632
9632
9370
9370
9370
9370
9370
9552
9221
9221
9221
9221
9552
9221
9221
9221
9221
9370
9221
9221
9552
9221
9221
9221
9221
9221
9221
9221
9221
9221
9221
9221
9221
9221
9221
9221
9221
9221
9221
9221
9221
9221
9221
9221
9221
9221
9221
9221
9221
9221
9221
9221
9221
9221
9221
9221
9221
9221
9221
9221
9221
9221
9221
9221
9221
9221
9221
9221
9221
9221
9221
9221
9221
9221
9221
9221
9221
9221
9221
9221
9221
9221
9221
9221
9221
9221
10098
10098
10098
10098
10098
10098
10098
10098
10098
10098
10098
10148
10148
10098
10098
10098
10098
10098
10098
10098
10148
10148
10148
10098
10199
10199
10098
10098
10098
10098
10098
10098
10098
10098
10098
10098
10098
10098
10098
10098
10098
10148
10098
10098
10098
10098
10098
10098
10098
10098
10098
10098
10098
10098
10098
10098
10098
10098
10098
10098
10098
10098
10098
10098
10098
10098
10098
10098
10098
10098
10098
10098
10098
10098
10098
10098
10098
10098
10098
10098
10098
10098
10098
10098
10098
10098
10098
10098
10098
10098
10098
10098
10098
10098
10098
10098
10098
10098
10098
10098
10098
10098
10098
10098
10098
10098
10098
10098
10098
10098
10098
10148
10102
10102
10102
10102
10102
10102
10102
10102
10102
10102
10102
10102
10102
10102
10102
10102
10102
10102
10102
10102
10102
10102
10102
10102
10102
10102
10102
10102
10102
10102
10102
10102
10102
10102
10102
10102
10102
10102
10102
10102
10102
10102
10102
10102
10102
10102
10102
10102
10102
10102
10102
10102
10102
10102
10102
10102
10102
10102
10102
10102
10102
10102
10102
10102
10102
10102
10102
10102
10102
10102
10102
10102
10102
10102
10102
10102
10102
10102
10102
10102
10102
10102
10102
10102
10102
10102
10102
10102
10102
10102
10102
10102
10102
10102
10102
10102
10102
10102
10102
10102
10102
10102
10102
10102
10102
10102
10102
10102
10102
10102
10102
10102
10102
10102
10102
10102
10102
5443
5443
5443
5443
5443
5443
5443
5443
5443
5443
5443
5443
5443
5443
5443
5443
5443
5443
5443
5443
5443
5443
5443
5443
5443
5443
5443
5443
5443
5443
5443
5443
5443
5443
5443
5443
5443
5443
5443
5443
5443
5443
5443
5443
5443
5443
5443
5443
5443
5443
5443
5443
5443
5443
5443
5443
5443
5443
5443
5443
5443
5443
5443
5443
5443
5443
5443
5443
5443
5443
5443
5443
10102
10102
10102
10102
5517
10102
10102
10102
5823
11675
11675
11599
11599
11599
11593
11593
11593
11569
11569
11569
11569
11569
11675
11644
11675
11504
11644
11599
11595
11593
11593
11593
11593
11569
11569
11599
11504
11593
11569
11569
11644
11644
10103
10103
11675
11644
11599
11675
11675
10162
10162
10302
10302
6987
7843
8032
7878
7796
8059
7798
6485
6485
7064
7602
7675
7744
7552
7615
7842
8264
8187
8297
8422
8993
8993
6494
6490
8183
6700
8095
8993
8297
9603
9105
9603
9807
9603
9432
9555
9567
9594
9503
9503
9517
9448
9187
9448
9177
9103
9426
6112
5503
10443
8303
5608
10510
9664
9664
9664
10822
10833
10744
10604
8433
10256
10604
10862
10833
10907
10872
10937
10912
10933
10912
10887
10484
10365
10365
10302
10264
10264
10264
10177
10074
10020
9945
9596
9646
9411
6886
7103
7138
7025
7217
7129
7097
7041
7121
7183
6963
5766
6064
5324
5415
6741
5766
6543
6675
7167
7095
7283
9700
9700
9646
10059
10059
10059
10059
10059
10059
10059
10059
10194
10194
10194
10194
10463
10482
10059
10337
9042
9224
9187
9271
9271
9447
9538
9646
9824
9910
9824
9945
9763
10059
10059
10059
9646
10337
10352
4250
10059
9700
10833
10938
10265
10264
10265
10265
10299
10378
10365
10359
10378
10378
10378
10424
10484
10484
10680
10502
10502
10337
10337
10337
10378
10350
10463
9042
9700
10194
10194
10482
10463
10651
10482
10482
9700
9224
10401
10449
10892
10912
9664
9122
8190
9038
8023
7929
7445
7409
7513
7091
7208
7639
7781
7929
9038
9224
9224
9179
9096
9323
9286
9172
9188
9300
9323
9182
9258
9188
9060
9060
8899
9009
9060
11126
11150
11207
11207
11048
10950
11181
11150
11276
11276
11245
11207
10909
11101
10689
10640
10553
10553
6258
9919
9540
9919
10426
10846
11207
11181
11245
11245
10322
10103
9150
6112
5916
10443
6028
5209
4977
5209
5209
6075
6376
6576
5335
5335
5335
6551
6419
5406
5846
5620
5325
5325
6836
6670
6681
7061
6821
3889
5846
5966
5597
6506
6492
6417
6422
6521
6735
6609
6680
6745
6321
6092
6163
6187
6284
6320
6769
7012
6945
7391
3183
4123
4057
5609
5298
5448
4057
4057
5635
4688
4057
6075
6037
6025
5966
5950
6004
4239
4487
4474
4601
4487
4353
4353
4246
5500
5866
5324
5415
6627
5415
6150
6543
6606
6606
5078
11150
11126
12165
11226
11730
11207
11276
10640
10571
12500
10526
12500
7907
1384
1441
1323
1323
1521
1462
1512
1512
1386
1386
1512
1342
1485
1485
1348
1456
1342
1407
1384
1305
1386
1367
1360
1441
1240
1230
1240
1240
1251
1249
1251
1251
1386
1259
1171
1148
1240
298
298
298
298
460
460
460
460
454
454
454
454
692
692
692
692
710
710
710
710
550
550
454
460
454
582
582
454
550
454
550
454
550
550
454
454
550
454
550
550
454
454
550
454
400
298
298
298
298
298
298
298
400
298
400
298
654
695
579
579
579
710
710
579
579
710
695
579
714
692
692
659
692
692
692
621
692
692
627
692
298
400
460
676
460
298
578
550
454
578
298
454
400
604
298
298
695
579
710
692
621
710
692
692
50
217
692
303
1237
1399
1399
1291
1291
1088
1088
1154
1080
1152
1140
1140
1161
1056
914
916
914
657
657
734
734
657
789
714
750
734
533
130
346
130
178
673
713
621
587
621
117
178
130
584
130
50
22
23
38
492
573
536
536
474
420
824
687
490
686
822
895
844
830
881
845
1052
1102
878
945
945
936
818
878
878
818
1079
1092
1006
1006
895
1079
878
492
352
832
752
824
668
471
766
765
352
471
515
822
822
844
830
881
909
961
1091
953
829
287
490
476
711
747
818
818
818
818
818
747
730
711
1080
1065
1177
1161
1177
92
115
115
391
12485
12485
12485
471
476
476
414
457
558
558
558
711
747
747
747
747
818
818
818
818
818
747
818
747
747
818
818
818
1011
9664
9608
2460
2470
2482
5202
6700
6457
6624
4402
8271
3889
9332
9458
6329
11736
11736
11724
11724
11650
11680
11724
11747
11747
11724
10103
10103
9540
5794
11207
6987
6987
7499
5581
7211
7929
6217
5399
9038
7117
4695
7408
12002
11957
11911
11946
11843
11885
11909
11863
11468
11556
11468
11392
11320
11305
11291
11275
11311
11344
11314
11285
11341
11351
11432
11379
11311
11257
11315
11341
11284
11319
11319
11315
11284
11284
11284
11315
11351
11338
11338
11338
11254
11254
11254
11274
11257
11257
11245
11245
11257
11236
11196
11172
11236
11172
11196
11139
11157
11172
11166
11178
11157
11178
11178
11219
11219
11242
11204
11204
11204
11242
11204
11204
11204
11204
11204
11192
11219
11219
11219
11242
11242
11242
11242
11242
11242
11242
11204
11204
11204
11204
11204
11204
11204
11204
11219
11242
11202
11236
11202
11202
11204
11204
11139
11138
11718
11803
11636
11727
11727
11718
11545
11545
11545
11545
11457
11508
11508
11457
11561
11421
11526
11561
11727
11727
11684
11745
11604
11550
11604
11637
11604
11550
12167
12109
12060
12031
11857
11237
11218
11224
11205
11196
11137
11137
11246
11246
11210
11290
11271
11229
11049
10984
10911
10888
11264
11543
11521
11642
12072
11815
11884
12091
12317
12170
12182
12255
11964
12037
12086
11931
12258
12235
11265
11163
11147
11145
12343
12325
11697
11572
11732
11966
11989
12122
11360
11417
11293
11300
11805
11707
11707
11718
11664
11651
11691
11768
11661
11768
11448
11450
11258
11278
11278
11234
11267
11235
11081
11156
10988
10934
11076
11209
11227
11185
10869
10869
10803
10869
10709
10800
11321
11331
10608
11187
11230
11334
11362
11381
11476
11549
11619
11619
11976
11958
11875
11712
11303
11283
11283
11329
11669
11669
11669
11236
11269
11377
11556
12355
12298
12436
12449
12222
12282
12211
12126
11500
11226
11226
12193
12053
11752
11383
11328
11403
11403
11392
11316
11296
11309
12038
11830
12287
12180
11737
12388
11257
11284
11257
11192
11192
11192
11192
11125
11125
10966
11005
11284
11284
11284
11284
11242
11245
11245
11245
11245
11142
11114
10958
11060
11190
11227
11255
11255
11334
11090
11062
11090
11098
11284
11284
11284
11284
11284
11284
11284
11319
11284
11319
11319
11284
11284
11284
11284
11284
11284
11284
11338
11015
11086
11204
11745
11389
11381
11440
11440
11353
11677
11630
11622
11550
11494
11458
11483
11718
11669
11399
11462
11415
11381
11371
11610
11545
11288
11288
11337
11337
11265
11265
11404
11471
11471
11404
11482
11471
11471
11471
11482
11652
11482
11523
11523
11535
11535
11342
11342
11288
11744
11584
11425
11367
11988
12093
11405
11370
11446
11578
11364
11367
11720
11840
11536
11327
11327
11327
11342
11370
11405
11432
11150
11181
11245
11245
11245
11245
11673
11387
11215
11226
11133
11226
11284
11284
11284
11219
11284
11284
11284
11276
11440
11561
11319
11319
10762
10911
11245
11245
11416
11416
11369
11369
10969
10772
11226
11669
11669
11684
11219
11219
11098
11284
11404
11404
11404
11404
11404
11471
11404
11404
11471
11404
11471
11413
11471
11471
11471
11413
11413
11413
11404
11404
11369
11327
11404
11404
11380
11380
11380
11380
11380
11380
11380
11380
11404
11404
11413
11413
11404
11404
11404
11404
11369
11369
11369
11327
11369
11369
11369
11327
11327
11327
11369
11369
11369
11369
11288
11380
11380
11337
11337
11337
11372
11372
11288
11372
11380
11380
11380
11327
11327
11327
11327
11327
11380
11327
11404
11327
11327
11327
11404
11327
11404
11404
11404
11404
11380
11380
11380
11404
11380
11404
11404
11404
11404
11404
11404
11404
11404
11404
11404
11404
11404
11404
11404
11404
11404
11404
10625
10610
10725
10625
11404
11404
11404
11404
11404
11404
11404
11369
11369
11327
10488
10568
10588
10578
10399
10399
10354
10343
10063
10063
9566
9566
9566
9566
5651
5899
5899
5589
9939
10232
10139
9911
10672
10543
10607
10630
8888
8610
8888
9045
7730
7669
7595
7669
8123
8210
8106
7984
9566
9566
9662
9662
9164
9164
9151
9151
6755
6908
6868
6752
10486
10648
10792
10627
9315
9513
9566
9513
8424
8424
8747
8772
8236
8424
9513
9513
9662
9708
5899
5739
6408
6570
6619
6755
7595
7460
7595
7595
6343
6343
7491
6337
9934
9837
5651
5651
5651
5632
9408
9708
9994
9708
6782
6704
6158
5972
9891
9741
9408
9844
5991
6089
5739
5739
7952
7823
7984
5624
5624
9708
9708
10063
9837
10516
10169
10457
10488
10570
10570
9513
9219
6343
10301
10109
10301
10301
10743
10565
10144
10007
9975
9894
9988
10021
10152
10207
7110
7191
8294
8308
8381
8381
9608
9520
9430
9608
9608
9776
9604
9604
9357
9357
8772
8446
9625
8772
9075
9625
10630
10630
10630
10019
9892
10019
10019
9038
9038
8190
8537
9625
9501
9894
9894
9894
9744
9625
9808
8597
8625
8772
8700
8110
8110
8049
8049
9859
9946
9913
9913
10152
10116
10116
10266
9761
9865
9653
9673
10823
10820
10879
9883
9875
9875
9883
9164
9151
9494
9494
9673
9673
8190
8190
7390
7222
7222
7354
6954
7390
7222
10487
10334
10334
10487
7209
4055
4138
5670
9892
10019
10211
9892
6779
7209
10600
10630
10588
10600
10568
4701
5190
10608
10211
10211
9664
6954
6782
3804
3814
3858
3804
4001
4042
3918
3918
6515
6515
6587
6515
7266
7152
6649
4140
4139
4329
4329
3777
3741
3786
3777
5773
5773
5787
5399
5355
5419
5399
4748
4748
4942
4896
4974
4820
4966
5230
4067
3918
4473
4441
4521
3983
4384
4417
4334
4411
4359
4298
3858
3858
3918
3891
7390
7345
7379
7390
7512
8317
8383
8440
8537
9608
9608
3858
4030
3897
3783
3783
4137
3936
4680
4609
4181
4023
4259
4241
4123
4241
4574
4732
4544
4495
7449
7449
6437
7449
7449
7408
7460
7368
7307
7408
7460
7460
5624
7460
9708
9708
4807
4051
4225
4051
4099
5645
6570
6343
8123
7952
6089
5764
4037
4049
4049
3801
3927
3536
3588
3472
3493
3424
3396
3310
3341
4323
4560
4323
4444
4542
3783
4241
4225
3529
3544
3599
3599
4137
4253
4137
3870
4509
4599
4779
4617
4560
4680
4779
4617
4489
4779
3590
4137
3599
3544
3545
3544
3442
3442
3402
3405
3461
3403
3099
2913
3142
3032
3099
2234
3070
3142
2259
2410
2259
2372
2387
2429
2431
2421
2627
2500
3096
3002
2623
3013
3040
3002
2896
2927
2429
4779
3416
4599
3238
3342
3228
3177
2860
3002
2927
2774
2484
2429
3416
3416
3416
3416
3071
3239
3128
3109
2865
2896
2743
2743
2791
2865
2342
2348
2306
2302
2357
2465
2669
2433
2623
2710
2433
2637
2637
2623
2623
2280
2229
2259
2223
2306
2199
2344
2363
2412
2292
1704
1746
1670
1603
2394
2401
2388
2239
1904
2065
2083
1916
1829
1817
2047
2073
2072
2160
1999
1889
1749
1832
1824
1726
1910
2001
1849
1825
2059
1844
1574
1682
1739
1490
1834
1836
1661
1649
1479
1607
1617
1505
1529
1616
1492
1374
1397
1514
1412
1412
1363
1387
1551
1517
1502
1513
1369
1383
1378
1532
1383
1389
1394
12490
12490
12495
12496
3570
3661
3285
3379
3227
3093
3062
3002
2723
2433
2281
2276
2329
1827
2069
1720
1523
1431
4384
4298
4359
4385
4207
4207
4207
12490
2627
3416
3274
3332
3062
3166
3065
3040
2269
2228
2452
2559
2038
2050
2004
1950
2100
3458
3607
3227
3227
7533
8172
8123
8123
7952
7952
8367
8473
8610
8505
9408
9639
7408
7408
6028
5355
4792
4689
4803
4354
8238
8250
9604
9604
9604
9604
9604
9604
9664
9664
12490
12490
12490
4259
4259
4218
4298
4262
4139
3858
9164
9164
9282
9257
8936
8602
10607
10875
10780
10713
10875
10470
10525
10525
10470
6477
6338
7781
7781
8087
7943
8850
8645
6041
5856
6041
5734
9679
9972
9673
9531
3932
3802
8028
8250
8250
7317
8387
8148
8387
9508
9136
9891
4282
4373
4451
12490
10639
10626
9988
9761
8977
9136
9408
9136
9508
9075
9994
9994
10232
10232
9939
9934
10235
10235
10479
10479
10487
10516
9604
9604
9892
9892
10570
10586
10625
9164
9282
10643
10643
9282
9243
10465
10631
10515
10681
10625
4136
4262
6908
7080
7408
7187
10846
7449
6987
7187
7368
6818
6880
4567
4601
10021
10171
10277
10223
7449
7633
9219
9219
6028
5734
6079
9566
6079
12490
10328
10420
10328
10266
4218
4225
12496
12496
3661
4241
3680
3563
2876
2540
1867
1842
1666
1487
1395
9243
9282
9282
9243
9494
9494
9257
9257
9164
9164
9257
9243
9243
9282
9282
9243
9282
9282
9243
9164
9164
9257
9257
10403
10250
9859
9977
10039
9946
9679
10012
10012
9531
9494
9494
9761
9761
9494
9673
10171
9988
9219
8888
8977
8069
8473
8747
8747
8473
8640
7538
10586
9875
9761
9972
10012
10012
9875
10100
8850
8850
9916
10368
10328
10469
10541
10478
10339
10283
10485
4055
4136
6158
5967
4952
4359
4298
4051
4309
3617
3482
3599
3635
3675
3675
3759
3873
3065
1880
1783
1891
1772
1862
1930
1713
1663
1642
1755
1625
4218
4417
4417
4544
4385
7595
7491
7587
7727
7587
7587
7848
8012
7572
7572
7080
7080
8087
8110
8250
8238
4468
12490
4384
4384
4523
9835
10007
9975
10116
10038
9988
10425
10291
10390
4819
4778
4661
12500
4373
3359
3250
3210
3108
3091
2623
2623
2585
2252
2182
2401
1963
1853
1682
1525
1375
12490
12500
10444
9408
9408
10025
9417
9531
9988
9859
9859
7701
7701
7537
7537
7701
7537
7701
7701
7537
7537
7405
7405
7537
7537
7701
7664
7816
7891
8421
8421
8614
8614
7956
7956
7891
7891
7956
7956
8143
8143
8143
8143
7701
7701
7891
7891
7405
7405
7537
7537
7405
7405
7537
7407
7405
7537
7537
7956
7956
7891
7891
7956
7891
7701
7701
7891
7891
7956
7956
7891
7891
8143
8143
7956
7956
8042
8143
8614
8614
8421
8421
8421
8614
9196
9196
8857
8857
8421
8421
8252
8252
8614
8685
8421
8421
9256
9256
9195
9195
9195
9256
9256
9259
9256
9256
9259
9259
8685
8685
9196
9196
8857
8857
9196
9196
8857
8857
9196
9196
8857
8857
8614
8614
8857
8857
8857
8857
8614
8614
8857
8857
9256
9256
9309
9309
9309
9309
9145
9145
9145
9145
9256
9256
9145
9145
9256
9278
9039
9195
7701
7701
7537
7537
7405
7537
7701
7891
7405
8614
8412
9196
9259
9195
8685
8421
8421
8614
9039
9039
9195
9195
9256
9259
9278
9256
9256
9278
9259
9278
9256
9145
9256
9256
9309
9309
7664
7891
8614
8421
8857
7701
7537
7956
7891
7956
9039
9039
8857
9145
9256
8614
9164
8614
9196
9259
7405
7956
8412
8412
9039
9195
9195
9259
9259
7405
9196
8421
9604
8367
7823
7823
8977
8977
9408
9844
8747
11428
11372
11533
6987
11404
11404
11404
11404
11404
11627
11372
11372
11471
6956
7036
6812
6956
6653
7308
7209
7209
7298
7029
7152
6887
6779
6779
6161
6570
5783
5444
5029
5103
5366
4953
5001
5042
5079
10358
10394
10630
10743
10326
10362
9357
9357
10019
10019
10140
9892
10019
10857
10658
10716
10769
10362
10301
10362
10470
10742
10730
10715
10712
10525
9055
9055
10100
10100
10100
10007
10263
10263
10173
10231
10433
10496
10332
9894
10266
10868
10654
10719
10614
10632
10632
10501
10537
10501
10466
10435
10519
10864
10718
10780
10875
9844
9844
9897
9894
9988
10039
10129
10533
10555
10676
10620
10266
10266
10152
9894
9894
10827
10620
10547
10537
10591
10537
10525
10496
10496
10410
10435
10328
10515
10414
10414
10317
10363
10231
10358
8857
10152
10038
10038
9531
11192
11192
11245
11245
8857
8857
8252
7956
8252
8143
8143
8143
8252
7276
7276
7464
7432
7170
7170
7432
7170
7432
7170
7170
7464
7464
7276
7276
7276
7203
7170
7170
7276
7276
7276
7276
7276
7276
7170
7170
7276
7405
7349
7349
7339
7349
7349
7339
7405
7349
7349
7276
7349
7276
7276
7276
7276
7276
7276
7349
7349
7349
7276
7349
7170
7170
7349
7276
7276
7349
7349
7405
7349
7349
7170
7407
3436
3436
3436
3436
3436
3436
3436
3436
3436
3436
3436
3436
3436
3436
3436
3436
3357
6464
6625
3485
7017
6902
6525
6860
3427
3427
3427
3427
3436
3436
3436
3436
3026
3762
3762
3026
3357
3344
3344
3344
3436
3436
3436
3436
3762
3331
3400
3400
3535
3535
3762
3762
7555
7555
3331
3331
3400
3400
3400
3400
3436
3436
3400
3436
3436
3400
7017
3365
3365
6625
6860
6742
7017
6742
7017
6814
7016
7017
7555
7555
6814
6742
6900
6900
3762
7555
3400
3400
3436
3436
3436
3344
3344
3485
3365
3427
6742
3427
3427
6860
6742
6742
6900
6871
3357
3436
3762
6802
7555
3427
3026
3026
3427
3436
3436
3436
3762
7555
7555
7555
7555
7555
7555
7170
7170
7170
7170
7555
7555
3344
7555
7555
3436
3357
3357
3436
3535
3400
3436
3427
3026
3486
3535
3535
3519
3519
3486
3486
3486
3486
7005
7016
3486
3486
3436
7017
7017
7017
3486
3486
3650
3486
6742
6742
3400
3535
7170
7170
3365
3436
3427
7005
7030
7030
7030
3535
3535
3535
3400
3486
3486
3519
3519
3535
3519
3535
3535
3535
3535
3427
3427
6742
6814
6900
6900
6742
3486
3486
3486
3427
3535
3344
3344
3344
3344
3535
3535
7005
7005
7030
7005
3427
6969
6969
3331
3331
3762
6814
3427
3331
3762
3762
7555
3535
3400
7555
7170
7170
7555
3427
3427
3427
3427
3650
3406
3400
3400
3406
3400
3400
3436
3486
3436
3436
3436
3436
3436
3344
3344
7555
3436
3400
3400
3344
7555
3436
3427
3427
3427
3427
7170
7170
7170
7170
3400
7016
7016
3436
3357
3357
3357
3357
3436
3427
3427
3427
3427
3535
3486
3519
3519
3486
3486
3427
3427
3436
3436
7017
3663
3650
6625
3406
3400
3486
6900
7016
7016
6900
7555
3400
3406
3406
3406
3331
3427
7170
3436
3357
3650
6969
7005
7030
7030
7030
3406
3406
3406
3406
3406
3406
3406
3406
3406
3406
3406
3406
3406
3406
3406
3406
3406
3406
3406
3406
3406
3406
3406
3406
3406
3406
3406
3406
3406
3406
3406
3406
3406
3406
3406
3406
3406
3406
3406
3406
3406
3406
3406
3406
3406
3406
3406
3406
3406
3406
3406
3406
3406
3406
3406
3406
3406
3406
3406
3406
3406
3406
3663
3663
3663
3663
3663
3663
3663
3663
3663
3663
3663
3663
3650
3663
3663
3663
3663
3663
3663
3663
3663
3663
3650
3650
3650
3663
3663
3663
3663
3663
3663
3663
3663
3663
3663
3663
3663
3663
3663
3663
3663
3663
3663
3663
3663
3663
3663
3663
3663
3663
3663
3663
3663
3663
3663
3663
3663
3663
3663
3663
3663
3663
3663
3663
3663
3663
3663
3663
3663
3663
3663
3663
3663
3663
3663
3663
3663
3663
3663
3663
3663
3663
3663
3663
3663
3663
3663
3663
3663
3663
3663
3663
3663
3663
3663
3663
3663
3663
3663
3663
3663
3663
3663
3663
3663
3663
3663
3663
3663
3663
3663
3663
7050
7050
7050
7050
7050
7050
7050
7050
7050
7050
7050
7050
7030
7030
7050
7050
7050
7050
7050
7050
7030
7030
7030
7050
7050
7030
7030
7050
7050
7050
7050
7050
7050
7050
7050
7050
7050
7050
7050
7050
7050
7030
7030
7050
7050
7050
7050
7050
7050
7050
7050
7050
7050
7050
7050
7050
7050
7050
7050
7050
7050
7050
7050
7050
7050
7050
7050
7050
7050
7050
7050
7050
7050
7050
7050
7050
7050
7050
7050
7050
7050
7050
7050
7050
7050
7050
7050
7050
7050
7050
7050
7050
7050
7050
7050
7050
7050
7050
7050
7050
7050
7050
7050
7050
7050
7050
7050
7050
7050
7050
7050
7030
7005
7005
7005
7005
7005
7005
7005
7005
7005
7005
7030
7030
7030
7030
6969
6969
6969
6969
7005
7005
7030
7030
7030
7005
6969
6969
7030
6969
7030
7030
7030
6969
6969
7030
7030
7030
7030
7005
7005
7005
7005
7005
7005
7005
7011
7005
7011
6969
7011
7011
7005
7005
7005
7011
7011
7011
7011
7011
7011
7011
7011
7011
7011
7011
7011
7011
7011
7011
7011
7011
7011
7011
7011
7011
7011
7011
7011
7011
7011
7011
7011
7011
7011
7011
7011
7011
7011
7011
7011
7011
7011
7011
7011
7011
7011
7011
7011
7011
7011
7011
7011
7011
7011
7011
7011
7011
7011
7011
7011
7011
7011
7011
7011
7011
7011
7011
6969
3357
3357
3357
3357
3357
3357
3357
3357
3357
3357
3357
3357
3357
3357
3357
3357
3357
3357
3357
3357
3357
3357
3357
3357
3357
3357
3357
3357
3357
3357
3357
3357
3357
3357
3357
3357
3357
3357
3357
3357
3357
3357
3357
3357
3357
3357
3357
3357
3357
3357
3357
3357
3357
3357
3357
3357
3357
3357
3357
3357
3357
3357
3357
3357
3357
3357
3357
3357
3357
3357
3357
3357
6900
6900
6900
6742
6742
6742
6900
6900
6860
11636
11727
11508
11669
11561
11561
11684
11684
11637
11592
11592
11619
11619
11669
11669
11669
11561
11669
11669
11684
11561
11561
11561
11684
11619
11619
11636
11684
11636
11619
11619
11669
11669
10460
9708
11636
11669
11669
11669
11669
9494
9494
9531
9868
7460
8110
8250
8087
8087
7213
7727
7595
7595
6770
7842
7512
8087
8087
7951
7907
7848
7937
8190
8295
8250
8250
7538
7460
7766
7408
8317
8317
8144
9708
9566
9566
5794
9566
9566
9513
9219
9513
9219
9219
9219
8977
8977
8888
8888
8977
9219
5833
5565
10460
7956
7339
9615
9892
9664
10920
10019
9892
7766
9604
9892
9776
9664
10722
10722
10591
10591
10614
10719
10719
10163
10004
9922
9868
9787
9787
9972
10152
10266
9894
9916
9916
8597
8645
7298
7298
7345
7400
7036
7091
7029
6782
7345
7152
6570
5773
5424
5419
5399
6446
5355
6080
5700
7345
7345
7400
9055
9055
9179
9430
9430
10100
10100
10109
10100
10109
10263
10263
10410
10435
10466
10520
10435
10195
10109
9520
9520
8888
8888
8772
8772
8772
9893
9916
9916
10007
9975
10007
10100
10100
10109
10109
9357
9357
9608
9430
9430
10019
10019
10038
10038
10038
9972
9972
10116
10038
10004
10038
10163
10116
10266
10266
10266
10547
10541
10368
10328
10266
10163
10163
10328
10496
9316
9348
10263
10410
10435
10466
10410
10362
10263
9430
9241
10503
10779
10830
10776
9039
7781
7513
7781
7929
9038
9204
6079
9512
9566
9204
9204
9513
9204
8888
9219
5651
5723
5734
9204
9204
11138
11150
11207
11207
10546
10610
6217
5794
9708
9708
10546
5794
3837
3769
3802
3769
3943
3997
7308
3804
3804
3804
7395
3843
3831
3843
3744
3804
3769
6721
6534
6534
7345
7308
3769
3741
3889
7654
7753
7654
7395
7395
7395
7654
7395
7298
3843
3826
3826
4001
7654
7654
7298
7781
3965
12490
12490
4309
4037
4055
4328
4298
4417
4464
4218
3843
3744
3744
3877
3891
4468
4477
4477
4411
5504
5249
5079
5205
5961
5177
5700
5366
1326
1226
1226
1300
1284
1284
1284
1198
1198
1285
1285
1197
1197
1319
1285
1288
1203
1263
1271
1201
1198
1198
1284
1226
1031
1031
1035
1035
1083
1035
1084
1197
1083
1081
1113
1049
1083
628
628
628
628
570
570
570
570
521
521
618
618
675
675
675
675
650
650
650
650
617
521
521
628
521
618
628
628
521
628
617
521
628
618
618
628
618
628
617
618
618
628
628
618
502
628
628
502
628
628
502
628
502
628
502
628
509
509
509
691
650
509
650
650
509
650
650
509
534
724
675
675
675
675
643
675
675
643
675
534
650
502
521
650
570
502
650
628
618
628
650
618
650
691
628
628
509
650
650
643
675
650
534
675
773
724
675
724
1263
1142
1263
1203
1142
1049
1113
1113
1034
959
985
904
985
894
942
957
957
675
698
662
675
778
675
763
724
770
773
632
763
360
763
675
763
534
698
675
698
632
698
724
193
451
270
698
24
791
791
843
743
560
560
834
732
482
719
601
529
205
383
498
825
813
783
255
205
529
581
439
255
439
255
861
857
785
785
861
529
209
791
334
902
946
807
756
720
464
723
334
480
464
513
719
383
706
498
430
813
783
835
862
560
482
601
383
42
42
87
59
87
42
209
438
56
959
923
923
904
985
334
334
61
435
482
300
300
480
331
167
167
167
190
190
190
56
42
18
18
56
42
59
59
59
42
209
42
42
42
42
42
59
983
2687
2773
2687
4595
7595
7538
7460
4523
7766
9513
11404
11404
11404
11369
11404
11404
11404
11404
11404
11404
