18954
18922
18922
18954
18922
18922
18922
124
18951
123
123
18950
18967
18967
18967
18967
18948
18963
18948
18948
18948
18948
18923
18948
18948
18963
18948
18948
18948
18948
18948
18948
18948
18948
18948
18948
18948
18948
18948
18948
18963
18963
18963
18963
18948
18966
18963
18963
18966
18967
18967
18967
18967
18964
18985
18985
18985
18985
18985
18967
18971
18971
18985
18967
18967
18967
18966
18967
18967
18967
18967
18967
18967
18967
18967
18967
18967
18967
18966
18967
18967
18963
18963
18963
18967
18967
18967
18967
18967
18967
18967
18967
18967
18967
18967
18963
18967
18967
18967
18967
18967
18967
18973
18985
18922
18922
18923
18923
18922
18923
18950
18950
18950
18950
18948
18948
18950
18948
18923
18923
18948
18948
18923
18923
18923
18923
18923
18923
18923
18923
18923
18923
19727
10183
26731
118
118
18967
18967
18967
18987
18963
18973
18971
18987
133
133
140
195
132
5754
5735
21643
21646
126
124
46
123
119
118
118
119
25492
26922
26731
26731
119
119
119
119
118
25494
195
132
193
195
25437
25492
124
119
119
124
124
119
139
132
132
132
18922
18950
18950
18950
18922
124
124
124
119
119
119
123
132
132
132
132
132
132
192
197
197
136
21049
25835
176
176
5736
5732
5736
5738
21643
21047
132
139
21049
176
195
140
176
18948
18923
18923
18923
18923
18940
18922
18922
18922
18963
18948
18963
18963
18950
18950
18950
18967
18967
123
18950
25492
25492
25487
25488
119
124
122
14669
139
25835
176
25445
10183
124
18924
18950
18948
18967
18967
123
123
140
119
119
125
49
119
25443
18963
18963
18948
18967
18967
18967
18967
18985
25657
5738
5738
18948
18948
18948
18948
18967
18963
18963
18966
18966
21646
21051
21644
192
195
176
176
17385
17385
176
176
25667
25657
5742
5753
18948
18948
18948
18948
18948
18948
18948
18948
18948
18948
18948
18948
18948
18948
18948
18948
18948
18948
18948
18948
18948
18948
18948
5738
5738
18940
18940
18967
18922
18948
18948
18948
18948
18948
18922
18923
18923
18923
18923
18923
18923
18950
18950
18948
18948
18948
18923
18948
18950
18950
123
139
123
123
132
123
119
119
119
119
119
119
119
119
119
121
121
139
123
121
121
123
123
132
18098
18093
123
124
123
123
139
139
123
123
139
139
139
123
139
139
139
123
123
123
123
123
123
18923
18923
18923
18922
25489
25492
25443
25443
18966
18971
18963
18963
18963
18963
18923
139
25837
25835
25835
25835
18966
18948
18948
18966
18948
18948
18948
18966
18948
18923
18948
18948
18948
5740
5748
18971
18966
25492
18116
18115
123
123
123
123
5736
21643
25835
18950
18950
18923
18096
18967
18963
17392
25657
18948
23687
123
123
123
123
123
123
123
123
121
123
123
123
119
119
123
123
123
123
123
123
123
123
123
123
123
123
123
123
123
123
123
123
123
123
123
123
123
123
123
123
123
123
123
123
123
123
123
123
123
123
123
123
123
123
123
123
123
123
123
123
123
123
123
123
123
123
123
123
123
123
123
123
123
123
123
123
123
123
123
123
123
123
123
123
123
123
123
123
123
123
123
123
123
123
123
123
123
123
123
123
123
123
123
123
123
123
5651
5684
5732
5652
123
123
123
123
123
123
123
123
123
123
5736
5738
5740
5738
5732
5732
5554
5738
5554
5690
19667
19667
19667
19667
10110
19642
10110
19644
1635
1635
7095
1613
5749
5749
5740
5740
19655
19655
19655
19655
13787
13779
13778
13787
2852
2855
2848
2818
4247
4247
4269
19667
15252
15250
15250
15252
2736
2739
2678
2740
7011
7009
7009
7011
18208
7094
7094
13677
14636
14637
14623
14630
14433
14630
4146
7094
7094
4247
19644
19642
2725
2728
2733
2725
19643
13779
19644
19642
2713
18154
13781
18151
5554
5649
19667
19667
19667
19642
18208
14623
1635
7094
2682
2682
2716
2716
14623
14624
14623
14623
10110
10110
10110
10110
19642
19642
19643
10105
10110
5554
19667
5639
5652
5652
5652
5652
5652
5651
5684
14626
18208
2690
4813
13557
4776
13557
1389
11746
14621
14621
14621
14621
14623
14623
14623
14623
2678
2847
14636
14624
14636
14429
26046
23854
14182
14182
26061
26061
26049
25841
4813
14181
14624
14637
14623
14642
14637
14637
5748
21643
21643
26046
25835
25841
26046
14179
14188
19424
14188
14642
14623
14623
14623
14623
14642
14642
14623
14623
14623
14642
14624
7254
7254
19404
7254
14604
9194
10490
7021
4846
9550
9550
9550
9446
9446
9447
9447
3106
18486
11753
14611
14630
9446
9446
15252
15250
9503
9446
9446
9503
2830
14429
2847
2740
2847
2847
2678
2679
2678
21643
21643
25835
25835
5241
5224
5218
13839
26046
26045
25835
25835
5228
5231
21643
21643
5748
5749
5740
13832
5216
25835
25835
25835
26045
26045
25835
2681
2680
5843
14503
5812
5812
5811
5812
5812
5811
18033
18803
18803
5549
2678
2679
2683
8522
7760
7760
7761
5772
5772
5802
5813
14321
23119
2716
23130
23130
23128
23128
4983
23280
23128
4958
5232
2756
2757
5232
5811
5811
8499
8503
7744
11451
11452
1919
1903
1903
1908
1903
5811
5812
5812
5811
2679
2679
18786
18783
18783
19404
19404
14616
7238
14184
14184
5811
23745
23739
23746
3726
8521
8503
15572
8522
20077
13429
24032
22927
22924
11458
1904
11458
302
302
14322
23129
14321
13811
23119
13804
13801
13804
13792
13783
13797
10110
19644
10110
5647
19667
5227
23740
24068
24063
24021
22070
2687
2686
13748
17841
10110
10110
7744
13434
22919
13434
13426
22960
22960
21949
21949
22960
6061
21950
21949
8435
22864
15831
15554
13426
3818
22956
22960
24061
24061
24065
24065
4242
3726
3726
3803
7763
4160
13336
20991
13338
13442
4219
22805
4212
4205
4157
4157
4153
3809
3819
3819
4278
3819
6066
22964
13489
4278
6076
6074
6074
6076
6087
6069
13282
14717
13356
13365
13282
3813
4198
13297
17974
13712
13710
21034
6074
6075
6078
6075
19775
19775
17986
22865
20994
22829
4214
3805
6074
6066
6061
6061
19299
19290
21007
19297
13339
4179
4160
3805
3805
6072
6072
6072
6062
6074
22834
19288
13717
21011
22862
9600
14674
14718
13358
19284
13305
21036
19285
19783
19784
6079
6079
14718
6087
14718
14696
21138
14674
21138
7898
7898
13374
19284
20098
7906
19284
9220
9340
9340
9220
9620
9620
14694
9654
7896
7896
7896
7896
19789
9609
20080
9615
21141
14679
9654
9654
7897
7896
21136
7897
20098
20097
7906
7906
9667
9667
20169
20141
9340
9340
7907
7907
10587
9663
21611
16461
9471
16461
21611
21611
9466
20140
20141
21611
20169
20169
20169
20160
20159
20139
16461
20139
20139
16461
21611
20139
16461
21611
21611
26801
26801
26801
24021
22924
21949
22919
22922
19775
6081
6062
6074
6076
9600
9614
9598
9614
9340
9613
20141
16461
20141
11454
11456
1904
1904
26804
1922
19077
19077
4189
3725
4278
3819
19775
13405
13402
13427
9667
9613
9644
13419
21138
21138
7907
7907
21136
22919
13429
13427
13434
2740
2829
19655
10100
13788
13788
19655
19655
13677
19655
14630
14630
10105
14292
13807
23119
11466
23128
1900
1903
4973
19077
26804
9723
9723
26050
25840
26046
26046
26046
26046
26045
26047
26800
25968
1922
1899
1907
1908
24032
7755
7741
5812
15170
9507
9508
15170
14188
14193
5740
11753
11753
1389
1390
3221
4749
3221
3221
18031
18031
9743
9717
9717
9720
14193
19417
10105
10110
10110
10105
9531
9531
9446
9528
5813
5803
2829
2848
2848
2830
2818
2818
14636
14624
14623
14623
11458
1906
1908
25969
25968
5740
5748
9446
14611
14642
14637
14637
14637
14642
14623
1635
1613
1613
1612
1135
1613
5554
5554
5738
5736
5651
5652
26047
26046
26046
26046
26046
26046
5738
5684
5651
15252
15250
21643
21643
18725
9503
7008
7008
1389
5738
5685
13956
280
2736
2730
13802
14289
13802
13801
10060
14292
5732
14322
13801
14292
14292
23130
23130
19077
19077
7021
7021
7033
7021
13809
13804
14626
14630
10105
10110
10110
10110
19667
25968
25968
9551
9550
9551
9551
24024
24031
26797
25978
25978
26913
21929
11458
22922
22919
9600
9562
9644
16457
9340
20141
20139
18725
9529
9508
9507
10567
6598
6598
15249
15252
9507
15252
9532
9508
9508
9532
9532
9532
9508
9508
15252
6598
6598
15252
10483
7034
10514
10490
7017
7020
9447
9446
9501
10483
6610
9447
9447
6610
9446
9531
7021
7021
14626
14637
14637
19667
19667
14623
14426
19655
19664
13783
5652
7021
7021
9446
9446
14630
14611
14618
14618
14616
19417
9269
9268
9274
9269
10483
10483
10483
9269
5243
13895
2719
2697
302
1900
1908
22956
5188
22956
22956
13489
23741
3819
3819
3819
4242
19298
7907
21136
7907
21136
21136
21136
7905
9471
9471
7896
9471
24031
21107
295
7726
11456
11451
13784
13781
13787
2734
2731
2732
2855
2737
2848
2848
2848
2740
9723
9723
9723
9723
14157
19077
11454
1919
298
14611
14618
14618
9447
9551
7021
7011
7011
7012
305
302
295
25973
25970
1905
6066
22962
6074
6072
6074
6076
6079
14718
20080
19789
9654
9654
16420
9615
20160
20169
25968
25970
1629
14630
14630
7021
21107
21107
9531
9528
7021
14623
14623
24465
24435
24435
24465
24465
24435
24465
24427
24427
24465
24739
24427
24427
24435
24465
24465
24465
24465
19993
6193
6193
19993
24474
24465
24465
24474
18860
19992
19992
18862
14745
14745
24465
24465
24465
24465
20264
24427
24435
20264
24435
24428
20264
20264
24435
24435
20264
24474
24465
18889
18862
24474
24465
24465
24465
24465
24465
24465
24465
24465
24474
9548
19992
24474
9548
14760
24474
19993
19993
19993
19993
19993
19993
9241
14755
14747
9537
19993
14760
14760
19992
14755
19992
19992
14770
6983
9536
9537
6983
9537
9537
6983
6983
9537
9537
9537
9537
19993
14755
9537
9537
9537
9537
9537
9537
14747
9537
9537
14756
14755
9241
19993
9241
9241
14755
14770
14770
9536
9537
6193
14755
9534
6984
6984
9534
6984
15169
15252
15170
15252
6983
6983
15252
18732
9534
9536
9534
9537
9537
24465
24435
24435
24465
24435
20264
24465
24465
20264
19993
19993
9537
9536
9537
19993
19993
19993
19993
9537
9536
9536
9537
9534
9537
9534
9534
9536
9537
9537
9534
9537
18732
9534
9534
9534
9537
24465
24465
6193
19992
9537
24465
24427
24474
24465
24465
9537
14770
9537
15169
6983
14755
15252
19993
9537
9241
20264
24474
19993
19993
9536
9536
9537
9537
9536
20264
9537
19993
26046
26054
26048
13771
13787
13788
14630
14630
19385
14630
4908
119
123
119
23130
23887
23887
123
123
123
123
123
119
123
123
119
9113
18798
18798
9113
18801
18798
18799
13835
13835
22070
5234
2775
2775
22070
2743
2775
2743
2757
2752
2748
305
2750
305
23290
23141
23128
23128
23128
23128
5738
26682
5749
7926
4749
4813
25841
4785
26677
25835
26677
25841
26046
18486
11736
3096
3117
3221
4740
4776
4776
11746
11746
11741
18486
3221
14193
19417
14618
14620
14618
14620
14620
14621
7011
7017
7031
14618
14621
14621
14618
3105
3060
3034
3117
3096
3034
3034
4899
3034
14618
14618
7034
1383
1383
1390
7100
14615
19385
19386
14623
14623
7017
7012
7102
7100
11746
11741
4846
14621
14618
14623
14621
11736
3034
3034
3034
4828
3230
3034
4784
4784
4776
4899
14618
7008
1629
7095
7095
7005
7028
1629
14770
14611
9550
9550
9531
18967
18966
18963
18963
9241
14755
14745
14745
24465
14760
14745
19992
14760
20268
24679
24679
20268
24607
24679
24607
24679
24607
24607
24686
24681
24607
20263
20263
24686
24686
24679
24686
24686
24679
20268
24679
24686
20263
24679
24679
24607
20264
20264
24745
20268
20268
20264
20264
20264
20264
20264
20263
20264
20263
24686
20268
24679
24679
20268
20264
20264
20264
20268
20264
24607
24607
20264
20263
20264
20264
20263
20264
20264
20264
24607
20264
5437
5437
14368
14368
14368
14368
14368
14358
5436
14368
14368
5437
5437
18902
18902
5437
5422
18894
18902
17434
17437
17435
17435
17435
5421
5437
5437
5437
14368
14368
14368
14368
5344
14368
24489
24489
14358
14358
5344
5344
14358
14358
14358
14368
24489
5344
16642
16642
16642
16642
24435
24489
24607
24435
17435
17435
16642
16642
16642
16642
5437
5437
18902
21479
18902
18902
17436
18894
5438
17436
17435
17435
17437
17435
17435
17437
17437
17437
24607
24607
17437
17437
17437
17437
17435
24607
16642
16642
14368
14358
14358
5344
5344
18894
5437
14379
17435
17435
17435
17435
17437
17437
17437
17437
14368
14368
17435
24489
24607
5437
5437
14368
14368
14358
14368
14358
5344
24489
24489
24489
24489
24607
24607
24607
24607
24607
24607
24607
24488
24607
24489
24488
14368
14368
14368
14368
18902
21479
21479
14354
5437
18902
16642
21486
21486
16642
21489
21486
21486
21489
17437
17437
18902
18902
18902
17435
17437
17435
18902
18894
18893
18902
17435
17435
16642
16642
24607
24607
17434
5422
17436
17437
17437
17437
17437
18902
16642
16642
16642
21479
21488
21488
21479
21479
21488
16642
21486
21486
16642
17435
17435
17435
17437
17437
17437
17437
16642
20305
21489
17435
16642
5344
5344
14368
24489
18902
16642
17437
17437
17437
17437
17435
17437
17437
14354
24673
14354
17437
5437
5437
5422
24489
24607
16642
16642
24607
24607
24607
24607
5437
5437
14344
5421
9863
21474
21474
16642
18898
16642
16642
5437
16642
14358
14368
14368
14358
14358
24489
5344
24488
14368
18898
21474
24489
24607
14368
5437
5437
17435
17435
24607
24607
24679
24679
16642
17437
17437
14368
14368
14368
14368
14368
14368
5437
5437
17435
17435
21479
21488
21479
21486
21489
20305
14368
14358
14368
14368
17417
9887
9863
9863
21474
21474
21489
17437
17437
17437
17437
24489
16642
18898
21474
21474
17435
5437
24679
14368
14368
9863
17437
17437
17437
17437
17437
21474
21474
21474
21474
21474
21474
21474
21474
21474
21474
21474
21474
21474
21474
21474
21474
21474
21474
21474
21474
21474
21474
21474
21474
21474
21474
21474
21474
21474
21474
21474
21474
21474
21474
21474
21474
21474
21474
21474
21474
21474
21474
21474
21474
21474
21474
21474
21474
21474
21474
21474
21474
21474
21474
21474
21474
21474
21474
21474
21474
21474
21474
16969
16969
16969
16969
16969
16969
16969
16969
16969
16969
16969
16971
16971
16969
16560
16560
16969
16969
16969
16969
16969
16969
16971
16971
20292
16969
16969
16971
16969
16969
16969
16969
16969
16969
16969
16969
16969
16969
16969
16969
16969
16969
16969
16971
16969
16969
16969
16969
16969
16969
16969
16969
16969
16969
16969
16969
16969
16969
16969
16969
16969
16969
16969
16969
16969
16969
16969
16969
16969
16969
16969
16969
16969
16969
16969
16969
16969
16969
16969
16969
16969
16969
16969
16969
16969
16969
16969
16969
16969
16969
16969
16969
16969
16969
16969
16969
16969
16969
16969
16969
16969
16969
16969
16969
16969
16969
16969
16969
16969
16969
16969
16969
17418
17418
17418
17418
17418
17418
17418
17418
17418
17418
17418
17419
17419
17418
17418
17418
17418
17418
17418
17418
17437
17419
17419
17418
17419
17419
17418
17418
17418
17418
17418
17418
17418
17418
17418
17418
17418
17418
17418
17418
17418
17419
17419
17418
17418
17418
17418
17418
17418
17418
17418
17418
17418
17418
17418
17418
17418
17418
17418
17418
17418
17418
17418
17418
17418
17418
17418
17418
17418
17418
17418
17418
17418
17418
17418
17418
17418
17418
17418
17418
17418
17418
17418
17418
17418
17418
17418
17418
17418
17418
17418
17418
17418
17418
17418
17418
17418
17418
17418
17418
17418
17418
17418
17418
17418
17418
17418
17418
17418
17418
17418
17437
17437
17437
17437
17437
17437
17437
17437
17437
17437
17437
17437
17437
17437
17437
17437
17437
17437
17437
17437
17437
17437
17437
17437
17437
17437
17437
17437
17437
17437
17437
17437
17437
17437
17437
17437
17437
17437
17437
17419
17437
17437
17437
17437
17437
17437
17437
17437
17437
17437
17437
17437
17437
17419
17437
17437
17437
17419
17437
17419
17437
17419
17419
17437
17419
17419
17419
17419
17419
17419
17419
17419
17419
17419
17419
17419
17419
17419
17419
17419
17419
17419
17419
17419
17419
17419
17419
17419
17419
17419
17419
17419
17419
17419
17419
17419
17419
17419
17419
17419
17419
17419
17437
17419
17419
17419
17419
17437
17419
17419
17419
17419
17419
17419
17419
17419
17419
17437
14368
14368
14368
14368
14368
14368
14368
14368
14368
14368
14368
14368
14368
14368
14368
14368
14368
14368
14368
14368
14368
14368
14368
14368
14368
14368
14368
14368
14368
14368
14368
14368
14368
14368
14368
14368
14368
14368
14368
14368
14368
14368
14368
14368
14368
14368
14368
14368
14368
14368
14368
14368
14368
14368
14368
14368
14368
14368
14368
14368
14368
14368
14368
14368
14368
14368
14368
14368
14368
14368
14368
14368
17437
17437
17437
17437
17437
17437
17437
17437
17435
18923
18923
18950
18923
18923
18923
18923
18923
18923
18923
18923
18923
18923
18950
18950
18923
18923
18950
18950
18923
18923
18923
18923
18923
18923
18923
18923
18923
18923
18923
18923
18950
18950
5653
5653
18923
18950
18950
18950
18950
9447
9447
9446
9446
13804
2830
9723
9717
9718
2738
2729
13779
13779
2728
9719
9721
9718
9720
9715
7228
2855
2848
2826
9723
9723
7238
13783
13783
2738
13801
14193
14193
2818
10053
10110
10105
19667
19667
19667
19667
4146
24328
4146
4146
4146
4146
14626
14630
4146
4146
4146
10104
10105
5652
24474
20268
26046
26046
26046
26046
3230
25907
25841
26049
13789
26047
26049
25841
25841
3230
3230
3117
3117
18486
18486
3096
9551
9551
9446
9446
9528
9528
9528
14644
14621
14623
14623
14623
14623
14623
18837
18803
22070
22070
9741
18786
2742
2747
2775
22070
2743
23303
2780
23129
23129
2745
23133
2780
2706
18792
9113
18786
14179
14179
14193
23861
14622
4908
23861
14622
13552
13554
14618
13549
13552
13552
4908
4899
4899
4776
4784
14182
14182
14624
14637
14637
14637
14642
14623
14623
14623
14618
14618
14618
14620
14620
14622
14181
4808
23854
23854
19417
14181
25835
26046
9551
9551
9528
9550
9551
9551
9551
9551
9551
9551
9551
9551
9551
9551
9269
9269
9551
14618
9550
9550
9550
9550
4899
14182
14179
4900
4900
13552
4899
4899
4899
4776
14184
14188
7100
7101
1390
11736
26047
9537
19424
14188
7227
19419
9737
9742
9743
9110
9741
9743
9711
19404
14188
14188
14182
26054
19667
19667
19667
10110
24322
24328
24322
19667
4146
19655
19667
19667
10110
19655
19664
18985
18973
18967
18971
5742
5687
18967
18971
18948
18966
18966
18966
5736
25657
5652
5652
5652
5652
10056
10052
10054
5652
5652
5651
18967
18967
18963
18948
5653
5653
10106
10052
10052
5653
10060
5815
5815
5815
5815
13928
13881
13839
14540
14504
14504
13883
13895
5815
5815
5815
14540
5815
18803
18803
18048
22070
13835
19750
5815
14540
14540
3358
13844
5307
5307
13928
13891
5549
13835
13835
5815
14504
5307
19733
19733
19733
5549
18805
18803
9744
13426
25968
21925
288
13949
13950
1908
1904
288
298
1882
5815
5815
14549
5812
25666
19757
1903
4973
19077
4974
4973
1903
4973
4973
23286
2770
23128
23128
2745
23133
2719
2752
18804
18799
23886
18985
18985
25492
25835
18922
18971
18948
5652
5652
25970
5653
25970
7228
16440
16443
16369
9483
16443
16443
16443
16443
16369
16369
16443
16369
16443
16443
16369
16440
16369
16440
16440
9483
16369
16369
16369
16443
19597
19599
19597
19597
19605
19597
19602
19605
16369
19602
19602
19602
19597
22331
22331
22331
22331
22331
22331
22331
22331
22331
22331
22331
22331
20792
20792
20792
20792
22331
22331
22331
22331
22331
22331
22331
22331
22331
22331
22331
22331
22331
22331
22331
22331
22331
22331
22331
22331
22331
22331
22331
22331
22331
22331
22331
22331
22331
22331
22331
22331
22331
22331
22331
22331
22331
22331
22331
22331
22336
22336
22331
22336
22331
22331
22331
22331
22331
22331
22336
22331
20787
20792
20792
20787
20792
20792
20792
20792
20792
22336
20787
20792
22331
22331
22331
22331
22331
22331
22331
22331
22331
22331
22331
22331
22331
22336
22331
22331
22336
22331
22331
20792
20792
22331
20792
20792
20786
20913
20792
20786
16369
16440
16440
9480
16369
19602
19602
19602
19599
19599
19599
19599
19599
19600
19612
19612
19612
20792
22336
20913
20913
22336
20644
20792
20644
20913
22063
20644
22057
20640
22057
20792
20913
20792
20912
20792
20644
22057
20644
20787
22062
20913
22063
20644
22059
22057
22057
22056
20938
20941
20941
19615
19613
19615
19589
19600
19590
19590
19589
19590
19600
19591
19599
19590
19590
19590
19590
19590
19590
19590
19590
19590
19590
19590
19590
19590
19590
19590
22057
22057
20925
20925
20925
20917
20919
19613
19613
22057
20919
19593
19589
19589
19590
19578
19590
19590
19590
19590
19578
19591
20941
19614
19589
19589
19589
19599
19590
19590
19590
19590
19590
19589
19578
19590
19601
19597
19599
19597
22057
20937
20937
20941
19614
19614
19614
20919
19589
19589
19589
19593
19589
19589
19589
19589
19589
19589
19578
19578
19579
19590
19590
19590
19590
19590
19590
19590
19590
19579
19579
19590
19600
26045
26046
9600
19297
13310
295
13795
13795
13795
298
2732
19750
26054
19667
18803
123
123
123
123
123
123
123
123
123
123
5647
10052
10052
10052
18967
23887
23887
9736
23887
14292
23775
10052
23886
14188
14289
4958
13802
18940
18940
18940
18940
18921
18940
18940
18921
18927
18922
18927
18927
18971
18971
18971
18971
18948
18923
18948
18948
18923
18923
18923
18923
18948
18948
18925
18923
18948
18948
18948
18948
18948
18948
18948
18948
18948
18948
18948
18948
18971
18971
18966
18971
18948
18966
18966
18966
18966
18971
18971
18971
18971
18967
18985
18985
18971
18971
18985
18967
18971
18971
18967
18971
18972
18971
18971
18971
18971
18972
18971
18971
18971
18971
18971
18971
18971
18971
18971
18971
18971
18966
18971
18966
18966
18971
18971
18972
18971
18971
18971
18971
18971
18971
18971
18966
18972
18971
18971
18971
18971
18971
18971
18973
18921
18921
18929
18922
18921
18929
18922
18927
18922
18922
18926
18929
18929
18929
18923
18926
18926
18923
18922
18922
18922
18922
18922
18923
18922
18922
18923
18923
25493
25493
18940
18940
18093
18928
18971
18971
18971
18971
18985
18985
23868
23868
18971
23868
23867
23869
15702
15702
14393
5657
18134
17385
17385
18922
23865
23864
23866
23865
25488
25488
25488
25492
23864
18109
18109
18113
25443
25443
23865
23867
23871
23869
25443
25443
18115
18111
18111
18115
18115
18097
18113
18113
23864
23866
18921
18921
18921
18921
18922
18922
23866
23864
18113
18113
18113
18113
23865
23866
23865
23867
23865
23865
23871
23871
4437
4437
23871
23871
17392
23871
15702
14393
5639
5652
4427
4437
23864
23864
23871
17392
17392
23865
23864
18923
18923
18923
18923
18923
18940
18940
18922
18922
18926
18971
18948
18923
18929
18929
18929
18971
18971
18114
18922
25489
25492
25489
25443
18096
18093
18096
18097
18113
17392
25835
25493
18940
23866
18926
18926
18923
18927
18926
17392
23868
23868
18115
18111
18096
18115
18111
18093
18966
18966
18966
18971
18971
18966
18971
18985
18985
5687
15702
18948
18948
18948
18948
18971
18971
18971
18971
18971
25657
18131
23871
23871
17392
23867
23867
17385
17385
25657
18948
5738
25657
18948
18948
18948
18948
18948
18948
18948
18948
18948
18948
18948
18948
18948
18948
18948
18948
18948
18948
18923
5687
5738
18971
18922
18926
18923
18923
18923
18923
18922
18922
18922
18923
18923
18923
18923
18929
18929
18923
18923
18923
18923
18923
18922
18929
23866
23864
23865
23865
23865
23868
18113
18113
18113
18113
18113
23864
18113
18113
23864
23864
18113
23864
23864
23864
23864
18114
18114
23865
18115
18111
18113
18113
18115
18097
18114
23864
18113
18113
18113
18113
18115
18115
18116
18114
18114
18114
18114
18114
18114
18923
18971
18967
18966
18948
18948
18966
18922
23864
17392
25835
25835
25835
18966
18966
18948
18966
18948
18948
18948
18966
18923
18923
18948
18948
5729
23871
18971
18971
23864
23864
23864
23864
5743
23871
25835
18929
18929
18922
18971
18971
25657
18948
23864
18113
23864
23864
18113
23864
18113
23864
18113
23864
18113
18113
18113
18113
18113
18113
18113
18113
18113
18113
18114
18114
18113
18113
18113
18113
18113
18113
23864
23864
23864
23864
18113
18113
18113
18113
23864
23864
23864
23864
23864
23864
18114
18114
23864
18114
23864
18114
18114
18114
23864
23864
23864
23864
23866
18113
23864
23864
18114
18114
18113
18113
23864
18113
23864
23864
23864
23864
23864
23864
23864
23864
23864
23864
23864
23864
23864
23864
23864
23864
23864
23864
18113
18113
23864
18113
18113
18113
18113
18113
18113
18113
18113
18113
18113
18113
18113
18113
18113
18113
18113
18113
18113
18113
18113
18113
5653
5652
5652
5652
18113
18113
18113
18113
18113
18113
18113
23864
23864
23864
14447
14447
4432
4469
5653
229
210
5657
5657
5647
10176
10224
10176
10176
5103
5175
10225
10220
16486
76
9690
16482
230
4432
4469
4469
5090
5088
5092
5094
5151
9979
5147
5151
9982
13357
13357
9982
16484
16493
16483
16481
15781
9374
15749
15749
9953
9951
9939
9953
4468
4468
4466
4468
16492
16492
16485
16485
4254
5053
5053
11691
5073
4171
16492
16484
16482
16482
5171
5171
9895
10033
9970
9956
5163
5163
5163
5163
10031
10032
10029
10031
16474
5647
5093
5103
5106
5103
16488
16488
9690
16486
8335
9894
9935
16659
23373
23373
1761
23373
10216
10217
10217
10215
5104
5161
5161
10207
10215
5653
5647
5653
5653
5653
5657
5653
5653
14447
14447
16485
16492
9933
23458
23458
23458
23458
230
4463
23448
23448
23448
23456
23444
23445
23457
23456
9968
9949
4258
4255
11558
11693
26054
26054
26054
26054
26046
26046
26046
26061
26046
26044
11691
1824
11560
11691
11691
11560
4431
208
4431
26044
26044
25836
25842
19276
14188
19424
11551
11560
11560
23450
504
539
504
11477
11560
11499
11558
11477
11478
7222
7221
11493
11493
4812
13194
13195
13195
23441
23441
23441
23441
5503
5503
5503
13192
4458
4458
4458
23373
23373
23373
23450
9371
15749
15848
15848
23373
15848
4258
4255
8245
8326
8245
8245
8331
8270
8339
4425
25836
25836
23871
17020
17023
16996
17023
26045
25836
25836
26045
17000
17028
4428
4428
4432
224
4432
10761
10763
25845
25836
26045
26045
8332
9929
19760
19760
19760
19699
19752
19752
19747
19746
21064
19758
21064
18804
8298
8326
9905
23266
23264
23265
23260
23243
23230
23240
23243
23903
16659
23889
23887
23889
23885
23887
4921
4958
23128
23135
16686
16683
16667
16691
21107
19760
4299
4306
4309
4310
4311
4311
4972
4972
4917
4968
19752
19752
19746
19749
9069
8266
9075
9069
9079
11551
4258
11551
504
26054
26054
19769
26021
26021
25392
24357
23264
23264
23260
2634
4315
4321
25961
4325
25961
25961
4913
16733
14119
4953
23889
23889
23889
23889
23903
5143
5137
5130
18141
5143
5141
5141
5171
5148
5653
5647
16683
25970
25972
25987
26006
16704
9898
9931
5028
5045
10217
10225
23264
5418
5418
5413
5414
25958
25958
25751
25751
25705
25737
25732
25729
4315
5464
5464
5464
5464
23229
25961
25985
25751
25583
25966
25986
24365
24365
25392
25583
25627
25627
5460
5460
5450
5450
25618
24403
24404
24405
25612
24411
25610
25611
25610
25579
25582
25581
25585
25583
25583
25586
25552
25670
25557
25557
25670
25596
25604
25601
25805
25618
25805
25656
25656
25656
10324
25656
5458
10255
25791
25793
25793
25569
25792
25780
25862
25854
14381
5458
25614
25616
25557
25598
25762
25572
5451
5460
5458
5458
5462
25804
25617
25614
25604
25600
25584
25557
25568
25571
10350
10350
5458
10334
10334
25856
25583
25726
25726
10326
10324
10334
10334
25794
25793
25793
25849
7960
7960
25559
25552
7960
7960
10330
10256
25656
10334
10324
10324
10293
10256
10380
10303
16744
10620
7981
7967
7957
7960
10365
10256
10325
10367
7987
7987
7965
7973
7962
7959
7966
7966
10305
10250
7980
10457
10256
10256
10253
10249
10365
10249
16818
16814
16786
16818
7960
7965
7939
7966
10625
16807
16807
16808
10625
10309
10625
16817
16817
10625
16816
16816
16812
16812
16787
16818
16808
16817
16812
16812
16812
16808
16812
16817
16817
25970
25969
25969
25970
25744
25956
25758
25748
25785
25790
25792
25851
25793
25868
10454
7969
10449
10459
7983
16808
16818
16817
14104
4951
4950
14116
26804
19077
25969
25969
5458
25609
25581
25582
25790
25760
5457
5457
10326
10449
10326
10326
7962
7962
7960
7962
7960
5461
5461
5461
25767
8245
8245
5093
5105
5104
5104
5082
5090
5091
5100
16488
16487
5143
14288
5143
23889
23889
4917
23135
4973
11488
11483
26054
26054
26046
26046
26046
26046
26045
26046
25968
25969
25970
25966
25966
25974
4919
23266
23250
19760
9429
16126
16126
16126
11482
11482
4469
4464
4468
4464
4457
23436
23469
23469
23469
21064
19758
9739
18829
7313
7221
539
11477
10148
10148
10216
10216
23450
23450
23496
24289
23228
23166
9070
4248
4283
9949
13677
13677
504
23450
23373
23450
4325
4919
4917
25968
224
5653
23347
23373
11691
1761
1761
11691
11560
11560
16486
9690
73
73
9690
16489
73
73
4469
14447
5653
5653
26047
26046
26046
26044
14447
5653
5653
9384
23806
4427
4425
15749
9386
4464
4464
4464
14447
5653
17100
17100
9956
9955
14289
14289
5652
14278
14292
14289
14253
23887
23887
4917
4957
5508
5505
71
4415
14278
10029
16488
16488
10207
10218
10218
10222
10220
25968
23437
23439
23439
23437
25969
25974
26800
25978
4307
4310
5414
5414
25854
10326
10447
10476
16808
16808
16817
9359
16128
16128
9359
15848
24317
15765
16125
9429
9429
16144
16126
9430
16126
16126
9359
16126
16126
9359
9374
9374
15765
15793
71
23669
9690
9690
9688
9690
4584
5509
23804
23804
13192
13192
5503
5503
15848
23443
5509
5508
18780
1761
5059
5093
5093
5082
18780
5093
5093
5146
5653
5508
5508
23441
23441
23457
23441
556
539
11480
556
23465
23468
23468
23465
23518
23518
23669
71
17023
16996
9935
16659
16679
4918
4918
25985
16681
25960
25958
24362
24365
24362
26006
24365
24345
5460
7960
7966
7970
7965
7979
7979
10303
7966
16808
7980
16808
25969
23266
17100
14113
4953
10029
9970
9970
9985
9980
9970
9959
9951
9951
9951
9951
9949
4254
4271
11692
3831
4917
25969
4325
4317
4361
5503
23448
552
23518
23518
5503
71
234
4468
17106
17106
17098
25970
4919
25704
25589
25555
25556
25555
25791
25538
7958
7967
7958
7956
7965
7965
10467
16818
16812
25970
25970
4464
16487
16484
5503
15848
23445
5503
16487
9690
14063
14063
14051
14051
4864
14051
14063
14063
4864
14051
26462
26462
14051
14051
4864
4864
14063
14063
16363
16363
16363
16128
4864
4864
14063
14063
4864
4864
15857
15857
4876
16021
14063
14063
14063
14063
26462
26462
14051
14051
26462
26462
4864
26462
26462
14051
14051
14059
4864
14063
14063
4864
14063
14063
14063
14063
14063
14059
14059
14063
14063
15857
15857
14059
14059
4864
16021
16128
16128
16363
16363
16363
16364
16344
16344
16129
16128
16363
16363
16021
16021
16363
16363
16363
16363
9429
9429
16128
16128
16128
9429
9429
16128
9379
9379
16128
16129
16363
16363
16128
16128
16128
16128
16128
16128
16128
16128
16344
16344
16128
16128
16363
16363
16129
16363
16363
16363
16128
16128
16128
16128
9429
9429
9428
9428
9428
9428
9374
9386
9386
9386
9428
9428
9379
9379
9379
9379
16330
16128
4864
4864
14051
14051
26462
14051
4864
14063
26462
16128
16363
16344
24519
16344
16363
16363
16363
16363
16344
16344
16344
16129
9429
9379
9428
9429
9428
9428
16344
9428
9429
9384
9429
9429
9428
9428
4864
14063
16363
16363
16129
4864
14051
14059
14063
14059
16344
16344
16363
9428
9429
16363
9374
16363
16344
16128
26462
4864
16363
16363
16344
16129
16129
16126
16126
26462
16128
16363
26046
5100
5161
5026
5074
5071
16495
4812
5100
18113
18113
18113
23887
23864
23864
18113
18113
18113
18113
18113
18113
18113
18806
9107
18806
18804
18801
19453
19453
19457
19473
17031
8319
17033
17000
17002
16704
16999
16695
16667
16687
23138
16667
23885
23876
23886
23886
4464
25836
208
4431
23469
23469
26119
26041
25836
25836
25836
26044
25836
4458
4458
4458
4462
23441
23458
23441
23441
4466
4466
4466
4466
23436
550
550
550
23448
23454
550
23457
23447
76
76
4468
23447
23447
23449
23447
4458
23437
23437
23437
23437
23439
23436
23438
23441
23447
23447
4468
4464
4466
4468
4464
23347
4812
23347
23450
23450
13195
209
4468
4468
72
23517
23457
23457
23441
23450
23456
4464
23437
23437
23438
23437
23436
23457
23439
23438
23441
23441
23441
4468
73
4464
73
73
76
4464
16363
23441
23441
23441
24289
18966
18967
18948
18948
16129
16129
16021
4864
16021
16021
16021
15857
16021
26466
26466
26436
26436
26435
26435
26436
26435
26436
26435
26435
26436
26436
26466
26436
26436
26466
26435
26435
26436
26436
26466
26466
26436
26436
26435
26435
26436
26462
26466
26466
26466
26466
26466
26466
26462
26466
26466
26466
26466
26466
26436
26466
26466
26433
26436
26466
26466
26466
26466
26466
26435
26435
26466
26466
26466
26466
26466
26462
26466
26486
26435
26462
26372
26279
26371
26370
26281
26276
26277
26374
26370
26370
26327
26372
26369
26330
26372
26329
26376
26376
26349
26376
26398
26398
26396
26402
26377
26268
26272
26375
26374
26370
26370
26374
26442
26437
26441
26442
26263
26442
26438
26270
26263
26263
26276
26277
26437
26437
26386
26386
26386
26386
26410
26410
26410
26410
26406
26406
26386
26386
26386
26386
26369
26372
26331
26329
26329
26330
26376
26376
26376
26352
26387
26387
26397
26396
26236
26866
26866
26238
26413
26413
26445
26445
26446
26424
26410
26410
26386
26386
26276
26277
26263
26270
26443
26332
26377
26273
26402
26402
26402
26402
26445
26445
26445
26446
26374
26374
26410
26410
26413
26405
26442
26442
26279
26279
26266
26281
26441
26438
26438
26438
26413
26444
26444
26413
26413
26413
26413
26413
26444
26438
26444
26444
26374
26277
26374
26374
26330
26330
26330
26405
26405
26331
26386
26386
26386
26386
26386
26386
26386
26386
26605
26887
26238
26331
26329
26387
26331
26395
26331
26238
26238
26332
26402
26402
26386
26386
26413
26413
26376
26372
26275
26850
26850
26866
26605
26386
26386
26386
26386
26331
26331
26386
26386
26330
26386
26386
26386
26386
26386
26402
26402
26402
26445
26448
26448
26402
26386
26386
26386
26382
26386
26442
26441
26442
26442
26386
26386
26850
26866
26866
26850
26406
26496
26527
26405
26405
26437
26866
26402
26405
26437
26437
26437
26386
26386
26413
26413
26413
26438
26405
26279
26382
26275
26887
26386
26386
26386
26386
26386
26386
26279
26887
26266
26371
26281
26263
26266
26438
26442
26444
26281
26386
26386
26438
26438
26374
26382
26275
26405
26402
26438
26435
26435
26435
26386
26866
26866
26277
26277
26277
26277
26277
26277
26405
26405
26406
26405
26330
26332
26386
26386
26386
26386
26266
26279
26374
26374
26349
26901
26867
26887
26386
26386
26386
26395
26866
26605
26424
26438
26386
26386
26386
26386
26405
26268
26435
26374
26277
26867
26850
26605
26605
26866
26866
26386
26386
26386
26386
26386
26386
26386
26386
26386
26386
26386
26386
26386
26386
26386
26386
26386
26386
26386
26386
26386
26386
26386
26386
26386
26386
26386
26386
26386
26386
26386
26386
26386
26386
26386
26386
26386
26386
26386
26386
26386
26386
26386
26386
26386
26386
26386
26386
26386
26386
26386
26386
26386
26386
26386
26386
26386
26386
26386
26386
26386
26386
16113
16113
16113
16113
16113
16113
16113
16113
16113
16113
16113
16113
16084
16084
26342
26607
16113
16113
16113
16113
16113
16113
16084
26342
16084
16113
16113
26342
26342
16113
16113
16113
16113
16113
16113
16113
16113
16113
16113
16113
16113
26618
16113
16084
16113
16113
16113
26618
16113
16113
21629
21629
21629
21629
26618
21629
21629
21629
21629
21629
21629
21629
21629
21629
21629
21629
21629
21629
21629
21629
21629
21629
21629
21629
21629
21629
21629
21629
21629
21629
21629
21629
21629
21629
21629
21629
21629
21629
21629
21629
21629
21629
21629
21629
21629
21629
21629
21629
21629
21629
21629
21629
21629
21629
21629
21629
21629
21629
21629
21629
21629
21629
26605
26605
26605
26605
26605
26605
26605
26605
26605
26605
26605
26605
26866
26605
26605
26605
26605
26605
26605
26605
26866
26605
26866
26605
26605
26605
26866
26605
26605
26605
26605
26605
26853
26605
26605
26853
26605
26605
26853
26853
26853
26605
26866
26853
26853
26605
26853
26853
26853
26605
26605
26605
26853
26853
26853
26605
26853
26605
26605
26605
26605
26605
26605
26605
26605
26605
26605
26605
26605
26605
26605
26605
26605
26605
26605
26605
26605
26605
26605
26605
26605
26605
26605
26605
26605
26605
26605
26605
26605
26605
26605
26605
26605
26605
26605
26605
26853
26605
26605
26853
26605
26605
26605
26605
26605
26605
26866
26605
26866
26866
26866
26605
26850
26850
26850
26850
26850
26850
26850
26850
26850
26850
26850
26850
26850
26850
26500
26500
26850
26848
26850
26850
26850
26850
26850
26850
26500
26850
26850
26850
26850
26850
26850
26848
26848
26850
26850
26850
26850
26850
26243
26850
26850
26243
26850
26850
26243
26243
26243
26850
26342
26342
26850
26243
26342
26342
26342
26342
26342
26342
26342
26342
26342
26342
26342
26342
26342
26342
26342
26342
26342
26342
26342
26342
26342
26342
26342
26342
26342
26342
26342
26342
26342
26342
26342
26342
26342
26342
26342
26342
26342
26342
26342
26342
26342
26342
26342
26342
26342
26342
26342
26342
26342
26342
26342
26342
26342
26342
26342
26342
26342
26342
26342
26342
26342
26342
26342
26342
26496
26277
26277
26277
26277
26277
26277
26277
26277
26277
26277
26203
26203
26203
26203
26203
26203
26203
26203
26203
26203
26203
26203
26203
26203
26203
26203
26203
26203
26203
26203
26203
26203
26203
26203
26203
26203
26203
26203
26203
26203
26203
26203
26203
26203
26203
26203
26203
26203
26203
26203
26203
26203
26203
26203
26203
26203
26203
26203
26203
26203
26203
26203
26203
26203
26203
26203
26203
26203
26203
26203
26203
26203
26424
26424
26398
26397
26402
26396
26398
26395
26382
18922
18922
18922
18922
18923
18929
18922
18922
18922
18922
18923
18923
18923
18929
18929
18929
18923
18929
18929
18922
18922
18922
18922
18922
18922
18922
18922
18922
18922
18922
18922
18929
18929
5653
5653
18922
18929
18922
18929
18929
13192
4584
23378
23502
5130
4273
4255
7222
7220
9980
9981
9974
5137
9970
9041
9069
4254
18829
7222
7220
9982
9951
4249
11692
11692
11692
5147
5147
9982
14285
11551
11493
9942
10148
10224
10163
10148
10218
10174
16497
16496
16496
16495
16495
16495
18781
18780
18780
5100
5096
5094
10049
10052
5653
14059
26466
26046
26046
25836
208
25836
26046
5045
26061
26046
26109
25836
213
79
23436
23437
23437
4466
4462
23498
23468
23468
23468
23445
23441
23441
23457
23447
23450
550
11480
11480
11496
8356
19468
8301
8319
9106
9111
17015
9913
8301
8322
9910
16691
23889
23885
23887
16702
23885
16696
16663
9106
18833
9075
11493
11482
11482
415
550
550
23480
23458
23450
23448
23447
23447
23447
23447
23457
23441
23441
23458
23458
11493
14184
18780
5053
11691
11477
11477
11477
539
539
550
539
550
550
550
23645
23480
664
26114
25845
19276
19276
25836
25842
23437
23441
23441
23437
23437
23437
23437
23437
23465
23437
23465
23465
23437
23465
23437
23437
23437
23441
23441
23441
23439
23441
23441
14184
19276
23447
23447
23447
23441
23457
23447
23447
19276
14178
4468
4468
4466
4466
16344
9717
9128
9739
11493
14188
10222
10222
10223
5095
5092
5092
5095
5094
5090
5094
5102
5102
10220
5092
5092
18985
18971
18971
18971
5653
5652
10052
10049
5647
5653
5653
10052
23195
19747
23195
19747
17071
17071
19453
19747
19747
19746
19453
17071
19747
23195
19746
19747
19747
18804
18804
8266
19473
19458
19746
19746
19749
19758
19758
19758
19758
19453
19453
21061
19458
8356
19758
19754
19749
19758
8356
18804
18804
9116
5461
25969
25969
17106
23250
23195
4919
4918
17100
4315
25969
19749
19749
19749
19749
19752
4973
4974
4973
4973
23876
23884
23885
23887
16696
23885
16667
16667
16812
16812
16812
16812
16812
16812
16812
16812
16812
16812
16812
16812
16812
16812
16812
16812
16813
16812
16812
16812
16812
16812
16812
16812
2189
2189
2173
2189
2173
2173
2173
16812
2173
2173
2173
2189
2159
2295
2295
2295
2295
2296
2296
2296
2296
2296
2296
2296
2296
2335
2335
2335
2335
2357
2357
2357
2357
2296
2296
2296
2296
2296
2296
2296
2296
2296
2296
2296
2296
2296
2296
2296
2296
2296
2296
2296
2296
2296
2296
2296
2296
2295
2295
2295
2295
2295
2295
2295
2295
2295
2295
2295
2295
2357
2357
2357
2357
2357
2357
2357
2357
2357
2357
2357
2357
2335
2335
2335
2335
2335
2335
2335
2335
2335
2335
2335
2335
2357
12504
2296
2357
2296
12504
2357
2296
2296
2296
2357
2296
12504
2357
2295
2295
2357
12503
2357
2335
2335
2357
2335
2335
2331
2335
2335
2335
16812
16812
16812
16812
16812
2174
2173
2174
2173
2173
2173
2173
2173
2173
2173
2174
2173
2357
2331
2331
2357
2331
2335
2332
2335
12505
2331
12505
2331
12505
2331
2335
2331
2335
2331
2335
2331
12505
2331
2335
2331
2335
2334
2331
12505
12505
12462
12462
12455
12455
12455
2173
2173
2173
2173
2173
2173
2173
2173
2173
2173
2173
2173
2173
2173
2173
2173
2173
2173
2173
2173
2173
2173
2173
2173
2173
2173
2173
12505
12505
2174
12518
2174
2174
2174
2173
2173
12505
2174
2173
2172
2172
2173
2173
2173
2173
2173
2173
2172
2159
12455
2173
2173
2173
2173
2173
2173
2173
2173
2173
2173
2172
2173
2173
2173
2173
2173
2173
12505
12505
12505
12505
2173
2173
2173
2174
2173
2173
2173
2173
2173
2173
2173
2173
2173
2173
2173
2172
2173
2173
2173
2173
2173
2173
2173
2173
2173
2173
2173
2173
2173
10326
10326
10294
17100
14278
5137
14278
14113
9984
16497
23864
23864
23864
23864
23864
23864
23864
23864
18113
23864
