664
456
550
8399
455
8327
548
944
660
940
942
660
657
361
451
657
8171
8249
8251
8251
8099
166
166
8099
8171
8170
8251
8171
8099
8099
8099
8099
8171
8171
8098
8098
8099
8099
8099
8099
8323
8249
8170
8246
8098
8095
8095
8095
8095
271
271
270
270
270
270
8167
8167
8168
8168
8092
8015
121
8092
8094
8246
8246
8095
8246
8246
8246
8246
8246
8246
8246
8094
8094
8094
8094
8095
8246
8246
8170
8246
8246
8246
8246
8246
8246
8246
8246
8246
8094
8094
8094
8092
8170
8246
8246
8246
8168
8168
8092
164
165
302
455
8326
8326
302
8326
546
546
546
546
364
546
8326
8326
365
365
364
364
302
8172
302
302
365
8172
8172
8172
238
238
666
552
703
8399
8469
8322
8322
451
654
8321
301
357
654
935
935
1641
1083
1641
651
649
929
929
937
943
943
942
1489
1090
1256
1648
1299
825
1260
1898
2350
2843
3062
2352
3600
2846
1640
1885
933
1433
3601
1946
3877
3879
3314
3310
4432
4434
8248
8247
8169
3592
548
455
8326
662
582
943
1647
1647
2597
1890
3058
3058
2343
2120
2341
2590
8093
2834
1881
1881
8394
2178
2673
8165
2669
2669
8009
8085
647
8164
1953
8467
3057
2592
2677
2831
2406
8016
8017
8251
238
365
365
238
8177
233
8174
303
452
273
8323
8323
8326
8326
8326
271
359
940
662
1120
823
7797
8025
8105
8173
7941
7943
7937
3053
8013
668
459
8468
658
545
545
452
658
938
937
1438
3315
3880
3710
4435
3059
8024
8098
8170
8098
8094
8094
8015
8094
234
234
8088
540
8098
8098
8098
8098
8246
8095
8095
8095
8095
542
8243
1430
1431
8395
8091
7933
7781
7870
7870
7781
8166
8090
448
448
8098
8098
8098
8098
8098
8098
8098
8098
8098
8098
8098
8018
8098
8098
8098
8098
8098
8098
8099
8099
8018
8018
8018
355
8010
368
8022
8246
302
364
8251
273
364
238
8172
275
275
275
275
166
238
8326
8326
238
238
238
238
364
662
546
2593
2592
1643
1438
1643
2123
2126
2596
2127
2126
2127
2127
8621
8621
1890
1890
1888
1252
1441
8539
1306
1438
1305
2123
7792
7725
8325
8252
8397
2837
8020
7875
1250
1440
3594
8100
8396
2837
8020
7937
7938
8537
8537
1643
1643
1248
1440
166
8021
8021
276
1938
1293
7796
2910
8015
121
8098
7936
8095
8095
8172
7872
7868
7930
3052
8089
8098
8098
8098
8095
8098
8098
7936
7936
238
365
8018
8098
8018
787
926
8095
8095
822
3693
3988
8539
8538
8620
8539
8009
1429
8011
8326
8326
8172
7789
8094
8094
7780
8012
8098
7783
8620
8620
8620
8620
8621
8621
8621
8621
8621
8621
8621
8621
8621
2127
2126
2126
2126
2126
2126
2126
8537
8537
2126
2126
2126
2345
2345
2345
2345
2345
2345
2345
2126
2126
2126
2126
8620
8620
8620
8620
8538
8538
8538
8538
8538
8538
8538
8538
8538
8538
8538
8538
8538
1440
2344
2344
2123
2123
1643
2123
2594
2594
2123
2345
2345
2345
2345
8538
1643
2123
8538
2345
8538
8538
8538
8538
8538
8538
8538
8538
2345
2126
8620
8620
2345
2345
2345
2126
2126
2126
2126
2126
2126
2126
2126
2126
2126
2126
8620
8620
2126
8620
2126
8620
8620
8620
8083
8085
8085
8083
8620
2126
2126
8620
8620
8620
8620
8538
8538
8538
8465
990
1240
8391
8464
488
583
706
397
445
8526
8697
8384
8382
8523
8379
8379
8453
9525
9524
9525
9433
1962
1962
1309
1131
9222
9022
9020
9020
8761
5672
5672
5672
530
634
9216
9219
267
308
8697
8526
3483
3039
3039
3295
1596
2054
1205
1205
1145
1330
1520
1145
9521
352
9339
9337
635
638
442
9328
531
530
9228
9229
9229
267
8301
8453
3243
2996
9319
4371
8452
8599
8603
8453
9107
9107
5357
8827
397
304
8687
8523
8603
8687
9580
502
9627
9581
1203
2049
8998
8827
9710
9677
9663
9663
8225
8225
8379
8227
8686
8603
8686
8069
8068
8154
8153
304
396
8156
8080
487
8158
8237
8237
406
9520
4315
8933
9033
5185
8774
1311
1966
9586
9586
9432
9586
9699
9685
9699
9699
898
1060
529
775
775
634
8001
8155
8234
8079
8534
8314
8389
8535
8775
8616
635
635
776
776
776
776
1961
2685
2685
8318
4004
8393
8318
8305
8147
8072
8147
9577
9577
9577
9577
9577
9577
9577
9518
400
532
776
775
7977
7902
7902
8293
9742
1072
918
9716
9699
9699
4950
4950
1870
2329
2329
9784
2692
2689
1966
2570
4694
9764
2570
3483
3039
9813
2567
3300
3581
631
9009
526
9004
624
764
1054
622
9210
2417
2926
3305
3305
1577
2757
2753
1786
8087
3705
3708
3708
1583
2274
2117
1701
1492
1492
1079
3230
3227
2677
3590
3423
3419
3416
3410
1385
997
9501
1758
9501
9501
300
8656
8656
395
8195
8197
8428
8427
9209
8997
2281
9397
9396
1010
850
2449
9565
3753
2229
5535
8668
5132
5816
8280
8280
8357
8268
8349
8268
5931
3511
4092
4626
4626
699
698
8645
8799
8551
8479
8333
988
4552
4290
5070
5494
8267
8489
8421
300
398
398
8583
8588
334
8515
9227
775
8508
8388
8311
9403
9080
9080
7948
2706
1739
1723
9393
1322
829
1302
3469
4040
3174
2439
8660
8660
5936
8992
8360
5497
8585
5500
8357
8443
8504
8675
8675
8675
8509
8069
8377
8223
8080
7999
3509
1536
8716
8334
2966
2983
3243
3241
9117
9011
8379
8379
1534
8792
1498
1490
8632
4323
4578
4024
4032
4822
8472
8330
4565
9076
9284
9391
8964
8962
2943
4050
4042
8713
5096
8715
8971
2935
2702
1711
1964
1313
1500
9281
9282
8960
8870
9554
1699
9614
2189
3433
2931
4008
3439
4563
4585
9390
5079
8876
8796
9075
5308
9172
9176
9384
5492
5064
5095
4847
5064
3698
3982
4544
4586
3133
3403
2657
2649
9275
9376
8700
8871
8868
8785
4541
8622
3687
8623
1713
9478
2672
3709
8961
9283
5073
8633
2656
1932
1477
8544
2662
3418
3703
4821
9613
9480
8959
9177
8545
8703
3159
2393
2164
8781
3159
3684
4799
5064
4799
2896
3396
9473
9062
5797
8865
5486
8949
9468
9276
9276
9550
4792
5458
4792
3388
3968
3681
9551
9467
9607
9374
9454
3928
9144
9455
5780
5780
5908
9263
9649
3959
3667
3388
5603
5764
9053
5822
9460
9459
9258
9259
9645
3944
4245
3373
9603
3104
3373
9605
9264
9257
9047
5218
9150
9150
9370
9367
9367
9370
9359
3640
3934
3929
9359
9359
9593
3358
4467
4208
9045
9045
9045
9145
9361
9045
4740
9045
9045
5221
4469
9045
4740
4469
4208
1538
1540
2232
2232
3723
3449
4299
3154
4553
5060
4813
5298
5294
5284
8779
5275
9158
5236
8859
4739
5224
4984
1121
8407
3479
2220
2465
2465
2969
3485
9277
4300
9386
9555
3991
3409
2665
3421
9161
3975
5266
9163
3965
5262
5767
9604
5256
2680
3141
8402
1951
8911
767
9018
8843
8843
8919
9120
9018
9221
198
534
9623
7910
7988
8444
8498
5943
8570
8422
5301
4816
3485
2465
8291
8139
8003
8157
8238
8006
8008
8238
7928
7927
2236
2236
2728
3742
3742
7881
3746
850
9082
9567
4054
9828
9828
4054
8381
8610
1308
1969
1969
1315
1318
9236
9035
4312
4167
8352
8352
8134
8209
8364
8289
8610
9227
8069
8071
8148
7992
4421
3864
3865
4423
1758
1541
9215
768
9007
9007
9217
631
9326
9660
9660
9660
2442
8346
8346
2236
2236
1080
1488
2570
9784
9577
9577
9577
778
9577
9577
9431
496
9232
402
9030
490
490
399
828
8390
8236
8158
8086
8241
8241
8084
7923
7925
785
8162
8161
3483
3039
8467
1698
4054
3579
9032
996
1503
8319
8240
2945
9193
9506
2292
5812
5812
8203
8203
7840
7697
8085
8439
8439
8203
8285
5497
8357
5933
5815
1422
1875
1636
1075
8672
8587
9578
9578
7910
8227
8304
8380
8304
1936
2236
4426
4426
4047
4047
3742
3746
1118
7730
7730
979
1971
8331
2191
2686
4798
4267
5013
4745
4224
4984
3637
4054
9811
9812
9812
3039
3297
3039
2567
3483
3579
3483
9811
9828
4343
9811
9811
9811
4419
4343
3295
3039
3039
3295
1741
1524
9679
9681
9683
9681
2567
3300
2574
1997
2329
1870
1867
2565
9796
9812
9735
1232
350
778
9518
8687
8844
9424
9330
8844
8844
8444
8161
1870
1870
4423
4423
4950
4950
8770
9340
9026
8527
9718
3872
9669
3587
2715
2216
2827
9737
2261
1519
9103
9208
8992
3756
4856
4592
3224
8478
5094
9186
9079
9491
9560
3455
3450
8546
9602
5242
9600
5449
9688
4506
3363
5428
9643
9671
4480
2966
820
8409
8645
8570
9096
9213
9003
5502
5361
3529
9510
1214
1399
9320
905
904
1063
8366
8367
8511
8510
5933
2966
1146
986
8409
1072
9342
9342
9766
9765
1232
1145
922
1076
4840
4620
4088
1540
7730
8346
8638
8475
8789
8874
8955
9172
8949
9059
9158
9160
9158
9155
9151
5822
9145
9045
1936
1936
8932
534
534
919
7882
483
4421
3864
1231
9664
9679
2009
9880
9880
2009
9880
9880
9880
9880
9880
9880
1767
9880
9880
1767
9880
3013
3270
9880
9739
9749
9749
9739
3270
9800
9800
3270
3270
3838
3838
3270
3832
3832
9880
3013
3013
9880
1767
9880
9880
9914
1767
9880
1767
1767
9880
9880
1767
3270
3013
3013
3270
3270
3270
9880
9800
9800
9880
3270
9800
3270
3270
3838
3838
3270
3838
3838
3270
9749
9739
9739
9749
9739
9749
9771
9771
9771
9771
9739
3838
3838
9739
9749
9739
9739
9739
4676
9790
9790
4676
9825
9824
4411
4411
4676
9790
9790
4676
9749
9749
9771
9771
9771
9771
9771
9771
9771
9771
9771
9771
9749
9771
9749
9771
9771
9749
9749
9749
9749
9771
9749
9749
9825
4599
4599
9825
9842
9842
9859
9859
9859
4411
4411
9859
9842
4599
4676
4599
9825
9771
9880
9880
9880
9880
9880
9914
3270
9880
1767
9749
9739
9771
9790
9790
9749
9749
9739
9739
9771
9790
9790
9771
4411
9824
9827
9827
4676
4676
9790
4599
4676
9842
4676
4599
4599
4676
9880
3270
4140
9739
9749
9880
9880
3270
3013
3270
9771
9749
9771
9842
4411
9749
3483
9749
9790
9771
1767
3270
9739
9739
9790
9790
9771
9824
9824
1767
9771
9739
8006
8003
7857
9220
8686
8839
9577
9518
9677
9677
348
2596
2839
2597
5497
5816
5816
8620
8620
8620
8620
8620
2347
2594
2593
2127
8202
8282
8200
8127
8047
7966
8198
9312
9206
9313
1042
1197
1379
889
2042
2040
9503
2984
3513
4628
4874
4877
5508
8820
8574
8351
8351
8349
8268
584
3589
2689
3589
8853
8776
8698
4312
8619
4169
8619
8393
8239
2695
2583
3171
3588
9130
9346
9345
9235
1983
1731
9636
2707
9236
8461
8770
8928
9231
9342
9342
9435
9586
782
9665
720
5183
9666
9666
9666
2692
3177
9634
9634
3460
9634
4695
4582
4429
5183
4952
1524
1721
1976
1137
1141
9742
9742
9742
5402
9744
9716
9733
1003
9528
2216
2710
9699
9699
9699
9586
5402
2583
3872
9669
9437
9437
4430
9530
9668
4166
9436
9436
9699
996
588
9344
9528
9433
9631
9031
9771
4950
4950
4950
4421
7934
7934
7936
7936
9771
9749
3832
3832
3270
3838
3838
3838
3838
9967
1781
1781
2050
2504
1781
2504
1781
2504
1803
1781
1781
1803
9967
9967
1781
1781
1803
1781
1781
9986
2050
1781
1781
2050
1803
1781
1803
9924
9924
1767
9967
9967
9924
9924
1767
9924
9924
9967
9924
9967
1781
2050
1781
1781
2050
9924
9924
9924
2050
9924
1803
1803
9924
9967
9924
9924
2050
1767
9924
9924
9986
1767
10002
1032
10028
10002
10028
10028
10031
10031
1032
1367
1367
1032
1032
7147
7147
1032
10025
6977
1179
10025
876
10025
10025
1183
1182
10002
10002
10002
1367
1367
1367
1367
1787
1787
1568
1568
1568
10005
10005
1568
10031
10031
10031
10031
1568
1787
6982
6982
6982
6982
2264
2025
2025
2264
10002
10002
6982
6982
6982
6982
1032
1032
6982
6982
7147
7147
1179
1179
10000
10025
10000
879
10014
10014
1564
10034
10010
10010
2025
2025
10013
1031
1777
10013
2264
2025
6982
6982
10031
10031
10031
10005
2260
6982
1182
1182
9989
10000
1182
1182
10013
1777
1180
10013
1367
1569
2264
2492
2025
1367
1367
2492
2264
10028
10028
10028
1568
2019
2025
1568
2025
2260
2019
2019
2019
2019
2025
2019
2260
2260
2019
2260
1787
1367
1367
1367
7147
6982
6982
10002
10002
6982
6982
6982
6982
6982
6982
6982
6982
6982
10042
2011
6982
6982
6982
879
2494
742
6982
6977
6982
6982
1032
1032
6982
6982
2019
2019
10000
1032
1182
10049
10046
10046
1554
6982
6982
6982
6982
6982
6982
6982
6982
6982
6982
6982
6982
6982
6982
1565
10000
1565
742
872
1040
9989
6982
6982
6982
1182
6982
1568
1568
10003
1568
6982
6982
1172
1554
10046
2493
1184
1796
2738
1367
2264
1367
10034
1565
1367
10003
1568
1568
6982
6982
2019
2025
2019
2025
1787
1367
10002
10002
1570
6982
6982
6982
6982
6982
6982
1367
6982
10028
10028
1367
10031
10031
2490
10005
2260
10028
6982
6982
2019
2019
10028
10002
1565
1565
1565
2019
1803
1803
1803
6982
1546
10010
10031
1787
1367
1787
10031
1787
1367
1367
1783
1783
6982
6982
6982
6982
6982
6982
1367
10028
1367
1367
1179
1035
2791
736
6982
6982
6982
872
10010
10010
2252
2019
6982
6982
6982
6982
1565
10002
1803
1787
1367
2005
1355
1546
1546
10049
1187
6982
6982
6982
6982
6982
6980
6982
6982
6980
6980
6980
6980
6980
6980
6980
6980
6980
6980
6980
6980
6980
6980
6980
6980
6980
6980
6980
6980
6980
6980
6980
6980
6980
6980
6980
6980
6982
6982
6980
6980
6980
6980
6980
6980
6980
6980
6982
6982
6980
6980
6980
6980
6980
6980
6980
6980
6980
6980
6980
6980
6980
6980
9921
9921
9921
9921
9921
9921
9921
9921
9921
2306
2306
2306
2791
2306
2306
2306
9921
9921
2306
9921
2306
2306
9908
2791
2791
2306
2306
2306
2306
2306
2306
2306
2306
9921
9921
9921
9921
9921
9921
9921
9921
9921
9921
2306
9921
9921
9921
9921
9921
9921
9921
9921
9921
9921
9921
9921
9921
9921
9921
9921
9921
9921
9921
9921
9921
9921
9921
9921
9921
9921
9921
9921
9921
9921
9921
9921
9921
9921
9921
9921
9921
9921
9921
9921
9921
9921
9921
9921
9921
9921
9921
9921
9921
9921
9921
9921
9921
9921
9921
9921
9921
9921
9921
9921
9921
9921
9921
9921
9921
9921
9921
9921
1188
1188
1188
1188
1188
1188
1188
1188
1188
1188
1188
10036
1188
1188
1188
1188
1188
1188
1188
1188
10036
10036
10036
1188
10036
10036
1188
1188
1188
1188
1188
1188
1188
1188
1188
1188
1188
1188
1188
1188
1188
10036
10036
1188
1188
1188
1188
1188
1188
1188
1188
1188
1188
1188
1188
1188
1188
1188
1188
1188
1188
1188
1188
1188
1188
1188
1188
1188
1188
1188
1188
1188
1188
1188
1188
1188
1188
1188
1188
1188
1188
1188
1188
1188
1188
1188
1188
1188
1188
1188
1188
1188
1188
1188
1188
1188
1188
1188
1188
1188
1188
1188
1188
1188
1188
1188
1188
1188
1188
1188
1188
1371
1373
10046
10046
1373
1373
1763
10046
1373
1763
10046
1550
1550
1550
1550
1796
1794
1794
1796
10046
1373
1550
1763
10046
1550
1796
1794
1550
1355
1550
1550
1554
1554
1550
1550
1550
1550
1550
1763
1373
1373
1373
1373
1763
1373
1373
1373
1373
1554
1373
1373
1373
1763
1373
1373
10036
1373
10036
1373
1373
1373
1373
1373
10036
10036
10036
10036
10036
10036
10036
10036
10036
10036
10036
10036
10036
10036
10036
10036
10036
10036
10036
10036
10036
10036
10036
10036
10036
10036
10036
10036
10036
10036
10036
10036
10036
10036
10036
10036
10036
10036
1373
1373
1373
10036
10036
10036
10036
10036
10036
10036
10036
10036
10036
10036
10036
10036
1796
1367
1367
1367
1367
1367
1367
1367
1367
1367
1367
1367
1367
1367
1367
1367
1367
1367
1367
1367
1367
1367
1367
1367
1367
1367
1367
1367
1367
1367
1367
1367
1367
1367
1367
1367
1367
1367
1367
1367
1367
1367
1367
1367
1367
1367
1367
1367
1367
1367
1367
1367
1367
1367
1367
1367
1367
1367
1367
1367
1367
1367
1367
1367
1367
1367
1367
1367
1367
1367
1367
1367
1367
1031
1031
1180
879
9989
879
876
872
10025
8326
8326
8326
8326
365
365
365
365
365
365
365
365
365
8326
8326
8326
365
8326
8326
365
365
365
365
365
365
365
8326
365
8326
365
365
8326
8326
8002
7918
8326
8326
8326
8326
8326
2330
2329
9796
3865
8672
338
256
8211
8366
1605
9508
5502
8831
9505
8674
8508
254
337
8057
8059
905
906
9007
9009
8369
8514
8675
8444
1215
5672
7618
8508
906
8075
7995
8151
8152
8307
8460
8609
9123
8924
265
9225
264
350
9425
404
9332
9222
9224
7912
7911
8004
3270
9967
8084
7923
7860
7923
3874
4009
8536
8239
8841
8160
8317
4558
4307
3873
3446
4167
9439
3171
3303
3460
4337
9764
4423
4423
4422
4423
4423
9699
9685
9432
9341
9026
9340
9227
422
8667
519
514
8128
8284
1588
9315
891
756
2505
8741
8825
8274
8274
3237
8577
9102
4096
8669
8582
8502
8228
8308
8527
8696
8929
8850
8696
9129
9233
9434
9231
9435
9586
4952
5183
4695
4952
9233
9129
8233
8077
9518
532
532
776
9518
9518
9340
9340
9341
9342
9126
9029
9029
8929
5504
8772
8387
8463
5731
8530
3434
4004
4593
4423
4593
4950
4423
4426
9764
4337
4337
4426
3744
4426
9718
3744
4428
4166
9718
9668
9699
4426
4426
9699
9668
8229
8383
9435
5184
4952
9632
5184
5184
9235
8385
8074
9585
1003
1520
1983
7925
9771
8072
8072
7977
5845
8206
8131
8057
7967
7969
7973
8059
7618
8149
7994
7998
7917
8524
8691
8457
8524
8765
8922
8765
8691
9024
8921
8523
8688
8379
8844
8764
164
121
8094
7935
7929
8010
8015
83
7936
7936
7936
7935
7926
8012
7922
7922
8007
8081
7845
7999
7915
8000
8004
7924
7934
7934
7936
7936
7920
7918
7913
7844
7761
8004
7699
1350
1541
864
1170
1519
1363
1192
9501
9092
9092
9410
875
864
864
1170
508
864
8433
8432
8279
754
8994
232
738
8732
509
8428
492
510
8736
492
8993
307
8898
329
606
8736
8492
8348
7803
7953
8579
251
8581
8363
1491
1936
2728
3780
2482
864
3479
8112
9309
848
2966
1173
738
605
8489
8269
120
8346
5815
5813
5815
5815
5494
5494
5301
8663
5534
8274
8272
3729
8496
4877
4319
7960
7961
8270
7932
164
393
7779
7940
7935
8018
8007
7921
1936
7921
1754
8059
4980
4980
8937
8937
4980
4980
4980
4980
8937
8937
4980
4725
4980
4980
4725
4980
8937
4460
4980
8937
8937
8937
8937
4980
4722
4453
4722
4722
4722
4722
4722
4722
8937
4722
3902
3902
4722
59
59
59
59
26
26
26
26
46
46
46
46
151
151
151
151
73
110
110
110
59
59
26
26
46
59
59
59
59
46
59
26
59
59
46
46
59
46
59
59
46
46
59
46
59
59
59
59
59
59
59
59
59
59
59
59
110
110
110
110
110
110
110
73
110
127
110
110
243
151
151
243
151
151
151
151
151
151
243
151
59
73
26
73
26
59
73
59
46
59
59
46
59
110
59
59
110
73
110
151
151
110
151
151
408
494
151
278
8937
4460
4460
8937
8937
3334
3334
3334
3607
4188
4188
4188
4188
3328
2855
2427
2364
151
151
278
491
151
491
209
461
491
712
494
839
589
839
151
491
151
494
151
494
839
497
243
589
315
714
494
712
801
801
801
1314
1314
1314
2131
2131
2131
2849
2849
4019
3324
3318
3886
3065
3605
3893
4178
4019
4019
3886
4178
4178
4178
4178
3893
3893
3893
3893
4019
3893
3886
839
839
1653
1447
1653
1445
1900
2360
2939
839
1972
2939
3065
3324
3324
3318
4019
3888
3605
3893
3605
9038
1314
2432
3451
3318
3886
3886
4178
4178
4178
3886
4025
3451
3318
3607
4188
4188
4188
4188
994
999
1134
1134
2432
2432
2432
1900
3456
3456
2939
2939
3451
3318
3318
3318
4025
4025
4025
4025
3886
3886
3886
3886
3886
4025
3886
4025
3886
3886
3886
3886
2855
7864
7858
3678
3440
9272
5124
8750
8675
8675
8409
9510
232
8001
8847
7807
8620
8620
8620
8620
8620
8620
8620
8620
8620
8620
7851
7851
7769
7765
7934
8357
5497
7970
7965
8285
5845
7764
8043
7993
8203
5931
7975
7575
7508
277
7647
277
7723
7419
294
7417
7505
7417
363
7503
360
272
200
7719
82
7719
7719
7874
7874
7939
7788
7873
7873
7786
7786
8018
8018
8018
8018
7873
7873
7873
7873
7874
7874
8018
8018
7718
7718
7718
7718
7873
7784
7935
7936
7784
144
144
144
144
104
104
81
7782
104
81
67
53
53
67
7784
7784
7784
7784
7784
7784
7784
7784
7784
7784
7784
7871
7935
7935
7935
7935
7784
7784
7784
7784
7784
105
105
105
105
105
105
105
7871
7871
7871
7871
7784
105
105
105
105
67
7782
7869
7869
7722
7723
7722
7722
7722
7722
7505
274
7505
7505
7571
7571
7571
7571
203
202
145
203
204
204
204
204
146
146
146
146
146
146
7728
7576
7726
551
663
7414
199
199
7414
143
7639
7568
386
7345
358
791
1085
653
539
930
928
538
386
547
453
454
1091
945
663
797
1117
7421
798
7650
1257
1649
7264
7262
1897
2646
1436
1084
1245
652
2648
1931
2840
2346
2348
2842
3313
3598
2647
2647
2835
7415
295
295
295
7722
549
7506
795
1089
1442
1442
1887
1889
1642
2121
1883
1434
2589
2342
1882
2338
2586
2118
7413
2338
2830
7501
7863
446
446
7862
2162
2645
2122
1886
2898
2339
2339
2833
2835
82
145
146
146
203
163
7793
7791
7940
7569
200
7719
201
7645
7645
7645
144
200
544
7505
1261
7798
1933
3129
3881
7574
7572
4433
3306
2830
7501
7879
7876
549
7416
7569
274
274
7416
360
543
655
2598
2128
7420
3061
1891
7511
7936
7936
7873
7934
7934
7934
7934
7867
7867
7865
354
8018
7873
8018
8018
7784
7935
7935
7935
7936
7567
541
1880
1244
1432
2587
2832
7640
3054
162
230
7866
7866
7936
7936
7936
8018
7873
7936
7936
7873
8018
8018
8018
8018
8018
7936
7936
7873
8018
8018
7939
8010
7929
7784
204
201
82
145
202
7719
205
205
276
146
146
146
7939
7645
7645
7788
146
145
82
202
7505
7571
1437
1681
7261
7261
7261
936
1251
1251
1251
1645
1251
1251
1251
1251
941
1087
1253
793
794
941
941
792
792
1437
3309
2838
2163
2125
7504
7643
661
659
2591
3309
2124
1681
7504
4170
3591
1086
1086
7261
792
659
659
7939
83
8015
7936
7936
7936
7936
204
7641
7638
7638
7500
7636
7936
7936
8018
7935
7936
7936
7936
7936
145
203
8018
8018
648
927
7935
7936
939
941
939
939
7926
1879
7716
7571
7645
204
7935
7935
7931
8018
1249
1249
939
939
1251
1251
1251
941
941
941
1251
1251
1251
1251
1251
1251
1251
1249
1249
1249
939
939
1249
1249
1249
1249
1249
1249
1439
1249
1439
1439
1249
1249
1644
1251
1249
1249
939
1249
939
939
939
939
939
939
939
1086
1086
939
939
939
939
939
1437
1439
1086
1086
1086
1086
1644
1644
1437
1439
1249
1086
1249
1086
1086
1086
1086
1086
1249
1249
1249
1086
1086
939
1249
939
1249
1249
1249
1249
1249
1249
1249
1249
1249
1249
1249
1249
1249
1249
1249
1249
1249
1249
1249
1249
1249
1249
1249
1249
1249
1249
7861
7861
7924
7861
1249
1249
1249
1249
1249
1249
1249
939
939
939
7342
7410
1637
7027
7340
1288
6783
7253
7020
7249
7180
7335
7246
7096
7089
7087
7087
7089
6279
6281
6181
6278
2643
2337
6956
6957
6616
6699
6772
351
261
343
260
197
690
972
1408
1113
6859
353
6862
573
4156
4156
3861
4161
2070
2386
2884
2294
6020
1677
2387
2630
643
6457
6359
6357
1070
814
1070
1070
910
910
6457
6703
6622
6540
119
7169
2067
1211
1213
1828
6935
119
6846
6845
901
525
478
6439
7019
7339
6852
6848
6848
6852
781
6277
920
6084
2777
2522
1204
763
6538
1417
1419
1419
7328
7328
7172
7170
6769
6846
119
7480
103
7560
7489
7400
7632
7707
7491
7707
645
7710
7710
6276
6355
1395
6951
5737
5643
6784
2643
6787
6539
6704
6620
6620
6456
6014
6085
6358
3005
2788
2811
2805
2811
2811
7919
7853
7772
5407
7254
7408
7494
7562
7101
7183
1070
2811
1417
1417
1417
1671
6957
3119
3119
4277
7412
4274
4274
7846
7846
7842
5809
6538
6620
6620
6620
6620
6620
6538
6538
4148
2811
4148
4148
7902
8293
7694
7902
5567
1421
1869
2104
5735
5868
5870
5735
4693
2566
3863
4420
3114
2640
2892
5403
5182
5182
5734
4941
4161
3862
4691
4948
4948
3029
2805
3657
3376
3109
3111
2884
3655
3534
2897
3398
7189
7107
3233
2271
2760
3233
3984
7344
3401
3984
3236
3239
2585
2584
7029
2115
1637
3226
3232
2898
7499
7499
3406
3250
3248
6599
6907
7062
6513
387
7654
7212
7212
7665
7363
7527
7666
4116
3254
2517
3199
2731
5939
3473
6656
868
740
7043
621
896
621
385
385
6676
6676
5813
5813
5931
5815
2762
2762
2278
2763
7654
7209
2720
3480
1153
809
1153
1995
4551
5331
5066
4286
227
7359
7133
7212
3956
3655
3963
3963
6441
2811
3371
2811
7395
5574
7492
7119
2231
4584
7043
6654
6239
6412
6064
2711
1009
717
7044
6887
6887
7199
5334
7288
7288
5334
6921
427
6834
427
6680
6763
222
223
7075
7002
7000
102
7085
7082
7631
7630
3506
2453
2219
2444
3465
2763
2060
2286
6445
571
7175
7172
1354
6062
6059
688
6325
1516
7197
1317
1712
1963
7111
6961
1958
2212
2940
1970
1973
5938
7043
7422
7580
3168
4021
3730
2704
6575
6145
6326
6576
4321
4030
3152
2418
2190
3160
4308
4020
6144
4828
6401
6405
6649
5468
6881
4831
7112
6798
3150
4298
7270
3441
3686
4535
4538
3690
4800
6637
6789
4802
6134
6488
6314
5251
4805
4548
4279
3992
3413
3407
2399
2642
3115
2905
6489
6316
1925
6485
4297
3145
6227
6138
3697
4284
1472
1947
1922
1483
2179
2670
3997
5993
6224
6642
6869
4806
4540
3414
2402
1940
2397
2170
2879
2904
6044
6042
4795
6713
6221
4537
4276
3683
3125
3670
3680
3113
3384
4528
4528
4269
4269
4787
5646
6047
4797
5926
5446
4268
4262
3391
4531
3942
4494
3930
3930
6553
3964
4778
5269
5439
5239
5289
5787
4236
5016
4502
6630
5626
5261
5252
5620
5260
5467
5984
5906
4257
4525
5463
4769
3658
3953
5425
5431
5003
5425
6473
5438
5431
5597
5890
5002
5595
5967
4741
5002
4993
5593
5593
4741
6195
6196
5423
5423
5425
5425
5594
5594
6195
6195
6029
6102
6029
5964
5445
1754
2231
1998
1754
6964
6966
6797
6877
6795
6793
6717
6562
6388
6387
6384
4244
6386
3645
6382
3933
6102
6029
4283
4547
4547
4815
2468
3485
2969
2468
3139
6642
6869
6796
1296
6567
1124
6225
5781
5980
6119
5917
6557
6043
6632
6480
5637
6571
6402
6400
6570
3109
2889
6695
6612
6693
6769
443
6698
6449
475
6082
6010
7166
102
7392
522
893
5691
5523
5301
6936
5849
7708
7708
4810
7634
4810
4810
7715
7715
2004
2468
2004
3696
1998
2462
3696
3493
2248
7062
4158
4158
5005
4945
7624
5809
7029
2640
6464
2160
2640
5408
4782
4785
5408
7526
7295
7899
4386
4391
7902
7484
7241
7550
7625
7485
7396
5181
5401
5401
5181
868
740
2544
3019
2889
6264
2805
2547
2811
6538
6538
6538
474
5108
5332
2236
2116
7260
4483
4162
1417
6081
6082
1417
6538
6538
6541
6543
6458
6458
6624
6781
818
6625
7027
7341
645
7776
7713
7713
7566
4277
7497
7711
7859
3860
4161
2897
2162
4689
4941
1470
2160
1470
786
7712
2253
6076
1402
2073
7226
7226
7924
335
336
336
336
385
385
5691
5815
2571
2109
2623
3047
336
6682
6177
6177
7478
141
7332
7177
7242
1936
5247
5253
6016
5870
1998
1738
7731
7730
6578
6580
6652
6573
6124
6210
5977
5973
3932
5019
5593
4158
5180
5180
4944
4689
4161
4418
4418
4747
4941
4945
4158
4688
4947
4688
4944
4944
4691
4687
4156
3860
3861
3861
2623
3096
6011
1074
5867
5861
4693
3583
3868
4162
3580
3862
3299
2566
5180
5180
1871
2569
6355
810
6081
6770
6852
777
640
6699
6699
6933
7859
3042
2568
5734
5868
5868
5734
5923
7176
7010
7013
5871
5871
4505
6018
3946
4427
3871
3367
1780
2020
1814
1202
1196
5066
3696
7578
2489
2203
2199
4835
7039
7041
7272
6806
6807
6055
6552
6302
6208
6473
6120
6041
5241
5597
5597
5906
6106
2231
3489
4065
4859
4860
627
629
436
633
771
435
1614
1845
6169
6263
2304
2635
4132
3830
3557
3564
5691
2468
6067
1745
3751
2104
6778
6620
4489
3941
2105
2113
5740
5952
1798
3772
3772
7730
5108
7267
7191
2895
2909
3130
3674
3680
3969
4244
4768
4517
5252
5238
5229
5425
5423
1936
2004
6709
6082
6008
1869
5180
5182
2104
5948
5861
4225
4225
3247
3247
4225
3247
4225
4225
3247
3247
3639
3639
3247
3247
4225
4225
4380
4380
4664
5371
4664
4664
4652
4652
4650
5142
4901
4901
4910
4910
4907
4907
4225
4225
4650
4650
3091
3091
3247
3247
3639
3639
3247
3639
3639
3247
3247
4901
4901
4650
4650
4652
5142
4225
4225
4650
4650
4652
4652
4650
4650
4910
4910
4652
4652
4910
4910
4664
4664
5371
5371
5371
4664
4402
4402
4402
4402
5371
5371
4910
4910
4396
5157
5371
5371
4152
4152
4146
4146
4150
4152
4152
4150
4150
4150
4146
4146
4664
4667
5225
5225
4402
4402
5225
4146
4402
4402
4146
4402
4402
4402
4667
4667
4402
4402
4402
4402
4664
4664
4402
4402
4152
4150
4152
5001
5001
5001
4746
4746
4746
4746
4152
4152
4746
4152
4150
4152
4146
4150
4225
4225
3247
3247
3091
3247
4225
5142
3639
4664
5371
4402
4146
4146
4664
5371
5371
4664
4406
4402
4146
4146
4152
4150
4152
4150
4150
4152
4146
4152
4150
4746
4150
4150
4152
4152
4225
4650
5160
5371
4402
4225
3247
4901
4650
4652
4146
4146
4402
4746
4152
4667
4941
4664
4402
4146
3639
4652
4664
4664
4146
4146
4146
4150
4150
3639
5225
5371
7777
637
221
346
6081
6081
1419
5861
6350
1645
1644
1646
6834
1249
1249
1249
1249
1249
1253
1644
1681
1251
7967
7967
7888
7672
7888
3790
3790
3790
4254
3242
4101
3239
3238
3240
2764
2765
2158
2041
2041
6436
1383
5815
893
8116
8116
976
7030
3676
2892
7021
6953
7103
7102
4271
7188
4271
7496
7259
3304
6548
3966
3304
6627
5636
6626
6627
2886
3957
3377
2880
6547
7486
7245
5923
6704
6778
6857
6704
6539
5950
6015
6088
6360
6539
6539
6360
3114
4247
4251
5035
6186
6284
5263
6363
6184
6360
5779
2627
2581
1927
6464
2581
5567
5567
5572
6620
6085
1421
5573
6366
6366
3102
6021
6085
6085
5735
6620
6539
2890
4509
6018
6459
6462
6547
6459
6184
6183
6544
6544
6280
1470
6460
6546
6185
6365
6087
6546
4402
5868
5868
5868
5181
7934
7934
7936
7936
4402
4667
4910
4652
4910
4907
4910
4910
4910
2285
2285
4891
3798
4105
4105
3798
4105
3798
4976
4976
3520
3798
2285
3520
3520
2285
766
766
4109
4109
1396
1396
4109
4109
4106
4106
3520
3639
3355
3355
2285
3635
3355
2285
3639
3635
3635
2285
3635
1396
4109
2285
2285
3520
4891
3635
3635
2062
2285
2062
4976
4105
3355
1061
1396
2772
3635
3091
2772
2062
766
3639
3229
511
417
415
513
3908
3787
3787
416
419
417
325
187
324
4360
324
4872
185
3777
3225
3222
3777
185
3782
4360
511
511
4360
4631
419
417
4631
512
4625
4625
512
4625
3909
5129
3909
5128
4625
5128
3787
3619
512
42
42
4870
4870
512
512
4642
4642
4623
4623
42
42
4870
4870
325
3782
4185
4089
324
4871
3505
3510
3510
3505
185
3505
3505
3510
136
41
41
322
4210
4642
3505
3505
3222
3777
512
4642
42
4870
5128
3787
4625
4879
4629
97
3782
4360
3782
3782
3782
3782
3505
3505
3505
3505
3787
4724
512
4642
4210
4623
4624
4624
4623
419
4624
512
4625
1382
1382
1382
1589
1589
4102
3794
4105
4976
4976
4105
4205
4204
4102
1382
3787
3787
3787
3787
138
4871
185
511
4623
5199
5194
5194
5195
63
4957
5195
4957
5194
246
247
3779
4445
98
3505
248
248
5125
4184
3779
248
3782
3782
42
4870
4976
4210
185
3782
4360
4078
322
4078
4075
4870
4870
4870
4870
5199
5199
5195
63
5199
5195
4870
4870
5194
5194
4621
4621
3782
3505
96
3775
3510
42
4957
4870
3782
5194
4625
4625
512
4624
5194
5194
322
4078
4078
322
4621
3777
3777
4623
4623
512
4078
4621
511
512
3619
4642
4870
42
1589
4105
3794
1382
4623
4623
4621
4621
3779
5123
5123
5123
5123
42
42
511
4181
512
417
419
4625
513
4204
3909
4205
4624
5123
5123
1382
4102
4724
4621
4621
4621
4621
1589
4976
4106
4976
5123
3770
3770
3787
3787
3787
3787
3787
3787
4623
511
4621
4621
5199
138
4959
4957
4870
5194
4624
4623
4724
4631
248
3214
20
247
5123
5123
5195
3777
41
11
3777
1382
42
5123
5123
5123
4623
4621
4106
3787
3787
321
96
4078
4075
62
181
5123
5123
5123
5123
5123
5123
5123
5123
5123
5123
5123
5123
5123
5123
5123
5123
5123
5123
5123
5123
5123
5123
5123
5123
5123
5123
5123
5123
5123
5123
5123
5123
5123
5123
5123
5123
5123
5123
5123
5123
5123
5123
5123
5123
5123
5123
5123
5123
5123
5123
5123
5123
5123
5123
5123
5123
5123
5123
5123
5123
5123
5123
3206
3206
3206
3206
3206
3206
3206
3206
3206
3206
3068
3068
4612
4612
4612
4357
3206
3206
3068
3068
3206
3206
4612
10
4612
3206
3206
4357
4710
3068
3068
3068
3068
3206
3206
3206
3206
3206
3206
3206
3206
3206
3206
4357
3206
3206
3206
3206
3206
3206
3206
3206
3206
3206
3206
3206
3206
3206
3206
3206
3206
3206
3206
3206
3206
3206
3206
3206
3206
3206
3206
3206
3206
3206
3206
3206
3206
3206
3206
3206
3206
3206
3206
3206
3206
3206
3206
3206
3206
3206
3206
3206
3206
3206
3206
3206
3206
3206
3206
3206
3206
3206
3206
3206
3206
3206
3206
3206
3206
3206
3206
3206
37
37
128
128
37
37
128
128
37
128
4070
129
181
181
37
128
4353
4353
128
128
181
62
181
4353
4353
181
4869
129
4353
4070
4353
128
3206
37
37
3206
128
37
4067
4067
3206
181
3220
3206
3206
37
4067
3206
4067
3206
3206
3206
3206
3206
3206
3206
3206
3206
3206
3206
3206
3206
3206
3206
3206
3206
3206
3206
3206
3206
3206
3206
3206
3206
3206
3206
3206
3206
3206
3206
3206
3206
3206
3206
3206
3206
3206
3206
3206
3206
3206
3206
3206
3206
3206
3206
3206
3206
3206
3206
3206
3206
3206
3206
3206
3206
3206
3206
3206
3206
3206
62
4078
4078
4078
4078
4078
4078
4078
4078
4078
4078
4078
4078
136
65
3777
3777
65
65
4078
4078
4078
4078
4078
4078
96
96
65
65
4078
4078
4078
65
65
4078
4078
4078
4078
4078
4078
4078
4078
4078
4078
4078
4078
4078
4078
65
4078
4078
4078
4078
4078
4078
4078
4078
4078
4078
4078
4078
4078
4078
4078
4078
4078
4078
4078
4078
4078
4078
4078
4078
4078
4078
4078
4078
4078
4078
4078
4078
4078
4078
4078
4078
4078
4078
4078
4078
4078
4078
4078
4078
4078
4078
4078
4078
4078
4078
4078
4078
4078
4078
4078
4078
4078
4078
4078
4078
4078
4078
4078
4078
4078
4078
4078
4078
3777
3787
3787
3787
3787
3787
3787
5128
3787
3787
5128
423
423
423
423
423
423
5128
5128
5128
423
423
423
423
423
423
423
423
423
423
423
423
423
423
423
423
423
423
423
423
423
423
423
423
423
423
423
423
423
423
423
423
423
423
423
423
423
5128
5128
423
423
5128
423
423
423
423
423
423
5128
423
423
423
5128
3777
3777
3505
3505
3782
3505
3505
3777
3782
7645
7722
7645
7645
203
203
203
204
146
146
146
146
203
7645
7645
7645
203
7645
7645
204
203
203
203
203
203
203
7645
203
203
203
203
7645
7645
7775
7773
7645
7645
7645
7645
7645
3580
3580
4483
4483
291
3553
3019
7902
8139
1403
1067
6687
342
1066
4386
3111
3830
4132
7902
8059
1113
1847
3022
3281
3567
3371
6766
6933
816
7161
7694
7694
2315
7556
268
7488
7626
7334
7179
353
6779
6779
6537
6619
6454
6354
6273
6272
6354
6535
6537
7548
7620
7856
4652
2285
4697
4542
7106
3676
7258
7564
440
5186
7495
7258
7187
3971
4261
6463
6463
4251
3382
4255
4951
5012
5403
5401
5401
5401
5734
6085
6358
6620
6620
5923
7010
3281
6681
6607
6607
6607
7672
7969
3375
2994
4254
4103
2767
896
693
6676
8043
2283
6676
2046
1202
6441
7672
3655
7766
5662
7557
7181
5865
7094
7017
6705
6860
6704
6705
6623
6623
5779
6280
6363
6361
6705
5643
5491
5493
6173
6173
1070
1070
6531
6620
6620
5923
6620
5923
5923
6946
6948
6861
7018
7247
7401
7403
7401
7557
7189
7344
5868
5868
5734
5734
5734
5240
5734
5240
5240
5240
5240
5244
5739
5739
6186
5253
5025
6183
5735
5870
5870
5735
6183
7849
7629
6623
5779
5779
6361
6542
6542
5636
7629
7914
6187
1927
2387
3050
4146
7899
7970
7969
5845
7993
6943
7092
7014
7014
6700
6943
6856
6777
6700
6618
6943
7091
7091
6772
6854
7867
7932
7935
7935
7921
7859
7623
7703
7704
7705
7776
7626
740
6426
6426
6599
1780
740
2764
6599
6907
6907
868
6513
6426
743
6426
6748
6599
7670
7812
7668
4254
4643
6599
6820
7063
7295
226
6908
6908
6681
6513
7363
7363
7529
6668
7293
7063
7525
7529
7530
7672
4386
6057
2462
2004
3216
1560
1177
4286
3696
4071
4859
2729
6599
6667
6820
7293
7661
5521
5691
5815
5668
6436
893
8270
8270
2280
758
2046
1384
6097
5618
5618
6097
6098
6097
6098
5618
5618
5591
5591
5618
5618
5884
5884
5619
5618
6097
6097
5960
5618
5618
6097
5618
5878
5878
5878
5878
5878
5878
5878
5618
5878
5879
5751
5879
5878
5581
5581
5581
5581
5744
5744
5744
5744
5744
5744
5744
5744
287
287
287
287
47
47
47
47
5746
5744
5744
5746
5744
5744
5581
5581
5744
5746
5744
5744
5744
5744
5744
5744
5744
5744
5744
5744
5744
5744
5744
5744
5581
5581
5581
5581
5581
5581
5581
5581
5581
5581
5581
5581
71
74
74
74
47
74
47
47
74
47
74
74
378
470
378
287
287
287
287
287
287
287
287
378
47
5581
5744
74
5744
5581
74
5746
5744
5581
47
5744
47
74
5581
5581
74
47
74
287
287
74
378
287
565
565
287
565
5883
5960
5883
5960
5960
5879
5751
5879
5584
5200
5584
5584
5584
3110
4967
2848
3067
214
565
565
115
807
287
971
470
970
565
1278
807
1278
970
287
807
287
807
287
807
1278
807
378
807
564
970
807
1107
1278
1280
1673
1673
2153
2150
2848
2882
2882
3381
3370
5579
5411
4701
5192
3325
4961
5583
5745
5411
5745
5745
5745
5745
5745
5745
5583
5583
5583
5583
5583
5745
5411
1278
1278
2359
2157
2384
2153
2384
3105
3105
1278
2628
3374
3955
3962
4701
5192
5579
5411
5583
5583
4961
3323
2150
2882
3370
4507
5018
5411
5876
5876
5876
5411
5187
3955
4507
5584
5584
5584
5584
5584
1276
1672
1672
2150
2628
2628
2628
2628
3370
3370
3370
3370
4241
4507
4507
4507
5018
5018
4508
4508
5187
5876
5876
5876
5187
5018
5018
5187
5018
5187
5876
5876
3606
5920
6039
3391
6251
6759
222
6686
6333
439
6858
939
939
939
939
939
1249
939
1249
1249
939
