12190
12190
12076
12181
12076
12090
11947
12117
11648
11647
11791
11762
11503
11480
11480
11451
11593
11599
11599
11675
11790
11790
11790
11790
11593
11504
11593
11593
11595
11595
11595
11595
11569
11595
11569
11569
11595
11595
11749
11595
11424
11461
11461
11461
11504
11398
11445
11445
11445
11378
11374
11325
11325
11326
11325
11252
11252
11326
11252
11301
11279
11279
11301
11356
11398
11398
11356
11339
11374
11374
11398
11398
11339
11339
11339
11356
11356
11356
11406
11398
11398
11398
11398
11398
11374
11374
11339
11374
11374
11339
11339
11339
11356
11339
11339
11398
11374
11374
11374
11326
11326
11339
11188
11203
12088
11898
11898
11898
11898
11898
11868
11808
11808
11762
11771
11808
11808
11808
11771
11871
11789
11771
11904
12030
11904
11904
11913
11913
11913
11913
11913
11913
12323
12220
12252
12221
12163
11420
11357
11345
11345
11357
11231
11295
11277
11313
11388
11422
11313
11363
11117
11104
11071
11177
11410
11888
11924
11777
12249
12224
12144
12136
12412
12350
12300
12375
12145
12143
12201
12261
12328
12386
11287
11412
11260
11216
12402
12444
11936
12102
12021
11802
11994
12131
11567
11400
11449
11541
11947
11898
11947
11947
12025
12041
12047
12052
12071
12049
11823
11746
11439
11333
11355
11442
11350
11366
11151
11120
11109
11244
11183
11180
11212
11211
11029
10971
11024
11095
11046
11109
11547
11586
11102
11262
11282
11334
11437
11698
11871
11871
11913
11871
12137
12083
12088
12176
11616
11644
11454
11454
11808
11808
11808
11424
11420
11602
11868
12433
12408
12445
12468
12179
12111
12104
12171
11536
11174
11215
12357
12246
12028
11648
11668
11668
11563
11529
11527
11443
11464
12063
12141
12225
12257
11986
12312
11445
11504
11569
11330
11330
11330
11339
11153
11198
11083
11107
11569
11569
11569
11569
11398
11406
11406
11406
11406
11233
11208
11130
11177
11282
11294
11256
11267
11360
11293
11255
11184
11162
11118
11152
11569
11569
11569
11569
11569
11569
11569
11569
11569
11569
11569
11626
11569
11569
11569
11569
11569
11569
11704
11749
11749
11626
11626
11131
11068
12278
12147
11398
12030
11722
11675
11644
11771
11789
12030
11984
11901
11901
11901
11787
11787
11898
11898
11787
11675
11789
11787
11771
11868
11808
11624
11513
11577
11497
11460
11524
11740
11862
11876
11760
11778
11876
11778
11778
11997
11902
11819
11867
11736
11816
11879
11497
11597
11524
12118
12211
11809
11820
11756
11682
11981
11942
11733
11680
11667
11686
11641
11635
11785
11551
11670
11577
11623
11577
11577
11587
11618
11827
11847
11821
11987
12470
12466
12346
12462
11330
11279
11502
11502
11502
11445
11913
11401
11221
11135
11100
11075
11502
11569
11569
11356
11569
11569
11502
11502
11789
11871
11626
11569
11626
11019
11055
11406
11406
12418
11475
11659
11747
11671
11671
11747
11029
11065
11087
11808
11808
11913
11975
11356
11356
11226
11153
11626
11418
11683
11683
11683
11683
11778
11683
11778
11778
11765
11778
11778
11760
11760
11760
11760
11760
11760
11760
11702
11702
11623
11577
11702
11702
11702
11702
11702
11702
11702
11702
11702
11524
11702
11702
11740
11760
11683
11683
11683
11683
11671
11671
11671
11683
11683
11683
11683
11683
11683
11683
11683
11683
11683
11650
11624
11513
11524
11524
11577
11524
11694
11694
11524
11694
11702
11683
11702
11577
11577
11577
11577
11683
11683
11683
11683
11683
11683
11683
11683
11683
11683
11683
11683
11683
11702
11702
11702
11702
11702
11702
11683
11702
11702
11702
11702
11702
11683
11683
11683
11683
11683
11683
11683
11683
11683
11683
10808
10964
10908
10808
11683
11683
11702
11683
11683
11683
11683
11683
11683
11683
10641
10701
10781
10731
10536
10438
10389
10495
10329
10329
9919
10000
10077
9799
9030
9074
9009
8884
10110
10065
10201
10206
10998
10998
10833
10804
9209
9290
9177
9073
8433
8386
8271
8329
8745
8369
8311
8604
9930
10090
9984
9884
9978
10156
10094
9978
7641
7473
7738
7824
10523
10766
10856
10633
9645
9852
9998
9801
8940
9106
9126
8891
8745
8753
9773
10045
10045
9896
8855
8735
7611
7641
7684
7684
8535
8594
8738
8735
6632
7914
7995
6140
10271
10251
9103
9103
8947
8976
9751
9931
10060
9917
7473
7382
6580
6373
9414
9716
9524
9414
9157
9065
9096
9172
8831
8738
8733
9105
8810
10161
10043
10279
10380
10327
10327
10534
10510
10650
10777
9689
9561
6867
10431
10431
10316
10338
10804
10956
9833
9833
9681
9840
9779
9898
9866
9898
7683
7794
8952
8956
8913
8813
10193
10241
10082
10142
10455
10310
10406
10477
10313
10214
9083
9083
9261
9261
9394
9230
11022
11017
11017
10783
10882
10817
10783
9481
9147
9213
9370
9587
9498
9498
9587
9498
9587
9269
9372
9247
9247
9236
9066
8513
8692
8752
8353
10042
9970
10177
10061
10281
10281
10281
10281
10101
10172
10162
10052
10974
10974
10956
10198
10133
10268
10198
10051
10198
10133
10156
10210
10160
8484
8688
7851
7934
7900
7765
7683
7775
7637
11058
11025
11002
11002
6718
6699
6492
6609
10953
10953
10979
10901
6805
6821
11028
11028
10938
10938
10859
6551
6419
11031
11066
10980
11054
11016
11082
7382
7534
4285
4285
4363
4363
4783
4529
4402
4632
6933
7135
7220
7315
7603
7733
7258
4492
4310
4591
4653
3812
3885
4047
4047
6373
5989
6140
5710
5127
5665
5665
4568
4721
4658
4588
6376
6636
6482
6300
4368
4573
4396
4219
4050
4248
4043
4003
4224
4131
4347
4415
4772
4686
4529
4772
7737
7737
7665
7892
7909
8837
9095
8983
8634
10262
10097
4012
3708
3896
4479
3374
4653
2992
4115
4003
3919
3952
4013
3808
3636
4165
4765
4566
4901
5114
7787
7774
5349
7787
5689
8126
8007
8130
8179
8331
8248
8668
8686
8807
10103
9928
6077
4269
4065
3905
4247
6767
7251
6965
8679
8364
9060
9182
4892
3794
3797
3797
3794
3295
3295
3362
3362
3255
3183
3183
3315
3919
3782
4115
3919
3782
3374
3926
3926
3449
3466
3553
3195
2992
2971
2992
3004
2959
2839
2456
3592
3782
3782
2839
2839
2739
2839
2825
2910
2909
2992
2990
2909
2894
3172
3255
3291
3072
2843
2684
2729
2650
2574
2668
2667
2665
2626
2597
2578
2589
2645
2439
2288
2323
2336
2380
2430
2822
2750
2677
2765
2850
2749
2666
2833
2456
2456
2698
2798
2650
2843
3078
3078
2795
2464
2460
2811
2456
2525
2656
2665
2759
2695
2668
2650
2943
2817
2549
2482
2482
2565
2533
2666
2574
2574
2312
2250
2320
2402
2464
2514
2537
2655
2563
2368
2527
2608
2437
2358
2358
2312
2235
2285
2275
2320
2275
2301
2359
1595
1533
1549
1644
2298
2284
2208
2298
2080
2054
2174
2217
1708
1742
1935
1742
2101
1937
1935
2127
1723
1750
1837
1814
2275
1725
1764
2098
2458
1685
1521
1541
1619
1623
1797
1648
1643
1742
1473
1489
1614
1614
1472
1507
1605
1447
1398
1413
1388
1401
1388
1528
1597
1388
1515
1388
1388
1597
1388
1388
1471
1426
1413
4343
4296
4220
4177
3506
3559
3183
3315
3103
2802
2980
2755
2689
2619
2305
2395
1992
1648
1742
1470
1597
1398
4306
4435
4229
4229
12493
12494
4123
4123
2336
2798
2843
2754
2943
2916
3110
3110
2458
2392
1863
2458
2163
2122
2198
2248
2124
3574
3111
3608
3608
8076
8003
8908
8967
8746
8820
8923
9032
8948
9187
9538
9698
8427
8411
8393
5689
5089
4905
4622
4410
4227
12499
12493
8492
8705
10241
10336
10453
10285
10529
10453
11013
10838
12488
12488
12494
4116
4213
4062
3945
5057
4654
4151
9944
10051
10051
9927
9467
9217
10833
10940
10960
10837
10782
10580
10580
10707
10763
4882
6933
7817
8063
8098
7917
9416
9250
9238
9275
9465
9333
10153
10153
10212
10272
4578
5189
8176
8064
8112
8326
8667
8516
8883
9587
9592
9587
4076
4504
4531
12487
12487
10996
11021
10198
9830
9361
9361
9362
9399
9394
9394
10168
10311
10311
10226
10209
10345
10312
10209
10706
10662
10562
10545
10661
10806
10524
10691
10617
10617
10789
10777
10657
9967
10210
11073
11044
9967
10212
10497
10595
10784
10900
10964
5325
5009
7798
7797
8087
7943
7842
8132
8671
8431
10971
7774
7967
7907
7781
7553
7718
4568
4499
10350
10418
10459
10352
7915
7967
9541
9447
8775
9286
9425
9323
9360
4290
12488
10421
10300
10409
10409
3930
12498
4557
4548
4548
4623
3860
4074
3757
3574
2676
2557
1639
1639
1533
1398
1447
9967
9927
10153
10212
10156
10044
10094
10105
9967
10044
9967
9927
10040
10078
9927
9927
9927
10153
10153
9978
10094
10094
9978
10484
10687
9960
10059
10112
10132
10268
10268
10407
10365
10172
10197
10162
10172
10212
10117
10215
10260
9386
9399
9274
8976
9203
9026
8928
9177
9073
8448
10677
10265
10265
10333
10164
9921
10070
9695
9516
9322
9371
10506
10583
10542
10506
10726
10738
10598
10667
6163
6192
6383
6632
5625
4131
4255
4247
6025
3295
3404
3261
3587
3394
3074
3214
3074
3794
1937
1748
1797
1863
2019
1907
1653
1648
1608
1768
1630
4032
4623
4678
4604
4501
4602
7914
7995
8183
8068
7975
8103
8141
7925
7910
8097
7876
7824
8280
8280
8489
8246
4552
12498
4214
4401
4374
10023
9681
9840
10333
10489
10203
10459
10528
10395
5968
5067
5847
4343
4399
4371
3110
3264
2845
2817
2812
2684
2608
2514
1992
2298
2127
1935
1648
1742
1563
1388
4290
4343
10596
9411
9661
10215
4674
4623
10222
10222
10096
9945
9951
8060
7856
7856
8046
8060
7856
8046
7856
7856
8046
7873
7856
7856
7873
8046
8262
8262
8046
8674
8827
8827
8674
8553
8262
8262
8553
8553
8593
8593
8553
8593
8593
8046
8352
8352
8046
7873
7856
7936
7873
7873
7856
7873
7873
7856
7856
7873
8553
8352
8352
8553
8553
8262
8046
8262
8262
8046
8553
8262
8262
8553
8577
8593
8553
8526
8526
8553
8924
8748
8748
8924
8748
8924
9462
8980
8980
9475
8748
8593
8593
8748
8924
8748
8748
8924
9729
9479
9479
9510
9510
9510
9663
9663
9510
9479
9479
9479
8924
8924
9393
9071
9071
9393
9393
9375
9375
9393
9375
8980
8980
9462
8980
8980
8980
8980
8924
8980
8924
9071
8924
8980
9729
9847
9847
9546
9847
9847
9762
9762
9762
9663
9510
9762
9847
9847
9546
9847
9510
9393
8046
7936
7936
8046
7936
7873
8262
8046
7873
8924
8748
9475
9549
9549
8924
8924
8748
8748
9475
9549
9549
9475
9510
9479
9729
9729
9546
9546
9549
9729
9546
9812
9546
9847
9729
9649
8046
8262
8924
8674
8924
8046
7856
8553
8352
8553
9088
8980
9071
9762
9510
8980
9925
8924
9479
9462
7873
8553
8622
8827
9479
9546
9475
9510
9510
7873
9393
8748
10285
10276
10309
8878
8514
8579
9411
9301
9886
9633
9121
11797
11797
11938
7553
7636
7439
11683
11683
11683
11683
11683
11937
11687
11624
11760
7358
7358
7232
7338
7115
7246
7270
6545
6566
7119
6769
7121
6985
7524
7059
6984
6927
6791
6655
6536
6067
6230
6052
5349
5113
4788
4841
4734
4642
10345
10987
11017
10947
10500
10476
10599
10734
10882
10882
10871
10817
10783
10951
10951
10814
10814
10461
10461
10357
10316
10889
10889
10841
10845
10619
9537
9702
9820
9840
9636
9856
9958
9958
10528
10270
10194
9846
9846
9846
9833
10993
10739
10597
10597
10739
10386
10386
10448
10512
10079
9833
10700
10933
10937
10782
10683
9955
9716
9715
9680
9845
10194
10306
10492
10436
10815
10797
10292
9995
10295
9680
9846
10941
10678
10698
10656
10548
10656
10642
10409
10409
10440
10448
10281
10595
10449
10371
10371
10315
10270
10401
8980
10070
10281
10272
10153
11330
11330
11502
11502
8980
8980
8593
8593
8553
8593
8593
8674
8593
7790
7714
7714
7790
7541
7714
7541
7714
7541
7541
7714
7714
7541
7790
7790
7714
7714
7532
7714
7714
7593
7790
7714
7714
7790
7532
7714
7532
7790
7790
7873
7790
7790
7950
7950
7873
7950
7950
7790
7950
7790
7714
7790
7714
7714
7790
7950
7790
7950
7790
7950
7541
7541
7790
7790
7950
7950
7790
7873
7950
7950
7593
7873
6742
6871
6902
6739
7016
6960
7005
7016
6899
6951
6935
6902
6902
6848
6848
6902
6654
6432
6369
6529
6285
6415
6505
6248
6464
6692
6651
6651
6960
6960
6951
6934
6651
6651
7456
7427
7016
7122
7456
7437
7016
7016
7016
7005
7484
6651
6899
6899
6899
6899
6651
7610
7610
6651
6651
6651
6899
6899
6899
6899
6746
6848
6742
6848
6848
6746
6432
6585
6575
6505
6415
6415
6262
6357
6248
6088
6170
6260
7610
7610
6262
6068
6068
6262
6651
7610
6899
6899
7062
7016
7016
7437
7456
6648
6654
6575
6415
6415
6415
6651
6262
6262
6262
6262
6960
6934
6651
7610
7610
6651
6651
7016
7016
6951
6951
6951
7456
7427
7569
7484
7484
7484
7484
7610
7610
7541
7610
7541
7490
7623
7453
7490
6934
6934
6960
6960
6848
6848
6848
6651
6651
6742
6899
6902
6902
6899
6742
6742
6742
6742
6068
6170
6524
6742
6742
6357
6285
6248
6571
6462
6524
6742
6285
6285
6899
6899
7541
7541
6415
6742
6464
5841
5727
5760
5841
6899
6899
6899
6899
6742
6742
6742
6742
6848
6902
6899
6742
6742
6899
6651
6415
6651
6068
6068
6278
6285
6524
6524
6742
6505
6899
7456
7016
7016
7456
6899
6899
5841
5841
5561
5939
6651
5841
5841
6651
6651
6651
6260
6651
6651
6651
7427
7484
6899
6899
7541
7484
7484
7484
6651
6651
6651
6651
6388
7062
7062
6899
6899
6899
6899
6850
6524
6969
6951
6951
7016
7136
7453
7437
7490
7016
6899
6899
7453
7623
6964
6602
6464
6505
6651
7484
7593
7532
7593
6899
6170
6260
7062
6960
6960
7062
7062
6960
6651
6651
6651
6651
6742
6742
6742
6742
6742
6524
6876
7016
6960
6934
6369
6260
6388
6388
6899
6899
6742
6068
6260
6170
6068
7427
6899
6899
7062
7062
6651
6651
7532
6934
6960
6388
5841
5536
6170
6170
5496
7062
7062
7062
7062
7062
7062
7062
7062
7062
7062
7062
7062
7062
7062
7062
7062
7062
7062
7062
7062
7062
7062
7062
7062
7062
7062
7062
7062
7062
7062
7062
7062
7062
7062
7062
7062
7062
7062
7062
7062
7062
7062
7062
7062
7062
7062
7062
7062
7062
7062
7062
7062
7062
7062
7062
7062
7062
7062
7062
7062
7062
7062
5755
5755
5755
5755
5755
5755
5755
5755
5755
5755
5755
5883
5883
5755
5883
6260
5755
5755
5755
5755
5755
5755
6260
6388
5883
5755
5883
5883
5755
5755
5755
5755
5755
5755
5755
5755
5755
5755
5755
5755
5755
5755
5755
5883
5755
5755
5755
5755
5755
5755
5755
5755
5755
5755
5755
5755
5755
5755
5585
5585
5585
5585
5585
5585
5585
5585
5585
5585
5585
5585
5585
5585
5585
5585
5755
5755
5585
5585
5585
5585
5585
5585
5585
5585
5755
5755
5585
5585
5585
5585
5585
5585
5585
5585
5585
5585
5755
5755
5755
5585
5755
5585
5585
5585
5585
5585
5585
5585
5585
5585
5585
5585
5234
5234
5234
5234
5234
5234
5234
5234
5234
5234
5234
5266
5234
5234
5234
5234
5234
5234
5234
5234
5266
5266
5234
5234
5321
5321
5234
5234
5234
5234
5234
5234
5234
5234
5234
5234
5234
5234
5234
5234
5234
5266
5321
5234
5234
5234
5234
5234
5234
5234
5234
5234
5234
5234
5234
5234
5234
5234
5234
5234
5234
5234
5234
5234
5234
5234
5234
5234
5234
5234
5234
5234
5234
5234
5234
5234
5234
5234
5234
5234
5234
5234
5234
5234
5234
5234
5234
5234
5234
5234
5234
5234
5234
5234
5234
5234
5234
5234
5234
5234
5234
5234
5234
5234
5234
5234
5234
5234
5234
5234
5234
5494
5553
5553
5841
5553
5841
5553
5553
5553
5553
5841
5546
5841
5841
5546
5841
5841
5841
5841
5841
5841
5553
5553
5841
5841
5841
5841
5841
5841
5841
5841
5841
5841
5841
5841
5841
5841
5841
5553
5841
5841
5553
5841
5553
5553
5841
5841
5841
5841
5841
5841
5841
5553
5841
5841
5841
5841
5841
5841
5841
5841
5841
5841
5841
5841
5266
5266
5266
5441
5441
5266
5266
5441
5441
5266
5266
5441
5266
5266
5841
5841
5841
5266
5266
5841
5441
5266
5841
5441
5841
5841
5441
5266
5266
5266
5266
5441
5441
5266
5266
5266
5841
5841
5841
5841
5841
5841
5841
5441
5441
5266
5441
5266
5266
5266
5266
5441
5841
6960
6960
6960
6960
6960
6960
6960
6960
6960
6960
7024
7024
7024
6960
6960
7062
6960
6960
7024
7024
7024
7024
7024
7024
7024
7024
7024
7024
7024
7024
7024
7024
7024
7024
7024
7024
7024
7024
7024
7024
7024
7024
7024
7024
7024
7024
7024
7024
7024
7024
7024
7024
7024
7024
7024
7024
6960
6960
7024
7024
7024
7024
7024
7024
7024
7024
7024
7024
7024
7024
7024
7024
6068
6068
6262
6262
6415
6262
6262
6068
6415
11904
11898
11808
11808
11904
11904
11904
11904
11913
11913
11913
11871
11913
11808
11808
11898
11904
11808
11808
11913
11904
11904
11904
11904
11871
11913
11904
11904
11904
11913
11913
11808
11808
10356
10146
11898
11808
11808
11898
11808
10264
10172
10258
10258
8126
8152
8246
8174
8259
8187
7949
8221
8050
7888
8000
8000
8083
7863
8024
8279
8141
8155
8484
8688
8717
8689
8296
8397
8297
8301
8912
8995
8277
9869
9540
9553
9821
9603
9555
9594
9692
9733
9463
9585
9463
9386
9231
9439
9280
9448
9448
9150
8999
10473
8553
7790
10524
10691
10529
10529
10947
10767
10679
10567
8474
10336
10567
10629
10767
10858
10852
10763
10771
10886
10845
10771
10483
10348
10272
10272
10272
10272
10272
9995
9846
9498
9493
9253
9343
9132
7505
7629
7562
7543
7535
7728
7258
7363
7524
7583
7041
5989
6236
5127
5314
6867
5532
6383
6632
7665
7536
7640
9620
9726
9774
9941
10049
9880
9755
10115
10115
10002
10002
10095
10079
10079
10257
10367
10448
10278
10170
9848
9791
9143
9223
9230
9261
9269
9372
9343
9493
9418
9559
9704
9857
9981
10102
10141
10167
10199
10391
9908
10013
10932
10901
10321
10272
10272
10272
10272
10321
10272
10321
10384
10384
10384
10421
10421
10421
10505
10583
10421
10281
10281
10281
10421
10292
10295
9848
9770
10189
10274
10274
10295
10361
10340
10278
10072
9791
10417
10683
10892
10939
10824
9071
9221
9548
8365
8684
7599
7761
7880
7332
7487
7928
8025
8942
9632
9722
10022
10022
9258
9567
9458
9300
9334
9517
9503
9295
9444
9290
9153
9295
9188
9177
9203
11165
11238
11406
11406
11103
11068
11304
11279
11502
11502
11406
11406
11029
11132
10908
10825
10756
10657
9333
9928
9736
10103
10532
10997
11330
11330
11502
11502
10275
10228
9533
9235
9034
10513
8849
5170
4364
4364
4832
5464
6431
6639
4462
4513
4513
6284
5818
4832
5582
5582
4462
4676
7270
7220
7135
7583
7417
4674
4937
4683
4676
5678
5522
5254
5313
5738
6261
7424
5832
7525
5172
4683
4825
4688
6803
6803
7435
7503
7377
7844
3689
4236
12492
5448
5719
5538
4131
4213
5123
4480
12498
5818
5116
4937
4672
4688
5115
4472
4476
4476
4533
4476
4472
4430
4410
5689
6140
4933
5127
6783
5314
6339
6536
6948
6948
4841
11200
11165
12372
11140
12045
11406
11626
10756
10653
4290
10513
4343
8287
1314
1314
1205
1194
1314
1314
1341
1341
1208
1208
1314
1194
1306
1306
1194
1306
1176
1306
1293
1164
1208
1205
1205
1314
1080
1011
1065
1065
1065
1065
1080
1080
1208
1101
1068
1089
1080
554
292
554
382
478
478
478
478
478
478
478
478
50
50
50
50
99
99
99
99
315
382
478
478
478
683
683
478
382
478
304
478
315
315
319
478
315
478
315
532
478
478
478
478
344
292
554
292
554
326
292
292
344
292
344
292
138
138
99
99
99
99
99
99
99
99
138
99
30
50
50
30
76
50
50
117
50
50
30
50
646
621
478
441
478
344
441
382
478
132
554
478
344
312
554
554
99
203
99
50
117
99
76
50
67
137
50
67
1164
1272
1272
1164
1164
1045
1045
1068
977
970
952
966
975
932
912
940
940
622
497
522
522
587
522
296
303
137
423
23
219
70
219
161
522
117
522
117
23
38
23
30
23
67
51
23
38
776
787
728
672
506
506
839
625
625
737
737
747
762
733
705
893
874
901
661
745
794
767
661
745
745
767
878
924
878
878
816
881
705
568
568
821
819
821
721
696
759
616
455
456
616
788
737
730
762
711
747
879
844
837
851
302
256
504
549
555
597
661
661
661
705
558
476
549
930
953
952
975
1014
157
157
92
92
256
256
324
456
504
504
504
490
465
465
465
447
555
448
558
558
597
661
597
635
525
558
635
525
525
635
635
635
932
11016
10379
2551
2507
2464
4795
8044
8160
8160
4547
8312
4674
10185
9725
6803
11683
11683
11683
11683
11683
11683
11683
11683
11683
11683
10124
9789
9736
9533
11406
7553
7636
7690
5491
7718
8811
9392
5491
9552
7774
4588
8229
12245
12255
12167
12193
12135
12106
12109
12105
11805
11863
11764
11707
11579
11545
11457
11508
11677
11712
11673
11604
11699
11730
11799
11796
11630
11512
11692
11692
11622
11626
11626
11622
11630
11539
11622
11622
11699
11730
11749
11626
11476
11429
11462
11506
11539
11432
11453
11453
11432
11353
11336
11344
11381
11311
11274
11242
11257
11285
11254
11284
11276
11276
11304
11394
11432
11379
11379
11379
11379
11379
11379
11379
11379
11351
11351
11349
11365
11394
11365
11379
11379
11432
11379
11399
11379
11379
11379
11379
11341
11341
11351
11351
11341
11338
11338
11462
11381
11415
11335
11335
11284
11315
11219
11207
12053
12053
12008
12008
12008
12008
11911
11843
11911
11946
11803
11885
11885
11803
11885
11784
11875
11875
12040
12040
12006
12040
11976
11976
11976
11976
11976
11930
12355
12348
12316
12291
12170
11389
11371
11371
11328
11297
11158
11228
11383
11320
11275
11392
11316
11239
11090
11168
10944
11015
11403
11941
11836
11909
12304
12228
12198
12306
12436
12414
12390
12411
12202
12284
12242
12150
12403
12343
11370
11263
11229
11168
12368
12420
11940
11890
11990
12051
11966
12124
11498
11425
11367
11380
12060
12002
12002
12008
12018
11992
12050
12072
12037
11967
11856
11931
11416
11396
11265
11342
11331
11337
11169
11171
11121
11077
11128
11171
11171
11154
11003
11048
10950
11003
11076
11094
11419
11482
11078
11261
11258
11331
11364
11712
11922
11930
11978
11978
12173
12237
12115
12070
11561
11526
11619
11684
11946
11965
11965
11440
11441
11651
11995
12467
12450
12447
12393
12175
12191
12126
12048
11488
11230
11133
12354
12289
12007
11718
11669
11727
11718
11610
11556
11468
11392
12159
12086
12311
12253
11974
12322
11453
11539
11458
11349
11349
11349
11349
11138
11139
11089
11086
11622
11622
11493
11622
11379
11394
11394
11406
11406
11148
11108
11085
11122
11261
11187
11235
11235
11321
11125
11098
11101
11111
11493
11493
11493
11626
11622
11539
11493
11622
11622
11626
11626
11626
11493
11493
11493
11493
11626
11626
11749
11089
11116
11379
12040
11727
11807
11822
11807
11745
12012
11976
11987
11928
11930
11839
11917
11965
11965
11783
11883
11822
11822
11745
11946
11798
11535
11535
11377
11523
11377
11377
11768
11841
11841
11841
11815
11815
11815
11815
11865
11996
11967
11857
11884
11752
11752
11521
11521
11405
11834
11853
11781
11737
11893
11910
11795
11664
11581
11645
11573
11627
11655
11665
11525
11603
11603
11521
11521
11543
11642
11811
11241
11304
11493
11502
11502
11502
12006
11347
11230
11133
11080
11080
11493
11493
11626
11394
11493
11493
11493
11502
11922
11922
11626
11626
10969
10984
11406
11406
11691
11752
11691
11691
11042
11041
11079
11908
11946
12006
11394
11394
11126
11626
11691
11691
11691
11691
11815
11815
11815
11691
11815
11691
11815
11815
11815
11815
11815
11815
11768
11768
11768
11768
11521
11521
11768
11603
11652
11603
11603
11603
11603
11603
11523
11603
11603
11603
11768
11815
11603
11603
11691
11691
11691
11691
11691
11691
11691
11691
11691
11603
11603
11691
11691
11691
11691
11691
11523
11523
11603
11523
11523
11523
11768
11652
11523
11652
11603
11603
11603
11603
11603
11603
11521
11603
11603
11603
11603
11603
11603
11603
11603
11603
11603
11603
11603
11603
11603
11603
11603
11603
11603
11603
11603
11603
11603
11603
11603
11603
11603
11603
11815
11691
11815
11691
11691
11691
11603
11691
10799
10825
10873
10873
11603
11603
11603
11603
11603
11603
11603
11691
11691
11691
10625
10625
10772
10594
10402
10588
10364
10334
10204
10227
9832
9776
9986
10041
8929
8711
8850
9008
10046
10231
10190
9994
10916
10735
10811
10952
8882
8882
8795
9133
8257
8144
8139
8308
8473
8483
8216
8255
9831
9743
9987
9987
9656
9201
9872
10006
7773
7763
7649
7763
10519
10601
10792
10723
9939
9934
10046
9939
8714
8750
8938
8974
8640
8586
9888
9888
10062
10085
8597
8645
7730
7730
7932
7730
8381
8457
8378
8378
7850
7439
7931
7850
10149
10099
8921
8704
8704
8841
9513
9939
10039
9911
7572
6774
5272
7439
9398
9298
9313
9405
9038
9038
8850
8887
8642
8523
8608
8997
8631
10166
10019
10147
10211
10267
10322
10383
10450
10640
10640
9939
9403
6697
10458
10331
10319
10427
10916
10753
9737
9720
9720
9737
9711
9827
9935
9753
7666
7783
8620
8643
8783
9169
10178
10178
10155
10245
10451
10645
10509
10412
10456
10273
8949
8803
9118
9033
9033
9162
10983
11030
11012
10829
10829
10844
10921
9443
9548
9284
9128
9281
9364
9456
9318
9318
9287
9287
9281
9061
8873
8998
8998
8285
8332
8540
8684
9589
9825
9490
9578
10125
10100
10109
10125
9652
9582
9579
9622
10991
10890
10991
9808
9817
9894
9853
9862
10058
9451
9607
9745
9607
8272
8239
7732
7745
7745
7813
7572
7732
7572
11051
11057
11000
11033
6158
5587
5749
6033
10946
10982
11006
10982
6183
6343
11032
11009
10931
10988
10911
5478
5980
11050
11064
11039
11034
7572
6911
4675
4611
4518
4443
4990
4769
5159
4790
6531
6333
6531
6803
7434
7480
6588
4153
4243
3966
3900
4257
4369
4366
4135
7439
6297
7439
7439
7439
7439
7439
4584
4584
4584
4584
6024
5598
5929
6196
4745
4620
3887
4183
3911
3929
4008
4084
12497
4439
4337
12497
5415
5070
5324
5581
7441
7302
7884
7809
7749
8574
8488
8683
8918
10155
10236
4122
4537
3791
3943
3936
3936
4138
3832
3701
3700
3716
3873
3890
3781
3759
4487
5264
4989
4487
7622
7439
7439
7439
7439
7929
8005
7942
7770
8145
8095
8552
8602
8385
10019
9892
5336
4355
4186
3760
3651
6191
6697
6496
8446
8344
9055
9055
4297
3523
3392
3407
3458
3675
3633
3479
3545
3342
3317
2963
2931
3723
3408
3448
3531
3637
3837
3743
3914
3491
3480
3539
3582
3543
3516
3673
3685
3669
3512
3126
3124
3356
3316
3121
3357
3181
2991
2996
3168
3135
3037
3135
3249
2976
3043
2961
3070
3158
3375
2449
2475
2582
2631
2493
2561
2653
2599
2648
2611
2523
2558
2560
2621
2552
2641
2614
2540
2532
2488
2478
2571
2576
2622
2500
2450
2763
2917
2880
2768
2794
2807
2789
2786
2723
2933
2895
2773
2704
2673
2703
2726
2745
2735
2690
2694
2646
2674
2472
2583
2635
2559
2412
2429
2376
2422
2409
2436
2485
2444
2423
2251
2414
2383
2240
2203
2264
2398
2393
2264
2166
2367
2401
2492
2391
2452
2255
2341
2317
1624
1687
1570
1572
2142
2106
2100
2121
2123
2276
2290
2047
1678
1654
1823
1815
1931
1996
1802
1868
1701
1758
1793
1683
2131
2059
1844
1877
2037
1886
1469
1542
1544
1478
1677
1702
1559
1562
1477
1573
1584
1483
1465
1570
1458
1321
1328
1436
1371
1410
1387
1387
1496
1496
1444
1510
1387
1418
1358
1475
1358
1385
1353
4338
4223
4186
4361
3482
3627
2988
3228
2925
2662
2562
2457
2347
2306
1983
1980
2148
1651
1807
1557
1478
1319
4148
4063
12490
4367
12491
12499
4119
4212
2624
2838
2806
2862
2706
2840
3002
2797
2209
1981
2194
2314
2159
2160
2013
2009
2116
3227
3273
3147
3093
7825
7874
8658
8565
8600
8642
8625
8700
8800
8799
9227
9436
8317
8490
8588
7439
4487
4594
4584
4380
8314
8399
10346
10276
10509
10584
10584
10379
11001
10946
12487
4212
12487
3921
3914
4002
3904
4497
4583
4362
9255
9255
9464
9464
9368
9094
10853
10876
10713
10713
10890
10574
10747
10790
10621
6657
6333
7741
7782
7989
7979
9210
9102
9180
9419
9332
9186
9950
9969
9969
9775
4690
4535
7913
8057
7970
7838
8551
8133
8626
9364
9434
9434
3890
4487
4487
12487
10988
10888
9647
9734
9234
9207
9207
9234
9292
9197
10139
10169
10232
10232
10126
10149
10282
10280
10608
10516
10571
10511
10824
10665
10774
10848
10803
10749
10612
9862
10058
11069
11043
10016
9754
10465
10737
10587
10869
10909
4744
4657
7823
7773
8023
7935
10997
7622
7622
7657
7663
7553
7439
4533
4533
10284
10339
10478
10368
7622
7708
9272
9227
8792
9241
9357
9430
9348
12487
10410
10362
10301
10263
4002
3904
4623
4548
3742
3938
3588
3379
2421
2344
1790
1672
1571
1439
1312
9754
9872
9872
9656
9451
9607
9464
9486
9255
9255
9464
9255
9429
9826
9464
9656
9872
9826
9429
9201
9255
9464
9826
10469
10419
9891
10039
10039
9844
10055
10229
10261
10130
9775
9607
9579
9438
9699
9745
10207
10207
9272
9114
9114
8773
8921
8747
8896
8795
8795
8225
10612
10243
10157
9999
9975
9893
9894
9677
9433
9304
9505
10435
10537
10525
10470
10614
10501
10415
10654
5230
5280
6425
6425
5527
12496
4119
3698
5228
3703
3527
3500
3477
3561
3584
3297
3712
3156
1840
1656
1836
1692
1848
2066
1697
1615
1578
1671
1585
4030
4319
4526
4592
4292
7931
7974
8144
8106
7985
7974
7911
7919
7922
7848
7827
7783
8073
8013
8013
8084
4439
4117
3970
4181
4261
9628
9720
9563
10269
10248
10207
10485
10382
10382
5417
5106
5136
4399
12490
3373
3039
2826
2682
2579
2486
2351
2271
1979
1950
2106
1823
1702
1609
1469
1410
4290
4338
10561
9227
9227
9988
10028
10028
9509
9406
9643
7891
7891
7780
7780
7891
7780
7891
7891
7780
7780
7771
7771
7780
7780
7891
7891
7982
7982
8510
8510
8647
8647
8184
8184
7982
7982
8184
8184
8408
8408
8408
8400
7891
7891
8091
7982
7841
7841
7780
7780
7771
7771
7780
7771
7771
7780
7780
8184
8184
8091
7982
8184
7982
7891
7891
7982
8091
8184
8184
8091
8091
8408
8408
8184
8184
8309
8400
8744
8744
8510
8510
8510
8744
9006
9006
8915
8915
8510
8510
8309
8309
8546
8546
8510
8510
9072
9072
8934
8934
8934
9072
9072
8934
9239
9239
9000
9000
8546
8647
8836
8934
8767
8767
8934
9006
8767
8767
9006
9006
8915
8767
8744
8744
8915
8915
8767
8767
8647
8647
8836
8915
9072
9000
9190
9190
9124
9161
9161
9161
9161
9161
9072
9072
9190
9500
9239
9500
8836
8934
7891
7891
7924
7780
7841
7924
7891
7982
7771
8647
8452
9006
9000
9000
8546
8510
8510
8744
9006
9006
9000
9000
9072
9000
9500
9000
9000
9500
9000
9500
9000
9190
9000
9000
9500
9190
7891
7982
8546
8510
8767
7891
7780
8184
7982
8184
8836
8836
8767
9161
9072
8647
9201
8744
9006
9000
7771
8184
8546
8546
9006
9000
9000
9000
9000
7771
8934
8510
10379
8651
8334
8388
8971
8971
9407
9508
8888
11768
11761
11974
7622
11691
11603
11603
11691
11691
11964
11652
11661
11815
7159
7305
7239
7099
6991
6437
6273
6593
6554
6755
6593
6408
6584
6584
6347
6443
6443
6443
5758
5527
6443
4670
4487
4734
4584
10343
11004
11004
11012
10621
10790
10721
10554
10865
10921
10865
10829
10844
10935
10866
10866
10957
10427
10347
10347
10416
10849
10823
10758
10827
10628
9409
9682
9747
9803
9803
9803
9901
9901
10220
10291
10425
9932
10048
9737
9932
10976
10649
10649
10664
10573
10550
10550
10400
10400
10048
10048
10624
10816
10718
10780
10879
9595
9575
9625
9456
9827
9897
10171
10503
10533
10730
10716
10125
10007
10100
9635
9737
10914
10658
10573
10464
10664
10628
10416
10441
10326
10355
10355
10175
10631
10385
10363
10342
10385
10288
10358
8915
10100
10081
10100
9950
11318
11330
11502
11502
8915
8744
8309
8184
8400
8400
8408
8408
8309
7648
7648
7556
7556
7495
7495
7556
7495
7616
7495
7495
7616
7616
7648
7616
7616
7648
7556
7556
7616
7616
7648
7648
7616
7616
7556
7495
7616
7771
7682
7724
7648
7804
7724
7648
7771
7804
7804
7648
7804
7648
7616
7648
7648
7616
7616
7804
7804
7804
7648
7804
7495
7495
7804
7648
7648
7804
7804
7841
7804
7804
7556
7841
6512
6586
6711
6546
6937
6988
6921
6869
6546
6711
6586
6326
6326
6114
6424
6114
6402
6253
7248
6114
6818
6700
6253
6862
6546
6796
6711
6546
6797
6711
6586
6797
7554
7327
7327
7447
7021
7223
7223
7013
6998
7056
6988
6921
7597
7554
4870
4870
4875
4875
7500
7500
7500
7500
7389
7389
4870
4870
4875
4875
6395
6395
5574
6108
6129
5571
6253
6411
6253
6253
6862
6862
6862
6862
6865
6700
6865
6818
7485
7485
6818
6862
6818
6818
7500
7500
4870
4875
6988
6921
7021
7223
7223
5959
6411
6546
6862
6862
6623
6862
6862
6862
6818
6818
6869
6797
7500
7500
7485
6913
7260
7260
6913
6939
6998
6827
7223
7327
7327
7327
7485
7485
7485
7485
7495
7495
7495
7485
7327
7327
7322
7327
6869
6921
6869
6869
5821
5574
5924
7393
7393
5745
4940
4940
5288
5288
5285
5348
5169
5139
6818
6818
5610
5653
6108
6253
6987
6818
5571
5610
5937
5959
6862
6862
4870
4875
7495
7495
6411
6402
6546
6818
6818
6818
6818
4940
4940
4875
4870
5547
5708
5343
5343
5708
5343
4875
4875
5139
5139
7393
7393
6862
6818
6818
6818
6862
5233
5285
5370
6546
4940
7223
7327
7223
7223
4940
4940
6818
6818
6818
6818
7393
6818
6818
7554
7554
7597
6865
6671
7554
7436
7327
7327
4940
4870
7485
7495
7495
7485
6796
6796
6546
6546
5389
4868
4870
4870
4868
4870
4870
6546
5364
6939
6546
6797
7021
6998
7327
7223
7327
6869
4868
4868
7327
7322
6797
6796
6796
7393
7393
7485
7495
7495
7495
4868
6700
6987
6921
6921
6921
6921
6921
6869
6913
7393
7393
7393
5435
5653
5435
5139
5233
5169
7021
6913
6797
6797
7038
5364
5364
6087
4868
4868
5499
6818
6865
6700
6818
7327
4870
4868
4868
4868
7393
6796
7496
6869
6869
5400
6818
6818
6818
6818
6818
4868
4868
4868
4868
4868
4868
4868
4868
4868
4890
4890
4868
4890
4890
4890
4890
4890
4890
4890
4890
4890
4890
4868
4890
4890
4890
4890
4868
4890
4890
4890
4890
4890
4890
4890
4890
4868
4868
4890
4890
4890
4890
4890
4890
4890
4890
4868
4868
4868
4890
4868
4868
4890
4890
4890
4890
4890
4890
4890
4890
4890
4890
4925
4925
4925
4925
4925
4925
4925
4925
4925
4925
5140
4987
5376
5376
5433
5433
4925
4925
4908
4908
4854
4854
5433
5433
5376
4908
4908
5376
5376
5140
4908
5086
5086
4925
4925
4925
4925
4925
4854
4925
4925
4925
4925
5376
4925
4925
4925
4925
4925
4925
4925
4925
4925
4925
4925
4925
4925
4925
4925
4925
4925
4925
4925
4925
4925
4925
4925
4925
4925
4925
4925
4925
4925
4925
4925
4925
4925
4925
4925
4925
4925
4925
4925
4925
4925
4925
4925
4925
4925
4925
4925
4925
4925
4925
4925
4925
4925
4925
4925
4925
4925
4925
4925
4925
4925
4925
4925
4925
4925
4925
4925
4925
6865
6865
6865
6865
6865
6865
6865
6865
6865
6865
6818
6818
6818
6818
6865
6865
6865
6865
6865
6865
6818
6818
6818
6865
6865
6818
6818
6818
6818
6818
6818
6865
6865
6865
6865
6865
6865
6865
6865
6865
6865
6818
6818
6865
6865
6865
6865
6865
6865
6865
6865
6865
6865
6865
6865
6865
6865
6865
6865
6865
6865
6865
6865
6865
6865
6987
6865
6865
6865
6865
6865
6865
6865
6865
6865
6865
6865
6865
6865
6987
6865
6865
6987
6865
6865
6865
6865
6865
6865
6865
6865
6865
6865
6865
6865
6865
6865
6987
6865
6865
6987
6865
6865
6987
6865
6865
6865
6865
6865
6865
6865
6818
6818
6818
6818
6818
6818
6818
6818
6818
6818
6818
6818
6818
6818
6818
6818
6818
6818
6818
6818
6818
6818
6818
6818
6818
6818
6818
6818
6818
6818
6818
6818
6818
6818
6818
6818
6818
6818
6818
6818
6818
6818
6818
6818
6818
6818
6818
6818
6818
6818
6818
6818
6818
6818
6818
6818
6818
6818
6818
6818
6818
6818
6818
6818
6818
6818
6880
6880
6880
6818
6818
6818
6818
6818
6880
6880
6880
6880
6880
6818
6818
6818
6880
6880
6818
6818
6880
6818
6880
6818
6818
6880
6880
6880
6818
6880
6818
6818
6880
6880
6880
6818
6818
6818
6818
6818
6818
6818
6818
6880
6818
6880
6818
6880
6818
6880
6880
6818
6921
6921
6921
6921
6921
6921
6921
6921
6921
6921
6921
6921
6921
6921
6921
6921
6921
6921
6921
6921
6921
6921
6921
6921
6921
6921
6921
6921
6921
6921
6921
6921
6921
6921
6921
6921
6921
6921
6921
6921
6921
6921
6921
6921
6921
6921
6921
6921
6921
6921
6921
6921
6921
6921
6921
6921
6921
6921
6921
6921
6921
6921
6921
6921
6921
6921
6921
6921
6921
6921
6921
6921
6818
6818
6818
6862
6862
6862
6818
6818
6862
12008
11958
11953
11953
11958
11953
11958
12006
11978
11976
11978
11978
11978
11965
11965
11965
11958
11965
11965
12006
11958
11953
11958
11978
11978
11978
11953
11978
11958
11978
11978
11965
11965
10267
10140
11953
11965
11953
11965
11965
10055
10055
10111
10113
7920
7874
8002
8029
8120
7823
7984
7978
8086
7985
7749
7809
7908
7948
8287
7991
8053
8012
7994
8002
8316
8359
8157
8190
8077
8110
8842
8802
8014
9615
9604
9604
9615
9604
9683
9683
9423
9831
9387
9423
9403
8881
9136
8905
8881
9097
9264
9012
9140
10434
8184
7648
10665
10688
10865
10973
10807
10688
8201
10397
10623
10807
10813
10898
10898
10747
10759
10759
10785
10877
10293
10104
10104
10066
9909
9985
10015
10007
9932
9563
9563
9401
9321
8910
6756
6725
6996
6958
7379
7395
6834
6748
6713
7110
6573
6450
7439
7126
4670
6496
7439
6399
6425
7379
7099
7298
9758
9705
9818
9915
9900
9878
10008
10136
9899
10069
10136
10069
10069
10048
10048
10304
10304
10176
10238
9997
10003
8905
8938
8974
9118
8998
9287
9563
9401
9563
9505
9678
9760
9899
9979
10145
10071
10200
10369
10108
10037
11020
10921
10109
10081
10081
10015
10118
10263
10109
10066
10179
10237
10237
10410
10435
10410
10507
10470
10410
10175
10239
10195
10301
10301
10239
9885
9996
10069
10221
10221
10304
10355
10314
10314
9997
9722
10433
10728
10816
10884
8836
7868
7743
7509
8702
9758
9224
9316
9520
9441
9173
9224
9262
9341
9093
9423
9052
9052
9152
8921
9028
11155
11207
11349
11406
10652
10652
9306
9789
9789
9664
10472
9674
4778
4607
4775
4732
5705
5164
6080
4792
4896
5042
5960
5773
4923
4994
5103
4896
5001
6958
6889
6726
6763
6508
5249
5177
5399
6333
6011
5853
6141
6396
6001
6416
6435
6595
5616
6011
6011
6333
6599
6874
7049
7654
3326
4223
4290
5048
4991
4935
3904
4002
4835
4609
4117
5240
5419
5390
6011
6263
4430
4430
4430
4430
6443
7001
4670
4841
6332
4670
6399
5962
1242
1128
1157
1242
1282
1270
1282
1175
1175
1311
1311
1175
1172
1311
1311
1235
1155
1243
1221
1128
1175
1157
1242
1157
987
988
987
987
987
987
1010
1175
987
988
1051
959
987
521
521
521
442
485
485
485
485
396
485
485
396
472
472
472
472
693
693
693
693
361
485
485
442
551
551
521
521
551
442
551
485
339
485
485
361
485
551
551
485
485
361
361
485
689
521
521
620
521
521
620
521
603
521
689
521
691
658
693
691
693
693
693
693
658
669
693
247
421
222
251
404
472
404
472
472
232
432
404
421
677
620
485
693
485
603
677
361
396
521
647
396
684
701
521
521
650
669
693
432
154
693
546
472
333
204
472
204
1221
1093
1243
1093
1112
976
976
976
852
907
852
925
925
790
825
867
867
727
184
281
727
524
704
484
437
613
333
212
366
212
193
643
333
643
333
232
20
15
71
95
193
94
24
333
15
397
623
381
599
199
147
725
308
308
652
145
633
430
190
557
799
796
793
443
548
671
671
671
443
671
443
812
812
838
838
812
671
548
212
212
760
655
760
475
297
201
364
212
88
201
215
624
383
557
626
430
796
746
772
653
61
191
145
190
446
349
349
349
349
349
351
215
187
848
852
852
925
925
212
19
61
61
191
191
191
88
145
36
36
36
140
140
62
140
351
351
74
187
349
349
349
349
349
446
211
349
211
349
349
349
873
2363
2314
2423
4724
7931
8001
7897
4516
8201
9601
11691
11691
11691
11691
11691
11603
11691
11691
11691
11691
