12220
12176
12090
12190
12088
12083
12076
12089
11668
11648
11762
11808
11480
11424
11357
11480
11569
11569
11569
11595
11626
11730
11730
11799
11502
11502
11626
11626
11539
11626
11630
11630
11493
11626
11539
11539
11626
11630
11630
11630
11398
11445
11445
11356
11493
11453
11453
11483
11483
11374
11339
11339
11326
11339
11252
11251
11252
11301
11330
11349
11338
11304
11304
11365
11406
11406
11406
11406
11406
11406
11406
11406
11365
11406
11365
11432
11432
11432
11432
11406
11406
11406
11406
11356
11356
11356
11406
11356
11356
11330
11406
11365
11365
11365
11365
11406
11356
11356
11339
11330
11330
11330
11304
11304
12013
12030
11913
11913
12030
11913
11808
11904
11771
11722
11789
11789
11871
11871
11787
11787
11787
11698
12013
11984
11901
12013
11920
11920
11917
11847
11847
11827
12299
12278
12286
12210
12181
11378
11325
11343
11295
11325
11251
11325
11295
11323
11323
11348
11268
11375
11173
11117
11093
11167
11345
11924
11868
11791
12266
12244
12188
12215
12408
12357
12310
12349
12199
12195
12261
12249
12320
12349
11306
11460
11249
11216
12428
12433
12021
12156
12071
11986
11998
12102
11641
11534
11515
11667
12090
11913
11904
11898
11947
12025
12041
12144
12101
12136
12016
11938
11524
11361
11322
11513
11366
11368
11151
11149
11159
11195
11175
11183
11214
11201
11083
11024
11024
11083
11115
11106
11635
11694
11124
11244
11243
11340
11449
11749
11790
11920
11827
11827
12147
12055
12083
12137
11454
11593
11504
11461
11904
11904
11904
11374
11374
11529
11808
12418
12372
12445
12471
12158
12081
12032
12236
11590
11146
11212
12315
12278
12041
11616
11771
11644
11616
11563
11503
11451
11426
12130
12201
12268
12309
12099
12342
11483
11453
11539
11351
11351
11351
11365
11238
11251
11127
11152
11539
11566
11539
11539
11406
11432
11432
11432
11432
11250
11199
11130
11177
11222
11332
11308
11267
11354
11352
11302
11198
11203
11162
11184
11566
11566
11566
11539
11539
11539
11539
11539
11539
11566
11566
11630
11539
11539
11539
11539
11566
11566
11692
11712
11692
11630
11630
11132
11116
12231
12165
11406
11984
11599
11595
11593
11698
11790
11987
11917
11917
11847
11839
11799
11821
11913
11904
11749
11704
11704
11821
11675
11904
11771
11702
11702
11559
11470
11497
11577
11895
11997
12022
11895
11902
11960
11902
11902
12052
12047
11951
11888
11867
11952
11983
11470
11478
11497
12075
12276
11892
11864
11896
11797
11889
11939
11706
11654
11756
11809
11746
11797
11788
11571
11755
11570
11570
11511
11597
11576
11542
11799
11930
11783
11976
12467
12450
12326
12449
11338
11284
11483
11483
11483
11483
11920
11463
11221
11174
11136
11105
11539
11539
11566
11432
11539
11539
11566
11566
11790
11787
11566
11566
11566
11052
11071
11432
11432
12401
11594
11723
11754
11801
11825
11912
11068
11097
11143
11904
11871
11920
11942
11394
11432
11226
11200
11566
11500
11819
11819
11816
11819
11855
11855
11855
11902
11879
11855
11855
11895
11902
11895
11895
11895
11895
11895
11895
11895
11625
11680
11819
11876
11778
11778
11778
11778
11778
11778
11778
11683
11819
11819
11876
11819
11765
11765
11765
11765
11658
11724
11736
11747
11747
11747
11765
11724
11724
11724
11724
11765
11765
11646
11760
11683
11671
11671
11597
11618
11876
11760
11577
11760
11778
11671
11778
11650
11618
11650
11650
11765
11765
11765
11765
11765
11765
11765
11765
11765
11765
11765
11765
11765
11778
11765
11778
11819
11778
11819
11819
11819
11819
11819
11819
11819
11819
11819
11819
11819
11819
11819
11819
11819
11819
11819
10808
11024
10997
10652
11819
11819
11819
11819
11819
11819
11819
11816
11765
11765
10733
10891
10880
10861
10534
10474
10536
10641
10438
10380
10131
10251
10230
10161
8696
8688
8484
8484
10377
9411
10717
10528
10970
10995
10874
10874
8570
8570
8516
8516
8037
7987
7858
7876
8300
8100
8103
8300
8813
10132
10226
10131
10210
10246
10258
10210
7497
7489
7508
7624
10887
10887
10887
10887
9349
9411
9411
9362
8816
8993
8844
8641
8487
8458
9362
10377
10132
8813
8391
8326
7381
7560
7458
7342
8108
8112
8326
8326
7204
7455
7309
7262
10380
10307
8484
8484
8484
8484
9099
9361
9362
9274
7340
7333
7097
7054
9654
9592
9394
9654
8406
8391
8696
8462
8277
8326
8277
8391
8246
10279
10161
10327
10387
10356
10294
10405
10473
10677
10677
8940
9015
7121
10431
10500
10431
10338
10860
10970
10095
9958
9958
10095
9846
9846
10083
10083
7483
7614
7960
9857
8679
8050
10187
10262
10097
10072
10477
10391
10455
10629
10373
10214
8891
9230
9587
9587
9230
9230
11026
11045
11045
10901
11002
10923
10901
9726
9467
9620
9620
9680
9619
9680
9680
9619
9587
9587
9680
9230
9680
9230
9230
7718
8110
7718
7718
9845
10128
10128
9845
10213
10213
10512
10054
9962
10114
10233
9962
11010
11028
10998
10018
10018
9992
9992
10156
10246
10165
10114
10114
10165
7995
7960
7504
7650
7675
7486
7421
7445
7387
11073
11058
11061
11061
6391
6422
6074
6132
10979
11066
11031
11031
6639
6563
11044
11026
10978
10978
10913
6417
6092
11099
11100
11066
11075
11054
11135
7103
7190
4634
4634
4543
4543
4702
4802
4613
4624
6154
6315
6256
6086
7129
7131
7138
4390
3910
3797
4348
4634
4634
4634
4543
7000
6858
6980
6905
6854
6857
7035
5635
5909
5858
5635
6419
6616
6576
6576
4555
4540
4216
3912
3972
4187
4278
4176
4402
4402
4363
5646
4947
5070
4976
4947
7091
7445
7574
7617
7504
7615
9857
7615
7639
10262
10076
4480
3492
3452
4290
3440
4374
3395
3692
3404
3692
3751
4085
4020
4016
4103
6013
4278
4167
6459
7035
7023
7195
7160
7000
7629
7629
7543
7737
7737
7737
8246
8284
8391
10294
10143
6025
4236
3985
3981
4077
6615
7183
7061
8164
8097
8696
8696
4604
3496
3456
3264
3456
3905
3761
3578
3841
2859
2727
2804
2898
3692
3514
3514
3559
3496
3386
4113
3964
3481
3656
3557
3320
3374
3440
3395
3374
3538
3397
3514
3514
3496
3456
3664
3429
3161
3374
3019
3161
3067
3082
3159
3067
3019
3125
2918
3223
3223
3019
2535
2602
2656
2586
2589
2707
2659
2612
2573
2574
2610
2665
2527
2514
2443
2443
2399
2399
2554
2593
2525
2441
2521
2470
2402
2482
2489
2563
2514
2894
2700
2839
2804
2686
2479
2467
2536
2565
2443
2514
2573
2869
2814
2798
2664
2739
2575
2633
2427
2382
2467
2458
2354
2340
2530
2504
2468
2378
2437
2330
2374
2335
2260
2441
2416
2313
2481
2503
2331
2389
2396
2370
2358
2404
2506
2279
2054
2230
2215
1673
1568
1549
1652
2164
2051
2211
2158
1937
2014
2254
2303
1650
1757
1822
1659
2041
1895
1861
1987
1708
1759
1856
1858
1922
1782
1798
1954
1890
1789
1434
1432
1565
1612
1729
1637
1637
1717
1485
1521
1643
1648
1471
1470
1608
1447
1348
1357
1381
1357
1381
1484
1484
1381
1528
1406
1406
1527
1411
1384
1541
1400
1399
4100
4220
4100
4100
3001
3841
2824
2898
2716
2460
2625
2456
2386
2288
1885
2118
1926
1598
1744
1423
1539
1346
4185
4364
4363
4363
4169
4169
4065
4273
2489
2953
2909
2909
2606
2549
2719
2778
2060
2064
1846
2195
2278
2216
2087
2231
2056
2898
2898
2827
3122
7726
7675
8516
8277
8176
8409
8379
8570
8670
8570
9099
9249
8246
7665
7665
6734
6463
6147
5754
5646
4402
4065
4169
7735
7735
10336
10310
10524
10453
10524
10524
10980
10980
4100
4100
4169
4205
4305
4161
4161
4746
4532
4480
10078
10165
9938
10078
9472
9472
10917
10956
10926
10885
10872
10819
10819
10858
10858
5567
5736
7622
7718
7735
7781
9820
9857
9150
8875
9540
9540
10222
10165
10054
10054
4634
4743
7843
7805
7815
7815
8364
8264
8569
9779
9680
9680
4305
4363
5635
4077
4032
11027
11021
9992
10018
9455
9455
9394
9249
9587
9455
10377
10377
10377
10377
10377
10371
10452
10226
10699
10562
10545
10473
10922
10979
10953
10843
10838
10902
10900
10768
10756
10133
10198
11073
11072
10133
10198
10744
10784
10885
11019
11019
4859
4777
7660
7611
7688
7536
7530
7627
8000
7844
11068
7197
7505
7503
7145
7023
6932
5635
5635
10424
10424
10517
10517
7325
7254
9099
9099
8246
8983
9540
8696
8813
4100
4100
10739
10386
10739
10642
4028
4065
4355
4379
4379
4482
4012
4285
3348
3001
2397
2193
1716
1669
1566
1348
1446
10133
10133
10133
10160
10127
10165
10165
10127
10073
10165
10153
10078
9938
10073
10078
10133
10078
10078
10078
10153
10165
10165
10153
10378
10517
9361
9668
9668
9362
10302
10268
10370
10370
10254
10254
10233
10127
10054
10165
10348
10348
8991
9249
9099
8484
8484
8844
8641
8516
8516
8003
10473
10370
10370
9992
9992
10018
10191
10010
10002
9856
9981
10386
10739
10739
10841
10841
10815
10365
10815
5227
5601
6992
6982
6632
4402
4305
3981
5516
3578
3905
3320
3414
3320
3224
3320
3224
2934
1943
1785
1800
1911
2074
1876
1707
1618
1640
1775
1643
4065
4482
4469
4357
4278
4278
7603
7463
7839
7679
7723
7824
7888
7777
7820
7901
7709
7754
7787
7781
7811
7811
5635
4085
4285
4278
4381
10005
10095
9958
10370
10268
10348
10700
10700
10700
6576
6576
5930
4290
4379
4363
2721
3320
2720
2720
2595
2539
2413
2282
1932
2213
2036
1781
1612
1709
1461
1381
4100
4290
10744
9249
9249
10234
4616
4720
10164
10165
10067
9361
9361
7992
7667
7667
7992
7992
7667
7996
7667
8043
7996
7862
8043
8043
7862
7992
8114
8114
7992
8520
8797
8797
8520
8352
8114
8114
8352
8360
8520
8520
8360
8459
8459
7992
8114
8114
7996
7862
7667
7667
7862
7862
8043
7862
7799
7667
7667
7799
8360
8114
8114
8360
8352
8114
7992
8114
8114
7992
8352
8114
8114
8352
8520
8520
8352
8459
8459
8352
8797
8520
8520
8797
8520
8797
9048
9048
9048
9141
8520
8459
8459
8520
8797
8520
8520
8797
9546
9475
9475
9546
9549
9479
9663
9663
9510
9479
9479
9510
8797
8797
9048
8797
8797
9462
9462
8797
9048
9462
9462
9048
8797
9048
8797
8859
9048
8797
8797
8797
8797
8797
8797
8797
9546
9847
9847
9546
9729
9729
9978
9978
10029
9663
9663
10044
9762
9762
9510
9663
9475
9048
7992
7667
7981
7992
8043
7862
8114
7992
7799
8797
8674
9141
9475
9485
8797
8797
8520
8520
8968
9191
9475
9048
9510
9510
9847
9847
9510
9510
9485
9847
9546
9762
9546
9847
9847
9546
7992
8114
8797
8520
8797
7992
7667
8352
8114
8352
9048
8797
8968
10029
9663
8797
10078
8797
9485
9048
7799
8352
8797
8674
9191
9191
8968
9510
9510
7862
9462
8520
10336
10241
10285
8502
8234
8178
9099
9099
9592
9361
8641
11956
11937
12049
7315
6933
6933
11816
11765
11819
11819
11819
12022
11862
11740
11902
7154
6856
7031
7084
6815
6918
6557
6537
6537
6670
6545
6897
6677
6836
6881
6689
6821
6764
6767
6765
6567
6783
6688
6488
6309
6147
6150
6064
5876
10530
11025
11028
11025
10599
10504
10802
10871
11002
11002
11002
10923
10901
10989
10967
10949
10974
10580
10619
10461
10316
10959
10939
10941
10941
10809
9908
9981
9981
10115
10002
10010
10115
10095
10856
10700
10700
10274
10213
10095
10095
11010
10886
10886
10814
10886
10656
10656
10656
10656
10213
10095
10815
10896
10940
10872
10893
9727
9727
9866
10011
9995
10234
10700
10782
10770
10889
10941
10191
10213
10213
9833
10011
10960
10739
10886
10656
10619
10809
10814
10512
10642
10461
10440
10213
10784
10671
10602
10602
10717
10700
10497
8859
10191
10054
10114
10164
11351
11351
11483
11432
9048
8797
8459
8459
8352
8459
8520
8520
8459
7453
7518
7518
7453
6685
7437
6685
7518
6685
6685
7518
7437
6685
7453
7453
7453
7313
7476
7453
7453
7476
7453
7453
7453
7453
7476
7453
7476
7619
7619
7799
7453
7453
7619
7619
7862
7619
7619
7453
7619
7453
7453
7453
7518
7453
7453
7619
7619
7619
7453
7619
6685
6685
7619
7453
7619
7619
7453
7862
7619
7619
7476
7799
6193
6193
6016
6157
6016
6068
6068
6016
6185
6068
6016
6210
6210
6448
6448
6210
6293
2874
5614
6331
5604
5604
6293
5604
6193
6193
6193
6304
5881
5881
6185
6016
6432
6432
6575
6518
6369
6357
6421
6421
6248
6193
6293
6068
6625
6518
3134
3134
3134
3134
6518
6518
6518
6518
6518
6518
3134
3134
3134
3134
6193
6210
3242
3123
6448
6448
5309
6248
6193
6248
6248
6248
5604
5604
5319
5443
5297
5550
6685
6685
5578
5171
5578
5604
6518
6518
3134
3134
6057
6193
6369
6421
6625
3242
6193
6248
6248
6248
6248
6248
5604
5619
5604
5619
5881
6068
6518
6518
6685
6293
6304
6293
6432
6200
6016
6193
6421
6559
6559
6518
6518
6685
6685
6685
6685
6685
6685
6685
6518
6685
6575
6518
6028
6028
5946
5881
6448
3123
3123
6293
6432
3242
3134
3134
3134
3134
3242
3134
3134
3123
5171
5180
3242
6541
3242
5309
5443
5443
3242
3508
3242
3242
5604
5604
3134
3134
6685
6685
6248
6448
6248
5104
5031
4992
5104
3134
3134
3134
3134
3123
3123
3123
3123
3123
3134
3134
3134
3134
3134
6293
5604
6541
5329
5171
5578
5604
3242
5570
3242
6248
3134
6421
6497
6518
6518
3134
3134
5052
5104
4971
5031
6541
5104
5104
6518
6518
6518
5319
6432
6518
6518
6625
6559
3134
3134
6685
6685
6685
6685
6432
6432
6293
6432
5614
3134
3134
3134
3134
3134
3134
6210
3242
6293
6193
6193
6248
6357
6575
6421
6650
6016
3134
3134
6625
6685
6068
6304
6304
6293
6248
6685
6685
7476
7476
3134
5241
5297
5946
5881
5946
5946
5946
5946
6293
6293
6541
6248
3123
3123
3123
3134
3123
3242
6304
6293
5881
6068
5309
5580
5570
5614
3134
3134
3123
5171
5550
5297
5171
6559
3134
3134
3134
3134
6518
6304
7476
6068
5946
5570
5104
5154
5154
5171
5154
3134
3134
3134
3134
3134
3134
3134
3134
3134
3134
3134
3134
3134
3134
3134
3134
3134
3134
3134
3134
3134
3134
3134
3134
3134
3134
3134
3134
3134
3134
3134
3134
3134
3134
3134
3134
3134
3134
3134
3134
3134
3134
3134
3134
3134
3134
3134
3134
3134
3134
3134
3134
3134
3134
3134
3134
3134
3134
3134
3134
3134
3134
3188
3088
3088
3188
3056
3088
3088
3056
3056
3088
5570
5570
5570
5570
5570
5570
3088
3056
5570
3088
3088
5570
5570
5570
5570
5570
5570
5570
5570
5570
5570
5570
5570
3088
3188
3188
3188
3188
3088
3188
3188
3188
3188
5570
3188
3188
3188
3188
3188
3188
3188
3188
3188
3188
3188
3188
3188
3188
3188
3188
3188
3188
3188
3188
3188
3188
3188
3188
3188
3188
3188
3188
3188
3188
3188
3188
3188
3188
3188
3188
3188
3188
3188
3188
3188
3188
3188
3188
3188
3188
3188
3188
3188
3188
3188
3188
3188
3188
3188
3188
3188
3188
3188
3188
3188
3188
3188
3188
3188
3188
3188
3188
4861
4861
4861
4861
4861
4861
4861
4861
4861
4861
4861
4849
4849
4861
4861
4861
4861
4861
4861
4861
4899
5005
4849
4861
4893
4893
4861
4861
4861
4861
4861
4861
4861
4861
4861
4861
4861
4861
4861
4861
4861
4929
4893
4861
4861
4861
4861
4861
4861
4861
4861
4861
4861
4861
4861
4861
4861
4861
4861
4861
4861
4861
4861
4861
4861
4861
4861
4861
4861
4861
4861
4861
4861
4861
4861
4861
4861
4861
4861
4861
4861
4861
4861
4861
4861
4861
4861
4861
4861
4861
4861
4861
4861
4861
4861
4861
4861
4861
4861
4861
4861
4861
4861
4861
4861
4861
4861
4861
4861
4861
4861
4899
4992
4992
4992
4992
4992
4992
4992
4992
4992
4992
4992
5104
5104
4992
5104
5104
5104
5104
4992
4992
4992
4992
4992
4992
5104
5104
5104
5104
5104
4992
5104
5104
4992
4992
4992
4992
4992
4992
4992
4992
4992
4992
4992
4992
4992
4992
4992
5104
4992
4992
4992
4992
4992
4992
4992
4992
4992
4992
4992
4992
4992
4992
4992
4992
4992
4992
4992
4992
4992
4992
4992
4992
4992
4992
4992
4992
4992
4992
4992
4992
4992
4992
4992
4992
4992
4992
4992
4992
4992
4992
4992
4992
4992
4992
4992
4992
4992
4992
4992
4992
4992
4992
4992
4992
4992
4992
4992
4992
4992
4992
4992
4992
4992
4992
4992
4992
5104
5727
5727
5776
5776
5776
5727
5727
5776
5727
5727
5577
5577
5577
5577
5727
5577
5776
5776
5577
5577
5220
5220
5220
5220
5220
5577
5220
5220
5220
5220
5229
5229
5229
5229
5577
5577
5577
5220
5229
5577
5220
5229
5577
5220
5577
5577
5220
5229
5229
5220
5229
5229
5220
5220
5229
5229
5727
5727
5577
5577
5577
5577
5577
5577
5220
5220
5220
5220
5229
5220
5220
5229
5225
5171
5604
5604
5604
4992
5604
5171
6248
11913
11913
11871
11871
11787
11787
11901
11901
11920
11920
11827
11920
11827
11904
11904
11913
11787
11904
11871
11920
11787
11901
11901
11901
11827
11827
11871
11901
11913
11920
11920
11871
11871
10356
10256
11913
11871
11871
11871
11871
10370
10254
10268
10246
7543
7793
7793
7718
7735
7798
7797
7765
7612
7523
7617
7787
7639
7620
7663
7935
7949
7975
7883
7793
7735
7811
7851
8003
7963
7627
9467
9467
7972
9952
9952
10143
10143
10092
10092
8813
8813
8813
8753
8570
8940
8940
8940
9099
8753
8570
8570
9180
8246
10429
8352
7453
10806
10806
10617
10691
10994
10871
10882
10783
8019
10310
10567
10882
10871
10994
10968
10949
10814
10967
10951
10834
10333
10246
10212
10164
10222
10054
10054
10213
10213
9619
9619
9636
10002
9636
6721
6855
6903
6653
7154
7256
7103
7028
6986
6926
6961
6771
6840
6543
6597
6984
6664
6867
6927
7162
7126
7256
9726
9849
10024
10098
10102
10102
10098
10278
10278
10115
10010
10115
10189
10274
10448
10548
10440
10316
10240
9770
9942
8993
8993
9230
9230
9587
9680
9619
9619
10002
10002
10002
10010
10170
10170
10181
10167
10199
10199
10024
10148
11035
11031
10054
10054
10054
10114
10054
10054
10164
10114
10212
10212
10333
10386
10386
10333
10642
10739
10739
10367
10367
10367
10367
10367
10448
9726
9849
10278
10340
10340
10448
10440
10357
10357
10076
9848
10847
10892
10937
10959
11013
9048
9632
9632
7929
7929
7622
7695
7695
7063
7695
7770
7770
9620
9620
9796
10064
10142
8865
8865
8865
8696
8813
8813
8813
8865
8813
8813
8696
8696
8696
8516
8813
11241
11304
11351
11432
11126
11116
11338
11338
11566
11566
11432
11379
11089
11200
10873
10652
10653
10653
9235
9928
9928
10225
10429
11003
11351
11351
11483
11432
10275
10228
9540
9180
9180
10335
8000
4669
4656
4656
4656
5298
6275
6349
4543
5148
4480
6320
6039
4758
4652
4652
4543
4758
6708
6569
6557
6851
6606
4837
4543
5379
4543
6115
6175
5949
5746
6135
6361
6272
6280
6515
5741
5567
5567
5531
5372
5870
6493
6837
6640
7781
3205
4236
4077
5137
5057
4659
4245
4305
4475
4278
4065
4652
4652
5594
5159
5061
5155
5646
5635
5635
5635
5646
5646
5646
5646
6652
6737
6436
6463
6813
6627
6783
6791
6412
6516
6330
11241
11241
12332
11135
12056
11379
11566
10653
10558
4290
10472
4290
7770
1289
1289
1140
1152
1297
1297
1297
1305
1224
1224
1305
1207
1305
1305
1207
1290
1184
1283
1259
1184
1224
1224
1140
1289
1091
1052
1091
1091
1092
1091
1119
1117
1207
1089
1045
1045
1091
155
155
155
155
357
357
357
357
195
195
195
195
28
28
28
28
510
510
510
510
195
315
210
210
195
388
388
195
315
195
195
210
315
315
195
195
195
195
195
315
195
195
315
195
326
168
155
168
155
327
168
155
326
168
141
168
385
385
132
203
510
510
510
344
132
510
385
132
30
28
28
30
28
28
28
28
28
28
30
28
327
491
210
654
357
168
481
315
195
152
155
195
386
596
155
155
203
344
510
28
28
510
28
28
30
67
28
30
1173
1259
1259
1173
1184
1045
1029
1045
938
911
911
911
909
932
940
940
892
688
692
67
67
688
137
713
303
67
78
23
38
23
38
688
67
28
67
28
137
38
23
28
23
30
51
67
51
423
533
758
492
352
115
752
487
12485
457
457
558
507
295
356
765
822
830
422
597
711
422
597
597
597
422
747
830
747
747
711
747
422
423
533
821
819
821
536
425
630
490
38
399
490
476
476
686
507
558
558
822
830
788
779
92
12485
269
295
144
162
422
422
422
422
363
414
295
938
931
911
909
911
38
346
178
92
143
143
12484
420
269
263
263
263
342
254
266
266
162
144
363
363
162
422
422
422
162
144
162
144
162
162
162
162
829
11016
10453
2320
2275
2285
4358
7442
7658
7658
4339
7910
4837
10193
8813
6203
11855
11816
11816
11816
11765
11765
11816
11819
11819
11816
10146
9928
9736
9533
11379
7135
7220
7695
6828
7220
9620
9235
6574
9796
7377
5635
7688
12151
12064
12059
12107
12002
12060
12018
11992
11707
11764
11759
11651
11545
11383
11382
11382
11684
11684
11561
11526
11757
11712
11807
11757
11619
11553
11637
11637
11673
11673
11685
11685
11637
11611
11611
11637
11757
11712
11692
11630
11508
11526
11526
11561
11538
11435
11435
11494
11435
11389
11389
11346
11389
11371
11346
11297
11336
11336
11329
11335
11335
11311
11335
11479
11479
11506
11335
11336
11336
11526
11421
11336
11336
11476
11335
11379
11399
11399
11399
11506
11486
11486
11526
11526
11441
11526
11421
11421
11421
11336
11336
11335
11336
11335
11415
11441
11526
11526
11421
11336
11335
11336
11270
11270
12002
12008
11946
11946
11946
11946
11805
11707
11805
11806
11718
11798
11798
11718
11798
11727
11727
11803
11965
11965
11953
11953
11875
11875
11875
11875
11875
11875
12348
12291
12245
12170
12057
11403
11389
11389
11320
11328
11269
11275
11312
11312
11291
11316
11370
11292
11168
11217
11147
11096
11392
11795
11642
11836
12284
12202
12127
12304
12416
12339
12327
12413
12189
12275
12235
12148
12341
12293
11370
11309
11223
11229
12337
12376
11966
11927
12038
12095
12009
12096
11540
11488
11367
11367
11957
11957
11911
11995
11991
11909
11996
12037
12086
12037
11881
11890
11369
11380
11265
11290
11331
11288
11190
11156
11156
11129
11171
11187
11209
11154
11062
11074
11005
10950
11092
11121
11431
11393
11128
11220
11234
11321
11408
11745
11885
11875
11885
11885
12157
12135
12053
12040
11579
11508
11561
11561
11843
11911
11911
11508
11457
11543
11863
12440
12426
12455
12370
12175
12191
12082
12067
11578
11230
11154
12355
12206
11949
11610
11579
11669
11707
11556
11468
11377
11377
12139
12087
12271
12180
11990
12281
11494
11530
11506
11351
11335
11335
11379
11236
11269
11108
11142
11611
11604
11604
11611
11506
11494
11456
11429
11494
11237
11210
11147
11169
11261
11278
11278
11267
11358
11164
11176
11148
11158
11604
11550
11550
11566
11611
11557
11604
11611
11611
11604
11604
11604
11604
11604
11604
11611
11604
11604
11712
11101
11126
11336
12008
11669
11745
11745
11727
11727
11958
11978
11976
11875
11875
11822
11822
11911
11911
11745
11745
11745
11745
11636
11805
11806
11414
11471
11405
11405
11370
11405
11761
11761
11761
11856
11768
11652
11768
11768
11768
11964
11974
11752
11865
11603
11603
11377
11405
11370
11846
11834
11738
11580
11910
11918
11664
11521
11645
11655
11517
11469
11710
11720
11558
11535
11535
11405
11535
11521
11521
11712
11311
11335
11494
11494
11494
11494
11958
11438
11227
11185
11112
11133
11494
11494
11604
11435
11550
11549
11566
11494
11803
11885
11604
11566
11053
11085
11379
11494
11603
11603
11523
11523
11089
11081
11119
11806
11806
11885
11399
11494
11192
11566
11652
11523
11523
11652
11652
11652
11652
11652
11768
11603
11652
11652
11652
11652
11652
11652
11661
11661
11661
11661
11535
11535
11661
11661
11627
11661
11482
11482
11482
11482
11482
11482
11661
11652
11661
11652
11523
11523
11523
11523
11523
11523
11523
11523
11523
11523
11523
11523
11535
11523
11523
11523
11523
11523
11416
11471
11535
11535
11535
11535
11627
11627
11416
11482
11482
11535
11482
11535
11535
11535
11535
11535
11523
11523
11523
11523
11535
11523
11523
11523
11523
11523
11523
11523
11482
11482
11482
11661
11661
11661
11523
11661
11661
11661
11661
11661
11523
11652
11652
11652
11652
11652
11652
11652
11652
11523
10854
10652
10854
10950
11652
11652
11652
11523
11523
11523
11523
11523
11523
11523
10626
10787
10895
10705
10487
10630
10488
10457
10394
10334
10334
9736
10322
10334
8073
8029
8775
8708
10432
10408
10408
10408
10981
10754
10836
10981
8323
8323
8359
8359
7753
7753
7741
7782
8194
8267
8133
7994
10398
10334
10398
10343
9809
9806
10032
10032
7529
7572
7478
7434
10601
10728
10816
10864
8574
8574
10408
10408
8595
8595
8595
8796
8366
8495
10364
10398
10432
10364
7979
7979
7430
7354
7443
7430
7979
7979
7979
7989
7152
7109
7345
7390
10398
10334
8359
8073
8121
8073
9102
8488
10408
9102
7357
7316
7070
6976
9711
9318
9287
9434
9034
8874
9157
9034
8073
7989
7979
9140
8849
10322
10202
10322
10267
10383
10450
10443
10450
10518
10803
8488
8488
7191
10538
10273
10319
10538
10948
10754
9901
9901
9803
9720
9753
9827
9935
9753
7510
7672
8216
8544
8783
9215
10185
10185
10185
10245
10467
10623
10584
10397
10451
10376
9104
8783
9169
9104
9169
9169
11032
11030
11030
10946
10946
10848
10982
9552
9632
9632
9552
9401
9563
9563
9505
9505
9505
9321
9401
9131
9104
9104
9131
7929
7791
7791
7929
9647
10223
9734
9734
10100
10109
10109
10100
9734
9724
9724
9724
10972
10948
10990
9853
9784
9894
9853
9809
10032
9607
9607
9788
9724
7661
8216
7595
7522
7727
7703
7403
7431
7375
11050
11057
11000
11033
6665
6425
6332
6496
11001
11006
11039
11034
6674
6823
11043
11032
10965
11014
10934
6196
6337
11078
11080
11079
11082
7230
7213
4617
4534
4442
4465
4697
4570
4494
4494
6341
6457
6624
6494
7257
7193
7080
4551
4724
4183
4127
4166
4450
4271
4052
6959
6885
6793
6803
6991
6743
6889
5646
5646
5876
5866
6183
6161
6343
6408
4493
4400
4027
4378
3832
3665
3829
4017
3426
5500
3829
3500
4874
4811
4655
4796
7460
7368
7408
7590
7613
9370
7661
9254
9443
10245
10397
4159
4172
3908
3879
3924
4023
4181
3969
3958
3762
3665
3568
3622
3532
3561
6181
5773
5265
6181
7092
7100
6958
7099
7159
7550
7690
7487
7425
7521
7690
8063
7795
7795
10202
9959
5996
4045
3889
3698
3823
6619
7191
7110
8198
8002
8899
8775
4615
3620
3668
3554
3669
3539
3584
3897
3642
3114
3166
3062
3096
3864
3723
3709
3701
3822
3917
3575
3715
3544
3461
3599
3646
3739
3811
3863
3854
3849
3835
3778
3668
3637
3714
2461
3693
3724
2735
2961
3716
3403
3039
3306
3306
3148
3094
3170
3176
3402
3306
2624
2752
2753
2624
2753
2648
2726
2838
2603
2724
2611
2603
2411
2490
2366
2419
2365
2360
2743
2669
2687
2725
2639
2671
2494
2547
2490
2296
2735
2653
3091
3148
2951
2995
2488
3062
2360
2351
2435
2588
2653
2745
2862
2921
2921
2940
2914
2860
2488
2488
2351
2350
2383
2463
2673
2637
2604
2375
2318
2328
2350
2459
2635
2583
2513
2540
2553
2691
2624
2517
2560
2492
2258
2501
2371
2271
2229
2234
2189
1641
1657
1537
1476
2363
2341
2384
2353
2152
2152
2239
2061
1746
1741
1877
2003
2109
2059
1844
1974
1667
1831
1853
1674
2142
2038
2156
2142
2172
2039
1482
1632
1569
1488
1741
1741
1603
1701
1454
1532
1551
1448
1425
1494
1424
1340
1344
1420
1355
1375
1358
1412
1554
1514
1554
1554
1358
1418
1410
1487
1375
1369
1369
4365
3918
3889
4235
3254
3568
3040
3008
2951
2821
2714
2622
2542
2429
2207
2209
2314
1727
1965
1569
1436
1355
3765
3685
3645
3997
4169
4169
3575
4032
2366
2877
2939
2961
2821
2951
2951
2840
2295
2187
2302
2325
2270
2304
2115
1948
2517
3084
3356
3095
3040
7730
7703
8084
8084
8073
8073
8316
8265
8265
8316
8806
8806
8063
7983
7983
6843
6181
5695
6073
5500
7791
7791
10379
10309
10665
10665
10617
10529
11016
11016
3918
3918
3918
3568
3715
3566
3645
4895
5016
4234
9255
9255
9535
9535
9758
9548
10897
10919
10745
10840
10948
10574
10839
10831
10538
5921
5748
7708
7674
7717
7711
9705
9319
9235
9392
9392
9279
9909
9887
9788
9781
4900
4681
7919
7823
7823
7848
8407
8078
8495
9563
9563
9635
3622
5646
5646
4032
11038
11041
9853
9784
9169
9104
9169
9401
9401
9401
10432
10354
10432
10432
10354
10343
10399
10432
10618
10570
10518
10443
10902
10838
10824
10946
10911
10846
10612
9809
10032
11094
11076
9966
9841
10672
10840
10616
10975
10869
5330
5046
7533
7732
7502
7502
11003
7246
7358
7358
7338
7092
6803
5646
5646
10266
10403
10627
10328
7305
7159
8488
8620
8941
9034
9391
9180
9306
4269
10332
10362
10362
10320
3741
3741
4322
4365
3673
3610
3673
3410
2477
2372
2132
1672
1538
1416
1344
9656
10006
9974
9656
9607
9607
9535
9535
9201
9201
9535
9255
9255
9535
9535
9500
9860
9464
9255
9810
9201
9451
9954
10624
10468
10188
10289
10223
10223
10119
10229
10249
10182
10032
10032
9579
10138
9699
9788
10277
10266
8488
8737
9104
8073
8359
8413
8595
8316
8359
7782
10511
10243
10157
9953
9999
9893
9953
9747
10008
9682
9544
10435
10466
10658
10525
10716
10501
10468
10742
6026
5965
6954
6943
5952
3532
3622
3691
5642
3603
3545
3528
3528
3670
3687
3641
3788
3065
1864
1695
1978
1741
1808
2047
1654
1638
1591
1711
1638
3575
4667
4912
4991
4055
7379
7448
7668
7721
7585
7512
7838
7913
7829
7745
7687
7773
7826
7768
7768
7740
5646
3575
3696
3932
4263
9734
9803
9803
10269
10286
10184
10601
10382
10601
5783
5750
5541
4379
3829
3210
3128
3075
3015
2687
2678
2528
2528
2171
2165
2377
1969
1741
1603
1514
1358
4365
4290
10670
8910
9104
10184
10028
10028
9724
9215
9434
7968
7968
7810
7810
7968
7810
7968
7968
7810
7810
7651
7651
7810
7810
7968
7968
8047
8047
8784
8784
8862
8862
8464
8215
8129
8129
8230
8230
8739
8739
8724
8724
7968
7968
8116
8129
7677
7677
7847
7847
7651
7651
7810
7651
7651
7810
7810
8230
8230
8129
8116
8464
8047
7968
7968
8129
8129
8230
8230
8129
8129
8739
8739
8230
8230
8281
8589
8862
8935
8845
8845
8845
9016
9146
9146
9016
9016
8845
8845
8660
8660
8784
8784
8845
8845
8886
9410
9263
9145
9164
9424
9424
9263
9378
9410
9145
9145
8784
8784
9069
9069
8961
8961
9145
9145
9146
9146
9145
9146
9016
8961
9016
9016
9016
9016
8961
8961
8862
8862
8961
9016
8934
8851
9072
9124
9124
9036
9424
9415
9558
9660
9378
9424
9606
9525
9329
9525
9069
9263
7968
7968
7847
7847
7677
7847
7968
8047
7651
8862
8784
9146
9205
9278
8784
8845
8845
8784
9146
9146
9205
9205
9378
9263
9171
9329
9329
9171
9205
9171
9000
9686
8934
8934
9171
9072
7968
8129
8784
8698
8843
7968
7847
8230
8116
8230
8961
8961
8862
9424
9410
9016
9201
8784
9146
9145
7651
8230
8784
8784
9146
9205
9205
9263
9263
7651
9145
8845
10529
8272
7948
8013
8806
8910
9287
9434
8389
11830
11781
11890
7135
11523
11523
11523
11523
11652
11931
11628
11533
11768
7202
6938
6938
6987
6862
6673
6750
6807
6907
6928
7020
6863
6878
7004
6755
6859
6570
6593
6242
6460
6437
6073
6416
5866
5866
10561
11020
11004
11012
10538
10831
10720
10522
10921
10921
10921
10774
10848
10935
10866
10920
10935
10574
10319
10355
10574
10884
10785
10823
10884
10574
9818
9900
10008
10069
9979
9899
10069
9901
10289
10433
10585
10048
10048
9932
9932
10976
10649
10759
10664
10573
10507
10550
10400
10441
10175
10048
10792
10879
10780
10745
10879
9625
9709
9827
9737
9827
10223
10277
10631
10631
10776
10758
10007
10007
10100
9720
9737
10928
10658
10507
10550
10664
10664
10574
10362
10301
10355
10355
10125
10616
10515
10465
10475
10515
10408
10444
9016
10100
9953
9999
9950
11351
11351
11494
11494
9016
9016
8724
8230
8724
8739
8660
8739
8660
7531
7531
7366
7366
7495
7349
7366
7495
7407
7495
7495
7407
7407
7531
7407
7407
7531
7366
7366
7407
7407
7531
7531
7407
7407
7440
7495
7407
7651
7628
7604
7531
7578
7604
7531
7651
7578
7578
7531
7578
7531
7407
7531
7531
7407
7407
7578
7628
7628
7531
7578
7495
7495
7628
7555
7531
7578
7578
7677
7578
7578
7440
7651
6882
6869
6906
6940
6913
6940
6937
6937
6882
6906
6937
7264
7436
9741
7264
9741
6513
4538
4538
9839
4567
4567
4635
4635
4621
7108
6838
7436
6913
6906
6937
6913
7108
7282
7240
7108
7003
7259
7259
7223
6882
6882
6940
6937
6842
6842
9347
9347
9347
9347
8578
8578
8578
8578
4635
4635
9347
9347
9347
9347
9891
7494
8982
9891
9844
9513
4538
4538
4621
7566
4646
4567
4567
4646
4567
4227
4567
4567
8578
8578
4562
4646
4562
4562
6842
6842
9347
9347
7078
6937
7003
7223
7259
9844
7566
4621
4646
4646
4635
4646
4646
4646
4562
4562
6825
6913
6842
6842
6842
7108
7233
7108
7108
6869
6913
6913
7233
7240
7233
6842
6842
7235
7436
7495
7495
7495
7495
6842
7240
7233
7240
7240
6937
6825
6825
6937
9513
9513
9741
6838
6842
9566
9347
9347
9347
9347
9347
9347
9347
9347
4567
4567
9708
9566
9844
4567
4567
4567
9844
9708
9844
9723
4646
4646
9347
9347
7495
7495
4538
7494
7108
4562
4562
4562
4562
9347
9347
9347
9347
9347
9347
9347
9347
9347
9347
9347
9347
9347
9347
6838
4635
4646
4567
4562
4567
4646
9566
9347
9566
4538
9347
7223
7233
7233
7223
9347
9347
4562
4562
4562
4562
4635
4562
4562
6842
6842
6842
4567
6838
6842
6842
7282
6842
9347
9347
6842
7495
7440
6842
7108
7108
6838
6838
4315
9347
9347
9347
9347
9347
9347
6882
9566
6842
6906
6913
7223
6810
7233
7223
7240
6913
9347
9347
7233
7240
6913
6838
7108
4635
6838
7235
7495
7495
7495
9347
4227
4391
6937
6806
6937
6937
6937
6937
7108
7108
4635
4635
9347
9566
9347
9347
9566
9347
7108
6838
6913
6937
4538
4227
4076
4315
9347
9347
9347
4567
4353
4227
4562
7240
9347
9347
9347
9347
4635
7108
7495
6937
6825
4315
4562
4567
4567
4487
4487
9347
9347
9347
9347
9347
9347
9347
9347
9347
9347
9320
9347
9347
9320
9320
9320
9347
9320
9320
9320
9320
9347
9347
9320
9320
9320
9320
9347
9347
9320
9320
9347
9320
9320
9347
9320
9347
9347
9320
9320
9347
9320
9347
9320
9320
9320
9347
9347
9347
9347
9347
9347
9347
9347
9320
9320
9320
9320
9320
9320
9320
9320
3705
3705
3705
3705
3705
3705
3705
3705
3705
3705
4104
4104
4104
4104
4315
4315
3705
3705
3705
4104
3705
3705
4104
4104
4104
4104
4104
4104
4104
4104
4104
4104
4104
3705
3754
3705
3705
3754
3705
3705
3754
3754
3754
4104
3705
3754
3705
3754
3705
3705
3754
3754
3754
3754
3754
3754
3754
3754
3754
3754
3754
3754
3754
3754
3754
3754
3754
3754
3754
3754
3754
3754
3754
3754
3754
3754
3754
3754
3754
3754
3754
3754
3754
3754
3754
3754
3754
3754
3754
3754
3754
3754
3754
3754
3754
3754
3754
3754
3754
3754
3754
3754
3754
3754
3754
3754
3754
3754
3754
3754
3754
3754
4468
4468
4567
4567
4468
4468
4567
4567
4468
4567
4567
4567
4567
4567
4468
4567
4567
4567
4567
4567
4567
4562
4567
4567
4567
4562
4562
4567
4567
4567
4567
4567
4468
4468
4468
4468
4567
4468
4468
4468
4468
4562
4562
4468
4468
4468
4468
4468
4468
4468
4468
4468
4468
4468
4468
4468
4468
4468
4468
4468
4468
4468
4468
4468
4468
4468
4468
4468
4468
4468
4468
4468
4468
4468
4468
4468
4468
4468
4468
4468
4468
4468
4468
4468
4468
4468
4468
4468
4468
4468
4468
4468
4468
4468
4468
4468
4468
4468
4468
4468
4468
4468
4468
4468
4468
4468
4468
4468
4468
4468
4468
4562
4541
4541
4541
4541
4541
4541
4541
4541
4541
4541
4562
4562
4562
4562
4562
4562
4562
4562
4541
4541
4541
4562
4541
4541
4562
4562
4562
4562
4562
4541
4541
4562
4562
4562
4562
4562
4562
4541
4541
4541
4541
4541
4541
4541
4541
4541
4541
4562
4541
4541
4541
4541
4541
4541
4541
4541
4541
4541
4541
4541
4541
4541
4541
4541
4541
4541
4541
4541
4541
4541
4541
4541
4541
4541
4541
4541
4541
4541
4541
4541
4541
4541
4541
4541
4541
4541
4541
4541
4541
4541
4541
4541
4541
4541
4541
4541
4541
4541
4541
4541
4541
4541
4541
4541
4541
4541
4541
4541
4541
4541
4541
4541
4541
4541
4541
4541
4562
6806
6825
6806
6825
6806
6806
6806
6825
6806
6806
6806
6806
6806
6806
6806
6806
6806
6806
6806
6806
6806
6806
6806
6806
6806
6806
6806
6806
6806
6806
6806
6806
6806
6806
6806
6806
6806
6806
6806
6806
6806
6806
6806
6806
6806
6806
6806
6806
6806
6806
6806
6806
6806
6806
6806
6806
6806
6806
6806
6806
6806
6806
6806
6806
6806
6806
6806
6806
6806
6806
6806
6806
4562
4562
4562
4646
4646
4646
4562
4562
4646
11946
11908
11798
11798
11852
11798
11965
11953
11885
11875
11885
11885
11885
11843
11843
11911
11885
11843
11843
11953
11908
11908
11908
11953
11885
11885
11908
11885
11908
11885
11885
11843
11843
10267
10267
11908
11843
11798
11843
11843
10138
10119
10208
10137
7305
7750
7750
7791
7821
7681
7809
7509
7654
7443
7662
7661
7750
7740
7770
7722
7970
8014
7823
7661
7661
7768
7690
7795
7874
7728
9548
9481
7919
9736
9736
9391
9392
9391
9391
9391
8574
8532
8574
8574
8532
8488
8620
8613
8488
8488
8532
9180
9180
10383
8230
7531
10617
10824
10865
10961
10829
10774
7884
10584
10584
10829
10813
10831
10866
10839
10759
10759
10877
10927
10392
10298
10158
9909
10066
10066
9953
10007
9932
9678
9678
9532
9474
9319
6978
6983
7175
7094
7420
7352
7066
7004
7205
7111
7080
6799
6595
6509
6442
6962
6726
6829
6801
7371
7307
7279
9722
9885
10037
10180
10036
10008
10145
10176
9979
10136
10176
10069
10221
10221
10175
10326
10304
10319
10238
10022
10064
8620
8737
9104
9104
9131
9321
9532
9532
9760
9677
9899
9979
10008
10238
10273
10180
10323
10412
10200
10108
11000
10982
10144
9999
9953
9953
9953
10237
10237
10237
10237
10237
10259
10332
10349
10332
10507
10470
10410
10125
10109
10237
10237
10301
10301
9722
10003
10314
10221
10221
10239
10355
10314
10314
10155
9791
10533
10780
10842
10904
8961
7722
7516
7625
9351
9791
8359
8874
9180
9180
8359
8359
8532
8282
8359
8574
8359
8668
8708
8359
8359
11219
11270
11379
11379
10472
10558
9235
9736
9959
10228
10472
9533
5007
4805
4997
4793
6382
5839
6594
4660
4665
4665
6544
6385
4948
5287
5199
4915
4898
6818
6862
6624
7002
6896
5119
5279
4682
6472
5483
5883
6528
6714
6540
6631
6598
6705
6097
5211
5449
5326
6729
6936
7038
7576
3554
3918
3918
5478
5430
5636
3532
3532
5280
4055
3575
5654
5359
5279
4995
5041
5646
5646
5646
5646
6603
6599
6181
6330
6782
6181
6829
6621
1270
1172
1172
1270
1282
1282
1284
1172
1174
1284
1284
1174
1174
1285
1284
1270
1165
1242
1242
1128
1172
1172
1282
1172
1010
1010
987
987
987
987
988
1174
987
988
972
972
987
603
603
603
603
618
618
618
618
618
618
618
618
111
111
111
111
299
299
299
299
628
618
618
603
618
618
603
603
618
617
628
618
628
618
618
628
618
628
628
618
618
628
617
618
650
603
603
650
603
603
650
603
650
603
650
650
643
299
299
643
407
299
407
299
299
407
299
643
64
281
111
111
111
111
111
111
111
280
111
64
691
650
618
691
618
650
691
617
618
603
677
618
677
643
603
603
643
509
299
280
111
299
111
111
3
14
111
184
1242
1128
1242
1128
1093
959
959
959
852
856
852
904
852
862
836
823
862
534
698
698
675
434
774
234
451
164
524
212
114
212
114
774
763
111
434
111
71
212
114
64
114
14
24
71
15
259
743
435
353
297
29
725
308
60
215
215
446
337
351
557
719
783
746
468
468
529
674
581
468
674
468
812
812
806
806
785
529
468
259
259
760
720
595
475
88
310
310
75
88
36
406
624
351
557
446
446
796
785
772
652
29
27
73
187
337
337
358
358
358
337
337
140
187
850
852
852
904
852
19
61
17
29
27
27
151
88
41
41
41
36
62
62
62
62
211
211
211
43
205
358
205
358
337
337
337
205
205
205
205
205
835
2342
2426
2337
4991
7418
7521
7521
4833
7749
8532
11523
11523
11523
11523
11523
11523
11523
11523
11523
11523
