37283
35953
35643
35563
35615
35822
35571
35638
38248
39671
39027
40110
78993
36276
88805
81010
37977
60087
38678
37157
37971
37998
38908
37982
37987
88561
37965
37969
42179
38333
38710
45292
38538
38334
42183
50010
37973
38711
45297
42964
36145
49380
46533
36298
39663
46516
46516
46888
42165
36146
36150
36161
36152
36167
36291
36199
36189
36174
36185
36239
36247
36233
36230
37209
36272
37206
37209
36271
36271
36271
36271
36275
36273
36273
36272
36264
36263
38004
38661
36275
36196
46513
36275
36196
36271
36169
36271
36170
36170
36180
36273
36253
36248
36250
36195
56275
36164
36151
36162
36168
36176
36177
36217
36194
35835
35613
35735
35617
35625
35701
35775
35671
35690
35803
46505
38483
35732
35734
35739
35748
35849
35854
35715
35719
35713
35710
35921
35743
35747
35934
35919
35921
40162
38161
37490
36023
35516
36160
36292
50102
50093
50957
38488
50025
50075
50195
64893
87405
50223
83852
50194
55381
50291
50457
84710
43759
38272
45695
38889
38226
39006
41978
44156
39060
38109
38866
35423
38626
89580
41998
90337
60188
54021
92958
50283
50257
94025
82797
35160
56321
35099
35123
35428
45795
35166
35172
35297
35198
35590
35606
35605
35646
35941
38243
38924
35273
35255
35268
35084
35075
35049
68679
34996
95307
35331
34994
50458
18482
18623
50312
18387
18387
18534
18601
57457
56046
65340
55381
18482
41977
35211
35102
18387
35388
49831
35382
35326
35902
35906
35931
35921
35917
37228
35840
35817
38528
36112
37104
80352
36128
35668
35626
35629
36142
36130
45696
35687
43767
43679
94545
54268
93352
91175
43414
85128
35314
18507
18534
44752
38606
35507
38593
37989
35929
35939
54350
87615
87415
89718
35445
94037
94034
94056
35249
94073
84380
46881
60523
36256
36261
36254
36245
36249
36215
50129
50153
55993
55993
55993
55993
36275
38778
38778
38778
38781
50090
50126
50291
50458
50334
45669
50446
39600
39605
46735
39613
50080
55232
50129
50118
49455
49455
43274
43274
50010
50010
50010
55993
55993
49455
55993
40150
55993
55993
50010
55993
55993
55993
38912
41410
45295
45303
40150
61936
50184
38660
38562
36275
35742
35883
35881
35866
35861
35882
35762
38015
35795
35937
35995
37215
35918
35673
35619
35907
35884
35909
35913
35867
35661
35700
35124
34992
88702
88702
88702
35034
35118
35112
35379
35120
35391
35398
35067
35067
35275
35431
35393
35454
35419
35485
35441
41970
83876
34978
39592
49378
35146
35202
35136
35080
35366
39627
45645
41557
35165
35200
35216
35098
35349
35481
35465
35413
83878
88789
40124
45698
41969
38643
36015
38256
38250
41966
38385
93826
85555
36266
36242
60523
46738
39084
39084
35730
35354
18534
19012
18400
16754
46738
60523
55993
44100
43274
43274
43266
38686
35856
35728
49455
49455
42959
56039
80787
38783
38779
40151
39580
39463
35409
35406
35404
35407
57457
18482
16737
35674
35679
35733
39561
36277
36277
45983
55223
49455
39616
35058
35096
35096
35096
35113
35096
35096
35062
35396
35113
35062
35062
35062
35073
35059
35069
35059
35069
35059
35053
41973
35413
35054
35054
35054
35054
35039
35044
35036
35036
35036
35036
35059
35059
35055
35059
35401
35401
35401
35401
35405
35405
35405
35412
35412
35405
35403
35412
35412
35412
35412
35403
35403
35410
35045
35040
35035
35037
49722
49722
35051
35051
35029
35046
35039
35041
35039
35412
40124
35042
35042
35039
35041
35401
35041
35412
35412
35403
35401
35403
35401
35401
35401
35401
35039
35039
35039
35058
35054
35058
35058
35058
35058
35054
35058
35058
35058
35058
35062
35096
35059
35062
35059
35058
35058
35058
52615
57616
52619
52619
35058
35058
35059
35401
35058
35058
35058
35405
35403
35401
18803
26013
18610
18844
94684
94684
45352
23246
69519
95491
92596
92601
92493
84001
34408
41390
41397
30118
33597
33599
95550
88625
18864
18863
22372
26870
12138
11423
28992
15522
9137
9219
9125
9086
9649
9704
9352
30588
41770
95046
95295
92789
24490
24494
24494
24490
851
814
814
814
25586
22671
23596
41460
32593
32610
32611
32599
45847
43965
11342
9744
9601
41563
45453
32593
95053
95046
29913
15457
1278
1278
1284
69296
9217
9155
9174
9874
69296
1708
5791
5791
94857
95014
28295
34408
15570
9862
32620
33560
46364
33588
604
80307
80312
68151
33175
32763
32733
32777
44027
41414
49860
54135
10730
11221
9177
32242
29425
95397
82362
93839
95481
95481
95481
95224
95224
94538
52615
32597
32588
80312
19105
18989
19100
19116
26862
23543
91487
91487
40351
45893
32911
32911
33047
32856
607
607
15031
26102
47375
44018
53710
45911
88139
46316
16239
34165
18247
18328
19122
19135
50936
50935
49513
49533
33317
49236
27581
16428
16775
16546
16534
16565
16644
27288
284
1075
27293
47627
47627
71721
32815
47627
47419
47380
47419
41362
47679
47380
47630
56008
15307
6300
2198
33424
82024
49344
43467
33093
33093
33046
33093
46399
44527
44227
46382
18252
18046
26823
33434
32950
49765
33029
24490
24483
40461
45583
46247
45530
29622
26612
1968
433
522
440
428
1972
8517
18962
16775
16720
18454
56074
69546
69537
68880
16639
16708
16607
16625
49340
69546
57519
29915
26970
43443
19217
69546
69537
18387
18384
18159
16737
17460
17395
83559
8517
55354
55341
55329
55329
44884
41096
44859
44884
1974
6554
6684
49938
8517
7983
80307
78630
71335
86832
70089
88566
69987
55645
55358
68151
90055
69277
5680
7865
7863
5680
11653
11653
12506
13233
69005
68998
88698
80266
65600
46029
90918
90918
90901
84158
84132
89070
8129
14403
11563
12292
44482
65248
45100
44482
12668
1961
1982
32251
1968
10931
10679
12132
12308
28698
27853
55647
70032
70039
41103
70234
70197
70996
70892
71007
78347
70401
81138
79901
71050
81144
12400
11653
94111
85947
5055
5055
68151
5869
7834
1515
25784
25788
1493
9892
5957
15925
34507
34051
94772
60074
69005
43542
70120
70124
71110
69005
80294
80314
9532
9519
57220
57220
70032
70553
70689
70583
70555
86006
86009
78493
86740
87575
87550
87561
88942
70892
70892
90084
70866
82417
82338
81118
86004
88158
78471
70098
88158
87260
86500
95566
87260
95566
87260
70618
90084
70770
70618
70835
90084
95566
95566
95566
95566
90084
90084
90084
87554
87554
81100
87545
88158
88158
87554
91444
93807
93805
93905
93905
77531
77531
72632
73522
73522
73874
72178
72284
72372
72307
72338
72376
72362
86334
93976
91438
94564
75184
75388
74164
75370
72304
72281
70929
70880
93582
75082
86316
86321
73360
72414
72368
72414
72281
72255
95169
85412
72178
85412
89367
89381
86320
89360
73444
72483
72483
73444
72731
74164
72742
72790
72113
72301
72237
72358
72494
74993
74746
83943
91437
73352
75529
75484
72824
72742
72766
72113
72262
72160
72160
72298
72249
72240
72296
75446
75285
75288
75163
73295
73092
72849
73301
72734
72896
72102
72134
88977
75481
74524
74923
73283
74557
74498
73292
72074
74036
72104
72899
72150
73335
72137
72201
72122
79096
75275
86972
75234
75171
74499
74709
75035
74534
77562
77589
75246
75250
77594
77592
75270
83839
77583
77589
78303
77592
78303
75270
75258
81031
75267
77565
77562
75267
77565
77565
75267
77565
77589
43557
44817
43569
43569
78472
70911
87573
90485
87541
94053
83129
83936
85410
77442
86426
74217
86426
86034
86428
75458
75219
77588
84138
84132
84134
84144
42164
42164
14266
14266
72368
70719
93105
72637
83139
74411
71953
71995
73190
75193
72552
74091
73108
72821
74058
72826
74143
88417
78341
70620
70574
675
892
11228
11223
9821
10024
9732
11416
15332
12144
32635
32645
12189
6091
8035
7867
12490
11653
12400
15929
8440
14266
42164
10927
10682
45719
45787
40424
41717
41747
30796
16761
16712
31826
43569
13843
81144
79047
78735
81135
68524
71858
57118
24295
31978
32213
24361
371
100
18999
22465
26826
28653
28755
23363
18289
16312
22761
62543
7676
1891
1891
32258
1923
15474
10670
31310
42176
57517
43624
25255
41656
42004
33517
55358
65870
27936
623
5975
29909
45603
11441
45276
32823
32815
32911
87929
11653
11653
34579
31818
18536
23487
53997
53175
33151
32974
62608
34011
32795
32806
95478
95532
95532
95480
45091
95532
45091
93728
18802
18844
94538
94540
41541
16673
16780
45393
44023
34516
19217
52615
52615
24308
24483
18962
41977
24318
24437
26915
26934
22838
18530
65483
69598
69658
29135
9282
10716
8363
11219
29424
10831
7801
57457
5256
2332
2350
5204
5080
5492
14995
14995
24891
24576
24668
25023
2332
2332
32619
33540
28198
50981
80255
86552
87252
43569
41710
22919
22919
95211
69969
70443
70276
44832
44457
43563
44461
83917
80541
70454
70920
75185
74164
77370
77539
75315
77588
75458
24318
24318
24502
24510
34345
28368
25251
32090
24477
31965
24295
24361
32213
34388
24361
24318
24356
34388
24498
24477
24492
24492
24477
24601
24609
33583
33589
53686
46372
24663
24528
24555
24689
25615
41196
44223
44532
43265
41674
52766
24993
33550
34012
25827
9838
12614
9816
9748
28315
15522
11329
94538
41189
24699
32965
33029
33019
33003
15778
45887
10670
82744
22919
22949
22621
25468
23077
25408
25101
25247
68983
62589
80312
80312
85940
78735
11561
70443
69537
86266
81156
88494
70098
68205
70871
71044
87260
70650
73551
74053
74540
74760
73315
73529
72073
74709
74709
74036
74709
79013
44471
90934
90923
89552
90923
9038
5834
9030
9036
9059
9069
9283
6028
635
9847
892
1055
12628
31268
31268
27354
13223
14266
84108
90921
90921
52756
40351
45893
24537
24809
49591
24676
46475
25485
80317
90934
68927
43557
43557
15737
87553
88158
93582
89367
91446
91432
91416
74345
74523
73301
73292
74514
75165
74535
75270
78303
43570
41305
26907
33567
33994
52689
44476
44484
24470
24455
56521
32667
32738
88335
88247
88247
88335
88335
88335
88335
88335
88335
88335
88256
88335
88335
88256
88335
45820
45820
88335
79009
65434
65434
79009
45820
45820
45820
45820
45820
26462
57355
45820
26462
26462
88335
45820
45820
88335
91079
88335
88335
91079
88238
88335
88238
91079
88247
88247
88256
45820
45820
45820
45820
45820
45820
88335
45820
45820
88335
45820
45820
45820
45820
85101
26462
45820
85101
26462
45820
65434
79009
79009
65434
79009
26355
31004
26343
45916
31004
79009
26462
26462
94347
65434
94347
79009
57380
24213
29105
24845
24179
25215
25215
24236
24236
25215
24128
24147
25215
55436
55436
24840
26321
26321
24840
24840
26321
26321
24088
31004
26343
26343
31004
55428
45916
45916
26345
55432
55432
55436
26321
65434
26343
24213
24281
24281
24158
24281
24281
24281
24281
24281
25215
25215
24281
24279
24279
24164
24270
25215
31352
88335
88335
88335
88335
88335
91079
45820
88335
91079
65434
79009
26295
25215
24147
57022
55428
79009
79009
31004
24142
24142
24078
25215
24163
24254
24254
24158
24158
24147
24254
24158
24281
24158
24167
24254
24158
88335
45820
57380
79009
55432
88335
88335
45820
45820
45820
86673
55432
45767
24281
24236
55432
24477
26355
24147
31004
88256
45820
79009
79009
24147
24142
86673
25215
25215
88238
24840
79009
41593
53528
43675
9587
9168
9218
33998
34113
32721
32678
28996
35066
35061
35240
5116
5674
10515
35401
35401
35401
35058
35401
35242
35065
35063
35372
7983
7983
7983
7983
91793
91793
6566
43763
34504
33640
33640
49340
49340
6561
88493
80985
69016
69005
80260
80264
88698
80298
85940
86922
15169
15169
15253
15172
12506
31491
16491
16429
54086
18969
16259
16358
16289
16513
16509
16532
16646
16760
22388
22369
22570
41680
23357
22785
91672
22337
22532
22532
22579
22569
22772
162
15472
10704
45893
45893
19147
45893
92801
45833
88062
60242
92801
91482
91482
92801
34133
62281
79782
22728
22634
84373
84373
22806
22763
92801
92801
27081
22830
22821
28758
23120
33351
33294
32864
83815
32849
62626
57425
49944
41529
27081
22579
32965
33047
33047
71723
71721
22368
22949
22608
22763
22782
22775
22767
95393
69968
22827
22825
33047
29987
86870
49952
56374
95333
92398
86870
45916
32965
33093
32965
24802
36261
36261
38688
38783
45916
26343
26462
26462
45820
26462
26462
57355
26462
61610
91076
91076
61610
88332
91076
88332
91076
88332
78749
91076
91076
78749
61610
61610
91076
91076
61403
61610
61610
61403
61610
61610
61610
61610
61410
91076
61410
91077
91077
91079
61610
61610
91077
91077
88238
61610
91077
61610
61610
61610
61610
61610
91076
91076
61610
61610
91077
91077
61610
56688
78749
78749
91077
61610
56688
56688
61610
91079
61610
56688
61410
91079
78801
78788
79297
78768
79413
79413
79413
79413
78795
79306
79297
57143
57143
76221
76221
71824
57588
61868
76249
62512
82220
71605
62512
89007
78785
78785
78769
78764
79399
79399
79297
79306
79373
79373
79373
79373
77949
77949
77949
77949
77949
79413
77949
79416
88325
79308
88046
77591
77591
88046
88325
88325
88325
88325
79308
79308
88046
77591
77591
88046
69666
79516
76492
76483
83093
57491
69641
57507
69649
69681
71541
82246
82222
71605
85437
81450
81448
85431
61445
61445
82234
91229
91229
82234
88325
88325
88046
77591
79416
79413
77949
77949
77949
61868
69681
78785
82228
71561
77956
71568
82234
91229
91229
82234
79384
79394
88325
88325
61445
77956
77956
79373
79373
77930
79373
77949
79373
79373
88325
88325
88325
78749
78749
78749
88332
78749
61445
88332
88325
88325
77949
88325
79390
79391
79384
79384
76221
76483
76544
79308
83401
76486
77591
77458
77458
76621
76513
77458
77458
76578
92383
81439
76491
83093
76489
71551
82220
82220
61801
57507
76491
76498
82227
82227
77591
88046
88332
88332
69681
57484
78785
83622
85282
83669
83749
77591
77591
77591
77591
76591
76594
76594
76552
76552
76594
77591
77458
77458
77591
77956
71587
78796
81450
91229
71590
71607
76514
76514
76585
78769
77458
77949
77949
79373
79373
77458
77458
83622
83749
83637
83769
79918
83685
83685
79308
79308
79308
85437
77956
79308
79308
77015
88325
77591
88046
88332
61445
88332
88325
83401
83401
78769
83401
84732
88046
88046
88046
88046
88046
88046
78801
76500
77949
79373
78768
77949
77949
77949
77949
88332
83475
88046
88046
87323
88325
83475
83401
83401
77956
77956
88325
78749
61403
61410
88046
81416
83040
79390
79384
91045
79390
79390
91045
77956
83401
85896
85896
76591
76591
76492
77458
76585
76524
77930
79373
79399
79380
83516
81226
81226
83516
88046
88046
76578
82222
84732
85435
91229
88325
88046
88046
88046
88046
79308
78769
61403
79411
79384
90952
83749
81418
81437
81442
81410
88046
88046
88046
88046
88046
88046
88046
88046
88046
88046
77504
77504
77504
88046
77504
77504
77504
77504
77504
88046
77504
77504
88046
77504
88046
88046
88046
88046
77504
88046
88046
77504
77504
77504
77504
77504
88046
88046
88046
77504
77504
77504
77504
88046
77504
88046
88046
88046
88046
77504
88046
88046
77504
77504
77504
77504
77504
77504
88046
88046
77504
88046
81491
81333
81333
81491
81491
81333
81333
81491
81491
81333
87993
78417
78417
87993
86053
81289
81333
81491
81264
81333
81333
81264
78417
78417
78417
81264
86053
78417
81264
87993
87993
87993
81264
81333
81491
81491
81491
81491
81333
81491
81491
81491
81491
78417
81491
81491
81491
81491
81491
81491
81491
81491
81491
81491
81491
81491
81491
81491
81491
81491
81491
81491
81491
81491
81491
81491
81491
81491
81491
81491
81491
81491
81491
81491
81491
81491
81491
81491
81491
81491
81491
81491
81491
81491
81491
81491
81491
81491
81491
81491
81491
81491
81491
81491
81491
81491
81491
81491
81491
81491
81491
81491
81491
81491
81491
81491
81491
81491
81491
81491
81491
81491
83736
88057
88057
83736
83736
88057
88057
83736
83736
88057
86392
86380
86380
86392
88057
83736
88057
88057
88057
88057
85268
85782
81458
88057
86388
86388
88057
86392
86392
86392
86392
88057
83736
83736
83736
83736
88057
83736
83736
83736
83736
86390
86388
83736
83736
83736
83736
83736
83736
83736
83736
83736
83736
83736
83736
83736
83736
83736
83736
83730
83730
83730
83730
83730
83736
83730
83736
83730
83730
83730
83730
83730
83730
83736
83736
83730
83730
83730
83730
83730
83730
83730
83730
83736
83736
83730
83730
83730
83730
83730
83730
83730
83730
83730
83730
83736
83736
83736
83730
83736
83736
83730
83730
83730
83730
83730
83730
83730
83730
83730
83730
85268
83714
83714
83714
83714
83714
83714
83714
83714
83714
83714
83714
83751
83751
83714
83685
83627
83627
83685
83714
83714
83714
83714
83714
83714
83685
83751
83751
83749
83751
83714
83627
83627
83714
83714
83714
83714
83714
83714
83735
83735
83714
83714
83714
83714
83735
83735
83735
83751
83735
83735
83714
83735
83735
83735
83735
83735
83735
83735
83735
83735
83735
83735
83735
83735
83735
83735
83735
83735
83735
83735
83735
83735
83735
83735
83735
83735
83735
83735
83735
83735
83735
83735
83735
83735
83735
83735
83735
83735
83735
83735
83735
83735
83735
83735
83735
83735
83735
83735
83735
83735
83735
83735
83735
83735
83735
83735
83735
83735
83735
83735
83735
83735
83735
83735
83735
83735
83685
91045
91045
91045
91045
91045
91045
91045
91045
91045
91045
91045
91045
91045
91045
91045
91045
91045
91045
85015
85015
91045
91045
91045
91045
91045
91045
91045
91045
91045
85015
91045
91045
85015
85015
91045
91045
85015
91045
85015
91045
85015
91045
85015
91045
91045
91045
91045
91045
85015
85015
91045
91045
85015
91045
85015
91045
91045
91045
91045
85015
91045
91045
85015
85015
91045
91045
91045
91045
85015
91045
91045
85015
91229
91229
91229
82238
71585
82228
82234
91229
71553
35701
35735
35682
35685
35704
35716
35709
35699
35921
35989
35921
35727
35989
35673
35670
35678
35711
35670
35679
35740
35686
35706
35707
35702
35727
35989
35681
35711
35694
35989
35740
35670
35670
91182
95489
35683
35675
35681
35675
35675
24783
31244
24528
24453
2173
5975
27400
10934
10934
9260
9282
5827
5829
31458
6088
1020
5975
581
57057
42100
9299
9352
26133
28242
12308
26646
5865
29965
9257
1605
28405
14932
27932
54170
53216
57527
57021
80247
87720
89778
31105
30990
32346
32355
32350
32323
32369
32341
29569
29559
32348
41384
27166
95224
45820
61610
23175
42147
43063
43834
16408
27911
16653
18194
9213
42187
18211
90322
18087
18406
16465
22744
22701
22563
22408
22646
24824
24788
24449
24475
24475
33160
33046
33047
91482
47627
40351
10927
10935
10921
6684
8450
8450
6628
2925
6669
83559
7983
8517
6657
80304
85937
86914
11288
11288
80308
11288
85401
80303
12668
2014
1978
27159
28404
19267
23533
23168
15782
13192
28524
91666
82751
82751
91667
92801
92801
92801
95390
89263
28524
19139
27144
41904
34391
14928
43246
49513
47380
33947
40351
40351
45893
45893
53916
53916
82744
19146
16117
19210
16175
16205
19267
19250
16489
16530
33046
33046
33046
33046
24497
23385
24497
33046
24540
22919
24812
22919
22919
25468
80377
57343
22919
89733
33093
33046
33046
95393
95393
27133
27382
91666
91662
91663
95393
91662
91666
91666
31153
27241
49555
23120
22813
22872
17246
31355
1186
27392
42123
15307
1891
1891
92245
91793
91792
92253
57064
27388
27206
27322
69323
55565
53075
83262
89775
94414
32401
26076
32293
31029
27352
26062
53066
53066
53079
28984
53042
36228
36293
36300
36308
50186
69141
36269
36262
43266
38686
38783
38779
57457
38517
52619
52622
95213
94542
41399
66020
54177
71412
94540
52631
36305
36287
38688
38783
91182
86476
41465
30695
27897
95531
13112
55354
55354
55354
55354
83095
12840
12840
55354
46763
46759
12840
55195
55354
53286
79265
82028
55354
6566
6684
32061
6821
43375
44484
55197
45950
46763
50023
43799
31743
31743
12825
43764
43305
34499
43375
44742
31743
53276
50616
46953
46279
32061
8450
6684
1972
70558
43570
31818
80985
62654
55354
78735
90324
87171
90938
14266
55193
55193
31743
53276
44482
44642
14995
12280
14995
13222
12289
12302
12304
7589
86922
85937
15284
15180
80266
15180
85401
88698
6544
6521
11314
36244
37203
39097
18426
36044
36308
43266
42125
85381
41305
95212
41305
57058
77481
77481
77481
77481
77481
77481
77481
77481
77481
77481
77481
77481
77481
77476
77476
77477
77477
77478
77478
77481
77481
77481
77481
77481
89774
75554
89774
89774
77589
75575
77589
77589
77481
77589
77589
75554
89774
40619
40619
40619
40619
40601
40601
40601
40601
40601
40601
40601
40601
42180
42180
42180
42180
40614
40614
40614
40614
40619
40619
40601
40601
40601
40619
40619
40619
40619
40601
40619
40601
40619
40619
40601
40601
40619
40601
40619
40619
40601
40601
40619
40601
40619
40619
40619
40619
40619
40619
40619
40619
40619
40619
40619
40619
40627
40627
40627
40627
40627
40614
40614
40614
40627
40614
40627
40627
42180
42180
42180
55401
42180
42180
40627
40719
42180
42180
42180
42180
40619
40619
40601
40614
40601
40619
40614
40619
40601
40619
40619
40601
40619
40627
40619
40619
40627
40614
40614
42180
49987
40614
42180
42180
53788
53793
42180
53788
77477
77478
77478
77477
77477
75554
75554
75554
89781
89781
89781
89781
89781
84017
54589
89675
89675
40719
40719
53788
53788
40719
53785
42180
53782
53788
53777
53778
53775
53778
54192
40719
53788
40719
53793
49987
53793
53768
53778
42180
53778
55401
53771
53793
53770
65177
65177
54463
54465
78853
54425
86268
83995
86270
84017
84017
90232
86251
90232
90232
84017
84085
89735
90238
90232
90232
90232
90238
90232
90232
90232
90232
90232
90232
90232
90232
90232
90232
53775
65177
71492
68376
71554
54425
65819
80344
84032
54192
65819
84032
86251
86245
90232
90232
90232
90232
90232
90232
89735
80344
54425
83989
84017
90232
90232
90232
90238
90238
90238
90232
90232
86251
90232
89781
89781
89777
89781
89781
54461
54390
54400
54400
88643
65821
65821
79519
84026
84026
84029
84032
86251
90232
90232
90232
90232
90232
90232
90232
90232
90238
90238
90238
90232
90232
90232
90232
90232
90232
90238
90238
55166
16989
44079
74001
74870
72850
90923
5766
5795
5789
90923
9130
44642
53554
83903
1933
35113
35113
35403
35403
35401
35401
35096
35401
35096
35096
82310
66029
66018
46946
36305
5187
5178
92253
7847
5212
11145
34318
11289
28396
2347
13233
6217
36547
36412
36385
36440
36373
36349
36427
36405
36780
36589
36588
49335
38897
37593
37569
37563
38929
38514
37555
38144
38894
38295
38196
38504
37449
37453
38328
38893
37454
40109
40109
38328
37451
37461
37454
37451
38328
39020
45301
45303
37488
37470
37462
38800
37442
37362
37376
37379
37371
37521
80989
39088
37870
38541
92829
38813
55919
60051
38547
38331
38814
38141
37167
37359
37359
37364
37368
37372
37374
37374
37372
37368
37372
37372
37360
36312
36358
36358
36314
37368
37370
38611
37373
38097
38045
38045
37372
38045
38039
38039
37372
37366
37369
37380
37357
37460
38054
37500
38061
38044
37383
38540
38802
38510
37053
36520
37921
37924
37058
37931
37344
37338
38023
37942
41987
38134
37947
38911
38335
40136
38655
37908
37390
37393
37891
37894
38218
38323
38412
37913
38218
38323
37021
36761
37428
36621
36491
37602
45329
37516
37624
39216
38827
38458
37794
37779
38422
37752
39015
44968
18949
18948
18949
18952
37627
36561
45378
36522
36693
37054
37036
36678
36907
36824
36752
36937
38338
38506
39249
39686
36867
38636
40072
46646
46612
44968
44785
37182
46299
42917
93335
39336
39351
39360
40068
43070
43519
39884
36492
36806
37945
37329
36518
36510
38713
38960
39297
39231
93062
90513
39963
39915
46619
45763
39862
39884
18918
45980
50552
30509
18058
86404
56480
17463
94149
18963
52628
52628
30512
30526
49706
49366
18066
46619
46629
43512
43527
38318
38303
38304
37952
37951
38125
36744
36781
36064
38721
37537
37542
37547
37934
37932
37944
37489
37498
37684
36609
37115
38650
37133
69511
39403
39394
39408
39573
39502
45983
18309
37288
38293
38492
40139
55595
38725
37997
37771
37643
37826
37754
39274
40084
41333
39713
39689
92776
37437
37447
37438
37351
38217
37254
37351
38693
38697
94149
94149
45785
45785
45785
45785
37368
37382
38581
36318
38580
40324
86695
18918
18948
46619
40083
40083
39930
40140
39131
68489
53404
39183
39742
39742
38662
43266
37461
38712
38406
37461
37454
45769
45769
45785
45785
38406
38406
37461
45785
45785
39020
94149
50190
37372
37927
37810
38319
38322
40133
38558
37915
38129
37967
38209
38221
38194
36033
37933
37928
38315
38308
38312
38313
49613
36816
37353
40003
40969
40041
40035
40037
38621
92414
94148
91000
93603
62607
46823
46823
62607
46844
84155
84168
37729
38564
37760
37730
40063
38516
39986
39541
39553
56497
78328
39519
39430
37704
37733
93959
39535
40065
55767
39505
39447
39451
40057
40050
40045
40060
37863
37688
36039
36267
37165
38659
38577
38578
38656
37906
39501
45983
17837
18066
17336
38662
38665
45785
37378
38406
38665
43266
38686
38292
37904
39742
42959
65938
31246
38779
38783
37740
41773
41776
40134
94149
30509
17336
37940
37942
37902
37354
37378
38517
43266
44120
44120
41769
44781
45078
46826
44781
44781
42131
42144
46826
44781
62609
46826
64976
64976
92414
52800
53659
44112
40059
40057
44180
44112
44107
44107
44106
40079
40076
40079
40055
40056
44112
52800
45630
52800
44120
43234
41769
44120
41649
41649
40135
40061
41649
40061
41649
41522
40061
41522
41649
41649
41649
45010
40017
41007
40048
40048
40042
40038
43223
41002
40010
41003
40056
40056
40080
40052
40051
40047
40047
40051
41791
41791
41791
41522
41522
43234
43234
41522
44118
44118
44118
44118
40080
44110
44110
44110
44110
44110
44118
44112
44115
44115
44115
44115
44115
44115
44781
44781
44115
44115
44120
44120
44115
44120
68680
68680
52628
52631
44115
44115
44115
44120
44120
44115
44118
41769
41649
43234
28913
28914
23327
23323
78600
57630
94674
92362
95129
94533
86946
89173
94885
85605
12911
10855
41175
16045
52910
54031
52876
52835
19598
41533
41353
18373
12596
14894
15834
15103
7908
3483
3496
3627
15623
28946
28883
28282
31371
83630
31764
45815
21157
21165
45742
21128
8656
15541
29378
28518
89603
91082
54477
42905
28179
41445
50738
52819
41316
14921
69206
70371
31581
28967
30637
30914
85105
43241
10256
29837
8459
10038
2771
2986
11471
10247
10362
6198
11335
4061
2848
2699
94412
95207
12900
10446
10854
12892
55951
53715
52853
52961
8581
4694
4246
11335
55088
89023
88766
60233
49772
49769
83369
49782
10220
10096
10229
28806
31774
85478
89140
83371
87473
78985
92634
60049
45823
28920
27659
52804
28177
4175
17764
18063
52636
20139
19701
22340
95172
94829
95172
95172
94251
55030
94835
94822
31401
26202
31306
31566
31326
31354
53153
85164
71347
43219
17788
17797
17987
18311
17743
18034
80999
31349
92665
70383
82363
92665
18267
17705
17697
17249
17482
18314
18134
23826
27480
11148
11066
91036
90920
91274
41501
41501
30479
40558
87641
31249
29870
30071
29408
42123
88690
15307
15307
79886
90085
95354
88386
55127
56426
20500
20500
55026
55066
55109
54937
19504
19589
19481
54950
55073
55072
54938
21140
22173
55158
54148
56183
56475
43620
30063
91792
28635
30422
91800
33796
91793
33796
17927
17732
17470
17705
29829
29077
28515
30915
17332
17706
17706
17274
46039
43785
23562
19072
23303
26240
26251
8833
29068
17325
17706
17350
16931
4894
4551
33710
33710
34198
33710
45480
43929
41610
41610
53500
49825
91760
91760
91770
4650
4342
69061
25886
25889
65772
50778
50800
46800
13829
3975
4205
4559
5677
4966
7853
7843
29045
30615
12505
15444
28749
42857
29068
34079
43185
45516
65747
70334
13503
14132
14300
62541
14242
7517
8599
14238
45488
45482
45483
45935
91793
91768
91785
92249
91804
11369
33831
15135
13308
23409
22344
33744
32469
29594
13824
25881
25841
25858
25826
25826
13503
13894
14768
14150
13841
13909
12506
50005
42784
7719
5133
5622
4962
4621
3970
3871
3460
3416
3801
3621
3563
8575
15394
3748
89146
68121
12734
32468
34246
13757
29586
43470
4600
4331
10105
6057
31125
31128
50815
13648
14651
13804
13884
14667
42927
13779
63656
68844
85467
88436
85618
13910
13950
29802
13910
13955
13940
13853
32205
63656
63656
13901
26777
25836
25834
25871
25879
25877
25834
50564
68731
49008
50884
56569
65270
65270
83191
79952
48967
78864
78864
80072
69443
69443
68817
87109
87093
69443
69443
64559
64559
64602
68801
64554
94128
48514
64559
48939
56561
48946
48853
69562
48881
49875
48869
49097
49875
86282
85639
68837
85613
71684
65903
65908
71707
48887
48951
56563
56548
87205
65468
86280
85614
87654
87659
90204
90164
48873
48939
48879
56561
64559
64692
68817
79768
68830
87786
85046
87660
90885
92844
51929
51530
52579
52251
52406
69562
51910
60063
55589
52205
71622
71619
52034
57473
90766
52197
71622
52394
52399
52394
51235
69562
52392
57299
51522
51574
51526
51772
51539
61757
61757
52243
52221
52384
52363
51395
51551
52369
52378
91481
91481
60127
62328
52520
54161
54168
54157
95203
51479
54161
86848
51525
51505
51524
51524
51814
51786
61772
85763
85763
61779
94160
94160
87418
87418
87232
61732
88028
95370
87232
61745
87232
87072
87072
87232
90295
90295
88609
88609
61764
61772
61768
61760
90295
90295
87074
68765
87074
87074
94161
43540
34217
31806
43540
13779
13831
71671
71671
71625
71625
71625
71622
71619
51530
51510
52542
51471
86041
51862
61758
95370
87074
14537
14314
14542
8138
42164
14873
14873
34591
49099
56563
68817
68817
71709
71710
65876
86839
51513
51534
51491
51522
52371
52394
52523
52367
52371
64466
64459
64468
65896
32004
92251
10440
10418
10089
10409
10442
46191
10333
10299
60142
60147
8377
8993
10902
5703
12587
29043
15270
7545
88690
16058
45440
43139
17147
17123
44516
41928
16931
16946
34217
32211
31806
31954
42968
14640
14546
65552
42457
44960
30488
21192
43309
53250
23794
11046
23314
22171
53156
30861
20199
19402
19338
19384
19689
46821
49825
92257
92257
92259
57091
23939
29598
31261
49415
49817
42963
45742
56426
55462
53238
10594
8939
26148
26161
26166
28240
29115
29140
28995
90920
95424
95420
14546
7509
12621
31818
30501
26262
54966
54937
82363
88456
88768
88748
89043
89043
60011
60282
87681
89922
93059
55463
95232
95226
31267
29535
33892
57285
16993
17002
17119
17343
27654
27667
44987
21140
22173
30534
30070
22173
21140
95513
22199
95353
26264
27668
42516
42591
2977
15499
8324
10860
52631
2913
9025
2368
2383
5187
5042
12621
13222
46876
53002
43844
46876
2453
2522
45083
54229
15848
69544
49795
57529
49776
34217
20339
20269
20269
20269
31831
31790
43210
43563
13892
14644
13890
13748
51530
51518
51793
51793
61745
95109
87074
21145
44813
44813
21151
55161
55161
53250
53250
21181
21181
53250
21165
21165
43321
43294
21151
44813
56609
21157
21181
21181
45745
21597
20469
20425
57544
52890
52927
53832
20522
21433
20471
20474
56601
56432
87787
81039
53233
55468
53013
85668
15897
79524
82794
11348
12905
11215
30669
12188
15695
3840
33889
86599
86588
56487
54926
54926
56487
89776
52832
15640
31139
20274
20278
20579
20210
20952
20288
20403
21093
8871
8784
4158
4454
4816
14548
14286
13851
8793
13754
63656
43619
15578
13824
26984
15578
13940
80018
54154
86846
53485
86846
54161
52369
51539
87420
87422
86848
88021
34553
64933
60522
42784
7521
3274
2777
3165
3133
3030
3104
10619
12859
28343
12239
28925
27378
57087
68634
57054
57079
15473
42968
14314
14314
70325
54984
94829
57075
20980
20535
86618
89051
61940
52956
42787
42650
50718
43557
8280
87205
87109
79775
68831
68828
68815
71622
56359
56861
54158
52386
79121
91480
87341
61772
88609
41305
41305
95511
71327
79185
91118
21128
20515
87787
79843
79846
92805
92805
81861
81861
92805
84954
84951
92805
81858
81858
29383
30257
81861
81861
84951
92805
21762
81864
21417
21417
20880
20880
22151
22151
92624
92624
22151
22151
22095
22095
22095
22095
92805
92805
21763
21763
29383
29383
81864
81858
29383
29383
81861
30257
29383
81861
81861
22151
22151
21763
21763
22151
92624
92805
92805
92624
92624
22151
22151
21762
92624
21461
21461
22151
22151
21444
21461
23534
23534
21461
21461
22093
23534
20938
21587
20881
20881
79747
23534
21461
21461
20880
20880
23534
23534
20765
20777
20774
20774
20771
20792
20777
20771
20769
20763
21284
20945
20888
20882
20814
20945
20877
20883
20945
21587
20876
20883
20940
20938
20880
20880
20882
20882
20938
20938
20883
20876
20888
20880
20883
20880
20765
20765
21235
21233
21235
21235
21235
21028
21242
21200
20765
20765
20792
20719
20763
20714
20945
20771
92805
92805
81858
81861
29383
81858
92805
21763
29383
20888
21461
21587
21282
21282
20888
79747
79747
20888
20945
21587
21282
20769
20770
20945
21223
20763
20763
20719
21282
21223
20757
20792
20762
20762
21223
21231
92805
81864
20880
23534
20883
84951
81858
22151
81864
22151
21587
20940
20938
21235
20777
20881
21181
23534
20938
21284
29383
22151
21417
21417
20945
20774
20774
20771
20771
29383
20945
21461
43144
10363
10087
10070
65149
87270
89068
94407
12424
90537
45638
93824
5181
44120
43234
44118
44120
44120
84290
41006
40998
62609
91762
91762
91762
91766
91743
31620
31713
32271
30909
32024
32270
41296
41296
32021
41297
31495
45443
31169
8798
4816
27339
11308
12461
15245
15185
95359
17509
17668
18770
17632
53973
17573
17724
17538
17559
17538
17932
18319
19593
19457
19459
19625
19770
34064
19677
19548
21656
20191
23290
23220
19358
23780
23144
23475
94829
89776
89776
94829
94829
52968
52946
52954
93319
93319
93319
93319
19514
19636
19594
19448
19636
19674
19650
19369
19674
93319
93319
21469
21691
68601
82285
21680
54989
55044
54998
94822
68575
53837
53005
94428
94429
21324
21704
93321
94835
86837
95172
93319
19776
20180
19751
19363
19410
19356
19416
20240
20347
19558
46717
93319
95353
95191
95355
52932
89130
52934
95349
20938
95112
56426
56426
21121
37254
36304
38578
38688
20938
20882
21461
22151
22095
22095
22095
21461
21461
49785
84900
49674
49674
84900
84900
84900
84900
84900
84900
84900
84900
84900
49674
49674
49674
49674
81858
81864
49785
49785
81911
81911
49785
49785
81858
81858
49785
29383
32411
32411
49674
31209
81863
81911
29383
81866
81866
49674
81866
49674
49785
49785
49785
49785
49785
81866
81866
84865
81911
81866
84900
84900
30257
81911
81911
81866
81866
29383
81866
33969
81858
29383
58236
58456
58465
58454
58444
58456
58444
58444
58465
58444
58448
58465
59796
59844
59796
88388
60376
60376
87727
86983
92692
92692
92692
87002
58456
58456
58456
58456
58444
58444
58448
58444
90538
94981
94981
90538
58218
58218
58218
58218
58444
58444
58397
58444
94981
90538
84538
84538
84538
84538
90538
90538
94981
94981
79712
79684
84538
84538
84538
84538
58465
58465
85970
59216
59842
85970
71847
92692
60376
60376
92692
92692
87004
92692
86983
86983
86983
69488
93434
93434
85919
85919
69484
69484
90540
94981
84538
84538
58397
58444
58444
58218
58218
86983
58456
58456
64860
65544
65544
92692
85919
85919
82600
69484
58444
58444
90538
94981
93434
58456
58218
58218
58456
58456
58456
58444
58218
93434
93434
93434
93434
94089
45059
94089
94089
94089
94089
93434
45059
58218
81948
94357
58444
58444
58444
58444
85970
85970
59844
90538
90538
85970
84538
84538
84490
84490
84505
84514
84490
84490
68576
92537
85970
85970
59216
92692
86983
92692
86983
85970
85970
86983
65544
65544
84538
84538
94089
94089
83354
60376
87002
94474
68576
68576
68576
84538
84538
84538
84538
84492
84492
84490
84490
84514
84490
84538
84538
84538
84538
65544
65544
86382
87004
82600
92692
92692
84505
84505
84482
87002
84538
58218
94981
58218
58218
84538
84538
94474
68576
68576
68576
85074
68576
68576
90538
90538
94981
86983
65544
90538
94981
94981
94981
84538
84538
93434
94089
94089
93434
90538
58456
58377
58456
86983
84538
84538
84538
84538
84538
84538
58229
84439
58456
58454
58448
58218
58213
58218
58218
81948
58444
84538
84538
58218
94357
58444
65544
65544
65544
58314
94089
84900
84900
84900
84538
86983
86983
58444
58444
58444
58444
58444
58444
90538
90538
65544
65544
84514
85970
84514
84490
84458
84490
58218
58456
58444
58444
86983
86983
86983
86983
84538
84538
84514
80433
86983
86983
69484
94980
84538
84538
84538
84538
79712
58456
85854
58444
58444
86983
68576
68576
68576
68576
68576
84538
84538
84538
84538
84538
84538
84538
84538
84538
84538
84538
84538
84538
84538
84538
84538
84538
84538
84538
84538
84538
84538
84538
84538
84538
84538
84538
84538
84538
84538
84538
84538
84538
84538
84538
84538
84538
84538
84538
84538
84538
84538
84538
84538
84538
84538
84538
84538
84538
84538
84538
84538
84538
84538
84538
84538
84538
84538
84538
84538
84538
84538
85820
85820
91284
91284
85820
85820
86779
91284
85820
91284
88600
84543
84458
84458
84439
84439
85820
91284
88600
84537
86779
86779
84458
84439
84458
88600
88600
84454
84454
88600
84537
88600
88600
86779
91026
85820
85820
91026
86780
85820
91026
91026
91026
84454
89343
89343
85820
91026
89343
89343
87916
87916
87916
87916
87916
87915
87915
87916
90396
90396
90396
90396
90396
90396
90396
90396
90396
90396
90396
90396
90396
90396
90396
90396
90413
90413
90396
90396
90396
90396
90396
90396
90396
90396
89343
89343
90396
90396
90396
90396
90396
90396
90396
90396
90396
90396
87916
87916
89343
90396
90413
90413
90396
90396
90396
90396
90396
90396
90396
90396
90396
90396
91530
91530
91530
91530
91530
91530
91530
91530
91530
91530
68576
68576
68576
68576
91530
91530
68576
68576
91530
91530
68576
68576
68576
68576
68576
68576
68576
68576
68576
68576
68576
91530
91530
91530
91530
91530
91530
91530
91530
91530
91530
68576
68576
91530
91530
91530
91530
91530
91530
91530
91530
91530
91530
91530
91530
91530
91530
91530
91530
91530
91530
91530
91530
91530
91530
68576
91530
91530
91530
91530
91530
91530
91530
91530
91530
91530
68576
91530
91530
68576
91530
91530
68576
91530
91530
91530
91530
91530
91530
91530
91530
91530
91530
68576
91530
91530
91530
91530
91530
91530
91530
91530
91530
68576
91530
91530
91530
91530
91530
91530
91530
68576
91538
91538
91538
91530
91538
91538
91538
91538
91538
91538
91530
91530
68576
68576
68576
68576
68576
68576
91538
91538
91530
91530
91538
91538
68576
68576
68576
68576
68576
91530
91530
68576
68576
91530
91530
91530
91530
91538
91538
91538
91538
91538
91538
91538
91538
91538
91538
68576
91538
91538
91538
91538
91538
91538
91538
91538
91538
91538
91538
91538
91538
91538
91538
91538
91538
91538
91538
91538
91538
91538
91538
91538
91538
91538
91538
91538
91538
91538
91538
91538
91538
91538
91538
91538
91538
91538
91538
91538
91538
91538
91538
91538
91538
91538
91538
91538
91538
91538
91538
91538
91538
91538
91538
91538
91538
91538
91538
91538
91538
91538
91538
91538
91538
91538
91538
91538
68576
58444
58444
58444
58444
58444
58444
58444
58444
58444
58444
58444
58444
58444
58444
58444
58444
58444
58444
58444
58444
58473
58448
58473
58473
58444
58444
58473
58473
58473
58473
58473
58473
58473
58473
58444
58444
58444
58473
58473
58444
58473
58473
58444
58473
58444
58444
58473
58473
58473
58473
58473
58473
58448
58473
58473
58473
58444
58444
58444
58444
58444
58444
58444
58444
58473
58473
58448
58473
58473
58473
58473
58473
69484
68576
82600
85919
85919
87004
85919
94469
83354
37896
37893
37922
37922
37887
37907
37874
37886
37950
38218
38218
37952
37951
37932
37932
37925
37887
37936
37936
37903
37880
37895
37878
37884
37952
37888
37895
37884
37889
37950
37950
37932
37932
91181
89156
37896
37932
37922
37925
37932
56600
56593
20474
20474
2432
69515
30030
57078
57087
29570
3213
3253
3398
2724
92257
92251
92251
92259
68634
57064
27669
28505
29966
32569
30164
28738
3526
3672
11511
3754
15306
11156
26150
57352
80420
90374
57279
89171
89165
90510
41431
50046
15592
25970
15310
11456
15934
45525
10357
15791
25973
28900
30719
95212
22151
49674
42965
17113
17543
17665
18013
17205
8193
18294
17162
18003
17560
18151
19321
19353
19396
19434
19648
19566
20307
20470
20491
21281
43270
45738
66156
94835
94822
94818
94818
27904
25936
15146
91766
91766
91751
91755
91793
91792
43783
32028
91768
31497
4995
4440
4888
11663
11871
4990
7857
4711
4166
91789
91763
91763
23629
23319
23478
18738
23138
23474
22307
87747
87747
87747
87747
87747
87747
91115
93319
19692
62544
52636
23570
68643
86605
30805
86600
70358
43013
32149
29862
94818
27903
57075
26930
89776
89776
26005
23635
18366
18678
18706
17774
23405
23625
17479
17706
20540
20540
20540
20540
20540
20500
20500
20485
20473
20342
20342
20339
20290
20290
19751
20262
20272
93319
20500
20500
20500
20500
20347
28455
23272
87747
94811
94811
93319
49693
49693
52636
23236
31468
92651
86785
45670
21657
20945
94161
91799
92252
16008
27426
28390
28362
28400
28388
15831
15826
27885
30973
27875
25986
12914
12908
15692
15814
12910
38691
36311
36312
36318
33898
33898
30732
68124
68136
89164
95212
49401
8764
8939
8732
8694
29957
8712
31620
49374
46261
46261
31632
29565
8671
8702
8671
43872
8671
91848
91766
91766
32024
91766
8671
49702
46261
33726
49825
49702
8715
23917
8876
92216
91760
91766
29565
46261
46261
46017
91766
91848
91759
91804
80058
31823
31792
42618
8837
8732
14277
14541
42870
8599
42968
8845
8694
49702
46274
46017
11244
12621
12621
11245
4720
9907
11666
11314
27928
11313
31169
8070
85703
60537
94268
85703
86557
85703
94161
69160
69160
94161
87066
83318
83090
86543
87066
89510
60353
90347
85711
61009
69160
69160
86557
69160
60811
60811
61021
61030
61030
61030
61030
68621
61030
61021
61011
60811
61030
64670
64670
64670
64670
80469
80469
80469
80469
85973
85973
85973
85973
63301
63301
63301
63301
64670
64670
64670
64670
64805
80469
80469
64805
80469
80469
64805
64805
80469
64805
80469
80469
85973
85973
85973
85973
85973
85973
85973
85973
85973
85973
85973
85973
64670
64670
64670
64670
64670
64670
64670
64670
64670
64670
64670
64670
64670
64670
64670
64670
64670
64670
64670
64670
64670
64670
64670
64670
63300
63300
63301
63301
63301
63301
63301
63301
63301
63301
63301
63300
64670
64670
80469
64670
80469
64670
64670
64805
85973
64670
64670
85973
64670
64670
64670
64670
64670
64670
64670
63301
63301
64670
63301
63301
62708
62708
63301
62708
85698
61108
85698
64874
61009
60867
61002
60867
60934
60934
60882
60887
60882
47265
53166
47254
47254
63301
62708
62708
63301
62686
63301
62684
62708
62689
62686
62689
62684
62689
62684
63301
62708
63301
62686
63301
62686
62689
62686
63301
62684
62708
62677
62702
62689
62689
62689
62689
62695
49186
49186
47112
47098
47116
47487
47469
60676
62520
47323
47171
47120
47139
60827
49269
60652
60661
60661
47537
49269
60646
49269
60827
60827
60690
60690
60827
60676
49269
62689
62689
47293
47293
49186
47102
47102
47462
47462
62689
47098
47388
47481
47189
49133
47171
60676
56633
60844
60844
47137
47099
62695
47388
47469
56649
87208
49276
49276
49276
49276
49276
56644
47721
56649
60803
60803
60803
60887
60928
62689
62695
62695
63149
47166
47166
47166
47112
47469
47390
47300
47538
47721
53092
56639
56639
60654
56647
56647
56647
56644
56644
56644
56644
56644
56644
56644
56644
56644
56644
56644
56644
53166
51719
51556
53094
42861
3329
3434
3305
60443
3172
81071
41776
41769
41769
43234
43234
43234
41769
44120
44120
41769
