42305
42247
37165
42275
51971
45286
45286
34091
48713
48713
16412
16380
6193
16147
16148
6032
16391
14762
14762
15920
16140
5933
6140
23157
23158
14761
16375
6031
5710
6204
4423
6138
4557
17547
14766
16141
6149
6149
6148
12983
22473
17551
23164
14759
16328
6108
6194
6107
6107
4429
18815
14763
14636
16339
6150
6107
6146
6136
4429
23021
17526
14757
14637
6109
5934
7371
12744
22483
16379
16299
6159
4428
22946
14101
16338
5709
6146
6146
3913
23124
16319
23017
16325
16351
16351
5709
4424
4435
12304
22484
23020
17531
14745
16398
16336
16349
5934
6105
13782
4526
23008
6171
8633
6170
6157
6104
4435
12990
17056
16318
17606
16399
14643
16347
15917
16359
6171
6171
6169
4435
12953
22736
17060
23034
6169
4436
6144
14738
16295
16359
5936
5935
4549
4529
3896
15925
18836
16401
16398
16421
14632
5935
6180
5891
17059
14811
16423
16346
6180
4560
16003
14818
16421
14632
16143
24311
4431
6157
4395
6200
3910
17564
14740
17570
16143
4431
6144
4537
14727
6167
6157
6156
7344
5896
23971
23047
14602
14648
16358
24311
24311
4431
8647
20730
17035
14605
6180
4426
4437
4440
6885
17072
16239
14755
23023
16419
16418
14639
14629
16369
6236
7349
4440
6156
6235
22931
21429
21516
17230
16388
14612
16323
16417
4437
6215
7423
6862
12646
17567
16365
14629
16145
6033
6033
6178
15381
14820
16293
16354
6166
6239
7060
22210
24314
16415
4426
4426
6233
6238
4534
6862
21742
17083
17560
4438
4441
6143
7113
15680
21628
14606
16145
5938
4420
4438
6233
12991
7390
6844
8546
17205
17100
17583
16373
16344
14655
14659
4427
6232
6143
24315
6176
4441
4394
3948
22035
23060
14598
16406
14661
6033
6102
6143
7378
12428
14591
14595
14651
14657
24312
4438
4402
5174
23421
18779
16363
16433
4451
5375
15712
23184
17113
17582
16284
14607
16405
14655
14657
4451
4433
6231
24318
11099
16427
6155
4547
8557
22776
15366
23067
16362
16433
24316
7397
5503
20754
14597
14592
14609
16430
4398
6165
4612
11511
16246
17124
16284
6249
6242
6242
4447
4442
6221
4403
7379
5503
5975
21019
14134
14747
14590
14653
8564
11692
11097
12590
5975
14589
16432
4443
6154
6920
23418
16832
17584
17588
16285
14596
16427
6248
6132
6185
11549
21019
14217
14600
14608
16429
16427
16428
6244
24319
4390
12998
7393
12884
7015
12590
20988
17168
16826
23054
16836
16843
6029
6242
4399
4403
24321
4544
6926
16839
16841
14601
14626
16414
14654
6245
6246
4401
6164
6185
7395
12942
11802
5622
5975
15935
18698
14216
14653
4452
6240
6203
6926
7521
16818
16838
18699
16286
16442
16442
5930
4450
8584
20988
17685
14580
14626
14656
14660
6260
4448
4390
6093
7401
7399
8585
12976
22597
20818
16248
17453
14578
14790
16435
16438
4384
4382
4540
4541
8606
5548
16815
14227
16435
16435
16436
16437
16443
6241
4387
24317
4383
6093
7408
7400
6931
8590
14227
16248
16922
17457
17386
16442
16434
16435
6259
6257
6229
4389
12922
5975
17161
24009
16929
17387
14077
19634
14594
16434
16435
16438
16439
6256
6254
6173
6142
4380
4380
7408
6926
4380
7405
3928
12890
3883
6988
5548
17161
16803
14212
19632
16436
16139
6260
4444
6142
12976
22596
17161
18853
16815
16815
24011
18701
18697
14792
14675
14710
14710
16413
16440
6257
6255
4384
4382
4538
24020
24016
20487
16436
15916
4385
4381
12999
18853
16850
17270
24020
24031
17473
18695
17640
16139
5931
5708
6253
6252
4392
4380
12999
14710
10879
10879
24017
24016
24031
17616
20652
14594
14675
16438
4487
6250
4385
12999
7414
7406
6660
6761
16413
8678
22246
16850
18705
23999
19620
14675
14710
16413
14689
5708
4381
7410
6656
12976
22314
24002
24017
23065
14710
14710
16413
16413
16413
14700
15916
4502
6258
6151
4371
13000
12999
12999
6762
6635
14180
23992
17462
24021
24022
14725
14674
5931
4481
12999
6761
12976
22246
17462
24037
17614
15335
14710
14710
16413
16413
16413
4507
4582
9455
7414
6648
17481
17461
14800
14674
14675
16413
15916
6030
5708
4492
12999
4371
13003
12999
7414
4012
17481
18594
17659
20543
14673
16413
14700
4498
4467
9402
3885
6683
17442
17461
17479
14700
14700
14689
4482
4583
12999
12999
12999
6656
6643
17363
17447
16413
16413
16413
14695
4412
4386
9449
4370
13003
13003
12999
12976
6633
14210
17506
20033
14671
14700
14684
15916
4488
4493
6227
9456
7273
10343
12999
12999
17447
20157
16413
6019
4476
4503
4465
12999
12999
6638
4040
17363
17363
17447
17442
14673
14675
16413
16413
14690
14690
4466
9440
9406
12912
12999
6656
17442
17437
17437
17303
14710
14706
14701
4488
10343
13003
13003
6656
6656
12976
17363
17427
17427
17304
19637
14673
14711
16412
16413
14706
14696
14684
4482
4493
4498
6227
4462
4463
12999
12999
6656
6762
3885
17363
17427
17446
14684
4476
4592
9411
10259
10343
4040
17363
17363
17363
17425
17309
14673
4504
10343
4017
7456
12999
12999
7272
6762
6661
17415
14775
17437
19598
14671
16412
16412
16412
16413
14706
14701
4412
4586
12919
7290
8411
17362
17362
17415
17363
17427
17419
14673
16412
14696
14684
4482
4499
4462
4463
16412
6767
3885
17360
17427
17425
17419
16412
14690
14684
6019
4476
4494
12919
16412
6656
3674
3674
17415
17363
17427
16412
16412
14701
6019
4489
4499
4462
4464
4586
10343
9413
7443
12919
12919
17359
17425
19637
14673
14673
16412
16412
14696
14684
4483
4850
13003
12919
12919
7291
13844
4063
17403
17363
17363
17413
17413
17383
14701
14701
14690
4504
4461
4461
12919
7291
6704
17407
17359
17363
17413
19598
16411
4477
4489
4504
7475
9427
6741
3686
4124
3674
3681
17413
17356
14676
14673
14673
14711
4413
4413
4494
4461
4461
9461
4454
12920
6741
17407
18581
24051
14707
14711
14621
4500
4505
6117
13869
3686
3661
3632
17371
3635
17356
14712
14702
14696
4477
4489
4495
7134
6767
13844
3693
14340
6020
4413
4484
4490
4500
6225
4461
13829
3632
3686
17400
17356
24057
14673
14712
4495
6224
6117
4591
4591
4594
3693
17400
18580
14701
14690
14621
4485
4485
4506
8526
6704
14676
4495
4496
4501
4506
4506
6117
4591
7155
3693
3680
17371
14712
14690
4485
4485
6117
4594
7248
3693
3693
3632
3632
3624
14358
24051
3653
16310
14711
4485
4496
4496
14712
14701
6020
4377
6117
4591
7155
6222
7155
3693
3624
17356
14686
6020
6123
6123
6120
3365
3340
14358
17356
14701
3569
4379
7248
3693
3365
3624
3690
3630
14712
14686
14622
6123
3579
4377
6222
4379
4591
6110
7155
3693
3337
3365
3340
16310
14623
4378
4378
3337
3340
14358
24051
17356
14709
3042
3042
6123
4379
7155
3730
3365
3690
3690
3630
14709
3567
4379
4379
6110
3335
3337
3340
14358
2991
3714
7155
3486
3402
3341
16309
16309
3042
3042
3041
3569
4379
3305
3335
3284
3402
3284
2991
2991
2991
14617
14623
3053
3017
3017
3573
3569
4379
4379
6110
3499
2990
16312
3042
3573
3569
4379
3454
2990
1845
3237
3017
3299
3454
3284
2990
3185
2969
3092
3569
3569
3569
3312
3405
3478
3284
3284
2990
3185
3092
3405
3418
3454
3284
3185
1958
3069
3041
3499
3284
3542
3542
1958
3041
3040
3312
3405
3478
3465
2944
3185
1958
1845
3011
3017
3405
3417
3488
3542
2990
3185
3071
3011
3040
3279
3312
3440
3454
3465
1844
1863
3015
3015
3040
3387
3374
3405
3465
3542
2990
1846
3071
3017
3387
3312
3488
3465
3168
3141
3145
1958
3057
3015
3355
3465
3187
1958
2228
1843
3057
3015
3296
3293
3168
3187
3011
2973
3312
3404
2534
3487
3465
1558
2990
3187
1975
1847
1843
3387
2526
3434
3296
3292
3463
3168
3187
3187
1958
1846
2231
1605
1868
2973
3282
3373
2522
1560
1870
2957
3378
2239
3256
3382
3381
3381
3176
3118
3187
1817
1775
1606
3315
2551
2522
2641
3176
3178
1958
2973
3378
2545
3412
3178
1958
1776
1873
2242
2521
2522
2525
2239
3411
3471
3471
2230
1868
3063
3367
3314
2525
3471
1603
1958
1775
1606
1864
2541
2545
2539
2518
2240
3411
3460
3165
3178
3143
3215
2943
1970
1957
1589
1594
1560
1856
2380
3424
3250
3258
1586
1586
2229
2533
2271
2272
2267
2239
3215
1957
1774
1776
1560
1786
3063
2533
2243
3251
3460
2948
3179
2452
2632
2943
1849
1957
1586
1589
1777
1608
3282
2541
2245
2245
2286
2455
2452
2266
2639
2499
3239
3258
3537
3213
2943
1829
1591
2233
1594
1774
1785
1854
3283
2638
35391
3241
3461
3214
1603
1588
1591
2549
2273
2271
1956
2233
2463
2466
2275
2308
2269
35524
3241
3540
3214
25353
24681
1596
1786
1854
2463
2908
2381
35388
2500
2645
3243
3509
1603
1829
24681
2232
2584
2554
2463
2273
2307
2644
3248
3228
24681
1593
1787
1788
1785
1563
2585
2323
2269
34830
1591
1635
1596
2466
2275
3523
3228
1785
1786
1794
1908
2532
2245
35367
35377
35539
34810
1829
1635
25335
25335
24681
1635
1593
1598
2307
35361
35146
3523
2925
3228
1829
1829
1591
24680
1788
1784
2554
2461
2459
2310
34620
34685
2496
35404
2232
1595
1784
2460
2323
35390
2925
1973
1596
1798
1799
2510
2312
2311
34613
34497
35135
2503
3523
3476
3228
1635
2476
2457
34619
34690
1829
1829
2233
1591
24680
24580
1644
1780
1797
35078
34618
34610
34484
34699
34814
34815
1591
25344
25346
1540
2303
34623
34618
35358
35402
35134
35133
25326
24679
1635
2232
1595
1781
1900
1903
2476
2458
2457
2457
2304
34691
34694
2850
3228
24585
24577
25331
1899
34549
34617
34607
35371
34777
24679
2234
1781
1780
1899
1799
2474
2303
34693
34704
34708
35436
34702
34807
2233
25314
25447
24463
24679
2568
35078
35431
35535
2925
24571
25327
24658
1632
25059
2457
34554
35341
34549
34621
34604
35753
3228
25540
25341
25447
1635
1791
35078
35755
34651
34705
35126
24566
25772
25540
25341
24621
24621
1626
1913
1888
2568
2474
2470
34554
34599
35754
35572
34648
34709
34774
34808
35140
2850
24662
25446
24675
24464
24452
1632
34552
34596
35346
35758
35573
34490
34630
35399
34723
25316
25868
25540
25444
1635
1788
25058
25055
2457
34550
34705
25625
25625
25715
2570
34554
34592
35654
35570
34627
24559
25772
25400
24464
1788
24712
25056
25065
1791
1911
35103
35098
34594
34594
35573
35745
34402
34775
25772
25444
25059
1790
2468
34735
35759
35655
34650
34634
34632
35140
26357
25634
25539
25711
24622
25400
1628
24712
2564
34592
34586
34596
34597
36386
35574
35666
35554
34631
35124
35124
34723
25521
25729
25399
25398
24452
24553
25056
1888
35657
34402
34635
24559
25765
25607
25518
24682
1790
35098
35084
34589
35657
35675
35760
35440
34806
34723
25402
24673
24677
24676
24682
1911
2564
2570
34586
34650
34803
25607
25635
25405
25051
25078
25084
2571
34592
35349
34590
35802
35710
34480
34639
34638
34636
34827
34827
25644
25643
25402
25407
25406
25405
1808
2564
35103
35084
34592
36114
35900
35690
34803
34723
26357
25627
25402
25406
24676
35658
35667
35555
35557
34480
34635
25820
25607
25609
25524
25713
24711
1893
34592
35805
35800
35802
35667
34647
24601
24711
25050
1896
2603
35084
35349
35553
35558
34638
34644
25763
25821
25627
25525
25403
24601
24601
24455
1788
25077
2590
2484
35084
34582
35800
35415
34827
26357
26357
25607
25611
24710
2487
34742
34583
35805
35898
35803
35643
34405
34403
34826
34824
25821
24618
25407
24370
1927
35113
35113
34585
35641
35708
34791
25628
25609
25575
25676
25526
25048
25088
34577
34582
36392
35639
35688
35567
34396
34698
35491
26362
24615
24369
24607
24607
24714
25048
35668
34645
34429
35409
25821
25611
24368
24607
24708
1915
2603
2572
34577
35852
35641
35762
34695
34821
25763
25608
25409
24607
25380
25047
1928
1808
2487
35081
34742
34578
34557
34558
34584
35798
36117
35854
35659
35643
35607
35559
35560
34787
25821
25608
25575
25526
25714
24448
24368
24607
25299
25300
34406
25821
25610
25637
25675
24613
34558
36116
35852
35640
35660
35642
26092
25810
25562
24714
25076
25087
2486
35120
35112
34578
34556
35896
35799
34431
34642
34826
34793
35514
25608
25637
25410
24397
24609
25379
24488
24709
1807
2604
35081
35350
35642
35669
35678
35686
35697
35415
35408
35491
35491
25775
25819
25566
24371
24613
24397
24609
24715
25301
35112
34571
35797
35561
34430
25674
25395
1915
2486
35896
35669
34393
25616
24373
25379
24714
35106
34742
35335
34557
34556
35850
35855
35640
35696
34393
35419
35414
35490
35490
26362
25810
26102
25629
25654
25529
25730
24371
24488
1658
1687
34574
35350
35795
36314
35706
34406
35419
34793
26090
25810
25608
24365
24396
25380
24714
2483
35670
35694
35498
34793
35491
26102
26102
25616
25568
25566
24608
24714
24714
1672
2357
2573
35278
34578
35855
35661
35685
35562
35393
26090
25529
24371
24608
25379
24714
2592
35661
35649
34394
35413
25615
25379
24716
24737
1687
2357
35079
35080
34740
35352
36123
35842
36313
35856
35412
35491
26102
25616
25672
25530
24364
24396
24717
1672
35278
35671
35693
34394
35392
35498
34447
34798
25825
25570
25572
25653
24398
25379
25287
25278
24717
34573
35353
35355
36391
36123
35671
35705
35694
35564
34395
34410
34660
35497
34800
25825
25392
24608
2357
34769
35857
35661
35648
35680
34661
35491
26362
25761
25648
25570
25595
25560
24366
24608
25287
24717
24727
1672
1916
34761
35332
35331
35857
36134
35411
25762
25786
25639
25379
25278
24706
2357
34764
34390
35587
34410
34663
34864
26094
25572
25595
25532
24374
24396
24717
34564
34574
35793
36122
35849
36312
35671
35683
35636
35630
34395
34897
34858
25630
25268
2349
35331
36122
35587
35584
35703
35638
34436
35504
25817
25552
25708
24366
25392
24398
24398
25380
24727
1664
1678
1921
2597
34762
36391
35857
35691
35629
34437
34666
35394
34859
26356
25671
25596
25278
34769
34561
36122
35587
35584
35671
35420
34889
26267
25570
25597
25392
25378
25278
24352
24726
25290
2349
34562
35638
34663
34665
26094
24629
34747
34555
36391
35793
35849
36312
35584
35591
35739
34467
34438
35443
34906
34858
26362
25762
25631
25557
24400
25379
25278
1671
1686
2597
34769
36299
35814
35586
35589
35590
35614
34411
34665
34666
34897
34875
25762
26278
26272
25784
25671
25596
24400
25380
25379
25378
25287
24726
2582
34762
35301
36299
35585
26278
25649
25671
25596
25708
24401
25268
25287
24352
24352
34746
35303
36390
36299
35816
35739
34858
26268
25781
24400
24720
2356
35793
35816
36127
35585
35590
34467
35300
35505
35487
34857
26356
25557
25583
25596
25606
24401
24629
25380
24496
1907
1919
34768
34568
35818
35819
35615
35631
34668
34668
35300
34889
34881
25827
25815
26277
25671
24401
24723
2582
34564
34391
36299
36300
35731
35742
34466
34438
34899
34880
26268
25698
25581
25705
24634
24487
1930
2363
34746
34739
36305
35815
35736
35613
35623
35742
34667
34676
34908
34857
26278
26268
26272
25579
25387
25379
24634
24474
24474
24352
1670
2582
34568
36390
35791
35819
35732
35733
35622
34467
34902
34857
34858
26268
25581
25581
25579
24401
24482
24469
24329
1553
34768
34768
35303
35791
36300
36300
36363
35731
34438
35300
34506
26269
26337
25692
25606
24439
24629
25287
24329
24345
36301
36305
35733
35727
35615
35622
34475
34465
35504
34908
25791
25789
25791
25785
25785
25797
25695
25387
24474
2606
2341
34758
34542
35792
35724
35612
35742
34916
34858
25785
25797
24439
24401
24474
1655
35303
35791
36309
36369
35732
36296
34464
34439
34668
35299
34857
25827
26276
25785
25785
26269
25606
24634
1553
34747
34536
35823
35817
36380
35826
35827
35829
35751
34439
25791
25788
24634
24634
24487
24469
24469
24345
1662
2605
34739
36301
35826
35616
35578
34893
35197
34857
25581
25581
25594
24634
24634
2583
34538
35792
35823
35817
36367
34475
34464
34668
34668
35299
34506
34504
25827
25785
26331
25695
24444
24634
24634
25287
24482
24334
24354
2341
36357
36357
36135
36143
36296
35616
34909
34923
34857
25827
25791
25788
26276
26325
25798
25798
24422
24422
24634
25257
1655
1929
34387
35327
34542
35823
35817
36128
35867
34476
34668
34676
34914
35197
25790
26276
26276
26325
26096
25594
24634
24634
24491
24469
35578
35750
34441
35197
25827
25798
25798
25581
25581
24422
24422
24634
24634
1929
1684
2347
34534
34538
36357
36357
35877
36135
36250
25414
24482
1905
2341
34387
34387
34387
34538
35823
35817
35817
36375
35625
34462
34508
35299
34684
25827
26276
26276
26325
25798
24634
24634
24472
24468
24347
35301
34542
36370
36373
35830
35750
34441
34508
35299
35299
35487
34917
34912
34858
26276
26276
25841
25805
26307
25594
25594
24634
36339
35725
35616
34926
34933
26253
25693
24634
24634
25471
25414
25414
25257
25256
2605
2347
2333
36302
36306
36375
36377
35625
35750
35750
34462
25827
26326
25693
25693
24634
24481
24340
2340
35792
36329
35819
36306
36371
36373
36374
25414
24486
24491
1931
1922
36353
36334
35621
35750
34508
35320
35299
34973
35195
34858
25827
26276
25841
25841
26328
25581
24634
24634
35872
35876
36302
36375
35838
35625
35320
34684
35507
35065
34941
25841
25841
26326
26326
26270
26339
26306
25806
25693
25471
24471
24460
24460
1676
2340
34377
34387
35324
34538
24491
25254
2361
2581
36329
35876
36353
35610
35610
34508
35483
35065
34933
26330
26328
26307
25693
24634
24634
25471
25471
35876
36248
36248
35868
35621
34462
34441
34507
35320
34912
25792
25841
26328
26328
26306
26307
24634
24481
24701
1939
2607
34533
34534
36329
36248
36337
35621
35320
35507
26330
26328
26306
24634
34378
36329
36379
36370
36353
35881
35891
35621
35609
35320
35320
34684
34941
35012
26328
26328
26275
25861
26306
24634
24470
24471
25415
25415
2185
1922
2609
2332
34539
36329
36352
36294
35621
34508
35320
35481
2450
35046
35764
25792
26330
26346
25806
25670
24634
25471
25471
24461
24699
1955
1941
1947
2354
2581
35285
36329
24481
24337
34374
34539
36378
36378
36378
36378
35895
36249
36248
35621
34507
34684
35017
25792
25792
25792
25840
26275
26263
25862
25862
26319
24634
25471
36136
35841
35868
35621
35044
35045
35046
26330
25840
25839
25806
24626
24462
1675
2607
34534
36378
36206
36052
35868
35750
34507
34684
34940
25792
25839
25840
25806
25472
24470
24740
24740
25248
25248
36329
36052
36052
35885
34507
34684
34684
35012
25814
25840
25861
24626
24804
25416
24699
24350
1950
2361
2609
2332
35285
2626
36329
36303
36205
35872
35882
36129
36207
35621
35582
34461
35320
35481
2450
35047
25844
26323
25840
26323
26063
26057
26057
26057
25806
24738
24692
24700
2615
36226
35884
36203
36249
35885
34462
35320
35320
34684
35047
34951
25792
26330
26322
26271
26261
26020
24634
24626
24634
1668
1682
1923
35282
36226
35883
35883
36090
36292
36090
36052
35721
2677
34940
2379
25845
25840
26312
26217
26217
26057
24626
24693
1661
2614
2630
2626
36329
36202
36145
36247
36292
36058
35868
35868
34461
35318
35320
35320
35320
25792
25840
26322
26057
26057
24739
24735
1950
35340
2626
35884
36200
36052
35885
35646
35299
35064
2379
25792
26312
26312
26059
26057
25361
24875
24692
24699
24700
25250
2621
2615
2617
35282
36208
36208
35884
36202
36292
35612
34684
2703
2447
35764
2379
25792
26324
26059
26057
26057
24626
24626
24739
24738
25416
24698
1675
2360
2626
36226
36209
36198
36199
36201
36145
36247
36054
35885
35646
35318
35320
34684
34684
2677
2422
2427
35041
2379
25840
25840
26312
25848
25846
24626
25417
1653
2622
2630
36197
36226
36054
36058
35886
35545
34666
2379
25792
25848
26194
26021
26057
26057
26057
26057
26057
26057
24875
24693
1682
2626
36226
36208
36145
36089
36089
36047
35318
35320
34958
2379
25792
25792
25848
26203
26105
26159
26057
24875
25423
25425
24693
24698
24699
24735
1951
1944
1541
2346
2331
2626
36210
36197
36246
36089
36088
36088
36047
36052
35885
35721
2379
25792
26312
26194
26057
26057
24626
25430
24700
2353
2331
2626
2626
36208
36197
36065
36176
36089
36347
35318
35318
2775
34951
25792
25840
25857
26177
26215
26057
26057
26057
25425
25427
25250
1940
2360
2626
2398
36197
36032
36235
36177
36177
36089
36047
35545
34666
2831
2379
26333
26143
26040
26057
25426
25417
25429
1951
1943
2626
36032
36043
36089
36085
36085
36110
36097
35320
1111
2423
35071
35003
25792
26294
26177
26145
26022
26258
25928
26057
24866
24875
24741
1937
2353
2608
2608
2326
2326
35968
36087
36047
36097
36030
35318
1111
34780
26333
26005
26003
26149
26257
26057
26057
25423
25417
25428
25249
1935
2409
36037
36069
36067
36146
36146
36047
36047
36162
35721
465
35318
35318
2422
35049
34951
26333
26114
26258
25427
25428
24741
24741
25250
1948
1937
2619
2626
2626
2326
36032
36172
36035
36035
35968
36110
25417
25430
25429
2626
2626
2409
36030
35545
1123
25792
26333
26333
25840
26007
26053
26053
25943
25943
26057
25426
35962
36087
36110
25430
24734
25249
1951
1946
2612
2616
36162
331
35318
2775
34958
35003
25814
25792
24873
25423
36298
36146
36289
36180
36138
36289
35962
36047
36047
1087
1087
35318
2420
2445
25792
1982
26009
26005
26159
26257
26052
26057
26057
26056
36146
36289
36081
36110
1983
24733
1649
1944
1936
2618
2626
2626
2626
2326
2409
1087
470
1355
1362
2832
2420
26333
26263
26007
26034
26157
26057
26018
25426
35973
36087
36046
36110
2122
2366
2366
2396
35318
35069
35060
26263
26141
26181
26114
25937
25943
26002
36170
35962
36172
36213
36066
36138
36245
36082
36082
36072
1983
24741
24734
1937
2612
2620
2327
2327
2328
2775
2867
34780
25792
26140
26137
26182
26256
26044
26057
26057
26002
36289
36083
36027
36087
36087
36110
26207
26157
25928
26256
25930
48733
1417
316
545
1123
1408
34980
1983
25421
1940
1946
2627
2409
1087
36245
36087
36047
26140
26050
26044
26057
26075
1369
2250
2830
2887
2869
2088
1983
1983
2122
2122
25428
1948
2616
2328
2396
36066
36288
35962
36099
26141
26141
25930
26044
26044
26056
26014
2775
34966
25792
26263
2088
1982
25430
25428
24733
2409
36027
35934
36047
26018
26156
26125
26050
26018
48621
545
1408
1369
2088
1983
25428
1935
1946
1087
36172
36062
36289
36259
36110
36082
36259
35971
35970
36080
36049
36049
26010
26227
25966
470
35001
34780
25792
1018
24734
1649
1674
2338
2330
2326
2328
2328
2328
48733
36186
35960
35963
35970
35971
35959
26006
26010
26212
25931
26051
25937
26044
25966
26018
26018
545
2252
34978
654
1018
2122
1952
1660
2612
2627
2410
2409
1087
36050
36185
35960
35962
36008
36079
36087
26160
25931
26044
25970
26018
545
35059
1697
1018
1981
2168
2327
36051
35977
36083
36028
36028
36100
36049
26008
26006
26123
25919
25938
26044
25966
26018
497
1355
2418
2889
2166
1983
24733
1667
2345
2345
2328
2328
48733
36026
36028
36049
36049
26228
25970
26018
48621
545
1353
1372
2775
2251
34978
1983
2122
2168
1681
1924
2600
2627
2328
2409
2396
36050
35979
36422
36429
36102
36049
26010
26010
26010
26211
25932
25932
25931
25938
25976
26056
545
1408
2775
2829
24749
654
1018
1018
2087
2087
2146
24741
24734
2326
2410
2409
48733
35962
35971
36079
36087
26010
26251
25976
26018
545
302
35059
1981
1643
1649
1652
2352
2330
2330
2328
36028
36026
36100
36100
25932
25970
25970
26075
26019
1353
2252
1018
2146
1983
2168
24734
1952
1674
2325
2328
2409
26075
26010
26161
26160
26115
25933
25976
25971
26075
1369
2249
2418
2302
1720
1983
1660
2326
2325
2328
2328
2409
48733
36026
35935
36051
36132
36157
35963
36431
36431
36104
36084
35962
35971
36431
36431
36412
36412
36429
36079
26075
26160
26161
26208
26224
26070
466
470
2809
2887
2315
1618
1697
2166
1643
2359
2338
2628
48733
48733
26161
26160
26227
25932
26230
26224
25932
25931
25899
25976
25971
26075
26075
541
1407
2775
1018
1018
1018
2146
1981
1660
2345
2329
2326
2328
2409
36080
36080
36100
36087
36104
25971
26230
25935
302
2298
1697
1018
2087
2087
2146
1982
1649
1952
1924
2329
2328
2410
36412
36262
36102
35957
36027
36422
26160
26227
26230
25976
26127
25971
466
1427
1370
1716
1982
24734
1674
2600
2326
2394
48733
497
36101
35964
26075
26160
25919
26230
26401
26230
25908
25903
25976
26070
541
1353
2914
1618
1692
667
1981
2168
2345
2328
2403
2843
2409
48733
36414
36412
35935
35957
36087
35957
36072
36283
36026
36395
26401
26398
26225
25932
1353
1367
2772
2249
2249
1717
1717
2087
1649
1674
2337
2628
2403
36395
35966
36431
25964
25966
25971
26401
26225
25976
25970
26075
301
2250
1619
1036
2166
2166
2087
1982
1952
1652
1924
1542
36414
36429
36079
36395
36414
35957
35957
35959
36082
36259
35971
36026
36414
35959
35957
35957
25964
26076
26401
25903
26070
25971
25966
1405
2772
2315
1697
667
2087
2087
24734
1660
2352
2628
2326
2403
2394
48733
25966
26250
25933
26398
25908
471
1427
1427
1700
1018
2087
1982
1643
1674
2329
2402
2409
48733
36414
36080
36102
35963
36414
36414
26126
26386
25935
25970
26070
466
2780
2914
1036
1018
1649
1660
2345
2403
2403
2410
2410
48733
36704
36421
36079
35959
36410
36414
25933
26386
26386
26380
25966
48733
1353
1405
2249
1720
2087
1982
1660
1542
2600
2326
2402
2394
36821
36240
36080
36079
35963
36411
26076
26398
25908
25907
25899
25970
25971
476
543
1427
1366
2772
2780
1619
758
667
1018
2166
2086
2087
1982
1650
2337
48733
36833
36429
35958
36080
36027
36026
36421
36702
26126
26379
26876
26459
26379
26369
26398
25970
25971
1691
1035
2086
2040
2329
2402
36832
36702
36490
36421
35935
36079
36000
36411
36833
26220
26397
26876
26230
26044
26127
48733
296
1375
2914
1697
758
2166
2087
1648
1652
2628
2402
2403
2403
48733
36008
36079
26126
26396
26599
26398
25970
469
469
541
1197
1391
1391
2262
854
729
1643
1643
1542
1542
2351
2410
48733
36821
36821
36398
36079
35902
36411
36833
36821
26116
26228
26666
26369
25973
26076
1367
2780
1060
758
1717
2086
1542
2329
2329
2401
2403
2366
48733
36009
36009
36833
36821
25965
26380
26887
26367
25905
1428
1383
1404
1621
1718
2166
2086
2087
2086
2086
1643
24734
1680
2410
48733
36832
35935
36008
35970
35971
36403
36821
25906
26670
26887
25910
25899
26044
25970
48735
758
1018
1018
2358
36706
36708
35941
35935
36414
36491
36491
26251
26459
26882
26666
26401
26044
509
1385
1060
1035
2166
24734
1652
1660
1673
1542
2628
2402
48733
48733
36640
36490
36428
35935
36422
36706
26396
26670
26876
26367
25910
25907
26044
543
1197
1379
2867
2914
1620
727
727
729
2165
2086
1649
2329
2402
2403
2403
2410
2410
2366
48733
48733
36414
35941
35935
35932
35902
36028
26077
25906
25994
26381
26459
26882
26605
26882
26887
26369
26370
26393
48812
48738
1404
1404
1404
1636
758
1018
2086
1680
1542
2351
2401
2410
36708
36822
36639
35935
36403
36833
36706
25897
26643
25898
25899
48738
1391
1390
1691
1718
2165
2086
2086
2085
2344
2402
48733
35941
35932
36708
26044
26605
26608
26815
26599
25973
25899
25975
2262
1691
1035
718
729
2085
2085
1648
1666
1542
2402
2403
2403
48733
36822
36708
36821
36833
36640
25899
26606
26882
26598
26601
25910
1428
1379
1381
1023
729
2164
1660
2351
2344
2401
2403
2410
48812
36829
36640
36413
36421
36833
36822
36822
26878
26601
26370
25898
48737
296
1385
1390
2867
711
1017
664
2085
2085
1721
1953
1680
1673
2402
2410
2366
36738
36822
36821
35941
36406
36414
36822
25906
26381
26875
26599
26367
26393
25911
25899
497
543
1061
1061
1689
711
1018
2164
2085
1721
2628
2401
48695
48695
36428
36421
35930
35902
36421
25906
25935
26801
26808
26598
472
1197
1428
1404
1620
718
2085
1680
1673
2351
2403
2403
2410
2410
2366
48729
36822
36404
35902
36397
36639
36822
36738
26396
26819
26809
26597
26369
26394
25908
48695
1389
2262
1618
1023
711
991
1666
2402
36738
36819
36819
36817
36428
36421
36396
36822
36822
36738
26674
26819
26601
25906
1428
2262
25488
1030
1017
2085
44605
1542
2402
2403
48729
48695
48691
36634
36833
36738
26389
26459
26674
26759
26809
26601
26373
472
1378
1389
1389
1382
1061
711
718
1046
729
664
894
894
2085
1953
1953
2344
2403
48695
36739
36822
36708
36404
36397
36639
36738
36819
26599
26368
26394
48695
296
1384
1153
711
2085
2351
2402
2410
2410
36835
36707
36397
36422
26381
26605
26819
26900
26809
26395
26395
48738
497
1348
1348
1050
711
718
729
2085
44605
1673
2404
2404
2629
2402
36819
36639
36404
36397
36395
26382
26789
26902
26900
26809
26675
1208
2262
1030
1028
992
992
1037
1673
2406
2351
2629
2402
2403
2409
48813
48691
36835
36822
36833
36639
36738
36835
26364
26797
26900
26809
26815
26366
26373
26396
25910
1380
1382
2262
1153
711
729
1017
1029
1037
2121
44639
1666
2402
2403
36780
36819
36821
36707
36395
36835
36835
36835
26390
26459
26789
26885
26901
26597
26459
26363
26364
26389
48695
499
1150
848
711
1046
992
2121
2410
48729
48852
48691
36780
36780
36739
36395
36395
36396
36404
36817
26901
26893
26899
26396
48695
508
1210
1426
1347
1376
1377
1491
1153
1153
711
1030
1030
1046
44605
44639
1666
1680
2401
2403
2410
2410
36708
36707
36395
36738
26363
26885
26994
26994
26994
26597
26809
26396
1342
1150
1043
1673
2406
48693
36780
36780
36819
36739
36739
36639
36639
36780
36780
36770
36780
26789
26797
26992
26809
26366
26364
48854
499
1046
729
1052
44639
44639
2351
2404
2402
2402
2410
36707
36738
26366
26459
26769
26992
26994
26994
26715
26789
26801
26363
48695
1426
1339
709
855
1040
721
1044
990
1673
1681
2404
2629
2403
2410
48578
48695
36819
36739
36491
36780
26786
26901
26757
26994
26809
26801
26366
499
508
1208
1341
1342
1386
1480
1153
715
715
1046
1044
994
990
2121
44639
2410
48852
36779
36818
36640
36821
36490
36835
36780
36770
36770
26789
26885
26763
26906
26757
26752
26458
1426
1342
848
763
1043
1673
2410
48509
48813
36779
36769
36780
36639
36770
36770
26902
26763
26366
48695
499
1493
1491
994
775
45117
45117
45117
1666
1666
2402
2403
2403
2410
48853
36821
36834
36738
36738
36770
26459
26789
26708
26757
26989
26459
48729
48694
1208
1210
1485
1153
1153
848
715
709
709
1040
1045
1045
994
44639
35606
1098
2404
2410
36758
36779
36780
36639
36770
36779
36779
26904
26757
26757
26994
26808
26607
26459
1150
855
775
45117
50627
2403
48509
48813
36768
36819
36640
36739
36760
26786
26764
26764
26757
26786
498
542
1207
1211
1492
1492
848
715
775
269
44611
2404
2402
2403
2410
48813
36779
36639
36822
36770
36779
36760
26789
26789
26676
26763
26757
26715
48853
48729
48729
48695
1493
1340
1483
1150
1046
1043
44611
44639
2629
2403
36939
36769
36640
36822
36835
36760
36760
26895
26757
26705
26607
26607
499
1492
1480
1491
1532
709
787
775
45117
1098
2405
2401
2410
2797
49224
48582
48813
36837
36837
36819
36739
36739
36779
36760
26708
26795
26763
26905
26914
26895
26757
26786
26789
848
715
1046
763
777
994
45117
45268
49224
36837
36779
36818
36818
36770
36766
26786
26763
26913
26914
26989
48729
1209
1153
1048
784
1009
703
269
2405
48813
36768
36822
36767
26608
26708
26708
26902
26902
26786
507
1429
1492
1492
1433
1153
848
715
775
44611
45132
45144
44646
45268
2629
2410
2410
2656
2656
48853
36837
36758
36803
36780
36819
36818
36780
36780
36837
26794
26764
26761
26757
26989
26786
48729
48695
48857
1214
1483
1480
1150
715
787
269
227
45144
1098
2629
2797
48510
36959
36780
36835
36837
26795
26905
26820
26896
26761
26992
26608
48698
1433
1480
1149
732
1048
778
44611
45117
45117
45144
45252
2400
48853
36835
36803
36837
36849
26708
26708
26766
26767
26820
26907
26902
26708
26786
1212
1492
1153
1532
1047
763
1008
775
45132
1096
2656
2797
49230
36955
36825
36819
36739
36739
36835
36758
36761
36849
36849
36955
36955
26794
26761
26786
49222
1143
1491
715
1049
1048
782
270
45069
2629
2656
49224
36804
36804
36779
36769
26708
26795
26795
26794
26896
26763
26708
48729
500
1434
1007
1006
875
222
44769
45144
1098
2629
49230
36804
36804
36849
36825
36826
36780
36819
36760
36955
26820
26764
26763
26903
26708
26708
48696
547
1218
1046
704
44611
45229
2656
2656
48582
36748
36849
36955
36804
36804
26708
26770
26767
26916
26820
26913
48857
1316
1149
1532
1049
1009
779
270
44598
45117
45150
45229
2656
48606
48510
36803
36780
36769
36778
26903
26770
26793
26820
26896
26904
26903
26796
26787
1314
1485
1480
1491
1007
45144
45069
45229
34766
2656
2656
49224
48582
48853
36756
36803
36769
36780
36780
36758
26903
26794
26916
507
1215
1434
1492
1491
1156
715
45128
45144
2656
2656
48606
48582
36837
36826
36770
36769
36766
36955
26767
26747
26929
26927
26896
26914
26757
26763
26903
48730
48696
48857
48857
1218
1483
1049
760
1006
782
875
222
45069
49230
48510
36752
36768
36955
36813
36756
36756
26770
26768
26768
26768
1150
270
45131
45150
45069
45229
34766
2656
2656
48606
36755
36758
36758
36955
26793
26768
26927
26915
26903
26903
1492
1480
1156
1536
1047
760
783
704
222
194
194
44598
45144
45069
48606
36752
36778
36803
36778
36756
26763
26768
26761
26764
26763
26903
48713
48698
49222
49222
48859
506
1215
1483
1483
1051
1006
878
878
44625
45202
45229
45229
49018
2656
49226
49143
36610
36826
36758
36803
36849
36813
26767
26747
26915
26772
26907
26766
501
1144
1483
1491
1150
270
44600
2656
49224
36758
36760
36955
36813
26767
26771
26792
26746
26772
26794
26764
48730
1222
1480
1149
715
1049
760
45144
175
2656
2656
48606
48607
36562
36610
36610
36804
36837
36849
36813
36610
26772
26772
26927
26768
26905
26763
26766
551
1225
1156
1536
764
783
194
194
44636
45069
49093
49226
36849
36813
36610
26792
26716
26720
26720
26720
26927
26916
26915
26764
26763
48730
48701
551
1047
878
704
270
222
44598
45094
45229
175
2656
48606
48606
49093
36610
36566
36610
36803
36825
36778
36610
26767
26720
26905
26767
49222
501
1491
1491
1532
732
1051
760
783
783
44600
45069
48907
2656
49093
49226
36778
36941
36837
36837
36837
36561
36563
26747
26720
26915
48713
48711
49207
48859
502
502
551
1489
1150
1038
764
45202
146
36566
36565
36610
36837
36825
36837
36778
36778
36813
36610
26916
26772
26578
26578
26768
26771
26767
1449
1228
1153
1049
44598
44600
44625
45151
146
48907
49093
49226
49225
36566
36566
26793
26793
26927
26746
26578
26578
26771
504
551
1449
1047
705
222
194
44625
45069
456
48907
48606
49093
36566
36813
36566
36566
26772
26720
26768
26915
26788
551
1228
1536
1047
1051
1051
760
271
222
44600
45151
45202
48907
49272
48606
48606
49093
49226
36752
36610
36565
26793
26772
26530
26578
26720
26747
26747
49207
49221
474
494
1228
1491
760
764
882
706
270
194
45128
45152
45202
45100
49226
36569
36610
36778
36778
36804
36804
36561
26578
26720
26768
26768
26794
26794
48689
49221
1447
1491
1491
706
48907
48606
49095
49093
48508
49225
36566
36778
36610
36569
26794
26768
26578
26530
26578
26794
49161
48711
504
551
1448
1490
1156
1536
1032
45151
45202
49272
49225
36555
36778
36753
36566
36569
26530
26916
26817
48687
1488
1153
1004
757
764
223
222
44597
44625
45150
45150
45069
44651
45108
49279
48606
48508
36553
37008
36752
26772
26746
26533
26533
26578
26794
48711
48689
504
551
1491
731
760
271
194
44600
45118
45100
45108
49095
49114
36565
36753
36752
36752
36563
36569
36553
26794
26768
26578
26578
26533
26533
26720
26720
26768
49225
49161
49236
494
1141
1446
1447
1479
757
757
764
706
272
45128
45069
48907
49170
49095
48508
36555
36566
36563
36753
36563
37008
36553
26772
26578
26579
26717
26768
26916
26792
26915
49221
1447
1447
44597
44625
45151
45202
48907
49243
49249
36555
36565
36610
36610
36610
36561
36566
37008
26521
26533
26530
26916
49225
49225
49218
48863
551
1206
1491
45069
45202
44651
49170
49095
49114
37008
36545
36555
36610
26768
26578
26533
26572
26533
26530
26578
49160
48709
554
1141
1481
1479
1536
1032
757
275
44600
45202
44819
48908
49172
49243
48608
36555
36555
36610
36553
26529
26720
26772
26768
49206
48860
504
1203
1447
1491
1490
1536
1032
223
194
45118
45150
45150
45152
45069
45202
45246
45246
45100
48907
49181
49303
49249
49253
36562
37008
26746
26720
26578
26976
26578
49231
48709
48689
49218
1447
757
760
764
272
45128
45174
45238
49243
48608
36542
36563
36562
36566
37008
26533
26976
26572
26746
26772
49233
49237
478
478
1447
1447
1488
275
44597
44600
45152
45069
45093
44819
49018
49172
49243
49253
49095
36544
36565
36565
36553
36556
26530
26976
26976
26976
26572
26572
26533
26578
26720
554
1489
1153
1479
194
45151
45202
44741
36555
36555
26578
26530
26976
26529
26578
48715
49208
1203
1203
1447
1536
1032
1032
757
1051
760
223
45174
45077
45100
49362
49303
49252
49095
48606
49133
36542
36544
36565
36563
36565
37008
26720
26976
26578
26772
49160
49217
48863
1202
1491
1153
44600
45150
48908
48788
48515
49255
49253
48512
36537
36544
36555
36565
36566
36553
36556
36542
36556
26520
26976
26976
26572
26578
49231
48690
48861
48863
478
1203
701
223
194
44597
45118
44635
45152
44819
36542
36537
36555
36566
26578
26578
26512
26976
26572
26533
26578
49111
1203
1490
1032
45152
45098
44817
44928
49181
48788
49243
49270
49257
36544
37008
37008
26531
26530
26578
49233
480
1321
1203
1451
1202
1488
1479
757
701
223
45118
45150
44635
45169
45174
45074
44741
44651
48908
48781
48788
49243
36555
36556
36542
26530
26976
26975
26975
26975
26975
49133
49184
49208
48690
49217
49216
48863
48824
480
1141
1142
1479
884
701
223
44597
45128
45202
36542
36538
36544
36555
36555
36553
36553
36542
26976
26512
26976
26530
26530
1203
1153
1032
223
45148
45152
45174
48888
49297
48670
49252
49099
36538
36538
36555
37008
36542
26531
26520
26975
26975
26975
26976
26520
26533
49111
48863
48824
1451
1489
1153
1051
701
701
701
44597
45147
44600
44635
45145
45169
45274
48959
48914
48670
49270
49255
36538
36510
36555
37008
36556
36542
36537
26976
26975
26572
26572
26530
26530
49234
48717
48862
477
1479
1479
1032
1051
223
45152
44653
44651
48914
48781
48670
36544
26512
26939
26975
26533
49128
49216
1488
1032
44597
44600
45150
44635
45186
44745
48668
49099
36538
36538
36555
36555
36542
36538
36537
26533
26520
26492
26939
26579
49184
48716
48824
479
480
1203
1150
1479
1051
701
223
45147
45150
45179
44745
45077
44818
48899
49297
48670
49270
36534
36510
36996
36544
36555
36555
36555
36542
36542
36538
36538
26976
26492
26939
26976
49148
1201
1032
1032
1051
223
223
45128
45169
45274
49174
49297
36538
36544
36538
26976
26512
26939
26520
49270
49148
48717
49215
49214
1142
1451
1488
1153
857
1051
701
44597
45150
44635
44635
45152
45199
48782
48781
36542
26474
26938
26938
26514
26514
26976
26579
49099
49234
49240
48716
48864
556
1032
45147
45150
45091
48899
48888
48670
48670
49270
36538
36544
36537
36539
26512
26474
26976
26521
49128
49234
49234
48717
48824
1149
1153
1479
701
701
223
45128
44600
45179
45246
44560
49174
48781
36510
36510
36996
36534
26976
26512
26472
26945
26962
26976
26976
49201
48864
48824
48822
48825
477
1032
1032
1051
857
44600
44600
44635
44635
45145
48670
36534
36529
36996
36537
36545
36544
36539
36539
26512
26945
26976
26976
49099
49240
1203
1488
701
701
45128
45157
44745
45246
45091
44818
44869
48915
48781
49297
49265
37043
37043
37043
36996
36544
36539
36534
26492
26945
26470
26483
26514
26975
48724
49240
1149
1149
857
857
223
44597
44600
45157
45179
49174
48789
48670
49062
36529
36539
36534
26975
26492
26474
26975
49270
49099
48728
48864
48864
48824
1142
1150
1032
1051
45128
45128
44600
45145
44638
45229
594
48888
36530
36529
36529
36510
36538
36510
36510
26492
26473
26951
26470
26483
49128
49240
49201
1322
760
701
701
223
45157
49062
37043
36520
37043
36539
36539
36539
36538
36510
36510
26470
26975
26975
49234
49240
48864
48825
48846
48846
1194
1491
1150
1149
1149
1535
1149
760
762
44635
45157
45183
45197
45091
48781
48789
49057
37043
36534
26975
26952
26469
26469
26975
26975
49265
1051
223
44506
44597
45128
44600
45158
45076
45273
594
594
48900
49084
49062
49297
36520
36529
36996
36534
36534
37003
26951
26953
26953
26484
26938
26975
49153
48726
49214
1535
1051
1051
762
701
44637
45183
45226
45079
45273
45082
48781
48781
48895
49265
37043
36510
36510
26975
26492
26450
26470
26938
49246
49128
49241
48726
49201
48864
48864
1201
1149
1051
1051
45128
45128
45158
45158
45195
45229
49361
49062
48670
37003
36510
26492
26948
26450
49265
49241
1194
1149
701
44506
44637
45211
45083
49361
49084
49084
49297
37033
37035
36520
36529
36510
36510
36510
36976
37003
26960
26952
26830
26450
26938
26492
49153
49200
48864
48864
48827
49214
48825
1453
1149
1051
44524
44506
44506
45128
45076
48790
48895
49057
37036
36520
36529
36510
37003
26490
26844
26450
49246
49201
48846
1322
1535
1051
1051
762
44426
705
45128
44600
45158
45158
45158
48789
48900
49057
37003
37035
37043
36510
37003
26966
26844
26843
26450
26945
26474
26492
49265
49241
49241
1051
44506
45227
49171
48789
49084
49295
36861
36510
37003
26474
26966
26943
26945
49282
48865
49200
49200
48827
49214
48846
1194
1453
1172
1454
1149
44491
44524
44637
45158
45158
45046
45046
45184
45062
45080
44690
49304
37045
37032
36976
37003
26957
26957
26949
26843
26843
26450
26951
49282
49246
49241
48845
1149
1149
1051
44964
44506
44506
44452
44452
45225
45082
45082
45081
49361
48652
48895
48897
49304
38644
38646
37033
37043
37043
36976
37003
26953
26960
49200
48864
48827
49214
1322
1535
44982
44964
44964
44426
45168
44506
45064
45247
48873
48901
36988
37032
37043
37003
36899
26970
28589
26450
26952
49176
1453
1172
44964
44506
44506
45158
45080
49171
48785
48895
37036
36899
26956
28589
26843
26843
49241
49200
49200
48827
49214
44982
1149
44964
45302
45046
45046
45081
49361
48785
49304
38649
36861
37003
36899
26490
26957
26968
28595
28591
27933
26843
26843
26450
49057
49153
48864
49214
49214
1323
1454
1172
1535
44964
44506
44452
45215
45068
45042
49139
48891
38269
38649
38655
36520
28597
27678
49282
49240
49214
44491
44964
44524
44452
45044
45158
45200
45062
45064
45065
45272
37123
38649
37003
37003
36899
38626
28613
26450
49282
49234
48828
49200
49200
48827
44486
44491
44964
45302
44506
44506
44860
45042
45171
45200
44690
48961
48785
48901
49082
48897
37404
38422
37036
36520
27933
26949
49204
48827
49214
49214
48844
1453
1199
1172
44486
44964
45307
45184
44561
49361
49360
48785
48901
48897
38282
37033
36899
38626
37276
26968
28614
28518
27933
27933
26943
49282
49158
49214
1172
44486
44491
44964
44964
45307
44860
44452
44698
37124
37497
38542
26833
28614
27041
27933
26844
26957
49306
49057
49200
48827
49214
49214
49214
1453
1453
44491
45302
45302
44441
45044
45020
45041
45045
45235
45241
596
49360
48672
38284
38077
37033
37034
37002
37002
36899
37276
37715
38542
27933
26844
49282
49133
49158
48828
49214
49214
44982
44491
44964
44964
44506
45042
45041
44808
44691
48961
48873
48874
49082
38073
38419
37124
37497
38649
37715
28611
28234
28234
28197
28197
27933
27933
26852
49282
49200
48827
49214
45133
44983
44506
44506
45044
45041
45041
45272
45272
49360
48785
48873
48902
48868
37356
38252
38066
27095
28519
28232
28614
48828
49200
48827
44982
44983
44964
44964
44505
45302
45307
44860
44452
45215
45020
44561
49360
48785
48868
37211
37130
37123
37404
37715
37968
28388
28388
27933
28595
49044
49214
45133
44982
45302
44860
45045
48961
49082
38642
36883
36988
38626
38626
28253
28225
28200
28199
28611
49282
49240
49200
49204
48827
49214
49214
45133
44982
44983
44417
45307
44506
44506
44860
45235
48774
49138
48874
48902
49043
49043
48672
49044
38413
38418
38417
37340
37340
28388
27092
28358
27915
28199
28199
28234
28509
28597
27095
49282
49243
45133
44983
44505
44506
44860
45040
44692
44825
44921
48961
48785
38229
38237
38360
38706
37130
38643
37340
28238
28407
27095
49061
49158
49204
48827
48826
45302
44472
45182
45001
45190
45025
45233
44691
49360
48774
48904
37207
38706
38417
38080
37123
37340
37413
37413
28388
27242
27913
28199
28199
28234
28223
49200
49214
49214
45137
45133
44983
44983
44506
44473
45223
44699
44825
44825
48961
48875
49082
48868
38628
38628
37404
37340
37413
28047
28048
28041
28199
49061
49091
49240
49175
49200
49204
48827
45133
44983
44474
44964
44505
44505
45302
45307
44506
45215
45190
44692
49360
48774
49138
49117
48867
38209
38474
38970
37130
37358
37413
28250
27179
28217
28199
28225
28408
28335
49272
49214
44419
44983
44474
44505
45304
44860
44860
45001
45025
44921
49360
48774
48786
48876
37284
37218
38407
38417
38422
38439
38256
37358
27903
27919
28199
28234
49214
44983
44983
44964
45303
44954
45001
44802
44692
48774
48904
48867
38207
38929
37128
37362
27100
28027
28199
28358
27096
28042
27099
48616
49061
49240
49200
49204
49214
44487
44505
44505
45307
45304
44473
48962
49360
48775
48874
49077
38371
38970
38417
38081
38074
38283
38256
37404
37340
37413
37362
28385
28048
28562
27135
28261
28244
27249
28225
48891
49204
44419
44504
44505
44506
44860
45190
45190
45025
45039
45051
44802
44693
48962
49359
49117
48876
49077
48616
37176
37193
38224
38934
38902
38713
28673
28207
27135
28199
28575
27099
49061
49240
49203
44487
44419
44474
45304
44506
45216
45215
45208
45025
45039
44825
48867
38417
38059
38362
37362
28673
27180
28244
27905
28186
27044
28033
28384
49061
49203
49204
49214
44983
44474
44505
44473
45001
44693
44825
44914
48775
48775
49142
48874
38180
37215
38050
38908
38970
37413
28159
28385
48616
48891
44487
44505
44506
44954
45233
49100
49058
48615
38478
38850
38417
38251
38252
38229
38236
37362
37777
28895
28673
27352
28261
27905
28199
28186
27170
27101
27099
28385
48559
49175
49214
45002
44491
44474
44960
44505
45303
44506
44860
45210
48768
48774
48875
48614
48616
37194
38714
38713
38713
38473
37134
38358
28441
28907
27293
48891
49203
49204
45002
45002
44983
44505
45303
45302
45307
44472
44972
45194
45210
45220
44693
48912
49359
49145
49142
49041
38932
38242
37413
28219
28277
27560
27545
28244
28199
28178
48867
48557
49203
44487
44491
44961
45300
44860
45220
45234
44810
44693
48870
48876
37625
37190
38687
38970
37137
28346
27100
28875
28472
28199
49077
49061
48559
45002
44491
44491
44504
44505
45304
45210
44825
44825
49359
48775
49142
49104
49041
49077
38310
38478
38714
38847
38996
38908
38706
38209
38239
37362
37778
37626
38707
37362
28698
28819
28680
27183
27138
48557
45307
44860
44526
44954
45215
45208
45208
45022
44700
48962
48870
48877
49076
38333
38996
38996
38713
38598
37593
37362
43594
28208
28326
27100
28938
28712
27296
27162
33370
33369
33428
33369
48615
48557
45002
44491
44474
44961
44961
45303
45302
44972
45031
44694
44914
48768
49359
49145
48614
38151
37626
37214
38926
37139
37777
28378
28907
28742
33369
33433
49061
48559
44491
44960
44505
44505
44505
44506
44694
48775
49076
28570
28875
28819
28819
28244
28185
49203
44487
44491
45308
44506
44506
45031
45232
44914
48654
49123
49063
48614
37214
39029
39029
38996
38332
38330
38740
28906
28720
28315
28288
27417
33473
28162
48614
48543
48897
48557
48557
48557
45002
44491
44415
45302
45307
45308
44860
44506
45214
44810
44695
45270
49146
49145
48776
48871
49045
38923
38933
37588
38030
38151
38310
39126
39086
39082
38687
28194
28375
28382
28875
28940
27075
27395
28258
33490
44491
44475
44475
44961
45300
45303
44526
45216
44972
45208
45208
45022
44798
48654
48654
49338
48870
49085
48543
48544
38930
38310
37778
38291
39086
39029
28697
28691
33521
33428
27137
48543
48557
49203
44487
44513
45303
44506
45050
44684
44694
44825
48766
49146
49075
37619
37191
38329
39084
28783
28819
28958
28733
28780
33490
33356
28300
27556
28323
28020
28754
48544
48557
49203
44491
44505
45300
45304
45031
44810
48766
48543
38027
38447
37625
42239
43467
39086
39032
39032
42483
38333
43594
28299
28819
27151
33561
33490
48592
48592
44487
44487
44477
45300
45307
45305
44886
44886
44526
45022
45031
44695
48654
48770
48776
49123
49104
42305
42305
42305
38027
39032
37191
37288
29050
28846
27075
27792
33613
28274
28143
28697
28652
48966
44491
44477
45300
44860
45214
45214
45208
45208
48655
49338
49075
42305
42305
42275
42275
28958
27076
28310
33417
27163
28343
28680
48952
48557
45301
45303
45307
45308
45031
44810
44823
48766
48872
48543
48950
38030
38150
42435
37288
39056
39032
27650
33384
33613
28145
28819
48950
48557
44487
44513
45300
45304
45222
45030
44804
44696
45269
44873
44873
48770
49123
48544
42305
39056
39084
33526
33491
27147
28635
28732
29050
29085
28960
28769
48952
44491
44513
45301
44860
45208
44564
48655
48767
49147
49123
49086
48673
48543
42305
42320
37190
39056
39026
39056
38150
29087
28399
27455
27803
32282
33570
33570
28337
28958
44491
44475
44477
45301
45308
45305
45216
45214
44804
48655
49075
48543
48544
42305
38028
42388
42483
42353
42483
39026
39032
29085
27077
27155
27651
32229
33570
33697
33571
33454
27589
28549
48592
48952
48557
48557
48557
44477
45299
45303
45302
45305
44886
44526
45209
45208
45222
45030
44804
44696
44679
44684
44684
44823
49338
48770
48771
49074
39026
39056
33683
33510
28782
28745
27079
28493
42479
42414
42388
38030
38151
38027
48950
44477
44513
45307
44886
44696
48910
48542
48542
38022
38022
42210
39026
29085
29216
29216
29024
28942
27630
32420
33739
33739
33577
32203
28118
28545
48966
44488
44487
45303
45216
45214
45030
44679
49147
49064
42305
42356
39026
39026
29217
27979
32418
32403
42241
33510
33739
33363
27580
28312
27035
28637
48597
48558
48557
44486
44513
45294
45302
44526
45222
44811
49087
48542
48542
42305
42389
42389
39026
39026
29024
28399
27833
42341
42483
42471
42356
33697
48952
44487
44487
44461
44475
45299
45299
45300
45300
45304
45305
45208
45029
44811
44696
44679
44679
44676
44564
48765
48998
48542
48542
42305
42305
42389
42389
39026
39026
29217
29217
29218
27982
27945
27970
27283
32330
32329
42233
42353
42241
42320
42408
33577
32405
27640
27981
48542
48951
48592
48952
44486
44477
45306
45209
45209
44799
44696
48629
48767
49126
49126
48762
49087
49086
48541
48542
29263
29001
42233
42483
34352
34108
34352
27947
27940
32418
32231
32407
28072
48598
48966
44475
45308
45305
44886
45214
45222
45029
44811
45056
44679
48998
48767
48597
29216
27946
27945
27284
42483
42408
42388
33983
48598
44487
44487
44487
45301
44526
44811
591
48999
49106
48869
49074
33872
34108
33739
29216
42233
42213
42354
42353
42388
27632
27622
27576
32366
32420
27574
27651
27636
28091
48952
48557
48557
44478
45303
45303
45306
45306
44886
44526
45209
45208
44799
45056
591
48773
48542
29263
29263
29263
29263
42355
33983
34352
27655
27595
27577
27267
32366
32366
27575
27156
44488
44461
44476
45300
45300
45308
45214
45029
44811
45052
45052
44675
48541
42385
29217
29263
42233
42353
42389
33983
34091
27939
27304
27277
28071
27944
48951
44487
44491
44475
44478
45301
45299
45303
45305
44799
44799
44676
48999
48911
48756
48675
48542
29263
29263
28055
27283
27271
27943
27971
27622
27571
42233
42213
42213
42355
42389
42389
42389
33983
34108
48557
44486
45294
45294
45299
45306
44886
44526
45214
45209
45029
45056
49107
48869
48542
48598
27305
42233
42233
42385
34091
34091
34091
27571
27577
48598
48952
48558
48558
48557
44487
44461
44476
45303
45304
44799
45056
48764
49047
29263
29263
42233
42233
42355
42389
33983
27943
27620
27624
27572
27571
48966
44491
44478
45308
45305
45214
45028
44811
44686
44680
48767
48997
48911
49109
49107
48531
48598
34091
34091
29263
29263
29263
27656
29883
27973
27619
42233
42233
42233
42389
42385
27571
27989
27989
48598
48598
48592
48557
48559
44487
45296
45301
45299
45303
45302
45306
44800
45221
45221
44799
44680
45057
45261
44675
591
48631
48584
48542
48598
29263
27305
27943
29883
42233
42385
42385
42355
34091
34091
27571
48951
49380
48557
48966
44886
44526
48764
29263
27656
27654
29883
27696
27696
42210
42210
42210
42233
34091
34091
32312
27989
27571
48559
44512
45294
45294
45214
44800
45029
44784
44686
44671
48997
48754
48759
49047
42385
42385
42385
42385
42385
29263
29263
29883
28579
42233
34091
34091
34091
27571
48558
48552
44487
44461
44478
45296
45299
45303
45308
45305
44886
44526
44526
45214
44680
45261
48757
48531
48598
48598
29263
29263
29883
29883
29962
30241
42210
42233
42233
34091
27584
32312
32312
48559
44476
45306
44800
44805
45028
44664
44665
49348
48631
49070
49046
49047
48584
48531
42385
42385
42385
29883
29960
29960
29965
30241
42210
34091
34091
32312
48558
48559
48557
45301
45305
44886
44450
45013
45013
44799
44679
45262
48754
49046
48531
48531
48598
42385
42385
42385
42385
27654
29883
29960
42210
42210
42210
34091
34091
34091
34091
32312
29975
48951
49380
48952
48558
48557
48552
44491
44476
45300
45987
45213
45027
44686
44680
45260
48997
48584
48598
42385
42385
42463
42210
34091
32189
32312
29962
30242
29967
48997
48631
48757
48760
48557
44487
44486
45295
45294
45301
45299
45028
42385
42463
42210
30242
34091
34091
32189
29967
48557
48557
44485
44460
45306
45306
44508
44967
44805
44664
44539
48531
48598
42463
42385
29960
30242
34091
34091
32312
32312
29967
29967
48592
48558
48954
44867
44867
45294
45294
45991
45537
45209
44784
44686
44679
44664
44665
48997
49046
49046
49047
48531
34091
32189
32189
32312
29890
30242
30242
30242
44539
351
356
49070
48584
48598
48952
48557
44485
44486
45526
45987
45987
44800
45013
45013
44805
44805
44664
30242
32189
32189
32189
29890
29890
29890
29967
44852
44852
48631
49383
49383
49380
48953
45296
45541
45526
45991
44508
44581
32189
32189
32189
29890
29890
30242
30088
30242
30242
30242
48556
48552
44485
44512
45294
45299
45306
45302
45537
45027
44664
48631
49080
48532
48598
30088
30088
29890
29890
48997
48481
48682
48532
48532
48540
48540
49383
49380
48599
48557
45298
45294
44450
45209
44679
30088
30088
32189
32189
32189
32189
29890
29890
44852
582
351
48481
49080
48613
49383
48952
48558
48953
48954
44485
44480
44480
44867
45294
45991
45537
44800
44805
44812
30131
30088
30088
32189
32189
29972
29972
29890
44852
44852
356
356
48683
44485
45987
45537
44450
44581
45209
45027
49079
44664
32189
32189
30131
29890
29941
44852
48481
48481
48682
48532
48598
49383
49381
48558
48521
44867
45519
45521
45541
45991
45306
45013
44664
30131
30131
30131
32189
29941
29972
29972
44390
72
356
48481
48613
48532
49383
48953
48554
48954
48518
44480
45298
45529
45537
45013
44785
48496
358
30131
32189
32189
29972
30191
30191
29941
44852
82
92
351
356
48682
48683
48540
49380
49379
48599
48599
48521
45294
45517
45526
45537
44581
44800
45013
44812
48496
44542
32189
32189
32189
32189
32189
30191
44390
72
356
48481
48481
48532
48540
48540
49383
44487
44866
45521
45541
45541
45987
45537
45209
44800
44812
45013
32189
32189
30191
30191
30191
82
82
82
356
48481
48685
49383
49382
48953
48554
48521
45517
44450
45013
48496
358
44390
30131
29905
30131
32189
32189
32189
32189
29941
29941
30191
55
82
82
72
48476
48680
48613
48532
48540
49383
49381
49380
48953
44880
45298
45516
45519
45529
45209
45013
45013
430
55
29941
29941
29941
29941
32189
32189
32189
82
82
82
344
48681
49383
48599
44485
45541
45526
45526
45528
44800
45013
45013
45013
48496
430
358
30131
29941
29941
55
82
344
344
344
361
49399
49383
49383
49383
48599
49369
45288
45519
45987
45529
45537
44800
44812
48496
48496
44542
29905
30131
32189
29941
29941
80
344
48476
48625
48540
48540
48953
49369
45288
45519
45520
45528
45221
45013
48496
358
30131
32189
32189
32189
29941
55
55
344
344
344
361
48476
49379
49382
48965
44485
44487
45526
45539
45529
45537
45536
45221
45013
45013
48496
48496
44542
30169
30131
32189
32189
29941
80
385
344
361
48681
49399
49383
49383
49380
44865
45542
45517
45527
45013
48496
358
32189
29941
29941
80
385
48613
48532
48540
49383
48552
44487
44866
45288
45542
45520
45541
45997
45539
45529
45536
45528
45221
45013
45013
48496
48496
30131
30169
29941
29941
29941
29941
29941
95
385
376
48477
48540
49399
49399
49383
44865
45537
45221
48496
358
358
44393
29941
80
95
385
48683
49383
49381
49379
49382
48953
48599
48965
49369
44511
45288
45518
45527
45537
45537
45536
45528
45528
48496
48496
48496
358
29941
361
48992
48662
49383
49381
48953
48599
49369
48555
45520
45526
48496
358
358
29941
29941
29941
29941
387
95
563
376
48479
48599
45517
45519
45541
45537
45537
46053
45528
45221
45221
45205
48496
48496
358
44393
29941
29941
387
80
95
563
376
48496
48477
48662
48613
49399
49399
49383
49383
49374
48953
48965
48554
45531
45275
45542
45516
45521
45541
45539
45539
45529
46053
48496
358
358
95
563
377
48951
49399
49380
49379
49369
45535
45516
45537
45649
45528
46079
45892
48496
29941
29941
49382
49374
48599
48599
49369
49369
45520
45992
45512
46079
45641
358
358
358
387
358
358
48477
48477
48662
49628
95
97
378
378
358
48477
49399
49383
49628
45531
45531
45277
45517
45519
45521
45526
45529
45513
46009
45512
45892
48496
49627
45277
45535
45992
45649
48496
358
359
97
48477
48662
49383
97
378
48477
48662
48613
49381
49399
49628
49379
49374
49374
48953
49371
49373
49369
49369
45286
45280
45275
45543
45516
45517
46079
46069
358
358
49382
49372
49373
45286
45275
45276
45542
45501
45998
45992
45513
45529
45512
358
378
359
359
48798
97
378
48613
49381
49614
45286
45503
45988
45992
46079
45892
48496
358
45280
45275
45535
45517
45503
45988
45992
45492
46079
360
565
49381
49618
49628
49627
49374
49369
49369
49986
359
49628
49628
49371
49986
45286
45285
45285
45280
45280
45275
45535
45543
45516
45885
45505
45992
45512
46075
45892
358
45285
45280
45885
45998
45988
45492
358
358
358
97
378
359
359
49381
49618
49627
49382
49374
49371
49373
49373
45286
45286
359
48990
49369
49369
49986
45286
45280
45542
45516
45513
45513
46023
358
45280
45280
45280
45534
45535
45501
45992
46079
45641
358
565
148
48613
49618
49628
49614
49614
49369
45286
359
565
129
49627
49628
49374
49371
49373
49369
49369
49986
45280
45534
45503
45988
45512
45492
45892
45531
45531
45280
45898
45886
45885
45501
45998
45492
45892
358
429
148
359
359
48613
49604
49627
49372
49369
49986
45286
441
429
565
565
359
49615
50156
49371
49371
49373
45286
45286
45531
45280
45535
45898
45501
45507
45513
45513
46023
45984
46079
44394
148
129
49628
49628
49614
50049
49369
49369
45281
45279
45280
45960
45503
46008
46079
45892
44394
358
358
358
565
129
48613
49628
49372
50049
49986
45960
45512
45649
45492
46025
358
49627
50048
50049
45531
45280
45899
45998
45992
45964
45632
74
88
44394
358
358
129
441
50074
49604
45280
45523
45501
45501
45505
46008
46008
46009
45964
45492
46025
45632
45528
74
429
147
147
129
49604
49604
50049
49986
359
428
129
50074
49628
49627
49614
50156
49626
49371
49622
49623
45286
45286
45531
45531
45531
45531
45279
45898
45886
45885
45512
45964
45964
358
358
358
358
441
428
129
129
131
49605
49371
50049
45960
45523
45503
45988
45992
45511
45492
46025
48496
359
147
50074
49602
49604
49623
49986
45897
45963
45649
46025
129
49605
49605
49621
49622
50049
49623
45531
45532
45888
45899
45886
45886
45885
45885
46009
45964
45492
45982
428
129
49740
49605
49605
49983
50156
50166
45531
45531
45531
45532
45888
45501
45504
45506
45989
358
48497
428
428
129
49605
49983
50048
49725
45531
45894
45897
45898
45885
45501
45502
46063
46063
48930
358
413
129
129
49543
49583
49602
49605
49605
45531
45531
45532
45885
45993
46009
46009
45963
45492
45982
48497
49605
50049
49725
45951
46063
48930
48930
428
428
131
129
49605
49626
50166
50048
49980
50051
50051
49687
45531
45531
45888
45897
45952
45510
45649
45492
48497
48497
129
50074
49605
49605
49605
49605
49622
50051
45531
45532
45954
45898
45948
45508
45651
46009
45983
45983
129
49605
49983
49620
49980
45531
45531
45531
45888
45951
45949
45502
45989
45650
45491
413
131
49540
50074
49687
45531
45888
45954
45504
45999
46010
45649
45632
46063
48497
48497
410
428
442
129
129
50053
49605
49605
50114
49620
50048
45993
45621
48497
131
49605
50114
50166
49981
49979
50061
50063
45531
45531
45532
45889
45888
45954
45954
45952
45952
45952
45950
45948
45502
45504
45650
45983
45632
46063
45621
48497
410
133
49540
50074
50053
50053
49605
49687
45531
45654
45990
45650
45985
48497
442
442
50054
45531
45888
45576
45570
45654
46000
45983
46061
48605
410
442
442
130
50108
49540
50054
49605
49626
49620
50061
50061
45896
45891
45888
45952
45575
45994
46063
46063
45621
45621
50114
49981
49981
49981
49683
45531
45888
45655
45652
46010
46010
45985
46053
46061
46063
45621
48605
410
442
442
130
49540
49540
50074
50054
50114
50114
50063
50063
45954
45954
45499
45570
45654
45984
46063
46063
442
442
49739
50054
50054
50114
50061
50061
49681
45896
45896
45971
45956
45590
45496
45995
45651
45621
48605
410
130
130
50108
49581
50075
49739
49981
49981
45590
45985
46063
48497
133
49540
50054
50114
50114
49981
50061
49683
45531
45646
45648
45954
45655
45497
46001
46011
46063
45621
410
442
49540
50054
49981
50063
49683
45646
45956
45576
45931
45930
45497
45493
46061
45621
46566
48927
442
130
50108
49540
50074
50054
50114
50051
45896
45646
45935
45996
45494
46053
46063
46063
46063
48656
48605
130
49540
49581
49739
50054
50114
50114
49981
50051
50061
49686
45896
45896
45646
45937
45584
45930
45995
45494
46011
45487
45490
45491
46063
46566
48927
133
133
130
50108
49794
50075
49739
49686
49688
45646
45648
45934
45498
46001
45496
45489
46053
46063
46063
48927
50108
49540
49581
50054
50114
50061
50061
49686
49726
49726
49726
45550
45646
45932
45931
45497
46053
46062
46063
46063
45621
49794
49582
50061
49688
45896
45646
45935
45482
46063
45621
46566
46566
442
50118
50118
49739
49739
50114
50114
50057
50051
50051
50062
45646
45656
45937
45930
45486
46012
46053
46053
46061
48495
442
130
50118
49775
49540
49581
50075
49582
45636
45986
45473
45476
46063
46063
46566
48982
133
50118
49775
49794
49540
49688
49726
45589
46002
45487
45706
46062
45626
48589
50118
50118
49581
50115
50167
49725
49686
49726
45550
45755
45944
45472
46002
45482
45484
45489
45450
46063
49540
50075
49724
49686
49686
49726
45550
45986
45656
45581
45942
45940
45478
46013
45487
45708
46063
130
49775
49582
49582
50115
49686
50062
50062
49728
49758
49759
45636
45475
45480
45485
45450
45706
45626
45545
50118
50118
50118
49775
49758
45939
45479
46015
45453
46063
46063
45545
45545
129
129
50135
48589
50118
49775
49540
50143
49580
50075
49724
45598
45477
45481
45708
46060
46061
46063
46063
50135
49921
49775
49775
49798
50075
49582
49582
50159
49724
49724
49688
45905
45905
45907
45986
45757
45580
45580
45474
45739
45801
45455
45453
46062
45569
50135
49540
50075
50062
49759
45564
45477
46004
45737
45787
45788
45629
45545
50135
48987
49921
49540
50115
49724
49758
49643
45665
45757
45470
45457
45455
45452
46061
45626
50135
50138
50131
50131
49775
49580
50074
50076
50037
45564
45636
45670
45585
45738
45453
45708
45621
45621
45569
45569
49910
49541
49798
50075
49582
49686
49736
49728
49643
45665
45665
45739
45463
45460
45456
45454
46062
45611
45545
49913
50138
49775
49777
49580
50115
49724
49724
49728
49759
49752
45564
45665
45665
45757
45757
45580
45470
45750
46005
45461
45461
46016
46017
45452
46060
46061
46063
45611
45611
50135
49541
50074
50115
45907
45907
45458
45456
46062
49913
49913
50138
50132
49775
49798
49580
49582
50069
49686
50076
50037
49991
45554
45925
45452
45611
45569
45567
49785
49913
49910
49923
50131
49539
49580
50075
45665
46026
45927
45467
45466
45465
45464
45452
45629
45626
45611
49913
49913
49579
49582
50076
50037
49761
45907
45665
45757
45786
45800
45568
50680
49913
49912
50131
49778
49777
49542
49580
49580
50075
50074
50074
50065
49736
49763
49763
45554
45665
45757
45800
45779
46018
45629
45623
45609
45569
49913
49913
49923
49541
49541
49798
49686
50076
50037
45552
45907
45665
45925
46006
46006
45464
45789
45689
45452
45611
49913
49777
49579
50101
49686
50076
50037
50006
45554
46026
45929
45926
45468
45466
45799
45684
49945
49913
49913
50124
50132
49777
49541
49798
49580
45554
45907
45572
45736
45691
45679
45606
45558
49945
49910
49790
49776
50075
50062
49728
49760
49763
45567
45665
45665
45667
45667
45757
46007
45785
45688
45626
45609
45558
49912
49542
49580
50101
49553
50076
50076
50037
45552
45552
45587
45468
45689
46042
45684
45677
45623
50680
49913
49778
50036
49761
49992
45555
45469
46007
45691
45692
45609
49905
49905
50128
50132
49798
49579
49580
50006
45665
45667
45667
45468
45733
45785
45791
46019
45606
45558
45558
49943
50673
50314
49913
50129
50132
49790
49798
49546
49827
49738
50028
45907
45587
45921
45735
45785
45688
46042
45677
45677
50119
49777
49542
49799
49580
49550
49737
49797
49761
49850
49763
45555
45907
45667
45922
45733
46007
45798
45692
45690
45682
45626
45562
50697
50129
49777
50028
49992
45552
45665
45913
45674
45923
45733
45784
46019
45606
45609
45558
50673
49913
49543
49799
50075
50094
49738
49992
45695
45552
45667
45920
45922
45924
45735
45792
45797
45802
45684
49943
49905
49908
49791
49779
49793
49799
50028
50006
45695
45923
45732
45730
45688
45603
45558
45557
45556
49944
50314
50314
50129
49778
49575
49550
50096
49674
50027
49737
50036
49760
45665
45665
45912
45921
45732
45734
46043
50118
49543
49799
49992
50006
49850
45695
45667
45918
45574
45730
45783
45690
45556
50675
50314
49901
50128
49922
49779
50107
49876
49797
49797
45907
45693
45694
45732
45797
45802
45702
46042
46046
45810
45563
50697
50314
49912
49920
49790
49791
49780
49543
50027
49746
49851
45662
45917
45694
46048
45558
49943
50314
49543
50096
49746
49760
46566
46562
45667
45753
45912
45922
45725
45783
45793
46045
45615
45558
50129
50118
49779
49869
49799
49876
50096
49556
50027
49757
50006
45693
45804
45699
46043
46050
49948
50675
49403
49671
49797
49841
49851
46566
46562
45666
45915
45922
45711
45793
46046
45615
45696
49852
50698
50314
49905
49789
50106
50096
49746
49845
49844
45662
45662
45666
45914
45911
45725
45782
45796
45804
46041
45605
46589
45696
49944
50667
50500
50488
49905
49404
49530
49790
50109
49876
49846
45911
45922
45693
45740
45730
46027
46599
50106
50006
49853
46567
46562
45723
45793
45796
46599
46599
49907
49792
49948
49402
50109
49869
49876
49557
50033
50034
50035
49757
45914
45911
45748
45712
45880
45804
45828
46599
46561
45662
45748
45710
45782
46029
46029
45826
46036
46589
46590
46568
49876
49845
49844
49757
49945
50701
50314
50318
49530
49789
45916
45913
45748
45729
46027
46568
49557
50005
49841
49945
49528
49530
46561
45666
45661
45721
45781
45794
45876
45819
45820
45809
46590
46584
49888
49883
50018
49947
49950
50315
50491
49401
49401
49907
49403
49407
49792
49892
49556
49853
49946
45760
45912
45724
45879
46030
46035
46563
45915
45752
45712
45883
45883
46595
49874
49821
49556
49669
49669
49845
49843
50004
49945
49952
49402
46583
46564
45661
45746
45694
45721
45832
46595
46589
49883
49876
49844
50005
50322
50645
50506
49402
49408
49926
49894
45657
45780
45883
45835
46030
45808
46598
49892
50488
49403
49407
49925
46583
45673
45661
45724
45715
45780
45876
46040
45821
46588
49874
49821
49848
49842
49946
49951
49528
45760
45661
45716
45880
45316
45833
49824
49822
49823
50004
49946
49953
50319
49401
49447
46576
46561
45752
45657
45746
45694
45883
45831
45815
46595
46585
49970
49677
49677
49843
49952
50493
50512
50489
46583
45716
45716
45876
45883
46039
46592
46591
46585
49854
49946
50322
50643
50500
49449
49444
49451
49409
49919
45766
45673
45746
45694
45780
45877
45319
49884
49874
50518
49894
45752
45746
45335
45830
45311
46229
46591
46573
46586
46579
49970
49821
49849
49953
50511
49434
49449
49456
49919
45766
45765
45767
45805
45883
45319
45439
45312
46588
49874
49824
49820
49814
49678
49764
49957
49958
50321
50601
50494
49919
46609
45763
45746
45323
45323
45875
45335
49970
49884
49749
50521
49434
49450
49447
49409
45673
45767
45843
45420
45441
45362
46552
46551
46586
46226
49824
50012
50007
49537
49416
50520
49456
46226
45767
45746
45445
45334
45421
46224
46573
49406
49507
49821
49849
49858
50502
49449
49436
46474
45763
45346
45356
45359
46428
46430
46399
49974
49750
49957
50496
50518
49434
49444
46609
45334
45425
45426
45338
45439
49801
50007
50575
50563
49450
45858
45868
45745
45844
45323
45445
45360
46423
46415
46551
49531
49872
49801
49820
49839
50012
49765
49859
49418
49447
49456
49409
45863
45343
45421
45362
46428
46427
49821
49814
49750
49765
49959
49417
49488
50510
50515
50521
50524
49454
46226
45858
45745
45415
45340
46226
49871
49862
50567
50521
50522
50523
49448
46474
45858
45767
45404
45342
45362
45356
46426
46416
49801
49861
49765
50563
50498
50523
49436
46407
46476
45745
45844
45377
45426
45419
45362
45344
46417
46411
49962
49801
49814
49861
49860
49959
49488
50508
49448
49445
46405
46020
45435
45358
49871
49801
49862
49418
50524
49438
46407
46474
46480
46480
45404
45745
45433
45346
46432
46425
46417
46408
49814
49837
49864
50567
50504
50509
50522
49436
45377
45377
45379
46020
46020
46804
46433
46425
49522
49511
49820
49814
49837
49490
50585
50499
50514
49448
45399
45404
45395
45384
45352
45369
45435
46424
46424
49522
49511
49800
49801
49814
49814
49864
49494
50586
49445
49436
49522
46498
46497
45370
46419
46407
49862
50599
50503
50552
49455
46407
46500
46510
45908
45392
45392
45379
45379
45415
45431
45349
46446
46804
46424
46414
49801
49814
49809
49864
50526
45402
46021
45369
46446
46436
46419
46414
49522
49498
50526
49448
49436
45428
46021
45431
45349
46424
46414
49511
49800
49800
49810
49483
49494
49495
50599
50592
50547
50552
50552
50894
46448
46407
46501
46504
45392
45428
45349
46424
46417
49467
49432
49411
49464
50588
50504
50539
49522
46516
45409
45369
45370
46446
46803
46424
49522
49965
49498
50526
49446
49455
45908
45416
45336
45352
45352
46424
46419
46451
49511
50600
50591
46505
46505
45428
46424
46414
49800
49810
49472
49498
50552
50553
50561
50894
49522
46451
46505
45414
46540
46541
46446
46801
46458
46451
49511
49482
49498
49492
50539
50539
50526
49522
46506
46517
46518
45910
46540
46542
46458
46451
49511
49965
49467
49518
49518
49464
50595
50592
50548
50561
46451
46800
45416
46541
46542
46446
46468
46424
46451
49800
50595
50547
50548
50894
49438
46506
45414
46541
46548
49808
49526
50608
50596
50539
50548
50894
50894
46451
46506
45414
46534
46765
46798
46542
46452
46451
49522
49965
50595
50539
49460
46800
46468
46451
50112
50000
50554
50553
50561
46800
46506
46518
45910
45414
46765
46798
46437
46439
46439
46801
46459
46459
46451
46451
50112
49965
49506
49518
49518
49517
49526
50830
50830
50595
49522
45416
46534
46534
46442
46468
50608
50608
50549
50548
50548
50894
46451
46739
45414
45414
46440
46452
46451
49522
49521
49520
49518
50595
50539
50820
50548
50553
46508
46437
46440
46801
46459
46453
49520
49503
50483
50549
50554
4314
49460
46393
46393
46508
46523
46288
46798
46439
46451
49426
49518
50836
50827
50747
50818
49448
4314
46393
46393
46520
46798
46439
46442
46801
46465
46730
50112
50112
50612
50482
50820
46747
46520
46437
46730
46729
50623
50623
49518
50612
50747
50549
50549
49521
46520
46288
46764
46777
46440
46735
46465
46730
49521
49520
50613
50614
50482
50818
50820
50548
4314
46453
46393
46523
46523
46437
46437
46440
46393
49426
9394
4201
8085
46393
46743
46520
46520
46730
50112
49426
50623
50837
50817
50820
50548
50548
46728
46727
46725
46747
46288
46757
46544
46543
46543
46730
46729
50112
50623
50610
50820
46726
46736
46465
46729
49426
50612
50814
50818
50549
9177
7961
46724
46535
46763
46777
46544
46546
46546
46735
46730
49426
50610
50484
50820
50820
8384
46532
46265
46465
46730
46729
46729
49519
50112
49426
50620
50620
50621
50598
50817
50817
50820
50544
9394
8384
46728
46726
46726
46763
46544
46543
46730
49426
50610
50839
4203
4644
9031
5677
8384
46724
46531
46532
46535
46777
46546
46546
49519
50112
50610
50484
50484
50820
4644
4644
46728
46726
46763
46544
46543
46465
46730
46729
46728
50341
50484
9031
5677
8384
46535
46443
46265
46730
46730
50839
50800
50485
50544
49521
46726
46742
46532
46757
46544
46543
46546
46265
46729
49426
49426
50622
50342
50484
50544
50544
9031
46395
46525
46724
46530
46535
46535
46777
46546
46454
49519
50802
50484
50805
4644
9392
13767
5682
46285
46531
46532
46443
46455
46728
49519
50610
50620
50341
50484
50544
5677
46531
46763
46777
46438
40044
46730
46454
46455
50610
50840
46749
46443
46394
46728
50804
50806
13767
5682
4642
4807
8384
46395
46656
46395
46252
46521
46535
46291
46443
46265
46465
46394
50625
50610
50610
50341
50639
50640
50800
50802
50803
50805
50548
9303
46285
46531
46291
46291
46441
46443
40044
46716
46454
49426
50622
4314
13597
4642
4807
8384
46285
46535
46778
46438
40044
46465
46455
49519
50610
50798
50803
50805
50805
50806
50806
9303
13767
9208
4807
46394
46395
46749
46716
46717
49519
50804
50806
5682
46521
46778
46438
46441
46265
40044
46455
50622
11902
13755
9208
4807
46711
46525
46285
46252
46521
46778
46291
46443
46443
40044
46716
46454
46715
49519
50611
50341
50341
50639
50640
50800
50487
50805
50805
13597
13438
46521
46778
40044
46713
9120
49426
50625
9294
13438
5682
46749
46252
46763
46438
46715
50622
50622
50331
50616
50805
50806
50806
9303
5678
9208
46709
46535
46291
46723
46715
9210
46712
46531
46531
46291
46438
46443
40016
46716
46456
49519
50625
50622
50639
50639
50616
50487
9298
9303
13438
4779
46252
46521
46521
40093
46456
46396
46713
4819
49519
50611
50611
50745
50806
50806
11902
13438
5682
9292
46711
46285
46521
46521
46778
46438
46547
46265
46337
46716
46715
50622
50487
13438
46712
46292
46291
40093
46456
46715
50609
50622
50331
50486
11904
13438
13438
9292
46536
46539
46545
46438
46723
46723
46723
40016
46456
50639
50639
50374
50486
50486
50806
14445
9292
4779
46655
46711
46749
46252
46292
46778
46547
40093
46456
46456
46397
50626
50331
50372
50806
13438
13438
46711
46709
46292
46291
46723
46265
46396
49519
50611
50626
50331
9366
9292
46252
46536
40093
9292
49519
49426
50745
50617
50486
50486
9366
11903
13438
9292
46709
46252
46779
46547
40093
37918
37918
46456
46397
4779
50611
50330
50338
46283
46709
46751
46536
46538
46545
46547
46723
38004
46456
46397
9237
9292
50639
50486
50486
50412
13747
13438
9292
46283
46252
46538
46539
46265
46771
46456
4779
49519
50626
50626
50486
13438
13438
46283
46709
46538
37918
46456
46396
46700
49519
50626
50331
50617
50486
11903
13438
13766
9292
46751
46241
46536
46536
46779
46723
46265
38004
46456
46396
46397
9237
50611
50842
50789
50791
50486
9397
13437
13438
9292
46283
46284
46536
46539
46545
46723
9171
50334
50334
50788
50617
50791
50486
50412
9366
46538
46547
46723
38493
40265
46456
49426
50330
13437
13732
13732
46261
40044
46396
46397
49519
14445
9366
13439
46700
46283
46283
46751
46241
46536
46536
40044
40147
46654
4779
49519
50627
50334
50843
50338
50788
11903
13437
23751
4779
46698
46536
46539
46545
46547
46265
38493
46456
46698
9171
50330
50330
50790
50617
50412
50463
13437
13438
9292
4779
46751
46536
46538
46723
46265
40147
37918
46456
46456
50334
50791
50412
13460
13733
46698
46283
46283
46751
46751
46536
46245
46538
46781
46545
46547
46456
46689
46688
4779
50627
50334
50334
50334
50337
50486
50412
9366
13460
13439
13437
13438
13438
46284
46283
46244
46261
40147
46456
46688
46654
8320
50330
50461
50617
50462
13437
46244
46547
46690
11891
9292
49519
50334
50334
50337
50337
13437
46283
46538
46261
46261
40147
50627
50744
46700
46751
46536
46245
46257
46259
46261
38493
40147
40147
46456
46689
50334
50337
50462
50486
13599
5682
46253
46698
46244
46244
46781
46539
46265
46688
46253
9292
9220
50334
50334
50744
50462
50462
50486
50486
50463
50412
9286
13444
13439
13437
9358
46698
46698
46283
46751
46284
46244
46259
46261
46261
46690
50462
50792
13437
9292
46253
46245
46257
40146
40147
46690
9292
49519
49519
50330
50343
13438
13438
11891
46249
46284
46244
46538
46261
46772
40146
39984
46786
46690
46688
50334
50334
50844
13437
13437
46253
46249
46244
46781
46259
46261
46260
46772
50334
50775
50486
50463
50463
11903
13439
11891
46698
37491
39984
46688
9213
9292
7886
50334
50334
50334
50330
50462
50462
50463
4762
13631
11891
46698
46283
46244
40147
46691
46690
46688
50844
50344
50744
50413
13614
46253
46253
46249
46245
46781
46261
46260
46688
11891
49505
49932
50412
50463
13437
13438
11891
46249
46239
46256
46258
46260
37366
46697
46690
50334
50343
50412
50413
50413
13440
13434
46244
46772
46772
40146
46697
46690
50334
50334
50462
50463
13611
13757
5685
46687
46253
46253
46701
46278
46782
37366
40146
46688
46687
50334
50844
50344
13631
13434
46687
46249
46244
46287
46256
46260
46260
40143
46691
49805
50334
50412
50413
50413
23759
13758
46249
46249
46287
46287
46238
40088
46786
46691
46690
4787
50334
50413
13440
13594
13434
13753
46278
46782
46772
37366
46688
5685
50844
50778
50781
50413
13757
46687
46287
46260
46298
40032
50334
50848
50344
50776
50777
50779
50781
50413
13611
13611
13440
13413
46687
46250
46250
46249
46287
46287
46278
46260
46295
46697
46697
46691
46691
46363
46363
23765
19365
49805
50442
50413
13594
13437
13413
46687
46278
46772
46697
50334
50334
13623
46289
46304
46697
13413
49805
50442
50848
50844
50779
50781
50413
13623
13757
46687
46287
46268
46289
46304
46298
46363
46363
46687
9195
50415
50413
50463
13455
13412
13757
46687
46277
46269
46304
46298
46298
46298
46332
49805
50844
50449
50457
50781
50781
50781
50463
13757
13412
23765
46363
46687
46250
46287
46287
46287
46277
46823
46697
46363
46363
48645
50442
50848
50445
23765
46304
46697
46364
48624
48622
50449
50743
13452
46687
46249
46287
46277
46281
46823
46364
46367
46363
13452
4787
50442
50463
13623
23584
46363
46287
46298
46697
46653
393
184
50457
50781
13757
13757
13452
46249
46277
46268
46302
46298
46298
46298
46823
46364
13452
50442
50445
50415
50463
50463
23584
13455
46363
46685
46360
46360
46360
46277
46302
46296
46697
46653
46363
48645
48645
48645
50442
50442
50446
50445
50415
50415
13452
46363
46360
46287
46277
46268
46823
46697
50743
50463
13741
13742
13452
13452
46356
46785
46298
46653
50463
13452
46367
46652
46277
46298
46697
46324
48645
50442
50445
50445
50463
50415
50463
50417
13742
13725
15882
13452
13452
46363
46360
46299
46299
46296
46298
46298
46298
46683
48645
48645
50442
50445
50415
50415
50415
50463
23622
18302
46652
46360
46277
46298
46697
46364
50444
459
393
50442
50415
19161
13452
46360
46360
46348
46822
46823
46347
46364
46363
50442
50415
50417
13452
46367
46356
46823
46364
50445
50415
50423
13741
13452
46364
46360
46356
46344
46364
46364
46364
50444
393
50442
50773
50423
50419
4663
4663
50440
46367
46360
46356
46348
46317
46298
46823
46697
393
50446
50446
50415
50414
23622
46652
46360
46299
46299
46822
46298
46298
46683
50442
50414
50423
50417
4687
18302
46352
46364
50440
50440
48645
50446
50454
50414
50430
4687
50879
46652
46360
46823
50442
50430
50879
46652
46364
46360
46356
46356
46836
46299
46297
46344
46344
46683
46652
46364
50442
50442
50417
50430
50879
50879
46652
46364
46348
46787
46311
46321
46823
46374
50440
50440
48645
50414
50414
50417
50419
50430
46836
46321
46297
46294
46347
46364
46652
50879
48645
50444
50442
50442
50458
50417
50430
50405
50405
50879
46364
46356
50442
50446
50464
50417
50417
50405
50879
46364
46364
46352
46344
46374
46652
50440
50442
50417
46652
46652
46364
46360
46356
46352
46836
46318
46347
46347
46347
46374
46652
50879
50440
50440
50405
46652
46356
46652
50447
50417
50417
50419
50419
50425
50430
50410
50405
46364
46787
46321
46321
46321
46344
50444
50447
50416
50405
50879
46652
46360
46344
46365
46365
50440
50444
50442
50417
50417
50419
50405
46652
46652
46349
46820
46318
46321
46344
50879
50447
50417
50421
50397
50405
50405
46365
46365
46364
46357
46318
46347
46344
50447
50416
50397
46313
46321
46321
46344
46369
50444
50443
50416
50416
50429
50914
50405
46365
46365
46365
46361
46349
46349
46319
50405
50879
50440
50444
50447
50416
50425
50436
50405
46321
46321
46319
46375
46369
46369
50416
50419
50418
50430
50421
50405
46353
46313
46835
46835
46821
50443
50416
50436
46365
46365
46365
46361
46835
46328
46369
50879
50879
50444
50444
50419
50425
50430
50421
50436
46349
46353
46314
46319
46306
46329
46369
50440
50447
50451
50419
50436
50436
46365
46319
46319
46319
46306
46335
46369
50405
50440
50440
50444
50465
50424
50424
50421
50436
50436
46369
46305
46345
46358
50465
50436
46365
46821
46319
46319
46319
46319
46306
50405
50405
50403
50465
50425
50466
50421
50436
50405
46369
46369
46365
46362
46340
46319
46328
46328
46369
50879
50440
50444
50444
50419
50425
50421
50436
50431
46365
46306
46328
50479
50440
50418
50421
46369
46365
46681
46821
46319
46319
46306
46821
46328
50476
50444
50419
50419
50431
50436
50431
46369
46365
46614
46358
46821
50476
50444
50465
50460
50436
46350
46340
46328
50704
50419
50418
50418
50436
46614
46614
46614
46614
46614
46354
46834
46306
46306
46306
46305
46340
46328
50475
50475
50405
50704
50704
50431
50431
50480
46614
46306
46328
46370
50475
50704
50425
50436
50431
50436
50480
46306
46320
46306
46821
50739
50476
50460
50460
50431
50481
50480
46370
46370
46370
46320
50704
50704
46650
46341
46824
46320
46320
46320
46331
46376
46650
50880
50477
50477
50460
50436
50770
50770
50481
46331
46330
46336
46320
46308
50480
50739
50480
50480
50739
50481
46376
46376
46650
46330
46320
46307
46308
46308
46376
50739
50436
50480
50481
50739
46390
46336
46346
46824
46308
50739
50739
50477
50739
46390
46390
46341
46824
46320
46307
46308
46336
46330
50481
50481
50475
50477
50770
50770
50739
50399
50400
50481
46391
46391
46649
46346
46824
46307
46307
50481
50739
50739
50471
50739
50739
50739
46390
46391
46649
46649
46308
46308
46386
50739
50739
50915
46391
46615
46615
50470
50481
50739
50770
50470
46649
46381
46381
46383
46377
46833
46615
50471
50471
50481
50753
50749
50769
50750
50750
46649
46381
46380
46382
46833
46833
46679
50471
50751
50751
50749
50749
50750
50750
50919
46662
46380
46379
46833
46379
46833
46649
50752
50752
50750
50750
50916
50916
46662
46678
46677
50752
50751
50277
50749
50750
50750
50750
50753
46660
46662
46662
46383
46383
50752
50277
50916
46187
46662
46662
46383
46188
46678
50751
50751
50751
50738
50278
50277
50916
50752
46187
46662
46384
46678
46673
46188
46678
50752
50752
50278
50278
50278
46616
46188
46188
46188
50753
50708
50256
50255
50278
50738
50916
46187
46193
46221
46648
46648
46616
46616
50751
50737
50253
50253
50738
50273
50753
46188
46221
46221
46616
46188
46162
46188
50738
50738
50737
50255
50252
50738
46166
46188
50753
50737
50253
50247
50268
50268
50268
50718
46166
46221
46221
46221
46616
46616
46161
46162
50737
50737
50247
50253
50255
50708
46160
46193
46616
46161
46162
46161
46161
50718
50707
50247
50193
50193
50268
50268
50718
46647
46647
46190
46221
46221
46161
46160
46106
50737
50737
50257
50241
50244
50247
46156
46167
46190
46109
46160
50257
50240
50247
50216
50212
50268
46106
46166
46168
46168
46184
46109
46109
50736
50257
50258
50736
50241
50216
50212
50212
50216
50268
46109
46168
46168
46183
46157
46103
46103
50240
50240
50246
50213
50216
46155
46149
46111
50244
50735
50215
50213
50213
50213
46105
46150
46149
46149
46149
46150
46105
46108
46108
50239
50187
50242
50709
50212
50216
50218
50247
46149
46157
46108
46108
50217
50215
50213
50211
50213
50215
50707
46108
46153
46146
46150
46156
46107
50246
50242
50240
50239
50238
50213
50215
46112
46209
46194
46645
46148
46150
46155
46112
50238
50185
50295
50215
50301
50301
50211
50211
50217
46096
46209
46112
46112
50237
50188
50301
50300
46148
46147
46145
46145
46218
50245
50187
51262
50710
50300
50300
50301
50301
50289
46206
46206
46148
46097
46206
46218
46218
46218
50182
50182
50290
50732
50732
50301
50300
50284
46205
46093
46093
46092
46147
46629
46085
46085
46085
50184
50183
50949
50938
50290
50732
50301
46216
46209
46219
46219
50182
50954
50961
50938
50897
50731
50289
46092
46091
46098
46085
46195
46195
46085
50188
50898
50731
50731
50192
50291
46859
47173
47174
47173
46093
46201
46635
50949
50936
51258
50731
50931
50732
46848
46091
46631
46636
50948
50962
50932
51276
50732
50931
46903
47172
46859
47171
46631
46635
46636
46638
46634
51262
50957
50950
51259
50931
50931
50931
51259
50732
50290
46858
46853
46876
47171
46634
46636
50948
50936
51259
51261
46872
46864
46100
46101
46635
46637
50936
51276
50931
51259
50292
46100
46867
46866
46860
46852
46636
47167
47166
46638
50950
50956
50969
50965
50990
50931
51276
50713
50937
50962
46876
46878
46858
46203
46839
46839
47166
47167
50953
50965
50964
50990
51000
50998
50998
50998
50931
50931
47168
46842
46898
46896
46855
46893
46876
46867
46872
47167
50950
50990
50992
50992
51000
50998
50998
51002
50960
46857
47081
46860
46896
46623
50965
50967
51171
51171
50952
50964
50990
51280
50996
50959
46878
46878
46856
46872
47170
47170
46884
47170
47166
47167
51172
50987
50989
50999
50998
50979
46902
46900
46895
46894
47081
47033
46839
46881
50952
51122
50952
50963
50999
51000
50981
50963
50960
46877
46868
46914
46881
51171
50964
50989
51281
50999
50999
50999
51280
46895
46880
46987
47038
47082
46875
46894
46897
47188
46882
50951
51104
51172
51125
50991
51001
50997
50997
51001
51001
47191
46899
46894
47034
47033
46877
46895
46881
46882
47177
46914
51228
51109
50989
51001
50997
50997
50980
50963
46906
46895
47034
46889
46884
50964
51169
50989
51281
50997
51281
50980
50963
46882
46985
47082
46875
46869
47178
46913
51039
51127
51228
51077
51168
51248
46882
47019
47035
46948
47115
47034
46862
46899
47191
46905
46883
46904
46904
51105
51011
51204
51112
51296
51251
51251
51248
51247
51202
47023
47138
47082
46988
46985
46913
51077
51039
51038
51125
51224
51272
51202
51203
51167
50963
51168
46911
46873
46987
47118
47023
47191
47111
51167
51168
51169
51228
51223
51111
51167
51230
51248
51182
47191
47114
47013
46927
47115
47080
47019
46873
46904
47111
46904
51126
51039
51296
51251
51272
51291
46907
46948
47013
47034
47189
46904
46904
51190
51167
51111
51071
51227
51115
51038
51307
51021
51229
51190
51249
51251
51248
51178
51178
51184
46909
47021
47019
47031
47137
46938
46933
46981
47021
46890
46907
47111
47111
51101
51250
51275
51199
51176
47111
46907
47023
46948
47237
47138
47032
47023
47111
47111
47111
51190
51189
51229
51254
51021
51014
52130
51306
51038
51071
51107
51295
51178
51199
51176
51183
47206
47022
46969
48050
47020
47156
47156
47156
51072
51031
51011
51089
51249
51186
51183
51199
51199
51183
47032
47025
47875
47931
47009
47137
47024
47022
46907
47156
47156
51191
51217
51101
51994
52024
51100
51021
51216
51177
51177
47976
47971
46915
47020
47159
47206
47158
47181
51189
51073
52430
51994
51107
51240
51166
47156
47158
47140
47024
47020
47134
47027
47755
48115
46943
47025
46984
47181
51056
51307
51039
51072
51186
51290
51166
51166
51213
47183
47158
46943
47869
47536
48115
46969
47017
47158
47181
51219
51094
51120
51050
51881
52451
52451
51990
51115
51090
51193
51194
51166
51166
51166
48418
47536
47536
48115
47743
48180
46966
46983
47160
47182
47181
47181
47181
47181
46941
51890
52429
51011
51209
51074
51096
51192
51164
51095
51066
51120
51053
51030
47205
47159
47018
46931
48054
47447
48358
48358
48358
47536
48462
47869
47737
48400
46943
46941
46931
46982
47018
47017
47205
47183
47181
51890
51635
51672
52451
52126
52126
51705
52138
52130
51286
51166
51166
51166
51166
51161
51186
51193
51220
51086
51058
48106
48115
48418
47700
47008
47181
47181
47133
47026
47344
48077
51324
52001
52138
51972
52455
51304
51213
51193
51092
51194
51166
51164
51193
51050
51890
47185
47160
46999
47000
46983
46984
46930
47757
47714
47807
47807
47807
47412
47234
47029
46946
46928
46984
46999
47154
47154
47154
52126
52278
51017
51100
51063
51097
51158
51162
51166
51166
51164
51156
51081
51095
51087
51045
51058
51320
51831
51994
47183
48395
47446
47807
47916
47776
47807
47807
47807
47716
47536
47700
47927
46983
47000
47205
47184
47154
47154
51971
51971
51971
52126
52427
51157
51161
51162
51095
51062
51050
51324
51154
51050
51324
51323
51830
51971
47222
47807
47807
47807
47807
47807
47608
48115
47712
46941
47030
46928
46999
47183
47154
47154
47154
47154
51971
51971
51971
51971
52130
51095
51137
51166
51166
51161
51831
51890
51971
47184
47151
47127
47137
47943
47302
47536
47807
47807
48115
48418
47700
47234
46983
47184
51971
51972
52138
52430
51306
51007
51086
51154
51135
51137
51161
51162
51162
51162
51157
51135
51082
51086
51047
47150
47001
47807
47807
48358
47472
47222
46946
47004
47099
47151
47150
47183
47154
47154
51323
51890
51890
52386
52386
51971
51971
51971
52005
51991
51058
51145
51162
51166
51166
51162
51157
51088
51134
51830
51971
51971
51661
51304
51064
47323
47536
47807
47916
47807
47807
47608
47472
48115
47759
46929
47127
47155
47154
47154
47154
51084
51284
51132
51132
51097
51064
51087
51053
51831
51890
47150
47002
52386
51971
51971
51971
52455
52429
51133
47030
47925
47807
47807
47807
47807
47807
47608
48358
48115
47030
46928
46999
47155
51135
51162
51162
51147
51324
51890
51890
47007
47711
47807
47807
47536
47711
47927
47222
47003
47007
47151
52386
52386
51058
51084
51129
51084
51088
51087
51047
51053
51049
51830
51831
47155
47016
51829
51971
51705
52455
52130
51304
48167
47344
48054
47807
47807
47807
47807
48115
47203
47155
47154
47154
51129
51162
51830
52386
51971
47149
47203
47807
47807
49111
38330
27231
27980
27304
45531
45695
7521
7407
12919
12919
7475
12912
12912
36210
36105
36173
35582
36347
36381
36030
36043
36208
36209
35650
36208
35720
36173
36208
36347
36110
36329
36347
36043
36173
36226
36210
36210
36210
36097
35610
44741
38258
28153
42247
38854
39056
39026
38687
39084
38709
39026
38708
38853
39086
39032
27267
34091
48496
48496
44664
44664
55
358
358
358
44390
55
55
44852
44390
358
55
50908
47170
46623
47115
24320
4404
6133
6236
6212
6134
6184
6190
5941
6196
4428
5711
6193
6186
3790
4396
4434
16413
14710
14710
14710
6763
7273
7414
7414
7272
7414
7291
16412
6117
4371
12999
10259
10343
4371
34606
34614
26180
25417
25417
26180
25471
25417
24740
26182
24470
25471
26180
25422
25471
1983
1983
25422
26016
25846
42239
42239
42305
37362
37778
42385
42385
42389
42389
42248
42471
42354
42408
42233
42213
42210
42233
42471
42483
42483
42210
38028
42210
42351
38031
42320
33872
33424
33406
34091
33570
42463
29941
29941
32189
32189
32189
32189
28685
28819
29263
29263
29024
28767
29216
27971
30088
30131
30131
30131
29905
29905
29905
30242
29960
29263
29263
29263
28055
27631
30131
30131
31190
29967
32189
29216
29263
28958
29890
29960
29890
29890
28812
28089
45280
45285
45286
45280
45280
49642
49645
45531
45556
45564
45976
45636
358
45636
45550
45550
44905
49851
49945
45636
45695
45545
45636
45636
45896
49642
49763
48497
48497
45636
49645
49658
45531
48497
45905
47155
47152
46995
48165
47536
47807
47608
47807
47869
47807
46963
47305
47145
47152
47142
47154
47281
47154
47142
46968
47748
47302
47005
47003
47101
47145
47067
47128
47311
47065
46963
47926
47807
47536
48154
47062
47807
47119
46997
47486
47536
48115
47536
47486
48358
47807
47807
48358
51288
51158
51284
51049
51054
51320
51320
51087
51134
52451
51806
51781
51971
51971
51971
51971
51971
51971
52138
51082
51146
51134
51129
52001
51971
51971
51829
51890
51323
51781
52005
51971
51971
51132
51084
52005
51054
51187
51971
51962
51049
51083
51145
51058
51829
51159
51286
51047
52453
51052
51132
51162
51133
51790
51129
51319
51145
51054
51673
51324
51162
51785
51049
52138
51659
51806
51136
51324
51129
51158
51284
51136
51083
48672
49306
49044
48616
49228
49225
35655
