7068
7068
13549
13549
7068
7090
7090
6903
7563
7674
7563
7672
7090
7090
13739
23919
13739
17614
23919
17614
24063
17614
24063
17614
17614
17614
23919
23919
7455
7455
17614
7455
7455
7455
23919
23919
23249
23249
23919
7672
5070
5070
14913
5070
7455
5070
14913
13966
13966
7699
5070
7699
7674
7699
9745
7699
7699
7845
7699
7712
7712
9745
9745
9745
9745
9745
8049
8049
8049
9745
7712
7712
7712
7721
7712
12963
7712
11655
11655
8049
8049
7712
7738
7130
14904
14904
14904
8331
7130
5191
7730
7730
7734
7730
13659
9760
13659
12021
11955
25249
6903
25249
17037
25249
13549
23249
12021
13659
11955
11853
9760
6627
11810
6514
9745
11853
6514
12021
12021
6458
12395
13509
13029
13509
12395
11683
11683
19030
17858
17810
24063
19090
19090
15588
17947
19030
15588
24063
23919
24063
24063
23919
23919
24063
23472
23472
17810
17614
15588
17614
17633
15588
15588
19698
18023
19698
19698
19698
15317
17633
17633
19698
17992
18588
15392
18098
17633
18023
18023
24145
18567
18567
18567
18567
17614
17614
17614
17614
25264
17614
17614
17614
25264
25264
7455
7362
7362
15050
7362
7362
15050
15050
15050
15050
15050
17614
17540
17540
19658
15392
17583
19658
17583
15392
17947
18031
17924
15132
17858
15132
17037
19711
19711
25249
17037
17353
17353
13659
18795
18795
18795
22136
22576
15132
19941
15132
19941
15132
18217
18217
18217
15132
18217
15132
22136
22136
18217
17876
17876
17947
17898
18234
17947
18004
17898
17898
24154
18004
18004
17898
17898
17898
17898
17898
17898
17898
24145
25073
25073
15402
18516
25073
25073
17920
18694
24154
24154
18188
17907
24154
24154
24154
17920
21618
20967
18669
18669
18694
18516
15794
18423
15795
21192
4728
17387
4728
20987
18516
18498
18411
18516
20750
21050
20851
21050
20853
20853
21192
15854
8382
7806
5106
5070
8382
8382
8403
7806
7804
7913
7804
7859
7859
7806
7859
7806
8415
4141
4243
7859
7859
7510
7510
7482
18075
18075
7510
17583
7482
17664
7909
4243
4243
7909
4236
4243
4236
4236
8415
4254
4182
4182
4225
4263
4181
4066
4228
9478
7806
4280
9478
5648
7806
7806
5648
7806
4796
4796
5648
9476
7362
7913
5106
5106
5106
5070
5070
5070
8313
8226
8331
8238
4660
8226
8510
8510
7734
7734
7171
10845
11437
7171
10845
7171
7171
10670
10628
10869
10869
10806
10986
11011
10672
10986
10986
10986
10672
7193
10628
10672
11043
4660
4660
4796
4103
4796
4795
4047
4124
4124
4647
4647
5576
4047
4103
4050
4280
4215
4280
4132
5191
5191
16486
21985
21899
21899
16486
22801
16486
16486
16625
16486
17907
17898
21899
18217
21899
18217
17907
16486
18188
18188
15233
15892
15233
15892
25129
18181
18642
25129
24154
18642
18642
18681
25129
19870
18124
18124
18124
24202
15883
19838
16625
24352
16625
19838
22801
22576
16838
7721
7721
8003
8003
8096
8096
12963
8096
6458
12963
6458
11629
8096
7926
11629
7949
7926
13717
13717
9712
9689
13620
13620
13717
13029
13679
14960
14960
8497
8458
8458
7292
7292
8497
5681
5681
8096
8003
12963
12963
8003
8475
8458
25400
25400
25400
25400
7260
25400
5469
5469
25400
5477
7171
5462
11156
5477
5469
5477
5477
5477
5470
5470
7289
5470
5470
5470
5595
7289
7292
5633
5595
5599
5633
5633
7016
7016
7008
7008
7016
7008
5498
7008
7247
7247
7247
5499
7247
5507
7257
5507
7234
7212
7234
7234
5507
5498
7212
5507
5507
5507
5507
5508
5507
5507
7257
7257
5496
7108
5496
7257
7257
7257
7247
7247
7247
4862
25390
4862
4862
4862
25390
25390
17439
25390
25390
7008
5498
7212
5470
5515
7253
7253
5477
7270
7227
7270
7016
7016
7270
7016
7270
7270
7270
7282
17226
17226
17226
7282
7282
7014
7014
7282
7282
7014
7016
7016
7014
7016
7270
7227
17219
17226
17219
7227
17219
17219
17226
7227
7014
5599
5599
9689
9712
5602
13383
13383
14052
24027
7282
14052
14052
24027
15808
14052
13620
23589
23589
10899
10899
10899
10899
10899
11332
11332
10892
10892
10892
10892
10899
7193
10892
10986
10986
10911
10670
10874
10874
10911
10918
10874
10663
10663
10670
10874
10874
10874
10874
6096
10918
10918
10874
10918
10918
10874
10670
10635
11299
11298
11299
11299
11298
11299
10635
11299
11299
4908
4908
6096
6096
11332
10918
10755
10918
4908
11292
10755
11226
11226
6075
11226
10594
6075
6075
10755
4908
10755
11255
4908
5462
11509
11226
10869
11332
11332
5663
5663
5579
5579
7327
5574
5580
7196
5574
5574
5569
5566
5568
5574
7196
10899
7196
5571
4648
5566
4648
11332
10899
7328
7328
7327
5567
7327
5518
5521
7297
11266
11266
5567
5568
5568
10899
2077
3136
3136
2077
2077
2077
2234
2077
3136
3136
3941
2977
2977
3136
3941
2977
2234
2234
2217
2235
2217
2236
2852
2852
2851
2852
2851
2217
2851
2236
2235
2852
2217
2217
2217
2234
2235
3941
3941
2235
2977
2977
3939
2917
1858
1858
1858
2236
2236
2977
2977
3272
3272
3136
3276
3276
3272
3276
3907
3907
2913
3907
3885
3906
3905
3885
3905
3685
3907
3906
3907
3281
2913
3272
3294
3294
2917
3276
3136
3272
3202
3202
3276
3886
3886
2217
2077
2217
2134
2134
2134
2151
1972
2077
1983
1983
1984
2170
2174
2151
2170
1984
26183
2092
2245
2009
2862
1984
2862
1984
2954
3946
1972
3946
1972
25812
25812
1899
1899
1899
1899
3946
3946
2958
2958
2958
2958
2245
2217
2831
2259
2831
2830
2830
2217
2852
2830
2829
2259
2829
2828
2828
2231
2273
2270
2273
2954
2954
2954
2954
2954
3947
1985
2954
3947
2954
3044
2950
2950
2616
2616
2616
2616
2616
2978
2950
2950
3044
2616
2978
2978
2978
2616
3950
3950
3950
3672
2978
3672
2616
25927
25924
2812
25831
25854
25930
25951
2812
25924
25754
25750
25754
25754
25754
25754
25812
25754
25812
25754
25754
1985
3044
3044
3044
3044
35471
3037
35471
3044
3044
3672
35471
35471
3036
3032
3036
3032
2954
3037
35436
3043
35436
3917
3917
3036
2954
2954
2954
3946
3032
26125
2797
2231
26156
26125
26129
25863
26125
2712
2712
26124
2712
26124
2727
2618
2783
26136
2619
26134
2805
2805
26135
2805
1968
2203
1968
2203
1968
1968
26135
2209
2199
2619
26135
26135
25762
26136
26136
2619
2804
2783
2704
2804
2804
2198
2198
25757
26134
25756
26132
25802
26132
25802
25757
25757
25523
25523
25757
25550
25546
25524
25756
25524
25538
25538
25802
2704
2704
2704
2704
2682
2705
2752
2752
2682
2694
2758
2758
2694
2694
1227
2776
1175
2787
2668
2740
2768
2776
2742
1266
2740
2776
2665
2651
2665
2642
2714
2651
2705
25863
25716
25802
25716
25716
26129
25716
25869
26161
25716
26169
26169
26073
26073
25869
26161
26156
26156
25869
26161
26156
2231
25536
25536
26073
25538
26073
25975
25975
26069
26069
26069
26069
26085
25975
26085
25537
25537
25537
26261
25537
25975
25537
2795
2795
2651
2226
2222
2222
2852
2665
2732
2748
1862
1863
2748
1266
910
1266
1266
2748
1235
1247
1235
924
920
933
924
920
976
1862
1862
1858
2917
1141
1141
2226
2231
2231
2231
2231
2226
2828
2231
2231
26156
2845
26156
1216
33
33
1198
1216
1241
1193
1189
1269
1249
1231
1189
1267
1053
1188
1333
1053
1188
1333
1183
1183
1221
1221
1231
1229
1227
1175
1184
1333
1229
1333
1055
1053
1055
1055
1333
1333
1325
1333
1333
1325
1267
1050
1039
1050
1039
254
254
337
337
1039
248
337
415
415
299
299
332
332
1051
1051
300
44826
44965
44828
976
976
1198
976
924
920
938
1146
1785
1785
1785
1785
1345
1146
1413
1141
1566
970
1074
1028
1032
1037
53
1072
64
1072
970
1410
1079
1772
1241
1231
30
248
244
241
244
241
261
44759
244
261
259
44759
44759
44759
44788
44776
259
44786
259
261
261
248
44929
44932
261
44788
44788
44776
45087
44776
44988
45085
44776
44759
341
402
402
1037
67
341
341
341
341
341
67
147
248
251
251
261
251
262
251
44932
44932
44929
44932
45205
44933
262
44824
44933
262
262
251
262
262
1039
338
44990
145
145
45087
45085
44673
44734
45085
45085
44673
45087
45085
44847
45085
44847
44847
44928
44722
44722
44928
44849
44722
44722
44724
44724
44676
44676
44849
44850
44928
44928
45085
45076
44673
44673
44734
44666
45076
45076
44716
44716
45076
45076
44724
44724
44724
44724
44724
44720
45087
45087
44776
145
44775
44775
44775
44775
156
147
156
145
145
156
145
155
156
156
44831
44837
44837
44831
44837
45071
44833
45072
224
224
45072
45072
45072
45071
45072
45072
45072
45045
45421
44671
44671
44671
44671
44703
45412
44667
44734
44667
44666
44666
224
44679
128
44679
44679
44679
44679
44679
128
128
128
128
44806
128
224
865
224
865
865
865
224
44833
155
155
155
224
155
865
224
224
155
155
155
224
865
224
865
224
865
865
865
25941
25833
25833
25851
25854
25810
25810
25833
25853
25852
25853
25852
26080
25727
25821
25821
26163
26162
26163
25728
26163
25729
25728
26163
25481
2023
25478
2023
2012
26164
26164
25821
25851
26181
26182
25727
25661
25661
25808
25662
25661
25808
25844
25661
25664
25521
25669
25669
25671
25675
25727
25675
26084
26119
26084
26188
26188
25844
25844
25844
25844
26188
26188
26196
26188
26196
26191
26191
2334
1878
2333
2334
2339
25936
25951
2870
25733
25733
26111
26111
26111
26111
26106
26106
25513
26106
25513
26111
25733
26111
26052
26052
25513
25453
26245
25446
25453
25453
26298
26245
26249
26239
25453
26249
25451
26116
25451
26108
26108
25671
26107
25671
25671
25521
26112
25671
25675
25446
25675
26112
26107
26112
26108
26107
26108
26112
26106
25521
26108
26563
26563
26151
26041
26252
26041
26252
26415
26416
26416
26300
26416
26431
26300
26287
26287
26408
26286
26358
26356
26408
26358
26356
26358
26351
26286
26522
26286
26511
26431
26511
26511
26510
26510
26510
26431
26328
26575
26575
26287
26524
26298
26298
26328
26245
26328
26245
26407
26407
26405
26405
26252
26403
26403
26357
26551
26551
26245
25454
26531
25455
26098
25454
25463
26098
25463
25463
25462
25463
25462
25463
25689
25463
25689
25463
25463
25463
25463
26098
26098
25462
26087
26098
26087
25455
26531
26532
26531
26532
25459
25459
26531
26531
26334
26334
26334
26087
26098
26087
26087
25459
25459
26087
26087
26087
25459
26261
25459
26098
26098
26098
26087
25463
26087
26069
26087
26087
26069
26067
26067
26067
26067
26067
26067
26067
26087
25463
26067
26067
26067
26067
26067
26169
26169
26169
26169
26161
26161
25869
26156
26169
26169
26169
26169
26169
26067
26161
25713
25713
26067
26067
26069
26085
26085
25459
25459
26261
26261
26454
26261
26261
26481
26261
26261
26454
26481
26481
26481
26481
26584
26566
26325
26378
25539
25539
26378
26378
26481
25537
25537
27905
28653
29411
27905
27905
27786
27786
28653
27786
27786
29172
28534
29159
29159
27786
27909
27909
27905
27905
27678
27678
27905
27494
27909
27909
27909
28097
27909
27786
27909
27678
27678
27989
28451
31777
29093
31777
28451
31915
31779
31915
31915
28216
31797
31777
31779
31735
28501
28501
31742
27989
27995
27909
29093
29093
29093
28534
28216
30650
30770
28216
28616
28216
28616
29411
28028
28028
28769
28028
28769
28769
29648
29411
28769
28769
28769
29815
29815
29867
29867
29784
29867
29229
29229
28769
27705
28304
27705
29229
28769
28769
29515
29815
29649
29648
29721
29721
29649
29532
29721
29867
29867
29867
29411
29353
28705
29426
29354
29052
29532
29426
28721
27966
28705
27705
27705
28645
30577
30580
30617
30577
31016
30988
30617
31050
31050
31016
31074
28304
30617
28304
30988
31050
30577
30866
31043
31050
30866
30901
28645
28645
28304
28312
28304
28289
28616
27905
27905
29063
27685
27169
27169
27685
27149
27149
27170
27170
27170
27170
27184
27193
27184
27184
27184
27418
27648
27648
27184
27170
27177
27193
27623
27623
27648
27623
27623
27176
27169
27169
27247
27255
27255
27255
27247
27255
27176
27176
27177
27177
27147
27147
27147
27623
27641
27147
27623
27147
27524
27641
27641
27641
29063
29061
29269
29269
28705
28705
28923
29052
28700
29269
29029
28923
28700
29052
29269
27524
27524
27524
29264
29029
28705
28700
28700
28879
29077
29045
29052
29045
29045
29045
29045
28696
29041
28696
29075
28879
27860
28822
27914
28831
29235
28816
28816
28816
28831
27833
29235
28356
29235
28879
27833
27833
29075
27833
29041
29041
27833
29041
28988
29041
29041
29041
29041
29041
29530
29560
29560
29560
29649
29515
29354
29532
29354
29532
29649
29932
29932
29932
29932
29932
29932
29932
29649
29515
29515
29552
29784
29932
29709
29864
29784
29515
29864
29552
29552
29515
27860
29264
28905
27538
27524
29276
27538
28586
27999
27906
28586
27999
27999
28080
27711
27981
27981
27906
28080
28151
27995
27995
28001
28001
28001
28431
34122
28431
27154
27122
27122
27121
27121
27154
27264
27227
27227
27154
27264
27264
27121
27121
27122
27267
27264
27264
27267
27143
27143
27143
27623
31797
31753
31753
31797
32095
32095
32095
32095
32095
32095
32095
32143
32095
31915
31915
32143
31915
31915
31915
32143
33029
32143
31864
32895
32269
33029
32895
33029
33029
33029
32143
32095
32269
31864
31864
33029
33195
33195
33029
33195
32985
32234
32234
32423
32423
32234
32153
32371
32423
32659
32659
32371
32659
32234
31393
32153
32153
32423
32423
32435
32423
32673
32673
32659
32659
32435
32701
32435
32106
31753
31753
31753
32106
31999
32895
32269
32895
31999
32895
31999
32895
32852
32852
32852
33029
33029
33029
32852
33348
28241
32852
28241
31999
28241
32852
28241
32852
32881
32003
31797
32003
31797
30866
31797
30866
30866
32106
32269
32106
32106
32435
32435
32325
32435
32062
32435
32106
32062
32062
32709
32062
31393
32062
31797
31797
28312
28289
28731
28312
30615
28731
30615
28241
28667
27830
28667
27830
27830
27830
27830
27830
28816
28816
28816
27830
34039
27833
28988
28312
34039
34039
34039
28667
32881
30866
31019
31019
31019
31019
31022
31019
31393
31393
31181
31627
31474
31627
31019
31393
31181
31627
31627
31181
31022
31022
31099
31603
31393
31043
31474
31043
31203
31050
31474
31203
31099
31099
30988
31074
31074
30617
28312
28980
28769
28980
28980
34299
34299
34299
34299
34299
34299
34847
34847
34847
34299
34847
34299
34305
34325
34439
34325
34449
34439
34449
34311
34632
34632
34632
34449
34774
34989
34774
34439
34439
34356
34155
34155
34152
34449
34886
34449
34886
34356
34075
34192
34192
28816
28431
34192
34093
34192
34095
34989
34989
34989
34989
34989
34774
34989
34989
34989
34989
34774
34847
34989
34774
34774
34847
34847
34989
34989
34886
34886
34449
34449
34356
34356
32859
32859
32881
32963
32859
32859
32895
34037
34037
32859
34081
34192
34081
27995
33088
33082
33088
27995
33088
33088
33088
32859
33218
32859
32859
32859
34081
27995
27995
27995
28097
28080
27909
28151
28097
32859
32859
33222
33270
33322
33135
33795
33966
33795
33974
33490
33490
33966
33974
33974
33966
33135
33135
33490
33817
33490
33817
33490
33490
33490
33490
33490
33490
33795
33795
33490
33322
33322
33322
33222
33366
33366
33170
33322
33322
33147
33170
33218
33241
33135
33195
33872
33872
33147
33974
33974
33195
33147
33348
33147
21192
21192
21192
21092
20844
21080
21073
15874
21167
21073
21092
21092
21073
21073
21073
21073
16307
16307
21080
16307
21080
16307
15874
21080
21092
16307
15119
15119
15119
21479
21480
21479
21480
21480
21480
21407
21479
21479
21055
21055
15874
21099
21099
21099
21055
21099
21269
21099
21269
20851
20844
20844
20851
20851
21167
21192
21167
21192
21167
17387
17387
15874
15874
17387
21690
21337
21026
20923
21407
21380
16286
21407
21407
21443
21380
21380
16286
15673
15673
15688
15688
17497
17497
17444
15726
17485
15729
15673
15688
25394
15688
17514
21451
15730
21451
21451
20936
20936
15748
15748
15748
20936
20923
20923
20923
21269
20851
20887
20887
20887
20923
25394
21026
18669
18669
25394
17390
15791
15790
17514
17515
15783
15730
15734
15731
15719
15719
15719
15736
15737
15767
17523
17513
15767
17523
15773
17513
15737
15712
17223
15712
15712
15712
17445
15712
15712
15712
15711
17444
15723
15726
15711
15785
15785
15775
15785
15775
15791
15775
15785
15791
15777
15762
15762
15769
15787
4716
4715
4716
4354
4717
15777
4718
15765
4356
4358
4718
4356
4356
4356
4440
4440
3563
4441
4441
4354
3563
4435
4435
4351
15701
4718
15701
15765
15701
15699
15701
15699
5487
5487
5488
5490
15699
15701
7097
4359
4359
4162
4162
4162
4162
4359
7097
4162
7111
4093
4625
4730
4730
4773
4773
4351
4434
4441
4390
3566
3571
3547
3546
3555
3540
3541
2902
2904
2904
4464
3661
4604
4500
3565
3560
3556
3556
4436
4407
4575
4510
4575
18411
4409
18411
4478
4370
4370
4498
4498
4498
4520
4479
4479
4479
4479
19660
18492
18492
18498
18492
15854
18588
17992
17992
17990
17990
676
464
464
461
766
676
766
766
766
766
676
690
728
690
690
682
765
728
728
682
48923
48923
690
48782
690
48782
48782
48891
48891
727
842
765
842
48784
760
48784
48784
766
1464
765
1464
765
1475
1640
1622
1693
690
676
690
676
669
669
672
672
493
829
672
672
769
493
453
493
453
687
687
687
687
687
690
48891
690
48891
48891
48891
48890
49163
48890
48888
48888
48745
48888
48745
48886
461
1459
1499
1462
1463
1463
1530
37
470
1121
1082
53
398
40
67
398
870
870
67
227
828
453
496
828
496
453
1410
1393
1398
1349
1345
1499
1497
1400
1400
1622
1629
1671
1659
1349
1349
1345
1356
1566
1356
1349
1659
1659
1353
1671
3798
3900
3770
3768
3768
3902
3900
3902
3904
3685
3851
3685
3685
3685
3721
3707
3788
3788
3721
2922
2922
3294
2921
1335
3804
1356
2917
2921
3721
3721
3824
3798
3824
3721
3796
3707
3851
3725
3761
3761
3725
3842
3794
3842
3794
3808
3811
3811
3750
3782
3760
3782
3782
3782
3782
3782
3760
3833
35748
35757
35749
3904
3904
3904
3904
3904
3900
3904
3900
3332
35780
3128
3332
3332
3332
3883
3883
3904
3128
3128
3332
3329
35780
3900
35780
35780
3114
35780
35493
35493
35493
3905
3905
3884
3885
3885
3885
35780
35780
35780
35493
35493
35785
35785
35785
35487
35749
49044
48984
767
49044
49043
49043
48733
49043
48631
49043
49034
48806
48733
48898
48733
48733
48733
48984
574
48734
667
667
574
667
667
48717
574
574
575
575
576
48984
48734
48734
48717
48717
48745
48898
48886
48886
48886
48807
49163
49163
49163
48893
48886
48807
48806
48806
48680
48806
48680
49034
49034
49034
48806
49034
48678
48674
48674
48674
48674
48632
48632
48632
48632
48692
48692
48658
48692
48658
48631
48631
48631
48631
48674
48651
48654
48674
48678
48651
48654
48654
48670
48654
48651
48658
48678
48678
48678
48678
48670
48678
48686
48678
48670
48686
48670
48670
48678
48680
48680
48686
48680
49036
48794
767
767
48794
48692
49029
49033
48661
49030
49033
865
48638
49030
865
49029
49033
48661
49033
49030
865
767
865
865
48638
48638
767
865
767
767
587
767
587
865
865
865
865
865
865
865
224
865
224
224
224
865
865
865
865
865
865
587
587
865
865
865
865
865
865
865
865
865
128
128
128
865
587
587
587
587
587
575
561
504
49114
49114
504
128
128
504
128
49114
49114
49114
504
48688
504
48646
48688
48842
48699
48646
48646
48699
48699
48699
49051
49051
49051
49051
49051
48646
49016
49395
49051
49016
48645
48637
48637
49617
48645
49617
49617
49618
49618
48842
48646
48842
48842
48842
48842
49051
48850
504
620
128
128
620
620
620
620
48638
48644
48638
620
48666
48644
48666
48644
48644
48637
49001
49380
620
128
504
44875
44875
44875
44875
44875
44875
45156
128
128
128
45156
45156
45156
44892
45156
44876
48840
48842
44876
48840
45156
45156
49153
49153
44892
44892
865
48842
48850
48850
48850
49087
49087
49123
49087
49087
49066
49066
49087
49087
49087
49066
48716
49303
48962
49303
49303
49303
49303
49303
49123
48962
49123
49127
49087
48850
48850
49087
48850
48850
48850
48850
49151
49087
48941
15841
15806
15709
15841
17427
15709
17427
15709
15711
17439
15709
17226
15810
17226
15808
17226
17226
15808
15810
17466
15808
17219
17439
17449
17449
17449
17449
15723
17427
15681
15726
15681
15681
15681
15681
15681
15681
15726
17477
17477
17451
15806
17480
15680
17451
35554
35565
35430
35554
35455
35457
35548
35548
35478
3384
35378
35378
35378
35378
35806
35475
35475
35378
35436
35471
35436
35436
35806
35806
35475
35457
35565
35457
35806
35476
35477
3384
35569
35569
3869
3869
3869
4326
3950
2807
2807
2870
2870
26140
4326
2870
4013
4267
4326
4318
3950
3869
4318
4318
4318
4603
4319
4603
35575
3393
35551
35551
35812
35560
35470
35468
35815
35470
35771
35369
35817
35771
3656
35435
35470
35435
35470
35812
35560
35812
3391
3656
35691
35691
35329
35329
35322
35322
35801
35801
35329
35801
35801
35785
35801
35785
35785
35337
3114
35337
3114
35793
35793
3105
35336
35336
3114
3114
35801
35329
35329
35329
35801
35801
35801
35332
35332
35487
35596
35340
35487
35322
35596
35329
35329
35329
35329
35329
35329
35691
35694
35694
35329
35691
35691
35691
35691
35691
35297
35297
35691
35297
35694
35329
35694
35326
35796
35314
35314
35796
36166
35691
36166
35691
36166
36166
36166
36166
36166
35888
35888
35164
35937
35937
35161
35164
35596
35161
35596
35161
35147
35617
35147
35148
36166
35596
35888
35949
35888
36166
35949
35949
35949
35949
36107
36105
36107
35937
36107
36107
35617
36166
36166
36166
36166
36166
36166
36166
35949
35948
35951
35949
35948
35709
35709
35709
35709
35951
35108
35952
35915
35952
36166
35691
35709
35709
35691
35691
35720
35720
35070
35070
35079
35079
35076
35076
35076
35076
35873
35873
36058
36047
36047
36058
35930
36058
36058
36058
35869
35915
35869
35915
35952
35952
35720
35720
35918
35918
36042
36043
35918
36043
36043
35926
36079
36030
36030
36032
36047
36038
35856
36171
35854
36171
36171
36171
36161
36161
35669
35657
36174
35263
35854
35981
36030
36032
36099
36032
35982
35853
36099
36099
35308
35308
35669
35309
35777
35777
35669
35663
35725
35725
35725
35725
35075
35075
35295
35295
35294
35294
35735
35293
35294
35735
35735
35735
35735
35735
35735
35735
35772
35137
35359
35359
35771
35735
35365
35365
35365
35285
35735
35359
35359
35470
35359
35285
35293
35285
35285
35293
35300
35295
35351
35351
35353
35351
35291
35298
35298
35298
35298
35298
35313
35312
35313
35297
35720
35720
35297
35297
35297
35297
35313
35314
35313
35325
35325
35325
35325
38796
38796
37413
37413
38796
37410
37810
38796
37634
41425
37634
37634
38385
40305
40305
38716
38716
40497
40497
40513
40513
40236
40589
40236
40478
40269
37916
38385
41418
38716
41591
41591
41591
41591
41421
41421
41421
41421
40236
41421
41421
41627
41421
41421
40236
40602
40236
37634
38385
38385
38385
38385
37930
37971
37971
37971
38274
38274
38255
39076
38796
38796
37610
37410
37410
37613
41425
41425
38550
38550
37610
37712
38550
38550
41591
41358
41358
41591
41366
41418
41358
41358
41366
37828
37828
37828
37828
37828
37676
37775
37712
37775
37676
37712
38920
37828
38920
37828
37594
37594
36749
37143
36749
37410
37364
37594
37143
37594
37143
37810
39006
37364
37364
37364
38905
36784
36784
36784
38905
36792
36792
37145
36792
36793
36792
36793
36792
36816
36816
36792
36807
37270
36793
36792
36784
36784
36878
38687
38687
38905
38685
38685
37767
37393
38336
37145
38685
37145
37264
37767
39077
37957
39077
39261
38978
39089
38404
39274
38255
39410
38255
38255
38255
39410
39410
39410
39410
39274
39089
39274
38978
39274
39089
38978
39410
39410
39202
39202
39202
38336
38336
38685
38685
38738
41608
41627
41627
41627
41874
41781
41732
41874
41781
41781
42260
41858
41949
42260
42328
42328
42204
42260
42328
42328
42328
42328
42204
41949
42328
42328
41949
42204
42204
42204
42325
42204
42204
42362
42317
42362
42317
41858
41781
41781
41858
42047
41781
41715
41715
41715
41608
42260
42059
42059
42059
42059
42059
42059
41949
42059
42362
42059
41732
41732
41732
41732
41732
41874
41781
41732
41436
41436
42593
42593
41734
41734
41732
41800
41800
42602
41800
41348
42602
42602
41348
42593
42485
42602
42593
41366
41800
41740
41740
41366
41570
41732
41694
41694
41740
41694
41740
41694
42593
42593
42593
41436
42593
42619
41436
42619
42619
42739
42739
42739
42615
42615
42739
42819
42619
42739
41436
41436
41436
41627
42615
42615
42615
42615
37865
42615
43828
38415
43828
38415
37865
37865
37865
37865
41608
41608
41715
41627
37865
38464
37454
37865
37454
37454
38440
37454
38440
38433
38440
38433
43696
43696
44063
44063
43696
44063
43950
43696
43950
43950
44022
44510
44220
44220
43950
43950
43776
43935
43935
43776
37436
38440
37436
38440
37436
37491
37436
38455
38455
43828
44022
43820
44510
44510
44510
44366
44220
43828
43820
43976
43976
43820
43923
42739
37457
38464
37454
38611
38611
38979
38979
37936
37936
38464
37936
37936
37936
37936
37936
37930
37930
38355
38355
38355
37930
38853
39145
38979
39145
39661
39661
39145
38979
38979
39661
39661
39506
39267
39661
39145
38853
38979
39178
38979
38979
39178
38837
38837
37457
37457
38492
37457
38492
38503
38446
38446
37538
38455
37538
38837
38668
38503
38837
39178
39186
39178
39178
38520
38520
37979
38493
38493
38704
37540
38704
37466
37466
37468
42832
42832
43923
43923
42832
42832
42819
42786
44366
43989
42997
42916
43036
43036
43105
43036
43105
43105
42916
42916
42916
42937
44366
42916
42937
42916
42916
42954
43028
43989
43989
43989
43105
43028
43028
43143
43143
43143
43143
43028
43527
43143
43143
43105
43105
43105
43105
43105
43105
43105
43469
43105
43469
43469
43469
43143
43143
43143
43143
43143
43143
43143
43450
43181
42997
42997
43527
42997
43143
42864
42819
42819
42819
42819
42819
43527
43527
43527
42954
42619
42619
42641
42593
42641
42593
43716
43716
43716
43716
43816
37432
37517
43807
43773
43773
43776
38028
43929
43929
43923
43914
44366
44366
43923
44366
43929
43935
43935
37491
37432
37432
38455
38213
37432
37674
37432
38213
37623
38210
37335
37674
37676
37674
37676
37335
37775
37540
38900
36776
36776
37158
43656
42697
42697
43656
37676
37676
37775
38895
38895
38883
43656
42697
38550
42697
42712
42712
48361
47604
47604
47604
48361
47620
47649
47620
48088
47620
48088
48088
48547
47620
48547
47620
48536
48536
47522
47344
47344
47654
47348
47348
47344
47348
47081
47654
47348
47344
47049
47049
47081
47654
48588
47649
48588
47620
47654
47654
47654
47344
48059
47079
47079
48059
48539
48536
48552
48552
47403
48552
48552
47987
47474
47474
47987
47469
48203
48211
47441
47441
47442
48300
48248
47443
48588
48361
47729
47738
48025
47729
48025
47738
48025
48025
47654
47654
47729
48211
47522
47522
47522
47522
47522
47522
47826
48474
47826
47826
47857
48474
48474
48474
47826
48361
47857
47857
47857
47413
47413
47828
47828
47838
47838
47513
47413
47469
48203
47826
47654
47826
47826
47852
47852
47852
47852
52361
47823
52361
52361
47823
47823
51974
47809
48354
47853
47853
47868
51974
47363
47158
47158
47363
47853
47158
51741
47159
51741
51741
47868
47809
47868
48420
48400
48420
47962
48420
48420
47868
48400
48354
47868
47815
48016
47868
47815
48354
48354
48354
48354
48354
47852
48354
47973
52361
51741
47129
51332
51332
47129
51332
51741
47159
51332
47136
47136
47136
47130
47175
47176
47140
47176
47176
47175
47096
52361
47096
52361
47175
47175
47176
47175
47176
47362
47828
47828
47362
47933
47088
47088
47933
47107
47083
47107
47107
47360
47083
47360
47069
47828
47828
47973
47973
47973
47852
48029
47973
48029
48029
48426
48426
48494
48045
48467
48426
48045
48045
48045
48426
47866
47866
48467
48494
48494
48016
48494
48494
47973
48045
47973
47962
47962
47973
48073
48073
48073
48073
48073
48073
47348
48331
48331
48474
48579
47729
48579
51786
52319
51785
51786
51052
51320
51785
51052
51785
51056
51780
51811
51785
51780
51811
51056
51051
51051
51053
51086
51086
51086
51086
51087
51086
51320
51047
51326
51116
51116
51326
51326
51116
52071
52071
51117
51116
51024
51024
51028
51116
51120
51120
51925
51826
51925
51925
51925
51925
51925
51826
51781
51925
52358
52378
51826
51925
51925
51824
52104
52104
51909
51925
51909
51931
51931
51785
51931
51784
51320
51786
51891
51891
51796
51891
51796
51891
52142
51621
52142
51944
51944
51945
51945
52169
51944
51944
52169
52169
52169
51945
52169
51945
51361
51361
52505
51621
52319
51639
52319
51639
52505
51796
52211
51407
51361
52206
52206
52206
51309
51026
51035
51401
51417
51401
51417
51401
52263
52507
52507
52206
51041
51044
52206
51068
51068
51044
51044
51046
51068
51209
51152
51152
51062
51046
51047
51044
51150
51062
51047
51150
51047
51150
51047
51081
51084
51084
51081
51064
51064
51062
51155
51083
51155
51155
51320
52319
52319
52319
52319
51633
52319
51633
51633
51658
51974
51990
51784
52026
52026
51784
51909
51909
51909
51909
52104
52104
52537
52537
51939
51679
52452
51939
52452
51974
51990
51996
51996
51826
52352
52352
51826
52378
52378
51781
51826
52071
51028
51028
52357
52452
52452
51824
51016
51016
51207
51207
51306
51306
51633
51633
51612
51529
51633
51529
52494
52494
51529
52494
52494
51312
51007
51037
51007
51020
51312
52263
51633
51306
52494
51400
51400
52494
52497
51612
52505
51616
52505
52505
52505
52505
52510
52510
51616
52505
51616
51616
52169
52169
51525
51612
51612
51607
51612
51607
52026
51607
52026
51525
51666
52546
52546
51666
52169
52319
51639
51639
51306
51039
51306
51128
51128
51128
50968
50968
50947
50968
50947
50968
51204
51128
50968
51228
50970
51228
41627
41627
40602
40602
40549
40549
40782
40782
41156
41127
40984
41079
41079
41127
40984
40984
40984
40984
40984
40984
40984
40984
40984
40984
40984
40984
40984
41079
40984
41079
40984
40984
40984
41156
40984
41156
40984
40782
40602
40602
40478
40478
40602
40602
40556
41127
40643
40549
40549
40643
40602
41627
40343
40643
40343
40643
40589
40832
41156
40832
25547
25986
25990
25993
25558
25547
25505
26347
25562
26347
26285
26367
26365
26282
26367
26278
26278
26277
26374
26468
26343
26364
26475
26275
26273
26525
26296
26351
26491
26598
27020
26495
26495
26395
26218
25438
26558
26026
26029
25576
26024
25589
26026
25590
25570
25592
25574
26028
26398
26223
26223
26256
25616
25623
26390
26383
26368
26368
26369
26488
26488
26581
26476
26476
26581
26580
26580
26507
26526
26481
25993
26484
25993
25993
25993
25546
25566
25574
25566
25592
26010
25405
25772
25405
26010
25772
26010
25564
25564
25970
25981
25965
25558
25562
25965
25981
25970
25781
25556
25555
25412
25955
25550
25550
25955
25955
25799
25763
25766
25766
25766
25956
25766
2586
2586
25418
25956
25797
25799
25956
25412
25412
25418
25763
25805
25762
25550
902
902
573
605
630
902
48824
48827
630
48827
45064
49199
45064
45064
45064
45016
49193
45064
45064
45064
45064
45064
45064
630
45064
45235
630
630
630
630
630
630
45016
45016
45220
45220
45220
44903
44903
49175
48860
45016
45016
44903
44903
44905
44903
45016
45220
45220
45235
49193
49193
49193
49199
48827
48827
49199
49324
49333
49324
49333
49217
49217
49217
49224
49195
49333
49195
705
48902
49224
705
49224
703
703
818
707
605
49333
49193
49193
48823
48827
48824
605
48824
605
605
605
48827
902
902
902
902
902
44866
44866
630
44869
44869
44866
44869
44869
45375
630
45375
44866
44866
44869
44866
44866
176
176
573
573
1595
1168
1595
1467
1595
1467
1467
1799
1799
1799
1799
998
1303
1707
1011
1303
1303
958
958
953
953
998
998
1304
1304
958
952
1802
1011
1802
1707
1383
1383
1383
958
2207
2207
956
2206
1707
1799
1727
1727
1378
998
1467
1595
1024
1024
1168
1024
1024
1168
998
991
991
1295
1720
1720
1592
1592
1592
1719
648
1719
1420
1420
1719
1461
1719
648
648
848
848
573
1168
1168
1168
176
1166
1166
6
6
273
390
8
8
269
423
1043
423
423
269
269
269
268
273
277
267
390
277
1295
1139
1139
1295
1295
1139
1043
1043
1043
1295
176
275
275
45391
45391
45366
45366
45375
2303
2294
1841
1842
2303
2311
2303
2309
2313
2535
2535
2535
2535
2548
2313
2311
2548
2302
2548
2548
3605
2319
2319
3609
3609
3605
3584
3584
2302
2564
2318
2532
2552
2533
2533
25801
1959
25897
2537
25897
25899
2540
25879
2292
2292
2292
25879
25768
25768
1925
2528
2528
2471
2471
1813
1813
1813
1807
1813
1807
4011
1813
4011
4341
4341
3578
3561
4011
4341
4625
4625
3578
3578
3531
1807
3368
1807
3584
2503
2503
2503
4037
4625
4131
4625
4037
4131
4036
2502
2473
2473
2473
2473
2498
2498
1839
2489
2299
2507
2507
2298
2285
2285
1873
1873
1867
1867
25648
1874
1907
2298
1907
25648
1907
25648
26031
26042
25643
25646
26031
25643
1907
26052
25648
26042
1914
1914
2339
2486
2595
1838
1838
2488
2513
2508
2488
2497
4088
2508
4147
2497
2605
2497
4147
4160
4079
4201
4201
4201
4219
4219
4209
2333
1878
35180
35174
35179
35179
35591
35182
35614
35591
35187
35191
35622
35622
35179
35586
35586
35051
35051
3625
3625
3625
3625
2992
3007
2992
3007
35581
35581
3016
3016
1963
1963
1962
3633
35050
35050
3624
35051
35622
35410
35050
2996
35415
35592
35405
35592
35188
35390
35423
35179
35388
35429
35423
3638
2986
3645
35423
2986
35191
35282
35610
35907
35907
35907
35199
36179
35199
35593
35062
36181
35226
35212
35212
35843
36004
35593
35226
35637
35630
35213
35637
35213
36071
36094
36119
36119
35909
36634
36119
36634
36623
36517
36623
36634
36634
36121
36120
36071
36120
36121
36092
36116
36094
35967
35909
36071
35909
35969
35994
35994
35616
35616
36094
36021
35967
36099
35899
35899
35980
36015
35851
35920
35849
36022
36004
35847
36007
35847
35385
35385
35429
2982
35429
2982
35429
35759
3861
2982
3674
3674
3862
3262
3815
3674
3815
35752
3815
35380
35752
35748
35752
3675
3862
3675
35759
35380
35759
3862
3268
3249
3268
3249
3268
3250
1368
3258
3257
3258
1375
1375
1375
3262
3260
3260
1376
2986
1372
1376
3262
3262
2986
35381
35381
35381
35381
35147
35174
35147
35381
35147
35148
35148
35148
35148
35381
35427
35427
35340
35427
35147
35617
35147
36102
36102
36102
35147
35171
35171
3362
3353
3597
3597
3364
2906
3365
3368
3370
3372
3597
3597
35514
35503
35517
35392
35513
35510
35510
35398
35532
35398
35242
35401
35532
35533
35521
35521
3594
3594
3589
35392
35401
2965
35250
35243
35242
35207
2984
2984
35503
2970
2970
2984
3351
3347
3347
3347
3361
3372
3605
3592
3584
3605
3605
3605
3592
3621
3621
3609
3621
3590
3377
2552
3590
2905
2906
3358
3344
3541
2932
3929
3541
3929
2932
3047
3047
3398
3656
3397
35369
2933
35369
2969
3541
4496
2941
3545
3545
4514
3665
3665
45297
44660
45273
45141
44660
44660
45273
45269
45273
45176
45141
45182
45182
45271
45182
45176
45182
45326
45292
45326
45312
45312
45340
45321
45321
45340
45292
45307
45182
45277
45185
45336
45336
45185
45277
45271
44657
45269
45271
44657
44657
45192
45277
45198
45198
45213
45209
45213
45209
45277
45192
44967
45192
44967
44657
44657
44657
44657
44676
44676
45269
45269
45269
45269
45269
45269
45269
45269
45140
45140
44724
44724
44728
44728
44728
44660
44728
44728
44660
44660
44660
44660
44651
44651
44651
44651
45300
44651
45300
44651
45300
45297
45300
45297
45297
45104
45104
45104
45345
45104
45108
45108
45129
45129
45129
44758
44758
45129
44758
44758
44690
44690
45129
45060
45060
45104
45096
45096
45104
45104
45129
45129
45165
45129
45108
44690
44690
44893
44893
44893
44690
45345
45345
45108
45151
45151
45160
45345
45346
45168
45163
45168
45165
45166
45370
45187
45370
45165
45129
45129
45345
45297
45300
45300
45300
45300
44739
44739
44739
44739
45432
44739
44739
44653
44653
44653
44653
45432
45432
45432
45432
45673
45673
46103
45433
45433
44735
45435
44735
45439
45435
46103
45439
46093
45439
45439
45437
45437
45060
45060
44735
44735
45096
45096
47152
47027
47114
47114
47027
47027
46989
47024
46986
46946
46192
46986
47027
46989
46989
46989
46989
47114
47246
47157
47157
47159
47157
47157
47246
47246
47081
47081
47246
47010
47056
47066
47066
47066
47066
47056
47157
47010
47010
47010
47010
47010
46986
46986
46192
46245
46192
46280
46280
46245
46195
46281
46281
46192
46281
46986
47008
46195
46195
47008
47010
46946
46940
46946
47024
46940
47300
47027
47029
47149
47149
47029
47154
47292
47149
47134
47152
47031
47140
47140
47140
46946
47300
46946
47301
46232
46973
46973
47323
47323
46232
46232
46317
46288
46288
46281
46490
46949
46949
46416
46298
46298
46416
47304
47304
46979
47006
47163
47163
47304
47006
47296
47296
47267
47267
47267
47163
47011
46998
47011
46998
47011
47170
47011
47270
47170
47011
47269
47010
47011
47170
46998
46252
46252
46998
47008
46252
46195
47269
47267
47061
47267
47267
47267
47253
47194
47296
47296
47006
47263
47232
47232
47296
47253
47296
47104
47263
47263
47194
47061
47076
48297
47354
47076
48297
47076
47360
47513
47354
46312
46263
46979
46263
46312
46263
46271
46271
46263
46214
46263
46271
46214
46271
46294
46271
46808
46808
46294
46808
46805
46805
46808
46805
46294
46805
46805
46492
46494
46492
46494
46492
46492
46492
46294
46266
46266
46214
46266
46494
46494
46812
46812
46494
46812
46271
46214
46765
46308
47022
47022
46765
47019
46271
46271
46812
46471
46471
46471
46471
46748
46748
46748
46497
46748
46273
46273
46273
46273
46273
46497
46497
46471
46497
46497
46487
46487
46273
46487
46482
46482
46482
46482
46482
46482
46328
46328
46203
46252
46312
46328
46328
46252
47023
47230
47230
47263
47231
47263
47262
47262
47231
47262
47230
47329
47329
47329
47234
47174
47234
47329
47329
47230
47230
47230
47230
47198
47196
47198
47196
47174
47174
47178
47234
47174
47174
47178
47196
47125
47104
47104
47104
47104
47189
47106
47022
47022
47230
47019
47230
47333
47333
47018
47018
47219
47220
47220
47219
47219
47227
47219
47018
47309
47018
46970
49287
48755
48755
49287
49287
49279
49284
49279
49279
49284
49279
49279
49136
49136
49143
49121
49317
49317
49317
49328
49319
49319
49320
49294
49319
48959
48959
48869
48868
49328
48940
49314
49314
49127
49121
49279
49250
49250
49133
49133
48618
49133
49140
49235
49140
49140
49140
49235
49143
49143
49251
49143
49143
49062
49303
49062
49062
49256
49256
49062
49256
49256
49258
49258
49258
49258
49258
48611
49258
49258
48697
49054
49054
48609
48609
48609
48618
48618
48618
48618
49227
48609
48686
49098
49227
49227
48618
49227
49227
49062
48716
48716
48716
48716
49016
49016
49397
49054
49397
49054
49054
49051
51072
50985
51098
51072
51117
51072
51117
50947
51117
51204
50947
51024
51207
51207
51204
51207
51204
50947
50947
50947
50944
50944
50947
50982
50947
50944
50966
50966
50985
50982
50982
50982
50898
50200
50898
50200
50200
50200
50238
50918
50904
50263
50189
50918
50907
50238
50373
50373
50919
50237
50446
50238
50237
50200
50237
50237
50202
50982
50944
50944
50207
50202
50898
50989
51112
51281
50989
50263
51296
51250
51112
51281
51094
51094
51095
51081
51081
51098
51106
51083
51092
51106
51092
51098
51098
51098
51089
51111
51092
51089
50937
50964
50981
50937
50937
50269
50160
51262
50952
51254
51254
50952
51212
51219
51225
51209
51212
51209
51209
51209
51225
51209
50952
51225
50953
51227
51020
51228
50970
51035
51312
51155
51219
51155
51191
51155
51191
51191
51191
51191
51188
51188
51190
51192
51190
51156
51192
51147
51147
51147
51262
50953
50953
50953
50953
50953
50966
50966
50966
50207
50207
50207
50207
50209
50207
50209
50209
50285
50233
50160
50285
50209
50970
51262
50160
50160
50230
50230
50256
50269
50230
50230
50256
50269
50220
50734
50220
50723
50171
50980
50977
50723
50980
51291
51291
51291
51291
51194
51194
51194
51164
51291
50977
51183
50977
51164
51164
50977
50928
50723
50171
50171
50228
50228
50220
50228
50228
50770
50228
50228
50770
50704
50256
50453
50704
50704
50704
50770
50704
50770
50251
50770
50228
50228
50256
50220
50223
50251
50223
50223
50223
50928
50223
50223
50251
50448
11655
9745
9745
9745
9745
9745
9745
9745
9745
9745
11655
11655
11655
11655
11655
11655
11655
11655
11655
11655
11655
9745
9745
9745
9745
9745
9745
9745
9745
9745
9745
9745
9745
9745
9745
9745
9745
9745
9745
9745
9745
9745
9745
9745
9745
9745
9745
9745
9745
9745
9745
9745
9745
9745
9745
9745
8049
11655
8049
11655
11655
8049
8049
8049
8049
8049
9745
8049
8049
8049
8049
8049
8049
8049
8049
11655
11655
11655
11655
11655
11655
11655
11655
11655
8049
8049
11655
8049
11655
11655
11655
8049
8049
8049
8049
7712
8049
11655
11655
11655
11655
11655
11655
11655
11655
11655
11655
11655
11655
11655
11655
11655
11655
11655
11655
11655
11655
11655
11655
11655
11655
11655
11655
11655
11655
11655
11655
11655
11655
11655
11655
11655
11655
11655
11655
11655
11655
11655
11655
11655
11655
11655
21899
21899
21899
21899
21899
21899
21899
21899
21899
21899
21899
21899
21899
21899
21899
21899
21899
21899
21899
21899
21899
21899
21899
17898
21899
21899
21899
21899
21899
21899
21899
21899
21899
21899
21899
21899
21899
21899
21899
21899
21899
21899
21899
21899
21899
21899
17898
18234
18234
18234
21899
18234
18234
21899
18234
21899
18234
18234
18234
18234
18234
18234
18234
18234
18234
18234
18234
18234
17898
17898
17898
18234
18234
17898
17898
17898
17898
17898
17898
17898
17898
18234
18234
18234
18234
18234
18234
18234
18234
18234
18234
18234
18234
18234
18234
18234
18234
18234
18234
18234
18234
18234
18234
21899
21899
21899
21899
21899
21899
18234
18234
21899
18234
18234
18234
18234
18234
18234
18234
18234
18234
18234
18234
18234
17876
17876
18234
18217
18234
18234
18234
18234
21899
21899
21899
21899
21899
21899
21899
21899
21899
21899
21899
21899
21899
21899
21899
21899
21899
21899
18234
18234
21899
18217
18234
21899
21899
21899
8049
8049
8049
8049
8049
8049
8049
8049
8049
8049
8049
8049
8049
8049
8049
8049
8049
8049
8049
8049
8049
8049
8049
8049
8049
8049
8049
8049
8049
8049
8049
8049
8049
8049
8049
8049
8049
8049
8049
8049
8049
8049
8049
8049
8049
8049
8049
8049
8049
8049
8049
8049
8049
8049
8049
8049
8049
8049
8049
8049
8049
8049
8049
8049
8049
8049
7712
7712
8049
8049
7712
7712
7712
8049
7712
7712
8049
8049
8049
8049
8049
11853
11853
8049
11853
8049
8049
8049
8049
8049
8049
8049
8049
8049
8049
8049
8049
7699
8049
8049
8049
7699
9745
9745
9745
9745
9745
9745
11853
11853
11853
11853
11853
11853
11853
11853
11853
11853
11853
11853
11853
11853
11853
8049
8049
11853
11853
8049
11853
8049
8049
8049
11853
11853
8049
8049
8049
8049
8049
11853
8049
8049
8049
8049
11853
8049
8049
8049
8049
8049
11853
11853
11853
11853
11853
11853
11853
11853
11853
11853
11853
17898
17898
17898
17898
17898
17898
17898
17898
17898
17898
17898
17898
17898
21899
21899
17898
21899
17898
17898
17898
21899
21899
17898
17898
17898
21899
21899
21899
21899
21899
17898
17898
17898
17898
17898
17898
17898
17898
17898
21899
21899
21899
21899
21899
21899
21899
21899
21899
21899
17898
17898
17898
17898
17898
17898
17898
17898
17898
17898
17898
17898
17898
17898
17898
17898
17898
17898
17898
17898
17898
17898
17898
17898
17898
17898
17898
17898
17898
17898
17898
17898
17898
17898
21899
21899
21899
21899
21899
21899
21899
21899
21899
21899
21899
21899
21899
21899
21899
21899
21899
17898
17898
17898
17898
17898
21899
21899
17898
21899
21899
21899
21899
21899
21899
21899
21899
21899
21899
21899
21899
21899
21899
17898
17898
17898
17898
17898
17898
17898
17898
17898
17898
17898
17898
17898
17898
17898
17898
17898
21899
21899
11011
11011
11011
11011
11011
11011
11011
11011
11011
11011
11011
11011
11011
11011
11011
11011
11011
11011
11011
11011
11011
11011
11011
11011
11011
11011
11011
11011
11011
11011
11011
11011
11011
11011
11011
11011
11011
11011
11011
11011
11011
11011
11011
11011
11011
11011
11011
11011
11011
11011
11011
11011
11011
11011
11011
11011
11011
11011
11011
11011
11011
11011
11011
11011
11011
11011
11011
11011
11011
11011
11011
11011
11011
11011
11011
11011
11011
11011
11011
11011
11011
11011
11011
11011
11011
11011
11011
11011
11011
11011
11011
11011
11011
11011
11011
11011
11011
11011
11011
11011
11011
11011
11011
11011
11011
11011
11011
11011
11011
11011
11011
11011
11011
11011
11011
11011
11011
11011
11011
11011
11011
11011
11011
11011
11011
11011
11011
11011
11011
11011
21192
21192
21192
21192
21192
21192
21192
21192
21192
21192
21192
21192
21192
21192
21192
21192
21192
21192
21192
21192
21192
21192
21192
21192
21192
21192
21192
21192
21192
21192
21192
21192
21192
21192
21192
21192
21192
21192
21192
21192
21192
21192
21192
21192
21192
21192
21192
21192
21192
21192
21192
21192
21192
21192
21192
21192
21192
21192
21192
21192
21192
21192
21192
21192
21192
21192
21192
21192
21192
21192
21192
21192
21192
21192
21192
21192
21192
21192
21192
21192
21192
21192
21192
21192
21192
21192
21192
21192
21192
21192
21192
21192
21192
21192
21192
21192
21192
21192
21192
21192
21192
21192
21192
21192
21192
21192
21192
21192
21192
21192
21192
21192
21192
21192
21192
21192
21192
21192
21192
21192
21192
21192
21192
21192
21192
21192
21192
21192
21192
11011
11011
11011
11011
11011
11011
11011
11011
11011
11011
11011
11011
11011
11011
11011
11011
11011
11011
11011
11011
11011
11011
11011
11011
10986
10986
10986
10986
10986
10986
11011
10986
11011
11011
11011
11011
11011
11011
11011
11011
11011
11011
11011
11011
11011
11011
10986
10986
10986
10986
10986
10986
10986
10986
10986
10986
10986
10986
10986
10986
10986
10986
10986
10986
10986
10986
11011
11011
11011
11011
11011
10986
10986
10986
10986
21192
21192
21192
21192
21192
21192
21192
21192
21192
21192
21192
21192
21192
21192
21192
21192
21192
21192
21192
21192
21192
21192
21192
21192
21192
21192
21192
21192
21192
21192
21192
21192
21192
21192
21192
21192
21192
21192
21192
21192
21192
21192
21192
21192
21192
21192
21192
21192
21192
21192
21192
21192
21192
21192
21192
21192
21192
21192
21192
21192
21192
21192
21192
21192
10899
10899
10899
10899
10899
10899
10899
10899
10899
10899
10899
10899
10899
10899
10899
10899
10899
10899
10899
10899
10899
10899
10899
10899
10899
10899
10899
10899
10899
10899
10899
10899
10899
10899
10899
10899
10899
10899
10899
10899
10899
10899
10899
10899
10899
10899
10899
10899
10899
10899
10899
10899
10899
10899
10899
10899
10899
10899
10899
10899
10899
10899
10899
10899
10899
10899
10899
10899
10899
10899
10899
10899
10899
10899
10899
10899
10899
10899
10899
10899
10899
10899
10899
10986
10986
10986
10986
10986
10986
10899
10899
10899
10899
10899
10899
10899
10899
10899
10899
10899
21167
21167
21167
21167
21167
21167
21167
21167
21167
21167
17387
17387
17387
17387
21167
21167
21167
21167
21167
21167
21167
21167
21167
21167
21167
21167
21167
21167
21167
21167
21167
21167
21167
21167
21167
21167
21167
21167
21167
21167
21167
21167
21167
17387
21167
17387
21167
21167
21167
21167
21167
21167
21167
21167
21167
21167
21167
21192
21167
21192
21192
21167
21167
21167
21167
21167
21167
21167
21167
21167
21167
21167
21167
21167
17387
21167
21167
21167
21167
21167
21167
21167
21167
21167
21167
21167
21167
21167
21167
21167
21167
17387
21167
21167
21167
21167
17583
17583
17583
18075
15424
18075
18075
8415
8415
4538
4482
4538
4445
4731
4731
4531
4538
4531
4375
4520
4164
4071
4731
15424
15424
15424
4254
4164
4243
4071
4071
4071
18098
22445
22445
23216
23216
13509
25336
23896
23896
17178
23589
6998
25336
6998
24202
11655
11853
11853
4052
4054
4054
4052
4054
4054
4131
4136
4052
4037
4136
2505
2505
4091
4137
4086
4130
4309
4649
5554
5554
5554
5554
5558
5552
5558
5552
5487
5488
5551
5487
5487
5558
6783
7006
5557
5490
5490
10869
10670
3202
2958
3205
3205
3031
3193
3172
3276
3179
3886
3885
3193
3884
3308
3308
3523
3423
3172
3229
3229
3210
3423
3229
3924
3068
3043
3042
4006
3088
3088
3180
3118
3097
3090
3118
3080
3329
3447
3068
3031
3031
2958
3032
44720
44720
44720
44720
44697
44720
44728
44714
44728
44651
44714
44714
44697
44714
44697
44697
44697
45048
45048
45048
45649
45429
44697
45427
45427
45649
45649
45433
45048
44716
44666
44666
45048
44666
45048
44700
44700
44700
45048
45409
45409
45409
45412
44667
5562
6783
5525
7320
5508
5496
5522
5522
7326
7320
7326
7326
17223
17513
7108
17223
7108
7108
17449
17449
17449
4862
7006
7006
7006
7006
5487
15698
7006
5462
7297
2870
4308
4267
4267
4267
4028
4222
4013
4013
4267
4013
4028
4616
4071
4071
4268
4071
4263
4268
4263
4071
4071
4616
4450
4616
4450
4333
4333
25521
26152
25642
25642
26041
25643
25641
25654
25654
25643
25581
25654
25643
25644
25644
26153
26152
26153
25581
1913
1905
1905
1906
1905
1906
1906
25626
25626
25777
25583
25583
25629
25629
25654
26551
26041
26551
26551
26552
25623
25621
25579
26383
25579
25579
25579
25579
26023
26023
29784
29784
29784
29864
29864
30034
29716
29864
30034
30034
30056
29716
29716
29716
29716
29867
29716
29716
29716
29716
29716
29716
29716
29716
29716
29716
29716
29716
30056
30056
30056
30056
29716
29716
29716
29709
29716
29716
29709
29709
29709
29709
34155
34037
33366
33348
33322
33348
33147
33147
33147
33974
33489
33974
33489
33489
33489
33795
33489
33489
33490
33490
33489
33489
33489
33490
33489
25394
17451
17480
19870
19870
19870
19877
1691
1612
1643
1643
1612
1647
1631
1642
1612
1607
1651
1612
1607
1758
1758
1478
1478
1476
1476
760
1480
1757
1757
1480
1757
1581
1581
1608
1734
1608
1734
1608
1734
1734
1734
1734
1757
1483
1734
1734
1483
1651
3811
3814
3811
3691
1631
1617
1617
3760
3760
3691
3833
3691
3857
3857
3814
3255
1734
1733
3255
1721
3250
1733
1721
1429
1429
1747
1368
1433
1747
1434
1433
3675
35487
35757
35427
576
577
577
769
769
496
769
769
769
769
48717
48888
655
655
192
192
227
227
227
655
148
148
227
587
156
575
655
865
224
156
156
156
156
17449
35565
35435
35435
35291
35704
35435
35704
35353
35352
35705
35102
35705
35102
35799
35105
35799
3082
3091
3091
35333
3082
35798
35312
35705
35476
35788
35786
35451
3071
35806
35812
2898
2898
4562
4562
4562
4561
4375
4375
4520
4370
4504
4370
4504
4071
3393
35369
2967
2967
35666
35655
35655
35655
35655
35655
35657
35657
35276
35276
35276
35207
35207
35207
35278
35203
35278
35278
35657
35207
35207
35203
2969
2969
35657
35263
35259
35259
36175
36176
35259
36008
35247
35255
35240
35245
35278
35278
35278
35662
35350
35350
35772
35137
35666
35369
35771
35661
35661
35691
36107
36105
36105
36105
36210
36210
36210
36190
36190
36190
36625
36223
36203
36420
36422
36422
36422
36422
36424
36370
36398
36370
36424
36283
36398
36398
36327
36327
36331
36334
36331
36426
36422
36420
36420
36420
36430
36420
36625
36225
36225
36225
36150
36190
35949
36203
36135
36135
36135
36203
36617
36203
36398
36617
36617
36398
36415
36150
36150
36132
36132
36620
36620
36610
36610
36481
36353
36480
36610
36480
36623
36481
36481
36500
36430
36501
36501
36100
36100
36102
35948
35926
35926
35926
35926
36135
36135
36135
36135
36230
36230
36617
36617
36230
36595
36595
36514
36514
36445
36444
36595
36595
36444
36197
36139
36197
36139
36595
36595
36595
36415
36592
36415
36079
36043
36139
36139
36035
36035
35980
35980
36144
36144
36144
39145
39145
39267
39145
39267
39940
40478
40602
40478
40611
40611
40611
40611
40611
40611
40611
39957
39487
39506
39957
40611
40611
39487
39487
40611
40613
40613
40613
40613
40613
40613
40611
40611
40674
40602
40674
40602
40674
39940
39655
40674
40674
38255
39655
39655
39655
40513
40674
40513
40513
40513
40513
40615
40613
40615
40613
40615
40613
38853
37930
37916
38355
40615
40674
40832
40832
40556
41079
41079
40832
40556
40615
40615
40602
40984
40984
40832
40984
40832
40984
40984
40984
40832
39186
39178
39273
39207
39534
39489
39207
39534
39487
39487
39489
39489
39487
39487
39655
39655
39489
39957
39489
38893
37147
37147
36786
37246
36786
36766
36766
37241
37147
37241
36766
36744
36744
36744
36810
36811
36810
36810
36812
36811
36811
36803
36803
36810
37246
36777
36744
36777
36744
36776
37160
38883
37605
36850
37142
36850
36850
36803
36803
36803
36884
36884
36803
36812
36890
36812
37264
37264
36793
37270
36807
36810
36807
37271
37271
37271
36829
36829
36820
36820
36807
36807
36807
37270
36807
36807
36816
36816
36816
36793
38893
42954
42954
43527
44504
44359
44504
44504
44504
44504
44504
44504
44409
44409
44409
44409
44409
44409
44504
44409
44504
44220
44220
44185
44185
44504
44185
44409
44504
44185
44359
44359
44359
44359
44359
47413
47170
47170
47081
47081
47056
48328
48328
48420
48420
32153
31393
32709
32709
32659
32591
31181
32591
32591
32591
32591
32591
32591
32591
32362
32362
32362
32362
32362
32591
32362
32591
32362
32591
32591
32591
31181
32591
31181
32591
32701
32701
32701
32325
31181
32709
32701
32701
31181
31181
31603
31548
31548
31181
31446
31446
31181
31446
31548
31153
31446
31627
31627
31627
31627
31627
31627
31181
31627
31627
31446
31627
31446
31627
31627
31627
31627
31446
31446
31153
31203
31603
31153
31603
31603
52169
52169
52510
51400
26325
26325
26324
26325
26584
26584
26600
26600
26566
26566
26566
26566
26526
26526
26600
26752
26752
26739
26752
26739
26749
26749
26745
26867
26752
26739
26739
26600
26906
26904
26906
26906
26904
26600
26600
26526
26526
26526
26507
26481
26604
26604
26594
26902
26891
26580
26600
26600
26577
26600
27005
26577
27005
27005
26575
26575
26510
27005
26575
27005
27005
26510
26510
26324
26324
26600
26600
26600
26758
26814
26739
26814
26814
26814
26758
26784
26784
26802
26784
26758
26801
26454
26324
26261
25994
25523
25523
25523
25523
25537
1930
25797
1927
1927
2202
2589
2589
1960
1946
1960
1960
1960
1960
2577
2577
1961
1960
1961
1960
3611
3611
3611
1961
1962
1962
2577
2577
2577
2576
2576
2577
2585
25956
2585
1948
1946
2206
2205
2207
2207
3954
2207
952
2205
2205
952
951
946
945
951
2591
948
948
2591
2205
2202
1930
2203
25409
25786
25786
25786
25426
2568
25426
2568
25426
2568
1948
2568
2576
2576
1963
1963
2576
1963
1963
1963
1963
1963
1963
2567
2567
1963
2544
2544
1958
2567
1958
1958
1937
1937
25786
1937
1945
1937
1959
1959
1959
1959
2556
2552
2552
2552
2556
2556
2567
2556
2567
2567
2556
3017
25913
25801
25897
25897
25886
25772
25886
25908
26008
25801
25791
26591
26506
26506
26506
26522
26985
26985
26985
26802
26802
26900
26802
26900
26869
26900
26982
26982
26869
26774
26869
26900
26838
26800
26800
26800
26800
26982
26784
26838
26609
26609
26591
26896
27020
26896
26894
26896
26825
26774
26825
26774
26827
26881
26881
26686
26686
26840
26849
26659
26848
26845
26834
26775
26690
26775
26929
26893
26775
26929
26893
26775
26902
26916
26891
26931
26690
26845
26859
26692
26967
26969
26966
27020
26598
26592
26891
818
848
1461
707
852
696
707
696
697
695
847
697
847
735
847
48928
48928
49220
49220
49219
734
734
734
734
846
846
847
847
1473
1584
846
1584
852
1461
852
1461
1468
1461
1468
1461
1469
1469
1469
1712
1712
1473
1747
1712
1473
1473
1434
1731
1434
1740
1370
1732
1370
1754
1754
1729
1378
1370
1727
1378
1727
25768
25768
25889
25886
25618
25603
25603
25608
25618
25619
25889
25899
36221
36221
36507
36507
36528
36508
36541
36528
36477
36507
36541
36542
36473
36542
36542
36542
36495
36495
36495
36458
36458
36580
36578
36460
36580
36458
36445
36446
36383
36592
36488
36488
36488
36444
36508
36541
36508
36149
36636
36149
36490
36478
36319
36319
36480
36502
36572
36502
36467
36480
36570
36572
36319
36572
36478
36518
36517
36518
36574
36574
36473
36577
36242
36731
36723
36731
36719
36740
36238
36149
36096
36096
36636
36636
36444
3590
35425
3004
35425
3004
35415
35632
3601
3017
3018
3624
35050
2556
3017
3017
2552
3018
2552
2552
1963
1963
44893
44891
44893
44893
44893
44893
44893
44688
44884
45095
44688
45095
44688
45442
45441
45441
45441
44679
44679
44806
45442
45441
45441
45441
45442
45442
45442
44690
44688
44690
45156
45156
128
128
44690
44897
44891
44690
44897
44897
44891
44897
45193
44897
44891
44907
45401
44904
45401
44904
44904
44904
44909
44909
44904
44909
44904
44903
44904
44903
44909
45217
45401
45401
44905
44906
45193
45166
45187
44906
49153
49153
49153
44887
49153
44887
44905
44887
49153
44887
44887
44892
44891
49153
49153
49152
49153
49151
48850
49151
48864
48864
48848
48864
44887
48864
48862
48862
48868
49161
48869
48860
48860
44887
48860
48848
48848
44905
44905
48940
47292
47282
47323
47290
47282
47282
47290
47043
47043
47309
47041
47309
46302
47314
47314
47309
47290
47186
47314
47186
47186
47186
47279
47290
47186
47273
47186
47171
47173
47219
46302
46302
46970
46302
47219
47171
47227
46772
46772
46224
46224
46224
46227
46805
46805
46484
46484
46227
46224
46224
46973
46227
46973
46973
47279
47183
47335
47183
47134
47134
47183
47179
47183
47173
47173
47173
47173
47178
47183
47178
47148
47148
47140
47148
47125
47335
47157
47159
51112
51250
51092
51240
51089
51240
51240
51240
51248
51240
51240
51001
51240
51001
50999
51248
50999
50999
50999
51248
50999
50184
50184
50931
50189
51001
51248
51240
51238
51238
51247
51248
51239
51092
51293
51293
51092
51293
51141
51238
51141
51131
51141
51238
51131
51131
51131
51131
51236
51238
51236
51293
51137
51136
51137
21899
21899
21899
21899
18217
21899
21899
18217
21899
18217
18217
18217
18217
18217
18217
18217
18217
18217
18217
18217
18217
18217
18217
18217
18217
18217
18217
21899
18217
18217
18217
18217
18217
18217
18217
21899
18217
21899
21899
21899
21899
21899
21899
21899
21899
21899
21899
21899
21899
21899
21899
18217
18217
21192
7282
4215
4205
4066
4225
26156
25877
2055
26156
2069
25712
2047
25702
25702
26174
26174
26072
26071
26174
26119
26119
25689
25689
25689
26071
25709
2040
25709
2032
2032
2046
2049
2049
2024
2046
2069
25877
2273
2122
2122
2270
2063
2444
2024
2030
2009
2050
2049
1175
1175
1184
1310
1310
1004
1004
1004
1004
1006
1004
1309
1006
1309
2801
1309
1309
1299
2196
2191
2196
1323
1012
1004
1071
1004
1065
1291
1071
1071
1321
1071
1288
1288
1321
1012
1009
1058
1058
1057
1157
1057
1157
1291
419
2801
2801
2196
2196
2191
2199
2199
2209
943
949
1300
943
1300
949
949
2203
2203
943
1012
1300
1009
1307
963
1046
1307
1044
1316
963
1308
1308
4162
26051
29649
29932
29886
29886
29886
29716
29716
29716
29716
29886
29886
29716
29716
29716
29716
29716
29716
29716
29886
29709
27227
27227
27981
27510
27227
27510
29272
27493
27228
27227
27493
27228
27224
27228
27224
27228
27224
27607
27251
27251
27216
27216
27245
27245
27251
27236
27201
27247
27228
27247
27245
27247
27493
27493
27231
27231
29272
28097
29272
29272
27228
27228
27257
27257
27216
27216
27216
27216
27264
27257
27188
27198
27188
27267
27198
27258
27200
27449
27449
27449
27449
27595
27209
27595
27597
27595
27416
27597
27597
27597
27394
27394
27209
27393
27393
27209
27209
27209
27413
27413
27413
27413
27393
27412
27416
27653
27416
27382
27382
27653
27455
27654
27595
27593
27593
27593
27593
27455
27450
27450
27450
27450
27426
27567
27428
27449
27259
27258
27259
27258
27258
27200
27200
27187
27187
27196
35436
35451
3071
3082
3082
3082
3090
3097
3118
3108
3118
3332
3128
3128
3105
35797
36426
36467
36254
36254
36467
36569
36569
36251
36342
37313
36931
37313
36931
36714
37313
37317
37317
36926
36921
36982
36921
36926
36982
36910
36922
36707
36714
36919
36935
36938
36935
36935
37010
37110
37110
36650
37010
36918
37037
37273
37010
36938
36342
36349
36255
36918
36918
37037
37275
37275
37275
36255
36349
36255
36332
36334
36332
36650
36651
36651
36650
42047
42362
42362
41944
42317
42317
41986
41986
42204
41986
41986
41986
41986
41986
41986
42362
41944
42325
42325
42204
40613
40613
40613
40613
40613
40611
40611
39655
39655
39489
47962
52537
52104
52104
51824
51824
51824
51824
51876
51876
51876
51876
51679
51679
43143
43143
43143
43143
43143
43143
43143
43143
3638
3638
3641
3641
3019
3019
3631
3265
3265
3265
3645
3263
2986
2986
3263
3265
3265
1376
1379
1381
1381
1376
1379
1378
1379
3265
3266
1381
1381
3019
3631
3633
1962
1962
35240
35647
35213
35232
35236
35647
35252
35252
35250
3609
45163
45346
45321
45359
45336
45359
45336
45200
45202
45202
44995
44995
44995
44995
45202
45202
45200
45333
45365
45185
45185
45185
45223
45333
45223
45365
45365
45365
44958
44958
45374
45215
45374
45377
45377
45001
45009
46298
46298
46484
46484
46484
46484
46802
46416
46452
46416
46452
46452
46490
46411
46452
46411
46411
46427
46427
46411
46427
46411
46452
46452
46452
46802
46411
46490
46490
46490
46447
46489
46447
46447
46447
46489
46489
46281
46489
46280
46281
46490
46967
46425
46425
46425
46425
46425
46425
46424
46424
46424
46427
46424
46401
46427
46828
46967
46967
46425
46967
46419
46377
46377
46967
46419
46967
46967
46967
46484
46484
46484
46484
46484
46922
46922
46922
46922
46922
46922
46492
46455
46455
46455
46419
46455
46377
46377
46455
46455
46805
46805
46963
46317
46227
47125
47125
47189
47176
47106
47203
47234
47203
47227
47203
47227
47203
47171
47203
47186
47174
47174
47203
47174
47174
47173
47173
47173
46252
46276
46245
46276
46245
46245
46280
46280
46280
46280
46489
46488
46488
46280
46487
46487
46488
46489
46442
46489
46280
49227
49227
48687
48687
48709
48709
49149
48709
48709
48687
48687
49098
49227
48709
48680
48709
48920
49163
48920
48919
48919
48921
48807
48680
49149
49149
49149
49235
49149
49235
49227
49235
49235
49251
49251
49166
48925
49166
48925
48925
49210
49235
49210
49210
49239
49210
49210
48803
48803
48803
49239
48817
48817
48925
48816
48816
48816
48784
48921
48925
48784
48817
48817
48609
48609
48611
48704
48704
48611
48704
48611
48704
48611
49385
49391
49385
49391
49605
49605
49605
49608
49605
49608
49608
49608
49608
49949
49949
49949
49590
49631
49385
49631
49961
49631
49961
49631
49385
49385
49391
49391
49390
49390
49390
49390
48697
48697
48611
48697
48611
48704
48654
48704
48654
48651
49377
49631
48651
49377
49377
48670
49258
50189
50189
50189
50189
50255
50255
50921
50921
50255
50441
50880
50382
50441
50880
50921
50441
50441
50880
50382
50376
50382
50382
50382
50441
50381
50376
50381
50376
50376
50880
50376
50880
50376
50376
50921
50880
50763
50184
50763
50184
50184
50184
50763
50274
50921
50370
50370
50373
50373
50907
50918
50373
50919
50409
50409
50919
50404
50409
50407
50407
50409
50382
50382
50910
50910
50910
51259
11655
9745
11655
9745
11655
9745
11853
9745
11853
11853
11853
11853
11853
11655
11853
11655
11655
11655
11853
11655
11853
11853
11853
11853
11853
9745
9745
11853
9745
9745
9745
9745
9745
9745
9745
9745
11853
9745
9745
9745
9745
9745
9745
8049
9745
8049
9745
9745
9745
8049
9745
7699
8049
7699
7699
7699
9745
7699
7699
8049
8049
7699
7699
8049
8049
9745
9745
9745
9745
8049
8049
7712
7712
7712
7712
7712
7712
7712
7712
7712
7712
7712
7712
7712
7699
7712
7712
7712
7712
7712
7712
7712
7712
11655
7712
11655
11655
11853
11853
11853
11853
11853
11853
11853
11853
11853
8049
8049
8049
8049
8049
8049
8049
7712
8049
8049
7712
8049
7712
7712
7712
11655
7712
11655
11655
11655
11655
11655
11853
8049
11853
11853
11853
11853
11853
11853
11853
11853
11853
11853
11853
11655
11655
11655
11853
11853
11853
9745
9745
11853
21192
21192
21192
21192
21192
21192
21192
21192
21192
21192
21192
21192
21192
21192
21192
21192
21192
21192
21192
21192
21192
21192
21192
21192
21192
21192
21192
21192
21192
21192
21192
21192
21192
21192
21167
21192
21192
21167
21167
21167
21167
21192
21192
21192
21192
21192
21167
21167
21167
21192
21192
2012
2024
2012
2012
2023
26164
2023
26182
26183
26181
26183
1565
2917
1356
44932
45205
44962
44935
44962
44962
44962
44963
44967
44963
44828
44962
44826
44828
44824
44828
44828
44967
44850
44850
44935
44824
44965
300
27187
27187
27196
27196
27187
27648
27648
27206
27393
27206
27203
27400
27400
27399
27203
27479
27400
27399
27398
27418
27418
27203
27418
27187
48658
48658
48658
48703
48703
48703
49377
48703
49623
48703
49004
49623
49004
48658
49004
49004
50022
49623
50022
50022
49003
49003
48658
49623
49960
49951
49960
49624
49624
49624
49624
49960
49960
49951
49960
49951
50020
50020
49951
50018
50022
50022
49951
47194
47194
26745
26699
26857
26699
26902
26902
26890
26859
26692
26913
26859
26913
26699
26963
27107
27113
26963
27109
26699
26922
26615
27365
27114
26617
26617
27691
27358
27324
27132
26739
26739
26816
26760
26706
26710
26706
26636
26636
26727
26727
26637
26637
26713
26711
26710
26708
26711
26639
26644
26639
26667
26801
27315
27305
27315
27305
27039
26637
27039
27312
27065
27039
27065
27298
27298
27294
27386
27298
27386
27294
26722
26722
27109
27294
26726
26958
26853
26867
26853
26959
26961
26699
26722
27109
27109
27282
26959
45260
297
45261
44970
307
45261
45248
45245
45246
45260
45233
45238
45223
45223
45246
45248
45287
45254
45213
45254
45248
45209
44817
45213
45287
44970
45238
45265
45366
45260
45265
267
45260
45366
45374
45375
45235
45375
45235
420
420
419
1159
10
1159
420
306
304
10
307
44817
44817
10
332
332
304
44828
44828
44830
1157
1157
45437
45437
45437
45437
45442
45442
45661
45661
45661
45661
45661
45661
45661
45661
45660
45660
45660
45670
45647
45646
45670
45645
45645
45661
45645
45645
45645
46069
45671
45671
46114
48666
45421
45416
45421
45416
45422
45425
45425
45441
45422
45422
45670
45421
45657
45669
45670
46179
45657
45657
46129
45416
45416
45416
45416
45416
45045
45045
45045
45045
45045
45412
45045
45412
45666
45409
45666
45666
45409
45666
46065
45045
45663
46065
46065
45666
49125
48868
49160
49161
49160
49320
49320
49320
49320
49320
49320
49195
49195
48908
49331
49172
48823
49161
49172
49172
48823
49175
49175
48908
49164
49164
49170
49164
49164
49165
49165
49143
49143
49203
49204
48906
49170
44905
44905
44903
44905
44903
44903
45220
45235
45217
45235
45217
45217
45374
51083
51083
51147
51136
51136
51136
51136
51144
51144
51144
51129
51129
51144
51144
51144
51144
51144
51129
51129
51144
51129
51144
51129
51129
51129
51129
51136
51147
51147
50453
50454
50453
50454
50704
50438
50704
50438
50438
50427
50427
50437
50437
50778
50437
50778
50778
50778
50778
50776
50591
50776
50776
50778
50427
50778
50776
50427
50437
50437
50437
50437
50437
50780
50780
50437
50427
50428
50428
50428
50427
50428
50428
50428
50428
50438
50394
50438
50444
50454
50394
50444
50444
50444
50394
50445
50399
50399
50454
50444
50444
50438
50437
50437
50437
50285
50233
50233
50233
50445
50445
50237
50445
50399
50399
50237
50237
50233
50237
50446
50919
50237
50233
50399
50404
50397
50397
50404
50404
50404
50397
50404
50397
50397
50396
50396
50401
50401
50401
50396
50397
50396
50397
50396
50397
50394
51164
51164
51197
51197
51129
51197
51232
51232
51197
51232
51232
51248
51247
51269
51269
51247
51247
51239
51269
51269
50977
51267
50976
51267
51267
10986
10986
10986
10986
10986
10986
10986
10986
10986
10986
10986
10986
10986
10986
10986
10986
10986
10986
10986
10986
10986
10986
10986
10986
10986
10899
10899
10899
10986
10986
10986
10986
10986
10986
48638
49003
48663
48663
49003
48666
48666
49379
49379
49614
49374
49626
49626
49614
49380
49001
49626
49627
49627
49626
49956
49614
49956
50136
49603
49603
49603
49614
49625
48663
49003
49375
49375
35797
36784
36878
36784
36870
36798
36798
36792
36874
36816
36874
36816
36816
36816
36824
36824
36814
36814
36824
36824
36824
36824
36798
36874
36824
36826
36826
36826
36826
36824
36870
36870
36870
36870
36849
36749
36849
36749
36849
37142
37142
36749
37142
36749
37231
36884
37231
36850
36880
36840
36884
36880
37231
36847
36847
36868
36874
36847
36866
36868
36866
37231
36814
36866
36866
45185
45277
17898
17898
17898
17898
17898
17898
17898
17898
17898
17898
17898
17898
17898
17898
17898
17898
17898
17898
17898
17898
16486
17898
17898
17898
21899
17898
17898
17898
17898
17898
17898
17947
17898
17898
17898
17898
17898
17898
17876
17898
17876
17898
17898
17898
17898
17947
17898
17947
17947
17876
17947
48893
760
760
732
760
760
48924
48775
732
48924
48786
48786
760
48924
48786
48817
48775
48775
48927
49220
49220
49219
49204
441
1482
441
1482
1480
846
1580
1715
1715
1483
48784
33489
33817
33817
49175
48860
3611
3954
1383
1372
1370
1372
1732
1368
45209
45209
44828
44830
46970
46970
50251
50770
50766
50451
50770
50451
50428
50428
50428
50428
50428
50451
50451
50451
50451
50451
50412
50412
50766
50766
50880
50766
50376
50412
50428
50428
50428
50419
50419
50419
50419
50419
50419
50412
50412
50412
50412
50381
50376
50334
50333
50381
50334
50376
50412
50333
50333
50333
11655
11655
11655
11655
11655
11655
11655
11655
11655
21899
21899
18217
21899
21985
18217
18217
18217
18217
18217
18217
18217
18217
18217
18217
18217
18217
17876
17876
17876
18217
18217
18217
18217
18217
18217
21899
21899
21985
21899
21899
21899
21899
21899
21899
21899
21899
21899
21899
21899
21899
21899
21899
21899
21899
17898
21899
17898
17898
17898
17898
17898
17898
17898
21899
21899
45419
45419
45667
45666
46005
46000
45667
45667
45667
45674
45674
45429
45674
45649
45649
45429
45674
45649
45649
45433
45433
45674
45649
45649
45674
46004
46005
46004
46005
46004
46004
46005
45419
45048
46000
46060
46060
46060
46060
46059
46059
46060
46059
46059
45715
45715
45707
45993
45713
45715
45605
45776
45993
45993
46060
45776
46062
46092
46092
46062
46062
46092
45776
45776
45784
45784
45776
45784
46062
46077
46000
46079
46079
46092
45682
46077
46077
46001
46001
45996
46077
46000
46000
46000
45666
45666
45996
46065
45663
45663
46001
45662
45662
46001
46001
46001
46001
45772
46079
45682
45677
45682
45677
45740
45682
45682
45740
45740
45698
45698
45767
45767
45677
45772
46162
45770
46086
46086
45772
45770
45770
46186
46186
45668
46179
45663
45668
46179
46130
46129
46174
45647
45624
46130
45624
46174
46179
46174
26801
26800
26810
26794
26644
26644
26652
26652
26652
26652
27457
27273
27273
27273
27273
27273
27273
27400
27479
27270
27421
27270
27273
27273
27457
27457
26652
26652
27061
27061
26644
26668
27457
27457
27130
27461
27130
26644
26794
26794
26659
26791
26670
26659
26952
26683
26683
27345
27191
27191
27191
27201
27201
27201
27175
27201
27418
27244
27418
27419
27420
27419
27421
27576
27420
27398
27398
27420
27418
27418
27421
27421
27398
27421
27461
27421
27437
27466
27576
27435
27579
27421
27435
27586
27579
27579
27466
27588
27244
27418
27418
27418
27244
27236
27244
27588
27582
27585
27588
27585
27591
27428
27428
27605
27582
27582
27605
27582
27258
27212
27212
27259
27428
27428
27428
27426
27567
27591
27570
27570
27570
27565
27565
27549
27552
27565
27567
27334
27549
27586
27491
27549
27345
27659
27450
27448
27372
27370
27370
27448
27372
31627
31627
27654
27654
27301
27302
27359
27358
27358
27370
27332
27332
27047
27138
27138
27087
27056
27077
27056
27358
27287
27301
27282
27302
27287
27691
27299
27302
27298
27382
27382
27412
27387
27386
27412
27381
27381
1483
1715
1715
1713
1747
1713
49395
49395
49395
49628
49618
49628
49618
49618
49618
49617
49617
49617
49603
49603
50026
50027
50027
50026
50026
50026
49603
49603
49603
49603
49617
50071
50071
50071
50071
49616
49596
50052
50071
49596
49596
49596
50060
49596
49596
49594
49594
49594
49594
49608
50060
50060
49596
50052
49593
49393
49390
49397
50052
49599
50052
49583
50052
49599
49599
49616
49397
49397
49397
49602
49602
50026
50072
50026
50026
50072
50048
50048
50026
50048
50116
49786
49786
50048
50048
50072
50074
49583
50074
50074
50052
49570
49375
49375
49958
49619
49958
49954
49954
49958
49729
49954
50143
50143
50136
49625
50143
50143
50143
50146
49729
50146
50136
50028
49956
50087
50028
50087
49729
49682
49719
50040
50040
49682
49729
50040
50043
50146
49726
49726
49726
49726
49697
49697
50043
50122
50044
50122
50044
50146
49682
49682
49682
50010
50010
49653
49653
49653
50010
49653
49642
50010
50010
49642
50049
49733
50049
49733
50001
50049
49719
50049
49954
49954
49954
49954
49960
49960
50016
50018
50016
50016
50016
49961
49961
49949
50016
49679
49679
49949
49679
49679
49996
49996
49996
49996
49999
49999
49560
49999
49560
50011
49996
49828
49673
49673
49673
50016
50011
49590
50011
49608
50011
50018
50018
50018
50018
49733
49673
50049
36886
36840
36835
36835
36886
36886
36886
36886
36886
36835
36886
36886
36886
36886
36886
36822
37219
37219
37219
37219
37218
37218
37219
37218
36823
36823
36890
36822
37221
36822
36822
37016
36820
37216
36837
36835
37216
37213
36837
36837
36866
36837
37212
37213
37048
37048
37213
37017
37017
37224
37036
36829
37224
36827
36829
36827
36826
37224
37024
37024
37024
37024
37024
37024
37101
37101
37013
37013
37013
37224
37097
37101
37010
37101
37024
37273
37036
37016
37036
37221
37221
37218
37277
37218
37277
37078
36997
37218
37078
37071
37071
37071
37281
37281
36995
36957
36995
37219
36926
36995
36866
36866
37204
37204
36866
37204
37203
36866
36866
36866
37088
37088
37061
37061
37061
37195
36963
36963
37061
37061
37178
37195
37056
37195
37283
37283
37056
37212
36824
37088
37044
36824
37088
37044
37013
37013
37097
37080
37097
37080
37003
37080
37178
37003
37061
37097
37178
37178
37178
37178
36669
36352
37178
36669
36352
36298
36298
36405
36288
36260
36673
36288
36669
36298
36668
36563
36669
37173
36673
36672
36672
37003
36651
37173
37166
36668
36963
36963
36651
36896
32701
1316
1305
1305
1316
1041
1041
1378
1321
27087
27086
26935
27077
26956
26683
26956
26680
27345
27341
27347
27437
27341
45439
45439
46093
46093
46093
45640
45642
45640
46103
45639
45639
46103
45639
45637
45637
46105
45640
46105
45642
46105
45636
45637
45636
45637
45633
45633
46054
45636
45636
45628
45673
45673
45653
45653
45653
45653
46114
45642
45642
45645
46117
45642
46115
46115
46091
46117
46069
46091
46069
46117
45829
46117
46091
45626
45627
45627
45628
45627
45627
45626
45613
45626
46054
45993
45993
45993
46054
45993
46054
45993
46054
46036
46036
45636
46036
46036
45629
46036
45860
45860
45629
45859
45629
46036
46036
45628
45628
45707
45605
45605
45605
46032
46032
45713
45713
45860
46030
46032
46030
45646
46069
46069
45623
45623
46091
45624
45623
46089
46089
46174
46174
46174
46174
46089
46185
46164
46089
46165
46185
46086
46185
46159
46159
46159
46159
46166
46164
45584
45584
46091
45584
45829
45584
45825
45584
45809
46147
45825
45809
45809
45809
45809
45584
46147
45825
45825
46442
46442
46447
46447
46447
46447
46447
46447
46444
46444
46444
46444
46433
46439
46439
46444
46444
46433
46439
46433
46433
46433
46444
46444
46828
46444
46828
46444
46444
46828
46437
46442
46433
46437
46433
46433
46433
46433
46433
46433
46480
46480
46480
46822
46822
46823
46433
46480
46433
46480
46433
46439
46439
46437
46437
46437
46487
46377
46395
46395
46395
46395
46395
46409
46395
46365
46363
46363
46363
46363
46651
46651
46653
46651
46653
46855
46855
46652
46549
46649
46854
46854
46367
46363
46369
46365
46651
46645
46645
46645
46645
46361
46361
46649
46910
46361
46361
46344
46344
46344
46344
46361
46361
46361
46891
46891
46891
46365
46409
46409
46409
46409
46424
46401
46401
46365
46367
46369
46369
46401
46401
46369
46344
46377
46377
46377
46377
46377
46377
46377
46385
46344
46344
46385
46376
46385
46376
46482
46471
46471
46471
46471
46471
46471
46464
46464
46471
46815
46815
46815
46815
46815
46378
46378
46458
46379
46464
46458
46464
46458
46379
46378
46393
46469
46470
46378
46815
46470
46470
46469
46469
46470
46469
46470
46464
46464
46464
46455
46464
46455
46376
46455
46458
46471
46480
49251
49251
48697
48697
48693
49054
48693
49397
49393
49390
48697
51267
51267
51267
50181
50181
50259
50181
50184
50181
50763
50448
50763
50448
50181
50381
50381
50910
50381
50381
50910
50786
50910
50407
50786
50786
50358
50358
50358
50366
50366
50358
50326
50786
50328
50786
50326
50326
50326
50328
50366
50366
50324
50352
50352
50352
50381
50352
50334
50381
50786
50401
50401
50401
50794
50328
50328
50794
50794
50401
50401
50401
50401
50786
50401
50407
50427
50776
50776
50335
50305
50305
50305
50335
50335
50305
50311
50305
50311
50311
50311
50613
50613
50613
50614
50311
50311
50614
50613
50613
50600
50600
50307
50311
50316
50316
50311
50307
50307
50307
50849
50849
50849
50849
50341
50341
50350
50600
50851
50335
50335
50350
17898
17898
18234
36415
36410
36410
36286
36404
36286
36270
36270
36270
36334
36285
36651
36288
36288
36410
36405
36590
36590
36590
36592
36455
36455
36546
36668
36282
36687
36740
36755
36996
36988
36996
36988
37175
36762
36762
37175
36762
37166
36698
36238
36313
36698
36960
36960
37283
46439
46439
46439
46823
46438
46438
46438
46849
46502
46502
46849
46502
46502
46502
46501
46502
46388
46502
46831
46355
46388
46388
46831
46831
46501
46388
46501
46388
46388
46843
46857
46857
46501
46859
46501
46849
46501
46849
46849
46849
46849
46438
46438
46439
46444
46836
46836
46836
46836
46836
46849
46851
46849
46849
46851
46575
46575
46851
46575
46851
46934
46851
46566
46575
46575
46566
46566
46501
46566
46501
46566
46823
46823
46823
46823
46822
46831
46822
46355
46822
46822
46822
46822
46480
46355
46355
46355
46355
46355
46822
46355
46469
46355
46401
46401
46836
46836
46836
46371
46836
46371
46369
46369
46854
46934
46867
46934
46867
46934
46867
46393
46393
46393
46393
46393
46385
46393
46344
46891
46350
46350
46350
46348
46350
46350
46893
46350
46642
46642
46893
46348
46348
46348
46348
46344
46348
46348
46348
46885
46885
46885
46655
46655
46355
46882
46655
46882
46882
46881
46881
46655
46357
46357
46357
46881
46388
46388
46843
46655
46655
46642
46642
46643
46643
46655
49593
49593
50063
50063
49593
49593
49586
50063
49586
49586
49586
50011
49993
49593
49993
49828
49828
49816
49828
49987
49987
49560
49816
50059
50059
50066
49570
49816
50066
49551
49814
49551
49570
49570
49549
50116
50048
50046
50027
50046
50046
50117
50117
50122
50046
50117
50116
50116
49782
49782
49766
49714
50123
49766
50116
50116
50116
50116
49714
49714
50122
49706
49714
49714
49762
49762
49762
49904
49762
49762
49896
49714
49576
49576
49786
49786
49541
50123
49541
49766
50082
49766
50082
49890
49890
50090
50090
49890
49890
49453
49435
50090
49423
49890
49904
49890
49890
49944
49944
49944
49858
49939
49878
49549
49944
49944
49939
49766
49766
49766
50123
49878
49549
49551
49551
49814
49814
49858
49788
49555
49555
49816
50079
36896
36896
37281
45859
45859
46030
45852
45852
46030
45856
45856
45908
45908
45617
45588
46122
45619
46122
45921
45813
45921
45911
46133
46133
45911
45911
45619
45617
45613
45595
45595
45831
45831
45831
46030
45863
46030
45863
46030
45863
45863
45863
46030
45831
45863
45831
45831
45831
45713
45713
45784
46132
46010
46132
46010
45787
46676
45787
45967
45967
45870
45893
45870
45893
45870
45870
46030
46030
46132
46032
45893
45893
45863
45967
45967
45967
45530
45530
46676
46729
45530
45530
45535
46132
46132
46676
46010
46676
46010
46010
45784
45784
46010
45767
45767
45790
45790
46680
46676
46694
46729
46729
46331
46694
46621
46621
46515
46515
46515
45863
45952
45952
45952
45952
45535
45520
45520
45535
45535
45537
45535
45520
45537
45537
45537
46613
46613
46932
46932
46613
46859
46613
46857
46859
46857
46932
46932
46515
46553
46553
46859
46932
46859
46613
46613
45520
45545
45520
45545
45545
46637
46628
45545
45520
46637
46637
46637
45530
45530
45520
45952
45520
45577
45952
45466
45466
45466
45466
45982
45911
45911
45982
45911
45982
45547
45507
45987
45465
45987
46133
46133
46133
45507
45516
45507
45546
45546
45548
45546
45548
45507
50396
50395
50396
50396
50396
50781
50781
50781
50781
50781
50781
50780
50395
50395
50395
50395
50459
50807
50395
50459
50395
50395
50780
50591
50780
50591
50591
50591
50316
50316
50591
50316
50591
50460
50459
50460
50460
50460
50794
50794
50809
50809
50807
50809
50807
50807
50809
50809
50328
50809
50328
50812
50812
50812
50813
50813
50812
50328
50811
50812
50809
50809
50533
50811
50533
50533
50532
50532
50532
50891
50892
50532
50892
50524
50524
50524
50524
50533
50524
50811
50825
50825
50807
50807
50519
50381
50381
50376
50334
50334
50301
50301
50301
50301
50320
50873
50320
50873
50320
50320
50609
50869
50869
50869
50609
50320
50320
50870
50870
50869
50320
50322
50322
50301
50873
50301
50333
50873
50341
50334
50334
50870
50870
50352
50324
50322
50611
50813
50611
50611
50609
50826
50813
50826
50813
50812
50825
50825
50826
50509
50506
50891
50826
50826
50610
50504
50501
50608
50506
50504
50506
50504
50506
50506
46165
45818
45825
45818
45809
45933
45933
45948
45933
45809
45809
46133
45933
46133
46133
46133
46133
45573
45573
45496
45946
45496
45946
45496
45496
45484
45484
45484
45573
45484
45484
45484
45566
45566
45498
45948
45498
45567
45498
45567
45567
46545
45567
45498
45505
45505
45493
46146
46146
45493
46145
46146
46145
46146
45948
45805
45948
45805
45818
45805
45818
46165
46162
45749
45818
46162
46162
46165
45939
45749
45939
45749
45805
45939
46162
45740
45739
45739
46686
46686
45698
45698
46686
45790
45790
46686
46680
46684
46684
46694
45790
45737
45939
45737
46145
46711
46145
46537
45491
46711
46537
46537
46935
46935
46542
46935
46530
46542
46531
45491
45491
46935
46531
46330
46331
46518
46531
46330
46330
46331
46331
45939
45573
45465
45562
45468
45547
45562
46394
46896
46394
46896
46896
46896
46625
46625
46894
46627
46627
46626
46627
46627
46626
46626
46626
46625
46625
46894
46894
46894
46643
46643
46893
46894
46910
46894
46627
46357
46357
46543
46543
46910
46910
46543
46545
46545
46910
46545
46545
46545
46545
46910
46910
45562
45562
45767
50341
50600
50851
50851
50851
50869
50869
50851
50600
50852
50596
50852
50852
50584
50351
50584
50351
49426
50584
50586
50594
50596
50594
50586
50586
49426
50586
50351
50596
50351
50888
50888
49441
49519
50888
49441
50868
50852
50868
50868
50868
50869
50868
50869
50609
50608
50869
50869
50868
50868
50501
50501
50600
50600
50596
50594
50594
50315
50613
50316
50316
50311
50345
50345
50831
50458
50458
50460
50458
50519
50458
50519
50459
50459
50459
50519
50524
50519
50524
50819
50519
50817
50458
50831
50831
50345
50831
50311
50345
50345
50315
50831
50315
50817
50817
50817
50817
50817
50570
50570
50570
50832
50832
50582
50832
50832
50832
50315
50315
50315
50315
50586
50586
50586
50586
49502
50582
49502
49497
49476
49476
49502
49502
49476
49502
49502
50586
50586
49464
49464
49503
49476
49476
49913
49913
49913
49793
49788
49921
49921
49497
49820
49820
49806
49497
49497
49497
49418
50582
50582
49494
49494
49494
49497
50570
50586
50586
46645
46645
46893
46652
46549
46867
46867
46867
46933
46934
46933
46933
46574
46934
46575
46574
46574
46542
46542
46566
46565
46565
46935
45504
45504
45491
45567
46551
46548
46548
46551
46546
46546
46843
46843
46881
46881
46637
46628
46881
46628
46628
46628
45546
46628
46357
46357
46357
46859
46859
46556
46556
46556
46556
46556
46556
46556
46515
46530
46515
46553
46518
46542
46565
49733
50001
49999
49673
50001
49999
50001
49965
49965
49965
49965
49965
50089
50631
50631
50631
49924
50686
49924
50576
50540
50686
50576
50651
49924
49831
49924
50631
50651
50631
49965
50089
50089
50089
50089
49831
49663
49663
49924
49560
49560
49987
49999
49999
49965
50630
50651
50686
50686
50288
50288
50475
50475
50472
50476
50477
50472
50477
50476
50477
50476
50558
50477
50540
50558
50558
50487
50488
50487
50650
50494
50500
50522
50500
50650
50650
50670
50494
50670
50650
50650
49652
50102
49652
49652
50102
49448
50102
49448
50102
49896
49891
49652
50642
49645
49696
50642
50630
49645
49696
49706
49645
49653
49697
49706
49766
49904
49904
49455
49904
49904
49455
49456
49891
49455
49435
49453
49523
49453
49523
49522
50501
50501
49522
50501
49522
50501
49523
49455
49523
49453
49453
49441
49456
49524
49524
49461
49461
49461
49461
50891
49448
50891
50891
49448
49456
49456
50102
49891
49555
49555
49816
49816
49987
49987
49987
49555
49820
49820
49806
49806
49806
49788
49858
49858
49820
49820
49921
49850
49921
49418
49418
49418
50540
50540
49850
49924
49663
49820
49987
49663
49448
50500
49460
50500
50532
50891
50891
50509
50500
50532
50522
50523
50523
50523
50523
50523
50523
50819
50511
50522
50523
49423
49441
49514
49519
49519
49514
49464
49426
49464
49514
49939
49514
50501
49494
49494
50570
50570
50511
50819
50511
50819
50511
49494
10899
10899
11011
11011
11011
11011
11011
11011
11011
11011
11011
11011
11011
11011
11011
11011
8510
8510
11011
11011
8510
11011
11011
8238
8238
8238
8238
8238
8238
8226
8226
8226
8238
8238
11011
11011
8238
8238
11011
8238
8238
8238
21192
21192
21192
21192
18694
21192
21192
18423
18694
18423
18423
18423
18423
18423
18423
18411
18411
18423
18423
21192
18694
21192
21192
21192
21192
21192
21192
21192
21192
21192
21192
18423
18423
21192
21192
21192
21192
18423
18411
18411
18411
18411
18423
18411
18423
18411
18411
18411
18423
4773
4773
4773
4773
4773
4773
4773
18411
4773
10986
10986
10986
10986
10899
10899
10986
10899
4660
4660
4660
4124
4124
4124
4795
4795
4124
4795
4795
8226
8226
8226
4795
8226
8226
4795
8238
4795
4795
8226
4795
4795
4795
4124
4124
4795
4795
4124
4124
4124
4124
4124
4660
4660
10899
4660
10899
4795
4795
4124
4795
4660
4660
4660
4660
4660
10899
10899
10899
10986
10899
10899
4660
10899
10899
10899
10899
10986
10986
10899
10899
21167
21167
21167
21167
21167
21167
21167
21167
21167
21167
4728
4728
4730
4730
4730
4730
4730
4728
21167
4728
21167
4728
21167
21167
4730
4730
4730
4730
4730
4730
4728
4730
4730
4728
21167
21167
4728
21167
21167
21167
21167
4730
4730
4730
4773
4773
4773
4773
18411
4773
4773
21167
21167
21167
21167
8238
8238
8238
8238
8238
8226
8226
8226
8226
18423
18423
18423
18411
18423
4773
4773
