28120
53560
26599
26599
28120
59936
59936
11125
43272
54055
43272
52272
59936
12254
53560
57869
53560
16102
57869
16102
2916
14754
2916
16102
24924
16102
57869
57869
34499
55187
32627
40362
55187
53660
57869
57869
51154
51154
58288
52272
45587
45587
55422
45587
40362
45587
55422
17949
17949
44420
56204
35236
35236
35236
58250
35236
54195
11030
54195
43816
43816
47430
47430
58250
58250
58250
43816
43816
43816
47430
43816
43816
43816
56822
43816
60064
43816
9901
28126
43816
43816
43816
45228
11594
11594
11594
39390
12599
45434
21331
50504
6748
58084
6748
11125
56383
11125
56383
56383
30166
11125
30166
58640
30166
26599
51154
56383
13033
56383
56383
56383
13169
9901
13169
58250
35225
13169
44516
44516
60055
60053
36200
55740
36200
60053
58501
58501
50661
54001
8244
43811
50661
50661
46512
51102
54769
46512
43811
2916
2916
2916
58288
36576
43811
48258
48258
8244
24924
36863
47264
33006
46512
46512
41597
14438
41597
41597
41597
42074
33006
33006
41597
42083
53564
33006
42074
33006
14438
14438
55735
45306
45306
45306
45306
47264
47264
47264
32627
32627
47264
32627
32627
32627
32627
58089
31345
31345
32627
31345
31345
50452
32627
32627
50452
50452
47264
33006
33006
45806
33006
35775
45806
5271
33006
43165
58593
44676
40573
54001
28474
58640
59731
59731
30166
58640
55139
55139
13033
47115
47115
47115
52641
60042
28474
28474
28474
28474
28474
52641
7770
7770
40573
7770
40573
52641
6356
6356
43165
43165
43165
38705
6871
43165
46226
54862
54862
31415
46226
45403
38705
38705
38705
54862
38705
38705
38705
55735
17842
17842
17579
42431
45403
2723
54423
51387
51391
51391
58186
54894
51391
51391
51391
51685
51387
45581
4436
51685
17809
51518
9004
25301
41623
10562
41623
11026
41623
42300
51518
57929
10278
42431
38218
42458
33509
42458
37607
37607
28082
59172
20682
23740
56204
56204
20682
20682
21331
23740
23740
17479
23740
44095
44095
51127
44095
51127
53353
23867
23750
14102
14102
58668
28346
11549
58668
58668
58668
5271
11549
45204
53353
10533
10533
53353
36971
38188
36971
5803
17695
33633
37640
58433
40322
40993
55123
40322
10610
11034
51127
963
11034
38834
51127
51127
38834
14189
53448
53448
38834
17479
31345
17479
56204
56204
56204
56204
56204
56204
26561
9364
12599
2950
59710
9364
24962
55967
58084
58084
3637
54801
55967
52085
54801
59834
52085
49938
55967
31758
31758
9467
37066
18855
29682
37066
37066
37066
29682
12748
53148
59431
38902
7902
7902
53448
33756
53448
57733
4633
49397
49397
49397
49397
39224
4633
33756
2629
963
32490
963
18417
21331
21331
24685
30800
34920
34920
24685
13664
54894
60025
60019
54894
54894
54862
8156
6356
8156
7770
54894
60025
58186
58186
33690
30542
33690
30542
55295
41313
41313
57505
51391
41313
41313
727
55295
49084
13025
13025
43480
21554
24633
20757
60019
60042
60019
20757
13664
60042
60051
47351
47351
6748
6748
49464
49464
60064
49464
60055
60064
60055
44732
49464
49376
44732
44037
49376
34296
34296
6772
19644
47754
47754
58356
55740
28898
54359
54359
50247
59559
54359
27873
863
50247
43460
43460
49464
6748
60064
60064
6748
53503
54359
59834
52085
49514
49514
49514
57178
48929
48929
57178
50766
52085
50766
38146
50766
48929
17630
17630
17630
38090
38090
13479
38090
38090
38090
25311
13479
27873
44152
25311
48688
44152
44152
55555
55555
33926
33926
55555
33926
31562
33926
14058
14058
14058
47441
14058
14701
24682
14701
38715
40778
38715
38715
14701
31562
40778
14701
14701
14701
14701
10525
14701
14701
24682
24682
14712
14654
14712
24682
24682
24682
14058
14058
14058
12052
23945
12052
12052
12052
23945
23945
20577
23945
23945
33926
31562
40778
38090
20258
46438
46438
17630
57309
59707
57309
55555
55555
57309
55555
57309
57309
57309
49081
36080
36080
36080
49081
49081
3530
3530
49081
49081
3530
55555
55555
3530
55555
57309
59707
51663
36080
51663
59707
51663
51663
36080
59707
3530
48688
48688
19644
6772
53563
13966
13966
53902
54199
49081
53902
53902
54199
57399
53902
47754
54258
54258
41368
41368
41368
41368
41368
6368
6368
36929
36929
36929
36929
7800
12748
36929
1918
1918
12879
49938
49938
49938
12879
33108
49938
49938
49938
49938
43237
43237
43237
43237
11771
33108
33108
33108
33108
33108
33108
31758
11209
55381
11209
39479
55381
11209
39479
11209
55381
39479
8146
8146
11771
11771
6368
2342
40878
2342
8146
15290
42818
39479
39479
42818
39479
55703
42818
42818
42818
429
40878
59119
429
50766
12888
39479
31758
40878
40878
58697
58697
58697
58697
2511
23716
36420
38802
36420
36420
4705
32524
19442
23716
38802
41368
38802
32345
39208
32524
49656
6368
41368
56843
56843
49569
29374
49569
11036
49847
25425
22655
22655
29374
19442
19442
41368
54422
50743
50743
54422
54422
54422
59756
54422
50743
50743
42929
53161
53161
50743
42929
53161
59756
59756
24722
56068
24722
48898
14395
48523
43748
14395
43748
24722
43748
48898
56068
48523
24722
24722
24722
59756
56068
54257
54257
56068
53161
54456
52039
58000
52039
52039
52039
51898
51898
53161
53161
36597
36597
50743
50610
50610
36597
50610
34680
34680
34942
34680
37997
13702
13702
37997
13702
52380
34680
13702
46240
42796
34942
36597
58174
58174
58000
50610
50743
36597
51763
51763
50610
58529
58529
24722
54422
24722
40990
40990
40990
25279
56123
54422
49693
49693
21604
54411
53266
25279
58989
2550
2550
49026
49026
53266
56123
21604
56123
21604
57431
56123
56123
56123
56123
58850
58850
45520
45520
45520
45520
56123
56123
30684
30684
30684
30684
49026
24722
49326
49326
49326
43748
43748
24722
14395
43748
25755
49326
25755
25755
25755
45646
45646
25755
45646
57431
57431
57431
57431
57431
56240
56240
57431
56240
57431
50792
54720
54720
47480
47480
47480
47480
47480
1028
54720
54720
50792
47480
1028
1028
1028
47480
40014
40014
40014
47480
1028
47480
47480
46755
41037
39613
37169
53987
7820
43538
39613
41037
53388
19375
53388
53388
53388
27928
58850
27928
58850
27928
27928
56240
50792
50792
50792
50792
51710
48550
51710
54720
54720
47480
51710
48824
53288
49858
53288
49858
57431
48550
46915
57378
46915
56322
56322
53288
57431
57431
57431
56123
49858
49277
35817
50478
29599
49277
54408
47083
49277
34818
34818
50644
34818
50644
50644
48196
42503
30126
47551
8804
58385
58385
4611
58385
35514
25479
35514
25479
35514
35514
4611
37336
56277
47551
36844
36844
46615
30126
30126
47551
44712
42503
19491
44712
44712
26060
26060
17969
8804
6472
8603
57923
8603
57923
17969
18266
17969
17969
18266
46615
48183
51041
6472
51041
18728
18728
57923
19491
19491
19491
19491
19124
14335
29935
29935
19124
43553
57975
57975
43553
43553
8197
29034
3260
21765
10882
12022
31605
29034
34472
42430
12022
29034
48671
24739
57588
46043
48191
44242
14335
47083
53144
57923
53144
53144
54408
53144
53750
6124
53144
6124
28461
18728
18728
53750
6124
29599
29599
53750
6124
29599
50478
18728
18728
18728
18728
18728
18354
18354
18354
18354
18354
18354
18354
18354
18354
18728
18728
18728
50487
18728
18354
51041
48657
48657
44242
48657
56994
56994
48523
57588
57588
45396
43951
45396
45396
42430
55538
42430
42430
45396
34472
34472
34472
50166
39887
55538
50166
39887
52658
43951
43951
52039
58000
40427
40427
48657
45646
45646
50478
45646
48657
25755
50478
50478
29599
38654
29599
17617
836
836
25785
17617
32089
43334
33885
34636
24593
50073
33885
39829
30926
39163
22721
30926
39163
22721
18128
18128
43334
43334
50073
23057
8197
3260
18128
22721
23057
22721
23535
6637
23535
23535
22721
42227
59807
42227
22721
59807
39829
57117
39903
57117
39903
57316
57316
49872
49872
39903
35907
49872
16272
16272
57786
57786
50430
26712
16272
16272
5574
58273
40478
26712
52658
52658
32089
52658
19819
22593
53773
30070
2413
2413
2413
2413
15871
30070
42511
53773
28719
35970
38185
55959
35970
59495
17978
46776
33536
34164
35970
42511
35970
35970
32089
42867
42016
35907
36757
30637
36757
30637
43312
46560
36757
43312
23909
46560
46560
46560
20057
29168
23909
41130
23909
43312
43312
36757
10415
6120
43312
20057
20057
6196
39031
6196
21822
54582
29168
46560
55858
50980
50980
59495
57402
7375
55858
7375
7375
55858
57402
7375
35907
43312
43312
43312
43312
23178
43312
6120
6120
10415
6120
58129
55743
23178
30322
55743
36913
36913
43312
36913
36913
39903
41954
26565
2649
2649
39031
54582
56623
57423
54582
54582
56623
39031
54582
34562
54582
34562
34562
46389
17440
17440
46389
35440
17440
17440
13276
13276
58451
58451
35440
3375
46389
46389
54582
52725
56623
56623
57423
11858
52725
52725
16469
16469
52725
52725
13276
13276
13276
13276
13276
29939
39031
39031
6196
43496
25726
25726
25726
25726
52375
7375
52375
43496
43496
21953
2649
57269
52375
21953
22355
10997
10997
22355
10997
53240
27148
18910
56354
56354
18910
53240
53240
53240
53240
37414
37414
56025
12525
58508
58508
58508
58508
26363
11556
9237
57423
9237
11858
11858
37414
11666
51405
14444
24473
6377
6377
14444
54480
41521
54480
41521
40181
51405
37414
11199
48144
11199
11199
11199
48144
27148
4909
4909
4909
6546
57269
16439
6546
6546
20320
20320
20320
28526
16439
6546
58063
6546
59122
59122
59122
52531
37169
37169
24194
53987
13459
13459
37169
58136
57267
58136
57267
45224
13846
40123
40123
43385
48356
43385
32281
19242
22935
32281
19242
2359
55116
9736
13783
1898
48179
48179
40123
24194
3467
46159
25920
13459
22064
52262
52262
13459
52262
11102
22064
37949
37949
22064
22064
21122
13322
25920
13322
45900
32281
45900
47901
47901
11102
11102
11102
11102
47901
47015
45666
47015
45666
44731
44731
38945
52249
37638
38945
22698
43098
43538
41933
58537
58537
58537
58537
58537
58537
56841
56841
12657
56841
12657
58537
58537
58537
40653
40653
12657
9742
1517
26943
9742
9742
41766
1517
45286
51620
9742
45286
11374
27885
11374
16011
16011
21122
42606
21122
21122
37949
56841
11879
13322
26943
2949
56841
42606
56841
16011
42606
16011
56841
56841
37949
16011
6441
6441
33806
13374
24964
13374
24964
3125
7408
7408
44825
7408
22053
44825
56066
56066
25740
50181
21027
13505
25740
21027
13505
21027
16600
50181
41563
50181
23323
22053
23323
23323
37642
37642
37642
22053
29217
2483
2483
56066
21711
41766
41766
29217
1517
29217
1517
30068
30068
56416
56416
24964
30240
30240
40067
48132
48132
1517
13029
41093
54945
20783
13029
43555
20783
43555
43555
30202
43555
30202
43555
19364
43555
19364
43555
43555
43555
43555
20783
20783
30202
27015
20783
27015
54945
41093
32672
41093
32672
32672
32672
41093
41093
43187
43187
43187
27015
20783
27015
27015
32672
18354
27015
27015
27015
18354
18354
18354
20783
20783
20783
27015
43555
27015
18354
27015
27015
18354
16495
16495
16495
16495
16495
16495
16495
27015
43555
16495
16495
16495
16495
16495
28461
28461
6124
28461
6124
6124
53750
53973
6124
6124
28461
28461
28461
16495
6124
51839
51839
16495
16495
18354
18354
18354
18354
18354
50487
18354
1
50487
50487
10387
50487
18354
1
10387
10387
10387
10387
9331
9331
4127
1
1
1
1
1
27954
51041
51041
8559
36748
39767
8559
8559
55072
55072
36748
59899
55072
29195
29195
36859
36859
59899
54513
54513
536
536
10403
10403
536
34571
54513
54513
54513
51831
54513
59899
57392
50829
50829
36859
42040
29143
37221
29143
42040
34710
34940
34710
34710
34710
34710
29143
34940
24844
34458
34458
45018
36859
36859
57392
37221
25791
25791
29195
34710
26499
29195
34710
36748
34710
36748
39767
21959
21959
31297
21959
31297
44848
16366
39767
44848
31297
44848
41248
41248
36011
36011
41248
36011
23728
23728
23728
45411
24543
45411
23728
23728
44848
30735
41248
31935
16366
19370
19370
31935
45701
19370
35562
35562
35562
39767
12746
41232
50454
34786
12041
45701
50454
29985
8559
41232
45411
45411
45411
49822
20531
34615
49822
47117
34615
34615
29104
49319
47117
45731
24543
34615
24543
34615
29104
49822
13260
28842
29104
13260
6900
49822
45411
24543
58517
24543
58517
36748
536
8559
29642
536
18701
18701
536
13445
13445
13467
13467
13467
13467
30768
30768
30768
30768
30768
37937
1019
1019
30768
13467
21501
30768
6626
6626
1019
6626
6626
13467
18701
18701
31247
26000
26000
26000
31247
26000
13467
13467
21501
21501
13445
13445
46121
14745
1371
46121
14745
46121
46121
1371
34707
34707
29642
34707
45541
3635
29642
29642
45541
20847
14082
45541
14068
45541
14082
12041
3635
14068
46121
40108
40108
55332
29642
37693
37693
19384
54889
12262
12041
12262
54361
54361
54361
49458
39902
49458
49458
9239
12574
54581
12574
21547
21547
7297
7297
7297
21547
9239
8759
36108
28790
9239
6345
9239
49458
6345
39902
39902
6345
39902
6345
39902
39902
39902
39902
39902
54361
10447
10447
10447
10447
32485
34786
43052
34786
43052
10447
53132
25460
25460
12411
12411
53132
53132
10447
32485
30735
20367
18710
25460
12411
28046
18710
30735
28046
20367
20367
30735
51542
40108
36108
28358
40108
13509
28358
53138
23035
5943
32682
23035
23035
4242
4242
5444
46842
26362
4242
5444
32265
32265
28911
32682
32682
10550
53054
10550
26362
28358
53290
43544
43544
39416
22236
46077
46077
26362
22236
22236
43544
43544
53290
9157
22236
22236
9157
59477
59477
59477
14745
34710
38256
38256
38256
28101
28101
28101
28101
28101
28101
28101
21869
28101
34710
9515
21869
9515
9515
9515
21869
9515
21869
45018
31997
16934
9515
31997
9515
9515
9515
21869
28101
16934
45018
45018
9515
34211
34211
9515
34211
45018
33128
33128
33128
33128
33128
45094
33128
33128
15184
15184
33128
15184
33128
7529
21111
21111
33128
33128
51557
33128
15184
15184
15184
15184
51557
31938
51557
49757
38256
38256
38256
49757
18261
31997
16934
31997
18261
31997
18261
31997
4772
4772
4772
9515
9515
9515
4772
18205
55852
19894
55852
18261
55852
19894
55852
19894
19894
18261
38256
18261
38256
32567
38256
34710
34710
49757
16934
49757
49757
51557
51557
51557
51557
21111
51557
49757
49757
21111
7529
21111
7529
49757
34710
34710
58517
58517
55852
9585
34615
55852
34615
55852
18019
57609
18019
57609
57609
57609
9585
57609
7297
7297
7297
57609
8229
6345
6345
9585
8229
8229
8229
18019
19894
32567
12257
12257
42538
42538
42538
42538
7529
7529
49681
49681
16212
56270
42538
34872
49681
49681
49681
49681
42538
42538
51130
17022
34872
28842
16212
28842
45431
49319
16212
45431
51130
51130
34615
33118
33118
34615
24543
24543
23728
48428
48428
31826
38989
24130
24130
24130
31826
18421
18421
18421
8409
18421
38989
8409
1953
31826
1953
23561
31826
23561
5655
13160
13160
13160
23561
25870
50964
25870
31826
31826
31826
8229
8229
8229
23561
9840
23561
9840
31826
8229
14684
14684
7297
10550
14684
47794
14684
23106
50964
50964
50964
50964
50964
25870
50964
50964
50964
50964
25870
9840
50964
25870
25870
9840
9840
50964
50964
18421
9840
23561
23561
31826
31826
58017
58017
19894
23227
58017
58017
52277
23227
23227
23227
47794
14684
53708
32265
44864
11180
44864
36859
54451
54451
32003
4772
19177
4772
4772
5632
47794
36859
49302
49302
51831
4242
57392
5444
51831
58017
58017
48123
19177
59449
22856
51729
51729
51729
26733
26733
26733
51729
26733
26733
42980
22856
22856
26733
26733
26733
26733
26733
26733
26733
26733
26733
26733
51729
51729
26733
59449
59449
59449
48123
18927
18927
6864
47703
47703
45284
6864
19177
19177
22856
34211
16182
16182
57862
26733
26733
34211
57862
18205
45284
28082
36206
36206
32693
5353
27181
42228
53259
42885
42228
51790
51790
42228
42228
42228
42228
47814
28188
31300
28188
31300
28188
20182
31300
51790
28188
47020
47020
47020
30871
40330
30871
44578
44578
40330
7563
30871
30871
30871
30871
53259
22792
22792
22792
30871
22792
42458
22792
42458
5353
5353
5353
33509
33509
42885
56334
50306
56334
50306
32693
32693
20182
20182
32693
19018
19018
7906
7906
8113
1244
3744
8113
7563
49044
1244
1244
3744
44418
44418
49247
52391
38312
38312
45502
16948
10676
41867
52983
52391
54688
45369
49044
4901
56518
4901
4901
36298
36298
53259
53259
53259
36298
9241
9241
9241
42458
33509
42458
42458
42458
7906
53014
7906
53014
53014
54688
43869
43869
46815
46815
38464
39471
56518
7296
31614
16207
16207
16207
47723
56470
8956
53056
16293
8956
53056
56408
16293
56470
55289
37589
55289
55289
55289
35702
55289
55289
55289
9689
45502
57157
16948
9689
26357
26357
30277
26357
30277
20906
20906
26357
20906
15381
33941
33941
49177
39900
35804
32397
35804
4581
21535
15381
21535
6961
56054
56971
25107
34585
34585
56054
56468
56468
2138
3628
3628
4581
50196
50196
50196
27811
46068
25107
46068
6961
46068
41477
46068
41477
30149
30149
39654
46068
41477
46068
55382
56971
56971
10780
10780
10780
10780
56971
55382
10780
6484
8450
37924
3505
3505
59657
59657
27811
34513
3628
16507
16505
2815
13370
2815
27174
58489
9885
38912
24296
55804
54659
15988
27174
33035
29001
40059
29001
40059
49728
18231
21810
33035
21810
10278
59787
10278
11855
11855
11855
44545
44545
44545
12539
32707
11757
11757
32707
35979
17208
17208
57929
17208
59172
53564
42083
14440
4284
4284
50066
19697
19697
58940
42255
50066
42255
53483
53483
42255
7128
42255
15517
42255
42255
15517
26656
15517
15517
15517
11609
11609
26352
56648
26352
56648
56648
16818
16818
34769
22273
26656
22273
35077
39918
35077
35077
53483
11914
26656
11914
26656
3633
15664
30154
11914
42255
7128
42255
7128
45371
58940
33610
33610
51659
45371
33610
33610
9131
58012
40644
58012
51659
24828
24828
56305
56305
24828
42255
16818
26352
16818
49682
49682
27909
58492
27909
55344
55344
18680
55344
18680
12693
37011
40597
55519
25622
25622
25622
43389
17779
52570
17978
17978
17978
40160
49003
40160
45136
35103
35103
40160
53664
35103
40644
27849
35103
27849
51659
18252
38657
25641
3810
15871
55519
56012
3810
3810
30154
25771
15912
32289
3810
3810
15871
13986
28719
13986
3810
32289
33807
49962
15912
15912
57401
35734
45994
45994
57401
57401
57401
44101
52380
52380
52380
52380
52380
42796
42796
36750
36750
16599
46618
46618
58174
54274
13848
38283
44824
58000
54274
16599
16599
43712
15912
43712
16599
34721
42796
52380
54667
54667
54667
46820
23629
52672
23629
52672
56225
42096
42096
50462
35734
50462
35734
14107
14107
35734
14107
50462
19787
14107
45167
45167
44101
44101
44101
44101
44101
57401
44101
57401
9737
52536
9737
9737
9737
9737
44101
44101
44101
9737
9737
57651
57651
52536
57401
52536
52536
42119
52536
35741
35741
35741
13702
13702
44101
37997
37997
37997
52536
52536
52536
35741
35741
25108
25108
25108
47066
45167
3410
36294
49548
3410
25807
25807
43350
25807
24637
25807
35893
16034
43350
49215
43350
43350
43350
36294
42992
52913
50825
50825
42992
50825
50825
40450
42992
42992
51273
31025
52786
36294
52913
52913
40450
40450
18680
49215
12693
12693
12693
47829
58492
58492
58492
4511
12693
47829
16034
16034
17230
16034
17230
35893
35893
35893
16034
35893
8396
33466
33466
33466
33466
43470
43470
43470
43470
11087
11087
53749
11087
53749
24637
24637
24637
24637
33466
28217
18823
33466
8396
28217
18823
18823
1157
18823
28217
53749
8396
8396
8396
8396
1157
8396
16912
8396
1157
16912
1157
1157
8396
17230
17230
16912
17230
44319
21363
54871
54871
21363
11087
32677
11485
26941
26262
11485
26181
23751
26262
26181
32677
11485
26941
11485
26262
26181
54871
59196
7949
26181
26181
54871
59196
40083
52152
4783
52152
4783
58235
46534
46534
50027
58063
58063
50027
6546
50027
6546
6546
6546
16439
28526
16439
58235
58235
58235
4783
55954
55954
59122
59122
59122
58063
11199
11199
11199
11199
28176
28176
28176
11199
10429
49383
59270
59270
49383
51273
32729
32729
35533
35533
37234
28176
28176
37234
28176
13863
13863
21234
37234
41201
8652
2104
41201
52748
25656
2104
2104
25656
25656
25656
3074
3074
3074
3074
3074
2104
9488
778
3074
9488
255
7302
7302
6337
255
6337
6337
32515
32515
52748
2104
52748
52748
52748
52748
3074
42590
8652
25054
29223
29223
28176
28176
29964
29964
28838
3708
28838
25054
1813
3708
34035
10869
10869
7302
18033
32069
28176
28176
32729
32729
32729
32729
32729
32729
32729
34341
28176
28176
32729
34341
41151
41151
6411
41151
41151
4341
52748
41151
4341
41151
41151
42180
42180
6411
6411
7949
52748
42590
42590
42590
11373
11373
11373
11373
11373
31771
31771
11373
11373
11373
31771
5440
19883
17008
19883
19883
19883
19883
19883
11373
17008
11373
19883
11373
42590
42590
11373
42590
42590
42590
42590
48965
11373
58750
7104
59344
55286
7104
15601
55286
15601
55286
9689
20577
55286
36080
11335
36080
57399
36080
36080
57399
11335
11978
57399
51663
20577
38676
38676
38676
38676
57157
15601
54649
16948
54649
54649
54649
54649
54649
54649
16948
13032
13032
40594
59344
42739
54688
40594
54105
41551
48619
17983
4836
57036
53802
53802
56207
40014
53802
53802
10827
10827
47496
57036
57036
10827
46915
51710
46915
46915
45278
47496
57036
57036
41551
57036
45278
25307
57036
40014
13265
13265
5631
5631
5631
26615
58238
21148
21148
41933
41933
50447
26615
41933
26615
15001
26615
26615
58238
5631
26615
26615
26615
54466
54489
54466
30409
54028
16821
16821
15192
19670
59190
17669
48180
59190
14730
33497
48180
14730
17669
46281
59190
46281
59190
15192
19670
17669
9537
17669
20679
20679
53661
53661
19131
19131
19131
19131
53661
19131
19131
25108
19131
25108
25108
59430
42119
59430
42119
59430
59430
42119
59430
59430
42119
42119
19131
53661
53661
53661
19131
19131
19131
54191
54191
47066
54191
47066
47066
19131
54191
53661
53661
53661
53661
53661
53661
20679
6454
6454
53661
20679
20679
20679
20679
20679
29855
29855
20679
29855
6454
53661
6454
22288
53661
11408
11408
53661
58162
20679
58162
20679
58162
58162
58162
58162
58162
58162
47874
54191
47874
47874
54191
54191
54191
54191
54191
54191
37903
54191
37903
37903
58162
54191
47874
32432
47874
58162
32432
1320
32432
32432
56112
56112
47874
47874
47874
47874
39540
57642
57642
57642
57642
20012
20012
20012
1320
36245
20012
1320
36245
25666
25666
25666
25666
20012
18106
55198
18106
55198
58162
20679
25666
25666
20679
20679
18106
18106
34712
34712
18089
18089
20063
20063
20063
20063
51153
51153
24207
52115
52115
24207
46875
24207
24207
24207
58743
18106
58743
18106
55198
55198
18106
18106
48985
48985
40282
35365
48985
35365
35365
58057
24240
42346
42346
26966
52115
24957
13647
28454
2692
5859
28454
5859
28007
28007
38857
59279
51455
19511
2692
11156
42346
26966
42971
26966
49503
42115
42971
42971
8831
8831
38857
19117
14921
14921
38857
21700
21196
21196
21196
21196
9081
9081
2338
2338
2338
2338
14553
32497
2338
14553
40844
40844
14553
14553
40844
40844
50609
46493
14765
14765
14730
40844
32896
32896
32896
14199
40844
14765
14765
59190
14765
14199
32497
14199
14199
32497
4736
2338
28663
28663
21449
28663
28663
4736
4736
16954
16954
4736
25677
23833
25677
29855
18106
18106
29855
11408
11408
29855
48817
11408
48817
784
5856
784
5856
28417
28417
27624
27624
39282
15471
20129
39282
42081
27652
42081
34901
31905
42081
42081
49131
49131
51489
51489
4924
4924
31693
39368
31693
18469
4924
41469
41469
20068
54430
55863
55863
55863
55863
20068
20068
20068
20068
44564
20068
20068
51300
20068
20068
44564
47163
31693
34901
31905
31905
31905
31905
50931
6845
6845
6845
5239
42816
54866
53335
39282
39282
36710
15471
15471
55549
27652
27652
40770
40770
36710
53830
53830
53830
55863
40770
45798
55863
17214
5749
45798
40770
17214
35296
35296
35296
35296
35719
31255
31255
53830
31255
31255
53830
59073
35719
59073
35296
49759
49759
28575
34647
28575
15471
16052
15771
34647
15771
34647
20129
20129
16052
16052
37593
20740
26848
26848
26848
20740
36656
36656
27504
25557
38542
25557
38542
25557
52216
52216
25557
34202
23865
15540
36656
26848
26848
27679
10132
10132
23717
27504
9696
23717
19548
22525
27504
27504
27504
50004
33773
33773
55284
33773
24375
54637
45743
58685
23173
54866
43630
42447
54866
42447
43078
43078
43630
43078
23173
45743
23173
54637
23173
45743
54637
11457
11457
18018
18018
18018
22525
22525
9696
9696
43236
35600
5749
51300
5749
45205
21777
17366
45205
21777
21777
32991
32655
32991
32991
53724
53724
53724
32991
53724
53724
53724
53724
53724
32991
53724
53724
32991
53724
53724
53724
53724
53724
53724
56336
44197
56336
44197
32655
21777
21777
32655
32655
21777
52735
52735
52735
35600
32991
11546
11546
9896
9896
11546
9896
32991
9896
56336
11546
17366
3929
3929
3929
17366
45205
21777
17366
42554
42554
17881
17881
5989
5989
3929
18152
18152
32355
18152
17881
32355
32355
17881
24231
20639
14480
24231
17214
18152
16447
16447
17214
16447
3929
6133
6133
16447
6133
16447
6133
17881
17881
17881
42554
17881
9891
42554
9891
9891
9250
9250
22359
9891
9891
9250
54416
24231
9250
42554
42554
42554
51300
9891
9891
9891
9891
42554
9891
42474
52483
42474
52483
59277
42554
59277
15171
35600
35600
34564
51300
58484
9498
9498
58484
9498
9498
37327
9498
37327
58484
37327
58484
27172
27172
8587
8587
27172
8587
56970
27172
17034
17034
36803
31288
19543
19543
56970
17034
43717
27119
15562
43717
37327
37327
37327
37327
37327
43717
37327
18926
18926
42474
36803
8587
31288
31288
43366
43366
43366
42474
4740
27761
27761
4740
36803
22359
44537
9498
9498
29083
29083
49444
49444
48254
48254
58484
24417
48254
42574
42574
24417
50931
50931
59247
14499
59247
24417
20730
6803
49444
6803
7936
7936
6803
49444
49444
7936
20084
27735
26949
20084
6803
20730
49444
58498
49444
49444
58498
29770
29770
44537
44537
44537
44537
44537
44537
46834
46834
14165
14601
14165
29770
45355
8784
29770
51871
9210
58498
51871
59614
59614
44984
44984
14601
23402
41825
23402
16119
16119
42585
10567
37481
7148
7148
10567
10567
54416
22986
17244
27761
22986
25783
30630
30630
48528
30630
48528
48528
52781
25783
25783
42090
17244
25783
42090
52781
52781
9097
35552
27761
27761
27761
48528
35552
35552
45589
21210
35552
21210
35552
52781
45589
21210
45589
45589
45589
45589
45589
45589
45589
45589
48528
45589
45589
45589
9896
9896
9896
9896
35552
35552
45589
35552
35552
22986
22986
35552
22986
35552
53760
54416
54416
54416
54416
54416
52781
52781
52781
9097
24231
24231
26123
24231
26123
24231
38892
38892
17799
17799
56359
56103
56072
7163
47709
17799
55058
39229
28538
39769
36803
48899
43366
43366
36803
43366
39769
54401
27119
43717
56103
56103
14601
3099
56103
15659
56103
58453
58453
14700
26893
31255
15659
31255
15659
26893
6114
41825
23275
39749
39749
17018
56359
48594
51762
56359
1458
31255
6114
52933
52933
18951
56359
48594
53830
48594
37767
37767
42477
36276
36276
36276
42477
58111
27168
58111
58111
58111
58111
58111
59371
58111
59371
58111
51673
51673
3610
27903
27903
3865
7996
7996
27903
7996
27903
3865
7996
27903
44966
44966
27903
3865
24012
27168
24012
58111
3865
3865
3865
27903
16512
6367
6367
16512
48959
51673
10707
10707
24390
10707
10707
31924
48139
48139
31924
33317
27791
45679
43736
33317
35134
2263
5151
43736
24012
42477
17891
34725
27168
17891
27168
34725
27168
27168
3865
3865
17891
45679
3610
3610
3610
3610
3610
3610
3298
47699
3298
3298
25194
47699
47699
47699
3298
42477
25194
25194
25194
36394
36394
36039
36039
41046
41046
58247
36394
33317
27791
3298
3865
3298
3298
12868
12868
12868
12868
15513
25948
15513
15513
25948
25948
24297
1719
30444
984
984
58285
24297
44325
4081
4081
44325
984
4081
34848
5257
34848
34848
58285
1719
58285
37164
56739
37164
27028
37164
37164
58285
56739
33586
58285
4579
48408
58285
4579
33586
30444
30444
33586
33586
12868
30444
46492
15513
34848
9233
16112
16112
9233
16112
34848
5257
16112
26354
26354
26354
11037
4870
24647
58565
24647
24647
4870
40612
15513
40612
15513
4870
4870
24647
4870
24647
24038
36039
36039
24038
45981
48226
48226
45981
30982
53129
30982
30982
56664
53129
56664
53129
36039
36039
27507
11611
11611
12868
41936
43549
41936
41936
34378
34378
10262
3234
34011
34378
3234
3234
3234
34378
1204
1204
34011
10262
10262
48408
10262
10262
27507
3234
46492
27028
27028
46492
10440
10440
10440
10440
10440
10440
7996
3
3
47699
34725
17891
34725
18897
44389
54898
18897
48667
5868
54898
48667
54898
3874
41348
45763
54898
41348
45763
3874
38532
38532
33410
1622
1622
1622
1622
11823
1622
5868
19146
19308
19308
19308
19308
19308
19308
32762
32762
41474
19308
50967
50967
18693
19308
26574
26574
17922
10420
17922
17922
17922
17922
17922
10420
10448
17922
10420
22622
10420
17922
17922
4296
39776
39776
48035
17922
48035
22193
22193
54898
22193
58782
5868
18897
24273
24273
48036
24273
48036
24273
58871
41958
58871
9886
9886
52443
52443
39803
9886
9886
52268
52268
52268
52443
52268
52443
22661
22661
9886
41958
10365
44389
10365
44389
9886
48036
21130
28229
22661
28370
34069
28370
15275
15275
46301
45883
31454
45883
31454
54173
55829
41273
41273
28370
32252
594
28370
4602
4602
594
594
4756
13543
7171
45314
45314
38797
4756
19146
594
55652
38797
19146
55652
19146
55652
19146
10338
36133
36133
10338
3844
3844
38797
3844
37096
3844
3844
5868
44389
44389
44389
44389
26915
44389
26915
26915
19029
20067
5865
58782
27570
27570
58782
48035
48035
48035
48035
39776
39776
39776
39776
56635
25772
40755
56635
40755
20067
5865
20067
20067
29172
10887
10887
29172
22622
22622
10448
29172
32762
18693
18693
7484
40755
40755
4296
21574
21574
14595
14595
26251
26251
26915
26915
42628
43822
26915
43822
27465
27465
43822
27465
27465
27961
25399
29286
25399
11299
27961
55829
26915
26251
27465
48430
48430
5521
43036
42628
3522
27114
52268
3522
43981
43981
43981
43981
27114
52268
27114
27114
52268
52268
27570
42628
42628
29392
42628
29392
27570
29392
27570
27570
31169
25012
25012
31169
52268
10365
44389
44389
26251
33768
26251
37821
37821
37821
1651
1651
22628
1651
22628
1651
2494
37821
1651
44239
41196
44239
38506
38506
47163
47163
47163
47163
24819
24819
16610
14213
54821
14213
14213
14213
54821
54821
54821
54821
54821
54821
54821
54821
54821
54821
54821
54821
54821
14213
54821
14213
54821
54821
54821
16610
54821
16610
54821
24819
44251
44251
18469
18469
44251
44251
7989
14213
1384
1384
1384
1384
47163
38506
2850
1384
2850
1384
39368
47375
16610
16610
32282
32282
48183
32282
32282
32282
32282
59116
21410
59116
48500
11418
14725
11418
34913
28824
28824
34975
10400
31706
54935
22706
22706
48411
4717
47806
16600
16600
34975
56875
25439
45341
2777
23068
34913
17012
17012
3287
664
664
24195
21255
3287
4143
5
5
9713
664
21426
19874
21426
1614
4143
1614
17317
17317
1691
1691
44792
32687
32687
51161
47276
47276
51161
14274
14274
51161
27954
27954
32687
32687
32282
32687
32687
48183
9713
9713
9713
5
31677
20876
8480
20876
31677
8480
19690
37626
21410
47614
3701
32282
32282
21410
32282
3701
47614
52234
32687
48183
1691
35002
48183
46615
35002
35002
41457
1482
51723
51723
51723
57017
51723
58329
58329
54206
57017
41457
41457
57017
51723
51723
54206
1482
40447
36844
46615
36072
36072
36072
45797
57410
36072
50143
12954
57410
12954
10486
30620
10486
10486
10486
17343
10374
10486
10486
10486
10486
10486
10486
57410
10486
55230
57410
57410
57410
57410
57410
57410
17343
17343
19048
19048
19048
18686
18686
40153
56734
17343
17343
18686
18686
19286
18686
17343
19048
19048
55230
10374
10374
10374
30620
12954
12954
30620
53569
13822
53569
13822
11808
11808
11808
35283
4228
13822
4228
25491
45413
35283
25491
35283
42349
42349
42349
54830
45797
13822
10374
10374
15675
12954
50143
45797
50143
45797
45797
45797
12954
36072
36072
36072
36072
36072
37654
37654
57410
54375
54375
37654
54375
54375
59412
57410
59412
37654
37654
54375
37654
37654
56006
56006
36072
36072
45536
51929
45536
53378
45536
53378
53378
54928
54928
54928
54928
48875
41095
47361
20949
41095
41095
59390
59390
57522
57522
48875
48875
56708
56708
59390
57859
20949
20949
20949
47361
20949
20949
20949
59390
37175
37175
48919
49398
47361
54928
48233
48233
52147
48875
53378
45536
53378
53378
51929
53378
53378
51929
48875
29142
29142
48942
45536
45536
45797
45797
45797
38782
39587
38782
45567
45567
38782
38782
38782
39587
39587
25383
25383
36072
51929
51929
51929
56006
51669
51669
50405
50405
56229
56229
50966
50966
49931
49807
14556
49807
49807
49931
49931
49931
29156
56229
59453
10627
56229
59453
48942
14556
14556
48942
48942
14556
14556
14556
14556
48942
56006
44957
44957
22952
22952
39319
39319
59412
5124
25827
15979
33088
54825
47645
54825
33472
58124
54217
54217
54217
57181
51779
58124
47645
12703
21703
51779
51779
6025
51779
51779
48575
48575
6025
18996
18996
21703
50096
56597
50096
56597
51080
55895
53071
56597
55033
57158
33995
57922
7169
8072
27553
27553
44238
8072
17365
17365
43307
58407
58407
58407
58407
12120
12120
12120
33513
50132
33513
49448
50132
49448
39535
39535
40059
40059
49448
39535
19630
19630
54694
54694
54694
33513
33513
33513
18996
26653
26653
12120
37448
19630
37924
37924
37448
48391
15742
15742
33088
33088
33088
33088
36801
29308
39107
1131
36234
29308
29308
36234
54271
54271
38766
38766
8026
8026
26913
14333
14333
36234
14333
26913
27721
29738
52751
24707
435
56052
52751
435
27721
40653
29738
24707
48122
48122
22698
22698
48945
29596
29596
52160
35603
26265
52160
41384
35603
7654
40641
48945
47220
41384
40641
41384
40168
44513
54454
44513
30994
30994
38865
37638
52249
19884
41204
41211
27192
27192
55417
19884
27192
12821
51440
28714
28714
27192
44764
44764
37300
37300
31545
31545
34882
34882
33614
34882
33614
34882
58836
58836
55237
55237
41690
47964
33284
55237
16863
16863
32594
37300
28714
58336
16863
32384
51497
29970
57458
29970
42438
56466
55822
41211
56466
41211
55822
51739
55065
44099
55822
55065
51440
23738
23738
19776
19776
41635
75
37866
75
42438
7544
31969
16000
15878
15878
45509
7437
42438
16000
48442
32022
52253
48442
52253
4488
49489
43319
43319
39193
46520
43319
46520
18548
35146
18548
56658
56658
50220
41878
55982
41878
50220
39413
32483
28827
30714
39193
55982
55982
11450
20119
20119
22381
22381
52842
4307
40459
42971
679
679
55593
40459
17478
49777
17478
25266
7437
1874
17478
1874
41050
41050
41211
41050
58608
33916
58608
31534
33916
33916
31534
31534
51348
45882
34867
31534
28657
50761
28657
8084
50761
14107
50761
25715
51348
25715
31534
8084
31534
51348
18825
2512
18825
2512
18825
44412
56360
51348
18389
51348
56360
56360
56360
45882
21009
21009
17233
44099
35581
17233
45882
45882
55065
53957
53957
14535
14535
47119
27203
816
14535
37903
37903
37903
37903
37903
14535
18143
18143
47066
18143
37903
39540
816
3473
3473
3473
47119
47119
47119
52830
52209
25501
25501
50807
55804
59360
33513
20490
11845
56094
56094
49198
49198
31293
38192
42555
39466
39466
55369
39466
55369
52952
42952
39466
47760
47760
47760
57201
57201
12153
38192
42952
57242
42492
19477
52952
55579
20088
20088
49198
14588
14588
20088
44503
23923
23923
2843
2839
11845
6025
33513
18996
6025
34828
34828
33513
40359
14498
48575
16033
50591
14498
48575
50591
55804
29523
48903
11454
9885
8097
271
9885
271
8097
33987
33987
58035
17669
606
33497
12380
33497
12380
9885
749
15988
606
606
29420
18857
18857
40338
23771
43741
43741
23771
23771
43741
4983
43741
48648
43741
39240
39240
1981
39240
48648
39240
21854
1868
21854
40525
40525
21854
2425
2425
21854
1868
37386
39240
57135
48964
39336
39336
16538
57135
1981
11080
4983
1981
11080
11080
59388
57135
54809
54809
18716
38685
18716
38685
57135
59388
18167
59388
18167
11080
11080
11080
11080
58451
58451
4983
4983
4983
4983
4983
4983
4983
4983
20144
20144
13276
13276
48834
48834
48834
23771
48834
48834
23771
23771
23771
23771
4817
4817
4817
4817
48067
4817
48067
4817
48067
40338
48067
40338
40338
32964
32964
32964
39396
32964
48497
48497
43192
43192
43192
12896
12896
43192
12896
12896
5471
5471
43192
47423
47423
32964
3381
3381
32964
32964
43192
43192
8914
43192
48497
5471
5471
11254
11254
11254
5471
39396
39396
48497
52308
52308
39396
39396
3842
57834
13382
57834
8914
8914
1859
53234
1859
8914
43192
43192
39396
40338
48067
48067
48067
48067
36339
36339
36339
36339
36400
36339
36339
54294
54294
54294
54294
36400
36400
36400
36400
51140
51140
14915
5321
5321
24167
21983
24167
2696
21983
14915
2696
16853
2696
2696
47541
47541
47423
47423
24167
24167
3381
3381
44814
3137
6647
6647
3137
3137
11876
32755
934
47878
31254
934
3137
11876
11876
11876
11876
6647
19968
5257
5257
5257
5257
5257
19968
19968
27903
27903
19968
56651
34547
35811
35811
35811
35811
34547
5257
56651
56651
56651
56651
56651
934
934
31254
12383
31254
8875
8875
12383
39028
10800
10800
31254
10800
934
7534
39028
39028
7534
56651
47878
321
47878
32755
321
23004
3137
51520
23850
23850
51520
18136
30884
23850
16079
44814
18136
58565
58565
58565
1582
23004
1582
26757
42568
10070
10070
30884
30884
42568
42568
42568
38817
38817
10800
3451
53611
53611
2251
53611
53611
2251
52820
52820
27741
42214
13515
13515
52820
42214
23407
23407
52689
52689
52689
13515
17301
8710
17301
8710
17301
47223
17301
46148
47223
17301
51131
56651
17301
47223
8710
2055
2055
8710
7534
2055
39028
51131
52689
31146
52689
52689
52689
22460
13593
23407
23407
42214
9900
33572
33572
23407
22460
23407
7542
9900
9900
13593
31146
48958
4550
772
48958
4550
48958
56664
58247
772
23875
54520
27741
54520
23875
54520
44331
44331
54520
35045
54520
44331
35045
44331
42417
44331
56491
56491
42417
56491
9443
9443
56491
9443
42417
9443
9443
40220
13919
40220
13919
40220
40220
40220
42417
35045
35045
35045
35045
13919
13919
33444
33444
13919
33444
44331
35045
17709
23662
12786
12786
17709
3839
44331
44331
33444
5228
5228
5228
5228
24328
24328
24328
9007
24328
13478
13478
13478
13478
13478
9007
9007
5228
9007
9007
14460
14460
13478
14460
13820
13820
13820
13820
13820
13820
56316
56316
33999
2055
23875
56316
56316
2055
40744
14938
14938
9900
44253
9900
8619
8619
44253
8619
30476
56011
56011
56011
43104
8053
43104
56011
56011
30476
30476
30476
30476
13534
29173
13534
29173
8053
8053
26649
43104
8053
8053
26649
29173
14219
7542
7542
7542
7542
49325
28376
12786
12786
30476
3839
30476
55545
55545
2805
2805
7992
4452
4452
7992
7992
4470
7992
2805
12768
2805
17709
45446
17833
17833
45446
45446
7346
30432
7346
3371
30432
3371
3371
19664
19664
53523
32717
30093
30093
30093
16516
8293
8293
15521
23412
8293
30460
30460
31320
40912
16516
15877
30978
30978
19883
32717
3371
47909
47909
20756
20756
52314
20756
53523
53970
53523
53523
53523
47008
53523
43342
30680
53523
43342
35798
19883
35798
35798
33894
33894
35798
33894
33894
33111
33111
33111
33111
33111
19376
33111
33111
30794
15258
15258
40100
40100
40100
52314
52314
52314
52314
55592
40100
16912
47478
55592
55592
52314
55592
55592
35798
5440
5440
5440
5440
9488
9488
46830
15258
46830
15258
15258
3074
51632
27078
11612
51632
41474
51632
41474
22628
41474
2494
22628
50967
14595
14595
2494
14595
2494
22628
22628
22628
30681
30681
22628
47947
22628
30681
27654
27654
27078
47947
47947
47947
45433
28042
45433
28042
28042
28042
52118
52175
21790
16906
55096
52175
25488
52118
35765
35765
15620
8772
30558
52118
8772
28042
8772
8772
44674
47947
30681
30681
9265
44674
45433
31309
49301
43149
31309
16906
8106
56186
49301
39040
9428
9428
24077
10338
10338
11612
47784
37096
743
47784
743
11612
11612
11612
18388
30043
743
18388
38170
11091
39648
38170
38170
42810
33150
31649
59904
14404
14404
59904
16442
11490
50441
11299
16442
11299
11299
11299
50441
11299
59904
50441
36020
27656
11299
44239
41196
46301
27961
5529
11490
3844
7747
3844
7747
7747
7747
7747
5915
5915
26633
24673
26633
24752
24673
15058
15058
15058
31649
36020
36020
36020
36020
36020
27654
27654
27654
9265
9265
9265
9265
42049
9265
42049
42049
20690
13001
33150
20690
42049
41196
31649
33150
33150
42261
42261
32107
42810
42261
42261
32107
42810
45462
32118
45462
27625
56946
35849
23375
27625
35849
25768
25768
25768
25768
3596
3596
3596
3596
25768
23375
34481
23375
3596
3596
23375
47785
27625
56946
56946
1871
1871
45462
1871
1871
14567
1871
1871
14567
12313
32107
18212
12313
12313
12313
14567
12313
14567
48444
14567
1871
1871
32107
45462
46328
48444
46328
46328
46328
47785
46328
46328
48444
34728
9901
47430
47430
47430
47430
47430
47430
47430
47430
47430
9901
9901
9901
9901
9901
9901
9901
9901
9901
9901
9901
47430
47430
47430
47430
47430
47430
47430
47430
47430
47430
47430
47430
47430
47430
47430
47430
47430
47430
47430
47430
47430
47430
47430
47430
47430
47430
47430
47430
47430
47430
47430
47430
47430
47430
47430
43816
9901
43816
9901
9901
43816
43816
43816
43816
43816
47430
43816
43816
43816
43816
43816
43816
43816
43816
9901
9901
9901
9901
9901
9901
9901
28126
9901
43816
43816
28126
43816
28126
28126
28126
43816
43816
43816
43816
43816
43816
9901
9901
9901
9901
9901
9901
9901
9901
9901
9901
9901
9901
9901
9901
9901
9901
9901
9901
9901
9901
9901
9901
9901
9901
9901
28126
9901
28126
9901
9901
9901
9901
9901
9901
9901
9901
9901
9901
9901
9901
9901
9901
9901
9901
9901
34920
34920
34920
34920
34920
34920
34920
34920
34920
34920
34920
34920
34920
34920
34920
34920
34920
34920
34920
34920
34920
34920
34920
38705
34920
34920
34920
34920
34920
34920
34920
34920
34920
34920
34920
34920
34920
34920
34920
34920
34920
34920
34920
34920
34920
34920
38705
6871
6871
6871
34920
6871
6871
34920
6871
34920
6871
6871
6871
6871
6871
6871
6871
6871
6871
6871
6871
6871
38705
38705
38705
6871
6871
38705
38705
38705
38705
38705
38705
38705
38705
6871
6871
6871
6871
6871
6871
6871
6871
6871
6871
6871
6871
6871
6871
6871
6871
6871
6871
6871
6871
6871
6871
34920
34920
34920
34920
34920
34920
6871
6871
34920
6871
6871
6871
6871
6871
6871
6871
6871
6871
6871
6871
6871
43165
43165
6871
7770
6871
6871
6871
6871
34920
34920
34920
34920
34920
34920
34920
34920
34920
34920
34920
34920
34920
34920
34920
34920
34920
34920
6871
6871
34920
7770
6871
34920
34920
34920
43816
43816
43816
43816
43816
43816
43816
43816
43816
43816
43816
43816
43816
43816
43816
43816
43816
43816
43816
43816
43816
43816
43816
43816
43816
43816
43816
43816
43816
43816
43816
43816
43816
43816
43816
43816
43816
43816
43816
43816
43816
43816
43816
43816
43816
43816
43816
43816
43816
43816
43816
43816
43816
43816
43816
43816
43816
43816
43816
43816
43816
43816
43816
43816
43816
43816
43816
43816
43816
43816
43816
43816
43816
43816
43816
43816
43816
43816
43816
43816
43816
35225
35225
43816
35225
43816
43816
43816
43816
43816
43816
43816
43816
43816
43816
43816
43816
54195
43816
43816
43816
35236
58250
58250
58250
58250
58250
58250
35225
35225
35225
35225
35225
35225
35225
35225
35225
35225
35225
35225
35225
35225
35225
43816
43816
35225
35225
43816
35225
43816
43816
43816
35225
35225
43816
43816
43816
43816
43816
35225
43816
43816
43816
43816
35225
43816
43816
43816
43816
43816
35225
35225
35225
35225
35225
35225
35225
35225
35225
35225
35225
38705
38705
38705
38705
38705
38705
38705
38705
38705
38705
38705
38705
38705
8156
8156
38705
8156
38705
38705
38705
8156
8156
38705
38705
38705
8156
8156
8156
8156
8156
38705
38705
38705
38705
38705
38705
38705
38705
38705
8156
8156
8156
8156
8156
8156
8156
8156
8156
8156
38705
38705
38705
38705
38705
38705
38705
38705
38705
38705
38705
38705
38705
38705
38705
38705
38705
38705
38705
38705
38705
38705
38705
38705
38705
38705
38705
38705
38705
38705
38705
38705
38705
38705
8156
8156
8156
8156
8156
8156
8156
8156
8156
8156
8156
8156
8156
8156
8156
8156
8156
38705
38705
38705
38705
38705
8156
8156
38705
8156
8156
8156
8156
8156
8156
8156
8156
8156
8156
8156
8156
8156
8156
38705
38705
38705
38705
38705
38705
38705
54862
54862
38705
54862
38705
38705
38705
38705
38705
38705
8156
8156
18855
18855
18855
18855
18855
18855
18855
18855
18855
18855
18855
18855
18855
18855
18855
18855
18855
18855
18855
18855
18855
18855
18855
18855
18855
18855
18855
18855
18855
18855
18855
18855
18855
18855
18855
18855
18855
18855
18855
18855
18855
18855
18855
18855
18855
18855
18855
18855
18855
18855
18855
18855
18855
18855
18855
18855
18855
18855
18855
18855
18855
18855
18855
18855
18855
18855
18855
18855
18855
18855
18855
18855
18855
18855
18855
18855
18855
18855
18855
18855
18855
18855
18855
18855
18855
18855
18855
18855
18855
18855
18855
18855
18855
18855
18855
18855
18855
18855
18855
18855
18855
18855
18855
18855
18855
18855
18855
18855
18855
18855
18855
18855
18855
18855
18855
18855
18855
18855
18855
18855
18855
18855
18855
18855
18855
18855
18855
18855
18855
18855
10562
10562
10562
10562
10562
10562
10562
10562
10562
10562
10562
10562
10562
10562
10562
10562
10562
10562
10562
10562
10562
10562
10562
10562
10562
10562
10562
10562
10562
10562
10562
10562
10562
10562
10562
10562
10562
10562
10562
10562
10562
10562
10562
10562
10562
10562
10562
10562
10562
10562
10562
10562
10562
10562
10562
10562
10562
10562
10562
10562
10562
10562
10562
10562
10562
10562
10562
10562
10562
10562
10562
10562
10562
10562
10562
10562
10562
10562
10562
10562
10562
10562
10562
10562
10562
10562
10562
10562
10562
10562
10562
10562
10562
10562
10562
10562
10562
10562
10562
10562
10562
10562
10562
10562
10562
10562
10562
10562
10562
10562
10562
10562
10562
10562
10562
10562
10562
10562
10562
10562
10562
10562
10562
10562
10562
10562
10562
10562
10562
18855
18855
18855
18855
18855
18855
18855
18855
18855
18855
18855
18855
18855
18855
18855
18855
18855
18855
18855
18855
18855
18855
18855
18855
37066
37066
37066
37066
37066
37066
18855
37066
18855
18855
18855
18855
18855
18855
18855
18855
18855
18855
18855
18855
18855
18855
37066
37066
37066
37066
37066
37066
37066
37066
37066
37066
37066
37066
37066
37066
37066
37066
37066
37066
37066
37066
18855
18855
18855
18855
18855
37066
37066
37066
37066
10562
10562
10562
10562
10562
10562
10562
10562
10562
10562
10562
10562
10562
10562
10562
10562
10562
10562
10562
10562
10562
10562
10562
10562
10562
56334
56334
56334
56334
56334
56334
56334
10562
10562
10562
10562
10562
56334
56334
10562
56334
56334
10562
10562
10562
56334
56334
56334
56334
56334
56334
56334
56334
56334
56334
10562
10562
10562
10562
10562
10562
10562
10562
10562
41368
41368
41368
41368
41368
41368
41368
41368
41368
41368
41368
41368
41368
41368
41368
41368
41368
41368
41368
41368
41368
41368
41368
41368
41368
41368
41368
41368
41368
41368
41368
41368
41368
41368
41368
41368
41368
41368
41368
41368
41368
41368
41368
41368
41368
41368
41368
41368
41368
41368
41368
41368
41368
41368
41368
41368
41368
41368
41368
41368
41368
41368
41368
41368
41368
41368
41368
41368
41368
41368
41368
41368
41368
41368
41368
41368
41368
41368
41368
41368
41368
41368
41368
37066
37066
37066
37066
37066
37066
41368
41368
41368
41368
41368
41368
41368
41368
41368
41368
41368
50306
50306
50306
50306
50306
50306
50306
50306
50306
50306
32693
32693
32693
32693
50306
50306
50306
50306
50306
50306
50306
50306
50306
50306
42885
50306
42885
42885
42885
42885
42885
42885
50306
42885
42885
42885
42885
42885
42885
42885
42885
42885
42885
32693
42885
32693
42885
42885
42885
42885
42885
42885
50306
50306
50306
50306
50306
56334
50306
56334
56334
50306
50306
42885
42885
42885
42885
50306
50306
42885
42885
42885
42885
42885
32693
42885
42885
42885
42885
50306
50306
50306
50306
50306
50306
42885
42885
42885
42885
42885
42885
32693
42885
42885
42885
42885
5271
5271
35775
17695
36951
17695
17695
17695
17695
34500
33633
34500
38754
23989
23989
3141
29190
35246
29190
9818
10817
53009
23989
37657
37657
37657
33633
10817
38188
53009
53009
53009
42074
54171
54171
46691
46691
36200
57863
44504
44504
57381
54258
59186
57863
59186
21554
9901
35225
35225
2629
1092
1092
2629
9504
9504
48391
877
2629
37448
41836
16167
16167
304
43631
40641
35373
40496
5519
27368
1849
27368
1849
16565
39654
16565
39654
30149
39654
39196
30149
30149
16565
49173
26224
14338
46068
46068
31758
31758
51763
30684
48746
48746
30684
55272
59439
45891
56699
58529
37997
55272
44101
37997
58692
59961
51198
54233
55741
55828
10314
19974
33325
55835
53502
57378
20238
49492
25028
25028
47035
35121
35121
51053
47035
41495
58692
40044
19974
30684
30684
30684
49858
29939
29939
29939
29939
19885
29939
48834
40239
48834
4817
40239
40239
19885
40239
19885
19885
19885
42540
42540
42540
37263
42204
19885
14900
14900
37263
37263
5321
42540
16469
11858
11858
42540
11858
42540
19263
19263
19263
42540
1508
1508
1508
11556
9237
14415
49173
32237
3631
10525
14712
44304
44304
32209
3631
32209
32209
37589
16293
14654
37589
14654
14654
38676
38676
38676
12052
26224
26224
26224
26224
30149
33248
26224
50766
25425
41933
39008
15001
15001
15001
5908
15001
26615
26615
15001
26615
5908
32439
53009
53009
54205
53009
54205
54205
54205
53009
53009
32439
19093
32439
19093
44637
44637
37949
5234
22163
22163
13374
1957
32595
43007
1933
435
32829
43007
435
9588
9588
26524
5937
26524
32829
57202
23143
23143
53178
23143
53178
53178
31010
31010
28095
34833
34833
7608
7608
1933
28541
13374
28541
28541
13089
7608
8886
23762
17317
23762
23762
23762
23762
27653
8886
41248
18710
41248
36011
36011
28046
25855
28046
28046
28046
25855
38269
38269
38269
25855
35562
38269
38269
38269
38269
38269
38269
35562
19304
19304
19304
19304
19304
25855
25855
25855
25855
53452
19304
53452
35763
35562
53452
35763
35763
35763
12411
8229
23227
18927
18205
47703
18205
57862
45284
45284
26733
26733
26733
26733
26733
26733
51729
26733
26733
26733
26733
26733
26733
26733
26733
26733
58577
40594
42739
49084
49084
49084
40986
36989
56917
15418
15418
56917
34721
48813
52672
56917
5710
5710
56917
5710
53013
53013
48615
48615
48615
48615
53096
36024
55979
55979
36024
55979
36024
36024
55979
31626
55979
31626
55979
31626
31626
31626
31626
55979
43879
4965
4965
43879
5710
42096
12946
42096
34179
48813
11433
11433
50462
50462
34179
19787
34179
59960
59960
12946
18971
44895
19840
18971
5338
44412
19840
5338
46065
46065
17446
56360
32596
17446
40373
32596
25715
47066
45167
18143
52786
45681
45681
55799
55799
27849
9131
9131
59022
59022
44345
55344
45681
45681
19074
19074
53664
19074
19074
45681
52375
52375
19074
59270
43934
51273
45681
11199
28526
35127
35127
19764
43934
38676
41551
46281
41551
28663
26811
41551
26811
21449
13518
26811
534
26811
534
19193
22282
19193
22282
51053
51053
32761
41495
32761
23833
26811
25307
47864
7940
46289
59085
45278
17669
1330
1330
47771
47771
3678
19882
19882
19882
9818
44545
18857
44545
18857
53009
54028
25168
17533
17533
43700
5797
5797
5797
4668
4668
22707
22707
11603
19660
19660
55579
55579
42853
40509
48608
40509
54847
22707
42853
55579
48608
33229
33229
59279
19511
11023
11023
35249
46712
11023
35249
46712
41778
50466
10531
54847
54847
54847
34986
8910
8910
50609
46493
43700
33497
14730
3541
3541
20679
56112
56112
56112
56112
21034
21034
21034
3688
3688
3688
57354
57354
31378
43409
24217
24217
24217
43409
24217
25784
50253
25784
24217
7399
50253
50253
50612
50612
50612
56578
50612
45746
43409
43409
43409
43409
17237
43409
57354
49193
49193
49193
29620
3688
32432
31378
6211
6211
6211
31378
5884
31378
50253
5884
5884
50253
15662
29620
29620
7514
7514
59698
59698
18804
18804
29637
17237
30713
18804
30713
18207
29637
29637
49814
17237
43855
43855
40692
40692
3473
36245
58057
58057
58057
58057
6211
6211
6211
6211
40425
40425
5884
5884
40425
55391
55391
45363
45363
14015
47610
55391
55391
47610
38583
12519
38583
12519
55391
55391
55391
15662
18540
15662
24240
35365
12519
12519
26966
26966
55593
55593
7552
7552
7552
54866
54866
26949
6803
26949
31992
40326
39033
40326
40347
40347
4525
40347
40347
4525
4525
52744
17856
27735
52744
52744
52744
17856
7936
40347
2011
2011
2011
2011
2011
2011
40347
40347
39033
39033
39033
39033
39033
31992
30045
39033
39033
42447
30045
30045
30045
53645
39033
53645
53645
53645
53645
49852
52792
49852
52792
49852
52792
20730
24417
41469
14499
16735
24548
47375
47375
7989
14213
14213
47375
7989
16735
16735
44251
54821
54821
47375
54821
16610
54821
54821
54821
47375
9210
51871
42956
58498
7998
33811
58498
7998
7936
7936
43078
33811
57255
57255
57170
57170
43078
52744
43078
9696
25950
50851
14154
13188
14154
45259
45259
36922
50851
36922
45259
44885
33072
33072
5932
55142
5932
5932
55142
55142
55142
56594
56594
5932
13188
17823
44885
17823
44885
39749
7359
18951
23275
36306
24909
36306
36306
56594
56594
56594
10446
10446
56594
55142
1497
55142
50004
50004
15540
23865
34202
5932
23865
2456
2456
2456
39620
39620
10204
10204
34202
23865
34202
23865
34202
34202
20909
20909
20909
15540
9696
9097
9097
52781
7486
6465
7486
7486
7486
7486
7486
7486
21801
7486
7486
21801
21801
21801
21801
7486
21801
43366
43366
21801
21801
21801
20772
7486
21801
20772
6465
6465
19543
6465
19543
36394
47223
47223
27903
27903
34547
37080
37080
37164
37164
45094
7529
7529
7529
15184
830
830
830
830
830
830
830
830
830
31938
31938
31938
31938
31938
830
31938
830
31938
830
830
830
830
830
830
830
31938
31938
31938
51557
830
7529
31938
31938
830
830
17022
17022
17022
49681
49681
49681
49681
49681
17022
45431
49681
49681
56270
49681
49681
49681
49681
49681
56270
56270
49681
56270
49681
56270
56270
56270
56270
49681
49681
45431
45431
17022
45431
17022
17022
39803
39803
43981
48430
4127
4127
4127
4127
9331
9331
6890
6890
9331
9331
9331
9331
27954
27954
27904
31724
31724
40401
31724
40401
57377
57377
32928
26836
31724
40401
40401
27904
41129
32928
41129
41129
32928
27904
27904
27954
27954
27954
51161
27954
11637
11637
17845
46347
38260
14274
6890
6890
51381
6890
6418
51381
6418
6418
2483
2483
37642
6418
2483
6418
6418
37642
37642
4127
4127
6890
6890
6890
5049
5049
40401
5049
5049
5049
5049
7509
7509
9332
7509
5049
37450
1
4127
18354
46615
27954
27954
27954
27954
51041
57599
41457
16351
16351
29228
40662
40662
45420
57042
45420
45420
45420
45420
40564
40564
41730
45420
41730
45420
43833
43833
43833
41730
22368
22368
40564
40564
40564
40564
40564
40564
58998
57017
58998
42819
57042
49398
36071
37175
37175
48126
37175
57859
36071
36071
57859
56195
37197
50386
56195
671
30672
30672
671
36071
29228
57599
25479
3701
51522
51522
50136
40634
50136
50136
50136
40634
38051
42819
38051
40564
40564
47964
47964
40564
47964
47964
41690
41690
47964
47964
46187
46187
47964
43463
43463
59852
32594
59852
46187
39205
39205
50136
37277
33404
37277
56597
56597
56597
56597
58133
56597
48575
48575
58133
58133
32594
58133
32594
32594
58133
48449
46395
52234
33995
33995
57606
42878
57606
36355
39326
52234
51522
21069
23725
23725
23725
41563
13455
13455
13455
9332
9332
22136
9332
22136
42541
22136
42087
42087
42541
42541
42541
22136
58963
42269
42269
42269
42269
42087
7509
58963
7397
7397
21069
7397
25439
7397
59321
7397
59321
42541
59321
42541
5326
49270
49270
51873
51873
22801
47594
47594
51873
5326
45144
35431
29386
35431
59321
23685
35431
59321
23685
35431
46347
38717
38260
17830
17830
17830
9799
32877
11795
54387
47539
25439
56875
15351
38260
42349
25383
38782
54830
22896
45413
54830
45413
20751
20446
20503
20751
20503
34774
20503
34770
34770
32176
32176
46524
10255
28334
10255
28334
8883
8883
20503
20503
41288
42570
8883
42570
22896
38782
22896
38782
50041
38782
50041
38782
37628
41809
37628
40373
40373
41288
17446
40373
41288
41288
40373
15815
40373
33552
20168
20168
20168
39384
39384
51985
36057
20168
48233
52147
48233
17365
17365
28095
57606
56749
41804
41804
52640
56749
56749
28095
57922
58757
58757
30384
37758
12660
16683
12851
12660
20482
37758
12851
59622
59622
16341
16341
16341
34653
34653
34653
51698
51698
51698
13344
46578
51698
59622
14015
30646
47959
18540
35874
35874
35874
47610
16683
12851
16683
44348
54037
44348
36974
41210
10604
10604
12704
44811
56079
44811
56079
12704
58157
37192
59720
34620
41210
35146
35146
35146
27941
31835
31835
31835
41861
41861
9922
39418
47635
39626
39626
44348
41003
41003
54037
54037
47610
41920
54818
41920
54818
57980
51497
57083
19573
34622
54306
32594
16863
58133
48449
48449
48575
54306
48575
48575
47964
47964
11254
56461
11254
11254
11254
11254
11254
54040
39301
16781
54040
16781
54040
23977
38923
38923
38923
631
631
40181
23977
38923
38923
38923
23977
23977
23977
5471
54040
5471
34341
34341
32729
28176
5471
27637
56461
5471
27637
27637
56461
27637
38
27637
56461
44169
36349
1220
19286
6684
1220
6684
13853
13853
6684
13853
1220
18686
6684
18686
13853
30567
36349
36349
19286
29543
38
8914
53234
29543
42180
42180
42180
36349
42180
36349
19286
36349
42180
36349
36349
6411
56461
42180
42180
14176
42180
48965
42590
14359
6530
6530
14176
45011
36349
45011
31624
31624
40912
37063
31320
56734
56734
36349
56734
14176
14176
19286
19286
15877
30884
29462
30884
42044
29462
29462
42044
831
831
12768
28948
12768
14330
11070
11070
12768
42044
16775
11070
15213
15213
16775
31363
42044
15213
1417
16775
53221
31285
7992
14330
14330
17709
14330
7992
53221
4470
10070
10070
50793
50793
50793
22128
27797
27797
39971
39971
22128
50793
50793
10070
22128
10070
10070
31363
17054
16079
17054
31447
31447
17054
24331
17054
58845
31285
59576
58845
1396
17054
1396
24331
24331
58565
24331
14219
16079
5257
5257
49301
56186
743
40224
2133
40224
40224
19423
20841
40224
19423
10693
19423
10693
38356
20841
38356
38356
38356
20841
38356
1168
1168
44590
55096
10693
20841
40224
51454
51454
3722
20841
10501
743
9730
9730
743
9730
51454
51454
51454
51454
51454
51454
51454
51454
51454
51454
6270
51454
6270
9730
743
54244
54244
8156
8156
8156
8156
7770
8156
8156
7770
8156
7770
7770
7770
7770
7770
7770
7770
7770
7770
7770
7770
7770
7770
7770
7770
7770
7770
7770
8156
7770
6356
6356
7770
6356
6356
6356
8156
6356
8156
8156
8156
8156
8156
8156
8156
8156
8156
8156
8156
34920
8156
34920
6356
6356
10562
49081
32490
40168
40322
40322
29599
38539
53750
53973
29599
58736
52117
46568
46568
17040
17040
17040
58798
51959
14417
32281
41415
41415
19364
58798
51959
2359
48525
59683
51328
45938
55750
48928
13783
58211
38539
38539
45646
54511
57305
25755
54342
51745
51765
51765
48850
48928
55750
3260
3260
18128
59807
59807
31489
31489
31489
31489
53743
33728
18945
53743
18945
23447
18945
18945
11348
36548
59355
36548
40740
22577
33728
56474
33728
18402
52235
56474
56474
1645
56474
11641
11641
1645
22577
15884
38334
38334
48918
18959
48918
18959
52235
14741
32844
32844
36548
36548
59355
56277
56277
37336
17097
9420
5012
17097
5012
9420
9420
25479
25479
17097
22577
5012
15884
3045
42396
56857
3045
56857
9411
42396
3045
3045
10780
33387
54931
53132
53452
53452
53452
35562
53452
35562
35562
53452
53452
35562
35562
38269
35562
35562
35562
38269
53452
35763
46077
46077
46842
12649
26427
12649
12649
36150
26427
26427
36150
26427
15887
49027
15887
26427
15887
15887
22114
22114
47409
47409
58167
58167
22114
44991
5363
31247
26427
31247
58167
31247
36150
36150
39680
39680
51831
51831
12649
12649
49027
49027
21724
21724
21724
21724
47409
47409
16859
21724
694
5015
694
9157
5015
15069
24039
15609
15609
15609
15609
30414
160
45645
27285
30414
38052
27285
27285
27285
16303
16303
160
5097
5097
56253
56253
56253
45386
45386
45386
45386
5097
44586
38052
59117
38052
29507
29507
59117
39665
54711
45645
52622
52622
52622
52622
39665
45458
45458
45458
45458
17789
37785
8951
15609
34526
15069
34526
13887
15069
24039
24039
25769
25769
36975
46915
46289
59085
10680
10680
41495
51053
35121
47035
35121
47035
57651
54705
54705
32102
41950
45746
39949
41731
41731
39949
55955
55955
3979
34406
57279
35364
57279
35364
12431
57279
5176
5176
43222
17117
58225
17117
43222
58225
14892
51566
23058
12431
32708
38973
21507
38973
38973
47776
28051
28051
58405
47776
39484
10754
25803
47776
21507
34406
44642
41731
39484
39484
10754
29872
29872
29872
41731
44642
41731
47935
50612
47935
58405
31986
31986
58405
32655
56336
56336
32655
44197
44197
33398
33398
44197
33398
33398
18620
33398
18620
18620
56336
32655
53724
53724
44197
52792
52792
57170
57170
57170
52744
52744
57170
57170
43078
27028
39776
39776
39776
4296
4296
4296
4296
7219
7219
7219
7219
25772
25772
35552
21210
21210
21210
21210
21210
45589
45589
51739
51739
45749
45749
54164
54164
22368
54164
54164
54164
44099
33909
44099
55065
33909
48998
48998
17233
43067
50095
50095
17233
43067
52147
43067
54164
24288
50095
50095
54164
22368
55237
33284
22368
50466
19477
52253
38040
52952
19477
42492
42492
42492
48575
13382
3842
2425
19794
39336
19794
39336
6609
18471
18471
34835
34835
34835
34835
18471
18471
6609
46181
7281
16538
16538
16538
53285
46181
53285
7281
7281
7281
53006
53006
21999
46166
21999
6510
6510
42764
15196
53611
53611
36943
13218
36943
13218
26031
2251
26177
2251
26177
26177
3451
26177
26177
26177
26177
22620
22620
26177
22620
26177
26177
26177
26177
26031
26177
3451
3451
3451
15986
16239
15986
15986
15986
16239
16239
10800
16239
8875
10800
3451
14013
31235
31235
31235
14013
14013
14013
2060
2060
2060
22620
2060
22659
22620
52186
14013
14013
14013
14013
39991
4711
4711
14013
39991
14013
14013
14013
36943
36943
39971
36943
39971
7703
7703
7703
7703
7703
7703
40220
10341
10341
10341
39991
10341
17493
4711
10341
10341
27797
27797
31594
42568
22128
14219
14219
49325
24647
28376
42615
43104
42615
4470
42615
4470
42615
53221
42615
16775
4724
4724
42615
4724
4724
58845
59576
59576
2055
56316
12383
56316
12383
12383
8875
8875
8875
8875
16239
14460
14460
8875
14460
14460
14460
16239
36340
16239
8875
55592
55592
16226
16226
38970
38970
35894
38970
38970
16226
16226
47478
55592
38970
17230
38970
16858
58492
16858
55772
55772
35485
47829
17230
35894
35894
35894
47008
35894
47008
55592
47008
47008
30680
30680
17325
17895
17325
17895
17895
43206
47008
43206
43206
11174
43206
43206
50134
50134
50134
11174
52335
52335
17895
27596
27596
27596
26948
35485
17895
26948
52335
52335
40100
40100
19376
35041
35041
19376
35041
19376
35041
19376
36514
3653
36514
3653
29618
29618
29618
14231
29618
14231
14231
14231
14231
1564
1564
1564
26124
57207
36514
57207
39910
57207
39910
57207
36514
36514
3653
3653
18194
18194
18194
18194
30794
30794
19376
30794
19376
35041
18823
35041
18823
28217
54910
57207
28217
54910
54910
1157
33111
55096
55096
55096
55096
15481
15481
58482
58482
15481
52346
17270
8145
17270
17270
58482
17270
17270
17270
8145
29592
8145
8145
8145
52346
3529
29592
3529
29592
29592
17270
29592
17270
29592
29592
58482
17270
2956
1168
2956
1168
1168
1168
2956
22775
58482
52346
52346
35765
35765
25488
52175
35765
15620
29415
29415
15620
29415
29415
22213
22213
29415
8145
8145
23665
23665
23665
1428
9901
47430
9901
47430
9901
47430
35225
47430
35225
35225
35225
35225
35225
9901
35225
9901
9901
9901
35225
9901
56383
35225
35225
56383
35225
47430
47430
35225
47430
47430
47430
47430
47430
47430
47430
58250
35225
58250
47430
47430
47430
47430
47430
43816
47430
43816
47430
47430
47430
43816
47430
35236
43816
35236
35236
35236
58250
35236
35236
43816
43816
54195
54195
43816
43816
58250
58250
58250
58250
43816
43816
43816
43816
43816
43816
43816
43816
43816
43816
43816
43816
43816
43816
43816
54195
43816
43816
43816
43816
43816
43816
43816
43816
28126
43816
28126
28126
35225
35225
35225
35225
35225
35225
35225
35225
35225
43816
43816
43816
43816
43816
43816
43816
43816
43816
43816
43816
43816
43816
43816
43816
28126
43816
9901
9901
9901
9901
9901
35225
43816
35225
35225
56383
35225
56383
56383
56383
56383
56383
35225
35225
9901
9901
9901
35225
35225
35225
58250
58250
35225
10562
56334
56334
56334
56334
56334
56334
56334
56334
56334
56334
56334
56334
56334
56334
56334
56334
56334
56334
56334
56334
56334
56334
56334
56334
56334
56334
56334
56334
56334
56334
56334
56334
56334
50306
56334
56334
50306
50306
50306
50306
56334
56334
56334
56334
56334
50306
50306
50306
56334
56334
55076
57405
50031
1898
13783
48179
55116
46159
2550
3467
2550
54330
58000
44824
6120
58129
31978
30704
31978
31978
31978
37566
18167
37566
47634
31978
58273
26712
30322
47634
47634
18167
3375
3375
30704
30322
40478
5574
25769
25769
36975
36975
25769
1019
1019
27539
5097
27539
37937
46230
46230
39667
37937
25961
46230
39667
39667
37937
37937
37937
37937
25769
53749
53749
53749
36774
36774
36774
54910
36774
38860
36774
13529
38860
13529
53749
13529
13529
25474
38860
25474
25474
50584
50584
53749
38860
58856
10155
58856
10168
10168
10168
10168
58856
58856
10155
58856
10155
50965
50965
10155
45365
25474
25474
10155
13593
13593
32928
18859
52600
18859
46347
46347
38717
9799
32877
39504
32877
39504
18859
15486
11617
52043
9120
15142
2528
39055
29403
22348
29403
54387
54387
6090
16046
12456
50996
40401
40401
26194
26194
16800
14713
16800
53933
53933
50954
50954
44182
15135
35042
11214
14713
13041
28513
44182
21694
44182
21694
37450
34313
18811
34313
18811
15135
15135
15135
15209
50378
15135
50378
50881
50881
22538
50262
50881
50262
22538
39477
39477
24664
18688
53933
7372
13339
26836
13339
56645
28722
2528
39477
15142
24664
4011
56645
20037
5938
3589
35304
38203
3589
37057
49169
35660
20037
50682
13841
53285
53285
35660
37057
7516
59724
18716
59724
37057
38685
47247
18716
7516
35304
13841
37770
39319
20037
37770
10627
20037
39319
21999
59412
55230
59412
55230
41456
41456
14741
41814
37322
41814
41456
24688
38671
37322
38203
47247
47247
37322
26712
50430
38671
26712
26712
52504
18959
18959
47541
47541
47541
47541
23977
23977
21956
21956
21956
21956
21956
21956
21956
21956
27623
27623
27623
38396
14593
734
38396
34930
34930
21956
34930
34930
34930
40943
27275
27275
26923
343
55009
34221
39059
34221
10444
18666
18666
38923
10444
10444
38396
39059
59448
20149
38396
1753
59448
59448
14593
5414
5414
5414
5414
5414
56025
36009
36009
36009
36009
11556
36009
11556
49981
1508
49981
49981
1508
49981
57877
36009
36763
57877
57877
49981
10912
40912
10227
37063
10227
15521
15521
15521
15521
15521
15521
37615
37615
32692
7683
4985
15675
37063
4985
4985
15675
40153
40153
32692
10437
10437
1187
10437
10437
37422
37422
43342
43342
36251
32176
34834
1187
19286
19286
18686
19286
18686
18686
19048
55230
30567
55230
30567
30567
21999
37096
37096
15058
54244
54244
54244
54244
19657
19657
19657
32488
32488
19657
19657
19657
6323
6323
39349
32488
6323
39349
6323
32488
32488
39349
32488
54244
15058
15058
18212
16909
18212
16909
12313
12535
12313
12535
12535
48635
48635
41965
41965
17511
41965
17511
17511
17511
17511
20840
6299
20840
20840
17511
9668
17511
20840
9668
41965
41965
41965
41965
41965
10749
10749
41965
48635
17639
17639
17639
9668
17639
17639
17639
17639
12535
10990
12535
16909
16909
10990
16909
16909
16909
10990
30558
361
361
16909
16909
16909
12535
41965
41965
41965
20690
13001
13001
13001
30558
30558
8772
30558
361
361
8772
8772
13001
8772
30558
15620
8772
13001
361
29415
9942
9942
29415
29415
29415
9942
29415
9942
9942
43127
43127
4454
4454
4454
43127
9942
43127
9942
43127
9942
10990
3596
3596
25634
25634
39349
25634
23211
23211
25634
23211
23211
20841
3722
44030
44030
3722
3722
10501
44030
44030
23375
10743
16233
10743
10743
37066
37066
37066
37066
37066
37066
37066
37066
37066
37066
37066
37066
37066
37066
37066
37066
37066
37066
37066
37066
37066
37066
37066
37066
37066
41368
41368
41368
37066
37066
37066
37066
37066
37066
23751
50584
30701
30701
50584
1813
1813
10257
10257
26581
19667
41266
41266
26581
32069
18033
41266
46693
46693
41266
53860
26581
53860
37398
10974
10974
10974
26581
45111
30701
50584
24766
24766
41950
26848
27679
26848
18616
29924
29924
25557
24228
52216
24228
52216
20909
52216
12803
12803
34972
34972
12803
16339
12803
12803
29924
1799
16339
44401
44401
44401
44401
16339
18616
18616
18616
18616
18616
57675
43665
57675
43665
24909
24909
57675
24909
23361
45163
10446
45163
36306
48472
48472
10446
48472
45163
18616
18616
49378
1799
18616
20085
49378
20085
45163
34972
11039
11039
48964
57135
54862
54862
38705
54862
38705
54862
54862
54862
54862
54862
54862
54862
54862
54862
54862
38705
38705
54862
54862
54862
54894
38705
38705
38705
34920
54862
54862
54862
38705
38705
38705
43165
38705
38705
38705
38705
38705
38705
43165
38705
43165
38705
38705
38705
38705
43165
38705
43165
43165
43165
43165
4511
53096
53096
10008
53096
39918
39918
6614
10008
39918
53086
53086
39918
39918
53086
52335
29846
29846
43004
32176
32176
46524
32176
15467
44151
15467
44151
36024
8883
2673
2673
2673
43879
26948
26733
26733
26733
40153
56734
43833
48126
20949
35581
20168
35581
20168
56360
38685
38685
47634
52504
17709
17709
48444
31119
48444
51274
14567
51274
17639
17639
17639
17639
17639
51274
51274
51274
51274
51274
1420
1420
48444
48444
17270
48444
29592
1420
17639
17639
17639
16028
16028
16028
16028
18185
18185
1420
1420
1420
1420
3529
29592
13732
10794
3529
13732
29592
1420
10794
10794
10794
9901
9901
28126
9901
28126
28126
28126
28126
9901
34920
8156
6356
34920
30800
6356
7770
7770
7770
7770
7770
7770
7770
7770
7770
7770
7770
43165
43165
43165
6356
6356
6356
6356
6356
6356
34920
34920
30800
34920
34920
34920
34920
34920
34920
34920
34920
34920
34920
34920
34920
34920
34920
34920
34920
38705
34920
38705
38705
38705
38705
38705
38705
38705
34920
34920
2794
2794
26468
49981
10111
24541
26468
26468
26468
28582
28582
42204
28582
37263
34301
42204
28582
37263
34301
5321
5321
28582
34301
34301
28582
27474
10111
27474
10111
27474
27474
10111
2794
42540
24541
19119
19119
19119
19119
22197
22197
19119
22197
22197
25396
25396
57846
19501
13717
25396
48044
57260
19501
19501
19119
57260
25541
33720
33720
25541
25541
33720
57260
57260
20594
20594
57260
20594
25541
41081
24541
16407
16407
33720
5062
41081
41081
49471
49471
30750
41081
24541
24541
24541
49981
49981
30750
57877
36763
36763
49471
25284
25284
49471
49471
49471
49471
46033
16407
5062
40335
5062
40335
10796
5062
5062
10796
10796
2613
2613
12901
12901
40335
46033
17920
49166
33967
33967
46033
49166
49166
10150
10150
59673
1753
36763
59673
1753
32812
14593
225
14593
40943
32812
40943
225
1753
225
37450
42269
391
42269
21694
28513
54194
54194
54194
54194
51268
15994
15994
15994
15994
15994
15994
46230
25961
14147
12241
14147
15994
15994
51268
51268
54194
54194
47835
47835
28513
50448
51268
51268
48328
41696
48328
21694
42269
42269
47594
30297
42087
47594
33997
52251
52251
20183
46988
46988
46988
5363
5363
5363
2780
5363
45985
45985
45985
15210
19834
15210
12241
13166
19834
39667
39667
19834
45985
45985
12241
12241
39667
12241
41696
12241
48002
37945
13166
10219
5340
12241
10219
10219
5340
5340
37945
27164
45985
37937
37937
37937
45985
44991
45985
27164
44991
32329
27164
32329
17789
8951
8951
3324
45600
45600
3324
44991
13887
54815
54815
34526
8951
8951
8951
17789
37785
17789
50638
50638
50638
52551
52551
49214
29726
52551
37785
46066
49214
10219
18456
49214
35548
47021
45458
33989
9815
9815
9815
33989
9815
56270
56270
54711
54711
30080
28566
58512
16046
16046
9815
38420
38420
48305
46229
46229
49229
4691
9619
4691
16046
22239
30080
4011
28566
22239
6090
25631
28566
50881
29507
29507
44586
50262
50262
44586
10703
10703
43879
2673
2673
48590
17446
48590
778
778
778
18557
32515
18557
32515
32515
32515
6337
6337
6337
8465
8465
12045
35884
35884
12045
12045
12045
8465
8465
8465
8465
6337
24676
24676
24676
24676
57654
10174
29588
24676
10174
10174
10174
40445
56096
10174
25197
25197
25197
25197
14231
40445
40445
56096
29588
11557
22138
18194
46830
29588
12318
29588
7438
29588
12318
12318
57654
46830
46830
46830
27449
27449
12045
6459
12045
12045
6459
29338
29338
12045
29338
44311
5382
5382
11824
11824
6459
29338
7438
29338
29338
29588
835
24766
24766
52110
13300
52110
12597
12597
52110
4128
12597
30403
30403
37398
45111
30403
30403
30403
55534
4128
55534
37398
59932
53860
24054
59932
24054
4128
15117
2580
53437
53437
15117
4128
53437
50622
55534
43669
43669
43669
43669
33498
33498
50622
30459
4153
30459
4153
55534
15117
15117
15117
15117
15117
6473
6473
6473
15117
6473
27529
15117
15117
27529
7339
5013
7339
5013
37279
7339
2580
7339
12597
12597
12597
52676
58856
58856
34419
45365
34419
34419
34419
39910
39910
1564
34419
7122
7122
1564
7122
7122
1611
1611
1611
1611
28322
28322
7194
28322
7194
11557
1611
37537
5131
5131
5131
34419
11557
26124
11557
14231
11557
45365
45365
45365
45365
5013
5131
7339
1497
48472
8907
8907
1497
1497
1497
1497
6977
8907
6977
6977
6977
6977
6977
14989
18454
18454
18454
18454
57026
57026
18454
57026
40272
40272
1497
14989
48809
14989
14989
28003
10204
19529
13277
8907
19529
24058
13277
13277
20085
13277
25910
24058
17948
17948
24058
17888
17888
32469
5060
39620
32469
35522
39620
35522
44401
32469
8356
23961
8356
8356
8356
8356
10034
10034
17455
17455
17455
32469
57884
25289
47776
25289
23961
25803
5060
28003
5060
48809
48809
57026
13489
57026
13489
2914
36584
57026
2914
33017
33017
33017
41919
41919
53561
19990
53561
18454
43222
53561
20085
11039
5880
5880
25212
5880
12803
25212
25212
25212
17228
17228
17228
17228
17228
32300
23267
23267
17228
17228
44575
32300
51969
32300
51969
51969
51969
25910
16339
17228
32990
16339
17228
32990
17455
17455
57884
56297
57884
56297
48188
56297
44575
48188
17228
57884
44575
44575
44575
44575
29273
44119
44575
29273
44119
44119
44119
36082
36082
41022
24277
36082
29273
51221
53790
19773
29273
48546
24277
41694
41694
48188
41694
48546
53790
53790
23267
23267
41694
51797
31938
9411
46022
46022
9411
58226
58226
52147
1645
54387
45144
45144
9619
31472
52251
31472
32246
20183
6466
43956
48002
6466
2696
2696
16853
16853
16853
23454
15691
23454
14915
1650
1650
14915
1650
45150
45150
12302
23454
12302
15691
12302
6039
45150
6039
45150
16149
16149
57846
6039
6039
1947
51140
51140
2733
2733
2733
2733
26923
15691
15691
34930
26794
15691
24396
24396
6008
26794
40943
6008
40943
26794
23372
26794
6008
6766
25388
25388
1947
25388
25388
6766
10927
6766
57846
19501
19501
19501
57846
19501
57846
19501
57846
11983
11983
6039
11983
11983
32421
11983
24533
24533
32421
24533
32421
11983
11983
1947
1947
57846
48044
48044
48044
11886
11886
13717
13717
24533
38748
11886
38748
734
40943
40943
46140
46140
6008
40943
46140
46140
46140
225
225
225
225
46140
58462
41403
46140
14105
58462
33967
58462
5722
5722
5722
5722
25843
41403
53949
53949
6008
53949
23372
53949
19395
53949
29664
16311
19395
29664
29664
29664
29664
53949
16311
19395
19395
36340
36340
15986
15986
15986
15986
15986
15986
46614
46614
46614
46614
12527
16307
16307
46614
46614
12527
16307
12527
12527
12527
46614
46614
52186
46614
52186
46614
46614
52186
36340
36340
12527
36340
12527
12527
12527
12527
12527
12527
28522
28522
28522
11697
11697
46792
12527
28522
12527
28522
12527
16307
16307
36340
36340
36340
14460
17493
41922
41922
41922
41922
41922
9444
41922
33046
615
615
615
615
39986
39986
53286
39986
53286
29230
29230
10293
21754
5099
24348
24348
4269
615
43846
33046
39986
38062
38062
38062
38062
3396
3396
5099
8939
3396
3396
34817
34817
34817
34817
3396
3396
3396
1785
1785
1785
33046
9444
9444
9444
9444
2060
22659
22659
33046
4269
43846
43846
22659
22659
43846
34817
17493
17493
17493
17493
17493
17493
17493
45957
34817
34817
45957
17493
45957
17493
13820
7197
7197
7197
7197
7197
5228
12835
12835
7197
29400
29400
29400
29400
29400
5236
5236
12114
4708
12835
12114
12835
12114
4708
5236
50593
45052
17725
5236
29400
17725
17725
45052
45052
17725
45052
17725
12835
12835
12835
10341
12835
10341
17493
10341
12114
7197
28522
30680
30680
30794
30794
28074
15258
28074
46830
22138
18194
30794
10743
10743
10743
2149
2149
17390
2149
1168
2149
2956
34728
2956
34728
2149
23665
3529
23665
23665
23665
23665
3916
23665
22213
3916
3916
16132
16132
16132
5541
5541
16132
38723
3916
28364
3916
38723
38723
38723
28364
5541
5541
15882
40418
40418
40418
3529
40418
13732
3529
3916
4454
4454
4454
14591
28364
28364
14591
14591
4454
4454
4454
4454
3916
4454
22213
9668
20840
20840
12629
28033
28033
28033
12629
12629
28033
34145
28033
34145
34145
34145
32228
32228
32228
3112
34145
34145
3112
32228
32228
31428
31428
6363
34145
22302
22302
34145
6363
6363
6363
30826
30826
30826
30826
42779
42779
42779
31428
10128
12629
12629
42779
38705
38705
6871
15662
7757
7757
41022
13791
41022
24277
24277
24277
56578
56578
31986
27276
27276
7757
36082
19773
19773
19773
18540
6739
6739
35918
53790
36933
36933
39626
25963
42407
31353
42407
31353
57494
55994
55994
57494
55994
53790
28212
44246
51698
28212
23267
23267
51969
16307
16307
16307
46792
33530
33530
33530
25937
12273
12273
25937
12273
12273
12273
39616
12273
43435
12273
7429
51403
43435
43435
7429
7429
39616
43435
39616
43435
43435
14336
16684
16684
39616
24796
39616
25937
39616
25937
25937
25937
25937
33530
33530
16307
46614
53298
53298
53298
53298
53298
25937
14083
25937
25937
14083
2114
2114
14083
2114
14083
52493
14083
30213
2114
2114
30213
30213
39616
30213
39616
30213
46792
46792
46792
46792
11697
7429
11697
51403
11697
11697
11697
11697
28522
51403
51403
51403
51403
51403
11697
51403
45052
51403
22659
22659
53298
53298
53298
59240
53298
59240
43846
43846
24348
52493
11829
52493
11829
52493
11829
50593
50593
50593
50593
50593
45957
50593
34817
1785
45207
45207
45207
11382
45207
45207
16044
45207
19420
19420
16044
11382
11382
11382
11382
34817
11382
11382
11382
26590
26590
26590
19833
19833
51403
38085
19833
38085
38085
9003
9003
19833
32978
32978
32978
9003
43435
43435
14336
19833
19833
19420
19420
5209
5209
19833
11557
11557
38718
38718
11557
11557
19247
38718
19247
19247
19247
11557
35881
11557
35881
37537
37537
32616
37537
4486
4486
7194
32616
7263
7263
7263
835
32616
7263
3638
53734
3638
835
835
3638
44311
11824
10490
35884
10490
10490
29029
29029
30459
10490
29029
44311
44311
59177
59177
30309
29244
31598
30309
44311
44311
44311
44311
29244
29244
30459
41143
29244
29244
39690
39690
39690
3097
39690
39690
23229
29244
36463
36463
5382
5382
49871
31598
49871
18846
28791
18846
28791
45722
45722
43077
43077
45722
45722
54417
8381
43077
32408
45722
3097
45722
45722
18502
18502
18502
54857
19574
33386
3638
18502
18502
19574
18846
18846
30309
31598
33386
3638
3638
3638
53734
53734
54857
38900
4486
4486
32616
41471
51797
51797
41919
24533
24533
38748
24581
24581
38748
20017
20017
14148
14148
50572
26920
39794
41142
39794
18049
49126
18049
38649
27313
27313
38649
38649
41142
50572
10927
10927
10927
34142
34142
47602
38748
36357
38748
36357
38748
36357
36357
36357
38748
47602
36357
47602
34142
34142
13717
13717
20594
15789
43936
15789
43936
33818
32657
33818
54324
54324
36503
19113
36503
19113
36503
36503
38748
38748
15789
11886
19113
19113
36357
54324
54324
54324
54324
54324
32657
43642
54324
54324
13931
15789
15789
32657
43936
32657
43936
43936
20594
20594
43936
12901
12901
9484
9484
36044
32657
59
43642
43642
36366
59
34137
34137
47292
47292
47292
36357
2086
2086
2086
2086
13931
11082
11082
13931
13931
41972
13931
11082
41972
41972
41972
19451
19451
46374
46374
19451
24796
19451
16684
24796
16684
46374
46374
47292
21428
21428
24796
46374
24796
19451
19451
11082
8581
11082
8581
8581
17882
27334
8581
11082
17882
17882
17882
54324
54324
11082
2086
11082
59889
2086
9092
9092
9092
9092
34411
38649
38649
34411
38649
34411
47327
47327
30439
21417
30439
27313
27313
27313
47327
45273
47327
12903
12903
28005
12903
28005
47327
43127
5245
43127
43127
43127
15807
15807
15807
15807
15807
15807
10749
5245
5245
5245
5245
16627
2057
5245
16627
5245
5245
10749
6299
10749
6299
6299
6299
22302
22302
6299
22302
6299
9701
16627
9701
9701
9701
14591
14591
47295
47295
2057
47295
2057
2057
47295
47295
28364
47295
28364
17351
17351
17351
8469
8469
17351
28364
47295
17351
47295
47295
36182
47295
36182
36182
15707
15707
15707
13752
9134
15707
9134
8768
8768
8768
8768
36182
8768
47295
30584
30584
2057
2057
2142
3529
3529
29592
13732
13732
966
966
966
966
45597
966
45597
966
45597
45597
13318
25020
25020
25020
13318
45597
45597
45597
45597
25020
45597
1801
1801
966
966
966
10794
966
42779
13732
13732
45597
45597
40418
15882
1801
55737
8469
55737
55737
13318
1172
8469
1172
8469
17351
30584
30584
1172
13752
16059
13752
1172
1172
6879
14636
27040
44034
16059
14636
16059
14636
16059
16059
14105
5986
19395
5986
29664
17954
17954
52161
17954
29664
29664
9933
17954
9933
9933
9933
27313
59019
59019
19083
44261
19083
44261
19083
19083
4135
4135
4135
59019
4135
4135
4135
4135
4135
28953
52161
28953
18504
28953
18504
18504
18949
18504
28953
35674
35674
7835
16762
16762
7835
47734
16762
47734
16762
52161
35169
52161
35169
5986
35169
5986
14105
17920
12999
5986
17920
17920
14105
34177
12999
34177
12999
35169
34177
17920
10796
38216
38216
32817
32817
2613
2613
32817
9484
9484
32817
36044
23008
23008
59
9484
36153
34177
36153
47734
41235
47734
6115
13173
41235
6115
6115
14101
14101
25121
14101
20404
25121
51796
13173
13173
14101
51796
54673
36366
47232
51796
54673
54673
36366
36366
34177
59019
21417
8884
37914
47327
8884
13696
182
13696
182
182
182
44827
44827
5300
37879
37879
634
37879
37879
634
634
634
44827
44827
5300
5300
5300
5209
5209
16044
5300
8939
5300
37879
32978
32978
4351
4351
8939
8939
4351
18949
18949
8939
18949
18949
18949
18949
8939
8939
8884
8884
12901
42779
31428
10128
10128
10128
25020
25020
10128
31428
13027
13728
13027
13027
11068
4168
11068
4168
22927
11068
36142
41762
13728
41762
36142
36142
22927
36142
4168
13728
4168
15268
15268
32218
2693
15268
32218
45045
13027
45045
45045
45045
25020
45045
25020
13318
44034
25020
25020
45045
45045
27040
27040
31428
31428
13728
41762
41762
36660
32228
22302
22302
34145
38032
38032
8952
23464
23464
9701
23464
2142
23464
2142
16627
16627
16627
2142
8768
2142
8768
1082
2142
14232
23464
8952
8952
38032
8952
34145
38032
38032
36660
8952
36660
14232
14232
14232
14232
14232
6517
6517
6517
14232
14232
8278
14232
14232
14232
36660
36660
36660
36660
21077
21077
21077
21077
13397
8278
13397
14095
7774
7774
13397
13397
7774
13397
13397
21077
36142
58242
58242
17523
7774
7774
2385
2385
2385
10350
38900
20145
20145
14095
17192
17192
28531
14095
14095
14095
52055
8278
8278
9313
9313
9313
14095
6517
21077
21077
38062
38062
16044
10293
21754
11829
11829
11829
48996
52493
48996
48996
9077
52493
2114
9077
9077
25121
25121
30213
8783
8783
14101
39391
39391
13173
18504
13157
1571
1571
13157
37373
37373
14336
14336
9003
9003
17882
27334
9003
27334
27334
27334
12903
27334
32978
32978
32978
24796
24796
12392
12392
12392
12392
12392
12392
12392
47292
20404
47292
21428
47232
25121
8783
5013
37279
28322
5131
37279
28322
37279
12990
12990
12990
12990
12990
40349
23245
23245
23245
3963
22788
3963
14913
5190
22788
14913
53190
3963
18211
3963
23245
53190
23245
12990
40349
40349
40349
40349
18211
41233
41233
3963
7194
7194
4486
28322
28322
12990
55078
53190
22788
22788
59759
59759
15139
15139
15139
15704
9023
15139
9023
15704
9023
15704
15669
9023
5190
15669
15669
17482
13050
17482
26963
22937
32738
793
32738
26963
26963
21172
22937
21172
26963
26963
14117
15761
14117
14117
15761
12932
15761
12932
15761
23229
14906
14117
27353
55918
28694
27353
55078
55918
28694
41143
55918
6473
33498
41143
30309
3097
3097
21893
3097
3097
21893
12042
14906
21893
8381
54417
10061
54417
10061
927
27040
27040
927
27040
927
27040
10061
21893
10061
54417
54417
32218
12042
3719
3719
29087
29087
29087
29087
13752
12932
13752
13752
12932
12042
12042
15761
14906
4486
4486
32616
32616
4486
4486
4486
4486
17192
17192
28531
28531
28531
38900
54857
54857
17192
17192
20145
59113
20145
52055
52055
52055
5190
5190
59113
3963
41233
17192
4486
41233
12932
32738
36587
32738
15707
13752
13752
13752
32738
15707
793
34201
34201
34201
34201
34201
34201
1082
4106
793
34201
32408
32218
8499
2693
2693
8499
58242
22927
58242
8499
19574
8499
27040
9313
9313
6517
6517
4106
1082
4106
1082
4106
9313
41368
41368
18855
18855
18855
18855
18855
18855
18855
18855
18855
18855
18855
18855
18855
18855
24962
24962
18855
18855
24962
18855
18855
2950
2950
2950
2950
2950
2950
9364
9364
9364
2950
2950
18855
18855
2950
2950
18855
2950
2950
2950
10562
10562
10562
10562
17809
10562
10562
25301
17809
25301
25301
25301
25301
25301
25301
10278
10278
25301
25301
10562
17809
10562
10562
10562
10562
10562
10562
10562
10562
10562
10562
25301
25301
10562
10562
10562
10562
25301
10278
10278
10278
10278
25301
10278
25301
10278
10278
10278
25301
59657
59657
59657
59657
59657
59657
59657
10278
59657
37066
37066
37066
37066
41368
41368
37066
41368
7902
7902
7902
49397
49397
49397
57733
57733
49397
57733
57733
9364
9364
9364
57733
9364
9364
57733
2950
57733
57733
9364
57733
57733
57733
49397
49397
57733
57733
49397
49397
49397
49397
49397
7902
7902
41368
7902
41368
57733
57733
49397
57733
7902
7902
7902
7902
7902
41368
41368
41368
37066
41368
41368
7902
41368
41368
41368
41368
37066
37066
41368
41368
50306
50306
50306
50306
50306
50306
50306
50306
50306
50306
41623
41623
3505
3505
3505
3505
3505
41623
50306
41623
42885
41623
50306
50306
3505
3505
3505
3505
3505
3505
41623
3505
3505
41623
42885
42885
41623
50306
42885
50306
50306
3505
3505
3505
59657
59657
59657
59657
10278
59657
59657
50306
50306
50306
50306
2950
2950
2950
2950
2950
9364
9364
9364
9364
25301
25301
25301
10278
25301
59657
59657
