129992
173258
129992
171747
171747
160927
182621
160927
171804
171799
171799
180912
180849
185654
180849
185654
185654
185654
159482
159434
159434
159464
162564
174208
174208
185796
173704
173704
98998
98998
133649
63512
63512
17170
43783
34796
43783
47222
46923
43812
47384
67750
47384
67871
68325
68339
67959
67997
70568
75139
74436
86311
86311
74522
76186
76131
76131
70689
131760
131760
180454
180454
186405
17233
45078
64948
11863
146760
12784
146760
6719
155387
89780
155387
67452
12760
12393
171735
190600
190600
190227
188473
188465
188465
188481
189400
191726
189012
189012
189012
187073
192114
173643
192114
173643
173588
192114
192114
192114
190678
190678
190678
191758
191758
191758
191758
191758
191758
191884
191884
191884
145767
180303
180016
190069
177004
180006
180006
182135
190069
180016
180303
181198
181198
177004
190069
182665
177004
182135
177093
182665
177093
177233
144780
144525
177233
177093
145250
144780
182135
177093
177093
144780
177093
144923
145219
191038
177108
145250
145981
177004
188714
190069
188714
191656
177109
191656
191656
177109
177233
190069
177004
177233
177186
182135
182135
177186
177004
177004
177163
177109
145219
169447
177112
177151
177112
177112
177108
145325
191038
144929
145981
145489
145981
145325
169447
145489
157078
169447
146194
145981
145981
157078
157078
145981
146194
145981
145981
169447
169447
163353
177151
146208
145981
146194
177004
177004
177163
177163
98425
98425
96488
183502
183502
172234
163297
163942
163297
94038
163942
94038
95944
156444
95681
95944
94053
95944
95681
94053
93629
95681
97501
93507
95681
93629
93507
93629
96488
96488
96488
92475
93968
98200
93968
95313
95313
95313
97799
93968
95313
93201
93201
96841
93201
96841
95974
97529
146567
97501
97501
93478
93507
96564
93507
93478
93421
93478
93421
135647
93478
135647
94525
94531
96564
96321
96321
94531
94531
141752
171181
133481
162491
95494
141752
94525
94525
95494
95813
94611
94611
95813
94760
94760
94701
188316
95494
94701
95017
95017
95017
95017
93629
93227
93227
93421
93227
95353
93227
95974
95442
95442
96321
96321
95353
95353
95782
96042
96042
95782
95813
95782
95782
96454
96042
96454
97256
96454
95017
95910
95910
95910
96501
96501
98099
96501
133481
183529
183529
183529
130078
183529
183529
183529
130078
130078
130078
129992
189310
173258
189310
167062
188316
167062
188316
172227
164507
172227
169931
161218
161218
169931
164543
161218
164470
161034
161058
171747
173258
173258
173258
129992
173258
161266
173258
173258
173258
171804
161034
161058
187352
161266
181413
186733
161218
173258
161266
161218
161218
161266
164543
172890
177656
172890
177656
172927
161266
172890
172890
172890
172927
172927
170681
172927
187760
164507
164507
96501
131274
131274
96501
131274
121847
164470
98632
98632
121847
164470
98632
98632
172927
179349
117124
117124
179349
117090
177793
177793
177793
177793
177793
177793
170510
184770
180889
186733
181413
190398
171232
159528
184108
190398
170714
170681
183210
183210
187760
187760
168618
168618
184108
175743
169942
169942
169942
169942
169097
168748
159515
164110
180399
159528
159434
163484
170275
162313
181656
162345
173315
164110
162345
72356
72356
178673
131857
175743
154826
153034
153034
153034
56209
56209
56105
56209
72356
173315
58692
56336
63938
56077
56530
56077
56215
56366
56530
55750
55750
168618
168618
170510
156450
170510
156450
168618
156450
168748
56105
140561
55956
55956
55866
180399
180399
76061
121887
131627
86460
133649
89907
86517
86600
34857
156883
156883
33428
116194
61621
69582
61621
69499
69499
56366
69311
69311
56583
56476
55750
56717
56476
58993
58993
65032
65125
62513
57960
57662
57662
55573
56951
55573
55573
55573
44116
86643
34938
72314
33654
33333
33333
35041
34796
47370
33577
33443
130617
33577
34262
63498
34304
62513
63498
58074
58074
56826
56885
57380
57380
56826
57021
88235
57021
57021
54815
54815
54942
54942
54815
55009
34686
47370
34669
34686
34786
34669
35024
34076
46923
75812
121682
34592
52955
53065
82635
57274
65888
59944
57489
76573
65401
69706
55480
55342
54815
55342
57031
54815
57210
57862
57210
57210
54404
55480
53884
57862
57862
61289
60107
87622
53039
53039
52831
85380
52982
69419
154537
117580
68763
68654
115562
115593
68858
132578
76496
76529
76529
65585
54261
66102
155100
66678
65553
47836
47914
54466
49903
54466
53687
54466
54009
53687
64228
64228
53843
50096
53843
54009
53790
64228
53790
68654
76714
162866
74776
87863
74404
74803
75067
75067
75975
63370
45444
68858
78871
45613
45269
48949
45312
57786
42760
42908
78871
60250
45687
45687
45004
42697
54260
61396
42908
61396
42908
42908
62701
42908
42698
134552
85672
133996
173054
65912
173054
134552
74803
74551
118298
75385
74904
88343
88343
76141
74986
134460
118298
74904
7314
74986
74904
74908
75385
61548
75342
61548
49331
42281
39514
151794
75788
75848
75808
75808
42511
62359
42511
64037
46279
42281
42595
42816
42928
42201
40845
42816
40862
39514
40862
61695
40171
39514
42482
42187
40109
42937
38868
39040
38868
39155
40450
39793
39773
40015
39040
38868
40687
46095
40450
46115
39268
38863
39155
39251
38863
41737
41737
40262
38976
39268
41737
45955
46551
39268
44343
44251
40994
44091
41778
67528
85642
63842
73841
41426
41314
41713
41234
41533
41471
61498
49697
41261
136547
41553
64369
64369
64344
89987
64369
69657
118921
120005
71804
6573
7022
70679
149568
70679
7022
7314
6975
44674
74908
35606
165005
6975
7254
43453
35558
7055
35535
35558
43422
157601
156578
157601
165005
187540
187540
49885
69281
75861
38520
71376
155766
159316
159316
187540
117609
59919
170192
37965
148845
179034
187803
154875
71727
66554
71581
49652
6729
49652
6482
7290
7254
7055
6609
49652
7168
7168
71640
71654
49308
71571
18675
18675
71774
7485
52062
7944
53407
35651
18502
18502
18502
35651
35506
43422
117609
155989
161672
48618
163833
35651
7485
18502
7485
11725
153084
89925
48618
153086
153092
89925
153086
38016
38588
37903
37911
38588
37756
37807
37903
148845
61367
37879
164933
64961
149282
61367
37807
53273
53341
40015
40687
38648
37577
53273
37516
50705
47985
53576
43411
71815
71815
183111
71875
188481
190227
72236
189384
188796
192091
88824
71804
72093
71953
72018
72002
147619
159654
53407
7944
159654
157951
71875
72236
71902
149013
189854
72111
147619
71956
147563
71997
71997
154652
157941
88082
157960
157942
169687
7508
191653
181453
181857
88082
181857
191800
181000
181693
131947
183249
181736
169700
191400
181741
178876
181736
131947
190372
177834
177829
88777
117792
88712
71997
88766
88764
88933
88702
89044
89033
142360
89016
88847
88785
88930
88870
88900
88785
88945
88870
88900
149197
89204
114386
89033
89033
191475
182513
173826
173826
187069
184733
184062
154669
187069
190730
81524
81569
81642
130579
154669
173688
154669
173688
118090
118090
81642
118090
172726
118090
115205
43411
41074
41074
173643
178447
88987
178447
178447
190705
190705
88987
89088
89023
89095
98953
89095
190705
89088
132238
89095
115631
132238
132357
132238
158790
115205
121724
132357
158790
132357
191758
191338
191338
191338
89128
191884
191463
182461
132665
89128
173688
133481
133481
133481
133481
133481
102098
102098
102098
102098
131815
157047
142345
142345
142345
142345
104601
104601
104394
104394
154725
154725
139186
139284
104319
104434
104319
104655
104358
168576
133978
139610
141132
141132
115400
154725
148927
148927
166482
166482
149511
156549
152511
168319
172087
168319
152583
146644
146644
3579
2413
2545
2545
2570
2891
16108
15189
15293
15410
15699
157226
141415
141415
16667
131928
157226
132885
15708
16667
164782
137685
137685
137685
137601
190557
183077
183077
80141
80141
79708
79708
79708
79708
79708
80575
80575
80381
80381
134814
134814
134814
154424
82445
154424
192043
134814
154424
192043
176917
176917
177186
177186
177186
176893
144586
144586
176893
177340
177274
184814
187487
189070
184793
189073
190187
190187
190187
183093
183087
177301
184440
187176
187176
187176
187192
144525
144304
145250
145229
144475
144304
144531
144407
144237
144407
145982
144072
144475
145623
145623
144072
143931
143931
145351
145426
177474
144565
177923
183964
183964
172870
145806
145426
177923
157872
157872
146123
144556
145268
189070
145825
144011
145161
187055
187059
189585
192183
185623
144820
145876
145426
146045
146045
153820
185623
165089
165089
185623
187191
187192
153849
153849
153820
153131
153820
154821
146079
157633
146123
151963
157642
189585
185623
145690
145623
145514
145934
145981
145981
145981
145934
145934
145806
176852
177340
181365
177014
176852
181365
186693
191197
189107
177274
177305
185160
181365
185160
185218
185218
187192
191273
185098
185202
188175
185202
192316
181365
183665
183665
184542
183609
183609
184542
184718
188175
184718
192316
177171
177171
177171
176727
176979
177163
176727
176727
176979
176706
177162
176938
163812
153662
177108
177162
172870
163812
172870
176643
191197
176938
176882
176938
192170
153662
153542
191423
155022
189050
155022
153765
153157
153765
189050
153765
146123
153157
146123
153257
163812
153257
153257
153193
153257
153509
153509
153382
153883
175747
153338
153211
177584
153883
153338
153231
153662
153231
153211
153382
189107
185443
189107
176264
176222
183453
176222
185443
188172
192506
177584
192506
188172
176436
176412
176436
190193
190193
176128
176128
176548
176395
176548
176427
176412
176561
189897
176509
176427
189932
191029
189932
190802
190802
154976
154976
154976
190502
154976
153647
154976
153647
153382
153647
157323
190193
177584
153338
153817
153699
153338
153423
157270
157323
153423
157323
153817
153817
153423
166542
157270
190957
190502
176264
184432
184401
184432
184432
184401
184401
176001
176001
176001
176208
176539
176539
176019
176019
176561
192438
190957
190193
190957
192441
192441
190056
190056
176081
175908
175908
176081
184266
179370
176539
192275
184475
192441
192441
179155
179155
179155
190502
184422
189485
184422
184570
179142
179142
166542
178621
179142
179142
187624
157270
166542
170165
182243
178526
178526
170165
179142
178621
170165
183409
182243
178526
178621
178621
184266
188779
190472
190472
189640
189640
190472
189788
178008
178008
178008
188779
189788
189788
187267
178185
179370
179370
184266
176321
176321
176321
178064
192275
178112
192546
178185
178185
178112
192546
192350
190658
190658
178112
173738
192056
173738
178413
184422
189485
189485
191504
184570
191504
191504
178621
184570
183409
189361
183409
184570
183420
183420
183409
190922
188554
188554
188554
187276
187276
189737
187276
192545
182243
190056
189536
192350
192545
192559
189536
190260
192559
189361
188617
178064
178064
172468
172620
173738
172601
172416
172565
172601
172601
177394
190211
172300
172266
190211
163117
163099
172266
163117
163117
172300
172266
172266
172300
172266
172300
172352
172416
172300
172352
180666
172352
182983
172297
172300
182983
190609
190609
191469
179284
191469
179284
172341
188859
191469
187267
187267
188859
187267
190135
191416
172341
188859
172341
188859
190239
190239
173843
169646
169646
190658
178413
178413
172565
172655
172620
172565
172655
192596
180666
192596
191416
191504
190922
184822
184822
184822
173843
169149
173843
158136
190922
189756
189737
189756
189756
189737
189737
180943
184822
169149
180943
166823
169149
180943
183792
186923
186869
166712
183434
183434
177394
187785
187785
187785
190239
169646
190498
188971
190498
156375
163119
163119
178293
188971
170446
188971
188950
188950
170446
98200
170446
92124
91823
143557
190609
190609
192087
181295
188827
180666
190609
188827
188827
181295
181110
166718
181110
181295
166718
166718
190609
184482
184533
192427
192427
166712
190481
190481
169969
143525
158136
158136
158136
143557
143343
166823
158136
166547
166712
166547
183792
166712
166547
143458
166547
169969
188349
190260
186923
188349
192552
181295
186955
188617
186923
172266
172297
172234
172609
172234
172266
172266
172609
163942
165180
165180
165180
172546
182983
172546
182983
149641
182983
172352
172352
182983
192087
180666
172546
192087
184482
190609
172546
180666
190609
180666
184482
184482
192087
180063
149641
156444
172163
139552
172163
105875
189438
146567
139552
114076
114076
114076
189438
105875
101464
190609
190609
191982
184482
192087
180083
180083
180166
189438
192067
101708
188685
188685
98200
91823
92475
92475
91704
143343
92273
96674
97065
96674
91704
91704
92273
92273
92273
184533
192427
184533
172144
184533
172144
143458
143525
143525
143525
143525
166141
166141
143525
172144
143525
143499
143499
143499
143499
143539
143343
143343
143458
97799
97799
97065
97065
97529
96622
96622
90807
91963
92008
91963
91963
122403
95974
97529
97754
95974
90807
90807
97754
90545
141574
97754
166141
166122
166122
173202
158011
172144
180068
173202
134302
134302
158011
141574
180116
180116
122403
141574
114299
103014
101622
105945
101656
105945
101622
102372
102372
102172
114076
114299
114299
102969
105875
101464
101656
135647
101464
101708
101708
189255
101215
101215
189255
100607
181810
180116
189255
181810
179094
100607
100661
102884
164305
102884
163441
103014
141752
118761
141752
141752
101814
101622
101814
141752
171181
133481
133481
118761
101814
118761
101814
102372
102172
102172
102172
101136
102172
102005
101136
102005
100661
100661
101136
100259
100259
100415
155901
101022
100643
101022
102406
100259
101095
102399
100153
163008
141361
100643
95974
90755
90755
97073
90545
90545
90545
155202
95442
96042
97073
97073
97073
155202
90235
90235
171618
171618
162151
168829
163387
163387
162151
154605
172984
163441
172984
154605
154274
97256
97256
98099
97256
154274
90235
90235
96690
96690
98099
136748
98099
97442
96690
97442
97442
159018
155901
159018
159018
141361
146319
141361
146319
154274
146319
148434
118761
118761
133481
118761
133481
102005
101982
133481
133481
133481
133481
133481
133481
133481
133481
183529
133481
133481
133481
102098
102065
102098
101982
102399
102399
101982
102233
102233
101095
101095
101095
102233
102065
102098
102065
102065
102195
102195
102412
102130
100036
104628
100036
101095
100153
99918
99918
100153
163008
134625
100103
100103
134625
99500
99500
99343
99551
99734
99364
100103
114125
99551
114125
131815
104628
104628
104761
104628
99364
99734
102734
102734
100151
102510
100151
102510
100853
99866
102980
170316
100853
104761
104761
103589
99390
99959
103589
103589
104601
104008
103776
104008
103776
103630
103538
104056
99247
100149
99247
103758
99247
99364
189958
114090
103316
105449
99781
136748
121847
136748
117411
97442
117411
121847
121847
117411
117411
131145
116741
148434
148434
148434
134625
148434
131145
134625
114125
131145
131145
117124
116741
116994
117090
116994
116741
116741
117090
117027
117027
183149
116994
188742
117027
183149
188742
116994
116848
116848
116848
116848
116848
102510
170316
170316
183149
177898
177898
170316
102980
103200
105771
105771
114205
132507
114205
132507
105697
105771
135029
135029
170809
139102
138707
138707
138285
138311
141138
138188
105697
138742
136981
148694
57537
138341
138341
138742
138188
138742
138272
138390
138390
138390
138324
133736
147572
147572
147572
121908
121908
104273
103630
104655
104109
104056
103431
103925
104251
105864
114357
114357
105511
104610
104798
103312
105449
105449
103200
103455
103507
103455
114094
103507
115323
115210
133905
138285
170510
135496
135496
135496
188742
146573
177898
146573
156450
135561
135629
135561
56002
135318
146573
148694
56364
135629
177898
135318
56002
56002
55866
72718
56364
56181
57537
72718
55750
55810
57238
57238
56181
133736
56291
138999
138999
138715
138045
138856
138362
138362
138045
138457
138441
138587
138715
138884
137928
137902
138519
137902
56230
56717
56291
56717
56717
56298
56298
139601
141107
56298
58194
56405
56405
85630
141107
58194
85630
85630
85619
138543
138543
138126
138390
138126
138125
137976
138027
85619
141107
157246
157246
138867
155556
138819
138924
138764
138799
151847
141742
152869
152883
163338
164290
155294
73450
73450
167408
167408
57587
55500
55500
58102
57587
57587
160581
160581
63105
55041
55175
55154
55450
55009
55041
64193
55450
139116
139116
155294
151847
152927
171171
166590
142380
155982
118394
155982
171171
1084
993
131651
1715
49026
1561
5252
63105
172834
5925
55154
55362
61289
55362
55450
55450
55450
155750
137173
137173
173819
173819
182073
155750
155294
5925
5925
2214
5252
5435
565
748
580
1084
3530
580
1571
1668
73292
4723
73292
1668
1901
60107
167078
182073
182073
168952
154637
168952
154637
154637
156322
154637
36400
168952
1428
1571
89954
2244
2127
1901
2244
36400
2244
167078
167078
84384
69939
87679
87679
5492
5005
4907
5005
5005
4819
14701
16309
87460
16290
14701
85392
141212
7632
184355
11451
98839
3702
67199
2043
3702
5644
11451
11451
4121
4185
4354
3800
3967
4026
16809
98839
5589
4074
15189
14999
14815
11492
87478
51909
59163
132316
59275
51909
16775
15706
16778
15706
17532
59169
59169
32727
115698
4354
4392
35960
5589
7922
7922
6321
4392
14583
115698
49487
48100
7922
11476
11476
6321
169815
84384
155750
84384
133996
133996
155750
58917
114403
61396
139439
75648
85672
167078
73456
98839
155750
168453
168726
133996
84384
58917
134552
168726
39488
98839
155750
167078
98839
16809
155750
40520
169815
53201
53201
156322
184355
156322
168453
73456
189940
188886
184355
189940
141517
39488
40450
16809
181504
118757
141517
6025
6025
68840
6321
50680
16809
68840
61190
50680
46095
135843
46095
135843
135843
188886
189940
87733
188886
169071
87733
186791
142138
135843
169041
192446
169041
169071
169071
169071
50636
50505
155665
50581
50370
155665
88380
50524
50581
38424
186791
186791
156972
134890
48573
130710
44488
142121
169041
154724
169085
63499
173583
72469
78465
72469
76416
44442
156972
154724
118402
142121
169012
142036
181532
73426
50727
85547
173583
73392
73392
88149
170259
134521
76416
75571
116479
44442
153905
76416
142098
142021
189586
142098
130655
116479
134521
73841
130655
116479
159145
75571
116479
141332
141940
142089
141911
158577
37436
38610
120785
141911
142117
157177
120568
116086
87718
132012
116086
79084
64654
147437
79084
147437
132555
132555
132555
132079
136021
136781
87718
64811
132012
147741
147741
168983
168983
163587
182831
181809
170739
64582
64705
64582
72127
154162
154162
132109
181799
119967
133533
119967
136251
135236
146250
120161
167402
119651
167402
120245
119622
119776
120007
120007
119138
170739
120567
119285
181326
141670
132569
132569
64705
64754
72580
119943
132079
180274
121059
136781
120973
64749
76713
64842
135986
135986
132109
136021
136038
136038
119021
119021
119088
119088
119101
120604
119572
119691
119288
120030
119334
181326
161981
136243
120473
183131
141562
120515
120515
120335
120973
146514
120936
120777
120044
131343
120238
136218
180498
180498
146514
182146
120805
121258
120873
146514
132148
182146
120899
120873
120850
119691
120107
120296
119455
120923
119495
119495
120335
119429
120410
131343
121347
121245
121228
136652
121333
121210
170807
166403
136072
136135
147484
136199
136148
169631
178551
146435
120476
140956
120544
121158
187174
121481
121377
191628
188442
191138
121384
121105
121419
147320
167081
186737
147291
191861
191856
191512
188294
191020
184528
191848
191856
140825
134736
134406
121485
152365
121511
191269
141723
140889
140851
140812
140918
141710
121117
192253
136166
192077
192253
186061
185978
136177
188191
140853
121158
140792
188205
185903
187009
185919
140872
189998
188295
189998
188295
188303
190007
191438
190007
190006
190831
191505
189757
191505
190687
185243
189757
190829
189757
187872
187881
179356
192020
147284
184808
153990
141717
187104
188294
191020
192158
190812
192221
189055
180262
183208
183208
192020
192020
187974
187978
189232
187956
186624
183849
190303
141722
192324
186205
192020
192020
192324
187773
187773
192326
186132
186140
186129
187509
187998
186518
191390
186523
186181
186520
189902
192171
186187
192324
140935
141716
189081
190271
186215
187726
185955
187692
190301
187725
187685
192324
191124
183197
191124
183208
187945
185272
185243
185243
183208
183208
183208
183208
185272
185272
190866
188007
187892
185243
185272
188007
185243
185192
188007
183208
183208
183208
187773
187773
187773
187773
187773
187773
187773
187773
186555
186591
186577
192279
186566
187914
188351
188007
191952
188351
186566
192357
191823
191823
192171
187917
185192
187773
187709
187773
187713
187709
192324
35171
121732
141284
121732
132885
121732
158104
148484
60097
17532
47948
35779
35779
17584
32552
115698
61776
33003
131202
61776
135053
117991
117879
170192
117879
117879
117847
117879
187803
187371
187371
117847
181540
131083
134054
117831
87983
88016
117847
134054
115698
66434
89968
89968
11476
13384
67149
67149
87983
36018
153970
117879
153970
88016
132948
132905
132948
187076
132905
132885
164032
117966
156137
164032
141240
141244
117966
117934
141204
141220
141244
137637
137618
137667
117609
188761
117918
156164
156181
117919
53521
73582
64961
88047
88047
69459
73582
17825
53341
17825
13738
17327
13632
17748
13696
43896
13722
13286
13038
17748
13425
13882
13484
14550
61190
13110
13624
37618
13606
44833
47985
53576
140032
40367
61219
36574
44833
32871
36574
36505
36505
37460
37571
37483
37460
17051
40367
37483
13696
17051
13484
61219
46660
189924
182173
189903
191488
139264
139264
189930
134506
191488
189903
116041
180657
79708
79708
79349
80575
79349
80539
86802
131917
81368
80074
81524
81368
81432
79177
81397
81253
81646
81914
81737
81646
80074
81432
81646
81642
80533
81914
82173
81737
82173
81760
82051
81760
82034
81988
82034
81642
43411
52126
39999
36789
37222
37168
36589
36734
40644
51961
40978
36864
40978
73420
45155
36893
36864
36893
36953
37054
37304
38610
37304
42000
37138
37080
133842
140286
140286
37304
141819
121798
155702
119917
119911
119736
119839
121742
120258
120609
147673
147673
119827
119220
147673
119267
119224
119676
119736
119199
119164
119285
158249
119350
119350
166483
119199
119383
182461
182461
82084
82445
82084
82051
82051
141454
182135
144780
180006
145219
180303
177233
144780
144780
144780
144780
145250
177112
145767
144780
144929
145216
144929
144923
144923
180303
145767
177253
145378
145767
145767
145767
179210
145219
184356
144923
145396
145378
145396
145396
184356
145797
179210
179210
191536
179210
145767
145797
145767
145378
144923
180669
180312
164514
181667
168176
116385
70391
12116
173588
190678
184347
184347
187459
187784
187548
186695
178832
178818
178796
178795
184347
178795
178844
178864
182430
182430
175640
184251
183664
183664
183664
182484
174738
174738
184442
182484
174790
174738
183689
183689
183664
183689
183664
192618
192614
192612
192615
192615
192615
182425
187784
178765
178774
178864
183205
178765
183205
183205
175640
175640
177635
184442
184442
174758
174758
174758
174778
175005
175005
183686
192614
192612
192613
192615
192615
192615
182690
192616
192612
192614
192606
192617
192606
192616
192612
192601
192611
192611
192611
192603
192615
192606
192606
192414
192610
192415
192415
192610
192611
192610
192615
192608
192608
192610
174778
174778
182662
182671
123540
123540
123300
123513
123300
123291
123291
123590
123209
123590
123590
122973
129461
129461
122983
122983
123060
122983
122983
124129
124129
129461
126202
123587
123587
124129
123587
124129
124604
124604
123209
124604
123209
124324
122973
123060
128721
128721
128721
141518
128721
123060
126767
124129
126767
143627
143627
126767
126202
127525
130404
122692
127525
127525
122692
122692
122601
122661
122601
127269
126211
127269
126211
122661
126211
124182
124182
122661
125477
127049
125185
126418
126418
125477
125185
125185
125185
125185
125251
125251
125477
125251
126155
126155
126155
125661
126418
125846
128919
128919
128919
128919
122601
143627
143627
124182
154638
148987
154638
143627
171896
171896
124182
124182
154638
148987
148987
161845
161845
157578
125251
157578
148987
161804
161804
161804
161804
161804
157578
147645
147645
157578
148724
164044
161804
164044
128683
125846
125846
129992
128952
127629
128683
128683
126809
127911
127911
127911
125720
125720
126809
125661
125661
125661
125980
128919
140321
125980
140321
129502
125720
129502
130475
129502
130475
160927
160923
180402
128993
171747
127675
128952
128115
161521
128993
126809
126809
160821
160923
161521
160781
128115
128115
160771
125720
125720
129502
125720
129107
129107
129502
130475
130475
129634
130475
130094
128115
129107
129337
129634
129634
130094
129594
129634
130802
140321
147645
148724
148724
140321
148724
148724
148724
140321
159290
159290
159290
130475
156677
156677
155693
156677
118316
111620
156677
118316
155693
154026
130094
130094
130094
155693
155693
162614
171453
160771
129337
169999
160675
171453
162540
169999
160675
129337
129594
130325
130802
130802
130802
130842
162540
136420
136420
130842
130842
130893
130893
168544
140187
166893
166946
159366
159366
156899
140187
140178
140187
140178
161694
140187
140140
77529
77529
140009
140009
136480
136482
77602
136480
136480
156534
156534
160531
77659
77488
77624
77624
77510
77659
77659
77436
135139
163837
87588
131909
131909
148892
129698
166541
154026
166541
166541
162703
168544
155470
168544
160531
155470
163260
163837
156952
168176
168176
189178
173704
189178
78066
142165
137017
118542
157543
121755
146971
98733
134788
168157
89824
89824
78026
77510
89835
89835
78026
77097
77849
77849
135038
152356
148505
148505
154516
76924
77132
76924
76924
77132
134833
134833
78151
77205
139754
118371
82843
86154
116336
85830
99131
85830
118157
118157
116385
65775
87461
85808
132137
85808
99113
71386
132137
134788
76285
78612
78577
71233
78577
89812
71131
71215
78612
71386
78612
78612
48990
48990
71131
71131
87685
87685
149454
65775
65982
47195
149454
99113
87336
122365
47070
135881
84387
116064
114813
131314
87328
61009
122365
60593
60444
68903
62250
72279
60444
60331
32404
60331
60444
32404
32352
31966
32352
32352
32085
60056
60056
31966
31966
32033
32229
134988
65543
31238
48416
29729
31472
143700
136443
68335
87089
141193
141274
63720
85391
28467
48416
30087
46018
28467
46018
46018
28576
27901
27718
43440
27877
28093
28091
28093
31749
28093
29314
31749
32229
48248
29281
28091
29314
28813
33138
32957
30509
70188
98656
85749
87018
131541
70478
98656
116596
116596
84872
59031
28612
58495
85146
27718
50804
27475
30916
27563
27389
27415
85084
85013
50804
30661
69720
35856
27779
28813
30910
28813
29183
29916
30910
29183
29916
29187
72773
30339
29183
49651
88626
72773
117736
70391
115025
116613
85080
44895
70396
88291
43732
43732
157611
85080
12639
185635
134948
134948
84846
84621
115096
84784
84621
121541
88626
25498
84621
115096
84599
172169
84440
62647
85038
67270
26109
170532
25646
25437
25437
52275
29183
70190
70190
155617
70190
23010
23137
70190
121541
52275
29719
59144
22177
22197
22197
21602
22741
26200
22734
26193
21463
21780
26193
21220
22735
43463
20897
21193
22735
22735
21193
21220
43463
20856
21364
20615
29822
132406
43668
20897
87360
29750
23293
20856
136268
46492
181317
70596
190206
36055
29228
48796
23628
23628
24880
31098
25083
29228
24781
24913
181632
145893
190206
86918
167072
181632
122014
46532
89442
12086
12086
73988
49724
12116
11967
11967
49724
47771
134467
73457
66362
11996
12059
48014
73457
12059
47771
73877
61159
172169
156601
172169
66362
73688
73688
84498
156630
156601
46300
191703
73713
73877
73589
73684
148874
156675
73684
139635
139635
73720
73720
139651
89294
64897
89459
89390
12205
12574
12205
12695
14461
14461
12501
89665
66601
14536
89398
89431
89665
89640
121918
121918
89476
178884
161600
178884
160164
12849
12849
98985
61086
17034
62987
156676
137395
156676
152647
149111
137424
17034
178884
149111
158371
159706
17034
159669
159196
167241
159669
177502
177502
46300
22526
169664
25671
22431
22268
22449
139679
180449
155076
139846
139890
139854
139854
155076
155090
30714
25341
20369
20168
29868
23211
155090
23211
20168
30919
23804
23318
156471
179440
184276
170770
191572
190021
191498
191572
189010
191614
189001
89692
89509
89692
135949
89571
89616
143668
135949
158371
143668
158373
140384
191818
140384
192511
191563
170401
89593
170215
89616
161716
189093
159115
158277
159721
158373
158394
167548
158412
183020
184759
188270
160004
188094
179007
172147
167521
167515
189428
80978
167484
184488
167521
186363
189056
167530
192133
191619
191602
170372
166158
159616
161978
170389
159624
159883
189448
159659
159758
188979
159938
190647
159887
159938
159881
159841
159887
159930
159881
164453
159993
159961
159777
159975
159975
189246
184488
122184
122184
81312
182132
169218
82546
171205
171205
80978
82528
81312
159786
142507
159975
159598
159975
171043
82528
81312
82009
171043
82009
149119
20914
20914
21197
173588
173621
168302
173621
173621
192295
173621
168302
191795
190527
187618
164453
187618
192295
189571
169530
191795
189571
169530
171485
188681
159583
149137
149137
171485
149188
171485
191758
191646
191646
191646
189571
191884
192199
183481
149188
189571
169530
133481
147111
104319
168576
139610
156266
164005
164782
79708
154424
134814
175052
175052
174884
174682
174682
174308
180406
175052
174828
174828
174382
177974
175159
181207
175563
181207
181207
175278
175278
182373
175093
175056
175137
175563
175278
175241
183040
174884
175641
174790
185828
185828
185834
180406
185826
178997
185826
180405
185828
185828
192384
182615
185828
189855
191966
182615
186254
174884
185834
192609
182703
182703
181985
181983
181899
181980
181899
181980
182003
178997
187727
181207
189300
189299
189299
175278
189300
175278
192129
191251
191966
189302
189302
191330
192097
190443
190974
190456
190456
191878
175285
183040
175285
191878
190443
185415
190459
181878
189302
189302
190028
181878
192154
185737
175285
192384
192384
192376
192402
192381
192415
192608
192402
192402
181983
174332
174490
174259
174307
174308
174307
174559
172875
168706
174382
175056
175123
174382
174382
175319
175319
175185
183040
175614
174510
174964
175139
175372
174259
174393
174807
174567
175623
175623
174567
174807
175372
174945
175372
174606
174606
174606
174332
182650
182662
148308
148308
182650
148308
167689
149099
191231
148146
182690
167689
181985
182003
181985
149099
172875
163957
163957
148241
148146
154996
148101
148194
183040
175318
185404
185392
183726
188961
175318
175318
182003
181878
190028
190191
191236
190191
190191
188961
190191
148101
148045
185288
185756
184329
185756
188123
183050
184329
187858
154996
154996
188144
188123
185288
168706
167696
155351
167875
169725
167631
169725
168706
174945
175414
175414
183050
183050
175501
175442
175501
175480
179251
172067
172067
167890
175442
167838
169297
175442
177610
175501
177610
169297
148194
148194
148303
148303
155351
148303
148461
147863
148461
147860
169172
147860
169172
185288
169172
169172
179251
183050
188139
184859
188091
187858
185362
188091
147860
180179
177490
179251
184859
185362
188394
188375
184890
167875
167809
186681
164259
186681
168014
186681
169365
167838
167838
173760
169809
169809
172807
167809
167809
179249
172807
181478
179251
184890
170993
184504
184890
184504
173760
173760
168014
173760
170089
168512
169809
168512
170911
170993
172807
164259
155590
171549
164259
169365
146271
146271
146814
171549
177490
188394
171549
171128
171128
185544
185544
188394
188928
185586
185637
185637
185518
171128
146814
188928
185518
185518
185637
180378
180378
170089
166471
170089
171863
164729
164729
171863
152193
166471
166471
166471
165582
152193
164729
168814
169887
166228
168512
170089
166228
166228
166228
166228
170911
175732
170908
169887
165804
175732
170908
180198
165867
165867
175732
165804
180198
184525
182341
146271
143158
152610
146375
152610
142961
142961
146814
152610
190246
180962
190246
166108
180378
180388
190246
166108
174016
174016
174016
189335
166108
173559
189335
170908
180978
184504
180978
173935
183372
173998
173998
174082
173935
180962
174082
165804
165804
165491
165383
165804
165345
165491
165491
165345
180439
180439
165930
128451
128334
180571
126238
124569
124569
128507
128223
128451
128334
188907
128472
128223
180439
180439
165748
128451
165228
169610
128451
162861
128472
128472
162861
152416
109593
165729
165729
165729
165729
170592
170592
177401
168814
168814
171064
155891
155891
142826
170592
170592
170592
171064
171064
155891
142841
142597
142597
165867
184525
184525
181146
181149
165383
181146
181146
181149
165748
111816
142826
146375
146375
143282
143282
146375
142826
143282
142841
143040
155638
173480
189335
172082
173480
155638
173559
172082
171195
143282
171195
172082
163695
172082
173419
111345
111345
110307
172824
126238
167588
167154
165930
180645
143717
143717
142633
143790
180645
142599
123571
126238
123571
143790
123571
123571
142633
142633
124521
124324
124521
124688
124688
130240
172179
111816
110581
180567
111290
165228
169610
111290
109082
111345
109050
108907
109050
139286
109066
110307
169610
109251
109082
109593
109251
110307
111129
108257
108257
111704
143040
143815
143815
130240
109856
163695
143040
163695
110997
110647
172082
110307
115690
111367
110647
110647
178824
173955
173955
178824
173955
139286
173530
174082
173530
188907
178273
123513
129170
129170
171277
128223
171975
126958
134646
134646
171975
171277
184336
171975
183644
157152
184336
178273
178273
128472
152416
152416
178273
109658
109519
109519
184336
181764
181764
169557
109658
109440
110924
109440
157152
152847
183644
157152
164621
164621
164621
129461
152847
152847
152629
152629
192578
160240
160240
192591
192591
192185
110924
157080
111465
109637
111227
192578
192185
192578
157080
157080
124324
124654
124324
124604
126565
124688
109856
141518
126565
128014
126565
114296
114296
108693
108000
109560
109200
111129
111129
109363
109460
108206
108206
111704
108830
111704
111510
109460
110277
112195
110575
108693
108155
107955
108155
112011
109856
109856
111367
128721
156965
128014
128014
156965
156965
108410
111697
113791
109693
113791
108000
107673
157738
156965
111697
157738
169489
169489
107673
107615
107615
107615
112195
110658
108300
112152
110658
109391
110627
110627
107955
109693
110134
108098
111660
112036
108098
107826
130404
130261
182524
141011
182524
141011
154939
182524
117540
132207
161913
130404
130404
161913
160240
192566
192566
127269
192566
192537
192567
192542
192567
117540
163463
163463
152729
112036
152729
152729
114904
113124
113124
157575
154541
154541
114139
130261
127049
130117
127049
127049
130261
130261
130261
127134
127564
127134
127564
130117
136759
183529
136759
172820
136759
132207
172820
152146
118761
118761
101814
118761
152146
113010
152146
112947
112947
113010
113703
113703
112660
117738
112958
113279
113279
113279
113056
112958
113727
112958
171896
169489
169489
110474
107553
107553
107553
107553
171896
161845
110474
161845
113770
110085
107446
107446
110038
110038
110069
107826
111660
111645
110069
110085
111968
114139
110069
110085
108446
113770
113770
113716
113716
107240
107446
107240
107240
113716
113716
148648
148648
108539
108539
148648
107090
108446
111968
112021
112021
111848
107514
111848
111848
107514
108539
107090
127378
183529
127378
133481
127378
133481
133481
127564
127564
127378
128683
127378
133481
127378
133481
127378
127378
133481
133481
133481
102098
188758
133481
113279
113279
101982
101982
113956
113279
113056
113056
113956
188758
102098
188758
188758
169162
169162
113144
113956
169162
104998
112408
113056
113056
112813
113173
113228
113228
113727
112217
112217
112217
112408
112408
112408
112217
112318
106711
112217
112217
112217
112217
102098
157047
104998
142345
104947
106309
112318
107336
107336
113797
107336
113812
106798
106115
106358
106129
106053
114158
104947
104915
104947
104947
106711
104915
105830
104601
104915
104771
104771
104771
104771
105127
105063
106711
105830
105830
105127
117243
106358
105196
140069
105215
105549
140069
148648
111048
111048
107090
107090
106951
111620
111620
106951
111048
106951
106885
110927
110927
107090
113727
110300
110300
110927
110300
108541
108541
111620
111620
111620
118316
106842
106885
106885
154026
118316
111470
106774
106842
110256
110256
106739
106456
110256
108541
106885
107336
106774
106774
113812
106798
106739
106842
106801
106801
106727
106129
106007
116182
116182
116182
139411
116182
116175
114192
116175
116175
114192
140773
160317
158722
156439
146856
170863
162894
146856
114192
133469
133382
139411
154050
133446
133446
151455
168650
133469
151494
151161
150519
150479
151455
151284
150479
150479
150417
150430
150430
104771
104771
105240
105304
105063
105304
105590
106562
142231
140650
140650
142231
115757
143863
115553
105549
106007
106189
106189
136695
106352
135223
114072
115400
140690
143342
143342
154026
154026
162703
111470
111470
111470
106456
166455
155470
162703
155402
155426
155426
135763
166455
139411
155402
155402
106456
135763
155426
161618
163237
161618
163755
163755
154050
161655
156952
161655
162261
163993
163755
151284
150368
147111
149658
149836
149940
177506
149968
151668
151716
149737
149850
149766
149815
152540
151305
151362
151723
151193
151217
151039
151217
154516
151039
150368
150368
150417
150315
150368
150304
139754
150656
150287
150304
150656
150656
150164
150604
151362
151161
150479
151519
150315
150607
150049
150100
150164
150315
150565
150565
152540
163646
151751
149857
151380
150880
150963
168838
148974
141654
154418
151123
151163
150604
150306
150765
150804
170369
150656
118371
150656
170369
150765
150765
150765
160048
71066
71233
71119
71119
70991
70991
71066
150765
150727
150804
160048
151136
141644
7741
7793
49769
172137
14234
151306
7741
17062
3184
62761
65106
17406
17527
17527
156070
157082
160048
70991
73345
32033
71119
71119
71119
157082
43216
71119
166199
166199
9407
147606
166199
160048
11198
11198
17406
11318
9407
3053
3325
43852
17062
8509
43852
43186
8011
63497
132546
10682
8011
8061
32033
35372
9256
147606
162667
162667
9256
35372
162667
35372
179013
9178
162807
13980
43186
9256
13980
8647
8061
11341
9178
11341
32229
35372
30509
2978
59375
59375
2719
10856
8139
10682
10682
88086
16010
2920
3743
15955
35242
75981
61483
162807
162807
60098
8439
63348
8992
63348
11132
9052
8992
66516
66516
61483
72158
46340
35954
10291
8992
11132
11132
16140
16140
15955
131350
59464
18471
16416
18275
16416
18424
15676
16140
15413
15676
15676
16416
16365
16614
17823
18471
59303
18305
9562
9744
58659
9787
18305
18305
18115
29503
17861
10069
10069
44065
10065
30509
118056
179013
118056
30509
173296
178355
162662
51879
154773
167238
72773
51879
178355
60098
60098
178355
10304
25498
167238
51879
167238
69916
22741
69916
10291
178355
60098
161714
10427
178355
69916
167238
131148
25977
156417
169153
51879
169153
161714
169153
179013
134387
170555
10149
22741
22735
143614
134886
161714
9562
9562
9744
9744
9787
10205
85329
143614
43255
59365
25977
36371
25977
36371
118336
184043
170561
73160
184047
160200
73160
184043
87074
36371
183303
183303
76425
72878
73204
72878
131955
78653
73003
78653
141341
134637
71283
47452
122473
19829
166500
136268
156226
157282
132406
157282
136268
132255
72738
167291
73116
88228
73116
156226
154320
154320
161924
152321
154311
140623
117295
171384
72738
84175
69143
88189
65519
69447
73200
88189
66628
61353
27105
136335
83085
82954
136335
79007
83967
83572
132175
72720
83219
84289
83089
83089
172735
167595
162816
82979
84303
83029
83552
51758
75778
29241
121859
51244
27247
26727
51072
76818
51219
27179
51257
154562
173255
173255
146607
154562
154955
188244
188244
83159
114632
114695
83449
83466
190666
84105
146607
175800
189957
83995
82906
146607
83920
83202
76811
82888
117874
117467
154955
117454
155851
83152
84193
83251
82861
46676
26390
72170
118717
51058
117257
53252
51206
51056
51158
50948
50863
134578
142453
25149
182061
51746
51391
50921
51448
51423
114619
114695
135015
155833
132254
135015
83289
131068
135772
84105
84105
114672
135772
133661
83368
83331
149329
83515
83504
83368
182061
142453
24755
121550
24590
134384
134576
164245
115297
134384
78733
51672
51608
83582
51448
51672
69179
51566
51636
51722
86247
86246
114555
86256
181638
172891
183385
84063
84063
83504
86246
83546
84306
181324
84103
84024
83633
83616
83616
84095
83660
78733
78733
135828
134576
133037
116126
78795
121797
133046
121804
142519
182641
134232
184738
134131
134215
133046
134166
86856
83522
118194
141795
83774
117332
51626
51763
134254
134254
141809
141809
134201
84103
182630
84112
87942
158054
83660
131377
83645
183983
184007
177921
183771
185802
160322
83832
171531
160266
83810
160351
83783
84231
184260
131394
182641
183261
134166
183261
188248
179433
188242
188232
188232
182278
182278
83725
83709
84191
170468
83754
185863
151895
136631
136613
160080
136958
182444
118348
180650
170558
181161
182277
169283
181352
169268
170644
184675
182210
182421
170655
184745
179876
179826
179752
184745
179717
187538
179752
179876
179723
187538
179745
167180
169283
179905
164992
179874
183761
179542
170642
170054
170622
170644
170648
182225
179842
182227
179819
179855
179863
184675
190719
192057
192472
188250
179947
179497
179433
179539
183466
179855
179562
179541
179560
179855
179575
170622
170656
191470
185111
192472
179690
170648
190788
192312
190788
190407
190793
190407
190793
179382
179361
151909
182578
180423
190039
151930
192286
179960
185007
182551
191517
179826
179819
179826
179826
190248
179717
179826
179752
179603
179603
179803
179803
179717
179752
179752
179717
179723
179803
179717
179707
179717
179679
179803
179603
179803
179855
179690
179654
179654
179603
179627
179646
185015
179603
188250
191169
179694
179690
188250
190248
179745
179707
179746
179746
191169
179751
179694
190899
190795
179745
179690
190793
185047
179693
179654
185015
185047
131928
131928
170438
170438
170438
58315
137322
16567
15413
16381
131928
15708
131928
16533
61842
66334
16533
76358
58315
16412
18619
67059
67047
157999
67047
143649
137457
143649
73720
157999
139957
139958
139957
139970
139970
36253
36253
131596
137457
139910
17965
61842
17965
36270
25874
18115
45876
36089
36145
36089
63973
67059
63973
36145
164782
137379
137520
137341
137379
170438
137395
137282
137395
137340
137331
137447
137322
137382
137592
191352
192468
191331
191748
182961
137398
142354
137244
137557
139230
139230
25341
139970
139872
139972
139972
139972
68820
139606
25341
25341
19106
68820
18870
19043
19047
68820
139606
69250
19022
18917
69250
19033
14653
69250
31141
18788
18985
19476
18799
19871
26374
19408
26374
19476
25981
20006
19047
19871
19561
19561
19624
19219
19102
133137
19208
19102
19535
19938
19102
19165
18799
25981
20049
191398
191396
192053
192202
163481
163481
192202
81012
135238
192314
192182
79521
80930
80930
80930
80094
79678
79678
81105
80262
80226
80285
171205
80226
80826
79532
80786
79678
81244
80461
80046
81244
80826
80964
81244
80787
79924
82206
82206
82209
115662
80964
152843
81594
152843
82209
81241
80964
25182
25182
20050
23829
25182
19561
19814
19681
19702
149245
49408
49408
21197
26922
23829
49408
26601
23516
23495
26813
25530
26796
26720
23537
25530
133524
23537
131187
133524
26797
51192
149612
24651
171244
24281
25123
24328
133524
171244
51158
50863
51087
24699
51087
50921
51087
53352
24873
24590
64223
49399
53352
53357
87808
68872
86952
35411
134384
183481
183481
149176
115662
115549
152843
149137
149176
183684
192618
180287
183686
187539
186695
192505
192504
192504
192504
192616
192601
186705
192504
192504
192504
192616
192504
192618
187539
191212
192505
192618
192618
191212
191212
186705
192504
192618
192618
192618
192618
192618
192618
192618
181316
181316
181316
180641
186705
188212
190195
191212
192618
192504
192601
