26599
51154
50331
48258
55740
34296
28898
47754
58356
59186
54258
57863
46691
57381
44504
51067
14473
26599
11125
27775
26599
28120
30166
51154
29477
8244
58288
58640
58640
36576
8244
57869
59936
59936
11125
57133
57133
54055
28120
59936
28120
58250
35156
53560
35156
59936
13033
13033
12815
55139
53219
43811
43811
9303
50040
43651
43811
43811
43811
43811
59731
8244
58288
43811
43811
47115
55139
12254
16102
16102
16102
57869
47882
8934
59936
53560
16102
34499
16102
32627
57869
16102
57869
2916
14754
30386
57869
2916
2916
58288
14754
13783
48179
2550
6772
13966
13966
53902
53902
53902
54199
42500
54038
20618
55965
48062
14648
54171
6772
13966
49081
54199
54872
38309
44037
51466
51466
54055
59936
44516
58250
56383
56383
43272
54055
43272
54055
36200
54055
58250
59936
36200
36200
40573
43811
54171
28474
52641
52641
50040
54001
40573
54001
48984
50661
28474
43811
47115
52272
52272
52272
40362
53660
52272
40362
31345
40362
59936
31345
55187
11549
34499
40362
40362
40362
34499
40362
16102
34499
58089
34499
28346
56400
50661
56400
24924
36863
56400
36863
50452
36863
27144
47264
33006
5271
33370
36863
36863
24924
14754
24924
54872
43816
60064
60064
60064
60064
39633
44420
54195
60055
60055
44713
35225
58501
31358
60064
39633
47430
35236
9901
9901
9901
60064
13169
35225
13169
56383
60095
13169
40918
60095
60095
40918
35225
44516
40918
40918
35225
40918
917
57482
55119
6356
60051
60042
60051
60051
60051
60051
8156
47115
60051
60051
7770
60051
45587
44420
45587
45587
59248
59248
45587
45587
45587
56204
17479
45587
45587
40362
45587
40362
40362
40362
45587
40362
45587
45587
31345
40362
34499
56104
56104
56104
35775
56104
56104
36863
56104
36863
36863
36863
56104
36863
56104
56104
33006
33006
54604
49376
20618
48688
49081
54359
19644
45228
49464
47351
60064
60064
11030
49464
60064
60064
47351
28809
56822
60064
60064
60064
60064
60064
60064
60064
49464
60064
9901
31358
60064
60064
13169
40918
60095
60095
40918
917
60051
60051
60051
60051
55422
15488
55422
23740
56204
56204
40362
40362
40362
45587
40362
40362
40362
40362
40362
40362
40362
45587
40362
31345
17479
40362
40362
45587
45587
34499
40362
32627
36863
56104
56104
56104
36863
36863
56104
56104
36863
56104
56104
56104
36863
33006
33006
36863
36863
56104
56104
36863
6748
43460
6748
11594
20682
17949
40362
40362
23867
56204
45587
45587
40362
40362
53353
36863
56104
45007
41597
56104
41597
36863
28346
17479
11549
14102
45204
45806
5271
17695
43385
58850
3467
46753
56240
53288
44095
14102
58668
36951
17695
23740
44095
37657
19242
3507
48179
9736
16695
54720
54720
54720
27928
53388
19375
47480
12257
49319
12257
16212
35568
16212
35562
35568
15223
49319
29104
28842
42538
16212
29195
29195
26499
49822
38269
36011
32413
37221
13260
12257
45094
52909
42538
39670
33128
33128
49757
48317
45731
33128
29195
36748
36748
49822
21959
45411
45411
39767
31935
16366
41248
58517
34615
45411
19370
31935
25855
25460
17022
14143
17022
17729
38269
16212
56270
34872
56270
830
43844
56270
49681
56270
49681
49681
53452
14143
19304
35562
35763
25855
33128
25897
9124
45486
7529
830
830
7042
49829
55076
51765
55076
50031
48850
51765
51745
51765
57405
1898
55076
54342
58989
54411
49026
1492
2550
49693
35970
30070
42511
42511
51765
13783
13783
55076
13783
55076
25755
48928
51328
54511
56123
56322
49026
48898
56068
54422
54257
54456
50743
50166
45396
53773
43951
2413
19819
38185
40427
49003
27849
17978
17978
17779
17779
17779
35103
17779
43389
17779
52570
52570
52570
45136
35103
50980
57402
59495
59495
17779
40160
19074
19074
7375
19764
59270
51273
29599
59683
2359
54511
43748
43748
45520
56123
45520
45520
56123
24722
54422
54422
50743
57431
56123
45396
34472
32089
52658
58211
57588
52117
29599
34472
25785
32089
44242
33536
46776
55858
55858
35907
42016
23909
46560
36757
41130
6196
29168
25726
26565
22355
52375
35127
49383
10429
55954
43496
21953
20320
28526
50027
50027
55954
50027
41954
25785
43312
39903
39903
55743
20057
39031
2649
54582
4909
43496
57269
16439
58063
22114
5363
45985
19834
39667
45985
12241
15210
14494
53563
48688
3530
57399
50247
59559
54359
53563
54359
43460
45434
53503
11594
14189
21331
14189
20682
45587
51127
41597
52370
39390
58084
53503
12599
21331
38834
21331
40362
17208
56104
25311
55555
57309
36080
27873
52085
863
25311
44152
59834
58084
55967
53503
26561
24962
38834
21331
38834
40362
55967
52085
24962
2950
9364
53448
38834
11034
53448
11034
11034
11034
23867
57929
35979
35979
51127
23867
53353
53353
45007
17695
51127
23750
23750
33633
58736
45224
57267
17040
32281
53987
53388
19375
47480
47480
47480
24194
37169
41037
41037
47480
1028
11034
23867
33633
34500
37640
5803
7374
10817
38754
33633
41933
21148
5631
13846
13459
14417
13459
52531
25920
19364
46568
37169
7820
46755
39613
40014
40014
7820
52531
7820
43538
50447
58238
13265
25311
49514
59834
13479
40778
31562
33926
59707
51663
57178
49514
55967
55967
3637
2950
53448
53448
53448
53448
53448
53448
10278
10278
10278
10278
52085
3637
9881
9881
55967
54885
54885
3637
54801
38902
2950
9467
59710
38902
963
59710
53448
53448
53448
53448
53448
53448
53448
53448
53448
53448
53448
10610
37640
10278
10278
10278
10278
10278
10278
10278
10278
10278
57178
48929
50766
40778
38090
40778
31562
7800
59431
7800
55703
38146
43237
39479
43689
15711
7800
41368
7800
59326
59326
43689
15711
15711
55703
58429
15711
38146
39479
49096
26449
12888
44822
59431
54801
24896
38146
38902
31758
44822
31758
31758
41561
49938
31758
49938
55703
24896
24896
37066
12748
38902
18855
57733
38146
11209
31758
12748
33108
49938
49938
41561
11209
11209
11209
24896
1918
55703
49938
33108
24896
11209
37066
7902
20783
16495
12256
5049
10387
12555
6890
43187
4127
50487
27015
16495
22053
37642
1517
9742
9331
4127
50487
27015
32672
10610
36971
19093
53009
10817
10817
3141
29190
35246
29190
43098
43098
38945
41933
21148
56414
19093
30409
54466
58433
40993
53009
9818
47901
47015
38945
39008
5908
26615
26615
19093
32439
26615
39008
21148
26615
44637
54489
26615
29072
18857
47771
19882
3678
47771
54028
54466
22064
13459
16495
30202
13322
37949
52262
52531
47901
45666
11102
11102
58537
55123
55123
54205
47015
52249
15001
15001
15001
52249
40322
32490
45666
30994
37638
38865
26943
37949
52262
18354
27885
21122
11374
58537
56841
36859
42040
55072
34940
38256
38256
34710
28101
28101
45094
28101
36023
54990
49757
45094
49757
16182
51557
55072
24543
41248
24543
58517
41248
32485
28046
28046
28046
54931
10447
59899
29143
24844
21869
18261
45094
45094
4704
21869
31578
16182
51557
40346
42980
16182
55852
23728
24543
30735
18710
58517
55852
18710
22916
38043
34786
50454
39767
29985
40259
15569
24036
51557
15184
31938
830
830
830
830
830
830
24972
26733
16182
15184
31938
15184
26733
26733
830
31938
31938
26733
26733
830
44864
57392
34458
54451
42339
52277
31997
42339
42339
42339
42339
19177
34211
18205
16934
34211
34211
47703
22856
42980
38855
9585
9585
24543
23728
39902
54361
54513
44864
3677
19177
3677
18927
6864
37206
19177
25870
59449
44872
51729
6345
48428
39902
17281
34571
536
35069
59899
29642
29642
41232
54361
18673
34571
10403
50861
26000
13467
18701
13445
29642
34707
44367
49458
20847
26733
45284
26733
26733
26733
26733
2326
26733
26733
26733
26733
26733
26733
2326
22342
26733
28616
2326
2326
32265
54513
11180
53708
16471
38989
23106
38989
58017
58017
37206
37206
18421
8409
24130
24130
24130
7672
8409
37206
18421
9840
9840
57991
53709
53709
30479
25870
57609
57609
8229
9239
49458
53054
14684
47794
57957
31826
24130
37206
8409
31198
23561
31826
23561
9840
30479
9840
57991
5107
30479
53709
30479
30479
7297
8229
21547
9239
12502
57976
31247
2780
21501
13467
3635
54889
45541
49458
12649
39680
5444
39680
32613
1371
19384
55332
14745
13445
25870
50964
30479
25870
25870
25870
25870
30479
4242
32265
10550
8229
5655
5655
5655
1953
8229
1953
32405
21547
14684
8229
28911
23035
8759
32682
28790
14684
21547
12574
26427
36150
5444
15887
1019
14068
46121
12574
5444
5943
49027
48887
48887
36108
59477
14745
30768
30832
46988
30768
37937
6830
39667
36975
25961
27539
48657
48657
53750
48657
34636
33885
10882
42867
51839
6124
56586
48191
54408
34818
39829
39163
23057
34562
35440
36913
23178
57117
57117
6120
10415
46389
48144
48144
30322
40478
5574
16272
30704
58129
53144
28461
50644
14335
57923
21765
30926
22721
18728
6472
8804
19491
29935
18128
38334
38334
3375
31978
58451
23535
58273
26712
37566
50430
18959
20757
24633
46915
41495
46289
54199
60042
59795
13025
57381
54209
40986
33690
53728
43480
60042
13664
40654
54862
60025
60025
60025
38035
24685
58593
43165
60019
60042
7770
917
30800
30800
24685
34920
40573
54001
52064
8156
8156
60025
39823
51102
39823
36863
58593
14438
56104
48579
55295
53728
11335
57505
49084
46226
48579
58186
60025
60025
44676
58186
60025
60025
58186
54894
54862
60025
60025
60025
60025
60025
60025
60025
60025
24685
30800
917
24685
30800
55735
14438
14438
42074
41597
41597
58186
57505
51391
17842
46199
17842
48550
45278
51710
22282
52370
32995
47864
47496
48824
25307
32761
19193
55741
20238
25028
25028
19974
53502
40044
25028
59439
54233
33325
57378
25028
41495
59085
19974
51763
49492
55519
25641
10680
51053
10680
55272
59096
58174
47035
35121
51053
47035
35121
58692
49962
13848
15871
58000
3810
56012
40644
25622
27849
51659
58012
40597
9131
45681
45371
52786
36597
34680
34680
9737
35121
32102
44101
38283
33807
19697
25771
34942
9737
42119
57401
15912
11914
11433
42796
50066
19697
59022
33610
7128
42255
56305
24828
55344
52786
42992
31025
52913
40450
50825
4783
21363
18680
44319
53483
15517
26656
26352
16818
49682
54871
52152
46534
46534
49548
49215
3410
24637
39033
52792
49852
32655
38589
32655
24548
54090
42081
54430
54430
49131
52744
50712
18469
28417
42816
5239
34901
23173
54866
31905
55284
11457
23173
43630
39414
44564
41469
7936
43078
31992
7936
31693
40347
31693
53645
2407
32655
55863
34564
16447
16447
8263
34564
50516
21777
56535
45205
32991
1384
6133
18469
7989
18469
44251
22881
24819
24819
47375
1384
32655
56336
14213
54821
54039
32655
56336
53988
53988
53988
53988
7989
24819
7989
47163
38443
9896
11546
33398
32991
54902
53724
11978
11335
727
41313
41313
11978
41313
51391
45403
51391
17842
14440
17579
14440
53564
2723
54423
51685
51518
59172
14440
59344
42739
4436
58577
59344
7104
58577
4436
51387
51685
42431
17809
17208
17208
17208
51387
4436
17809
25301
57929
57929
35979
35979
4284
23989
56207
53802
26811
57036
4836
53802
21449
534
59430
53661
35979
30409
57036
54105
4836
13518
41551
41551
41551
17983
16821
28663
41551
784
25677
6454
53661
59344
40594
53014
13032
15601
7104
53014
53014
42300
38218
51387
25301
10278
7906
38218
32425
56334
42300
38218
37607
33509
45581
32425
11026
32425
9010
11026
10278
41623
54649
54649
53014
54688
15601
15601
19018
9241
36206
28082
7906
14655
7906
11026
37607
37607
5353
33509
5353
5353
33509
5353
9241
42458
10206
27181
28082
28082
7328
38190
50306
11026
11026
10562
59657
19018
44578
29976
32693
32693
29976
5353
5353
5353
5353
30871
30871
11026
8113
5353
22792
5353
30871
31300
56319
59664
44578
27181
42885
27181
42228
42228
30871
18590
10285
7563
1244
1244
7563
44578
30871
18590
50306
41623
32707
17983
17983
19670
32707
12539
48619
15192
19670
9537
48619
46281
14199
46281
28663
19131
11408
2338
18089
20679
59787
11855
44545
17669
9537
18857
18857
1330
18857
59190
17669
44545
21810
17669
29420
17669
18857
59190
48180
14730
14199
34712
2338
54191
45920
25666
21196
32896
9081
40844
50609
58743
41877
20012
53733
12462
6211
9215
58057
24240
38583
31378
36245
1320
25574
14521
5884
15662
52243
18604
12803
57066
51969
25910
25212
48472
52243
52380
52380
52380
52536
3633
15418
34721
46820
25108
35741
35734
35734
45167
35734
48615
53013
52672
11609
56648
15517
48615
59196
59196
27909
12693
25807
35485
26948
35077
39918
4511
35893
16034
58492
47066
47066
14107
50462
50761
23629
36024
55979
18143
33994
57435
19787
44151
12946
31626
15467
36024
27596
53086
55772
39918
10008
38970
16858
17230
43665
18616
26848
26848
55549
27652
39282
53335
45743
33773
24375
28417
54866
26949
50931
19564
53974
33811
7936
7936
47163
11457
33811
55549
40770
33773
20129
43720
51300
6803
24417
42956
42956
50931
59247
7998
54637
45798
5749
5749
17214
16447
17214
18152
16447
35600
45205
17366
18152
17366
56535
38443
14480
50937
5749
5989
53760
52781
54416
53760
56535
30630
22986
35552
38443
17856
32991
35552
35552
9896
54902
21210
30630
45589
21210
30630
35552
35552
35552
45589
1040
48528
45589
21210
45589
48528
33313
45589
45589
28993
34647
37593
12016
20129
53830
36710
36710
20740
23717
18018
54637
42554
58484
48254
867
49444
58498
59250
35296
28575
49759
20740
15471
53830
19548
10132
46466
9210
43236
48254
29770
51871
51762
26123
9891
17881
50937
26123
26123
50937
40963
40963
9250
9097
42090
9097
52781
22986
17244
54137
48899
22359
27761
42090
31288
17244
21801
4755
21801
24307
48528
52781
35552
51074
30630
35552
21210
42174
21210
33313
33313
33313
45589
35552
21210
42174
25783
21210
35552
1799
18616
18616
18616
25557
11039
49378
24228
36306
39
38542
36656
17228
32990
16339
12803
2761
45163
7658
34202
47613
13188
13188
48332
57675
47038
10891
1458
48594
27504
16119
9696
42585
52693
9498
58484
29770
45355
52933
36306
10891
56072
56359
27504
8784
59614
46834
46834
46834
44537
38892
7148
7163
7148
7148
9891
26506
48899
31288
36803
36803
36803
8587
28538
31288
43366
17034
43366
43366
6465
6465
21801
43366
43366
7163
39769
43188
8587
27119
27119
17034
56970
56970
17034
19543
43366
19543
19543
19543
19543
19543
19543
43366
21801
27771
21801
21801
21801
19543
21801
19543
36306
33985
6114
31255
15659
56103
25950
50004
14971
37327
39229
37327
23275
23275
15659
58453
50851
17018
14971
44984
3099
3099
37327
14165
14165
55058
15562
56970
56970
54401
43717
27172
17034
9237
10997
58508
11556
36009
57423
18910
56025
34221
36763
25284
57877
30750
49471
5414
59673
56623
11858
1508
58063
58063
6546
11666
59122
59122
59122
55009
1813
41081
49981
10150
39059
10257
16407
16407
5062
46033
45909
3234
3234
3234
36276
45909
60102
51768
24012
58111
36276
24801
48139
48139
24801
54132
27791
59371
27889
58111
36276
34725
41936
27168
54132
36276
27168
34378
2570
54132
42477
47699
3865
42477
16269
3865
47699
30444
43549
57296
48408
24390
10707
33317
33317
27889
25194
3610
51673
16060
16060
36394
16060
36394
24241
48959
43736
48959
36394
36394
36394
25194
25194
51673
51673
3298
47699
3865
3298
47699
25194
12868
10440
1719
4579
51673
5151
16060
16060
58247
36394
58247
2263
58247
58247
36394
36394
56664
5151
5151
58247
5151
2263
41046
58247
16512
45981
27903
7996
36039
24297
3
44325
37080
34547
52725
16469
42540
26468
56354
11199
28176
59122
8929
28176
56354
56354
56354
24541
25541
59448
10150
49166
24473
28176
28176
28176
28176
25054
29223
29223
28176
343
34035
56354
56354
28176
29223
10111
19119
10444
41266
20149
53860
1753
225
59932
4153
12901
33720
9484
40335
2613
10796
33967
32817
12901
36044
43936
38216
17920
12999
43642
59
36366
23008
13276
29939
19885
28582
54480
54480
54480
32729
32729
32729
8652
8652
8652
37234
32729
41521
54480
41521
13863
16781
13863
32729
13863
8652
13863
41201
13863
32729
631
631
41521
39301
13863
41151
39301
39301
39301
39301
21234
21234
41151
21234
21234
27474
22197
38396
18666
10974
46693
14593
32812
35884
10490
57260
32657
20594
58462
30459
14105
41143
34137
43642
47292
54673
36153
47232
51796
47232
15789
25396
33818
5986
34177
23229
15761
46140
41403
29029
59177
54324
21428
54324
19520
46374
46374
41235
12392
12392
20404
6115
47734
25121
56664
4550
772
41046
772
6367
53129
6367
48226
24038
27903
44966
40612
34848
4081
35811
47223
5257
19968
46148
47223
53129
4550
31146
46148
53129
48958
53129
31146
6367
48131
4870
47223
9233
16112
5257
26354
6647
19968
39616
24796
12273
8783
30213
9077
2114
33530
25937
25937
14083
17301
17301
56651
11876
48131
46148
51131
30982
13593
22460
52689
4870
9233
53043
24647
11037
53043
6647
26354
7534
8710
39028
934
3137
30043
22460
52689
7542
13515
7542
28376
28376
24647
11037
11815
58565
44814
9428
32677
11485
50584
26262
23751
30701
26941
13529
11087
24766
13300
19667
30403
52676
2580
25474
59196
29964
43470
53749
36774
4128
12597
38860
15117
53437
15117
6473
4296
10887
10420
22622
22622
7484
10420
40755
17922
52542
7484
48035
48035
40755
10887
27570
25012
25772
39776
52542
58782
41348
52168
20067
22193
52542
5865
52168
10448
20067
33681
29172
57172
31169
25012
27570
56635
31169
29392
31169
17642
19029
54898
29172
20067
29172
29172
44389
45763
19831
32762
19831
9886
27114
49209
39803
31169
10365
44389
42628
26915
41273
41273
52443
41273
52443
9886
5521
43981
41958
39803
39803
52443
18897
18897
43822
18897
27465
26251
54898
45763
21574
19308
18693
54695
54216
54216
22661
52443
22661
43036
56547
40165
40165
58871
14595
21130
28229
50565
22661
45883
31719
24273
56547
27465
16725
16725
16725
16725
37398
55534
50622
10155
50965
16725
16725
33466
28217
54910
10168
58856
45365
33498
27529
55078
55918
43669
53190
55078
37279
12990
27353
28694
22788
14117
23245
59759
15139
26963
14913
8396
18823
537
39910
57207
34419
22788
5013
40349
13050
21172
15139
15704
17482
5190
9023
793
18211
3963
5131
22937
15669
34201
34201
793
4106
32738
12932
5190
6517
32738
6517
1082
5868
33768
25399
48667
3874
19308
50967
34069
34069
54173
48036
55829
27961
33768
50967
14595
32252
27961
4756
44239
37821
19146
29286
33410
38532
19308
28370
44346
44346
11299
1622
41474
2494
15275
15275
15275
46301
11299
594
8768
8768
8768
36182
2142
2142
43127
5245
2057
47295
16627
27656
41196
1651
51632
43566
55652
11823
4602
44239
11299
43566
55652
11823
9428
1622
13543
13543
7171
11299
1651
41196
27654
22628
38797
16442
50441
38797
27656
38797
3844
36133
10338
24077
45314
20830
24102
14494
5340
44991
10219
41696
55201
15994
11214
28513
48328
14147
47835
21694
21694
54194
50378
53933
4343
48002
32329
45600
10219
50448
50448
34313
43956
15982
20183
27164
35548
17789
50638
47594
22801
30297
6466
49214
52551
47021
51873
45144
22329
49270
46229
29726
50766
50766
17630
31562
33926
23945
51663
20258
38715
20258
58429
2630
8921
58429
2630
55381
15711
35141
9734
41368
41368
2630
8146
6368
23826
23826
58429
8921
11771
11771
33381
2630
8921
11771
8146
8921
11771
38146
41368
33381
59119
14920
41368
33108
33381
40878
49397
49569
429
40878
58697
18417
38802
25425
17630
47441
47441
14058
23945
20577
38715
24788
49569
46438
11036
58697
49397
43631
2511
32345
877
39208
6441
33806
9332
51381
391
37450
14713
27904
13979
21711
13455
3672
26194
16800
45286
41766
4127
18354
44825
56066
50487
9331
32672
18354
7408
24964
3125
13255
18953
42269
42269
27904
31724
18266
18354
1
50487
50487
56841
5234
40653
45666
13374
5937
26524
33387
12657
44731
8026
42806
44513
40168
22698
54454
40496
22698
16011
18354
22163
9588
56052
26913
8026
45368
13374
32595
9588
24707
1957
38766
45010
47220
41384
35603
40641
48945
18728
14701
24788
24682
12052
38676
40146
44304
23716
36420
32524
49656
4705
1849
46068
46068
48391
37924
6484
37924
55382
56971
25107
10525
14712
14654
37589
14415
32237
19442
39654
41477
39654
25740
32595
30068
30240
56416
17170
22136
42087
41563
58963
41129
31724
50181
54605
46615
32282
32687
32282
33786
28541
17317
16600
17317
42541
42541
23725
7397
9335
32687
4717
51161
14725
21410
32595
1957
1957
52751
27721
29738
38766
38766
1933
1957
435
52751
14333
54271
34886
52160
29596
304
26265
29308
15742
37448
52587
39535
50196
46615
1933
43007
14333
38027
43007
32829
23762
57202
36234
36234
36234
29308
28819
15742
26653
49448
40059
36801
12120
50132
40059
17724
50132
29523
32687
48500
59116
32282
46842
26427
26362
26362
15887
694
53290
39416
21724
14004
43544
3324
21724
22236
29892
13887
9157
2049
29584
16303
44586
4761
50262
50262
56253
45386
25730
160
50881
18811
50954
29507
53933
34526
15609
27285
52356
30034
55027
17434
4011
24664
28722
17789
45645
39665
58512
30080
9120
6090
22239
26836
7372
26194
18728
17969
42503
48196
31489
24170
23447
52235
52235
17969
40740
56474
11348
53743
59388
11080
38671
4357
38685
37322
48918
38685
41456
16177
16177
59724
24688
39866
57377
57377
18859
46615
36844
56277
26060
48183
36844
1645
50405
15884
5012
14556
53378
54928
47361
48942
53378
45536
17097
37336
48183
40447
59390
37175
56857
3045
56708
20949
48233
48942
48875
45567
50386
46022
57522
50966
18716
49931
29156
56229
5938
45536
56229
56229
51669
51929
36072
45797
57135
59453
3589
10627
35660
44957
44957
37654
56006
36072
45797
44957
54375
37654
57410
39240
43741
33989
22348
45144
45144
50996
38420
5326
54387
11795
39055
32877
39504
17830
49173
3631
32209
26224
47723
39196
30149
33941
1614
32928
32928
17845
59321
5326
59321
25439
9713
48500
19874
21426
4143
34913
17012
45341
14274
47806
23685
35431
17830
38717
9799
38260
15351
47806
25439
54935
11418
31706
23068
28824
34975
56875
10400
7608
23762
36234
43307
36234
23762
23143
31010
53178
36234
25827
36801
33088
58407
54694
5124
33088
33513
18996
8886
4143
664
20876
3701
17365
27553
54825
54217
27653
3287
15888
56749
664
28095
31677
42878
36355
57922
52234
39326
25543
6025
51779
57158
51080
50096
33404
39205
58133
56597
50136
53071
9815
12456
18859
57599
35002
9420
57599
48919
36071
45420
40564
11134
671
40860
56195
51723
54206
58998
16556
671
57017
38051
20037
22952
13841
54375
10486
10486
30620
48964
37386
36349
39319
55230
17343
17343
10374
46181
21854
18686
36349
36349
36349
19048
19048
40153
19286
19286
40634
6609
46166
3842
30567
18686
18686
13853
6510
1220
15196
55286
16948
44418
44418
52391
57157
16948
3744
42885
30871
4901
53259
32693
22792
22792
22792
13614
20298
11968
13614
15417
56319
3744
42970
31300
51790
51790
20298
47020
28188
49044
13614
40330
11968
31300
42228
30871
3505
49044
53259
53259
20182
20298
11968
28188
47020
11968
31300
18231
32359
57157
9689
52983
38312
57157
35702
56518
45502
10676
53259
35804
27811
46815
39900
4581
21535
33035
606
33035
17669
606
48180
48180
49728
58035
33497
48180
33987
46493
8910
38857
34986
3541
43700
46493
21700
14921
28007
24207
54191
22964
57642
53733
15988
27174
33497
52685
33987
16507
34513
9885
271
52685
34986
4668
25168
13647
5859
28454
59279
22707
4668
5797
33229
4668
37903
58162
47874
58162
40425
32432
28957
50253
40282
35365
12519
45363
32432
3688
55391
27276
18540
7757
13791
36082
25784
7399
41022
53790
19773
19773
29273
44119
41022
32432
57354
47874
43409
17172
47959
6739
35918
35918
55289
35702
31614
41867
26357
20906
6961
21535
20906
56054
56470
56408
7296
30277
58489
11454
3628
12380
8097
271
16505
2815
2138
56468
12380
15987
11454
40509
5797
4668
17533
33229
51999
11156
19511
2692
51999
40509
40509
17533
14588
47119
34546
3473
3473
55804
48903
29001
20088
23923
55804
23923
2843
21336
40509
11603
11023
11023
35249
48608
19660
48608
20088
42115
19884
23738
11450
27249
27192
51440
30996
49503
26966
7552
47610
21034
56112
43215
49193
35874
34653
46578
46578
36933
40459
20119
679
44348
16683
7514
59622
13344
35874
16341
59622
23267
39222
44575
32300
24058
53790
48188
17948
13277
48472
1497
55195
19990
41919
55994
57494
17948
2945
19529
1497
33017
36817
53561
57026
6977
18454
25963
2914
31353
36584
37620
8084
31534
28349
34867
2673
8883
4965
38072
59960
14535
46065
42570
18971
19840
41694
24277
16985
56578
43409
56578
29846
43206
17895
6614
10255
35894
34774
20503
34770
50134
43004
16226
47478
27203
41050
33916
18389
41204
58608
48590
50041
5338
56360
38782
37628
56360
59089
41211
55822
15815
41809
36057
51985
52147
20168
47935
47935
45746
17237
17196
50612
39949
41731
34406
21507
22896
54830
42349
39587
20446
20751
45413
32176
11174
30680
25491
42349
50143
45413
35283
11808
53569
12954
32176
37422
53970
20756
6277
58851
57884
49474
20909
10446
23865
14154
35522
56594
26278
1544
23865
56297
22595
40849
25289
20909
18444
35432
33072
5932
39620
55142
18739
48879
26278
17018
41825
36922
51797
32469
23961
14989
10204
27060
17888
47776
28051
28003
5060
48809
8956
52830
2843
20088
21336
52830
11845
38192
44503
52209
15872
42853
41778
42492
57242
42492
28714
37866
39193
10531
50466
12269
46712
49777
50466
45509
31969
51672
20490
11845
49198
25501
40359
41412
16033
41920
14498
55369
39466
31293
25040
34622
58336
51497
19477
26942
42952
19477
52253
25266
16000
18804
34007
37758
4488
41878
29637
39626
41861
12851
59622
12660
31835
9922
34620
4085
56079
58157
49777
52842
30714
58757
35146
18548
4307
49489
46520
43319
49489
40772
35146
20482
10604
12704
44811
59720
57980
19573
57279
17117
14892
16162
55065
58836
50095
24288
17233
48998
54164
44099
43067
35581
22368
51739
58836
54164
45749
34882
49814
34834
4228
13822
32692
43342
53523
15675
37615
1187
7346
31545
4985
23412
7683
37063
30978
10227
45011
31320
39484
32708
4983
37263
6411
4341
11254
6411
6411
52748
4341
56461
42590
38923
54040
6337
54040
34301
19501
57846
27623
27623
734
40943
8465
29338
13717
15789
36503
19113
19395
39690
47176
14906
54324
46374
41972
19451
13173
48996
16762
12042
48996
14101
48044
11886
38748
6008
5722
5382
31598
25843
29664
18846
45722
13931
41972
19451
8581
7835
29087
1571
39391
13752
29087
48834
40239
14176
14176
48965
24396
34930
6459
27449
43192
5471
5471
47541
778
3074
778
27637
3074
16149
57846
5321
2733
21956
18557
36357
24533
24581
26794
41142
36463
41471
53949
28791
2086
17882
11082
12903
17954
21893
44261
3719
37373
18504
16059
3719
11983
47602
10927
20017
34142
16311
43077
10927
6766
50572
14148
18049
26920
49126
59889
47327
27334
34411
47327
28005
19083
9933
54417
27313
59019
4135
18949
14336
16684
36068
12273
43435
7429
7429
52493
9077
53298
53298
34048
59240
46792
46792
46792
16307
16307
34253
46614
46614
12527
36340
36340
36340
15986
36340
833
833
14336
16684
43435
7429
7429
48996
24348
11829
47295
47295
59240
43846
43846
3916
28364
12527
12527
13820
13820
11697
11697
52186
52186
26177
26177
833
22659
3916
13515
8710
2055
56316
32755
31254
12383
8875
56316
14460
14460
16239
16239
56316
14460
14460
8875
2055
52820
33999
31254
32755
51520
27078
30043
7542
23407
7542
23407
29173
18681
11815
58565
44814
5065
11612
49325
14219
42214
9007
13478
14460
10800
3451
3451
52820
47878
31254
28042
47947
13478
38817
38817
21790
33999
47878
321
45433
31309
8619
33572
9900
13534
1396
24331
24331
49597
23850
47784
18388
4136
26649
10655
31447
51520
16079
49301
743
17882
38085
9003
51403
51403
29230
21754
1571
17351
17351
30584
4269
4269
16132
38723
13820
28522
13820
45052
17725
5228
17725
5228
22659
22213
26177
22620
26177
35765
22213
29415
9444
16132
26177
31235
35765
31018
27334
10293
37373
1172
1172
53286
8469
33046
33046
5541
15882
7197
29400
7197
2060
23665
2060
23665
14013
14013
21930
52346
8145
8145
9007
40744
27741
23875
36709
24328
40744
24328
2251
38817
21790
47878
23004
21790
43149
24328
53611
53611
26031
25488
23004
1582
16906
55096
33572
44253
13534
44253
26649
1396
18136
18136
56186
2133
14938
4136
10655
30884
17054
17054
30884
16079
54244
25195
9730
23662
54520
33444
44331
44331
31594
53611
12786
26757
10070
42568
42417
42417
31594
13218
15481
35045
23662
42568
10070
10070
43104
32668
30476
8053
58845
17054
31363
6210
6210
56011
21342
21342
58845
831
29462
9730
43741
4817
54294
14176
14176
38
14359
47423
47423
6039
51140
45150
23454
26923
15691
2696
27275
20391
48067
36339
3381
24167
8914
36400
16853
21983
1947
25388
634
37914
37879
30439
21417
4135
18949
6879
8884
4351
13696
44827
182
4351
5300
40525
48497
44169
44169
14359
57834
8914
19833
32978
26590
26590
5099
39986
55737
55737
615
1801
29400
5236
13919
28230
12835
21930
9444
23665
5541
14013
41922
4711
40418
3529
40220
39971
14013
4711
8145
8145
19420
37879
11382
11382
615
40418
38062
8939
34817
3396
28230
4708
50593
12114
12114
5916
7703
10341
39991
17493
17493
34817
17493
17493
13919
35045
56491
36943
31594
27797
35045
17709
3839
28948
10070
22128
40220
7703
9443
50793
50793
39971
27797
14330
12768
50793
35045
2805
17709
55545
4470
42615
15213
42044
28948
7992
53221
4452
11070
1417
16775
5209
44827
50593
45207
16044
5300
45957
1785
45957
16912
29618
36514
1564
7122
59113
52055
7194
41233
12932
9313
15707
14232
9313
13752
36587
6517
17192
7194
4486
14095
8278
14232
8278
1157
35041
11373
26124
11557
3653
14231
20145
4486
28531
7774
14232
7774
13397
32616
2385
3638
835
3638
53734
54857
19574
33386
18502
38900
19574
10061
58242
58242
36142
32408
32408
58242
2693
10061
14636
22927
36182
36182
9701
23464
14591
14591
15807
3542
47295
14591
9701
6299
10749
9942
43127
13168
15807
9942
26271
4454
10749
13168
10990
16909
361
29415
30558
26271
29415
9134
38032
8952
4454
38032
22302
17511
22213
3916
41965
15620
29415
22213
12535
16909
12535
17511
48635
59904
36020
9265
27078
47947
30681
44674
59904
20690
20690
16909
30558
8772
13001
13001
30558
8772
42049
36020
33150
28042
36133
10338
45314
11490
45314
14404
3844
3844
3844
16909
33150
42261
28042
52118
15620
31649
11091
42810
52175
33150
37096
37096
37096
5529
14404
11490
15058
37096
54244
54244
24752
36660
34145
20840
3112
3112
12313
12313
18212
20840
9668
17639
17639
14567
41762
17639
17639
31119
32107
15620
32107
11091
38170
38170
42810
55096
25488
1871
32107
39648
15058
54244
26633
7747
5915
15058
54244
8106
54244
24752
24673
1871
45462
15481
55096
35849
39040
1428
44590
32118
32118
56946
48444
22775
48444
27625
35849
44590
10693
10693
14742
25642
5915
25642
4322
24673
25642
25642
4322
19423
9488
9488
40100
52314
19376
10174
12318
11557
46830
57654
33677
29588
25197
56096
5440
15258
28074
33111
30794
18194
40445
22138
835
7263
8499
32218
927
11068
2693
32218
27040
13728
15268
44034
4168
45045
13027
35798
33894
58750
19883
32228
32228
12629
28033
16028
12629
52346
51274
30391
17270
31214
31214
6363
31428
6363
42779
13318
13318
966
45597
18185
18185
1420
30391
17270
17270
14170
14170
13732
7271
7271
10794
10794
29592
48444
46328
46328
58482
58482
1168
47785
23375
23375
20841
38356
20958
34728
2956
2149
1168
2149
2956
58482
10743
3722
17390
17390
44030
16233
25768
3596
3596
6210
19657
10501
32488
4322
34481
23211
19657
4322
25020
25020
30826
10128
966
45597
42779
30826
13732
