4496
24561
24549
24561
4496
24563
24563
24061
24561
4688
24561
4496
24350
4539
24061
4750
4733
4750
4733
4688
24737
38336
38336
24691
4706
24737
24919
38798
4733
38264
4649
24010
4791
9192
9197
24763
39210
38803
4622
4564
4706
25054
4748
9197
4733
4791
4496
9396
39040
38200
38799
24024
4626
23955
39210
24878
4791
4622
4788
24919
24755
24603
4791
4675
38174
38741
37959
38741
4464
9391
24691
38033
24603
24737
4539
9089
4788
38799
24593
4588
24167
9396
38889
38200
23955
38038
25054
4537
4791
4564
4649
9215
4416
24519
4690
9192
4416
38687
38687
38174
4464
38925
9361
9199
38741
9362
9370
4626
9215
24691
4675
38035
9192
24650
9215
9370
38687
24071
38154
23949
4641
9152
38741
24071
38725
9362
4625
9192
9192
38799
4606
38687
24874
9337
24919
38202
37959
38687
24593
24603
9361
4791
9199
38741
24763
24167
4727
38725
38096
38831
24783
9361
38035
24024
9361
38891
38831
38038
9416
38925
38680
38741
38096
24650
9414
38687
24878
9361
38725
4791
9368
9448
39028
4625
4416
9141
38891
9215
24167
38725
9361
37959
39028
4675
9192
9362
24737
24071
4423
24878
4537
9337
24691
24071
38725
4480
24071
38035
4727
38725
24919
24874
38687
24519
25054
9192
4727
4641
24593
38725
4748
24684
9448
38687
24603
24297
37959
24167
38831
24024
9361
24510
38725
38889
38743
38096
39207
24024
23955
4606
38891
24024
9138
24650
23949
4788
24878
38097
9215
4788
9361
9414
9361
38911
38687
37959
24297
38096
38755
38830
24510
9448
38755
38744
4788
38899
9192
4788
24655
38687
4788
24071
38743
4423
9198
38744
38687
4573
9368
24691
24167
4480
38995
9337
4423
9448
4788
38096
4727
4675
4675
24297
9192
24071
24071
38755
38730
38680
38725
38997
24894
9361
38096
4727
9428
37959
4537
38725
4649
24874
38097
9400
37959
9362
38991
38680
38831
4537
38830
24919
38035
38687
38725
24167
9362
38830
38687
24024
38725
23915
38756
9414
24894
38899
39040
9361
38708
38035
38725
9138
24878
38096
4688
24684
4606
4788
25049
37959
4573
24246
24167
9428
24894
9361
38035
38730
38680
4606
24894
38096
24858
38730
4552
38680
24887
38741
38725
25040
9091
24650
4573
4416
9428
24874
38756
24691
38725
23975
38096
38830
4557
4788
24350
9192
4423
9192
4447
23949
9141
38097
24684
38708
4704
38096
38687
9361
4423
38708
38096
38097
38730
24894
9414
24510
9448
24071
24684
4788
38730
38725
38725
9448
24281
24024
9448
24607
4649
24350
24246
39040
4788
9091
24098
38735
24887
38680
9400
38730
9141
38730
24510
39040
38782
38590
38730
24167
4557
4447
9192
24593
38658
24510
4416
4504
24646
38730
24510
4704
4788
9448
38687
4412
24894
4626
4688
25032
38995
9198
4412
38730
4504
38096
9337
9337
9186
38211
38735
38097
23784
38096
38096
24510
9361
24595
9428
4788
38096
25040
38756
24246
38730
24024
4423
38730
4537
38735
24510
38708
38730
4552
9361
4552
23784
4688
23821
4618
38735
38708
38845
38735
9361
38730
24246
24139
4788
9091
38687
24049
38211
9186
4626
24004
38658
38991
23784
9400
9428
38096
24376
38687
24510
38730
24592
24005
38735
4423
4574
38687
9111
24281
23884
37959
23821
4688
38966
23891
4537
9192
25040
38097
38097
38708
38730
24462
38096
38730
24510
38590
38994
24510
38687
24246
24510
24005
38782
24510
38687
24894
38985
38096
23821
4643
38687
38708
38966
38658
24858
9428
38735
24646
24402
24510
38708
9192
4618
4643
24894
9186
9192
23884
9448
38135
38730
38680
24504
9400
4643
38708
38590
24510
4785
38590
38097
38687
38845
24887
38687
38680
24887
4574
38658
24402
24646
24646
4537
38687
9457
9119
24063
9361
24592
38658
23884
9227
9448
4618
9361
9111
4618
4788
24035
4511
24702
4618
9111
38989
23884
23891
38658
4574
9361
38687
24702
4780
38989
25032
38687
24005
24504
38735
24049
4504
24049
38840
9448
9448
38730
37938
9301
24496
38708
38612
24462
38135
4618
9361
24139
24139
24702
24376
38687
24839
24595
9361
24063
4511
38612
24496
38687
38687
9448
24035
38708
9361
24887
4511
24384
38730
4618
24887
24894
38762
9227
4785
24462
38708
23884
38840
9361
38840
38708
9119
38708
4574
38840
9465
38735
38179
4574
38708
24376
38708
24384
24469
38612
38762
38730
4504
9119
38730
24384
38708
38708
24469
38966
24049
38247
38840
4785
38612
9457
38840
9406
38179
24887
37938
4741
4743
24592
4516
38762
9495
4516
24462
24612
9301
24463
38782
38708
39050
9227
4516
38985
38179
38708
24469
9440
9119
24702
9406
38854
23996
24646
24592
39156
24049
9457
4523
24887
38782
38840
38731
24895
4743
4516
4516
9227
38854
38989
4523
38478
38982
24027
37938
39087
39087
9448
9379
9457
4504
38762
4780
24027
24463
4785
38854
24030
24027
39087
24887
24039
38731
24794
38247
4785
38335
38782
39087
38380
24612
24646
38985
4778
39158
9440
24837
4743
24030
24839
4523
38478
38966
24027
38854
38247
4768
4516
38380
38782
24030
24887
24895
24794
38247
24030
39156
38335
39158
38762
4520
38762
9465
4516
39081
24592
24639
24619
9407
39087
39050
24039
38731
24027
4516
24592
24839
38958
4766
38956
24794
39111
24039
24639
9458
39087
38854
38731
24839
24027
24837
9379
4795
4520
9251
9251
24794
4785
24030
39156
4527
4768
24592
39111
38966
24887
24592
24619
4766
38982
24639
38782
24639
24612
38982
4520
24794
38771
39156
9465
4766
39158
24039
9472
9407
24027
9472
39111
24619
24963
24730
4766
38956
9439
24583
39158
4778
9251
4520
39132
4766
9190
24583
4768
4768
38956
24730
4776
24730
9458
38782
39050
38956
4766
9436
24833
39081
39114
24039
38982
9436
4770
24795
24902
39156
4795
38958
9472
39132
39111
9436
38958
9439
24902
39132
24619
9190
24730
9439
38939
38956
24619
24795
4768
9472
39156
24963
39081
4520
4527
24833
39117
39074
39076
39111
24833
39132
24583
4762
24795
24730
39074
24963
9472
38771
9189
39156
9472
4527
24730
38958
38771
4764
4520
24730
9458
4770
9439
25009
24624
39117
38969
24787
24795
4776
4768
9436
4795
4764
38958
38771
39117
24795
4809
39076
9189
24963
39114
9189
38771
4768
4768
39132
39081
24984
4762
38939
9472
25009
39117
4764
39076
4809
4770
39151
4776
24795
4770
38958
4762
24624
24583
24579
38958
38958
4809
39127
39081
39127
38969
4809
4773
24624
38939
24787
24804
39097
24979
38969
4809
39097
4776
4776
24624
24788
38969
39117
38958
9381
24795
24579
24949
39102
39151
25001
24579
39076
4764
39127
37217
8891
39127
39117
24966
24787
39074
24979
39134
37253
24788
4718
24579
9480
9381
4776
39097
38194
38194
4762
39134
8903
4803
8891
4776
4773
4718
38194
9436
39076
36240
4814
39102
38194
4773
4718
24949
25001
39097
4814
4814
36227
39076
39102
4718
24979
24907
24966
24956
24966
36227
4803
37217
24949
4803
37192
8895
8891
38194
24946
36240
8895
4773
39134
24956
37253
38194
25001
4718
4773
9480
4718
22080
9480
39134
39134
36227
24804
7702
4814
7698
36240
24579
4803
36240
23050
23050
7698
8891
8903
4718
23065
24046
36240
24046
8895
24956
23066
24907
8903
8895
38194
38194
37192
4227
7699
4773
7699
25001
23135
3036
9480
8903
24946
37217
4773
25001
8661
36240
39134
23135
24956
8895
24804
22080
37217
7702
37192
8652
22080
36227
23065
4227
23135
9480
7699
7702
23065
3036
3036
23133
23106
23066
37197
23065
7697
8903
8652
8897
7699
37217
4240
23050
23065
22093
36230
8652
38194
23135
8909
36240
22093
4240
8895
22093
7697
22080
22093
3041
7702
8909
8897
7699
23133
4227
36230
23135
7699
37247
37216
22093
7697
23131
3036
23135
37197
36230
8660
36230
23065
8909
37216
8655
4227
23066
8661
23046
22093
23065
8660
8897
23133
7702
7702
22093
23050
37216
23106
7702
8909
8909
4240
22093
8652
23135
23131
7702
37197
3992
4227
23046
8909
22105
4240
37216
4240
3036
23135
3989
23069
8655
8897
37216
36230
8661
23066
37216
23050
8655
23046
7702
23133
23046
22105
8652
36230
8897
37197
37247
37275
36259
8909
22112
23069
37247
37197
8657
3996
23101
37275
23046
3989
23078
3997
8655
3991
37216
3992
23046
23078
37216
8897
22112
37275
22112
30255
3997
23069
3997
23069
8657
13440
27779
8897
30287
22126
30234
30287
8897
30289
22125
8660
37275
36259
4243
22112
13433
8660
30289
13432
30255
5194
22105
30351
3997
23078
36259
3994
8657
36270
23101
15941
22126
22112
22125
1706
3997
15941
37275
15877
2309
2309
37275
30287
13440
6480
3994
8657
3997
30255
2309
30351
30287
30351
5194
15941
361
30289
23078
27779
27758
37262
30351
27758
16044
361
22118
6480
30289
23078
6480
13433
5194
16044
30234
15877
30351
15941
5196
13432
30351
2309
30351
30287
30234
13440
15877
30255
30289
27779
5196
361
13425
36270
2309
26440
15941
1706
27758
30289
15941
22118
5194
13433
15877
13432
13440
30287
30286
12104
37262
37262
6480
2309
6480
13433
5196
30289
6480
1706
30366
30352
5196
6480
30351
6174
1706
361
30390
13433
13440
30302
30302
7077
34296
30286
13432
2309
361
15941
2309
13425
6480
23112
16044
30390
37262
30302
23112
1706
30352
16039
30390
20159
13432
15877
16021
13433
23058
30302
6174
34296
15933
16004
30352
30302
13440
34296
30286
16004
26436
13433
26440
30366
13433
23112
7077
30351
13432
30302
23058
30286
34314
30302
16039
30366
13432
12104
30390
37269
15933
7077
26440
12122
30302
30286
26440
26436
2309
23058
26449
30302
37269
12122
2299
20159
23112
20159
30366
30390
30302
30302
16000
12122
30390
23112
30361
20176
23058
12106
16004
30366
16021
16000
34314
30262
30361
30231
30352
30286
15933
15933
23058
15933
1471
12104
30302
30231
12104
12104
34215
16004
30358
23058
26440
20176
12104
30302
23058
16039
30231
12122
23112
30366
30361
37269
30302
1364
34314
26449
20107
37269
30302
30262
1471
2299
30243
6245
20159
34211
12122
12106
15982
26440
26436
30294
20089
15925
2299
34438
34215
26436
30358
20176
34215
20070
12115
26449
20089
6135
20159
30302
30243
16021
30294
6135
30262
6245
6134
1471
34211
34438
15925
15982
34220
30294
20081
20070
6241
34215
20089
6135
15925
30294
30243
12115
6135
1364
20159
15874
6135
30294
1364
30358
20089
6241
20085
20079
15982
34211
30262
20070
20085
15925
30262
1364
30231
20107
20089
20107
15874
26449
6135
20085
3459
30294
34211
15982
20070
30243
34438
6245
30358
1364
34220
30243
20079
34215
20070
6135
1362
15982
1471
15982
6245
1471
34211
15874
34211
34215
6135
15925
1471
15925
15925
20107
30243
30231
26392
30138
34285
20079
34438
20089
30294
20107
30294
15874
20070
26647
26378
12115
15982
26392
3459
34285
20070
20107
30315
1364
3459
12059
1472
26362
15982
30049
30294
20070
29892
6241
20107
30294
3459
15925
34285
12115
15982
12051
30358
1362
34220
30138
20070
30049
15968
29892
34215
20142
20070
30315
15922
7046
15874
20089
20142
15781
26640
15922
30138
26717
20110
26378
26392
30315
15988
26392
26647
30315
15988
30231
29892
15968
15922
26362
12423
30049
30315
26392
26721
26717
12051
26647
15690
15988
15968
29892
30315
12059
15781
12051
26640
12423
26378
20110
30138
29892
15781
37099
20134
20142
20070
34285
15690
34285
15988
15690
1373
29892
12031
12029
12423
15922
15988
15781
26647
12059
7046
12051
29892
7046
29892
20142
26717
12029
15922
1472
29892
6161
26721
12051
15922
7046
34285
30315
20134
29892
26652
26362
26362
26721
15922
15690
26392
15690
26717
1472
34285
26391
1472
20142
15968
26647
30053
26728
26646
26392
15781
26652
1373
34285
30049
20142
26392
12058
29892
26392
7046
1373
30315
15922
12059
30139
15988
34285
12423
26361
26379
7046
29891
12031
22923
15968
29992
15922
34266
15922
6161
15760
30004
12076
30111
1373
26646
20134
20142
12051
20142
12076
20134
12029
15792
30139
12423
30315
15781
12423
26391
7046
12031
15922
1373
15690
735
34285
12050
7033
34266
29891
34266
29992
12050
26646
26728
12059
26646
26361
26652
26391
26361
12398
22923
15988
26728
26379
29891
30004
26379
29992
12058
26361
30004
26361
26379
15699
12315
15792
15636
30139
20142
12321
12398
12076
30111
30053
30117
12398
12050
15792
12028
12311
15760
12076
22923
22923
22923
735
30053
26646
26391
30004
30139
1373
30117
34266
29891
29891
29992
15760
26652
30111
12050
12311
15636
26728
15636
735
12321
12076
26728
12315
12058
30117
30111
12398
12058
26361
26361
29891
15792
15699
29992
26379
22923
34266
735
15792
22923
12321
12028
34266
15636
15792
29992
15760
30117
12387
735
26391
15636
15699
15792
29891
26379
26365
26728
30004
26391
22923
12315
735
26728
12076
30102
30004
7033
29992
22923
26646
12028
15760
12398
30139
735
15636
30004
30053
15792
12041
33481
15792
12298
12076
15699
12058
12298
34401
30111
12387
34401
30111
12041
29891
26365
12315
15792
26728
12387
735
26651
26361
12058
30004
15792
26361
12315
15760
26703
34401
15636
29882
33481
15745
26709
22923
3449
29980
30111
15760
7027
26651
12398
30004
12298
30117
29992
12028
12398
1093
29882
7033
30139
26651
735
30002
12028
30002
26365
12076
26709
3449
33481
15745
12374
15623
15792
26709
12298
26365
34401
33434
37137
15790
22923
11999
26365
2256
12298
19471
29980
15790
26703
34401
29882
15745
26651
12041
15762
2256
1093
33481
12041
12041
15623
15636
29980
30102
12374
1093
26353
30002
33434
29980
12374
2222
26353
29882
30102
12396
3206
12298
12374
15790
15745
3449
26709
3206
33481
15623
2222
26638
15762
26709
15790
12041
7027
2222
30147
15745
12076
26703
15790
12396
26638
34401
15762
29882
29882
37137
15623
26709
15623
12396
26365
26651
30102
1448
29877
6069
29882
15745
12298
33481
30002
19471
2222
12298
1093
15790
3206
12396
11999
30002
26127
30102
12374
11999
25432
37137
26120
26127
19339
11999
26702
29882
15790
7016
15762
2222
26638
6066
30102
7027
2256
1448
7027
6066
15625
15623
37137
15745
2222
37137
26120
12374
6069
15745
26638
12396
30002
1295
12396
12289
15762
26127
15762
29877
29882
12289
1466
26638
7016
2256
1295
6072
15531
26702
5552
15625
1298
37137
29877
1448
1298
15623
7016
26139
15790
15725
7027
6066
4216
6072
37144
15531
6066
19339
26702
2222
2222
11816
15745
29877
26139
26696
26139
1293
19339
15762
1466
15762
1093
25432
19867
1293
30103
15625
15790
15531
6069
729
1466
29877
6071
5552
6069
30103
6072
7029
729
19339
1448
25432
15625
4216
5552
1293
26120
6072
4216
15531
26120
729
15746
6072
1466
29882
6072
26696
15531
6066
37144
15746
26638
1305
1293
6072
15746
15725
1298
26713
34397
34397
19339
15531
11816
29877
11808
15725
15625
7016
15531
7029
19867
29877
4216
1466
6071
30103
15531
19874
34397
19867
1448
33997
15746
19867
34424
6071
30103
15725
26696
6071
19867
6247
6073
26124
6247
15746
4216
34397
19339
729
11808
2240
8017
22965
8876
8017
6071
33997
15725
6073
15531
11808
15625
6073
1298
4216
33990
29953
1293
6076
15531
26124
12365
33997
11808
19867
26713
33990
8017
2268
8876
19881
34424
12365
19849
1305
26124
26696
2268
19849
12365
12365
2268
19881
6071
8876
12427
6247
12365
8876
19874
20254
12427
6247
2240
26713
33997
34397
19867
37112
37112
2240
8017
1305
2268
19874
19849
22965
33990
2268
6073
6076
22965
19849
12365
22965
29927
1305
29953
19874
33990
19874
1302
12427
6073
12365
1302
29953
16067
19849
19874
19849
6071
29929
7041
29924
6247
29929
6071
11849
1305
20254
15618
26713
8017
22965
19867
33990
2268
33997
37112
15561
19874
19849
5566
12427
29924
11826
5135
29927
8017
16067
6247
29908
5566
26155
26164
29929
5566
11826
26184
2240
2268
1302
19849
6076
19849
22965
30424
16067
33990
19909
15561
8017
19849
19909
29861
19874
15618
19909
19874
20305
26164
5561
37300
11849
2240
26155
15671
29908
22966
7041
29924
29924
7041
20305
11835
26184
15671
11841
11846
11849
15618
15618
19909
26184
26155
11802
5135
22965
19849
29861
5566
5566
5566
16067
26184
29953
11802
16067
29953
26184
11802
15585
37072
30023
20305
26164
15618
7003
11846
29929
20305
15561
34446
7002
20305
29861
29905
30433
19909
15504
11826
15561
5561
29929
15504
29851
7041
11849
304
22966
5566
15671
15618
5566
15585
15504
15504
37085
11835
11835
7003
16067
34061
23148
11841
15585
304
7002
1479
7041
11802
29953
29905
26184
30424
7003
34061
30023
34048
20305
26304
26184
6085
29851
7003
7003
15618
11849
20305
11849
19909
16136
19909
37085
34048
11826
29905
15616
6250
15671
19914
7002
2251
7041
15616
37300
29905
11849
15553
16121
29851
304
6085
29851
34061
26304
1479
30070
2216
19928
15585
11959
8913
15504
26304
16136
29933
2227
15553
5566
2251
2216
1479
5561
29958
29958
8913
30070
30070
11852
2216
19914
2216
19914
7037
7041
26614
8059
15616
34061
1479
29851
19914
2346
15616
37300
26304
2251
19928
23148
2216
1479
11802
19923
29851
19923
29958
26691
20306
15553
4200
34061
6122
26294
2216
26304
6127
15601
6250
16063
11965
2346
6122
6122
1479
4200
11955
26304
29851
7037
15616
2216
19923
11852
12360
7127
26691
2231
19914
30070
2251
29933
19914
16121
8021
26304
16063
11965
2216
11955
30070
19923
6250
26614
2216
26304
2216
16121
30070
8864
2231
30011
30603
19914
11852
8059
19914
1479
30429
26294
7037
6127
30011
37058
30603
30603
2346
8864
20306
8864
11852
7115
26309
2251
7115
4200
20306
19928
2346
8021
8021
2216
7037
30063
16121
19914
26309
20306
26294
15601
8059
30078
30603
6250
15723
29933
11955
8864
16063
29933
7115
19914
8021
19923
37058
30644
30011
2216
2216
30063
2346
30429
2216
16121
11852
11965
26309
15660
15660
30478
20306
34183
30644
15601
11852
8021
8021
20249
8864
30684
16110
2216
26309
15601
15706
37058
15660
2363
15601
12281
16065
30684
4201
2216
34391
7115
16065
30078
11976
11976
8021
34391
30011
7115
8864
12360
26309
26309
34032
30063
20249
12435
15723
37058
11955
26309
30478
34072
11852
16065
30644
19923
20306
30684
2216
15660
30675
34391
16110
11965
1350
8021
30153
29844
11976
30603
15706
15723
34032
30644
29944
37122
23154
20036
20049
30595
30675
30063
12435
12360
30684
16110
30644
29944
11852
12360
34197
4201
15706
30153
16065
11965
15660
30010
2363
1350
34391
30412
34197
5605
20036
15660
34183
20048
11978
4201
4201
34171
37347
1350
16065
34391
29844
16110
34171
2363
30412
34197
12281
34197
30010
30078
23154
16274
30684
37347
20280
8925
30153
12435
37352
34197
16313
16285
30623
3391
30063
29944
29844
30403
15660
29944
16114
16046
16238
23005
34197
5605
34171
15706
15709
2386
2386
20280
30466
22953
7167
22953
16215
16313
16238
30063
16110
30466
16285
34171
15709
3391
22908
37152
20048
30595
37347
16285
37352
30595
37122
15709
30623
23005
1359
30403
2263
37347
16215
37357
23005
37357
20048
3391
22908
22908
3391
16215
37357
16114
30726
20048
4265
7020
7020
34197
16371
30623
16046
29944
7167
16274
2386
37357
8925
22908
29944
34167
30595
30612
37352
30690
22953
37352
23005
16349
3391
23005
7122
34167
16285
1359
16238
34200
34171
16238
16201
37347
30612
16371
16372
34171
7145
34197
30729
23005
16201
16355
37352
2351
20048
16238
16264
37152
6210
16201
30690
16222
7167
16372
16349
30595
30690
7149
16264
30612
4263
4263
34197
2386
23205
30612
16372
4265
30690
16264
16222
30612
16173
16349
16349
16222
16173
16201
7149
16201
2351
16173
30729
4263
37357
34145
16313
37357
30612
30726
30726
23005
37152
16292
4263
16355
23163
30699
37357
34145
30729
2406
326
23163
16292
30595
2386
16238
7145
34145
16412
30729
2382
6210
30690
6212
23163
7142
4263
4263
30730
7122
7149
16292
7142
12273
16345
30667
16201
23205
7137
30595
2414
30763
2382
326
34147
20000
30612
37357
30568
30730
2414
323
30749
16238
16238
34147
30667
30667
4265
16173
23163
16412
6229
2370
16211
34147
16238
16201
16222
23163
6212
16345
16325
16254
2406
26251
30568
7149
34145
30667
6229
7149
4263
20316
16201
16349
30749
16193
30528
6229
2415
7177
30667
20000
4265
26251
34145
7137
30763
16412
16211
2414
30566
30683
323
16325
16401
323
12356
12504
30566
34132
16401
2370
26251
34105
16211
12356
2415
30730
30667
2415
16211
34132
30768
30667
20000
6229
8917
6212
20000
30667
6251
6229
8917
20008
16193
30568
34147
20332
6212
30566
20000
2415
1441
34105
12273
20310
30566
16211
12504
30667
26250
30667
34105
30566
2415
34145
30766
16193
1481
6251
20000
34132
16254
323
16171
16401
30667
16401
16325
12356
323
6251
1481
16345
2415
20219
380
2370
12356
30528
7177
1481
26515
16193
26251
11918
16171
2370
20219
6212
1481
19993
20332
30528
5141
5141
16211
34105
1441
34105
30683
26224
16163
34155
20008
34155
1441
16163
26593
11918
2415
11945
16171
26224
34132
30768
26245
26224
30566
26245
16227
11920
8917
16163
26224
323
6251
11945
26276
1441
26218
34385
380
20332
19970
29831
20009
34385
16163
16186
34457
16186
16186
34385
6982
26224
19993
1441
26224
26515
6230
34105
20332
26245
6230
11945
16171
12255
20219
26267
34457
26515
16163
19960
1441
30528
5896
20219
6230
26218
19993
34155
16394
20009
5141
323
26224
5141
16163
16171
26277
11929
1335
6098
16394
20316
34457
30528
19960
16394
6098
16186
12496
11945
1441
26250
34364
26276
380
29818
6098
1331
34113
11945
19993
25519
6982
34155
12266
12356
12496
19960
26224
12448
16186
26515
34385
34385
19960
6098
12255
26668
19960
26224
1483
26529
12356
30528
1335
26668
16163
12266
6258
6107
6098
34385
1335
26515
12266
26203
1335
3371
26203
20221
5896
29840
34364
3371
2212
5896
26582
1335
12182
26529
2212
26529
12356
6258
19960
19970
1331
34364
1335
11876
26267
1335
34385
1483
11929
26277
19960
2212
6107
11876
11876
34113
34469
1483
5896
12448
26277
34113
20221
29818
34457
12182
1483
6098
26817
5896
26240
5896
12266
11935
2212
34364
25519
12266
11876
12266
20221
11907
1455
25519
19960
6107
12266
6098
29840
6098
6258
25519
1335
19960
12495
12266
29840
34113
33555
1483
34408
1328
6107
25504
26668
12448
5896
1335
1427
12266
33555
26548
34364
34408
19960
5896
19960
1331
2212
34364
11876
1455
34385
6098
19960
26277
11907
2212
12448
34408
26548
20211
34469
11876
2212
1335
11907
1427
1331
25504
1335
26817
5896
26656
12495
6258
12487
26240
20211
26496
22898
11876
12448
12495
5896
33512
11876
1328
25504
26656
3369
26582
12266
33555
1483
19468
34408
25519
25519
6185
29828
3369
11907
26496
29606
29840
3371
29606
6258
20211
20221
19413
6090
6103
3371
6098
34469
25519
11876
12454
26817
11903
25504
6258
33512
6258
1455
15469
1498
3369
26656
33512
19468
6185
15469
11903
33555
1455
12252
26807
5866
22898
20211
26548
19468
25519
6041
12252
12252
26795
3369
22898
26656
11876
29500
3369
12252
12454
11876
26656
34462
5896
1427
33512
3369
15469
12252
26656
19468
20320
12479
33512
34462
11876
26548
1498
6103
34367
12487
6185
12454
29804
12252
20320
12514
19398
6183
34462
11903
25504
29500
12252
29828
29826
3371
29606
12479
12513
26499
1412
1498
19468
25519
20211
12514
15469
1456
1425
19398
11903
11159
12325
1425
26795
5866
34367
25504
26795
19468
1320
3369
33512
19413
26656
11884
26807
3369
12252
11193
20351
29500
34464
12252
1456
11903
29492
29826
34367
34367
29494
3369
26058
11903
11159
1456
12252
33551
33512
11193
26058
6041
29804
19382
33559
6041
12252
3369
25504
19468
11193
26058
1496
34367
1320
6269
26484
19382
7889
20351
5866
12325
33517
11159
1425
26499
12252
15469
26058
1456
6041
1412
29804
26795
19410
19398
26795
29494
19410
26795
26058
15469
26910
1320
12325
29826
11193
26795
26795
15469
12252
26058
6183
29571
1320
19382
1412
19382
34492
29571
29606
26499
1496
33559
26484
1498
26499
5868
5866
11159
26050
12513
19382
29492
29494
26058
26058
33559
26558
1320
15469
11252
12513
15243
29571
12153
29500
1412
26910
7889
29494
11159
1320
6041
26910
15243
11185
7889
6183
29826
20338
1425
29826
15457
26499
26910
11185
26558
29492
20351
22834
26102
26058
26910
19382
26062
19360
11159
26050
19382
6041
11193
6044
20350
12225
6040
1320
26072
12325
1098
11193
15469
29494
33517
1456
15139
15469
26050
11193
26558
33517
12153
22834
29597
29494
29804
1104
26499
26484
1425
1098
1425
12537
26910
26558
29571
26910
19382
1412
6040
6907
15457
20350
26478
26478
15457
20350
26072
11724
1097
6040
15216
12153
6267
26464
1098
15243
12517
5868
15243
29597
15243
34373
26478
26102
1097
15243
26050
15216
15144
15457
29597
20338
11717
11185
6907
15216
12515
29814
5525
19360
1098
20338
15216
6285
26050
20350
15457
26072
1412
33498
26558
26072
29814
5868
1097
22834
26464
6044
12153
12515
1098
19365
1278
10842
26102
12153
19360
34373
12231
12231
15457
15243
20350
1273
29582
33984
26072
1097
33498
29573
1097
29507
15243
20350
1098
15139
12225
18238
11710
12153
33490
33490
26464
11710
20350
12537
26072
19360
3338
12153
26464
15243
6907
5523
19360
29582
15243
29597
6271
1409
5893
1098
20350
15457
1117
1097
26072
18238
26464
33984
1121
34373
12550
20350
15457
20350
15243
5868
15243
15243
15243
19817
15216
5893
6285
29573
26464
20338
26862
15457
26464
26464
15457
1097
26072
29507
34373
1121
26882
33490
11222
1121
15139
15139
11710
19360
33984
33490
1098
33490
2155
34373
1121
15243
26875
12557
15139
1433
1279
15154
12231
12153
19360
26935
11767
1097
1122
29814
29811
1280
29573
26875
33498
1409
1409
5525
2155
11767
1122
15215
18034
3223
26935
15154
6274
6285
33579
19360
29811
26935
26875
1122
26470
1504
26464
1502
19360
33496
6278
22837
3223
34373
3223
1409
22837
1280
33496
6279
26469
6909
26935
36978
15215
15227
15215
1122
15154
1122
26566
15155
1121
15243
29562
20338
20338
12551
6285
22837
1122
3223
11767
2155
1409
6274
33579
29582
3223
26470
26566
1122
33984
26862
12611
15154
6274
1121
15243
26566
1122
6923
36978
26469
3223
15155
29582
1279
6279
26862
3223
6274
7545
8106
2155
26470
11767
19360
6285
1122
26862
29562
12551
36978
15221
15154
20354
26935
33579
7545
15155
6274
2155
8136
22837
1433
1433
26469
26935
12551
6927
7545
26935
7545
12611
33579
6285
3223
15215
6923
26469
6935
6279
33579
1282
2155
26566
26566
33496
12611
7545
3341
11767
26862
26469
7545
18034
8106
12551
26935
2139
19438
7545
15221
2155
33579
15227
8106
6051
29577
6909
7545
19843
8106
3341
26470
26935
6061
33579
3223
15221
3341
11763
8106
19438
32162
2164
6279
32162
26470
2164
19438
11767
6935
15221
26935
33579
19438
1433
29577
5780
26935
33976
26470
7545
2138
26935
15227
15227
1409
33579
26564
6909
6927
20354
15221
5780
19438
6279
1409
26470
26469
19438
5780
26935
15227
6051
6053
32162
15153
3223
8136
15213
8136
6927
2139
15221
29562
2164
2164
33581
11767
32162
7545
26469
1409
1282
15221
15221
15221
26935
8136
6927
26564
5780
15222
2164
15221
26935
6061
26470
26935
26935
17793
29564
6051
32162
15222
3341
6927
6927
5780
15213
33581
19438
15221
19452
18034
33581
11763
2138
32162
11238
26935
29523
2164
1409
2139
1282
11238
26935
26935
26935
29463
2164
29562
29577
1433
29577
6935
29061
6051
5780
26935
12235
2726
15213
2164
15213
3341
33581
29566
15213
3341
11238
32844
26935
15221
6935
17793
15222
11763
26935
11773
15222
6053
33976
15222
12611
12139
2164
11238
6178
3341
32844
33581
11763
5780
33976
29463
11238
36940
8136
29564
26564
18034
2726
11238
29061
29061
2797
29463
3341
6286
6286
29057
18034
17793
15222
36940
11763
29057
29463
29564
29566
6823
32844
36940
8136
11763
22805
8136
1281
15116
15116
8136
6053
6935
3341
2164
15260
15224
15224
29523
15260
26564
22805
12139
3341
11763
29523
2797
8004
17793
36940
26564
29463
12611
2153
8136
32844
18926
29566
18033
15116
3342
29562
15224
29057
33976
29523
8136
15168
12235
12139
36940
33976
2797
6286
8004
8136
8136
2138
3342
15116
11238
36940
29061
6286
29566
11238
29463
15224
17793
33976
11763
6288
15116
18034
8136
36940
26093
6178
36940
8004
18033
12235
2797
1406
2153
36940
29463
12139
2797
29061
2164
2726
2797
15207
6288
32155
20361
1281
6823
2797
29567
33976
29057
2153
3342
2153
20234
2164
36940
2148
29061
32155
15193
15260
17793
1281
3342
26564
17793
2797
6901
6288
32155
6289
1406
17793
12235
6288
15168
29566
8004
6288
6913
2130
6288
2130
3342
1406
6178
18926
2797
32155
29553
8004
18924
2148
33573
2797
15260
6289
29566
36807
25538
2726
6913
20198
29462
6912
1281
15207
33976
17793
29553
12611
20198
11769
36940
29547
25238
6289
26093
2149
6288
2153
6823
33976
6912
15168
14760
1281
1518
6823
6178
6801
26093
15260
6053
2130
11773
17791
26097
15199
1406
18926
6824
2726
2130
17793
18926
22659
32155
22659
6823
25238
29553
6288
15260
15199
14760
29567
6288
17793
33573
18924
15260
6824
15168
8004
17791
6901
32155
6288
1406
36807
2130
2148
18926
25238
20361
6288
2148
7496
29462
15168
1281
20234
29462
6288
1281
1406
15260
36807
20198
4984
33573
17791
18924
6801
8004
2726
8004
15199
25538
15260
2149
29553
29547
7496
29553
25238
6823
8004
26097
29553
2726
2141
8004
8004
8004
6291
6053
6901
19435
15196
18924
29046
2149
1281
15260
1518
29550
8004
1518
25538
6824
15260
6901
36937
2130
15260
2148
1281
4984
6912
1518
29550
15192
29553
6291
33573
7496
22792
8004
14760
26093
2141
8004
1406
17798
1518
1406
6823
18924
17798
6801
29547
8004
15199
15192
14686
29046
33597
26957
26093
14760
19435
12625
18924
8004
20198
6824
22659
14760
1406
22659
2728
29792
11769
36807
29462
2141
1406
29078
15260
29550
26093
33976
42379
26097
2130
10537
42278
10537
15196
26957
29078
5779
33572
29553
42278
5855
5884
33597
14760
1518
41867
41940
29550
10537
42405
12625
1518
1518
41867
2728
33597
1518
41867
19435
10378
26093
12625
42447
33597
10386
33597
41940
14760
42282
42405
33572
42447
1518
14706
22792
29552
19454
10537
2053
29547
41901
33572
25538
6901
42282
10378
10378
42282
33572
2053
11769
26957
33572
19454
42405
42282
42447
14686
5779
26086
29550
15196
1518
42405
41901
2728
42405
41899
26097
29792
41912
36937
5855
2141
1518
6824
33567
3211
10378
29046
2130
33597
12625
41912
10378
12643
14760
2728
41901
42282
15196
15197
3211
41753
41912
26957
14760
42447
33597
36937
41899
29550
1286
41901
15192
10378
15183
42405
10912
10378
2728
41753
19435
10446
930
29075
1518
10378
1518
6824
42405
42405
5890
10579
5890
41901
29552
1286
6294
19435
42447
6911
15192
12625
42455
14760
42283
10912
29093
15197
11769
41899
29552
41899
2041
2053
41753
29075
41753
10579
1286
29792
14706
12625
14696
6824
26086
6296
33597
5890
1518
41901
1518
10378
12625
10579
42521
15196
10378
42521
42466
19435
1286
25538
10378
10446
42262
5779
1522
2728
22792
33597
19454
1286
14706
10378
14686
41753
6824
10579
10213
2728
178
19454
42447
33572
10270
2728
5890
12643
6917
10378
2141
10378
10579
5884
10270
42262
26965
6911
41823
12625
33041
15183
33567
10270
10912
15197
29025
26983
10912
10270
10164
41899
41899
6294
5733
6917
10164
3211
1286
42521
14760
26086
42447
12625
10270
12625
10270
41901
10213
15417
42262
10270
14696
29792
5890
10579
12643
41823
10213
36937
6911
5890
29093
41901
41364
14767
42521
10579
12625
29078
41899
33572
1522
36937
2728
41901
10579
36937
10270
10370
41901
29025
14696
29075
10267
10402
41901
6917
33041
10270
41613
12625
10270
12625
6294
14760
10579
12643
41472
10579
41899
2728
41899
178
14696
1523
14696
26086
26983
10370
15183
12658
41899
5779
26965
41364
33567
10191
6824
41338
5890
42527
41901
15197
5733
41979
10370
42527
5890
12625
15159
10402
10579
10267
5779
6804
19435
9744
10579
5733
39963
41613
9744
10191
15183
14767
41899
42521
6917
1522
2028
22792
40327
6294
19289
29075
42503
12625
29075
12625
40324
41823
39991
39963
10402
12625
40327
40327
42660
42374
26086
10370
39989
29042
1112
40327
19435
41576
10402
10185
40324
1286
42660
36937
42374
41899
15416
41823
41901
41576
39989
29792
41899
10155
39991
15197
6911
10317
6804
33041
5881
42267
19454
9896
39989
39920
10579
42527
26965
10191
2028
18902
39820
41901
41979
10378
39920
42503
2028
41979
40457
1522
12658
41823
10321
19289
2041
42503
12658
19289
39920
10402
12658
178
41979
41901
14706
26086
9896
1522
36937
41979
42267
10370
33041
42374
33041
39916
42374
39989
1522
33567
41400
39893
39920
41241
5890
39916
41899
26086
29552
10300
10300
5890
42374
10155
5890
40436
10370
41979
15427
29042
12658
39989
10317
42502
14696
5733
1522
41574
19289
29042
1112
39820
15159
29025
42353
42331
39820
41784
6973
41979
40457
29093
41241
6917
42502
41531
26983
26086
5890
15417
9766
40329
6917
14767
39920
40436
40436
9520
41400
42503
15183
42353
40509
42353
10370
29093
12658
39989
41241
14767
41823
2028
41823
5733
41823
19289
26086
40329
18903
39893
9959
19289
9520
41241
2202
40509
6804
1522
41979
9959
41576
9959
9766
22792
41269
40509
10018
12658
40509
29758
29075
6917
40509
42632
41550
9629
29727
12633
9766
15427
26086
2028
2028
15417
42331
41574
41241
41574
15417
39674
42353
40436
2033
10018
2028
42331
39893
41775
899
41269
5733
39820
41230
899
10017
40436
41576
10370
15183
40018
42374
42503
6810
19289
41550
26086
39989
41576
33041
39920
42353
41749
40567
32129
9959
6804
5881
41531
29025
41743
2028
40025
18902
9959
1085
41574
18903
5881
10524
10370
39390
899
1112
9548
42632
9660
6294
19289
42331
2041
41230
39820
19289
9520
10017
36937
15183
9548
40018
40018
39674
10528
9629
41743
6973
9520
9548
9551
15416
42632
32129
10528
41574
5881
42502
40018
29792
9629
42331
19289
36799
42620
42502
9883
9520
10455
29093
18048
40509
40329
33041
2028
40567
18902
10017
11111
29773
9520
41528
9548
9959
9520
6804
18903
42331
18902
9551
10018
41542
9629
10018
10455
32129
39845
41775
42620
39313
10017
42331
9629
39419
11200
17767
899
9959
9883
41230
41528
29727
39439
1085
25440
9882
5881
10524
42904
10242
39403
42252
42086
14756
9884
10242
899
10524
15427
29103
42143
39845
14756
5881
18902
39344
9660
39819
41775
32129
29025
33450
39517
11111
29722
2033
39879
42632
36799
19006
29727
42509
17767
9882
41574
41743
29758
10455
10017
39879
10017
10524
10017
15417
7741
39413
42509
6810
2033
39439
899
40398
29758
42904
10017
39419
9884
18902
39612
39419
10017
899
29793
14675
9660
10524
41528
10524
42086
18791
39805
39845
18902
29793
41543
41775
29103
17767
9882
25445
42165
14756
2202
42692
39313
41543
32137
10242
29025
33450
39355
14675
29773
9660
33041
17767
5881
2041
10017
29093
39636
39517
10018
39819
10017
7741
41542
29103
9972
39413
1085
41528
29758
41542
9883
9883
6917
41775
41775
10524
15417
9756
6973
11111
1085
40319
41679
2195
40405
899
40036
18902
18903
39805
41528
42086
6961
29773
39457
41502
42021
9884
39346
10524
33450
9660
6804
41542
25445
10017
40718
32137
9882
7741
9884
17767
15427
9660
17767
39439
41775
39344
9756
18048
10017
29093
9660
29727
32137
39439
15417
40718
42021
33450
14675
19314
2041
18902
41543
10017
6962
29793
11200
17767
39846
2033
41543
40405
10242
39355
40583
40319
10017
15427
42252
39805
29759
39439
10017
41775
15423
2028
2041
40319
5881
17767
2041
39355
39355
41542
18903
29103
899
41679
15423
42167
40701
40701
40583
15423
9660
40697
9882
10524
7741
41006
7742
40718
9583
19006
9548
25440
42904
18791
9583
10524
39585
7741
39355
42252
9660
10524
1085
9660
32137
29103
6810
39344
42904
41502
10524
39346
10017
40358
19006
10017
40405
9883
9548
7741
40290
41543
40358
11200
10524
40290
14675
10017
9882
29773
5881
39355
2041
6961
29727
10017
10524
10677
10017
9660
22892
40311
10017
40718
42685
29793
42902
10677
9852
40373
41006
32137
29103
37038
19314
39346
29025
11111
18902
10017
9660
11200
32137
29793
42685
41775
40290
39233
9642
29759
11200
25445
10017
42944
14756
39604
40718
17767
29103
40373
9660
29103
15427
15423
9642
41502
10017
42167
19006
10278
17767
42944
2794
40701
40718
32137
29793
9498
40754
19314
41518
2041
42165
40290
40583
25445
10677
40290
1085
32137
2041
42902
40290
19314
10278
11112
2033
6810
40290
40701
33041
41518
29025
9660
42080
40718
40196
9614
18198
39706
40085
40196
32137
40373
29103
6810
33450
36799
19314
15441
7741
33439
29727
11200
42165
40754
42197
15423
18902
2033
15417
39233
2033
29722
2195
29727
25442
40697
10005
15408
1085
36799
7742
17767
9502
29773
29103
2188
14756
40196
42901
42904
33151
2794
9614
40162
29758
40754
40701
17767
40701
25442
40290
2041
29025
32137
11120
40224
15441
15382
40311
36799
17767
11113
10671
40311
2794
10734
2200
41445
29759
40162
11200
9816
40300
7742
11112
29103
9614
40754
2033
18791
29722
14675
40300
40373
29103
40167
2046
29727
2188
17767
42902
42324
29722
17767
7741
10524
9985
40085
42685
25442
41168
10734
17749
40311
19314
10700
29025
29758
19314
40196
42324
40300
39507
9502
11112
41168
7741
10005
39507
6974
10005
2794
6962
39540
39540
14756
11120
17767
15427
36799
6810
17749
6810
41443
40754
18903
14675
11113
10685
6969
25442
25442
10700
9603
40701
32125
37856
36799
40600
11113
37038
14675
14756
10254
40224
42080
2794
40085
2033
9614
33151
9614
2033
10476
7742
2046
11112
10084
2041
10349
33151
17749
9842
19314
29722
22892
2046
2794
10476
10506
11120
37856
2046
42901
10349
10476
19314
36799
4136
40227
37856
40167
42059
40239
9985
29758
22892
17749
11113
40259
29103
40754
6974
29759
40311
6974
10476
2046
18791
2794
10734
42776
39743
18902
10254
29727
15382
17749
36799
17749
9614
42968
14675
11120
40311
40600
40227
10476
25442
14675
37856
29088
14689
40242
11113
40754
18198
11120
2188
42901
40275
2046
29025
7741
6961
11120
2188
7742
9816
33151
40224
18791
33151
29722
9842
40275
40123
40259
2794
6969
9986
9968
7741
11120
40117
40088
17749
32125
10734
10254
2046
41168
9986
2033
40311
17749
42841
29759
36799
19314
2033
14689
2046
15406
9985
6962
10476
4136
11113
11120
2199
29758
10254
17749
10467
29727
17749
2199
36799
42123
9847
11112
15440
9592
33439
9614
4136
10737
42880
14675
15442
25442
4136
40596
42726
40227
32125
40088
18198
18196
18196
40600
2046
10084
42769
37856
40965
33151
15406
37856
29088
29722
10357
40123
9968
37856
39743
15440
2046
29103
39230
4136
15408
42880
19314
42726
40233
11120
9847
42803
39505
4136
14689
42123
40600
29727
10737
17749
42968
40266
2033
32125
42123
42717
29759
11113
11120
42901
2046
14689
33439
25442
15279
17749
39743
32125
29722
36799
42880
39230
42841
10734
42842
42769
32125
37038
40117
18791
2200
10044
4136
4136
2188
6941
6962
17749
11113
40088
15382
15304
6974
40965
2188
6969
29088
40596
7742
29103
10737
2033
18196
40088
9847
36799
15279
6810
32101
4136
14689
40233
42968
6969
10044
6938
40266
15408
6941
15282
29759
40744
17749
6810
9985
15282
40088
4136
2199
14689
29761
10727
4136
14689
39230
40123
40833
15440
7742
29727
15307
32125
42803
2199
15304
10697
18791
15282
4136
42796
14689
39503
15406
18196
10057
2188
6941
42796
42123
18196
4973
43079
40185
15442
29722
40907
6961
15279
39505
36799
42717
10697
14689
42796
2188
40185
42753
29088
7742
40256
15282
40185
15440
29799
15408
6962
39503
4136
42744
18198
18791
29637
42123
15406
6941
40123
40185
14689
42842
14689
10033
42841
6962
36799
15282
22865
29761
15440
6974
41027
6969
40185
15282
42880
15325
29637
32125
42753
14689
17756
43057
40751
29088
10686
32101
29722
15307
4136
14689
29727
15304
40185
15304
40833
32125
29759
10044
17756
6810
36799
29637
2170
2188
18791
40762
7742
40972
15304
22865
14689
40094
14689
40942
36799
39503
2199
4973
22865
29727
10706
42723
15282
32101
15266
15442
41027
39767
43079
29722
14689
42744
10033
40907
15266
15304
15307
40256
29727
2201
18196
14689
32101
40185
6962
32125
40185
17756
15325
41073
29088
29799
15325
29088
42796
15307
10682
40833
10753
6961
42842
22865
15408
29761
40779
36989
8852
40942
40907
42842
10756
36799
22865
40095
29088
29727
43079
29649
15382
41073
17756
2185
29799
40256
6810
15406
14689
29761
6962
15408
22852
10057
2188
41126
10696
29637
22865
42744
37031
40831
10032
15406
14689
2197
139
29797
17756
15442
42842
41118
40942
15397
15397
36989
32101
15307
42880
37008
42842
10056
40831
15307
2188
29722
6961
15325
15307
2188
40856
19268
10033
42753
15293
40256
36799
8852
29761
10706
40095
22852
6962
15328
6962
15307
29727
29088
42726
7742
29643
10114
32125
36799
15325
42753
29722
42854
40779
2193
40875
40815
29761
32101
41126
29727
40907
2776
29088
15325
22865
42880
29799
42982
37031
22865
15307
2170
15307
40094
29088
42819
8850
15325
2185
29797
14689
7742
29643
10758
36799
32105
10112
15328
29727
9706
40976
29621
6962
36799
10690
15397
40815
14689
10114
15397
15325
22865
40856
29722
22852
4973
40856
42819
2193
17743
43096
15397
29649
29799
139
42819
40836
19268
15307
139
15266
42992
36799
42854
2197
32099
42819
2185
42755
2194
2145
14689
22865
22852
29797
43096
41715
40836
29761
29722
32105
6962
33387
40815
15328
37031
41075
4973
42854
36799
41041
7742
2185
40784
22865
10112
139
37002
15307
139
2197
9706
15325
42982
10117
37002
22865
19268
29722
29727
19246
6961
32105
37008
139
33413
10690
15325
2185
40856
42726
29532
29799
19268
40875
17743
2193
6962
15367
2776
29722
37031
2145
29753
36799
6961
29797
2197
15325
2194
42755
42765
22865
15397
10756
2194
10758
2776
40784
29722
10690
22865
15328
139
42993
10813
32099
6961
10107
18062
139
33387
2169
2197
40898
29722
42755
22865
42755
41715
17735
42765
8827
19268
33413
22865
29799
2776
2193
40825
37002
29643
10341
40875
6962
2194
43018
2145
40825
10051
37031
2185
40785
15397
41143
32105
2194
43038
29532
29643
6940
6968
33413
139
41056
8827
10813
22865
15328
15297
10049
6962
2193
10341
19268
10107
2197
8827
2197
10756
10051
41080
15367
139
19246
6955
43041
5841
41155
15169
6955
19268
15367
22785
2776
15130
10341
42993
8850
6961
17735
37008
2711
40785
40993
43041
10038
32106
6968
29532
42854
15325
15374
15169
33413
15367
40898
42755
4134
6961
37002
40875
18061
29753
15367
10341
42852
15130
2194
958
29680
29727
22865
43038
15169
6968
8827
8827
39768
41056
15297
42854
11085
42854
18685
6940
10758
3202
42782
6955
15130
2134
958
29446
651
10038
17735
37008
19268
958
32099
41720
15130
15180
40862
29722
2193
33413
40825
6962
6955
41053
19246
39783
29643
15367
29753
42867
6905
3202
15169
4134
2711
958
8850
40898
6964
2710
6961
29718
29680
2169
10341
41720
39777
2134
8850
41715
42987
42867
3202
33386
21974
15374
6968
6940
15042
43041
15367
10122
29446
22865
19268
8850
9706
40875
6955
42987
29531
3046
40844
40993
4134
10341
22862
42987
29643
6902
40862
29722
39777
15180
29695
3202
41102
29446
42782
3202
11085
29485
33460
7714
15074
2710
19253
6964
19268
7710
17721
21955
15073
29081
19247
15130
39783
15367
33386
40993
33413
40993
18692
3046
6955
6961
14960
6961
39768
25415
33412
42867
15346
23236
29718
21974
3202
7711
42867
41053
29680
29425
29680
15073
18692
14997
14997
8627
4134
15119
29451
4273
19268
29425
18685
15042
17721
33460
15119
29415
2710
29695
23251
33409
39783
15130
2131
32826
36113
6955
11085
19247
19253
18688
18692
14960
2098
22862
25415
15054
36122
2131
21970
15074
21817
6955
25415
6961
36111
18697
18692
14997
29425
37382
42852
36816
3202
37850
10108
33412
8604
6902
32837
5729
29718
33409
11085
32825
21961
5843
21812
6902
21946
6902
15346
21955
35963
29531
22744
21867
29451
15026
14702
36121
23236
22738
29485
15100
29415
29718
14997
29695
37850
6955
18692
36094
21818
32828
36121
18191
42867
2710
32828
29451
14702
36177
10108
29435
22070
29080
29324
23251
36185
22773
8633
4971
29695
2098
4134
15042
15100
29310
2123
29485
23236
18191
23236
22070
15080
791
29324
15042
36122
35963
5729
22743
21961
2126
29447
14997
23251
18191
6896
37850
2123
29080
959
6892
14954
23236
32837
29718
36816
22737
21973
29695
15346
6902
22798
3053
15100
21947
2098
22758
6896
22798
18698
21812
4971
6894
36185
15026
22798
18697
6894
29718
14997
29081
2866
8604
29529
15048
29451
15048
29080
3053
3974
37405
4974
3978
3053
37405
22743
14991
15052
6892
959
29080
36170
8935
4154
5729
23251
32828
29427
15052
6894
22758
23236
6816
15026
22036
6806
8620
6816
37405
36136
15048
36177
21973
8620
2866
14991
6896
2093
15080
21818
6816
14954
29324
8643
15126
15005
22773
2093
36891
3976
22036
29314
36120
7716
29474
14991
4154
3974
6816
15005
6806
21989
3974
8643
29314
14991
21973
22764
22036
2126
14991
15123
6806
15052
6894
29080
3978
15123
22068
29049
8935
29081
29427
3978
19159
36185
32086
791
791
8815
6806
15089
15019
14954
22051
29451
22758
18053
15019
3977
35963
8643
29080
36170
36213
22051
25470
22771
25282
14991
15066
23236
22036
37403
15047
3974
29478
956
14804
22066
29079
29331
6895
14665
4154
37403
6816
14991
23236
14954
29400
8643
3976
25470
15126
29331
29049
36170
3978
19159
27684
2126
15009
36170
13403
5326
791
677
32086
6806
2103
14954
27684
36213
33883
2109
29305
14791
29324
15069
29377
22758
15089
6903
22637
13085
36213
15019
13381
2100
22771
13085
13085
14991
36785
3975
7716
22771
25470
23236
18921
29305
18921
8641
29412
493
3975
14815
15066
1998
25470
8643
36143
25282
29334
8643
36137
29331
29370
677
29370
25470
29307
3978
36163
36185
6895
29307
8641
15088
3978
3977
6876
22557
19740
36137
13085
1998
13381
2100
25470
5781
29377
5326
19740
29400
14667
33886
29370
6010
2109
14812
27684
13085
21989
19740
36900
1631
29408
13348
956
14665
6827
29412
36785
13396
15019
29384
22690
15009
6871
22696
37842
13381
33890
15089
29384
36160
33890
13381
22690
22557
29334
36894
29017
8641
8643
493
2067
6827
13337
33886
2067
29334
14784
25090
13403
15051
1020
29408
33886
27684
33420
25911
13381
3978
13381
1240
8641
14784
6403
8821
25470
13348
13087
19740
13396
29384
17702
6871
6432
33420
14667
1631
29441
3977
8821
2100
8643
13284
8642
1998
6010
25470
13337
19002
36143
13284
29408
14812
14836
22708
33298
27684
22696
11572
2109
6010
18185
17702
3978
5781
33890
13085
15051
29334
13348
13348
14779
1020
1240
8821
6868
13284
13381
13284
29384
29390
12927
8643
33060
33298
15066
6880
25470
19740
25470
13331
36160
29408
19740
25282
8643
6877
19002
2067
29130
13087
36836
1997
5295
1240
17702
13284
36160
25470
29154
13284
37842
29123
36723
25911
11571
36062
14935
25899
6880
1631
14880
29408
13284
25899
6877
19152
22557
36163
29441
6833
6442
33060
14926
15066
29441
11572
36834
22708
6432
658
23687
1626
13284
22716
12883
19002
29390
1240
13284
6432
29154
658
14836
13337
28942
33060
8643
12883
1997
29130
1608
3203
1608
13284
36163
19152
29441
14785
25899
13284
13331
11572
11572
36163
17688
36163
27263
27498
1626
1020
6880
12927
1020
18026
6004
36023
19718
13348
19002
29421
27620
13284
14590
14935
28942
11572
29129
32059
22557
18185
36062
23687
25873
2067
36841
14779
25470
25911
36836
36722
36163
15066
23626
14590
23626
29390
22708
6432
6880
27684
658
14926
25891
12883
658
29210
14828
13233
29216
1626
1240
19718
14779
36846
14880
11572
36841
14904
23626
15066
13284
18026
12927
27513
22716
29441
25421
27498
29216
36160
5088
11572
6859
23626
22708
14880
13233
27513
6859
12927
33850
27498
22736
17688
32059
33115
17462
37842
29216
36722
36163
29390
14590
12927
13284
12927
6880
36836
13283
5295
14590
13272
32068
12927
14828
12883
32059
11571
2661
12883
27346
29210
14923
29289
14904
29190
14847
14918
14856
1240
14847
25891
13233
1626
451
21895
12883
952
27498
14847
36841
1240
21895
6859
5449
952
25891
5088
13283
22716
36062
2085
25421
27581
17463
1608
27204
27581
13233
25421
6004
11571
21895
7979
31830
21792
13233
13272
13233
17462
12927
21792
32059
27620
27513
4110
7979
33115
13272
37842
36062
2660
13283
451
4850
11002
27263
25891
5996
29216
12927
21837
11548
29130
1626
6842
248
13078
22736
33862
21915
33115
29210
33115
31830
29190
25891
13312
6859
18975
31830
31788
1991
2090
14847
5449
32068
29130
18041
5088
14585
18026
17470
14585
6000
11571
6841
12927
36037
2657
954
27346
14944
2085
27560
31830
29289
5953
17367
12927
21895
5088
4850
2090
6861
25891
21895
1661
36037
23625
6842
6004
36879
17367
13259
14901
6362
11548
451
6362
21837
29254
13241
3309
6841
27346
5953
2660
6859
13263
3308
4110
27346
29233
27559
2085
29210
248
6439
14918
17470
32044
33862
21915
31844
23600
2631
7979
33293
6352
17470
19701
2657
27564
248
17424
4850
27581
25891
27204
13078
18040
14944
17424
31830
14944
2090
6362
29266
18041
32068
5953
19705
14585
2437
17406
6352
13154
7979
13240
37766
13259
6853
2085
29289
2660
2657
13263
36008
2085
16485
36037
3309
29233
36879
6376
13321
3309
33115
13078
27204
19701
12927
13144
36008
32044
6362
27559
13263
35949
954
6849
31830
2090
17404
33862
11420
12866
4110
13241
36856
27559
36783
2437
2660
31800
6413
6439
29233
29233
4361
3308
17404
32044
16500
2638
2090
31839
23600
17412
7979
13321
13259
6413
36783
16500
2660
14918
6861
6352
5970
13154
13240
13144
33862
21831
14944
5970
37766
31844
3309
6841
19705
16485
8771
12866
17412
2631
1231
31832
17404
29289
19701
28958
36879
27570
37782
19596
25807
19598
21834
16485
16485
33834
4361
36008
32044
29266
13240
36070
13259
32068
29233
29266
17406
13241
27487
12911
36070
12866
14918
33834
31775
6362
11420
2627
2091
13154
13143
2631
13321
6352
13143
31833
21922
6352
37766
2091
1023
3309
6376
32044
28998
19598
33834
37766
1659
33123
31844
37782
1231
12866
33741
29267
12850
16456
2091
31808
25807
31808
7398
21834
4119
21831
6849
21911
2432
6849
8771
25800
27338
14944
19585
31758
21922
4119
19572
31775
6792
2441
17326
6792
17224
19596
27338
33834
27645
17412
31753
13058
35949
23560
27215
13309
12911
23600
13258
17404
17384
18182
12866
13143
6853
28923
13058
21911
1023
23315
27338
1643
6862
13265
12850
36034
27215
30854
27234
2004
27544
29289
4119
12911
19598
13058
33715
1587
19585
6792
33834
25473
21911
14932
6350
1642
25807
25800
16547
23560
2627
13143
28998
27215
36034
25800
19572
33123
2026
13309
17412
16517
36008
19597
31593
2441
13143
29291
3278
19572
30854
13309
16456
30806
11618
23315
27234
7206
17085
626
23315
12911
31794
36002
13258
27215
37742
1023
2091
7378
37757
36002
7404
37763
29266
19597
27474
18182
25846
29267
13143
17322
19586
25837
30867
31753
30829
22643
12850
2026
2091
19585
31758
19780
13227
25473
2026
3278
1605
31832
37763
37742
7404
27645
7398
2432
6376
17224
13140
13216
13307
27476
27215
12957
27476
33745
12850
4114
13043
1587
27605
27544
25837
13143
6376
25807
16456
6776
27323
13307
2445
27645
23509
25807
12850
13043
3278
37757
22626
1989
2004
1587
37763
13306
21800
12961
14932
13216
13143
1587
1587
17322
7212
27555
17247
12957
14944
12961
17247
31593
23560
23560
17071
27215
5684
13043
33473
7969
30806
16517
31598
16517
17085
19586
12957
6350
27476
21800
27555
7206
18795
19664
32848
6376
7380
13140
1989
19780
25797
30903
18202
21800
27323
5793
13140
6776
7346
807
7404
21908
7380
16547
27645
27474
5789
21800
7404
21790
27555
3278
10945
1587
12961
1018
27323
18795
17085
36002
13039
16574
27605
4989
21800
3278
12957
19664
25932
12957
6350
1207
17247
30903
25797
17097
27215
5684
31688
3278
6350
30938
11490
21800
11623
11490
37648
11464
16547
6776
17200
1587
23560
16545
11600
36002
6376
2445
16517
30840
33745
6350
7329
17071
7346
2796
5977
18202
6776
1207
23504
33745
21800
12893
7969
12957
5977
37648
30840
19664
807
30910
1207
30903
27555
19664
36053
11490
2432
7404
21800
31437
6407
27645
37499
27460
11588
12893
17200
3278
5793
25804
11472
31566
16574
1601
27315
23509
12893
27323
31587
33475
1018
27555
27200
1047
3278
21885
6350
17044
12957
11472
21790
11490
12893
27534
16517
10945
6407
1588
11490
19660
31429
25957
33816
5966
5966
11595
1601
7329
23560
21800
16547
6423
6776
31437
1588
16545
30910
19173
12893
28993
6423
25932
7223
21800
27200
807
13193
19767
1601
2445
3278
2796
3278
7346
36029
5966
25769
4989
23504
11472
17274
11590
25838
4348
12893
23572
1621
7337
30903
19630
12893
17274
27315
4097
1621
31471
11065
1218
1621
25788
12893
11472
37655
11065
6407
33766
27323
1621
17211
1987
12859
1601
19184
27323
11145
5966
25957
31457
25957
33811
5986
18891
30903
2554
37648
17200
4104
7337
23572
19645
230
16545
3278
6377
4097
19630
1588
27299
31630
5966
5080
4348
19645
12859
6424
25932
37648
33811
1588
7225
37655
37499
25834
7337
33475
5986
6013
27460
33811
19639
7223
1218
6749
19767
1047
27381
23509
18891
1218
31566
33811
31471
31457
13041
1218
18891
25769
30910
23546
7342
33759
11506
6377
17211
1601
1047
11590
17182
18218
6749
12893
7380
13027
4097
17276
19645
27381
2445
6013
27200
31454
11473
19173
33908
28993
16601
30903
1588
1218
17274
17044
21885
5966
6377
13027
19645
7225
2554
31574
1218
11065
31587
11506
1652
1588
25788
25770
11467
7329
7225
4097
36029
13194
17013
19172
18218
7337
33777
5966
27529
27299
6013
6749
5966
25924
37499
1588
18891
13032
25943
1189
5966
5066
6373
5986
4097
17182
1746
37725
5986
1588
12969
33909
30922
2016
1218
4104
1215
13027
25915
11473
3935
31454
25834
5990
16601
25834
5966
17182
11065
27453
13194
4097
2467
6391
1047
1987
23546
2796
11065
31574
31471
31374
37499
22504
2595
5831
31457
7225
7329
23490
18218
18725
30922
18891
23490
6372
33777
25830
1761
25769
7337
3306
19639
7225
13032
5990
7329
458
1189
31454
6373
3306
3306
17274
19172
12963
28907
11506
13032
36044
30922
30958
17267
1652
25226
11506
6372
31574
5066
1218
12929
5957
33319
25920
12963
6421
3306
31444
33780
25830
17285
30922
12969
3306
6749
4104
31630
5818
27372
14411
6749
6373
6373
2543
23546
28982
31574
6373
13179
16606
2554
23478
33319
7329
16611
25841
31651
33777
14471
1215
25834
36729
36648
25920
25915
12954
17013
2554
1192
30956
31346
25834
2016
25830
10803
28982
2016
21884
11436
33358
2013
1746
23546
2465
27372
30922
27464
1215
16601
11530
6749
17285
3306
32897
6373
6518
1189
1215
17267
1613
23490
25841
7337
31651
14428
6373
6388
6531
1049
37698
30922
1987
13113
10803
31444
13174
28768
1613
6784
27304
12946
16611
2467
11493
3306
27372
14411
6749
2595
31346
5957
31444
33780
13628
2543
16606
17005
1599
32867
2554
31374
31651
27464
18767
2595
5818
6372
11513
14411
22500
27358
13651
22500
7329
1746
7337
6373
950
27991
16601
1983
31648
19621
36335
11435
22504
6390
6531
21884
2467
17285
37696
27304
36648
30956
28787
27310
7329
11457
1215
1215
13187
22516
25841
2596
35973
12929
11457
6749
27304
2465
30922
37698
13176
28831
19184
31648
12946
13187
12946
17267
11530
13113
27524
2596
27358
16611
22516
6373
27304
27855
1215
27390
27390
17302
14471
11530
2622
27374
27374
12953
2595
37696
1983
11530
25830
1613
7236
6784
5957
13176
11493
27358
32897
1189
7317
37696
23478
32897
30956
28784
18006
1746
6372
14428
28979
28979
16617
17005
27310
6406
27304
18058
13176
7326
2596
22499
36648
31549
23478
28831
28907
18058
33285
22622
32867
1024
31651
28905
2543
27524
25830
13654
22516
28768
11525
13628
28765
27304
31648
1987
33749
27358
28831
6406
27521
11435
8597
7329
27358
22504
11525
1613
1024
28761
16617
11457
22622
2554
25830
25823
27374
7235
27855
2465
25671
27937
11513
11499
1956
35973
14425
7393
12953
2622
7366
6406
19184
1983
7236
1012
27304
18764
13187
1049
28864
1599
6784
12953
35973
25662
1024
28831
13120
31549
16611
11394
16968
11525
7317
27921
2622
18006
33751
31549
27288
16617
27304
1012
37630
7366
22622
13101
6501
31668
33677
27288
13113
11525
1987
11525
35973
13120
13186
13105
32867
22516
11499
25823
17005
25662
37630
1953
6502
23478
1956
6406
14641
2468
18058
208
22516
8597
1956
7326
28907
17302
208
13014
14471
11379
18060
28905
28831
23478
33749
19184
31663
28979
16968
31668
13105
27525
2620
23542
11499
13105
25671
33677
6784
11304
6759
28761
27443
18158
28765
22504
11067
13114
12953
7366
13114
13628
28979
17155
11499
2468
25662
28864
27358
13105
28979
13101
28831
22516
19184
6542
7236
8597
2543
11499
31663
37630
1983
3159
7435
1956
11683
37692
1983
25996
13114
37630
25666
1987
25823
35973
7366
17319
14471
1049
7326
7362
25671
33382
13673
14641
33677
7235
32908
33751
11499
14471
7393
32908
17005
27937
22516
17319
16968
1024
22499
16960
18851
28761
37692
37630
16617
25406
33751
11379
13519
13686
35973
2620
31684
8993
11394
36318
13186
13519
25823
25823
17176
33750
28974
13628
6502
6501
16960
2625
25671
27937
18060
6406
1953
11664
13114
25662
2620
28864
31668
37692
6759
6542
14473
1983
25661
12938
25666
19238
27867
2664
7435
28974
27794
13105
33750
3073
28864
1715
27362
208
11683
13105
2542
6724
11384
8759
16958
35991
27443
27937
25253
37423
33750
28905
27794
33667
31864
1983
7326
11379
18851
27353
16968
5945
19184
14471
13628
19047
1952
13519
25671
27871
31685
6759
3159
31864
3159
28760
18158
13105
11394
14471
17169
1715
31539
7314
7435
23539
1155
2620
13686
37692
14628
1983
23538
14471
13519
13687
5915
11394
14599
28974
23644
37630
33667
5915
8759
37630
27271
10797
11683
6501
28761
2665
25295
1024
14628
7362
11394
11394
208
27794
8759
11335
36487
19047
18224
2623
16946
13101
7930
31018
11304
14628
33240
25661
5285
5945
27291
5285
18060
13105
13519
27271
27794
11664
13519
6505
33678
19560
11304
8759
8754
1181
28864
22147
2542
28974
11359
13101
13597
26016
7314
2624
18851
22147
19023
17005
11340
27291
27871
14473
14473
5945
18948
28760
8993
1181
11034
2623
23644
16946
13101
25671
1715
33667
13687
2666
13686
13597
1181
14628
37423
27867
11657
31864
7435
5915
13101
7396
8759
1179
11034
22494
6033
33240
6542
2665
33240
11387
17005
2664
31666
11657
31544
6501
11374
3159
6724
23539
8759
11414
18851
11346
2471
14473
7362
28864
11304
11359
11414
13101
11034
19047
11034
1067
31879
11034
18963
13444
17162
11340
11034
7435
8759
6505
28974
5945
11387
27867
2542
25295
27271
31300
19023
5915
11304
22147
16958
25967
23443
25700
37686
17860
4952
1715
11683
2737
16946
27271
1769
28860
13444
11359
17810
1983
14456
27871
28734
31018
7314
1262
26016
11374
13690
1155
17162
13611
33363
13444
5945
23383
36323
25973
14530
8754
18948
7439
10975
7359
27957
11304
14456
25711
8759
5915
13611
33164
33240
16931
14456
18963
1179
25296
33678
1155
1178
13458
1178
13444
28864
2471
27291
18002
31300
27279
1257
28903
27871
16946
11413
33938
1179
17810
26010
25700
22494
18851
13458
28734
8754
1067
23738
28032
25700
13444
27891
13458
36659
18948
28860
31331
6537
11374
31902
25711
13444
4952
11679
33328
11402
7439
8680
28760
23644
5820
23440
13729
19023
28903
14530
25678
36323
33697
33164
33164
25700
31527
1257
18851
33164
23383
1178
1262
31323
25121
25296
26009
33240
11374
19550
1257
7315
1262
36659
7509
14533
16946
33328
27891
10975
2671
18943
1049
11679
6522
19235
27867
13444
13458
36659
25678
14533
1257
6716
27279
7921
78
27871
22494
11413
25727
4952
13444
25727
13702
28819
1257
26009
25121
33328
31323
7315
31874
11327
17860
1155
19550
28048
25712
11679
33105
25640
1262
19550
11402
3158
19800
32194
16632
23383
1178
27891
28903
16632
31018
6522
13729
31293
27867
28819
13444
22494
5906
19550
13480
31300
1049
13480
13480
1257
25727
25973
27891
839
839
1262
17517
25617
31891
7293
33105
25973
7923
19550
11327
13690
33105
33105
33697
17150
2521
28737
6522
11410
5906
13729
16680
3261
7440
13444
557
25727
3261
36685
6717
25727
10907
31874
6036
16632
28819
13690
25640
6716
31893
31902
5915
13729
1257
25973
1257
25745
557
11410
25609
33105
3158
32220
13529
3158
11654
13529
5906
13495
7923
13729
2671
13480
31891
33090
33630
19474
7313
78
33105
19800
839
25712
7923
3261
17869
13690
11699
25727
37524
3261
28048
19235
2667
22490
13529
8664
33630
1721
557
7923
31874
1063
7923
16639
8664
19546
28819
2667
11699
25692
19474
37614
7923
5906
3158
3158
25692
25727
17150
25640
7510
13529
31323
25688
18849
19546
16632
14533
25704
8664
27891
16639
25727
7253
25121
25973
8664
7923
11352
31496
25745
1257
1063
25704
33081
11699
1721
25704
8664
19546
7440
7512
25688
8664
25978
25609
22352
1721
13529
25637
25734
11678
33697
1721
13495
8664
11314
3258
25692
11352
25727
14394
25745
31902
25745
11314
28397
19489
2739
16900
11350
831
25688
33628
25597
25692
2697
28878
16680
19168
37528
3258
36496
33090
31893
23383
13495
33628
11314
18849
17531
8664
31893
28878
13495
7253
7923
19489
11314
27891
33628
17869
7923
11350
23383
5943
7253
11350
13529
13529
11638
25637
23435
2739
1721
7935
8664
22212
16673
16673
13495
23681
8664
2739
5943
32271
25637
37524
2697
13495
22490
36631
1721
8664
33708
5048
25973
13563
11314
33628
13529
25706
25692
5943
831
22352
10907
37528
1135
25597
28091
14394
33628
2484
2858
6507
5943
2697
7253
31496
8664
28878
1724
4102
2858
7854
25734
22352
5798
5943
13563
25706
30996
13563
7306
23681
5048
7440
5943
25121
37535
2754
4102
25745
31884
7510
19787
5048
13495
27893
19169
13765
37528
13563
5940
11649
25973
31893
13495
36283
19489
13563
1724
22363
25590
22212
37881
1948
22363
33620
28091
23681
13563
31272
5798
36283
5798
5938
14394
19787
19478
17668
17824
28578
2858
32271
19491
2488
37898
23520
6677
16900
33708
7443
1724
8664
13563
19168
36283
19478
19787
33708
36283
37602
25590
13489
6507
6507
17909
37535
30996
16812
31884
13509
36283
14319
19478
1948
17552
25739
14248
19491
16683
37535
13563
28578
13509
14248
28096
2858
17631
31899
17668
7443
5940
922
5940
13769
16857
25590
36283
6677
19169
32858
32298
25739
16857
16821
7469
1724
19482
7286
5025
17909
5025
7445
6677
28079
27898
19482
7443
1744
17631
14394
5025
13509
28091
32300
33002
16857
32298
19478
37602
14319
17668
33620
27898
16818
22409
19491
22479
1948
37535
922
32300
19478
32858
14248
5025
13509
19482
19482
13509
31253
23520
25739
33620
14219
32315
7443
5025
19491
33689
1744
28594
1785
25590
33617
13489
2859
5025
1744
36361
25305
27893
2488
7445
32315
14248
2693
31899
31222
16818
5364
22363
13499
13489
1004
19482
27898
14319
2691
33617
2691
5364
11269
32315
31929
16818
13499
1744
33617
5364
32
33617
23447
17552
32855
28079
31222
1744
1004
28292
31185
25305
6677
17552
28655
28724
16785
13489
16699
1785
37814
2764
14217
36361
28079
32
32315
13489
7848
31943
2488
11269
6500
17981
16431
922
33617
7251
13499
7255
33689
1929
562
28077
28452
22409
22479
31968
11269
28077
2693
28079
2687
1876
17552
32347
7255
23418
33617
1744
7445
17567
23418
23447
33617
1744
6710
2687
14217
6500
31183
2693
28582
1744
6500
14219
28655
5899
40
5408
16781
2689
17952
37814
16785
6710
7540
2687
25307
2691
6677
2680
5899
14287
37828
7848
40
17981
562
17552
28452
17979
2686
1744
32970
28292
6500
2502
31929
17567
32016
14217
32855
16781
1744
16699
6698
7464
2687
2687
31943
4022
2689
5899
1931
18036
16699
6571
32332
2687
5817
15814
2502
18036
2676
31183
4314
5408
31992
31064
23651
17577
17948
15814
2680
6571
14287
31064
33177
2761
14217
7848
18152
2680
6677
14225
17979
2488
33226
2761
6675
25198
31997
13884
16781
4022
14217
2687
2686
17567
31968
18036
30787
28613
4314
28582
6677
2686
15824
25198
31992
33226
37814
31992
14343
1931
14276
14276
31968
28613
6654
31168
17577
31992
25198
17610
6654
4314
31997
5817
17584
31992
2502
25211
36617
7454
23651
25198
13991
25375
12795
6710
18036
22266
1885
10939
31997
1014
14343
23665
14217
14217
31136
28288
17584
16429
16758
6698
13947
7061
1886
33111
4314
28613
28471
7061
17584
14205
14276
6558
17610
31095
22266
14343
25375
1014
23665
31064
23665
23651
28613
28613
12795
14225
4314
28140
30787
12795
7454
14351
15824
25375
25198
30787
1886
28140
28319
11046
36598
10939
1014
37814
16720
16699
16720
6558
31997
15824
25309
6675
11046
25309
31099
13968
16758
24
1886
14276
33111
7061
17572
13878
25375
19064
28471
6654
31083
6558
25211
18739
1931
31168
36410
36410
25310
14205
18739
18826
22266
1014
14355
12795
25386
17572
25310
22266
940
18826
36433
14351
14205
28209
13991
14343
3187
24
14343
16720
25211
18739
1885
17572
36598
6703
19081
28140
6654
18826
19064
12792
25310
31083
18826
18826
13878
16758
18826
16758
22289
32978
6703
35873
30787
14351
25386
36433
35868
22289
6578
30193
28307
25309
32963
16720
13977
18739
6707
18826
30193
18739
28486
22266
18826
31136
32963
14351
32978
31099
28319
28692
3187
28692
7272
18826
33209
28692
28692
13991
12792
6581
940
18739
28140
18739
16758
13878
6581
31099
25310
28692
32963
31136
13852
32963
10986
30193
28209
12811
12811
1823
31095
14351
81
14355
14351
19108
6578
19081
19108
13878
13878
22289
14355
16758
1558
6707
25310
16758
13852
14351
33209
28486
33351
4939
1002
18826
1034
6707
31083
30185
31138
14356
81
36410
81
30185
1823
31136
21724
16758
30185
6707
1034
13852
25310
35850
30185
19108
16709
7818
6707
3187
28552
6707
37552
31138
4939
32978
14356
7818
31083
12811
33209
13977
14356
14356
33351
7271
16754
16754
25310
28487
28319
6581
16731
30185
3904
10986
27149
14189
33209
16762
16762
28486
13852
28378
37552
6561
12752
443
1002
5376
21715
28346
37554
28307
22278
35868
28209
7271
21764
6569
22278
28552
37554
4025
36477
1898
5376
81
13852
28346
16731
13977
35850
28377
14356
7271
13991
14356
14189
13852
5378
28552
1811
1002
28486
940
14189
1034
31090
4025
28307
22278
6569
1558
6561
13991
16730
5764
28487
28214
21764
21724
6561
6561
16731
5376
33209
28377
33351
28346
37554
16737
22278
1898
3914
16731
21715
21764
5376
28123
12752
28378
16737
14164
1798
1811
14164
6338
16730
28385
1811
16731
5378
28214
28509
3904
28509
13818
33209
6658
6658
28377
21768
36381
21764
1898
940
35857
36477
940
21764
2492
28509
8728
28123
35850
1558
13912
3904
28501
27149
3142
5764
1811
5764
2492
14164
1798
13985
28300
28385
28509
5376
5381
1798
2492
28378
1898
21764
28385
36381
3914
1798
6338
36381
28378
8728
28123
5355
35857
28214
1550
6338
13991
8706
13818
28214
1558
28164
12841
28300
3904
5355
28164
14164
3914
5355
28164
1835
13818
13818
27130
12841
1550
28164
5384
1550
28378
35850
13818
1835
28214
3904
13818
27149
6346
28324
6343
1811
13985
14033
3904
3909
14030
28385
3909
6607
13818
13818
5764
28164
8706
5764
35908
27090
5381
35916
13985
12821
36480
21682
14030
1550
13985
14030
5384
12845
6607
14033
14030
25117
21768
1549
12818
5384
14041
35857
22335
35915
6607
35833
27130
28385
5764
35908
6633
35850
14041
28324
12845
14041
12821
28324
3909
6633
3909
21745
35880
21729
21682
21768
6346
6633
6346
6633
1549
21712
12837
12845
35857
21712
12818
35861
21682
12837
6341
21785
21729
28324
1550
12837
21745
35915
6343
6341
27090
21785
35915
35880
6346
6341
21665
8573
3909
21728
12837
21745
21745
21727
3910
27081
35857
21727
12717
2852
6341
21682
21665
21707
3909
35861
21785
6316
21707
35915
12717
6341
35898
12734
35898
427
35833
35897
35900
6316
21665
35900
21741
12734
12837
21665
21665
35878
427
35833
5260
3889
35878
3913
21683
2852
35887
12717
12708
27081
21741
21728
35880
5260
6310
3912
21071
3889
35887
21071
12708
12675
3889
3913
3893
35797
6316
21707
35895
20376
3707
35909
12708
35878
6316
6312
21754
6306
21732
12675
21004
8576
35854
2848
27070
20376
3707
6312
21004
35861
21707
20376
6306
21754
12675
35833
35797
8574
3893
35876
1535
35838
35895
932
21750
35895
6316
3891
21683
21732
35186
21754
21731
35909
2827
21683
35876
8576
3707
21004
27070
35838
27007
8574
12675
35186
12669
21662
35854
27000
35838
21648
3515
35895
35801
6316
35895
2848
35876
20374
3706
2827
20376
3889
35878
20374
21034
3515
3889
3891
21034
21683
21648
6316
35895
35838
21658
21648
20869
21663
27007
20472
35836
27000
12669
35805
8553
3651
20471
8370
35801
35854
35836
35146
35144
8556
20869
3889
3889
3651
21658
35782
35854
20376
35802
20471
20472
20376
21663
21643
35853
21034
20958
20374
34520
8142
20958
21060
8329
35836
21645
8312
35802
20773
8553
20831
8329
20773
34520
35805
20376
35836
2916
20466
20471
21643
21637
8556
20471
20831
8142
35854
21643
35146
21637
20874
8312
20466
8142
35784
35782
2916
21050
20773
20453
35853
20831
20773
20473
35784
8281
8281
20466
21645
35799
35831
8369
35144
35144
18574
21083
20831
35075
20382
35784
35799
21640
20773
20831
18574
34927
35075
35782
34907
2916
35809
20764
8178
20831
21646
8142
34927
21637
34927
21637
20764
21639
35772
35075
34610
21646
32818
21646
8144
21627
8144
20382
35075
35773
20382
35772
2916
18562
20885
18574
35785
35194
32818
18562
20453
35194
34950
18574
20882
21560
3508
7660
3877
35782
21627
7679
20885
35773
3877
20419
2916
35068
7660
18298
8178
35227
34950
35755
21627
20915
21083
18298
20473
35016
32460
3880
2916
32705
35773
35794
18298
18287
20882
18562
21639
21639
2916
34609
20915
32782
3877
35194
3880
32460
35773
18297
35056
21627
18297
35068
18297
32811
35056
2916
3877
21639
35771
20915
21496
35759
7564
32542
35166
21639
32542
18297
35755
18297
7557
21627
35166
34609
35645
35650
3712
35068
18297
32782
35227
35650
3877
32811
21627
35755
7557
20427
2916
32807
18287
18297
18297
21615
21615
21472
3877
32406
2843
34614
18297
18556
35166
18265
35758
21496
8504
3880
35759
8504
18134
2843
37439
35633
21615
18297
32782
18297
3877
21614
18297
8375
34590
35735
3483
21472
2908
3705
2916
35633
32797
35628
35771
32406
35759
21615
18297
18297
32542
32440
20414
21614
20461
34861
21632
3842
7671
3877
32697
8503
7560
21614
18287
35759
20461
3877
3840
2842
37439
18578
35755
32406
20427
18265
21188
18297
35759
18433
8504
35628
21614
21615
3840
2908
21614
21188
8503
21615
32797
18287
21400
21632
34591
18556
7560
35628
35759
21615
35735
32797
21607
18578
18377
2842
21615
7671
34861
21615
3705
18359
18433
32440
21615
21632
34832
35758
7560
21614
32413
21607
21615
8504
8537
21614
35735
18578
32797
18377
8530
7571
21615
7671
20459
8504
21615
21614
21607
32440
18578
21185
8504
34776
18433
18359
35759
34587
7571
7656
21404
21614
32429
35712
8147
35757
32413
35712
18556
18556
18433
35712
2897
7635
21614
32518
35758
21572
21404
18433
7635
32413
34832
21532
20689
34567
3483
32413
32697
34597
18377
7656
21185
20461
18578
32518
3483
3578
20689
32413
20689
20689
3485
32726
18427
21532
20722
7566
34834
34548
21174
21614
8147
2897
35660
20727
34568
7635
35660
7635
18578
7656
18578
34832
8147
21404
35589
34775
35757
2985
32518
7635
20414
35712
20722
35757
3483
18433
3484
8424
35712
3578
2897
8543
18427
8386
3025
7648
21174
7648
18656
20722
3025
35660
18656
34834
34834
2897
20722
21174
32697
20689
20632
34548
20700
7566
18433
20727
21572
35589
34834
35712
7608
18247
7635
18272
3578
7566
3485
18656
20689
8543
7608
3025
34834
20722
2835
34865
8147
2903
8386
34832
20689
21532
7566
32420
3578
34834
35660
20689
21206
8147
3485
34601
21532
21113
8147
3484
20632
20459
18427
8148
34576
18486
18427
20700
2993
34832
7648
8147
20727
7620
18247
34775
35300
2835
3578
20727
35507
34775
8527
35507
34601
34834
2903
7631
21214
8406
34865
21162
8406
7568
7566
34738
21242
7648
21113
21174
2835
34576
34834
18505
8378
18306
34834
34834
20414
8147
20702
34775
34756
34775
8378
35417
34865
34834
32679
32414
35507
20596
7648
3485
18279
32420
18505
3484
20730
21206
20700
18273
35473
20700
20459
18306
3735
20730
18279
20727
8378
34834
20596
7631
18279
21272
18505
34772
34756
3485
21214
20596
3578
20727
18505
34869
21113
34772
21605
20702
7631
35748
20730
20596
8527
20596
7661
8260
35417
8147
3485
18505
7643
34772
18306
7568
35300
3770
2833
20626
35473
8148
20626
3485
34879
8260
20727
18273
34756
34738
18306
8538
32414
3572
35402
7643
7661
8527
18306
34772
20596
21272
21113
20730
3735
7568
35365
8260
2883
20596
35402
20596
20702
35402
18306
35417
34772
34698
20631
7661
3553
35273
20702
35280
20566
20727
32414
20702
20631
34772
34869
34869
20626
18306
3778
20631
8260
20626
20738
21287
8538
8260
3778
20596
37429
7546
2833
8260
3553
34868
21113
35431
3572
8215
20702
7546
34772
20556
2833
20615
3525
34772
34698
20596
20626
20702
34772
20556
20702
35280
8148
35431
8216
20631
20626
20727
8148
35402
8260
34879
35402
20596
20727
3556
3778
3725
20631
34772
21287
3770
34753
8260
20631
20626
34772
21287
20595
20626
20595
35431
3778
20479
20727
8260
20738
35410
8447
3572
8260
34868
3552
3725
20631
20702
8225
34753
20595
34772
34698
3572
3598
8148
20626
35365
3778
20631
8232
34879
34772
3572
3526
18306
20626
35410
34707
20595
8261
3552
35403
20595
34701
20727
34753
3778
3552
34701
8184
34772
35405
35410
3522
8225
20479
20479
34769
3598
34879
3518
20626
3572
20745
20626
3598
35405
34879
3770
34748
3549
3598
8183
8219
8184
34769
3522
34769
20595
35374
3549
20626
20574
3556
35365
34653
8183
3522
34879
3598
8219
3549
20605
20625
20741
8232
34701
34748
8261
20626
20625
20479
8184
20479
20576
3522
35253
20625
34769
34769
34701
34628
34746
34653
3598
34724
3525
20625
20741
20626
20605
34769
20745
20526
20587
20741
34746
34769
34769
20479
20625
20479
34717
34661
3525
20587
8231
34852
20745
34891
34717
34746
20745
35253
20574
20625
3526
20506
20603
34852
3598
20625
34891
8184
34769
20587
20605
20745
3598
34724
2809
34628
20625
20479
20603
8231
3530
20625
34702
34648
2809
20741
34650
34769
34724
2809
3549
34654
20506
20625
20625
34741
34852
3557
34672
20549
34654
20745
20600
18083
2809
34702
34852
2809
3522
34727
3549
34741
20526
20587
20602
34703
18083
2809
3557
34852
34654
20711
20602
20587
34724
34724
20600
8231
20587
3522
34650
34672
20600
20622
34726
34763
34703
34703
20538
34727
34703
34648
2809
3530
34661
20585
20622
34675
34828
20506
2809
20602
20549
20549
34654
18083
34663
34703
20585
34731
34703
34828
34654
20591
34726
20506
20711
18089
20538
8205
20553
34703
20622
34763
20622
20537
34726
20585
34894
18089
20591
20681
34899
20622
34731
20585
20622
20681
8205
20753
20537
20753
20711
34763
20549
34675
34663
20681
34828
34675
34731
20553
20753
20585
34703
18089
34663
20544
18083
8205
34815
20585
34763
18089
20544
20753
20537
20544
34899
34763
34815
20681
20622
18085
20585
8205
34675
20553
18085
34899
34828
20544
20753
34815
20681
20666
20753
20537
34894
34816
34683
34815
34683
18089
34894
18085
34894
20675
34811
20666
20553
20670
18089
20670
20756
34816
20663
20753
20553
34811
34815
3581
20666
20753
34683
18085
34894
34778
34778
34804
34828
18085
34899
34816
20663
20553
34683
20663
20675
20642
20675
34899
34785
34815
34814
34819
3581
34804
34778
20666
34819
18091
20663
34683
34899
20756
34899
34785
20663
3581
20642
2815
2815
20756
20663
34814
3581
18085
3582
20756
34899
34785
34805
3581
34899
3582
34805
34899
34778
20664
34805
18091
34819
20642
20651
34814
20642
8248
8248
34785
3581
3581
34819
34899
34785
20664
18091
20642
34819
2815
20664
2815
34805
8248
20664
20651
20651
34899
20664
2815
18091
20664
3581
34819
34797
2814
20664
20660
8248
20664
18092
34805
8248
20664
34797
20651
8248
8248
2814
20660
8248
20664
20664
20660
20651
20651
8248
18092
2813
2814
2813
2813
20664
34805
20664
2813
2814
2814
34797
2814
2814
2814
20664
20664
9215
9215
38735
6278
6278
15243
1122
1502
1502
12557
10782
1122
11710
11710
6044
5888
11710
