46956
47230
46968
47230
46956
46963
46963
46976
47230
47119
47230
46951
48471
46996
46976
47041
46994
47041
46994
47119
47041
52563
52563
47124
47046
47046
47067
51094
46974
51611
47236
47691
47150
51247
51236
47057
51142
51081
48128
47532
47046
47146
47039
51236
46974
47150
47219
51064
51248
51095
51073
47219
48116
47717
51142
47160
47150
48128
47149
47067
47065
47194
47150
46969
51100
51240
51608
51240
48239
51084
47124
51742
47194
47194
46996
51665
47149
51073
47202
47337
47301
51064
51163
51095
47835
51973
47146
47066
47150
48437
47236
51098
48455
46978
47228
51247
48455
51044
51047
51100
48239
51147
51053
51106
51240
51050
51136
48116
51098
47124
46969
51985
51247
47027
51098
51136
51044
48076
51332
48253
47284
52324
51240
48076
51051
51050
48129
51247
51247
51073
47954
51047
47001
51322
47067
51088
51608
51047
47202
47194
51053
47150
51106
51240
47057
47301
47005
51051
51812
51155
47045
51053
51985
47219
51053
51132
51155
51973
51157
51147
51068
51240
51812
47027
51174
51047
46999
51053
51051
47150
51137
51270
51294
48129
48455
52352
51161
51098
47301
51051
51053
51608
51294
46969
51247
51050
47194
48076
47807
47160
47066
51322
47124
48076
51051
47812
48076
51985
47005
51051
47067
47001
51047
46978
47146
51247
47005
47284
47202
51051
47039
47065
51270
51047
47194
48129
51608
47301
51155
47219
51053
46944
51051
51163
51089
51812
51195
47219
47835
47954
51161
47219
51723
47027
48253
47149
46999
51765
51098
47149
51053
51174
51053
51157
51134
51608
48129
51812
51192
51214
46944
51270
51192
51250
47149
51156
51247
47149
47004
51065
47149
48076
51089
47807
51177
51250
51134
47518
51092
47124
47301
47812
51185
51322
47807
51270
47149
51812
47005
46969
46969
48129
51247
48076
48076
51192
51113
51068
51051
51160
47158
51053
51812
47005
51281
51608
47066
51051
47236
47008
51765
51219
51608
51050
51185
51068
51155
47066
51214
47067
51985
51047
51051
47301
51050
51214
51065
47219
51051
47846
51287
51174
47158
51156
51248
51053
51054
51985
51051
51723
47160
51812
47119
47065
47954
47149
47052
51608
47518
47326
47974
51281
47158
51053
51985
51113
51068
47954
47158
51812
47073
51113
47020
51068
47158
51240
51051
47141
51608
47027
47518
48455
51281
47008
51287
47124
51051
48288
51812
51214
48063
47149
48471
51247
47807
51247
48004
48253
52352
51765
47065
51054
47160
51812
51047
51053
47807
51054
51812
51765
51113
47158
51174
46945
51270
48076
47065
47149
51113
51051
51051
51270
47265
47219
51270
47102
47236
48471
47326
51248
47149
51608
48457
51112
47158
51068
51219
51113
52352
51113
46944
51248
51075
51830
51113
47974
48063
48004
51247
47202
51209
46945
48455
47010
46981
51113
46944
47160
47149
51270
51047
47575
47158
47265
47119
47083
51185
51177
47575
51113
47010
51812
51322
51322
51216
51191
51112
51765
47606
51812
51812
46945
51053
47022
51281
47149
51812
47141
51287
47326
51113
47219
47807
51113
47066
51112
46944
51054
51113
47020
51053
47020
47606
47119
47597
47212
51112
51054
51211
51112
51053
51113
47326
48415
47149
51608
51044
47206
51191
51216
47265
48206
51209
51185
47606
51219
51281
51812
47242
51047
46945
51113
46899
47662
51112
47807
47575
51044
52357
47265
47652
51608
47597
47119
51179
48212
47066
51247
47141
51765
52343
51054
51113
46934
51812
51113
46944
51830
51291
46945
51047
47326
46945
47662
51075
46945
51044
47158
51179
51812
47597
47927
51047
51054
51179
51209
47073
51001
51112
46981
47222
46945
51054
51247
47212
47927
47158
51216
51247
47652
51270
51780
51113
51068
47119
51219
47927
51054
51830
46945
47182
51830
52343
51047
51211
47158
51044
51068
47158
47575
51209
47222
46981
46981
47066
51047
50999
51807
47129
51053
46899
51209
47652
52171
51270
47212
51053
52357
47212
47149
46930
46916
47135
47212
52357
51188
47652
48212
51209
47575
51053
51044
47135
47197
51188
47083
51047
47662
47119
51112
47206
47010
47206
51225
51270
51270
51113
52555
52206
46917
51054
51205
46934
51780
47212
51053
48415
48415
47135
47242
51044
47098
47022
51053
47129
46916
51205
46917
51044
51047
51270
46930
51054
51053
47158
46916
47216
51113
47212
47158
47158
50964
52171
47182
46934
51054
47652
51225
51053
51225
51320
51807
51054
47575
51225
51280
51112
51123
47575
51320
47242
51320
47216
46949
51205
50964
51113
47010
52329
51113
47216
51320
51054
46949
51179
47206
52505
51225
47182
51205
50999
51225
51171
51123
47158
52555
47136
47081
46899
46895
50964
51593
46895
46934
47101
52206
46925
51075
51320
51280
52171
46895
51179
51123
51054
46949
51277
52329
47135
51171
51169
46920
46981
46899
50972
47206
50999
47131
47158
51075
51225
50988
46911
47081
46895
46895
52171
51169
51188
47131
51893
50977
47114
52555
50989
50989
51270
50981
50999
47010
50964
47197
47114
46925
47182
51169
47033
47114
50989
47158
47079
50988
47190
52505
47182
51370
51075
50989
52185
47077
46981
51179
46868
50997
51277
47201
47081
47033
47098
47131
51893
51179
47114
51169
52505
47178
46895
52185
51075
47033
47158
46911
47191
52505
47033
50972
51370
50997
50964
46880
50964
51280
46895
50901
46899
46856
46874
50969
50989
51280
47079
50988
47114
46895
46899
47098
50928
46906
50960
47190
50984
47079
46856
50731
50989
51169
50988
47098
47114
47201
50981
46641
46880
51416
51416
47191
47182
47033
50972
46886
47178
46899
50984
51179
47158
46899
46874
46906
50977
46856
51075
46856
47077
50977
46880
47191
51261
50972
51280
46906
50997
47079
51265
50969
47114
51265
50984
46874
46853
46878
46906
50960
50293
46843
50997
46868
51416
46880
50936
46906
50976
46843
47178
47178
50960
46878
46644
46878
50731
51075
51280
50960
46906
50220
46869
50901
50228
47079
50977
50220
46100
46215
47169
50972
46641
50928
51265
50936
50984
50220
50928
50293
47169
50936
46874
50976
46878
50293
50929
50960
46874
46215
46886
51265
50972
46853
50901
46880
46886
46869
50231
50215
50289
50984
46869
50936
46843
46840
46215
46878
50731
46853
51265
51261
50928
50972
51265
46886
46878
50928
51261
46199
46880
46878
50731
46100
50293
46212
47171
50231
50284
46851
46215
46644
46886
50220
46641
46199
50928
51261
50231
46215
46090
50289
50928
46853
50228
50928
51261
47178
47178
50936
50901
46864
46840
50929
51265
46212
50231
46199
50289
46090
46100
50996
46644
46215
46100
50928
46840
47171
46843
46139
50928
50928
46090
50236
50901
50236
50284
46090
46130
47171
50929
46851
46627
50185
46146
50284
46090
50185
46644
46644
47171
46637
50284
50231
50928
50183
46215
46139
46151
50720
50996
46117
46139
50289
46199
50236
50768
50280
50236
50231
46144
46851
50731
46146
50309
50918
46637
46645
46139
50297
50183
46644
50185
50175
50175
46840
50309
50921
46175
50280
46644
46130
46645
50175
50220
50289
50196
46117
50720
50175
46130
46645
46151
46117
50185
46117
46117
50259
50289
50720
46645
46146
46123
46144
46217
46144
50259
46175
50768
46151
46175
50258
50283
50280
50175
46125
50196
50283
46130
50309
46217
50918
50175
46117
46645
46130
50297
46645
46190
50297
50309
50309
50259
46627
50921
46117
50758
50196
46139
46175
50196
46184
46184
50758
50280
50921
46645
46168
46111
50196
46111
50283
46217
46193
46123
50921
50283
50175
50175
50258
46169
50907
46130
50907
46117
46158
46817
50297
50921
46125
50768
46130
46117
50400
50196
50309
46158
46217
50283
46627
46190
50768
50921
50258
50473
46190
50259
46168
46169
46158
50297
50907
50921
46168
46817
46817
46159
46828
46193
50474
46168
50251
50921
50472
50479
50907
50768
46831
46184
46168
46188
50754
50473
50175
46158
50251
50196
46164
46831
50283
46164
50251
46190
46164
46831
50276
50251
50479
50907
46159
46169
50754
46158
50907
50915
50480
46164
50251
46161
46817
46158
50474
50754
50761
50754
46168
50251
50480
50478
46169
46193
50400
46381
46188
46168
50761
50479
46159
50921
50276
46164
46184
50480
46828
50921
50251
50251
46831
46188
50472
46831
46161
50276
50474
46388
46169
46381
50251
46385
46831
50480
46831
46817
46831
46382
46663
50478
50479
50480
50754
50400
46193
50480
46184
50766
46381
50276
46159
46381
46385
50472
50754
50479
50474
50915
50881
50468
50251
46790
46663
50915
50474
50766
46379
46379
50881
46381
46382
46389
46379
50766
46389
50480
46388
46381
46389
50480
50479
46790
50881
46790
50420
46379
46663
46379
46663
50766
46346
50398
50479
50421
46310
50426
50421
50479
50466
46384
50761
50881
50468
46676
46790
46821
50761
50466
46315
50420
50448
46385
50410
46379
46389
50468
46354
50766
50436
46379
46376
46310
46790
46384
46369
46379
46376
50881
46336
46330
46330
50881
50421
46346
50448
46354
50766
46379
50420
46330
50410
50421
50410
50448
46376
46358
50466
46389
50398
50771
50771
50410
50771
46315
46682
46821
50444
50466
46389
50444
46821
50448
46315
50426
46336
50410
46376
50406
46316
50410
46330
50410
50421
50426
46346
46336
50420
50466
50398
50406
46358
46358
50436
46330
50408
46376
46369
50771
50466
46376
46821
50448
46306
46336
46316
46346
50421
50419
46313
50771
50771
50444
46330
50444
46821
50405
50466
50448
46682
50451
50437
50406
50448
50410
50434
46369
46358
50403
46821
46346
50455
50741
50416
50425
50419
46316
46330
46682
46376
46330
46358
50448
46360
46315
50403
50771
50741
46356
46369
50437
46349
50403
46326
46316
46336
46365
46821
46374
50455
50434
50425
46651
46347
50437
50741
46346
50425
50419
46347
50925
46306
50408
50451
46821
46360
50416
50410
46316
50741
46374
50419
50447
50455
46349
50772
46316
46313
50403
50438
46651
50416
50408
46344
50455
50419
50408
50925
46330
46374
50433
50741
50438
46344
46335
46326
46356
46326
50451
50403
50741
50741
46321
46344
50403
46356
50411
46356
46374
46318
46347
50772
46365
46321
50447
50423
50411
50428
50437
50419
46651
46651
46374
46651
46683
46313
50455
50428
46835
46835
50450
46347
50384
46374
50408
46356
46313
50455
46374
46349
50428
46344
46356
50772
50411
50438
50741
46302
50447
50433
46333
50438
50455
50423
46683
46335
50417
50876
46326
50453
46344
46318
46294
50408
50925
50464
46299
46322
46335
50360
50450
50925
50384
46356
50450
46688
46343
50433
46299
50394
46326
50455
50417
46365
50464
50392
50423
50876
50380
46683
50453
50360
46322
46294
50441
50464
46268
46688
50453
50450
46299
50394
46322
50464
50417
46343
50392
46302
46326
46333
50394
50464
46302
50384
46299
50453
46290
46275
46294
50453
50423
46688
46290
46322
50423
46302
50428
46333
46299
46333
46333
50433
50394
46290
46277
50464
50453
46294
46363
50417
50360
50876
50384
46302
50441
50417
46275
50450
46363
50394
46273
46294
46683
46294
50876
46683
50453
46333
50453
50450
50394
46322
46683
46322
46322
46333
50417
50428
50348
50782
50352
46275
50360
46299
50464
46333
50464
46333
46688
50328
50346
46343
46294
50348
46277
50352
46688
46333
50617
46302
46277
46258
46685
50365
46294
50432
50464
46363
50412
50453
46333
50464
46277
46322
50352
46343
46294
46256
50384
46273
50441
50782
46363
50432
46700
50412
50450
46262
46363
50617
46527
50864
46333
46299
46262
46332
50873
46527
50782
50775
46332
50346
50348
50617
46774
50348
50328
50617
46774
50428
50412
46700
46527
50365
46783
50432
50617
50348
50376
50775
46256
50328
46342
46774
46700
50412
50617
46258
46332
46256
50873
46783
50346
46332
50782
50412
46332
50777
46783
46262
46363
50352
46342
50352
46774
46342
46685
50412
46243
46286
46783
46527
46774
46332
50328
46258
50864
46256
50412
50864
50412
46262
50775
46286
46527
46685
50412
50422
50376
46256
46527
50864
50352
50617
46783
50412
50850
50365
50365
50376
46527
46342
50348
46342
50775
46685
50352
50637
46685
46262
46700
50328
50551
50842
50345
50348
46332
50850
46685
50352
50432
46262
50348
46547
50412
50348
50864
46685
50617
46527
46258
50546
46774
50352
46783
50334
50347
50864
50486
46243
46713
46700
50790
46527
50330
46527
50422
46720
50372
46718
50353
46685
50345
46783
46262
46256
46262
46718
46783
46286
46716
50546
46783
50617
46332
46783
50637
50864
46243
46527
46685
46342
46263
50352
46257
50560
50330
50486
50330
50790
46257
50345
50842
46258
50345
50334
50850
50637
50334
46241
46713
46774
50842
50347
50486
50372
50347
50790
46547
50334
50372
50334
50347
46720
46255
46716
46526
50546
46262
46760
46241
46718
50353
50551
50355
46241
46257
46716
46240
46244
46720
46718
46713
46713
46713
46263
50551
50345
50637
50372
50546
46685
50355
50330
50486
50486
50790
46720
50850
50353
46257
46244
46526
50842
46526
46263
46760
46718
50842
46255
46547
50355
50353
46241
46547
50334
50334
50486
46716
46720
50790
50347
46713
50330
46263
46716
46713
46760
46240
50330
46526
46716
50790
46720
50355
46282
46263
50637
46526
46720
46716
50486
50347
50635
50842
50372
50637
46713
46255
46263
50842
46718
50391
50372
50560
50790
46713
50345
46240
46720
46241
50546
46263
46526
50372
50551
46716
46545
50813
46716
46536
46718
46720
46547
46536
50851
50353
46282
50851
50353
46545
50486
50635
46255
46716
50842
46282
46263
50869
50334
46547
50372
46716
50334
46255
46720
50840
50851
46526
50545
50813
46301
50639
46713
46761
50801
50353
46720
50555
50869
46241
50372
46536
50355
50790
46240
46241
46441
50545
50560
50546
50869
46263
50800
46240
50800
50635
46718
50639
46761
50813
46301
46741
46525
46716
50639
46536
50635
50851
50550
50895
46454
46713
46460
50635
46733
46536
46779
50801
46454
50840
50851
50545
46301
50869
46545
46802
46733
46441
50813
46545
46545
46525
46526
50801
50391
46741
46441
50626
50800
50550
50801
46741
46728
50626
50545
50391
46550
46251
46536
46741
46454
46301
46761
50639
46251
50813
46525
46728
50852
46802
50639
46454
46545
50555
46728
50544
46301
46718
50840
46454
46550
50852
50851
46802
50545
50545
50895
46525
50639
46525
46550
50635
50869
50391
46762
50482
50868
50545
46301
46536
50813
50800
46779
46728
46536
46441
46454
46251
46550
46460
50800
50381
50391
46741
46460
50821
50895
50622
50381
46543
46460
50839
50545
46454
50815
46802
46728
50852
50620
50391
50555
46733
46762
50555
50620
46743
46525
50895
46301
46728
50895
50622
46741
50868
46301
50852
46550
50800
46530
46550
46532
46802
50381
46802
50482
50545
46532
46252
50852
50815
46733
46530
50535
46393
50839
50483
46743
46778
50895
50482
46762
46778
46525
50815
50826
46454
46445
50555
50620
46452
50535
50542
46393
50620
46543
50839
46728
46728
46464
46301
50482
50826
50828
50826
46392
46543
46802
46252
46802
46441
50821
46522
46392
50561
46743
46454
46393
50868
46464
46252
50482
50527
50483
50868
50561
50535
50554
46464
46543
46762
50821
46743
46452
50483
46392
50622
50535
46452
46393
50622
46464
46471
50535
46252
50545
50535
50828
46393
50620
50542
46471
50852
46462
46392
50535
46471
46445
46778
50612
50854
50854
46543
46393
46464
50482
46736
46445
46743
50815
46393
50554
46288
50482
46452
46252
50888
50561
46393
46798
50854
46522
46762
50830
46471
46522
50613
50527
50561
46445
50828
50888
46288
50539
50535
50610
50539
46471
46452
50854
46543
46464
46736
46738
49462
46436
50894
49462
50527
50830
46445
50535
46393
46736
46743
50535
46778
46452
50595
50000
46392
50548
46393
50610
46523
50830
46736
46288
50612
50595
49462
45372
50894
46804
50613
46737
46505
46462
50610
50828
45372
46505
46523
46523
45372
46804
50527
50894
46449
50539
46737
50894
46541
46764
46449
50539
46738
50612
50830
50854
46288
50526
50526
46738
49462
46462
45372
46541
46505
46436
50595
45372
50535
50548
46436
46505
46523
46436
50855
46462
50000
46541
50595
46798
45370
46449
50535
46737
45370
50000
46418
46505
46541
46505
50527
50630
49461
50623
50539
50630
50527
45435
46462
46764
45395
50612
49462
46436
46522
50595
45372
50830
50526
45414
46798
46505
49462
46449
50623
45910
50631
50855
49462
46418
50539
49504
49462
49492
49506
50630
49462
45910
49460
46738
45372
45370
46505
50548
46505
46436
50509
46418
50595
46534
45414
49462
46505
46534
50593
46798
45395
46534
46541
46473
49506
49434
50501
45435
46738
49492
45360
49504
46432
49461
50623
50623
49461
46473
45416
49460
45360
45435
46540
45435
45395
45395
46534
49460
49492
45349
50631
46436
46505
50593
49462
49462
49462
46418
49460
50000
45349
46425
50000
49460
45349
46765
49517
50522
46473
49506
45395
50855
46540
50630
46473
45414
50590
49506
46473
50593
49526
50514
46534
46510
45910
45414
49434
50630
46510
49494
49461
45435
45357
46432
49462
45360
45395
49462
46765
46510
46510
49483
45416
45416
50855
46418
50630
46398
45435
46765
45357
49506
46476
49461
45349
50000
49526
49460
50509
50855
50630
50522
49518
46473
49439
49460
50855
49494
50855
50855
45395
45435
46473
45435
46534
46410
46534
49483
49518
45910
49526
45394
50566
45360
45349
49506
45820
49461
45394
50501
49526
45435
45427
45823
49494
45357
50855
49494
50630
49439
46476
49437
45404
45818
46765
45416
50488
46510
49439
46410
49826
45436
45427
49462
45820
45404
46476
49434
49838
49838
50488
49437
49437
45434
45404
45352
45404
45352
49451
49461
50097
50855
45394
50630
46476
49494
45349
46580
45394
50501
49439
45820
45818
46398
45404
46476
45349
45348
49494
45348
49838
50014
45854
45427
46765
50630
50013
50097
45404
49439
50630
45748
50566
46594
46007
46580
50013
50013
46476
46765
45924
49439
49494
49451
45394
45772
45348
45434
45733
49401
50014
46534
45349
49437
45820
49826
45352
45823
49945
49439
46594
46007
45404
45924
49437
45348
50566
50097
45404
49439
45404
45823
49437
49561
46534
49402
49566
45349
45434
50855
45349
46476
50316
50097
49451
50630
49402
49858
49566
49566
46580
49561
45854
49561
45434
50662
49439
45820
50662
46765
45854
45818
46580
49945
49945
45772
49451
50109
45823
45352
49439
45854
50097
45748
50855
49778
49566
50566
45686
49826
45924
49561
46594
49826
50662
45349
49945
45348
49858
49570
49402
45772
45772
50109
46580
50316
45772
45823
45434
46007
49439
45676
45676
49905
45854
49587
49570
45748
45434
49945
49945
45458
49561
49576
45604
45772
49439
45748
45452
49858
45676
46561
45748
45736
46590
49576
45471
45772
49570
50662
46590
49778
45458
45458
49945
49570
49402
50662
49561
45733
49439
49439
50665
50109
45458
45667
45686
49858
45924
49439
49905
50686
45434
46590
49570
45348
45854
49576
45772
45676
49576
49570
45604
46007
45920
49945
49850
50001
45458
49566
45452
45686
50665
49570
49679
49542
46576
45924
45349
49562
49576
50109
45667
45733
49576
45604
49570
49679
45434
45733
49799
45471
45452
49850
46590
46007
45676
50123
46561
45920
49570
49694
49799
49642
45924
45676
49587
45486
45703
45471
45471
49845
50091
45920
46590
49570
50001
45604
49845
46561
49694
49799
45736
49799
50123
49778
46576
45479
49576
50091
45476
49587
49850
45667
50084
49799
45488
45481
49745
45904
50109
49679
50001
49786
45676
49679
45560
45696
45476
45669
49799
49642
49845
45452
46065
46001
46001
45476
49691
45623
50084
45623
45939
45488
45476
50109
45604
49691
45481
49845
46065
45904
45586
49643
45486
49562
50091
45481
50084
49562
49542
46065
49745
45669
45708
49786
46060
50091
45939
50075
45669
50075
45486
45904
45586
45586
45904
45939
50075
45560
49717
45486
45985
49713
49713
49799
46051
49745
45696
49679
50084
45479
46001
50075
49587
45586
49679
49992
49562
49594
50084
49740
45623
50084
45669
45982
45904
45669
49639
49992
45481
45708
45476
50151
49845
45476
45935
50091
50038
46051
46057
49845
50027
49799
50142
45669
45935
45640
50084
45564
45486
45476
45497
49643
49596
45935
49740
45499
50084
46057
45982
49589
49740
49680
45497
50038
45486
45486
49799
46001
46010
50038
46057
45985
49740
45497
45499
49594
45656
45982
45982
45499
45656
45935
49680
45935
45564
45656
50142
45486
50075
50083
45488
50075
50038
49717
49717
45669
49643
45481
45486
45640
45639
50148
50075
50083
50142
46082
45978
45639
45481
49589
46001
45655
50027
50083
45593
50142
45654
49596
49740
49597
45639
49737
45486
45486
50070
49639
49680
45481
49737
45510
46072
49602
45935
46010
49685
49589
45545
49634
45654
45978
49600
45989
50038
50075
49976
50070
45545
45512
49706
45655
45655
49600
49602
49602
45985
45656
45639
45593
49591
45953
45950
49600
45655
45935
45499
45639
49597
46072
45964
45506
46082
49595
49976
49680
50083
49602
49591
49680
45486
45892
45935
45982
49706
45584
50028
49591
45596
50162
49602
45989
45985
49595
50083
49685
49634
45593
45950
45545
49674
49739
45512
45964
45986
45512
45505
46077
49674
50040
45986
45953
49595
50098
45950
45505
45596
50070
49602
45596
45950
50040
50066
49602
45989
49591
49686
49597
45989
49602
50057
49591
49686
45649
45584
49976
49600
45893
49597
49674
45989
45596
46008
50098
45510
45968
49674
45950
46077
49602
49631
49602
50098
49674
45596
50083
49734
45584
45644
50057
45989
50040
45506
45512
45899
45986
49602
45986
45964
45505
45512
50057
45644
46072
45596
45887
45521
45953
45505
50045
50162
45644
49989
45584
49595
45992
45899
45953
45887
49597
45644
45507
45893
50045
49976
49976
45950
50098
46008
50098
49739
49604
45956
50056
45649
50056
46008
45956
50082
45992
45596
45896
45899
49604
50040
50066
49610
49604
49674
49610
45501
45997
49686
45956
49604
45512
50057
45896
49985
46008
49629
49616
45521
45893
46071
50051
45515
49616
45956
45898
50171
45898
45898
49616
50047
49604
45507
46008
49604
49989
49608
50098
45893
49610
49608
45896
45899
45539
45887
49605
50171
49989
45956
45529
46008
50045
49396
45887
49608
49629
45507
50056
45971
45515
49976
45512
49604
49976
45956
45899
49621
45513
45543
49619
45971
45892
50171
50045
45529
45971
49619
45898
45524
45896
46008
49631
49606
49985
45521
49981
49619
46066
50163
45896
45507
49399
50047
50056
45305
45541
45524
45529
49604
45530
45898
49989
49616
49616
45529
49619
45539
49389
45529
49604
45532
49608
45505
50045
45543
49389
45956
45305
50166
49633
49619
49616
45543
49989
45305
49390
45543
45301
49390
45517
49396
49978
49606
45301
45534
49396
49397
45543
45542
49608
45534
49608
45541
50166
45529
46071
46066
49606
45543
45303
49605
45543
49616
45532
45513
49621
45529
45534
49633
45303
45303
50163
49627
45532
49396
45530
49621
50163
45517
49981
50171
45542
45532
49619
49618
49396
49624
49396
45305
45514
45534
49606
49399
45305
45303
45305
45517
45522
45299
49399
45529
49633
45305
49619
49978
49619
50166
49399
45543
45529
45290
45305
49978
50163
50156
45532
48594
45528
49633
48948
49389
45530
49396
45543
45294
45305
50156
49385
49606
48594
45529
49396
45529
46066
45534
49606
45303
45299
49616
49619
45529
49621
45522
45534
45530
48594
49385
45298
49627
45303
45534
45543
45522
45294
46066
48948
45543
49628
49396
48505
45290
50166
45537
49624
45298
49387
45276
45303
45530
45290
49396
48597
45303
45528
48948
48505
45288
49397
45305
50156
45532
45310
48594
49399
49399
49366
49365
45288
45522
49387
48596
49978
45301
48596
50166
45298
45517
45292
49369
49375
45301
49619
49627
49399
45303
45279
49618
45278
48948
50166
48597
50166
45299
44865
44471
45288
48505
48597
45310
49366
44865
45278
50156
45299
44860
49383
48598
45276
45298
49385
45310
49399
48543
44860
44860
49379
45288
45276
48505
45303
48503
45288
44860
45279
45303
48505
49374
49396
45294
48597
45288
44865
44860
48505
45310
45286
45291
48597
49374
45303
49385
44471
49375
48567
45537
49366
45279
48554
44860
45286
44471
44501
48957
49374
45278
48948
48503
44860
49365
49365
45301
48596
45291
44448
49377
44512
44471
45310
49399
45298
44471
44865
44505
44415
44501
45278
44883
44964
44415
49379
48598
48567
48948
49379
45310
44458
45288
48597
45292
48505
45309
49383
45288
44860
44466
44469
48503
49627
44860
44505
45278
48507
49365
48567
48567
48515
45288
48584
45278
44883
44505
44860
49399
48597
44466
48584
48543
48554
44463
48953
48543
44860
45288
48948
45310
44466
48584
44445
48567
44458
49380
48551
44463
48540
44469
48598
44964
49049
44883
44415
49377
44860
44865
48584
44505
48543
44512
48554
49379
45293
44501
49379
48515
45293
49379
48584
44865
48592
44458
44964
49365
44466
49379
49379
44865
44860
48584
48957
49053
44458
44463
44512
44463
48558
49053
48596
49377
44445
48953
48551
44471
49377
48520
48598
44883
49066
44448
44463
48507
48515
48584
48584
48953
48564
44458
44865
44508
44448
45014
49053
44475
48503
44512
48592
48540
48515
44883
44458
48543
48592
45014
44861
48540
48957
49365
44660
44415
49365
44489
49377
48592
44861
48564
48507
44469
44984
48513
48584
48592
44463
48532
44432
44883
49066
44463
48543
44466
48676
44936
44424
49105
44458
48585
44964
44483
44466
44865
48515
49049
44505
45168
44865
49066
44466
48564
49049
44475
44984
48876
48515
48554
44450
49377
48551
44415
44483
44415
44710
48592
48564
49053
48592
44463
44512
49105
49090
44489
44936
48572
48572
44489
44936
48585
44494
44429
49105
44582
44475
48535
48577
44483
45014
48539
48520
45014
48876
45014
49094
48572
48513
44429
45014
49066
44582
45164
44489
48876
44660
44523
44861
49090
44582
44444
48552
49297
44432
44483
44660
44582
48588
49066
44936
44489
48585
44512
48524
48564
48585
48552
48520
44429
44984
48577
48676
44475
44444
44483
44447
44495
48760
48513
44475
44432
49094
44417
44417
44489
45014
44936
44670
49112
48608
48585
44429
48524
48902
44429
48608
45014
44936
44483
45168
44424
48758
44681
44475
48571
48571
48577
44681
44936
44710
48585
44432
44588
44475
48577
45014
49090
49284
44432
49112
45014
48876
48536
44481
49145
44483
44936
44489
44956
44429
48585
48758
48577
48608
48761
49094
48479
44936
44489
44936
45014
48520
45014
45014
45014
44447
44582
49145
48588
48902
48577
44660
48800
44489
48577
48577
44489
44429
48585
48608
49094
48761
48497
48571
65
48761
45168
45168
44681
44432
48608
48571
44483
48571
45027
49094
48761
45014
48499
358
45168
45133
44703
44516
44417
44475
44432
48793
44491
44429
45055
48552
48526
44940
48902
48499
48524
44481
44481
49297
45027
44491
45055
45218
44551
44788
48793
44516
441
48588
49145
44432
48526
48793
48499
45055
48530
44573
48577
44407
44432
49030
441
44938
44788
49094
44788
44481
44938
44940
49030
44408
48719
49128
48793
49118
45218
45031
45218
45055
44516
45055
48529
45165
48761
45014
49260
44660
44660
44409
48588
44938
45055
44788
44491
45027
44481
48498
49145
49112
44788
48530
48529
45055
48608
48800
44613
44516
48498
48761
45014
48529
45055
49115
49118
48719
44788
45165
49112
44703
44408
48800
44788
441
44678
49225
45027
48530
44491
44432
48588
45055
48800
49260
44409
49118
45048
44516
44618
48793
49145
44678
45165
441
45027
48792
44938
45133
45133
48719
48793
44409
49139
44678
48793
44678
44613
49145
48588
44788
45218
49115
48719
48879
44408
49145
44948
45027
48529
48529
49030
44613
44678
44795
44491
48800
48719
44678
44551
49225
44409
48793
45163
44696
44678
45048
45027
49145
45031
49225
48707
49322
49128
44678
44517
49225
44795
48530
48793
49128
49145
44788
45048
44795
44438
49225
44696
48985
44716
44408
48985
48530
44716
44696
44491
48879
45048
48793
49145
44696
45133
49322
49359
48793
48692
48530
44678
45156
48793
45031
45031
44481
49145
48713
49260
49139
44618
45048
49359
44696
44408
44481
48530
48719
44696
49359
48793
45031
48707
48885
48985
45008
44788
48792
45210
48792
49139
45163
45048
49130
44716
44716
48786
44491
48985
44678
48719
44481
44948
44810
44810
44810
48793
48792
49139
48713
49359
44798
44716
45048
48793
49128
48530
48793
48793
44892
49129
48707
48985
44798
44795
49139
49139
49359
45210
48786
44696
44810
44615
128
48786
44438
45156
48985
44695
48793
49131
44716
44481
45163
44948
44695
48793
48793
48793
48785
44716
49130
49322
45133
49322
48879
48714
48707
49359
48793
44420
44615
45210
44716
45210
44795
48786
49324
45210
44795
44695
410
48793
44810
48879
44892
44798
44438
48793
45024
44798
48885
48692
44798
44613
44488
44716
44695
48813
44795
410
48786
44438
49359
48692
48785
44695
48900
48792
49129
48713
128
44615
44695
48714
48714
44694
48785
44795
48796
48796
49133
128
44892
44798
48900
44438
49133
48785
49129
49324
48657
410
48900
48792
44438
45156
48792
44555
44809
44809
48792
48885
48879
44795
44716
44714
45051
45051
49131
44714
48713
45156
44488
44795
44438
49131
44694
48882
44892
48900
48713
48785
44613
45039
48792
410
44693
49324
567
44809
44571
49130
45051
49133
48692
49131
48792
45042
44420
44488
48900
48692
44694
48796
48882
48792
48792
45156
44571
44809
44695
48900
48714
48796
49324
44695
48785
45051
44892
48692
44438
48704
44809
128
48792
48900
48647
48813
48900
48882
567
44420
44694
44602
45039
48900
48785
44488
44694
48714
44716
44615
44694
45041
48704
414
44793
44555
48657
44694
49314
48692
49133
45039
44571
45039
45136
44716
48900
44796
48714
414
45156
44714
130
44555
44571
48713
130
44694
48899
48704
414
48982
44602
44892
44420
48704
45042
49324
48882
48704
49135
44808
48704
44808
44571
44602
48813
44693
44694
414
48892
48882
44698
44796
48710
44694
44714
48982
49324
49184
49235
44615
49135
44631
48783
49153
44555
45041
48692
130
48892
44613
44631
45054
48900
49288
44692
48982
48647
45171
48704
45039
48657
48692
49153
45042
44529
44555
44891
48657
48813
48694
48647
44714
48885
44808
45024
130
48691
45045
44602
44693
48734
44615
44808
130
44693
45135
133
45135
48657
44692
48892
48704
44714
45045
44529
49314
48704
44892
48710
44698
44714
48734
45042
48882
130
48899
133
48704
44602
49184
44808
44796
44693
44692
44793
48704
44796
461
48783
45042
44555
45136
48783
48704
44555
44602
44714
49184
44631
411
48710
130
44698
48694
48882
44615
48882
45045
49235
44714
45171
48892
49288
461
48892
44692
48657
48882
48691
48892
44615
45059
48882
48882
48882
48981
48885
48899
44634
45197
44698
48698
45171
44555
44714
44891
49316
48882
44891
49235
48734
44714
48899
49337
44808
44714
44796
44555
411
49153
44891
49316
45184
48892
48981
48710
461
45242
48882
44529
48647
45059
48882
44602
121
44891
44602
48657
44698
121
48694
49288
48882
45045
45184
44763
48698
48646
392
48647
44529
44634
44534
44698
48882
44631
48734
45135
44529
44602
45135
111
48788
45054
49184
48783
45059
44602
48725
44714
49316
48647
48692
29757
48691
44808
29379
29757
29379
45197
392
48725
44690
48710
48892
29757
461
49259
48646
44529
44891
28202
38823
49316
29379
29757
44534
44891
44891
28202
111
48646
44891
28202
44634
38826
48647
44534
29379
48646
28228
48646
38823
44529
38848
29757
48710
29379
44891
45073
45242
49154
44555
29379
44714
49288
39152
48710
49235
48899
38848
38826
38826
38848
48710
44714
45054
392
48710
44555
29757
38848
29379
44763
44690
48619
49316
45197
44891
29757
39152
111
29757
39152
48691
48788
38445
49337
461
45059
44891
48734
48695
111
38826
48698
44808
48646
44534
38445
38826
570
44529
111
39152
38848
45197
45227
111
38826
38445
392
44529
29379
48646
49337
38965
49316
44602
39152
45184
38826
45169
29757
45079
27146
111
28202
45075
37115
570
48690
44891
38826
44891
48734
29757
29757
48624
29757
48624
39152
49154
44602
570
45075
29379
49292
45184
44534
29553
44529
29314
45079
48734
45227
45054
38965
49154
39152
45138
44714
38826
48690
28202
29757
44602
48788
45073
44534
44604
48734
48619
461
48646
48624
44891
39152
44891
27146
44534
29757
30300
45197
38826
30300
29314
45075
44602
49235
27146
37115
29741
44690
112
111
45242
48646
44555
44602
45073
27146
44763
28202
48734
29314
27057
111
44644
44555
29598
48710
29660
111
48624
570
49168
27146
45059
27146
29757
49259
29660
29741
399
49292
27146
44534
48727
45169
48695
29660
45079
45227
48906
399
45079
29660
27057
38965
38965
399
392
49168
27057
111
44602
30300
44529
48619
29598
44534
29660
44534
29660
39152
27057
44749
29741
29660
44604
48788
48624
29314
570
27146
27057
49337
49292
48624
48734
39152
27057
44529
30300
29757
44534
48725
38965
48710
112
49337
111
39152
29757
49337
29186
27381
39152
48906
44604
48690
29186
34274
39152
49168
48727
29660
29259
44534
29186
44534
399
44529
29757
570
29186
29314
38965
111
38965
44644
44604
570
44604
48619
399
27381
45169
118
38965
44690
399
27057
48695
37916
48734
28400
48624
30028
39152
45227
392
27146
27381
30028
48624
44534
45145
34274
29757
29186
44690
48857
45075
40019
29757
392
40090
29259
40019
37916
45169
44529
38965
30300
49168
112
44601
45242
40121
399
44555
48690
33619
44534
48690
44534
39904
27146
40019
40090
34274
44534
40121
40121
30300
33466
48619
27381
41187
49221
44608
40121
45075
29186
34274
28400
39904
44602
30300
49337
33466
38965
45186
27146
39152
29186
41331
48788
38965
27381
40019
45227
49292
29186
48857
48727
48617
33751
44555
27930
41331
41331
29757
30028
399
37916
44601
45094
38453
39152
27146
27146
41331
33619
44601
27146
27247
112
118
27146
29186
44555
45138
33619
118
44555
41331
34274
118
44644
27146
39152
45073
48619
27930
112
49337
27146
33751
27381
48727
33466
48727
41332
33466
41331
112
48695
28400
41137
41331
27381
48624
41332
38965
48619
49154
29209
29209
48624
33466
27381
48624
40121
27323
27146
45092
49221
118
41331
29186
33721
44604
392
112
29186
44555
49221
44608
38453
45145
48906
33751
33372
38453
34140
49182
27146
27247
48734
27381
49168
33721
29273
399
48619
48624
44749
41162
40243
49168
44529
41331
40121
40121
41091
28400
33619
45169
33751
39969
33610
27323
48734
118
41331
28222
44529
27146
44601
27146
392
27146
44555
48619
40243
44635
41197
40121
44555
41091
28222
45077
39969
48857
112
27146
40121
29186
39922
41162
45242
27381
39969
39929
118
39969
49176
48690
49168
39969
30028
32570
40186
49217
118
41162
45092
48619
44601
44601
44749
33372
29186
28564
29186
44749
40186
33751
40121
44607
39929
44601
33372
41197
27323
112
27381
392
38453
27322
112
40271
40121
29186
27323
45169
37806
33466
33619
49237
44555
32570
48619
41331
32570
48727
41331
33610
34140
40121
48623
40121
48857
48617
29273
48906
34274
44601
41091
45094
40121
250
31501
44635
48617
31167
27323
41091
112
44608
42400
30028
39929
399
44555
33372
45117
27322
41187
44555
41091
40271
49337
45169
42400
37806
37806
40186
28314
40186
34274
49182
41091
42400
42315
45186
30028
48623
28314
31501
48617
31461
37859
48788
40186
33372
44555
48857
30284
31461
41432
41091
34140
48734
464
39969
40243
48727
44601
40121
45094
40271
164
49327
41091
31471
42400
39922
41091
48857
44635
33372
45094
42315
39929
31540
40186
39929
34140
48623
38500
27323
30284
42230
40271
33372
40186
37859
44546
185
112
41432
41432
27322
31471
49217
37746
250
530
39205
48617
31167
28498
28314
42315
27441
27648
44645
41432
28314
112
31167
45092
469
27115
38500
44645
48617
45094
42230
40271
41188
27323
48623
48906
393
40290
164
501
44607
38346
30028
48857
184
49217
29255
185
39205
31501
34140
49176
34140
40271
38346
40271
31167
40271
44749
48637
37859
29255
49237
44607
37746
112
39922
49176
28498
40271
37859
41432
45094
40290
37859
40271
112
49336
44605
39929
32266
31471
32266
27648
44608
38346
38500
45094
49336
31501
27323
469
185
39205
530
27441
44645
45077
29194
42230
31501
511
28314
48906
393
42315
44605
49327
39929
48727
185
48617
45117
40271
48734
40187
40290
39929
41188
40271
48637
31540
469
40271
37859
250
31471
49176
31540
41432
41432
49168
27323
27323
31167
44749
38346
49182
164
250
41432
31495
45087
41481
112
41197
45094
44635
38346
31471
27648
474
49327
42230
31471
27121
41432
42315
31167
393
39929
48857
31540
530
40271
39951
511
41432
48637
41432
185
45092
39929
185
37746
27323
42230
38346
464
40271
48734
39929
49217
511
37746
44749
39951
27121
393
44605
44
45117
45094
31501
40271
48862
49336
44546
185
42230
44607
31501
41481
28314
42315
40187
41432
40271
45092
27441
38346
49180
37746
40271
27323
45085
44601
45117
41432
48617
185
45117
42400
42400
31540
44635
469
112
31495
45085
27441
40271
40271
40187
45085
39929
40271
41432
31167
48637
39661
473
39951
37746
184
42230
530
27123
44608
37746
32266
40290
48637
42315
27441
39929
31167
250
39929
511
469
49237
42230
27123
31471
31167
42315
40271
41432
184
40271
41481
41432
42230
48637
39868
31501
41432
44546
31167
39742
44605
40271
41432
49327
48617
42315
45117
474
49217
40271
32266
28936
40271
40187
45238
38318
40271
39951
28994
49336
28498
28936
37585
39205
39661
511
469
49189
44
42315
48906
164
45094
40271
39929
44546
511
49336
28994
27323
39868
37382
39215
49180
44546
530
40271
27121
44645
40290
40187
185
469
41443
39929
469
45092
45085
39215
31471
40271
27441
184
30286
185
27121
464
40271
39951
511
49336
37585
39163
44
31253
45117
27441
39868
40187
530
28936
39868
250
511
45117
28498
39742
44
30286
184
44607
49237
39742
40271
48727
31253
48906
39929
27123
40187
39788
39237
45249
40341
39868
39788
511
41443
469
49237
393
48857
44
44744
48637
530
49217
44546
27441
39163
28498
45085
45094
44607
44749
37382
44607
501
45087
49217
540
40271
40186
45110
250
48857
473
185
37382
49327
469
45131
44645
39788
27774
27123
325
464
39237
39742
49176
39163
40271
185
40271
540
39868
45117
48906
511
261
37585
44744
44600
38318
48857
185
250
28853
38318
464
28314
45099
31271
49180
39742
44546
39788
37382
473
184
469
39237
39163
44607
44608
501
44605
37382
41443
469
39742
187
49217
45131
185
28498
27648
501
185
48637
31167
39232
39868
28994
540
27441
28314
36
38318
44
28810
48906
49176
44
39788
27648
37382
39290
37382
184
27441
48637
40186
39290
48841
40186
464
48862
39266
39266
44645
261
185
45092
48857
49237
36
49237
29870
39163
44635
44605
250
31987
49179
540
540
28810
39239
40271
48637
317
48857
39922
250
49189
44605
44645
30133
37585
27123
464
39868
44607
39237
325
39237
44607
27774
473
187
184
38318
45117
28498
325
36
39742
44
501
45238
187
464
27774
27441
261
317
187
27774
28498
27595
44
48857
189
37945
317
39742
30203
37382
39232
49176
45238
36
250
37382
469
37120
48841
49180
38318
48841
27774
187
44608
464
31987
28871
39417
45094
30133
49217
44600
36
48857
36
39237
27223
44605
261
38318
39922
37945
27595
540
44605
317
509
44816
37382
250
37120
45249
261
45131
27774
39661
187
48906
48637
474
261
45131
473
39742
325
37585
44608
325
501
39742
39661
39892
37382
464
49179
39232
40167
48637
261
39857
39661
36
48637
31987
30133
187
27441
39232
44607
38318
36
28498
49180
48857
44
44607
44816
187
45112
39163
48862
27595
189
250
261
44738
49176
30133
36
27654
49217
36
44738
48857
27121
39742
184
44747
39742
530
39237
189
27648
27441
44605
45230
540
189
40167
28876
37945
48637
39661
45249
304
292
39922
187
38318
28766
317
38318
325
45112
317
509
501
27322
39892
40167
317
39417
44747
187
469
37945
189
45110
27441
44
28876
37945
261
39742
27864
39892
189
44816
27121
39922
49217
27648
36
27223
37382
44607
48637
27121
28887
49180
250
261
27223
187
44816
530
540
25
36
39417
48637
501
48857
27441
37945
28498
31987
28498
28766
48637
49189
39857
44608
45099
38933
189
189
45131
294
48862
36
250
39661
44600
44
48841
38318
45131
49179
509
40167
473
469
27648
44607
292
39661
39742
48857
25
49237
317
189
44816
37945
27223
49179
38933
292
37382
45110
294
11
49180
39099
36
49237
39163
11
39661
189
44738
44816
49199
27381
189
44816
37945
39892
38566
44747
473
49217
20
48637
27864
44738
44
28679
44608
11
189
27075
44816
39892
45112
292
37706
45131
294
28501
27121
304
153
27322
39742
45230
501
37413
474
25
39892
48857
28887
28679
44816
27075
45131
39742
27532
509
473
38267
9
39742
44747
49340
45110
48862
39892
189
27322
45249
44608
317
27121
45112
294
39892
39742
44816
28498
44816
37689
28498
48862
48857
11
44765
49199
44747
48841
38233
49179
39742
11
27441
191
317
48637
27441
44816
36
28222
39091
509
27381
317
501
20
189
44816
49217
44
39742
44
38566
48637
49180
38933
36
49237
48857
317
37
45131
44608
38848
473
38318
44
44765
44816
39788
44816
37340
48857
39892
44738
153
44765
49217
27115
28444
11
317
309
45230
38233
39656
27322
501
44816
27322
37689
37413
27
44
20
38267
49217
44659
292
44816
317
39742
48862
48637
39742
36
191
38409
509
49340
191
509
28501
20
27102
38566
27531
474
27115
44765
45110
49199
38992
294
48838
37340
37413
27115
28222
48857
44765
41431
509
49217
27490
294
44600
38933
36
44767
49340
38267
49237
45112
44816
49199
48862
45110
5
37706
45131
37221
27399
317
44765
27322
49192
38566
38992
45112
44816
45123
45131
49329
36
45230
28498
37211
37340
44737
44737
294
317
20
27441
473
28498
37307
38566
20
45131
501
474
191
20
45131
38346
45127
37689
27532
11
38267
48857
48838
49199
27115
41431
5
48862
193
48862
20
49217
509
28037
473
288
38412
48637
48857
191
27441
501
27501
38992
45147
37413
37969
49199
317
37221
49217
37945
606
509
191
44765
27441
49340
27043
49192
44765
20
37
20
39788
509
27399
49216
191
44767
49329
44816
473
288
27490
48857
303
37147
193
49217
37071
38537
309
48862
48857
27532
44737
37969
44816
38412
44737
191
44765
38346
501
5
153
38318
27508
45147
16
27490
44737
294
49340
45131
27399
37689
45127
20
45131
27
27093
48857
27501
45123
299
27508
44767
27532
44774
45231
44816
44765
5
49329
27490
27434
37689
49199
501
303
48862
318
37969
193
49192
37128
153
27501
48857
38419
473
44767
38770
193
37147
45131
509
20
45131
45123
37522
191
27043
37073
509
193
45127
501
49217
37
474
303
473
45131
48826
27532
191
44767
38318
28037
49344
49340
45127
37413
16
45147
48862
268
606
501
49192
45231
48827
48857
474
49329
45123
191
44774
27501
27522
193
44737
28511
44774
27490
606
38770
501
27532
193
193
45131
26968
27
299
474
37124
309
45131
318
754
45123
37522
501
27501
193
27532
27434
20
27508
49357
45127
48826
193
49340
606
45147
37532
509
288
28621
37091
48862
44774
27402
45231
37532
37071
49192
44767
38774
44737
37081
303
44774
27402
49344
288
1195
49212
48826
45131
37539
49357
27
193
193
970
38620
48862
45147
28621
45127
37124
45123
49357
45123
28511
37266
38629
268
45131
37
546
27427
309
36885
44735
546
45127
268
45267
606
44753
28621
26968
49216
474
20
473
995
38774
38642
28586
37563
303
49212
49344
27508
191
226
44735
48826
268
37522
27501
194
474
509
37091
1502
48827
268
28621
27503
44753
44774
606
296
49217
193
27402
44735
49212
49357
49357
37326
37539
970
27508
795
27508
26837
1195
27490
44773
26843
546
44753
44931
606
1195
18
37563
20
473
223
606
299
28627
44753
44760
37468
501
45147
48826
37532
48862
546
37554
37
37266
288
268
48827
27434
49021
44773
44735
194
995
606
49216
37522
49217
17
474
501
296
754
28621
28627
37433
44931
49216
27434
26853
27503
44773
1236
26824
226
49212
1195
13
28586
268
36863
1195
193
223
49216
38618
37091
546
26853
48850
26999
37000
38642
194
28621
263
26853
288
391
37468
501
37433
44760
508
44773
36888
1195
26843
44773
795
49321
300
38641
970
17
19
49217
223
37468
995
26860
754
494
795
236
36484
268
1236
38642
48826
38642
26954
26999
546
474
277
474
37326
1262
48822
27434
877
26826
501
26824
44773
38662
27434
37554
296
1195
296
754
26824
226
226
36997
194
611
1234
26837
223
1195
26837
13
995
300
611
1410
977
508
26847
48863
36484
236
108
36869
36486
546
795
795
19
26831
26824
277
271
263
1236
756
37330
108
26860
970
26824
546
1236
474
36511
26451
26954
226
1195
36591
27503
296
44773
300
38641
48822
37033
391
36986
1435
501
48863
797
36858
26865
479
26457
391
26823
391
877
26860
37031
48850
275
26450
1234
769
268
37265
26826
44760
49321
793
1410
501
226
508
300
546
26824
36997
26487
37265
37265
800
27503
977
37265
1234
268
36519
38641
1239
26455
474
555
26847
36977
919
36609
1209
508
271
194
13
793
48846
796
516
26559
800
26559
26455
790
26553
555
13
37330
37031
1435
882
26560
792
1237
226
26847
800
1237
300
796
474
1526
1233
700
26826
36986
501
296
273
26577
508
877
391
888
26959
793
26560
271
773
1237
888
26831
26457
1209
1114
36977
769
888
26451
1519
501
226
494
1519
37033
48850
756
1234
756
474
26959
26501
36969
479
26483
26959
36969
882
775
919
1233
1526
474
37043
36591
272
1435
26847
37265
1412
919
1519
773
26559
1210
769
26508
1214
36969
1210
36969
36607
756
36519
26577
36487
1519
775
1237
883
790
26487
1210
700
555
36534
736
773
919
883
1141
26502
26508
556
36609
36521
1328
775
272
26501
1210
773
1214
26575
26501
36534
556
775
26577
770
26508
792
775
845
1214
919
1114
474
26494
845
26547
1209
36591
494
1412
26494
882
36977
1417
26553
26553
552
1214
681
771
700
26563
1234
773
1527
771
26492
37031
36534
474
37043
36581
26563
1124
935
1122
775
924
26559
26588
36585
986
26501
1441
680
856
26547
549
1318
1114
1288
272
36585
1210
775
26559
765
1348
36534
26502
1422
736
1318
1209
37043
26483
882
36599
792
990
37043
26552
36617
26553
951
1417
1214
775
765
36599
36581
36968
989
1205
856
555
984
1347
773
681
1135
1038
26516
36581
771
26589
778
935
26517
26516
775
1298
26502
36521
935
1124
26559
780
1205
780
36532
1375
26545
26502
763
924
994
1422
36545
36535
1122
1485
36534
36613
1318
1214
951
1214
1422
1321
26962
36543
36548
1114
1321
36532
682
26962
26962
1216
901
26504
36613
26517
994
26585
778
1124
1132
1347
36617
26504
1348
1050
36618
1214
36558
989
717
36599
26516
26575
26581
1430
26572
1405
26511
680
1288
1173
1375
1298
26936
771
1429
717
990
1434
1041
2772
26585
36622
681
1429
36532
36622
26589
717
901
1485
1147
1488
36532
36534
26545
994
1173
26566
36618
994
1485
1005
1478
26552
944
981
1405
36575
36599
1204
36556
26589
26962
26585
26527
36532
1005
36966
1347
1104
26513
26526
26581
26936
1429
941
1434
36623
1204
1050
26572
1305
26962
1347
778
36545
26590
36533
994
36558
1422
26566
932
36535
26541
1405
717
1042
993
1170
36597
1041
26565
899
36558
1535
941
26962
865
36627
26516
944
1485
26513
26511
668
981
26527
1347
1448
26586
26589
26590
1429
1350
26521
36545
1477
1170
965
1377
1104
26581
1422
26595
36535
1405
26581
1122
36545
1429
932
994
1152
26526
1466
1037
36555
26527
941
26586
36535
1104
1164
26590
2772
1154
1469
36564
26910
36628
663
36572
1377
26572
1037
1405
26590
36572
1429
716
947
36543
1305
1456
36569
1477
909
965
1305
26565
1157
993
36623
1021
2115
26537
26586
899
26522
932
1350
26538
26590
36809
1164
1021
1042
26566
1468
1477
36545
26522
1037
1152
26524
710
26524
26541
36544
716
1305
711
36572
26587
26595
26565
26543
36543
2114
36544
36610
36582
26537
981
1377
26519
981
865
36604
36583
26591
26511
932
1312
36756
26586
1016
663
1468
26565
1108
2779
947
1535
36628
2115
36788
1045
1163
668
1104
36564
1466
1431
36543
965
1034
1016
1034
1403
993
36809
1377
36597
1021
909
36552
26532
1021
1386
721
26540
1334
26537
26538
26591
668
1105
1037
26934
1163
2115
1034
965
26587
865
26519
36943
894
1305
1166
36582
1334
36535
36564
26934
1418
1034
993
1037
26540
36943
1418
26521
36805
36582
978
2114
2779
1105
667
2772
1334
1431
36543
1403
1016
26521
26587
26519
1377
1466
26781
36555
1016
26777
1394
26519
721
26532
2779
26910
658
26522
36553
1386
925
1304
2115
2839
664
2106
991
26538
664
36552
26540
26537
26520
26550
26522
844
36582
664
1163
26538
26578
1418
2814
844
36552
36564
26781
894
36757
2098
1166
36814
727
26524
36610
36814
26540
1166
36610
26910
26550
36563
1293
26719
26540
26777
26540
667
26521
26719
2779
36756
36943
1018
36563
1105
26777
2772
36757
659
26781
26520
2708
1027
36610
36552
36806
1334
26519
26717
26911
1168
26537
2796
26531
26723
978
36749
26773
2397
2792
1105
1088
2839
36552
26725
1418
1019
1293
2840
1997
663
664
2814
1394
1168
1537
36564
2165
865
654
2165
36753
26910
2661
26529
36921
655
641
36553
614
2098
36810
1088
1304
36811
2034
26529
26578
36564
2708
663
1304
36551
26578
26756
36921
647
2796
36610
1071
2034
26782
2034
36852
26911
26520
36852
26717
2778
26778
26718
2661
36563
36811
659
1418
26735
26717
1018
36563
2708
36815
2098
2792
26531
36958
2106
654
2775
36749
26773
2408
2072
2128
36563
2394
36800
654
26768
655
36956
26531
1731
2708
36814
36551
36610
26723
1109
614
1731
1088
614
663
36796
1055
1537
1394
36811
26762
2165
653
1719
36800
26908
36563
26774
2762
26782
2807
2098
1304
659
655
26735
36749
2098
851
36921
26718
2708
1071
36779
26733
26746
2397
26721
36610
26768
26529
26896
36749
2775
36852
36815
26735
36793
641
2708
1293
663
2087
36749
26753
26788
1018
26778
2694
36815
1165
653
659
2394
36921
36958
2708
2708
2057
26717
2087
2775
651
2040
663
1087
2072
2167
36563
26733
26782
36921
1165
651
659
2106
1304
36800
36920
26908
26774
26896
36749
26805
614
36920
2762
2408
26746
2661
26762
851
2720
26788
2167
2128
26817
2402
2087
1304
26768
2410
1071
36766
1098
26980
36816
26928
26805
851
851
36778
2057
36749
2775
1055
26774
36773
26782
1394
2708
1055
1719
26778
36812
26793
36766
26788
2106
36778
2733
36796
26753
2132
630
26908
26914
2128
26733
36800
26767
2401
26982
36800
2762
630
1585
26746
36779
2775
2407
26928
36778
2762
26783
2734
2408
1098
26817
26747
36849
1076
26749
1730
630
2400
36816
2400
2784
26805
1722
26805
2708
26984
1659
2708
2720
36745
36751
614
26889
2817
26982
1722
26727
2733
2629
1725
2107
2629
2028
26980
36751
36778
36771
2167
2734
26739
36793
2031
36803
26742
26793
2072
26713
2087
2140
1918
26788
26914
2807
2757
26739
26984
1585
1727
36751
26988
1303
26712
26749
36734
36803
2410
37022
2063
36744
1304
1722
26793
26928
26739
36796
26764
26889
2629
36778
2263
26984
861
36933
26990
36719
36745
2093
2031
2132
26914
2407
36803
36734
36745
26727
2734
1650
26742
2169
1981
36749
26741
2677
1725
26767
641
26770
26727
2410
26742
1730
2359
26710
1727
37022
2325
25249
1982
1727
26793
2762
36759
26713
36803
2837
1585
630
2703
2769
36759
2668
2763
1055
26741
36652
1918
36913
1076
26767
2157
26698
36910
2400
2734
2329
1648
26749
1650
630
26889
2817
26625
26627
2263
1650
26770
26737
2402
2763
2837
2668
36771
2784
1953
36779
2028
26881
26784
26709
36689
36803
26807
36689
36820
26749
2082
26714
26764
36741
36744
36910
26767
36779
36719
1730
2738
36799
26709
2122
36771
24733
36719
26749
26714
26770
2769
1948
1688
2063
26764
2763
26638
26770
26803
861
26784
26767
26764
26764
2157
2843
36660
2157
26807
614
26803
2157
2677
2001
2001
24741
36803
35281
26714
2831
36500
2359
1981
2837
1981
25249
26698
26807
36933
36689
26770
36660
2325
1643
26701
2321
36779
2252
26881
1688
26625
36650
2797
1924
26770
36799
2440
26881
2738
2618
1995
2668
26629
2252
2093
36771
36652
1059
26770
2668
26749
36654
26770
617
26764
26803
620
36799
1643
25249
36759
26017
2001
36741
2676
26770
26770
26807
26701
36848
26807
36933
26617
2157
2797
36650
1937
36803
35281
2251
26770
36933
2674
26814
26770
26633
26814
35460
26661
2093
2738
2162
26764
2001
25419
26388
36759
36779
2122
25429
34766
36820
36933
35461
24741
2618
1437
36742
1924
2738
26619
24741
36820
26770
26759
36500
26807
36742
35460
34766
26701
1995
2769
26617
2797
36654
26701
36658
26388
1659
2668
26770
34773
37057
36771
2867
36711
25987
26759
2162
26260
2440
37050
26654
2423
2001
26018
36780
24735
26759
36779
2429
1058
620
36654
36700
25252
26260
26871
36933
25428
26807
26654
26749
26814
26759
36656
25429
617
37057
26903
26388
26699
34765
36655
36848
36827
36827
25987
26018
35461
2001
26770
2093
36434
2738
34773
26903
25419
2769
24350
26759
2613
36434
36848
2750
26770
36700
1995
26609
26427
26018
25421
26260
1437
26260
2618
36713
36827
37050
2676
24741
26680
1743
25981
36909
2001
26759
1575
26126
34729
35453
26427
26759
1743
36780
25418
26126
35284
24700
26385
26126
36444
26759
26654
34767
24700
37057
36015
36779
26126
2083
24481
26157
26018
24693
36779
1733
36827
36671
2622
36671
36673
36698
1932
35453
24740
35460
2162
24699
34729
1575
26803
27028
25419
26260
36823
25418
26427
26903
36835
2438
36827
37060
2001
26803
26157
36021
36848
35460
36673
26903
2861
34767
2867
36702
34729
1058
36698
36419
36680
36673
25981
2750
26882
35451
26427
25252
36769
24735
1932
26882
2423
36673
35284
2622
25966
26882
1932
36468
2769
1753
34382
36476
26157
36823
2083
26018
25252
25981
2190
1545
35451
26759
2252
25963
25418
1741
26803
36769
25421
36419
36700
2615
27026
24350
36675
2613
2914
35453
26903
26882
2192
25428
26871
36827
36823
25963
26803
2861
24740
2423
26882
24491
2429
26157
26431
26903
36444
36013
26375
35461
34929
25418
36463
25885
25419
25252
1545
34518
36635
36827
36015
36835
36419
35451
36827
36847
2867
26903
1932
26388
36846
26445
36827
36844
36829
36698
25418
2190
25963
2417
36698
26903
25966
36675
35458
24331
26385
24699
26155
25963
35927
27026
25963
2615
36702
35986
2914
36702
36827
2190
24491
36029
25885
25418
25474
36842
25252
24481
1753
1437
24700
2423
35284
35448
2867
24346
25474
34364
2622
34929
35461
25429
1545
2083
35458
1932
25429
36818
36635
36451
26233
36468
34518
26247
25981
2861
26126
35986
35461
25963
26445
2615
36829
26247
26247
2192
25252
26115
34513
26157
26388
36264
35458
2411
2215
26434
2354
26157
36818
2423
36844
26385
25966
36271
34731
35928
26115
36159
26247
34368
36634
36451
1741
35458
25966
26247
35451
24699
2438
34372
36634
24353
35451
36829
36829
24897
1753
35280
2863
36829
26236
2217
24804
24804
34731
35461
25014
36280
34980
36631
24472
26155
36702
2867
2607
36004
36004
26200
25419
24740
25963
2314
34929
36702
24331
36451
1676
35280
24331
26417
25997
35993
24333
25963
1753
25014
36634
35458
35912
26115
2914
25923
35451
1741
26247
36267
36829
36002
25997
26115
2215
26017
25429
36280
34518
34980
1931
36829
36426
35998
24482
2861
35458
24481
26417
1676
34368
25959
2355
26017
34361
36832
26115
25014
25474
26108
26247
36634
24353
35451
1773
34929
36271
34368
36634
24460
24897
2217
25416
26119
34996
24804
35448
34980
36269
26018
1773
34372
36818
26108
24353
24347
35958
25959
24347
34725
25963
34518
36829
1922
36173
2914
24487
2890
25871
36001
26237
24346
36842
35998
26417
25474
1741
35047
36832
2607
2314
34378
36640
34725
26108
26115
26115
25958
24651
36280
1773
36490
26017
26108
34724
36832
25014
35458
2861
26007
35458
24481
2890
26115
25958
26115
2215
25923
26417
36193
1773
35958
25014
24651
36829
36832
36232
26115
36833
36833
25025
24472
25923
24938
35973
35973
26058
1773
35047
24492
25923
36451
26017
35049
34361
36271
26162
26108
36046
36268
25997
35482
35047
24877
35990
2314
34375
1623
26161
36818
1931
34524
34524
24883
25416
36640
36165
36832
2361
26162
34494
1773
24353
2347
35047
24877
35458
34513
2361
36105
24331
34996
25260
34980
34524
25450
36193
36451
26161
24651
2355
26244
24460
34384
36832
2890
24482
35974
36046
35458
36165
36194
26237
36073
34725
36046
24346
26244
26017
25260
34754
24883
26108
24331
24740
36451
36153
35973
2302
36232
25014
35719
36096
26108
26244
1669
36490
1677
34985
26058
24938
34983
36165
24481
24487
35049
1689
36832
26042
26131
24482
34724
26119
34361
26058
36490
36035
25260
35458
26200
35047
25014
26060
25466
26244
35482
36046
24938
1623
36157
35047
36258
24883
36832
1689
34909
34983
24329
26133
36132
34971
36212
36258
26417
26244
24482
26244
36490
26200
26002
26119
34996
24651
26244
36153
25416
36039
34909
24351
36150
24877
1669
36032
25260
24883
1553
26009
24651
36073
1655
34494
34513
25025
26009
26141
24472
26013
1930
35312
35458
24877
35974
24481
2879
34524
25466
34971
26119
36041
24953
24892
26244
26119
35719
36212
34361
26318
34519
34754
36165
1617
34384
24346
26136
26244
26058
34983
26244
24460
35312
24888
26244
24883
36035
34724
36046
26119
35312
26205
35458
24651
24481
34494
35049
36073
25450
26244
2879
34909
25283
26028
2334
1655
26178
34910
25279
36041
26244
34909
35889
24482
36153
36490
34983
24914
24472
24482
34494
34922
35719
2583
26007
25260
36340
2302
36057
36157
26244
24472
34985
36057
25416
36096
24651
24914
24651
25279
24353
24648
25259
34754
34910
34909
24883
2348
36157
26013
26108
26178
36490
24953
2368
34904
26061
36030
26002
26108
36153
36153
24889
35977
35306
24460
36150
36132
24648
24971
35719
36096
1930
36032
24351
25848
26244
36035
24953
34724
34971
34910
34519
34494
25466
25279
35880
26059
35889
24356
36181
1670
2334
35306
36153
26119
35977
24865
34724
26155
35840
26009
26178
26119
24865
34737
26141
34683
24873
36092
36298
36096
2295
2295
35977
35312
36153
35879
2348
25283
34494
26013
25259
36057
24651
35841
24481
24472
24460
24630
24721
26108
35719
36221
35003
34519
26028
2348
26028
34748
1617
26119
26061
24472
24868
26155
35773
34903
2334
24868
26265
24953
25830
34910
25274
25279
24849
24472
26108
26179
34684
26061
25206
35307
24727
34909
35879
34684
34683
34909
36292
1690
25843
36132
34754
1665
35310
25279
25274
34922
26061
26061
26009
36153
34683
26165
35773
24630
1547
25749
24647
26205
36211
2357
26318
25273
36188
35880
35969
35841
35977
35969
1930
26119
26108
36292
36153
25848
26108
36236
36030
26067
26318
34683
35330
26263
34724
26100
24865
35307
24644
26205
25680
35862
34903
24968
25259
26100
25284
24460
26309
35977
36221
25466
25466
36338
25586
34748
34904
26263
24473
25749
24727
24647
26205
35719
26155
35879
26294
24717
25830
25680
26263
25273
2295
36181
26166
2348
2342
34684
26205
35000
34683
26264
24460
24327
36365
36188
34494
1665
36188
25854
24460
1670
35003
26166
35780
36132
25546
26028
34737
24851
34683
25805
25259
25855
25363
25466
34922
34503
25809
24644
25805
26205
24460
24630
24473
24705
34760
24480
25831
26149
24835
26309
24460
2342
34683
36236
35307
36338
25854
36181
24865
35310
36292
34888
25284
34684
25809
26100
24647
35872
24830
35618
34841
24763
34667
26155
25843
24979
24647
36292
24480
34510
26149
24644
1615
25283
24476
36221
35302
1916
34903
25832
35862
25546
24490
26183
24849
26255
35875
26170
36338
1672
35701
36358
24495
35330
25586
34768
24629
35773
35869
25809
24634
35892
34683
34684
26255
34520
36188
24646
24634
25831
26264
35308
36381
26183
25650
26342
25650
26170
34503
25363
35977
1613
34888
36207
26167
34526
35883
24646
25671
36286
26264
1615
35862
35618
24327
25273
26342
35302
35330
24705
24763
34494
35618
26149
36302
26342
34664
25586
34510
34683
36330
25546
34748
35892
26149
34667
25840
34492
25582
34768
36318
34748
24727
34514
24851
25709
24441
34526
24495
35723
35701
35616
34517
34517
35618
34862
26149
25273
34516
1672
25650
25832
34898
2591
35308
35825
36188
25546
24322
26149
34905
25832
34664
2896
24501
24646
34492
36302
24629
24716
24765
26352
25840
35620
25294
36181
26149
26342
34664
35723
24501
26167
34769
36207
34468
24737
35883
24327
25671
36204
34667
26170
36204
26300
34674
26149
35825
2485
34492
34898
34680
2350
25839
24763
26183
24322
34533
36377
25840
35616
36130
25832
24322
25582
26218
25832
2293
24625
1672
25650
36302
34529
24625
1916
35620
25709
34862
36181
34674
26149
24327
35824
24322
26173
34888
26352
26173
26173
26149
36204
36358
36302
24417
24417
25832
24737
34535
34760
35017
35616
36358
34474
24322
25839
24436
35616
35616
35636
25459
24765
34355
35620
25559
35858
25709
25076
25597
34741
26149
24625
36204
25597
34533
35294
36204
1915
2350
36385
24625
34674
24436
36130
34769
34739
34748
34452
25709
26167
36358
26271
36335
24625
25559
34536
35616
26218
2895
26321
26218
26275
26321
35858
25698
34474
25709
24716
26173
34760
36296
35858
25673
34677
24737
35616
25832
24417
36377
34474
25597
24749
24436
25802
36204
34670
25597
34533
25295
25047
25272
26321
36303
35858
26340
24625
34474
2350
25841
34474
24399
36303
25571
34674
25047
25802
35752
25673
34874
34474
35823
26218
26218
35752
36204
25459
36130
35513
26321
34678
34435
24501
25571
24610
24501
35595
36303
36302
24399
36204
2483
2591
36301
36370
34474
25708
34788
36335
26271
25841
35595
35494
25802
26340
35595
36370
25571
34741
2291
34435
36303
35820
34536
24612
26340
26321
36370
35672
25792
35636
26340
25698
36303
26347
26353
35752
25708
36204
25295
36335
34748
36335
26347
34670
25792
24763
24761
25575
25457
34435
36121
36309
35752
25409
34562
25076
1897
34452
26353
34677
36296
35332
1806
25698
36121
26347
24501
25300
36370
35332
34562
25698
2483
34461
25827
26347
36302
34538
24749
34461
25575
1806
35595
2483
25575
26321
26321
26326
36370
24664
25479
26340
34435
36303
25528
25047
25047
25698
25728
36370
25479
35595
34820
36370
34670
25409
25698
25272
35105
26340
36370
35588
36363
36301
26336
26347
34538
26321
35595
34435
35595
24665
24612
1915
34452
25788
36299
35793
25295
36121
25048
1915
36380
35595
25409
2484
34788
36370
34562
25610
24505
1915
35353
35672
24612
34817
35595
26336
35595
34452
26336
35490
25728
36363
35334
35595
2485
35109
24795
24505
36335
35079
35513
25785
36363
25698
35849
25077
24507
34452
26336
34648
25785
36301
35332
25698
36368
25827
26336
25610
24747
35647
25528
2288
24510
24747
36313
35793
25728
26336
34824
34817
36368
34452
34648
25295
25785
25700
24368
1609
35115
1915
34820
25815
25054
34718
24688
2572
24761
35588
34557
25610
36303
26336
1895
36368
25700
25785
35588
36368
34824
35647
25615
36380
36380
24686
35109
34452
24605
35079
25520
36368
24617
25700
24510
24537
35595
1790
26278
25075
35109
26336
2484
25520
1790
36120
2587
25679
35084
24368
34557
34648
1552
34648
24504
24795
35647
36368
2572
25077
34707
2655
35648
24772
24599
34707
25610
25825
34803
36134
24686
36134
34579
2572
34654
35842
25825
34557
25821
25679
25295
36134
25520
35793
34723
34435
24772
2655
25700
34824
24617
24370
36313
36123
24676
1790
25815
24710
24510
35109
1552
34723
25700
34707
1911
36134
25520
25825
25825
25520
34804
24688
35648
36313
25054
35143
34557
36134
26278
35657
25821
2468
24529
35647
35647
25615
1977
36134
25810
34707
34817
35849
25054
34579
2651
1911
25520
35084
35129
24457
34556
24747
25620
25615
1911
25825
36123
24617
25340
35647
25340
34583
26359
35143
35348
24457
25620
25810
35647
34583
25321
35647
25097
24537
36116
34654
35129
25810
1911
2566
34817
34817
2468
24537
34707
35083
24674
25615
24547
24529
35798
25094
25067
34707
34654
25321
35143
25615
35121
36392
25054
26359
35855
25093
2926
1890
35647
35110
25620
35084
35657
25340
24742
35657
34648
1790
24710
35899
26359
35657
25520
34654
25868
24670
24537
2926
35084
24674
35647
25810
34579
24525
24674
25097
35647
25810
34593
25868
25067
35855
34707
25520
35096
25810
35855
25054
34707
35652
1801
35130
25442
24574
25112
35798
24674
34593
35125
25868
34817
25340
2468
24552
35652
25502
35372
35121
1801
25093
24742
24537
34648
25102
25725
25810
35148
2566
35855
24659
35348
24525
35755
25067
36116
25442
25810
24547
35478
35574
25868
25868
36392
24552
24574
35652
25326
2941
24547
35347
3517
25868
35096
24797
24659
2941
24357
34707
24659
35130
35802
34744
24549
25767
2171
24797
24552
35347
25502
34744
34654
1825
25067
35121
1540
24552
2468
25057
25102
25054
34605
1825
35087
34813
34605
24544
25442
24552
25067
25868
25725
24525
35899
3164
3501
2501
24659
35096
2468
25725
24798
34813
35802
34605
36386
35802
24571
25326
25372
25372
35899
2501
34813
35478
25767
35802
34813
25772
34813
24659
34605
35096
24559
35802
24659
2579
34593
34621
24549
34813
1792
3243
3164
34593
3164
1702
24682
1824
34605
3141
24571
24568
25067
25067
34605
2482
24559
3177
24578
35478
1898
35390
24685
3239
24659
2501
35471
35390
24559
25056
25372
34604
25772
34549
1702
24571
3243
3141
24568
34744
24568
24549
2501
2501
3164
25057
24659
34602
3238
3077
34621
24570
24798
3243
34813
3238
24685
34602
2480
1820
35478
1824
2951
36386
24555
24547
24553
34604
34605
24798
2645
35087
1820
2645
34551
1795
24578
2944
24685
25372
3239
35390
25314
1780
3243
1965
35471
34813
34553
34604
2579
1702
25326
35478
2266
2266
2640
25056
1702
1831
1702
2951
24575
3077
2647
25314
2640
24685
1883
1831
35088
24570
25056
35117
1792
24571
2952
2944
24571
24553
2579
1702
24682
25314
35478
34604
25330
34602
34813
1831
1965
2984
2640
34553
1831
1831
1780
24578
1831
24578
24555
3250
34604
3460
3238
24570
2647
35088
3449
24555
35478
2264
2567
2645
2525
24555
1793
1702
34622
1831
2264
1702
2906
24685
1831
34605
2525
24570
3434
34551
2578
34604
3132
34604
34686
1831
2240
34604
34604
1792
2984
2266
1883
1702
34602
1702
24578
1780
2266
34551
2640
34604
2525
34605
1594
2525
1845
2264
35117
3203
3203
24560
34549
24570
1630
24575
24570
24565
35478
25330
24565
1780
1780
24555
24575
24578
2984
34622
2640
24578
1594
24570
2240
2906
2238
35117
2228
1831
1593
34622
34553
2264
35358
24589
1630
2266
1630
2264
24560
34605
3144
24578
2264
34622
1593
1594
2640
3464
2264
24565
24560
34686
34622
3132
35077
34622
34624
35358
35117
3434
24589
34686
34553
3203
2240
1836
24589
24589
2238
34611
24580
24580
2640
2906
2578
2266
24519
2264
3126
1845
2650
1644
2240
24585
24585
2906
1594
2901
34624
35358
3156
3002
2228
2580
3199
2272
34620
2567
1782
3449
35117
34611
1876
2457
1782
35077
34620
24584
2515
1626
2580
1630
1594
2272
24519
1793
3464
2905
24589
34611
1792
24589
1644
1594
2454
35077
1775
2228
2906
1883
1644
1593
2303
24584
2567
1782
2457
2984
35358
1793
24591
2901
2906
2458
1876
3144
35358
35358
24519
2580
2240
2905
2238
2272
34620
24588
1782
1626
3020
24519
3199
1876
2580
2272
3156
2901
24588
1632
1626
1775
1632
2643
24591
2246
1775
24519
2454
2458
2310
3126
2310
1597
2240
2305
2305
2905
3005
2273
1876
1626
1884
3380
2515
1883
3069
1625
2310
2323
2272
3171
3028
1783
3126
2273
2650
24588
2901
1775
2901
1625
1632
1626
1562
2559
2246
2310
2580
2466
1626
1625
2901
1626
3069
2246
2273
3022
1626
2643
2273
2901
2323
2272
2323
3380
2458
2963
2643
1793
2462
1597
2458
3028
2466
1843
2559
3126
2323
2466
1632
3022
2323
2466
1783
1597
1597
3297
1843
2963
2466
2518
2963
2901
3171
1597
1783
2458
3047
1597
2650
2901
2512
2543
1775
1562
1843
3047
3042
1608
2246
3042
2243
1597
1597
2901
2466
2462
2901
3408
3037
2466
3415
1562
1872
2515
3028
1608
3055
1562
1608
2518
3008
2243
1843
1608
1881
3005
3028
1884
2518
1841
3486
1841
3307
2243
3398
3297
2246
2901
3408
2518
3171
1841
2512
3008
1841
1872
2549
3042
2518
3042
2956
3415
3719
3037
3005
2901
2518
2901
2518
3028
3048
1868
1874
3486
3048
1884
3267
3028
1868
3375
3007
3719
2549
3055
3011
3012
3307
2543
3375
3037
3007
3307
3415
2901
3375
3055
2932
3042
3567
3011
2956
3012
3581
2956
3402
3486
3581
3617
2956
3375
3037
3055
3584
3042
3267
3007
3336
3584
3307
3617
3375
2542
3728
2542
3689
3398
3377
3311
3336
3055
3311
3015
3728
3011
3055
3055
3262
3689
3398
3455
3051
3262
2970
7197
2956
2545
3617
3557
3402
3015
3567
3415
3455
3624
2972
7220
3051
2545
7220
3597
7196
3051
2970
7215
3281
3336
3584
3281
4458
7220
3432
3597
3262
3336
3624
3712
17520
3041
7196
6718
3391
3442
3051
3683
4458
7220
3624
6718
3267
3584
4458
17520
3712
7196
3398
3281
3360
7215
3353
4126
3444
3281
8408
3013
3261
3363
3040
7197
3041
18650
3712
3717
3432
17003
7197
3353
3391
7220
6718
3683
3444
17520
3360
7196
18650
8388
7202
3442
17003
3444
6036
4405
3281
3344
3363
3261
3051
3353
4458
7229
17003
4458
2930
3326
4458
6718
4405
2930
3040
6718
7197
6036
3363
3261
3444
3569
6036
8471
8415
17520
4405
3695
17003
8388
3350
3346
17003
6111
3686
3344
3442
3695
16919
17819
17347
8471
2930
2930
17003
3569
16227
3442
4460
3346
6111
4405
4460
8415
6036
17397
6718
7706
4458
3621
3654
7706
7299
17805
3695
4378
17805
3346
18056
3346
7706
17805
4317
3621
14668
4460
3695
9934
13830
6111
6036
16226
17347
6111
4307
3654
3442
6036
16919
16226
7599
17805
13830
3654
3641
16227
9934
13836
4317
7432
17397
7706
18056
7481
3641
17805
17805
13830
4378
3640
17379
17427
17819
17819
4591
7599
4307
17780
4377
3641
3640
6034
4317
7706
4591
14484
17780
16227
18131
9934
17425
7961
17444
4307
4409
3654
14484
16226
14958
16226
7961
4479
14704
17780
14326
4409
14666
4409
14666
4479
14666
4377
17780
14699
4377
14704
9934
10399
8046
4591
14585
24002
14666
10399
7432
24002
19253
4591
9004
6677
13836
16302
3791
16227
4479
14681
8046
14699
3791
13830
9934
14958
16302
9872
17444
24002
19253
14623
4479
7738
6770
9872
7481
18321
16302
6225
9934
20644
14699
14678
9872
9712
9004
10399
4479
4479
9934
24024
6476
16307
3791
24002
6225
16302
14699
4952
14421
4479
9872
14958
9872
19603
14421
9934
3791
4479
14713
7738
13457
14697
15331
19603
18716
4479
19603
4952
14623
9872
20644
4479
18634
24002
14421
15908
6677
14958
4952
16307
24002
15908
3791
19603
4479
14623
20644
6649
9934
20593
9712
9872
4952
4484
4484
12168
3791
20081
22347
24024
9872
10007
18634
3831
14702
13457
15908
6225
14697
15908
14623
22347
18634
15908
4484
3831
16307
4952
3791
4477
3831
18716
17622
18716
4465
12168
9662
3857
9934
15908
20590
14838
14713
20081
14697
4484
3831
3831
19603
24114
4006
4477
4006
14673
4501
13203
20655
3791
23179
16639
20003
4477
9712
14697
4006
3791
5886
22366
18634
9419
14623
20081
6739
3831
3884
3831
14697
9571
16730
14838
4477
4484
5886
9662
4477
3884
16639
4484
20590
9712
3857
4501
17493
10007
20003
14838
14697
4484
18716
20590
4413
9419
9640
22366
4484
20655
14673
4484
3857
9556
9846
24114
4484
4501
14701
14702
20003
4477
19854
14621
4484
16730
17180
4477
18716
9419
20590
9640
24002
24114
4484
20655
7410
16668
4484
4477
4413
24114
9419
6987
16668
14685
9571
9556
14697
24024
24114
20590
23391
4477
15099
18847
20590
14711
19854
18847
10007
10007
9846
14054
9826
15294
4477
19714
14702
12582
22991
9571
15294
20375
14701
6645
4482
16823
4465
19854
23179
17493
9640
20590
6987
4006
9419
19714
4465
4412
4482
19854
4482
4482
8693
20540
4961
3949
4498
20375
14690
14211
6955
4477
20590
9826
15935
6251
16823
15284
15935
15284
9419
20590
9419
14701
20590
23391
22991
14684
14711
9619
19714
15284
7410
14054
4498
14711
4465
9846
4465
23155
17136
4412
9826
14673
4961
23189
4961
20540
6955
20540
9419
4498
4961
15935
9419
14690
14690
9826
4498
5581
23179
4482
6019
23072
4476
19854
9846
6251
12582
22991
14690
17136
19664
10041
15284
10231
4412
19854
8693
9419
4482
14673
19664
4961
14690
4498
22232
16435
19620
10211
23189
14701
4482
3949
20375
20266
4412
14690
15935
4482
10651
14673
8693
17591
5230
13290
19620
4465
6019
7410
9472
23179
23072
4961
9472
4476
4996
14701
20540
14673
6251
20266
10041
14684
15775
22232
4412
6251
21941
14684
23072
21941
17591
14690
10211
19886
5230
23208
16435
10943
23208
15265
19854
14700
10943
20540
13290
5581
22232
23072
14690
10303
21764
9757
14690
14690
7410
19620
4481
14684
15208
14684
21764
21127
16435
14690
15208
15276
21941
4492
20540
10347
10173
20266
10303
4465
6253
10651
4476
9449
23466
4476
7410
9757
11137
6253
10173
6251
21764
14690
4492
19886
10173
5526
10303
16138
15208
10347
5315
4492
4412
6251
10303
16434
13290
16138
3949
4481
19886
17591
6253
4492
23072
4492
19886
14689
21127
14673
10347
10303
19627
16138
9764
15265
15775
3949
22610
6029
23466
23179
6029
10347
16432
14689
6251
9449
15208
14700
9764
17560
15276
6250
23236
19627
19886
17083
9764
16138
4492
5526
13290
6253
11137
15265
17204
14689
10084
4492
23274
4492
4481
23236
4977
21127
16138
16284
5708
19886
9449
23464
4481
21300
6132
6251
15276
4481
5708
16138
16434
16434
6029
4977
8723
5708
14689
6029
6246
5912
17560
14689
8723
4492
14034
19942
22610
14689
9449
16434
13290
16120
6250
20308
4481
19942
16138
6918
22211
10192
6052
16138
16284
4492
6029
4481
16138
6918
4481
21300
16284
16120
19935
5708
6029
6250
16284
23236
14689
16432
23274
4492
6250
6132
8723
11412
5708
16138
5912
3949
14611
14689
5708
6029
16138
5912
4446
6029
4446
16120
8723
22516
6250
14689
6246
15626
18926
6250
14689
16434
5062
11412
5708
4481
14654
14611
4446
16138
16284
6250
6242
16284
6029
23056
8723
5708
14611
16432
16138
6250
4547
4977
6029
15626
16284
4446
14661
5062
18746
4446
24315
6250
14611
8723
5062
24315
22724
16138
17287
15626
6864
14654
12547
22516
16433
6242
16432
6881
6029
6250
4439
6029
6242
17287
16432
6052
14611
24319
6242
23040
16284
22724
16433
6864
16433
4446
23056
24319
6029
6132
6132
23056
17599
23040
6864
16432
6242
16284
24319
6155
4453
6221
14611
24315
14611
14661
6029
4453
12547
22724
22516
24319
6864
17041
4453
16433
16433
24315
17056
16345
17599
6242
24314
6843
4453
6221
6029
6155
16433
4439
12835
4394
6221
16345
16433
16433
22516
4453
22516
24314
23119
6052
4394
14649
14634
4439
16365
24314
16345
4439
17041
6132
4453
4547
12552
6231
14634
6242
4453
16365
22724
16433
4394
6155
4439
6242
24314
24312
17056
4453
22516
6231
14649
3895
4453
14602
14103
24312
6221
23056
16433
24314
24312
6155
23014
12552
4453
4453
16356
14634
6183
17599
6217
23014
4439
6177
24277
24312
14602
14634
24312
6864
14602
6155
16356
12835
4394
6234
16419
24277
24312
6183
14634
23014
4427
6234
4394
16371
16371
6177
14649
4394
6864
23056
17599
6177
4421
16398
16144
16419
16419
12840
14602
16419
14103
24312
3895
23119
6213
4421
22728
16347
12552
24312
6234
6217
6217
23014
24277
23016
16419
6213
16420
16419
16347
23014
6235
16398
12552
4427
3788
12840
14117
5714
16419
4421
16144
4421
8625
16398
6213
16367
3788
6235
6167
16358
4421
16420
6213
4421
6167
14117
6178
8625
6178
4427
16144
6217
22728
23016
6167
16347
22728
16420
5714
6178
6213
16419
3788
23016
12990
24277
14117
14735
6213
16144
3788
12990
6178
8625
12990
16358
16144
14735
6167
4421
5806
6213
14117
22728
5714
5806
16358
16347
12990
6178
14735
6167
4524
6178
8625
16367
16325
15922
14735
15922
3788
16367
5806
16367
6135
14757
4524
5714
4520
3788
4520
6169
16325
4419
6178
5714
14757
14735
4557
4524
6178
15922
5806
16367
23948
23948
16369
16347
5806
16358
16325
4419
5714
15922
4419
6135
4521
6135
16358
14729
14735
16377
16327
4557
16369
23948
4524
16327
3789
4419
15922
16358
6169
16358
14729
4419
4557
4521
5936
5936
6169
4419
16377
4557
5806
6137
6169
16358
14729
15917
4557
16358
6137
15917
16358
23948
5709
15917
3789
16327
4521
5712
16377
4521
15920
15920
14729
4557
4557
16327
16358
14729
5709
3789
4521
16327
5936
5709
5936
15917
15920
5709
5712
5712
16358
5709
5936
3789
5709
4557
16327
16328
6162
5709
6149
15920
5709
6193
15917
15920
5709
16328
5712
15920
15920
6162
6149
15920
5709
5709
6149
5712
5712
15920
6193
6141
6162
6141
6141
5709
15917
5709
6141
6162
6162
16328
6162
6162
6162
5709
5709
51098
51098
51112
441
441
45014
45055
44407
44407
358
48681
45055
44681
44681
49046
48678
44681
