7802
7802
9276
8774
7802
7977
7977
9218
7977
9117
8774
7972
7946
4980
9218
8405
9208
8405
9208
9117
8249
1829
1829
9218
8457
8388
8126
1446
8596
1702
4657
4107
8538
6520
6707
8126
6520
133
7946
2777
7988
8408
8561
6707
8596
8198
7972
7178
6564
2405
797
7972
7958
3749
6520
8073
8538
2671
8363
8126
8061
8249
8198
4898
698
6564
1314
6145
2986
6773
9117
232
8249
8561
9267
1348
8363
797
8198
2758
2758
7178
6115
2405
4827
59660
8408
8649
8538
3262
4657
6049
2869
7972
7972
6564
2869
6762
6762
698
2986
7213
7066
7193
6564
6817
7241
7946
6049
9117
4898
463
6494
9287
6049
7241
6762
2869
599
4107
2671
970
6564
3262
6822
5845
7946
6595
6595
797
3521
6762
8048
591
8126
2275
1314
6762
7812
8249
5856
8538
7193
6145
8249
3521
9216
6822
942
6773
8104
7066
1314
7972
5845
6115
6773
59660
7213
7213
7109
6145
942
9287
6096
6762
8048
5856
6817
8538
7241
6595
7270
7946
2869
955
7253
133
2758
113
7066
1314
7270
9299
6494
5845
8561
3262
2869
8073
8126
591
9117
2869
6822
2598
3262
463
9216
6888
8126
8104
6762
7972
8408
6564
9216
2671
7812
113
8561
7918
6595
6762
8249
7946
797
2758
6773
7972
7066
7972
6822
6164
6704
942
6115
7972
4827
3521
6164
7972
929
9299
4107
8363
8048
929
6049
8353
5845
6096
5856
7213
7109
1314
7946
970
6164
6773
7972
6660
7213
7270
8363
5988
6494
8353
9287
7109
8353
3262
6704
2879
6096
6698
7109
3521
7241
9117
2758
2598
6115
6888
2869
6660
8363
942
9216
4957
9299
7946
6494
2869
3262
6164
6049
6762
6888
6164
8538
7066
942
9216
6698
1314
8649
113
4743
9216
929
7178
797
5845
6164
7109
6773
8126
6773
8126
463
6762
6822
2671
5845
6773
7109
7972
6822
2879
6164
6096
8538
5988
6564
5856
5845
511
113
929
8073
942
9117
7918
3521
8353
8574
797
3063
2671
2758
6698
8538
6762
463
133
7109
3521
8538
942
8574
6049
7905
6762
8353
6564
113
8353
1314
9299
3063
2869
6145
9216
6164
9117
113
4827
942
6773
2869
8353
7946
6502
2869
6660
3676
4868
955
929
7918
5845
7812
942
6762
6829
2879
5845
942
929
6049
8538
6100
7972
6100
3262
8664
8353
6049
6822
6822
6660
7972
7972
6660
7817
4743
7946
2671
6564
8353
1314
3521
7292
8353
7109
7178
6049
511
6049
7972
6143
133
727
6049
2758
2869
3676
6502
7812
7109
7972
2869
9299
7905
6049
7972
7845
8353
6660
6762
3375
8493
8721
9072
8574
6181
6096
3375
6049
9299
942
172
591
7074
5988
7292
929
2869
942
942
7972
88
8631
7292
8353
942
8574
6164
7946
7302
7972
2879
6049
8649
7292
7972
6822
6049
7905
6762
8107
2869
9072
2869
2777
7302
172
6773
7302
6829
133
7946
3386
8353
1314
7109
7861
5988
7085
8721
4868
7109
6164
2869
7178
7292
942
4743
6762
7972
6049
7845
4868
7292
2879
3386
7109
511
7972
3349
766
3013
9072
6100
3925
8249
6559
8574
929
654
5845
133
4957
942
6049
7972
727
6181
7972
6762
7946
7972
4868
133
7972
7109
8493
6181
942
3013
8721
6762
6829
6096
7109
8574
6145
7302
7905
8721
7972
6822
6502
8714
8721
8493
7074
6502
3349
6660
942
6049
7109
9091
7178
8721
113
727
7972
8356
942
654
7109
6773
8498
7109
7109
8498
3386
7109
8721
7905
7905
8649
6762
6143
727
8649
6829
7845
7109
4300
797
6100
7946
6829
468
8714
8498
8900
7980
8963
7946
468
6164
4592
4592
7085
3375
6762
7109
8649
7817
5988
8347
7109
4868
8672
7302
7861
9299
8219
7085
6100
6660
6049
468
7109
8721
172
133
4957
645
8721
6829
3386
3386
8963
4743
6762
7877
8631
6829
8649
3486
133
8721
6762
7109
6650
8900
113
6762
8498
5013
4312
6049
8714
8493
8493
7074
797
8356
4957
172
4592
7085
6829
7085
6829
727
6829
3386
7085
6194
7302
63
3375
6829
4743
1805
2730
3486
133
5988
133
9299
645
6049
4836
133
113
3486
6351
7861
797
7085
8574
133
6143
7085
6762
1805
8498
468
9022
9022
7850
7905
7074
766
8642
4957
8612
7109
4957
133
133
6194
797
8642
6181
63
113
5085
6135
766
8963
6762
7085
2638
9344
7850
6650
8219
6085
8953
8498
797
7085
7343
8708
9056
8642
9344
797
7085
6714
8612
6762
6181
9299
766
7330
7330
6650
6714
6559
8883
6756
7817
5014
5014
8356
7085
5071
8883
7343
8498
8963
6065
7842
797
8347
1694
133
6739
1694
8916
9344
6135
8347
6324
6135
8347
8177
4774
7877
8953
6762
6092
8883
7074
797
7500
9344
797
133
4774
8708
8708
7842
797
5071
6650
7066
6509
7074
8115
7074
6194
8642
7343
7415
8883
8916
6762
7379
6081
8953
7343
8883
7770
7850
7877
6135
8498
6756
8708
716
8953
9344
6085
6739
6762
6065
7877
8883
7877
6714
8708
8115
5863
5863
7842
8347
8883
6509
8347
8347
7415
716
6351
8708
7415
8916
7500
6092
8883
716
9344
8916
6181
8177
7842
7093
6509
6194
7500
6324
8953
7055
6762
8883
5863
716
8916
9344
8177
7500
6236
6714
7770
6324
8451
5863
8333
7093
8708
6363
7770
7500
8430
6236
8883
8451
7694
6085
716
6739
6714
7500
6739
7877
7379
6065
8953
6363
7379
7877
7576
7736
6509
8708
6112
5863
7055
6065
6739
6112
6714
7736
7093
8916
6363
8883
6714
6509
6236
7485
7576
8430
5856
6509
7694
7356
8333
8451
7877
6265
6739
6739
6065
7877
7055
7770
7613
7576
7694
5879
7694
5856
7093
6371
6509
5856
8430
8883
6363
7093
7576
8333
8333
6324
7847
6714
7641
8907
6265
6714
7685
7415
7877
8430
6739
7534
7576
6112
7093
7356
7576
8333
6739
6371
7770
7356
6371
6382
8430
8430
7055
7379
8333
7613
6509
7055
7613
6265
7736
6739
7694
7485
6324
7877
7576
7847
6363
7613
7485
7415
7703
6112
6363
7694
6382
7379
6265
6714
8333
7576
7485
6509
8451
7657
7032
8907
5951
7694
7032
7847
7685
8907
7657
6714
7356
5951
7032
7576
7761
7847
5951
6318
7613
7761
6734
7736
6265
7003
6958
6265
6964
7694
8451
5879
7450
6463
6749
7657
7485
7703
6318
7032
7685
7032
6371
5903
7613
6533
6734
7576
6958
7685
7576
7477
5903
6739
6734
5951
7613
5951
5903
7576
7485
7847
7669
6714
7613
7613
6964
6734
5951
7477
7450
7534
7703
7847
7703
6295
7559
6714
7847
7761
6437
7003
6964
5903
7736
5951
7003
7576
6463
7685
6749
6533
7613
7485
7576
6318
7477
7703
6318
6463
6463
6295
7657
5942
7613
6958
5927
7761
7559
5927
7761
7761
6749
6964
6734
7847
7477
7622
5927
7657
6437
7685
5359
7736
6734
5569
6533
6533
6295
7450
6749
7576
6734
7669
7638
7559
6463
6734
7736
7003
7576
7669
5837
5927
6463
7638
7685
7003
7522
5475
7003
5942
6437
5771
5428
5518
5432
5432
7669
6808
6734
6808
7731
7559
7576
7638
7559
5359
5833
7731
6790
6734
5518
5927
6744
7003
7736
5475
7731
7522
5518
5771
6792
7638
6531
5927
5351
7736
5569
7685
6792
5475
7685
7736
6531
6531
5927
6744
7638
5428
5518
31936
5837
5929
5679
5359
6790
7622
5363
5397
5833
5569
5929
5518
5432
6792
5679
5637
5432
5359
5837
5432
7522
5345
5929
5679
5444
5619
6808
5359
5475
5569
5475
5619
6792
5734
5381
5351
5518
5397
5449
5619
5833
5415
5428
5432
5619
5444
5381
5679
5381
5363
31936
31289
5345
5637
5679
5569
5569
6744
32149
5569
31289
5753
5432
5619
5449
32089
32464
5823
5518
5637
5833
5830
5619
5920
5734
31936
5345
5929
5830
5734
31848
5381
5706
32089
31289
31990
5397
5753
32149
5283
5415
32126
31990
5545
5283
31936
5706
31936
5536
5381
32126
5397
32149
5734
31289
5830
5637
5545
32647
5826
5545
5283
5283
31289
5800
5587
5800
32023
31848
30750
5800
5545
31906
5823
5756
32464
5800
31865
30476
5619
32464
5587
5830
30482
32149
32647
31936
31289
30476
31865
30476
5706
32089
32126
32126
5706
5545
32647
27766
32464
5807
31865
5536
32126
5654
5545
5800
5756
32149
32023
5283
31990
5830
5283
5635
5654
26254
32464
32023
30482
5309
5283
30476
5309
30482
5756
32498
5826
32089
5800
32149
5738
31906
5654
32126
5213
27871
28387
31376
32112
28387
27871
5213
5738
32023
32464
5219
32180
5213
32157
32157
5227
26254
32157
32709
27766
31813
32112
31813
32112
27871
27871
32498
27704
27704
27616
32112
5309
32709
27616
26254
27766
32521
27766
5213
5234
27766
5654
28383
32521
32016
27616
31813
32709
5227
26254
27871
28387
27871
31906
32180
32016
32180
32112
32446
27766
32016
32498
27616
27704
26254
32016
32521
5213
32378
27766
32180
31906
31376
31983
31813
32157
26254
5219
28387
32521
32709
5213
26254
31376
28387
27871
32693
27626
31813
5234
27746
30745
32016
27871
5213
31813
26254
32157
27871
27774
28280
32378
26446
31813
31906
5318
27774
30700
27871
27571
32709
28281
27926
27571
27616
31657
32157
5219
27926
27774
31376
31365
31657
30606
32180
27746
5318
27926
28281
31844
32693
27616
32016
26504
32378
32157
31844
32693
26446
31959
30727
27774
27920
5234
27149
5219
27926
30648
30700
30700
30700
32045
30592
28280
27149
31875
31875
26446
32693
28474
30700
27571
32378
30592
28281
30700
30592
27149
32680
30606
26446
27571
28216
28281
31875
27774
28474
31657
28216
28280
27920
32045
31365
27926
27685
31657
28280
32693
31844
30727
27626
27626
27926
31844
30648
32672
27685
27746
27626
28474
30606
27746
30648
32672
28476
30727
26504
31657
28280
27926
31959
28281
27571
27920
27685
27672
31045
28280
28243
31657
32693
28243
28281
31254
30648
26440
27746
31844
26504
31611
28281
27926
32672
27672
31207
31657
31365
27607
28281
31207
26522
30727
26440
31274
32429
30727
28280
27149
31950
31274
30648
27920
31207
27149
31657
31844
30783
30808
28448
26517
31207
30592
27901
28280
32690
31950
27421
28243
27672
26522
31202
27796
27421
32429
27736
31003
26517
31045
30727
31045
32690
27668
31003
26465
30808
26465
27736
27607
31611
31003
31611
31611
30783
27421
28447
27644
26614
26517
32429
28243
31134
27901
30783
27421
32672
30627
28243
27024
32672
31134
27644
31254
26517
30648
30783
27901
31202
31254
31180
31003
27810
32690
26522
27421
30627
27421
27736
30783
27901
31254
31611
26517
32672
32690
31191
26517
31045
27796
26614
31003
26522
30627
27421
27736
31134
31003
27901
31611
26517
30808
31134
31180
30783
26382
31611
26614
26354
30808
27644
27598
27901
31134
27598
28243
27901
31134
28447
27421
30627
31611
26811
31254
28448
27901
27598
26354
26354
31180
28243
32672
31134
30627
27421
27901
31180
30783
31191
26382
31254
27024
30808
26609
27421
30783
26465
32386
31160
31950
27598
31341
27598
32690
30808
30509
27421
31028
31028
31034
31611
30582
30783
27024
31180
26899
31180
26596
26899
26596
31189
26354
31028
31611
31003
26596
26609
27810
31191
31611
26495
26899
26423
31191
26596
26382
26811
26811
27810
30815
31341
27644
31341
26419
31014
27598
27598
31014
31160
30509
26382
26609
26354
27024
27598
30815
26382
30992
26899
28416
31189
27644
31180
26596
27644
26495
30509
26423
31626
31189
26609
30582
26899
32386
26811
27644
26495
26596
31034
31626
31626
26423
31626
27810
30815
26609
30582
26419
31309
26375
30992
27009
31191
31160
31180
31160
31309
32386
31028
30815
26596
32386
26423
30815
32386
26951
26899
31034
31626
30992
30582
31171
27598
31180
26495
27810
26596
27810
26423
31191
27009
26354
31189
27009
28174
28141
26915
28174
30977
31626
30582
26354
27009
26596
26419
27009
26423
31165
28141
26419
28141
27009
31327
31115
30815
30509
26609
31160
32301
31014
31302
26375
27054
26376
30945
31115
30815
30977
32277
30582
31309
31626
31626
30815
31171
27054
27009
26951
26419
26587
30992
26375
26759
26596
26423
27393
30563
28141
26915
31165
32277
30531
27721
30946
32597
32301
31309
26347
32301
31171
26376
26375
30945
31171
28174
28174
26596
30815
31327
27393
27009
31626
26759
32597
30800
31592
32301
30977
26759
30946
30800
27393
30563
26375
30946
32597
26951
30531
31327
30800
27403
27009
26951
27721
26347
26951
31592
32301
32597
26347
31302
26376
26347
27108
27393
31592
28141
30977
30563
30945
26587
31171
30531
26347
27054
30800
31105
26927
30800
30977
31302
31327
31171
32277
28160
26915
30946
28160
26362
31165
27403
26926
32295
30800
27721
30946
31171
26987
28174
31165
26347
31302
28174
31105
32597
27721
28160
30531
27403
26926
32583
26759
31592
32295
27393
26927
32597
28406
26987
30945
26347
32216
26376
27393
30921
30945
31165
27403
26376
26587
28160
31171
26338
30977
26347
26926
31302
26759
32295
26927
32583
30946
30531
30800
26759
32216
26926
28160
27054
28409
30800
31592
32789
26926
30563
32216
31105
27393
30800
27721
28160
27403
32583
28160
31096
32597
31327
31479
26927
31096
31105
30531
30531
26327
26362
30945
31479
26783
26347
27075
27393
30954
31577
26783
27403
26362
30945
30921
32216
30954
32784
31479
32295
26783
30921
26927
30954
31577
26783
32763
26754
32784
31538
28406
30965
26563
32583
32789
26754
32784
30927
28102
28160
32583
27361
27361
28409
30965
26720
30954
30927
26926
26979
26927
32297
26327
26979
27361
32583
32216
26922
26327
31538
31577
32216
31479
32784
30921
30921
31327
26338
26979
26362
30927
32973
27075
28409
26748
26922
31071
32784
26754
27361
32784
26754
32583
31577
26748
26754
26927
28406
32973
32297
28409
26748
30927
30965
26362
32583
31577
26362
26748
30927
26979
31479
28102
31439
26338
30921
30927
32233
32763
26922
32605
27347
27361
32216
30871
28102
26324
32973
30871
28349
33076
26705
27361
30900
31538
28409
26327
32297
31538
30965
26338
26881
32784
32605
28409
26723
32784
28348
27361
33076
26723
31071
26324
31577
31577
32828
32603
26327
26922
26338
28349
30965
31543
32966
31439
32605
32603
27094
32233
30900
28487
31439
32784
31577
28102
32956
30871
27347
26869
26546
28102
28487
28349
28684
32973
31071
31538
27094
30900
32862
26546
30463
26678
28348
32862
33076
26723
32956
32966
27223
30871
28547
28349
26324
30463
26723
28547
32966
26678
32828
30900
28348
32605
32605
31543
26723
28102
26678
32635
33076
32828
27347
32603
32603
31439
26324
33076
28487
31682
26546
32862
31439
26869
28509
33076
31543
28102
32229
31682
27347
32974
32233
26705
26881
28487
32974
26324
26881
32229
27094
27223
26678
28549
32974
32862
28039
31543
32956
32625
30900
27223
32938
28364
28364
26869
27337
32740
27223
33076
32635
30900
26869
31543
32862
26546
27172
30463
28684
30463
26678
31801
27347
32740
32229
26691
26546
28364
32974
28364
32974
26319
31801
33076
32862
26678
27172
32974
33076
31801
31801
32740
32974
26869
28509
33134
28549
31801
28509
32635
31682
33134
27094
31390
26660
27326
28039
31792
28670
28509
31390
28364
33309
32740
32635
33096
32938
28549
32974
27223
28572
32938
33096
30861
32938
28032
33309
27172
32635
26546
31543
32740
33134
27223
30774
32625
27172
33038
31390
32635
33096
26869
26848
28509
28039
28549
26836
26848
32740
33309
31682
30774
26660
28364
33291
30861
27337
32740
27326
28670
30861
32635
33096
27223
33134
26660
31801
26848
28032
28365
33038
28549
26319
27223
27172
26664
26836
27223
30861
27223
31390
32974
32539
31390
28670
33096
33291
28572
33134
27337
31792
31792
28365
33096
31685
27337
31543
31801
31685
32539
33134
26660
28509
28577
32740
31390
27172
33234
26319
33291
28365
26655
26655
28365
31565
31795
27223
33234
32555
31524
32555
30774
30774
32346
26848
28835
32539
26848
33204
31390
27337
27221
27221
27221
33038
26848
27172
32559
33291
27172
26848
31524
31543
26664
28670
31565
26660
31795
26655
31524
26856
33096
31795
28549
26655
33125
28594
27156
28578
32328
31436
31795
31795
28704
26856
31436
28594
28496
32555
33190
33204
28365
33229
31556
27221
32328
31436
31436
28835
31777
31777
27514
33038
26856
33315
32559
32328
33190
27514
31565
28365
32552
27156
27216
26848
28578
26856
26856
28670
26660
33125
26848
26848
26856
29045
27975
27514
31436
33185
33125
33185
32316
33040
32316
28835
27202
31556
27216
31556
29045
33229
32552
27514
33209
28488
31556
28577
27216
33185
31777
33204
28835
33185
27975
28594
26856
26848
31565
26848
31436
33229
32328
31777
28691
31436
26836
33040
27514
33577
31777
27221
33209
31436
33125
28704
28835
28835
29051
27221
27221
32559
31570
31543
31570
31543
28488
28990
27514
26856
31570
26856
33125
29045
32559
33040
31570
29051
26848
33209
33229
33315
31570
33125
32552
33185
28594
33185
28835
27216
32996
33577
31726
27450
27216
27514
32996
27271
27450
31570
29046
33034
33507
33034
27216
27216
33116
33507
33577
27271
28594
27221
31570
31570
33185
32569
33571
28700
27202
33507
32559
28295
33209
27514
31518
33209
28608
27271
33034
33699
31570
33571
28295
32569
29062
27514
34743
27289
31570
33209
28295
28920
33507
28990
27216
33389
32569
28027
33389
33116
29051
27514
28929
27450
28990
28920
27216
27216
33116
27182
34743
27182
28295
28700
27289
33209
29029
33535
32996
32983
33034
28608
28608
31570
28929
28295
32877
31518
27271
34743
27514
33486
27450
32569
27530
29062
33982
28027
33552
28920
32877
27514
28700
33389
29062
28311
28920
27514
28990
34743
31570
32533
33034
29029
34743
32879
32533
33699
27289
32983
32902
28965
33102
27530
27514
33486
32533
28779
28608
33535
27182
27289
32902
34743
27262
33552
33858
28920
32983
33102
33486
33550
32879
27501
34127
34743
27501
28700
33011
32533
33411
33526
28779
28027
28929
29029
28862
33571
27463
27262
29041
28311
33526
34743
33982
28890
33552
27262
28965
28952
33847
32879
27514
28929
33102
27289
34743
32902
27501
27514
32902
33550
34123
28779
28890
28862
33526
26534
33858
33858
29041
27514
28862
33847
33011
33552
33411
26534
28079
28311
34585
33624
27501
32902
27514
27191
28311
33624
27501
33554
33858
28779
33260
33550
32904
28965
34585
34127
28079
28952
28336
28779
33554
32904
27307
33411
33847
34127
33554
28862
27514
34123
32879
27514
28862
32904
28862
34537
28952
27262
33550
28336
27244
29096
33011
33658
27501
28085
33624
27547
29020
34743
27501
29246
33424
33377
27307
34116
28336
27191
28881
28952
32904
28862
33260
33260
33554
34585
29246
28820
28881
27244
33982
33624
33658
33624
28644
32904
28085
33926
34124
33424
33554
28336
33926
28962
33377
28754
33885
34585
34124
28820
33526
27307
28085
33377
27501
27307
28336
33982
27547
34620
33885
28820
33885
27506
33554
29246
34537
27265
33409
34738
34124
34116
34738
34124
29246
34357
28738
33409
33901
29096
29096
28336
33926
27307
34357
27323
28085
33658
33694
27265
27506
34116
27323
29020
27323
27547
29471
29239
33971
28085
34609
34290
34116
34620
28799
28763
33377
29624
33554
29624
28881
33554
34093
28085
27307
33988
34343
29928
28747
27265
28583
34620
34093
33988
29239
34343
33430
33563
33563
28799
29278
34093
29140
34093
29400
33959
33885
29224
29239
29224
33641
29285
33355
33438
29654
33374
33901
29285
34343
33901
29140
33694
33618
29307
34136
33885
33988
34093
34136
34093
28747
34136
34343
34136
28738
33430
29140
29400
29654
29154
29285
29624
29624
34609
30152
33478
33346
33988
34136
29624
29154
29471
30078
33978
34158
34609
33346
29224
33686
33588
28763
29471
34343
29741
33641
29278
29117
29400
34609
28763
33753
33346
29741
30078
28747
33478
28763
33430
34013
29154
34081
33901
30152
29224
34158
30078
33641
34158
29421
33346
29285
29162
29224
29741
34158
33881
29722
33588
33588
29117
29154
29154
33881
34136
34514
34408
29307
34081
33620
29421
33588
34098
33618
34136
29271
34013
34013
33686
33978
29307
29858
29858
29421
29083
29288
28747
33753
34171
34098
29641
29682
34671
30281
29288
34408
29641
29089
33758
29162
29307
29421
30152
29682
34408
33620
34372
30432
29162
33461
34013
34671
33881
33641
33978
29858
29230
34514
34098
29360
29421
33620
33826
34408
29641
29083
34408
34056
29230
29682
29154
33760
29343
30225
29421
33758
29166
29722
29288
30143
33881
34671
29858
29421
34286
29271
29858
33760
34383
33461
29110
33753
34372
30281
34056
34171
29089
29360
29166
29083
30432
34408
29413
29722
34671
34372
29641
33760
29230
33686
33792
34139
34514
29082
34671
29641
33826
29162
29716
34372
34286
34383
33620
33814
34139
33826
30360
29992
34383
30424
34671
29360
33751
34058
34139
33620
29271
34247
33734
34286
30360
29839
29839
33814
29110
33461
29083
29162
29083
34598
33918
33918
29988
33792
34598
29542
33751
34383
34383
34657
29082
29343
30143
29343
29185
30424
29292
33826
37346
30143
34657
29185
29992
29988
34383
30060
37374
29542
29413
33814
34286
34171
30060
33918
29542
34598
34071
29716
34058
34058
29529
30225
29185
33734
33918
29082
30424
29343
29083
34300
29355
29343
34247
34058
37346
33620
29197
29716
29851
34598
37374
33792
30360
29503
33620
29839
29542
37360
29988
34383
33918
29851
29197
29185
29839
34657
34058
30060
33918
34226
35511
34463
34165
29988
30349
33751
34383
29506
34058
34300
34247
34272
29383
29806
29731
37404
30205
29506
34247
29988
34383
37360
29506
30225
29988
37365
33777
34300
33792
35511
34247
34071
29851
29542
29529
37374
35511
37346
29355
37381
29197
34247
29331
33777
30349
34226
29355
34463
37365
30017
29851
35511
29529
34226
30349
37374
29383
34058
37404
29383
33803
29542
30205
29806
37336
34463
29503
29529
34226
34071
29331
34463
29806
33777
29704
34272
34300
37830
29817
34237
37346
29569
34226
29529
34247
37807
29704
37377
34463
29851
37346
37360
34300
37807
34383
29503
37713
29704
30017
34071
29704
30017
34071
37713
35511
29565
35466
30349
35480
37365
30017
34463
29888
35480
37365
37360
37346
37404
34252
37332
35480
37381
29888
37377
35480
30205
35511
29906
35480
34237
37381
37830
37365
30205
29569
35948
34252
29590
37807
30349
29383
29355
37713
29503
34226
37395
37377
37745
29817
29888
29331
37245
29542
37807
37830
34463
29888
37055
37332
29542
29565
29565
29906
34252
34463
37830
29590
29817
37398
29569
37177
34463
34226
34252
37395
37830
29383
34226
29569
35466
29576
37745
35948
37745
30027
34237
30261
38049
37055
37519
37745
35466
35100
37055
37807
35440
29576
38129
29529
37245
35948
34252
37807
29590
35511
35120
30261
30027
38129
34252
30261
35508
30027
37336
35508
35948
34237
37398
37480
29919
29919
37336
35341
37745
35341
37055
37519
35357
38092
35440
35950
35100
35950
37332
38129
37480
38129
29947
35100
37245
30027
38129
38049
36021
37332
37446
37803
35100
38049
37686
30343
37801
35341
35220
37446
37446
29934
37686
38049
29947
37177
29590
38129
37446
38092
37177
35537
29934
35220
37395
35100
38129
38049
37147
29576
37801
37519
37803
35220
35950
37147
30343
37480
29934
30343
36021
30261
37519
30119
37446
37519
37735
37171
30343
29934
38092
35440
29590
37451
30043
30043
37336
35185
36021
37482
30343
37686
37761
37748
35341
37632
37796
38129
37306
37189
37306
38092
37147
37344
37632
41457
35341
30343
35440
41457
37801
38129
38129
35100
37480
35537
37803
36021
37686
37451
37519
37531
29590
36021
37446
37306
38092
29947
30043
30343
30343
35537
37686
35573
38092
37147
37306
37436
35358
35220
38092
36838
35220
30119
38045
29934
35249
37436
37686
35449
37748
37519
36838
37761
30343
37686
37735
30343
38045
37853
37531
35573
37344
35249
37147
37632
30236
37748
38129
35573
37306
35220
37657
30119
39338
39338
37171
39338
35537
37735
41457
35100
38045
41457
37595
37344
30043
37531
41457
41457
38045
37432
35100
30236
35449
37646
38092
37657
38092
29934
35449
35249
30236
37758
29934
29966
37761
30236
30119
35335
38523
36838
37482
38045
35389
35542
35100
35573
29934
35842
37595
38045
37449
37758
37432
35542
37646
35542
37657
41457
37853
35542
38523
37595
35249
41457
38523
37853
39368
30236
36237
37758
37186
30043
38045
30236
37737
37853
30343
29947
37531
37432
35389
35573
37737
38092
35580
37531
38166
35573
38109
35220
38109
35573
37556
37197
36354
37595
36024
37207
37646
37531
38045
35542
35414
37306
37300
38045
35573
38109
29966
35414
37646
37432
35257
35389
30119
37853
36344
29966
37186
37607
37186
37767
36024
29966
35449
39338
38109
37657
36838
35414
38033
37531
36344
36344
37607
37531
36024
37860
38033
36354
37171
37657
39338
35859
37595
38523
39368
30119
38523
35257
38523
35842
36237
35389
38109
37432
36852
38166
37300
38033
35257
37771
37867
37846
35366
38166
37771
36237
35414
38109
37620
37771
38166
36024
36838
37556
38033
36024
37657
36024
35842
36024
30119
30119
38109
37432
35859
39626
37646
39338
37607
37846
37523
35573
35389
37620
37531
35842
37202
37202
37607
38523
37529
37860
35286
35375
37764
38109
36024
35257
38109
35389
37432
37529
37607
37300
37197
36852
36854
37095
36344
36344
36344
35573
37556
37767
39338
38109
37860
37657
35859
37432
35366
35366
38109
35414
38523
36354
39338
37607
36354
37620
37556
38033
37867
38033
41457
36852
35859
35375
36897
35842
39373
37556
38033
37556
38622
30119
38523
38523
38622
39373
38365
36354
41457
36786
35859
39650
39640
38033
35859
35859
38033
38109
41457
35292
35842
36354
39640
36344
37780
36354
38432
38432
36854
37556
35375
36344
37607
36344
38166
35859
36897
38622
39650
39640
38432
38388
37529
38313
38388
37095
37556
41457
37620
37964
36897
36266
36266
37964
36786
39650
36024
37607
37609
35286
38166
37620
36852
38365
37488
37894
41457
37197
39640
41457
36805
37556
36266
41457
36012
36852
35818
39650
36344
39640
37577
36266
36012
37894
37964
35842
37894
37626
37609
37964
36237
39628
36344
35375
41457
36786
38365
38365
38365
37430
38406
36897
35865
38406
36805
38526
35292
39628
39628
37511
41457
37609
36955
37964
37103
38526
37609
39640
36805
35286
37894
35818
35865
38622
35375
36012
37577
38313
39640
36377
37430
35818
36897
36673
36773
36344
37964
38406
35286
37510
39628
36012
37912
39626
36897
35842
38526
35818
37103
37577
41457
36897
36012
35292
37511
36773
38365
38388
37510
39276
36805
36805
38406
39626
38526
36024
37894
38323
37095
36344
39276
39681
36820
36377
39276
36897
37510
36805
36024
37894
38365
36663
36344
36266
39628
36820
37942
38526
35865
35818
36024
37577
36377
37942
37626
39368
36344
36897
37511
35865
39286
39276
38313
38526
36805
38559
38559
36805
38262
35865
36024
36773
36673
36377
38323
35299
37577
35818
39276
35299
36820
37912
38365
37942
37877
35299
36960
39286
37912
39368
39286
35818
37877
38559
37626
36266
38365
39276
36693
38526
37103
36663
36960
39368
36114
35826
36377
38294
39276
38262
38262
37609
36820
35865
36673
36693
37569
38365
36960
36960
39368
37582
35826
36114
38559
36369
39276
38262
36024
36266
39368
38406
37912
41457
38503
41457
36536
38294
38210
36659
37912
37912
36820
40728
39368
36369
36344
37582
37942
38262
38262
38262
39338
41457
36536
35173
36938
38503
37877
38262
39338
35299
35826
39338
39276
37511
36663
36024
39368
38262
37577
36536
36693
36369
38503
36820
38559
38575
37511
39573
36693
37877
38294
39368
38210
39338
36606
37877
37582
38294
37954
36938
39338
39338
39338
36479
37912
36659
36574
38352
36574
36266
35159
41457
36369
39338
37103
37569
38465
37912
38503
37954
36693
36536
38465
37954
38575
39276
39338
38262
36266
39681
38262
37877
39338
38352
38503
36266
36153
38255
37569
37582
39776
38210
35826
37665
39286
36693
37582
36479
35826
36479
36940
36693
41457
36615
35173
39286
39592
38575
35173
35159
36940
36479
37665
41454
39276
35159
39573
37511
38255
36693
37582
35159
36479
36574
36594
36153
39286
36551
41457
37877
38465
41457
37665
38199
38255
41457
36266
36266
37954
39776
37923
38255
38503
36606
39776
35826
38465
37582
37954
37877
36606
36479
36266
39587
36678
35173
36479
37569
38465
41457
39276
38575
36551
39279
38199
37923
36659
38503
35317
36153
36606
41457
38309
37103
37582
36678
36153
36940
41454
36024
41457
41454
38294
37954
38199
36940
36678
35173
41454
36594
36940
36501
38255
39587
36153
37582
41457
38199
39573
41454
36551
36266
36153
36551
36024
39309
40728
36501
39776
38459
36551
36501
40728
36404
35159
39776
39587
36940
38285
41457
39279
39552
39552
36266
36404
36615
36153
35317
38412
37923
38412
38340
39776
36551
38412
35159
41454
38285
37923
39309
39552
37954
35173
39309
36404
36678
41457
41445
41457
37582
39309
38340
41457
38278
36594
36024
41457
36615
38199
41457
38271
37923
39776
36084
38199
36501
41454
40113
36024
38199
38412
38779
36404
37923
41457
36594
35159
35317
39592
36615
39272
36753
35317
39536
38459
36143
39309
36525
37569
39272
39272
36525
36587
36404
41457
36266
38453
41457
38412
36266
36153
35317
38278
39872
39872
39528
36266
36084
36084
36266
39785
36266
38199
38330
39309
36084
38459
39776
36404
36153
39587
38271
39309
38199
38340
41445
38340
36266
36829
40113
41457
37923
38459
39872
40114
41457
39309
38779
38199
39785
36143
38280
41457
39309
36753
39309
41457
39447
35167
38271
38412
38199
36435
39536
41457
38412
41445
36829
38280
39552
38340
36753
41457
39872
39447
39430
35167
39272
41457
38779
39587
38199
36084
36024
39587
36024
38418
38635
39785
38453
36525
36589
41445
40113
36829
36110
16885
36153
40125
39587
38280
36024
35010
41457
35010
36266
36525
40715
38418
36435
36084
38280
39552
39785
39587
40123
36024
39587
38635
36110
39785
36753
36712
38273
39785
38493
39822
41467
36616
39528
36589
38447
40113
35010
38779
41457
38273
16885
39872
36266
38280
16885
39430
39309
39308
39447
36110
36396
39309
36086
40090
16885
38418
38447
40663
36084
16885
16885
36266
39822
40715
39536
36396
16885
39272
36143
40715
39872
40663
40743
39308
36798
39272
35167
36712
38280
39447
38635
39785
40090
16885
36143
53193
36143
38273
51441
53193
51533
38418
35010
35167
36435
35167
40125
53193
41459
40096
16885
39872
39308
51266
50993
40123
51441
53202
39528
39308
39308
51040
39309
16885
39528
51266
40699
51040
36266
39528
51266
16885
51001
16885
50993
39785
59520
53262
36086
51372
39308
40663
38273
40123
39822
51533
39781
40090
50996
35167
38635
40066
53246
55048
51040
53246
36086
39781
40663
35010
36086
39461
53262
59520
51372
40663
36435
36266
40123
38447
39308
53202
50996
39308
53202
50993
36143
36712
50872
36712
41459
40699
39308
36110
36086
39309
46405
36086
38265
16885
39528
50872
51040
41459
39822
39308
50996
53246
38424
38428
39309
50903
50872
41467
39781
52010
16885
40053
50993
40123
40750
50996
38447
46405
40699
53262
36396
51992
39308
55048
40715
50872
41459
35167
39528
55048
39528
36143
53262
50996
16885
53231
36266
50993
40075
40672
41467
40715
52010
40090
40620
39528
51535
39781
53045
36396
36143
38428
40743
50993
40125
50993
40743
39781
50903
38786
46796
59517
40750
36798
40663
39528
40750
36110
36266
41467
16885
16885
39528
50993
39528
51992
39528
53231
52010
38424
46880
51271
53024
40715
39430
38635
52146
50872
51271
36435
39528
39308
38265
16885
39609
40672
40737
52146
40663
46903
36110
53124
46796
39308
39781
39461
51894
36086
60121
39308
16885
41459
40085
59925
40699
59925
59517
40096
51871
51497
41467
40101
51136
39528
40096
40699
36143
60121
36396
38428
36086
35010
39889
51894
46798
51105
51372
35010
35010
40085
50799
35023
40672
51497
39781
36110
54330
39461
54609
39528
51871
50996
46798
38424
51497
51894
40750
40327
16885
53111
35017
51136
46796
40053
40101
16885
36143
51533
46796
39609
51497
53231
39528
38635
51372
36086
34786
40053
34786
51533
59517
40327
51871
55072
51533
39150
40750
38786
51894
46928
51533
40085
38635
54609
51894
39528
53231
39461
35010
39609
53124
35017
54609
53111
51105
35023
51372
39781
40663
35017
40663
36266
35010
51136
40620
35023
51372
36707
35014
46814
36143
51107
36143
55175
16953
54330
51533
38428
35010
46440
51105
54330
16885
34786
40696
46928
52313
51894
36516
36086
40631
50404
59517
35010
48339
51894
50226
51107
40620
41247
51372
51497
40075
34786
40672
38265
54823
35010
39461
38786
54404
39461
38786
39461
50440
51105
50419
48339
46928
39461
54823
54823
47654
52321
36266
51105
50419
39145
40737
54823
40715
52892
46814
59623
50419
40750
51497
40053
52313
51372
41040
51105
53193
52892
50490
40327
51372
55175
50419
38428
40101
52892
39150
40022
36110
54672
39461
48657
50515
48367
52313
54330
35014
51107
40663
40631
48429
53193
47354
47354
48367
54404
40672
46440
48387
34786
34786
51372
54336
39609
40631
54404
35017
39303
50349
46921
35023
40883
46440
51533
40737
36266
48657
34786
40327
46440
54672
51107
40000
51170
40022
48339
52321
49479
34786
36143
47132
48368
50349
46814
16953
48339
51372
36110
40075
54404
54404
16953
52313
59623
16953
48387
51107
46501
39889
38786
34786
49479
52892
47180
40663
16953
39303
52619
39316
39145
40737
48429
40696
39150
47202
53193
48429
46921
36707
55163
48387
36143
46921
40034
47180
54494
34935
36266
16953
41054
48515
48329
40034
39609
49600
48329
48329
53683
47132
47219
40620
54528
49469
54528
51170
36143
35023
49479
46857
41247
53217
40672
53193
16953
53193
39316
36110
48329
40696
48372
48429
39303
53683
46857
40587
48488
39145
39303
55163
48387
54336
45580
48515
38265
46921
48781
53618
34765
49469
40101
38786
40075
49469
54494
52892
48339
40138
35014
48515
40344
36110
40663
40663
41054
53217
52619
46921
52619
41054
48329
54528
48387
40689
53618
40663
52892
48372
51001
39303
46921
16953
48429
47132
39303
53974
48657
54336
51107
40620
45580
51170
47219
38786
39303
52892
16984
49479
52620
40000
49600
54528
47006
48329
16953
48387
39150
36110
54494
36143
47006
40663
48558
40696
48429
34786
52619
40696
36110
53217
51170
49378
39303
40737
49378
54493
53869
35010
39316
53217
40737
47132
54829
39303
49209
53847
40327
40799
49378
45580
45580
50268
51640
50268
47001
40294
49209
49378
49378
41040
54493
16984
51640
52619
36110
47202
48558
40327
48339
52892
39316
39145
47562
47202
48797
49378
46768
36110
35014
48488
48329
40022
40663
48329
40631
53974
35014
39954
49378
52620
45993
45580
49378
39150
40696
53217
40625
49378
53592
52724
50268
53592
46768
16984
45968
53193
47562
45993
53847
52892
50268
49124
39520
39316
34786
48515
48797
47132
52892
40138
45993
34786
34935
48657
36110
51021
46768
47431
45993
46814
47001
40883
45530
47431
39303
53217
40544
36143
46758
45968
41245
36110
40625
45993
48323
54829
46820
16984
39210
16953
48653
34991
39145
40689
45447
54493
41541
35023
40138
47628
39480
48657
52724
47001
40016
47006
50222
45447
54004
51032
54004
41054
36143
53823
47628
40527
40876
45968
39303
45540
40022
46768
53974
53823
45530
40610
48653
53823
53974
39303
40324
40876
48781
55055
52874
55055
47001
40689
45073
45968
40610
36707
52991
46820
36143
39480
48515
34935
46857
40871
40587
47482
45993
52956
16984
46777
39210
16984
53723
40876
40043
48781
40000
39316
36110
40641
53974
36143
50440
48653
53592
54829
53974
36110
52688
36143
53927
53823
34765
52706
40016
52698
48488
48488
40034
50880
50880
51032
41054
45993
40294
35007
34765
45540
47562
40799
48797
34786
45671
40625
40625
45073
52706
46777
40527
39954
46138
52818
46777
45530
53640
51021
16953
48781
39150
52688
34935
50169
49124
16984
48515
36143
45530
39316
40544
48781
39316
45968
46820
46155
45993
35014
50169
36143
48781
40138
36110
46138
40587
49124
46777
16953
40876
34772
40641
40610
52818
50169
40000
40324
39520
39480
46084
40876
52818
48797
46782
53723
53603
45447
53974
40344
46814
45073
40034
46138
50169
51021
41016
40876
40610
45530
36110
39480
40641
60012
60012
52698
40625
36143
34772
47562
41016
47132
50222
50222
53603
40799
53974
50222
48515
55055
36110
46173
39210
49842
46138
34997
46138
34935
46768
40853
46138
47202
50419
36143
53640
46814
48748
51021
34765
48781
16984
36143
40527
45877
46768
52818
50783
45877
50205
45530
34997
50169
48515
54980
46138
36110
45117
52818
45530
39520
50783
45073
40871
50169
48515
40043
36110
53640
40610
40527
40138
50205
47202
46782
50205
50419
40593
45877
50169
53634
46526
40324
46364
46782
46138
54980
45073
16982
34917
40304
34772
53640
36143
34991
40610
50169
48748
39520
36110
40314
46526
46820
45117
45165
54998
40034
41245
16885
50205
46777
41245
50419
53603
39480
34917
54980
48787
34917
40544
41026
54998
52818
50205
47132
34997
47607
39520
46777
34999
50169
53687
36110
40324
45165
53687
34772
46977
40610
46857
45681
50131
34935
46526
45681
34765
36110
40641
46364
59349
34772
47607
34997
40862
40527
59349
50169
40019
46977
39210
48748
50803
49938
45117
48787
39927
50419
59589
55001
16984
54980
34917
40011
16953
41541
34772
41013
36110
34935
40011
34777
46593
60141
47132
41016
40600
40876
41013
45165
40876
41541
40799
39993
16953
50169
50131
41077
34765
41541
39210
39480
45165
39963
36143
40853
40871
45681
46364
46768
16982
35007
48787
45028
40016
60141
50205
39480
50205
16953
45681
40641
39210
16982
17082
45028
41026
40610
45187
41541
34777
34997
46475
45187
34999
46472
40593
47062
39941
45028
34777
54845
45169
39210
34991
36143
48748
46295
40862
40862
41541
40876
45169
54980
34917
45169
41245
39993
40644
39480
46593
46412
41522
17072
17003
50783
49938
59589
46965
16953
46839
46472
34777
46205
34772
46965
39210
40019
34772
45681
46412
45169
48037
45165
34991
46839
17003
50177
48312
40314
50177
34999
40019
47780
47780
40947
34765
34777
39927
41541
41522
16633
40011
47062
46295
40600
40871
34997
46475
39963
16885
16885
46965
55022
50205
34917
17003
41541
59388
34997
40304
40876
40947
46475
45028
50823
34999
59589
40876
54948
16982
48748
40862
50701
39210
40947
34997
46205
40644
50575
16953
39480
45530
34775
41541
41013
34777
35007
50701
46848
34765
17003
40947
46364
50575
47062
34772
39210
40923
45028
17003
45169
47076
45028
49675
40016
40593
16633
34997
45480
34917
46205
40314
39941
45187
40314
50701
40947
40853
34999
46472
47065
48312
40600
46475
39993
40644
16633
41541
17072
54948
46589
40864
17082
45187
59388
45028
47062
16885
40864
17003
34917
40864
45480
34997
46205
40763
34775
40644
46364
45531
40947
39210
17003
41522
17082
40853
39210
47767
16982
45142
40853
16953
41541
45530
45531
45768
45480
35007
39963
45616
45752
17003
17082
48037
47815
17072
34917
46602
46475
34777
46839
45616
40864
45187
17072
50575
40016
39210
34775
40861
40923
40947
40600
45434
40019
50761
40947
17069
17082
41026
40016
46475
34777
47088
40011
16633
41077
41541
50717
45494
34997
41013
45494
16885
54948
40923
46472
50615
40864
40909
16885
40947
45752
47065
45028
34917
47855
39927
17051
34999
45080
34832
45187
47025
17003
45142
16982
40600
17003
34917
41522
46848
48016
45752
16982
48016
41026
34832
34917
45028
40923
41077
50615
34775
47065
45028
17082
45494
46457
48032
40947
40864
50761
45080
39993
46472
16633
46589
45480
40861
17003
50717
46475
39936
17069
34775
46618
34832
40864
16877
16885
17051
16633
48016
34917
35075
41541
46677
45248
50656
46602
50531
47025
17003
40304
48032
40861
40763
45146
40947
40923
40853
16953
40019
17072
17082
47815
40644
17072
40314
45142
40853
40174
41546
45752
41546
34917
46472
40864
17051
47855
45494
41546
17057
41522
17003
40923
40864
45028
46589
40174
45142
16877
45480
41077
16953
34775
40016
45760
16633
40011
45434
17082
47855
34832
41077
40864
39978
46618
40923
40824
45248
48006
45768
41021
41546
40011
34832
34917
46457
41026
17072
46381
40861
34775
40923
47119
40824
48016
40600
17391
45080
40845
16953
46665
46632
17051
40763
46618
45221
40909
35075
45221
35075
17057
47736
41546
46475
46381
40824
47119
40853
47862
46589
41546
41546
45248
17121
47867
41021
40307
40600
41512
48024
40923
46589
40228
40861
16982
50717
41081
16881
48006
47862
40824
50531
40824
45783
50656
40019
41546
34775
40861
39978
41021
40314
45142
40174
45221
17143
46677
34832
16953
17003
46677
40824
17072
46608
45760
41546
46695
17003
35075
34832
40923
40824
41512
17072
47862
17072
45768
17003
39936
45146
16633
40011
35075
16953
17121
40812
40861
45760
41546
45142
17145
40861
40824
47798
40824
45221
41546
48024
41026
40224
40815
40011
46632
46608
17143
17003
17063
40918
45332
45768
46618
41523
40824
46589
45783
45221
17057
17071
34832
45276
40011
40763
17391
40923
17003
47867
41512
34917
47862
16632
34832
45140
34917
40307
40923
35032
46665
16632
47673
45768
46572
41523
50525
40815
41068
39978
45042
16946
40174
45322
45511
50525
26244
35075
40824
47736
41546
41512
46724
16953
40845
45042
16632
40815
40243
45276
40011
41081
40923
39945
39978
41068
17145
45783
40845
46341
47143
16953
40815
46589
39936
45768
45095
41081
16659
41102
40845
40174
16632
40918
50531
46343
45322
41001
41001
16881
17003
16632
46646
35032
50531
45801
47798
16665
40812
41523
41523
40923
34832
40812
47809
41068
45095
46589
17143
45330
35032
40201
39978
46632
47727
17071
39978
40923
41512
16665
41528
35032
47709
35032
16973
45155
34917
35075
34832
46733
41523
26194
45042
40845
47867
45368
39945
17003
46341
41512
45377
40224
34917
40923
40815
46646
40345
47719
39936
34872
16665
17121
16757
47798
35032
26226
41512
16735
40815
40174
16659
35032
16973
26244
35075
17003
45772
40923
41528
45322
45332
17391
39978
35032
46733
41001
45368
16659
45155
41001
16735
34872
47809
35075
17149
40224
47727
47662
40845
16757
46982
41001
16952
40345
40805
26226
45792
41081
16665
40845
17128
26233
35075
46720
41102
17003
26226
40815
26207
41068
40918
16659
34872
17071
40348
46982
26207
45792
40200
35042
17003
41487
16946
45368
16659
40201
24791
40224
25035
35075
24784
35032
40805
45214
16659
45768
40809
16908
16757
40809
41102
24751
16735
47719
46343
16908
16659
41068
35075
41528
17138
41523
17014
35032
40805
41487
26217
16735
34872
45307
47709
40345
40243
40993
45297
17171
40809
39995
34872
40224
35042
40201
40918
40200
35075
41523
40348
41102
16735
40987
26194
25146
16659
40987
26230
41068
25514
40224
45214
35075
25055
16659
16735
40809
26230
17128
16985
35042
24773
17391
40805
16946
17138
40903
45319
35042
25020
34872
26207
26202
16757
26226
40243
40993
41487
16659
40345
40224
40809
23266
16908
16973
26233
23530
41487
40987
25514
40918
45772
24763
40200
34872
45210
40987
23766
17014
40987
25240
40348
16967
16952
40348
41487
40809
24765
40224
17124
34872
16659
17149
23765
39995
40809
25136
40993
24784
40903
40243
40843
26230
45368
23766
34869
34902
17138
17267
25055
17399
23766
40987
17267
40993
34872
40968
40224
40843
25146
26230
39995
35042
16757
17198
17171
45210
24791
25240
45214
16985
40201
40345
25135
16735
34902
40987
41487
34856
45319
25129
34902
35071
16999
24730
17128
40200
34869
25136
25020
40843
40987
40165
16999
41528
16657
25567
40903
40348
40243
40243
24765
24765
17171
25136
17128
25129
26217
16952
25567
40987
25567
17198
40776
40977
40165
16928
16757
24784
16757
17198
34896
40165
16985
25055
40776
34865
23530
17267
40809
40200
23266
39995
17267
23654
17124
24760
16967
34869
40197
25020
40229
40987
40903
34902
17389
40165
41487
24732
41492
16757
35042
35042
16999
17138
25234
25055
24763
40977
39995
26202
25178
25020
40987
17399
25234
34902
40201
16952
16738
25669
34856
23897
16928
16659
34896
41487
23583
24732
17198
25406
40368
25129
24050
24056
34902
25234
16659
25406
16967
40210
23521
17267
24763
34865
17311
40991
23554
16928
25567
40991
17128
40385
16985
24056
17171
16757
16757
41492
34896
23521
17171
25567
17138
41492
17124
40860
23416
16777
17399
24056
40200
23898
25178
25136
17267
35071
40991
35042
23654
17021
40197
24966
16788
24966
35042
25178
40991
23609
25020
23741
16999
16960
16999
17138
25178
34856
34902
23897
34902
40973
17393
25057
34896
16928
25090
16738
17085
17014
40973
16967
17389
17311
25057
17188
23416
40860
40838
23583
23416
17267
17131
17089
16757
25171
25178
40991
34896
16738
17021
16726
23521
40973
25669
17171
24872
17267
17021
35071
23386
25410
25171
16840
16960
23609
25024
17324
40991
17014
23758
35080
23758
40281
24202
17014
17267
41482
17039
23387
25447
35080
25024
40210
25447
40281
16788
25669
23474
34820
16814
25447
17393
16799
16777
23744
24966
16772
40389
17131
16957
35042
16840
16999
17014
17310
25178
23898
24872
23741
23741
17952
25024
16726
23744
16861
16788
24084
23758
17952
25554
17278
41477
25362
23386
17085
23387
17267
17310
34896
16841
16673
17131
34820
17039
40233
24926
17952
25090
25554
17154
24926
17304
16766
23646
23474
16920
16814
25554
17089
17021
16777
24926
17952
17393
17014
17131
17278
16639
16957
34896
24966
24202
17267
17324
16772
25024
17324
16788
35056
34885
25171
17131
25554
16841
16777
17393
16669
25171
25003
17310
17021
24610
16724
16669
25410
17952
17267
16840
35024
17039
23758
40389
16766
16861
16726
35024
25162
24884
23455
35080
25175
25162
23455
16814
16841
17666
16861
16639
17278
24084
23609
34896
16920
24819
23950
16957
17085
17952
16724
24963
17310
16799
25175
17240
23416
17310
23455
23398
16766
24202
24963
24610
17960
16841
17021
16750
17154
24872
17324
34896
41477
23882
16669
16777
17085
16772
17331
24853
25175
35087
23360
23741
35050
16842
16809
24884
17310
16777
17278
24963
24884
23882
35087
16841
24963
16673
25175
17089
16841
16669
17240
17085
17021
17278
25175
16761
24819
17221
23429
35024
16912
25175
16750
24610
16920
24819
24926
17302
17240
17033
16724
34896
25623
16861
16778
16761
16724
24869
23360
24202
17276
24202
24610
25623
16912
17666
17021
16842
17154
26011
25538
23452
16766
24853
17383
17960
16773
24819
17276
17316
17021
16702
16809
23452
17324
16841
24963
16843
17246
24202
24869
16912
17449
17304
17221
23950
25707
16843
23439
17089
17664
23950
24819
24609
24926
17085
16920
17276
16842
16828
23298
24610
24569
16674
17180
17449
17367
17996
17221
16778
17033
17302
16705
25494
24609
16682
25538
16828
17666
25494
25494
16842
17293
24853
23741
17666
17894
26011
16828
17372
16828
23950
17018
25384
25854
16843
17093
16682
16859
23887
23470
17894
17304
23882
23470
17316
17221
17085
17276
16859
17367
25692
23718
23887
16851
17331
23672
17033
25736
25692
17316
17666
25946
23470
25462
16778
25585
16842
16859
17877
17221
24609
25946
17246
16705
24569
17202
24550
16674
16732
23439
25707
25946
24844
17202
24844
17940
25854
17877
16702
17231
17018
17301
25384
16682
17221
17449
17664
17314
16843
17940
25585
24626
17957
17221
23672
24626
25466
17449
17666
17253
17367
17302
23718
24086
25384
16720
17231
24926
24569
16822
17304
16705
16702
26017
17666
17033
16926
24569
23290
17259
24609
25466
25692
25585
25707
23672
16705
23298
17221
17894
25854
25707
24844
24819
17202
17085
17314
24569
17259
17449
24844
16851
25692
17936
16822
23887
25635
24086
16682
24550
16859
26017
17093
24259
25384
17940
16732
17617
16720
17360
23290
17617
26017
16674
24550
16705
17085
25736
17877
24626
25707
18011
17253
25864
25854
17526
17033
25494
17936
17358
25622
25494
25635
17202
16926
25843
23887
17314
17328
17093
18358
16859
25842
17924
25635
23963
17940
25842
17894
23887
18358
17996
16822
17231
25707
17302
17661
24165
25598
18017
26115
23349
17894
17328
25622
17924
17383
17213
23923
26115
24626
17957
23298
17948
26017
17490
16926
25635
23298
18358
17449
17681
23718
17900
17360
24629
17202
18017
17093
17900
26101
18261
17644
24569
16732
18011
25813
25622
17681
25687
17996
17936
25598
25635
24486
17358
16732
17617
26017
17358
17314
24165
25864
17661
17231
25813
17449
25731
26115
24072
17450
17967
17526
23298
25622
25650
26017
26115
23963
18011
24072
24406
24392
25598
17033
18358
25843
17957
17957
24406
24497
25258
25843
17996
17899
24629
25622
17659
17957
17358
26137
18167
17934
17681
16705
24626
18011
24497
16822
17328
17526
17899
24629
17259
17213
23963
18001
17445
17659
17445
17948
17644
24486
17948
24406
17450
18017
23963
25687
17450
18358
16822
26115
17201
25598
25598
25258
17526
17356
17661
26101
17328
18023
17450
18001
25622
17955
25927
24497
17681
17899
17359
24522
17201
23349
23923
26101
17899
17449
17644
17661
26115
24497
17924
25843
24486
24522
17957
18011
18771
17253
17528
18732
17213
18119
23963
17948
17659
25966
26118
25927
17948
17359
25337
24165
17659
25258
17924
25843
17599
25731
17934
26101
16705
25857
23996
18358
17996
17967
18023
17253
17599
18001
17490
25598
17490
23349
26118
25402
25916
26137
25785
18075
24539
17599
17328
25285
26137
17916
17929
18075
24244
24140
25337
17685
24573
18999
18327
24486
17528
25813
24244
24486
26118
18327
24255
26135
26135
23996
18170
25786
26118
25249
26118
17528
25857
25786
18771
24629
24497
17654
24140
18279
25249
18732
24593
18619
25337
25966
18810
17649
24255
23904
24700
18360
25916
25813
26135
18231
25402
18119
25966
25402
18939
24629
25263
18279
18351
18086
18175
17253
23904
25285
17899
17649
18178
18086
17476
17990
17599
17929
18687
18231
18076
24140
17490
17955
17540
17490
24629
26135
18119
25916
24522
17528
17990
23996
18939
18011
24486
18175
17967
24700
17685
25916
25916
24140
17929
17957
17897
23904
26135
26058
24522
17540
18119
24255
17897
17513
25249
18011
24539
26058
26172
24539
25811
18771
25249
25875
18118
23970
24700
18619
17916
25273
25786
17599
23970
17929
24462
18999
18351
26177
24593
18999
17445
18728
24154
25263
18222
17513
18011
23996
18279
24255
17540
26172
17528
24593
26177
17647
18810
24593
23970
24244
20845
18231
18939
17649
18175
18939
18935
24348
18687
18076
18728
24699
26135
17410
17471
17599
24255
26126
24074
21024
18031
25249
18744
18961
17897
17528
17528
25298
24140
18999
17528
24522
25875
17930
17916
24177
20845
26177
18279
20845
23904
26170
26170
25314
24140
18728
24539
24462
25273
24348
17990
18744
18107
18935
17483
23850
25314
21323
17647
21024
18345
24462
18231
17471
18619
18279
24539
23850
18351
18351
17685
25811
17483
18815
17540
17685
18935
18175
18011
17595
23996
25298
20976
24439
18231
17471
18619
18999
17897
24348
24437
26126
21024
26150
23850
25779
18939
24437
18031
18076
26177
18345
26150
17528
18160
25779
17595
18019
25766
18105
17410
17981
26170
18274
17897
24668
18242
25298
24366
20840
25766
17528
17557
24125
17513
24177
18815
18696
21024
24593
20976
18721
17930
18715
17626
21024
24713
26126
24668
21323
18999
24125
18118
24348
25314
18961
18935
26126
26126
18961
25298
24281
26126
18107
20984
24281
18279
18994
18994
21749
24135
18815
18253
20840
24125
18429
20976
18160
18222
18242
25766
21749
23850
18715
21323
18579
18930
18274
24366
18274
18721
21101
17626
25779
17930
21024
17575
18744
18160
24462
24177
18994
21434
18144
21051
17471
25779
18144
18200
17471
18964
18242
18859
20991
24135
24125
23850
17729
18645
21101
24340
18019
24281
20991
25896
19102
21051
17729
17483
18222
21323
26152
16340
18645
21101
21021
18994
17557
24177
25314
18882
20984
21749
24713
24315
18274
21998
19102
24459
17981
17626
25896
20840
21101
22691
25866
21434
18200
24125
18696
21021
17990
23943
26152
24366
24368
17769
18859
18964
25866
18222
24281
24437
24368
21332
18160
17540
21008
17598
17729
23850
20840
16340
17471
25819
17985
21749
21101
18274
20840
17575
18253
21008
17548
21998
18105
17572
17729
17575
25896
18429
23850
20927
24315
18780
18994
18930
18815
19074
23868
18744
18144
18715
20840
23256
18579
22908
18715
25819
18843
21021
24377
18030
18645
18181
17557
21323
17540
18930
21434
18150
21008
20927
18721
17540
21749
21101
18105
18429
16329
18645
23850
18721
17548
24135
18843
21442
20975
20998
22907
23816
21123
22730
23782
21323
19102
20835
21420
24547
24459
22695
25819
23816
24368
18579
18645
24285
21059
17742
21892
17426
22959
21332
20835
21749
18150
17572
17726
17762
21420
18429
20318
21745
21332
19006
20975
25819
21420
21420
18843
18540
24421
16491
20835
19019
21123
16491
16329
19064
19064
17464
23796
18056
21059
18780
22695
18181
17821
18780
17833
17552
20962
21123
23943
22749
21745
24421
18380
17833
20975
18540
23796
18801
21442
17726
20894
22959
18150
18229
21745
23796
18757
21442
19074
18056
19103
18740
20942
18775
17769
21892
23256
18757
21395
18740
21323
24421
21749
19006
21395
21332
19019
24285
17726
17572
23868
21101
19102
21954
16329
21745
21749
21101
20975
21950
21346
23943
20909
16491
18150
22959
18229
23796
18056
18775
21749
23943
16329
21084
21745
20334
21059
18416
21423
17769
18739
19064
21464
19102
17751
20332
23868
23816
17751
17821
18380
23816
23943
18455
17469
18181
17985
22027
18229
19074
20909
17726
23816
21395
21464
22678
21101
22027
18416
18293
20942
17769
18150
20909
19087
24421
20962
24421
20332
17572
18740
21395
18531
22678
21892
18775
23249
20334
21464
19059
21749
18801
23199
20942
18793
16629
21137
23859
17786
21464
23824
16326
18757
16447
22979
22663
17422
21749
21534
21940
17845
21301
20818
21323
21084
21395
22027
17833
16436
22750
21702
20461
21534
18380
22027
21892
21940
21798
20461
21137
18455
14601
21395
17769
22979
18739
18531
21702
17751
18816
17426
21395
18196
22979
21950
18739
21702
21772
16629
20909
20877
21157
17811
21323
19031
21323
18196
22750
21940
23199
16333
17775
21674
16465
20461
22645
14601
21459
16447
21084
18416
19087
20814
21395
16504
23859
17769
21084
18043
17464
21648
21115
22256
21395
20819
18466
17786
22752
23221
23824
20462
14625
17845
21280
21157
17813
23824
16437
21940
22020
18043
22020
22001
21789
18588
19087
17769
18483
14413
17775
18536
16499
21301
20819
17751
21315
23824
17769
20814
21315
21905
18801
21940
22256
14604
21346
21280
23221
21954
18483
22001
21702
16333
18466
16317
21789
18540
19024
21758
23040
22920
21954
20462
18826
21459
18816
20877
17422
21890
17786
17437
21648
16317
22001
18472
18043
21115
21459
17437
22821
16567
14416
18472
23031
21300
23824
14625
21157
17437
20387
14413
18496
16388
21702
16307
21157
15928
16499
21300
21890
17811
23040
21772
18196
21685
17786
22029
18196
16404
18484
21315
21696
14423
17708
21511
21913
23824
21115
21157
16333
17751
15164
20763
17786
16326
21280
20817
21315
22256
22936
21539
18484
18826
15928
22713
21575
15962
17785
18588
18483
22029
21913
23040
23824
23040
16567
21913
21867
16309
21315
18588
21057
21883
21685
21940
21883
21853
21758
15928
14400
20414
16286
21758
21360
21149
23040
18826
17786
21648
17775
21300
21115
23040
21685
20460
18047
21789
22256
16404
21822
21913
14400
17775
22677
20341
15928
14622
21890
17422
17809
14416
16404
17786
15164
18472
18484
16309
17437
14622
16122
18043
15276
18483
15962
18496
14597
16388
17437
17813
21856
22029
22100
20546
22706
18483
21696
20414
15152
20470
22100
18484
20569
21654
18507
21853
21360
20763
14400
17785
21300
18483
21255
21057
23188
16388
16361
14280
21612
18496
21255
21856
15168
21871
20767
21057
23031
18536
23040
21300
22936
20763
18472
22034
22104
14673
16388
21149
21360
16575
17708
16286
18480
22058
17785
16388
21853
21934
14597
14622
18469
15168
21853
21612
14317
15932
15932
16206
18483
14403
21758
15182
23050
17751
21255
21934
15173
18498
23040
23228
20500
15962
14179
20569
16361
15252
21822
17786
22158
18495
16122
14126
21661
21612
22192
17785
20569
14613
14445
22058
16388
22241
21255
14314
20767
16575
14673
21360
22635
21853
23188
21621
21255
14330
20405
15962
22595
16206
15182
17805
21853
21783
23228
17708
15152
15208
17809
20751
18495
18472
20433
18507
20405
16122
21821
21188
14403
14622
21246
21360
22058
17785
16575
14613
15252
22127
18480
21783
15962
14597
14317
15974
21149
15290
14179
15748
15173
22127
20470
14613
18480
21856
21360
17785
17804
23050
20546
17804
16622
20512
15997
21934
18496
22867
14314
15841
15182
21621
23006
20796
15875
21856
23006
21661
14613
19106
15168
21821
18498
16278
18498
21861
15748
21360
21360
21360
20796
14597
22595
14441
21831
20405
21360
15748
21934
14445
15208
15290
20552
15507
17809
16278
21149
20796
21188
14317
20767
20767
22713
14441
23041
14470
14597
21934
21821
22158
21480
21783
21861
14665
15936
20767
19106
22044
21783
21211
14613
15190
15841
20767
22158
20498
15173
16049
22127
20552
21265
22048
22250
20796
15256
19119
14606
22250
16278
16105
14324
20515
21831
17805
16224
16224
14497
15974
21861
22250
21934
16194
20559
15748
14441
15866
16201
15190
14606
15518
15997
16194
23006
14126
15290
15780
15182
16049
14613
22635
22158
20512
14597
16184
21480
15962
15117
21821
16288
17846
22084
23041
15518
23085
22231
20796
22048
16622
23041
15875
21480
20632
15780
15114
14497
21480
15805
15936
22158
22595
22044
16420
23142
14361
15748
22797
21265
21480
16260
22080
16194
16288
21211
19113
15607
22199
15904
15841
15190
14310
21829
21198
20786
17809
15518
21214
16049
21224
22080
22199
15780
15518
21589
15190
14441
21224
14219
21480
15256
23027
14372
16420
21829
15190
21829
14497
21829
14310
15507
19119
15805
20729
22115
15192
22288
21829
20751
21488
15921
21488
22080
20702
20559
20744
15607
14179
21480
22595
14187
22392
15516
15828
23085
14606
16260
22323
14126
14497
16257
11850
14179
23037
16264
15574
16622
14378
11849
20616
14156
20498
16257
15997
15518
14606
22084
15904
16422
14885
14219
15192
20744
22288
14310
14441
21480
20744
15497
22288
16052
11890
15997
15107
23085
14310
15117
15795
20739
20713
21211
19122
21488
14156
16049
14361
21480
14497
22313
15518
23027
20713
14885
20702
15518
14219
15904
15574
15199
23037
14609
21480
16422
15516
14009
20674
16199
16264
12022
15199
14137
22392
20713
15263
22403
15921
22158
23180
15607
14378
14179
15904
15574
19122
15497
16196
11849
15805
22398
16420
23180
22619
20583
15936
15192
23178
14187
22482
14179
14381
14606
14027
15866
14606
14126
15114
15247
15535
14441
16061
22619
11890
20583
11180
23180
14325
15196
15263
11979
22784
20776
20583
22595
22590
14362
23067
16052
14156
22347
22115
14497
14381
12322
22797
15771
22330
15829
11856
20713
22301
14372
15518
15199
15247
16224
15574
14498
14137
22301
21224
22403
15795
22577
15870
15107
14885
22590
20713
23067
14441
15712
20658
22433
11178
11300
20744
14441
15134
11908
15535
14497
22380
22347
22482
16426
16422
23162
15997
22590
22301
16040
14009
12322
11903
14027
22380
14606
22456
15765
14156
14156
14743
15858
20658
12322
22330
15192
16224
20674
16064
20674
15134
14325
20713
21224
14215
14470
20674
15199
15304
16199
14362
20724
14372
11281
15199
14061
14039
14465
14215
20583
11178
15681
11979
14377
15054
15795
15356
13618
15681
15681
15516
23178
14325
11300
23113
16145
15795
15044
14027
15829
15596
11151
11151
10413
23113
15725
11860
15199
14743
15771
14374
14480
20702
16224
16040
11979
14061
23113
22398
23137
22456
23125
23137
15771
20713
20583
23137
22590
11856
20583
22347
13653
10608
10602
15535
15063
11112
15712
20713
14470
15054
14223
20724
15765
22398
15304
14325
14027
20713
14009
14162
11178
22590
23144
14480
14743
22459
14215
16145
15356
11112
10743
14374
15795
14480
20711
12322
20713
13618
10688
15789
10335
15765
11112
14061
15196
22577
11860
16040
16044
15681
20711
15438
15639
10929
14156
14066
13653
23125
13653
14108
23125
10620
14162
15770
15438
20721
15596
22580
14213
20674
15134
14456
15725
11151
14027
10758
14480
14498
15612
15712
10601
14223
10899
20711
14172
14743
14203
15789
15132
10688
11281
20579
14456
10420
10758
14864
15725
23144
15054
22433
10758
22580
14473
15044
22514
15596
14192
15712
10601
20711
14473
13221
14449
13747
15247
14650
15639
20579
11281
14650
14475
22514
14192
12322
20579
14223
16426
10707
10630
23144
15054
15999
15328
11271
22398
14213
14039
20711
14456
10424
22398
20579
22459
15770
12934
13221
14027
14823
14215
14864
14689
15240
13741
10899
14223
22380
15725
12934
10707
14885
22580
14473
14223
11253
11987
13317
13653
20721
10949
20653
10949
20579
12934
14692
22514
16429
15233
22514
20721
15044
22575
14473
10949
12324
11987
16426
22398
13747
14066
14061
20653
15054
15063
14072
14372
13653
13747
20579
23144
20653
12428
14213
12322
15688
12324
11847
15110
22380
20579
15639
11308
12934
10858
14866
12324
14871
14111
12322
14552
14692
14025
12322
14033
13179
12934
22459
12322
12322
13189
15240
20577
10407
12324
13868
10837
11271
15323
15999
13317
13653
22542
14213
14213
20577
15328
11271
12426
15235
10588
14473
15648
22575
14689
14141
14646
10434
11308
15648
14072
22580
20579
20653
12426
12934
10588
11880
14813
22488
12322
13868
22575
14053
11136
22497
12398
20633
22514
10576
12426
20577
13653
14817
12831
15323
15703
16044
11302
14650
20711
14213
13576
13692
11302
13146
22580
11242
11814
10858
11118
11545
16429
14688
15999
10837
22585
13317
14475
15999
12992
14692
15307
22575
12707
20577
14053
13601
11814
20633
15226
10434
20633
20633
20711
22542
13221
13770
14544
14544
11242
14111
13335
14815
15240
13146
13227
12398
11814
11454
10588
13189
13146
13704
14459
14372
12029
12945
10949
13227
14688
13868
10837
14823
20633
14688
22488
10858
13576
12029
22542
15999
14817
12322
14688
12426
10588
22554
14815
14834
15110
12958
11621
11456
13770
11880
22488
14544
10949
12029
13189
11118
15235
11880
20633
11456
20594
13302
11118
12398
11621
14071
20633
14815
13692
13302
10979
15699
13868
12789
11545
14554
13686
12398
10858
16411
10588
11545
22497
15625
10858
12029
11290
14111
11209
20594
22585
13302
20633
14544
12445
14985
11493
12445
11784
22585
10949
12707
13842
10588
12716
10948
15312
12445
13227
11118
11118
12716
22497
14459
22554
16346
11935
15378
12716
10407
10843
14688
10573
12725
22585
13782
11784
22542
14986
14817
13782
22554
12445
10817
15307
13631
11880
11302
13168
15235
11519
11935
13160
22585
10843
14844
16346
12983
22585
13227
13576
11714
11077
11935
22554
13631
11493
13160
11118
11118
13377
11456
11508
12716
11784
22488
11257
13631
14847
13631
11456
15658
11487
14646
14517
10949
14554
12725
13221
13335
12877
11784
12029
13870
13868
12735
11519
15426
13682
14834
13826
11074
13221
11935
11508
13875
22518
14847
12029
11118
14985
13160
11487
11456
13782
13576
14659
12725
10850
13826
13704
14813
10850
11935
11935
11403
22518
14527
14662
11077
12983
13612
10838
13850
13878
10979
11774
22585
14662
13160
15307
22518
12735
11725
11074
11209
14967
11074
22518
13682
13631
13782
11077
11935
13576
11935
12983
12877
13160
14517
11714
14005
12735
11359
13335
13302
11257
13221
13851
15987
13377
13125
11725
14985
15307
13612
14843
10979
11519
15987
13490
13682
14527
12887
13160
11350
12983
12652
11350
15427
10838
22518
14843
13125
15987
14967
14662
11508
13633
14851
15560
10453
13633
11074
13516
13878
11369
12701
11350
12918
11403
13335
14838
10979
13612
11487
11350
10979
14517
13407
10838
16349
11450
14509
13200
13302
10838
11350
15664
12887
13612
12663
13154
11292
11403
11074
11746
16411
14964
15987
15553
11478
13852
15556
14556
14985
14517
13682
13490
10979
13612
11350
13868
13633
11074
10453
13682
13612
15407
13407
11068
13200
13200
14556
14967
12652
11810
14851
10829
13407
11809
11074
11430
11321
13083
13826
11489
13971
14967
10461
14777
11092
14000
13567
15987
11568
14838
11746
13490
12918
15760
12918
11369
14656
13407
13193
14775
13972
12875
16376
13083
14509
14684
12682
11068
10461
12673
13193
14556
13193
14838
14775
13137
13372
10461
13576
10461
11568
11319
13200
10829
13576
15444
12687
14656
16376
11068
15451
11809
11809
13516
13567
11810
13969
11478
14083
11480
14849
15760
15456
11068
12859
14000
13193
10963
10461
10461
11092
15447
14586
13083
13516
13969
15462
14838
13193
10454
13083
10461
14777
11369
13407
13083
11068
16273
13193
10454
12859
12673
13372
13852
13487
16273
14000
11009
15073
15460
11696
13451
14750
10963
11068
19219
10461
13567
11681
11568
13091
11681
13451
10454
15462
13549
11696
10963
10454
13419
13451
11486
13509
14748
11321
13517
13137
15449
10461
15760
14777
12806
12673
14970
11321
12638
14896
11705
10461
14100
11369
13517
16553
13969
13059
13109
11321
15460
11068
15730
13548
14095
11397
13477
14748
16377
19219
13091
15071
10963
15076
13083
11681
14750
13015
12795
14000
14083
13517
11397
13083
11009
13109
10974
11696
11325
15462
14897
11696
13091
10454
13487
11363
11696
14748
13509
10974
13487
10328
13969
13477
12523
11009
14960
10454
12187
13852
12638
12187
14000
15445
14348
11022
16516
13517
11705
13434
15445
10963
12621
11681
14970
10384
12187
14752
13002
15730
14000
14748
14750
11325
12635
16029
11022
10966
16531
19219
13428
11666
13434
11363
13002
13976
13428
14348
10974
14100
13032
13015
10328
10328
13548
11390
11022
12187
11681
16518
14100
13445
16024
10966
14946
14348
11003
16518
11390
13032
11666
15445
13477
13473
11345
10966
16518
14348
10384
13445
14346
13488
12539
16516
13969
15730
19230
11390
14969
14085
16029
14095
13013
16516
13473
15210
13015
14100
14348
11390
13976
10328
10529
11363
13517
16024
16534
16022
11666
14960
14969
10529
14346
12515
13477
13002
13461
12197
10529
11003
14260
14752
13517
16022
12515
12512
10966
13477
12048
10966
12515
11666
13013
14946
10515
12197
11666
14960
13459
13461
11345
12048
13976
16531
19535
13488
16024
14346
14348
19765
12194
19746
11022
10391
13938
13969
13004
19232
10511
19746
11003
13032
19219
15097
14348
19600
11666
19213
12539
15097
10511
14095
14260
12197
10391
13445
14346
10529
16531
19765
10391
13473
10391
11409
19213
16022
20186
14085
14248
12194
20034
20186
13461
10529
14346
19213
15097
19600
14348
12194
19430
14260
13049
19761
20253
13461
11409
14100
14100
12194
13013
14346
15097
14946
14260
15097
13459
13939
10996
19761
14348
14260
20149
15097
10509
13938
19667
19754
12174
12048
12238
12194
14939
19749
11003
12512
12048
12048
19213
14085
14346
19749
14346
20253
10519
20186
19672
10509
19213
14242
19329
19749
12094
10391
14087
14946
13976
10465
19824
19761
10519
11409
19497
19165
14248
10509
13049
12118
14248
12194
12048
19165
19754
20253
19558
12224
19749
19165
13938
10996
19165
11003
11408
19667
12118
20049
20149
10465
19672
12094
19658
10498
12174
19558
19232
19558
19558
11409
13939
19165
13461
19749
12053
14242
12174
14242
19147
13004
19558
10465
19658
12238
19487
12194
20277
12194
13054
19147
19679
12194
12194
13976
20208
13043
19329
19165
13461
14242
11003
13938
13043
12244
19679
12112
19201
13034
19147
19201
19775
12053
14939
19827
19775
14087
12244
10465
13793
10519
10465
10487
12173
10346
10487
13938
13938
10498
10519
10520
19807
12244
19201
10996
19147
10487
19679
12173
19672
14939
19375
19147
14242
12103
12238
12053
12112
10465
14242
12053
13793
12053
13904
13034
20199
10520
12053
13461
14242
19147
19209
20067
19201
10498
11409
13054
12103
20277
12094
12103
12244
13034
14939
20155
10477
13054
12097
19827
19679
13939
10477
10477
20155
12103
10346
10346
19209
13045
19487
13043
10498
12053
20277
19375
19699
13895
19698
10520
10535
13043
19147
19536
12244
12248
20053
19847
19375
14939
20272
12067
12103
19487
19295
20155
14939
12112
19375
12097
13943
12097
12244
10346
19497
13895
14939
13793
19147
12067
10480
19245
20069
14792
10477
12103
13975
10520
13895
19147
14795
14924
19162
19375
13037
19324
13904
19162
12244
10346
19487
19295
12097
20208
12248
19299
10474
19536
13045
14924
19375
20225
12248
12248
10480
14939
19679
14792
19699
12067
12103
10480
13943
13895
19847
13910
20272
19375
14943
12067
20053
19536
10480
13793
13910
19162
13910
19698
10480
19497
19162
13910
14795
12038
12206
19843
12206
19162
19698
12247
12247
14792
19853
12254
19375
13895
19319
19971
19517
19324
19375
13910
12206
12220
12067
20069
20208
13943
19843
12247
19699
13910
19589
19162
19589
13910
13910
13895
19282
19528
19450
12206
14924
14808
13895
13910
19565
13895
19375
14943
12254
19853
13919
19698
12254
19590
12220
12212
12220
19971
12038
20259
19698
19299
14916
13919
14924
19983
12038
19162
19517
19847
12214
12212
13919
19860
12214
12212
13927
19133
13936
20155
19381
20281
12038
14916
20281
19565
20069
13936
13927
14924
19847
13919
19699
19589
19476
19528
19162
19282
19381
20288
19391
13927
14916
19391
14808
13936
13927
19590
12038
14916
19565
19698
20062
14808
20163
19282
19324
19450
20213
13927
20232
19282
13927
14916
19381
14808
19263
13927
19528
19391
20232
20009
14916
19263
19971
19268
20163
14808
19971
59307
19450
19590
19698
19573
20069
19263
19476
19381
19362
19324
19450
19391
19573
19391
19318
19698
19860
19983
19391
19710
19573
19589
19590
19983
20259
19362
19417
20097
20259
20009
20097
19983
19302
19573
19381
19860
19722
19993
19417
19302
19698
19503
19710
20062
19381
20163
20121
19589
19573
19993
19503
19391
19391
19362
19318
19302
20300
19324
19968
20097
20300
19983
20009
19573
19983
19993
20260
19391
20097
19381
59307
20260
20163
59326
19573
19722
59254
19722
59157
19971
19503
20082
19971
59326
20170
19939
59254
19253
59340
20260
20082
59157
20097
59307
19883
20082
19939
20244
20009
20170
59263
59157
19968
19939
19381
20121
59300
59167
19302
58231
20009
20170
58231
58287
59264
19883
19381
59340
19503
19971
20260
19503
19896
59262
20163
57591
20082
19971
59167
19940
57545
19939
58261
59264
20082
20097
20009
59300
19896
58235
57582
58273
20121
59230
19896
57582
19939
58279
20097
19503
44670
59287
20121
58287
19971
19503
57591
19252
44947
59216
19252
20244
19939
57499
19939
19895
20163
58287
59230
20117
44670
58273
58273
57528
19971
57582
44670
58309
57585
58258
58212
20133
57597
20133
19939
58334
44947
20009
59191
44947
20009
20089
20244
58235
58287
19896
20019
20082
44847
58235
58334
20019
19870
58273
59230
19940
59191
44947
20133
44824
19940
58309
58212
57582
58180
57470
57598
58337
20086
44947
57598
58335
57528
44941
20117
57470
57542
57573
57470
58309
44811
20019
57598
44865
44905
20117
19896
44941
44847
58334
19896
58192
44811
44936
58314
59102
44847
20089
44954
59102
58235
57598
57619
44865
59030
44947
59086
44947
58309
59086
59086
44682
44682
19896
57619
44847
58212
58335
44865
20019
57470
58335
58898
44954
20100
44865
57612
20019
58358
57614
58192
44954
44690
20308
58342
58358
59086
58154
44936
59102
59086
58147
44947
57614
59042
58331
44870
44680
20100
57485
57573
57512
44887
58358
58898
57614
44872
44690
44680
44555
59086
59102
44887
59042
57612
44536
55649
58342
57448
55722
57448
58376
44767
44936
57614
44555
55498
44555
55722
44811
44585
57668
57485
44767
44954
44767
44574
44811
44954
44872
57614
44536
44887
44585
58342
44432
59024
44887
44596
57490
44682
44150
58154
57490
55498
44887
55657
58376
58393
44698
44555
44546
44753
57693
58376
44587
44546
58331
44150
59022
44698
44156
57696
57490
58937
44529
44753
55554
58397
44156
58147
57668
44059
44719
43560
57693
44587
44574
44156
44150
55657
44432
44753
44767
44150
57475
59017
44682
44741
57490
44887
44059
44587
41696
58912
44753
41696
59022
41696
43802
58912
43560
44741
44753
44596
55554
58667
44585
42742
42527
57652
44767
42527
43560
44961
41696
44059
44753
57668
57617
58682
55473
58376
59022
41696
44645
57671
58937
44741
43802
45002
44961
44059
58397
43560
42742
44185
44289
43560
44767
44767
58682
45002
42742
58682
57475
44289
58725
57668
44289
44605
58667
55473
44719
44617
58927
44965
58927
57658
58915
44767
43560
44682
43560
44781
45002
44289
57682
57713
57671
44807
58927
43560
58987
43560
58915
42329
59000
44628
42742
44617
44767
43560
43560
42527
43802
58767
45002
58459
44645
45010
58609
44059
44781
57713
58927
42329
45002
44185
44605
58147
44781
55474
56463
57658
44807
44961
42742
58785
44289
58405
44289
44617
43560
58927
57954
45002
44767
55474
43560
45002
58405
58927
44767
42329
44185
58694
45010
57711
44185
42329
59000
44617
45002
57671
42329
44781
44462
43591
56463
44767
42527
42128
44767
58987
43111
44289
43802
45002
45010
44617
44605
42329
45002
42329
44963
44767
58927
57739
45002
57671
44289
42329
43591
57739
42527
44767
42527
58459
57867
45002
45002
44781
43802
44289
58405
56368
41859
43117
43111
44617
58037
42527
42329
55474
42161
44074
57662
41662
42134
42329
57679
58725
44185
43521
57777
43521
42445
42078
42742
42134
58543
56893
43117
42445
42329
42134
58807
44994
58037
44462
42711
57708
57711
43591
42329
58807
58459
43117
42445
45009
42161
44994
42711
44994
44994
58713
44074
43553
58743
45010
42711
42137
58037
58531
42078
43873
43521
57866
45010
58037
42445
57867
42445
43117
42329
43117
42134
42128
55357
56368
44963
42134
44448
42780
42445
58767
57802
44994
42128
45009
43521
45009
57739
57849
42161
43521
42128
43553
57640
43604
43957
58531
43957
44462
45010
43604
57942
44462
42137
42137
43521
44994
58543
57708
44994
42161
58037
42078
42711
43521
45009
58486
56391
42137
57849
42780
44135
42445
43521
42161
42711
58713
44462
44994
42128
42780
43172
42137
45010
55357
42134
42711
43521
57679
42134
44994
58743
42711
42701
42161
42137
56391
42076
58550
42128
58713
57711
58743
58557
42711
43729
42161
58757
43172
57708
58019
43604
43521
42078
43254
42137
43957
42128
45009
42344
44135
44963
57854
56912
42161
45009
58023
44963
58019
57640
57711
41901
43521
42807
58807
57854
41918
56301
57849
42459
42711
41919
58486
43957
58557
58543
57942
58019
41869
43484
57849
43382
42137
41901
58767
42711
42023
44963
42682
44963
56292
56224
41918
41869
42711
42260
57640
42076
57977
58713
43484
42701
43439
43729
42076
56299
42078
43172
56228
42078
58757
43382
56301
42076
43484
45009
56292
41901
42076
42807
43484
57016
43439
41869
42682
58713
56299
42076
41986
42157
43439
41898
56117
41869
58798
42023
42807
58019
42076
42076
58023
42076
57977
41901
56520
42675
58713
43484
42459
41869
43382
42270
57854
56299
56912
41986
56228
44018
41986
58713
41873
41919
42055
43023
42675
41919
43382
58023
42260
42113
56292
42459
43877
58023
43382
41869
42076
57016
56117
42076
56301
42270
58116
41901
43196
42076
56292
42076
42062
56292
43382
56224
41869
58007
42023
57977
43458
56268
42062
55818
58833
42055
42260
42062
42023
41869
41898
41898
41986
43382
56189
42023
41901
41986
42157
57045
58096
41919
57119
42076
42657
42662
56912
41901
43458
42122
56117
56520
42113
42663
42062
43788
41869
58757
56510
43709
58862
41869
58007
41944
41986
42062
41869
58757
42062
55818
43788
56514
42657
42023
41986
42120
44018
58116
41901
41873
56292
41944
42120
58843
56189
56117
42023
41986
57045
58798
42097
41803
42023
41986
41869
57045
41944
41986
41944
56514
57119
57029
42120
41803
42053
55772
58116
43709
41803
42122
43474
56189
41986
41945
41893
42097
41944
41835
58007
43709
41945
43788
41986
58102
56172
41986
42093
42093
41835
43709
58833
43458
41986
56556
58007
41944
41803
43474
56241
41944
58133
42120
42097
57119
43458
42663
56556
41835
56528
56129
56172
41893
57129
57029
41835
41945
41890
57129
41986
43709
42053
41835
41945
56528
42093
57233
41730
43702
41945
58096
58133
56556
41835
56172
41835
41944
56241
43702
41972
58833
58843
58102
58096
58102
57119
42093
41945
56615
57190
42120
41972
42120
42093
42663
41730
41803
41986
41972
57408
56556
57055
57173
57129
56528
41972
41835
41835
41730
56872
42104
58096
41945
56620
57231
41972
42120
41835
42109
41831
42042
57230
57190
42120
42104
41835
41831
57408
41972
57055
56615
56695
58862
57178
41809
41890
42042
41909
56615
42104
42042
56528
57173
41972
58833
57126
42120
41879
42040
41972
41890
56603
41829
57173
42109
42042
42040
56620
41831
56872
41998
57408
41778
41809
57223
41972
41731
56872
41831
41778
56881
41829
56620
41831
57189
56831
57126
41998
41998
41805
41879
57367
56630
57230
56831
42042
41778
57268
41831
41731
41829
41831
57231
56648
57189
41809
57230
57364
41783
41809
57268
41831
57367
41879
56831
42040
41778
57364
56642
56630
41959
41809
57173
57262
56881
56630
41959
41998
56630
41829
41731
41809
57157
56659
41731
56714
41998
57223
56881
57367
41998
56778
41809
57408
41831
41783
57157
57157
56625
57268
56881
41745
57364
56659
56665
41809
56625
57180
56642
57403
42040
41976
57157
56714
57403
56665
41998
41789
41998
57262
56630
57185
41789
41976
57180
41783
41805
41998
56634
57157
41998
41783
56881
41938
57310
41959
41938
41976
57157
56778
56754
41959
41745
56778
56653
57403
41938
57364
56665
41976
56881
57380
57268
56881
56633
57185
41841
41976
57305
41777
57310
57305
41805
41841
56754
41777
41991
57264
57185
56714
56778
57323
57264
41805
41745
57380
41938
56754
41777
57380
41938
57310
41789
56669
56781
56754
56781
41841
41789
57264
41841
57375
56851
57329
57310
57387
41991
57387
41777
56669
41938
41938
57323
56851
56807
56947
57329
41938
56781
57264
41789
56754
56775
41841
41745
57264
41745
56669
41991
57310
57264
41991
57375
57310
57375
41747
56775
56807
56851
56669
56947
41841
56786
57329
56669
57323
41991
57264
41747
41756
41747
56744
41991
56947
57310
41763
41763
41756
41991
56851
56947
57264
56953
41756
41747
56744
41718
56947
41747
56953
41747
56407
56786
41757
41718
57293
56409
57293
57329
56409
57293
56744
56744
56744
56947
56947
56407
56407
57266
41757
57266
57293
56407
41718
41757
41763
41718
56428
56438
57329
57293
56407
41757
56438
57293
41757
56947
56407
56407
56438
56438
56979
56428
56979
57266
41718
56744
41757
56430
56929
56428
56428
56438
56979
56744
41757
41757
56979
56929
56929
56746
56746
56430
56438
56970
56746
56438
41718
56438
56970
56438
56438
56430
56438
56438
56438
56438
56438
6049
6704
7292
39626
39626
38622
38622
39626
39626
41580
39626
38622
38622
36955
41573
37831
36854
