6744
6744
6838
6739
6744
6807
6807
6841
6807
6749
6739
6760
6755
6685
6841
6854
6843
6854
6843
6749
6823
3356
3356
6841
6852
6853
6822
3359
6842
3355
6656
6657
6869
3461
3457
6822
3467
3407
6755
6737
6851
6825
6824
3457
6842
6865
6760
3443
3430
3360
3352
6760
6756
6649
3467
6832
6869
6753
6827
6822
6821
6823
6865
6671
3301
3414
3351
3413
6633
3440
6749
3298
6823
6824
6845
3353
6827
3352
6829
6751
6751
3443
3454
3360
6703
3238
6825
6773
6790
6639
6656
3408
6636
6762
6762
3397
6636
3358
3358
3301
6633
3447
3290
3445
3414
3278
3448
6755
3408
6749
6671
3295
3428
6804
3408
3448
3358
6636
3254
6657
6753
3252
3414
6639
3231
3225
6755
3427
3427
3352
6695
3316
6831
3215
6822
3362
3351
3358
6797
6823
3291
6790
3445
3413
6823
6695
6809
3270
3300
3441
6849
3290
3351
6760
3225
3455
3441
3238
3447
3447
3364
3413
3300
6804
3425
3358
6831
3226
3277
6790
3448
3427
3450
6755
6636
3236
3452
3399
6751
3263
3290
3351
3450
6803
3390
3225
6824
6639
6636
6832
6775
3215
6749
6636
3231
6619
6639
3295
6809
3307
6822
6849
3316
6762
6825
3397
6809
6753
6797
3267
6824
6770
3427
3358
6823
6755
3352
6751
3441
6760
3290
6762
3228
3423
3409
3300
3424
6760
6703
6695
3453
6760
3294
6803
6657
6827
6831
3216
3408
6788
3225
3425
3226
3446
3364
3351
6755
3223
3453
3441
6762
3387
3446
3431
6827
3422
3390
6788
6804
3357
6788
6639
3409
6617
3386
3411
3364
6695
3449
6749
6751
6619
3424
3307
6636
3387
6827
3300
6809
6670
6803
6755
3390
6636
6639
3453
3404
3358
3307
3423
6790
3282
3300
6809
3411
3351
6773
3263
6672
6809
3216
3442
3352
3225
3423
3349
3441
6775
3420
6822
3295
3358
3228
6753
3225
3420
3357
6760
3231
6617
3453
3426
6790
3422
3397
3226
3224
3233
3267
3294
6832
3220
6749
6770
6695
6788
6777
3352
6638
6753
6751
3411
6790
3283
3295
3398
3349
6695
6790
3220
6777
3403
6805
3358
6788
3414
3263
6783
3351
6803
6638
6636
3413
6809
3453
6749
3263
6703
3300
3420
6636
6788
6755
3389
6636
3387
6616
6615
3234
3216
6770
3271
6815
3300
3317
3284
6617
3271
3220
3216
3403
6790
3383
6760
3383
6639
6769
6788
3404
3274
3274
3387
6760
6760
3387
6778
6672
6755
6753
3397
6788
3351
6695
3410
6788
3357
3421
3404
3233
3403
6762
3415
3398
3304
3403
6751
6636
6616
3389
6797
3357
6760
6636
6803
6806
3404
6762
6812
6788
3387
3317
6641
6789
6759
6747
6777
3379
3386
6641
3403
6803
3300
3213
3215
3373
3422
3410
3216
6636
3303
3300
6760
3312
6811
3410
6788
3220
6784
3423
6755
3405
6760
6617
3403
6773
3410
6762
3270
3403
6805
3283
6810
6636
6747
6636
6737
3405
3256
3420
3405
3284
3398
6755
6697
6788
3351
3349
6814
3374
3370
6759
6615
3357
3423
6636
3421
3410
3246
6672
3317
6762
3403
6812
6615
3410
6617
6697
3349
3233
6760
6642
3340
6637
6747
3383
6623
6823
3395
6784
3216
3235
3271
3398
6670
3300
3403
6762
3304
3379
6762
3317
6755
6762
6615
3398
6762
3349
6789
3379
3246
6637
6759
3319
3269
3386
3350
6777
3412
3405
6806
6759
6762
3270
3389
6740
6759
6789
3373
3389
6642
3387
3248
3403
3357
6758
3421
6759
3272
3304
6762
6786
3245
3235
3349
3420
6787
3349
3357
6787
6697
3350
6759
6806
6806
6773
3347
3415
3304
6772
3280
6812
3350
6654
3341
3383
6755
3284
3293
6740
6787
6763
6761
6768
6755
3293
3423
6706
6706
3370
6641
3319
3349
6772
6778
3374
6776
3349
6615
6748
3405
6814
6803
6796
3370
3383
3387
3403
3337
3348
6759
3256
3305
6670
3292
6759
3314
6697
6697
6768
6672
3347
6781
6811
3280
6772
6708
3305
6759
3347
3349
3388
6763
3272
3319
6787
6712
6662
3403
6740
6789
6789
3373
3341
6786
6670
3256
6706
3370
3314
3370
3314
3304
3269
6697
3369
3416
3405
3345
6641
3314
6672
3343
6702
6708
3305
3374
3398
6803
3292
3403
6628
3305
3272
6708
3384
6814
3339
3370
6784
3305
3415
3370
3346
3343
6787
3337
6767
6767
6816
6806
3373
3338
6818
6670
6774
3348
6710
3398
3305
3416
3341
6818
3376
3344
3272
6627
3377
3338
6768
3346
3369
6629
6819
6816
3388
6796
3396
6771
6787
3339
3369
3419
6794
6717
6818
6819
3341
3369
3381
6774
3368
3376
6803
3338
3418
3418
3388
3381
3395
6802
3375
6778
6669
6669
6786
3369
6691
6802
3419
6787
6768
3402
6817
3339
6785
3342
3398
3433
3342
6780
6819
3377
6776
3394
3377
6776
6801
6682
6781
6771
3368
3385
6802
3372
3339
6793
6819
3339
3398
6682
6794
6794
6817
3339
6691
3388
3367
3393
3372
6800
3372
3416
6818
3419
6833
6802
6780
3368
3333
3417
6771
3419
6802
6734
6816
6781
3377
6787
3375
6795
3365
6771
6819
3396
3433
3368
3402
6781
6802
6781
3381
6795
6800
3366
3366
6817
6785
6802
3393
6776
6785
6833
3365
3384
6794
6833
6780
6793
3385
6802
3365
6819
6780
3376
6801
6817
3371
3393
3416
6793
3394
6771
3400
3368
6802
3366
3365
6780
6819
6801
6793
3380
3381
6734
3394
6782
3366
6735
3371
6794
3392
6734
6793
6791
3380
6802
6782
6733
3396
3365
3434
3328
6793
3433
6781
3333
3402
6771
3392
3333
6781
6834
6835
3393
6794
3382
3366
3400
3402
3433
3382
3381
6835
3371
6780
3392
6802
3381
3393
3380
6870
6834
6792
3401
3393
6733
3334
6735
6782
6781
3335
3434
3433
3402
6781
3400
6734
6731
6834
6733
3435
6733
3401
3371
3391
3393
3401
6792
6802
3392
3371
6834
6735
6735
3394
6729
3381
6836
6736
3335
3328
6728
6833
6781
6792
3433
6837
6834
3382
3371
3334
6834
6735
3434
3391
6734
3334
3391
3336
6791
6791
3400
3333
6735
6731
3393
3400
6731
3335
6835
3433
6733
6870
3394
6781
6834
6729
3392
6731
6870
6833
6725
3382
3392
6733
3336
3333
3335
3328
6735
6834
6870
3393
6782
6732
3470
6736
3329
6733
3470
6729
6728
6736
6732
3328
3334
3329
3470
6834
6610
6729
3329
3436
6731
6610
3200
6835
3335
3208
3325
3335
3326
6733
6782
3437
6727
3332
3210
6732
6870
6725
3436
3470
6728
3470
3391
3330
6731
3331
3199
6834
3325
6728
6834
6726
3330
3433
3200
3329
6731
3329
3330
6834
6870
6729
6601
3328
6731
6731
3326
3200
3329
6726
6727
6837
6725
6729
6725
3327
6600
3328
6729
6610
3209
3208
3326
3330
6611
3329
3208
6599
3332
6728
3210
3331
6731
6870
6599
3436
6726
6725
3436
3332
3332
3327
6730
3211
6731
3325
3205
6610
6600
3205
6610
6610
3210
3326
3199
6729
6726
6603
3205
6730
3209
6605
6608
6602
3199
3191
3331
3331
3327
6727
3210
6599
3200
6601
6604
6600
3332
3200
6611
3208
6599
6601
3194
3205
3332
6604
6605
3208
6607
6721
3208
3211
3209
3323
6724
3324
6723
6723
6601
3201
3200
3201
6609
6600
6599
6604
6600
6608
3320
6609
3206
3199
3324
3205
3178
3208
6611
6721
6609
6607
3324
3323
3203
6604
3204
3205
6586
6602
3191
6605
3203
6721
6605
6602
3204
3204
3205
3178
6604
6724
3324
6595
3194
3177
3189
6587
3206
6603
6576
6596
3320
3191
3177
3324
6723
3203
3189
3186
6723
6587
3194
6723
6607
6591
3177
3189
6582
3196
3201
6587
6721
3191
6594
3196
3203
3183
6577
6586
3324
6596
6583
3195
3320
6606
6724
6723
3195
6582
6577
3189
6577
6576
6595
6720
6591
3186
3189
3191
3191
3178
6590
3191
6720
3207
6723
3195
6583
6722
6579
3322
3324
3186
3320
3193
3195
3197
3183
6595
6591
3177
3193
3183
6580
6577
3179
6722
6720
6589
6596
3207
6590
3188
6606
6592
6589
3190
3188
6595
3179
6595
3192
6577
6592
6596
6590
3183
6720
3193
3186
3190
6593
3321
3190
3188
3188
6720
3176
3184
3198
6584
6580
6578
3176
3190
4611
3322
3185
6579
3176
6597
6588
3195
6581
3184
3193
6575
6590
6593
6595
6720
6588
6597
6588
3179
6722
6592
6592
3179
3190
6593
1130
6581
3182
6597
3192
6592
3175
3190
3176
3185
6590
6584
3188
6589
3193
3188
3187
3175
1136
6581
6584
6575
3181
3188
6588
3181
6575
3185
4612
3321
6722
3176
6590
3180
4611
3175
6592
1124
1137
1121
4849
4607
1121
1137
1124
3180
6584
6581
1159
4606
1124
4623
4623
1133
1136
4623
4645
1130
5004
4607
5004
4607
1122
1137
4612
1134
1134
1533
4607
3181
4645
1533
1136
1130
4622
1130
1124
1123
1131
3175
1375
4622
4618
1125
4610
4645
1133
1136
1122
1121
1137
4611
4606
4621
4606
4607
4617
1131
4621
4612
1125
1134
1136
4618
4622
1124
4616
1131
4606
4611
4849
4619
4610
4623
1136
1159
1121
4622
4645
1124
1136
4849
1121
1137
4644
1532
5004
1123
1129
4609
4621
1122
1124
5004
1136
4623
1137
1132
1114
4616
1135
5004
4611
1128
1132
4605
1122
1105
4645
1113
1118
1105
1125
4603
4623
1159
1118
1132
4849
4608
4603
4615
4606
1129
1128
1118
1113
4591
4644
1125
4618
1106
4616
4623
4591
4644
1135
4602
4594
1132
1117
1123
1120
1159
1118
4599
4605
4605
4605
4620
4613
1114
1120
4614
5003
1135
4644
1157
4605
1105
4616
4613
1113
4605
4613
1120
4848
4615
1135
1105
1127
1113
5003
1132
1157
4603
1127
1114
1117
4620
4608
1118
1126
4603
1114
4644
4591
4594
1532
1532
1118
4591
4599
4847
1126
1129
1532
1157
4615
1129
4599
4847
1376
4594
1106
4603
1114
1118
4602
1113
1105
1117
1126
1530
4946
1114
1110
4603
4644
1110
1113
4598
4599
1475
1129
4591
1106
4604
1113
1118
4847
1530
5002
4603
4608
1108
1113
5002
1158
4594
1475
4597
4945
4594
1114
1120
4601
4597
4599
1117
5002
1120
4603
4591
4563
4564
1374
1107
5002
4613
1116
1114
4643
4601
1119
1110
1530
1158
4592
1472
1119
4945
1473
4948
1107
4946
4594
4946
4643
1111
4948
1115
4564
1115
1473
1108
4604
4948
4604
4604
4563
1119
1076
1531
1077
1107
4945
1110
4593
1116
4563
1119
4847
4600
1110
1112
4847
4593
1531
4598
1107
4599
4563
1116
4592
4598
5001
4948
1466
4643
1158
1119
4600
1119
1473
4563
1116
4598
4604
1107
4847
4643
4596
1107
4946
1472
1077
4948
1158
4600
1119
1473
4593
4948
1116
4604
1107
4564
4593
5001
4563
1109
4604
1077
1474
4564
1531
1090
1116
4593
1090
1110
1116
4593
1076
1119
4600
4604
1467
4598
1374
1116
1090
1474
1474
5001
1110
4847
4593
4600
1119
1116
5001
4563
4596
1109
4598
1112
4564
1078
1119
4563
1115
4595
4573
4601
1090
4846
1090
4643
4564
4581
1119
4939
4939
4941
4604
4641
4563
1112
5001
1087
5001
1471
1087
1471
4574
1474
4939
4604
4948
1471
1075
1466
4596
4604
1155
1087
1095
4596
1471
1109
1467
1467
1466
4562
4846
1531
4846
1096
4947
1090
1090
4947
4573
4581
1109
1075
1474
1112
1090
4562
1109
4584
1087
1373
4574
1531
5001
1471
1531
1155
4581
1095
4944
4574
1078
4641
1087
4595
1467
1531
1155
1471
4941
4944
4944
1095
4944
1466
4562
1078
4641
1096
4561
1088
4584
1093
4596
4573
5001
4573
4561
4595
4939
4562
1471
4595
1095
4562
4595
1529
1087
4941
4944
4584
4641
4575
1090
5001
1155
1466
1471
1466
1095
4596
1093
1474
4574
1093
1465
1092
1089
1465
4940
4944
4641
1474
1093
1471
1096
1093
1095
5000
1092
1096
1092
1093
4845
4579
4562
4581
1078
4573
4580
4947
4590
1088
1104
1156
4942
4579
4562
4940
4938
4641
4561
4944
4944
4562
4575
1104
1093
1529
1096
1100
4584
1088
1468
1471
1095
1098
4642
1092
1089
5000
4938
4582
1470
4583
4576
4580
4561
1097
4580
4575
1156
1088
4942
4575
1465
1465
1471
4562
4845
1098
1093
4944
1468
4576
4588
4587
4580
4940
1468
4583
4588
1098
4642
1088
4583
4576
1529
4582
4845
4588
1101
1093
1529
1470
1097
1529
4587
4580
4576
1097
4590
1156
1097
1372
1098
4587
1092
4940
4642
4942
1100
4575
4582
1097
1104
4588
4578
1526
4588
4940
4590
4845
4575
4938
1091
1089
4583
1091
1154
5000
1101
1528
4577
4588
1470
4583
4575
1094
1465
5000
1097
4590
1465
4578
4576
1470
1091
4582
1101
1528
4639
1468
4587
4577
1098
1526
4576
1178
1094
4942
1097
4668
1156
1098
4669
4942
5000
1101
1156
1100
1091
4575
1084
4940
1097
1528
4590
1468
4577
1526
4639
4583
4582
4588
1468
4668
1528
1091
1104
1152
4588
4587
4589
1528
4642
4668
4578
1098
4588
1470
1091
1101
4639
1091
4998
4576
4845
4997
1526
4998
4578
4582
4582
1083
1154
4942
4997
1182
1097
1103
1098
4572
4586
1182
1101
1154
4942
4669
4668
4572
4585
4997
4577
1182
4669
1526
4572
4586
1182
4638
1469
4585
4567
1178
4569
1099
4639
4589
1469
4585
4943
1081
1091
4639
1102
1102
1152
4569
1184
4572
4943
1528
1082
1526
4568
1083
1082
1102
4639
4668
1527
1083
4567
4586
4668
4997
4585
4669
4669
4845
1084
1082
1154
4943
4663
1103
1152
1183
1527
4999
4585
1469
1102
4585
1469
4639
4586
1183
1469
1526
1178
4663
4568
1152
1183
4943
4569
1154
4639
4586
1154
1183
4943
1082
4997
1081
4667
1084
4669
4943
4670
4638
1527
4565
1086
1102
4668
4666
1081
1085
4663
4666
1079
4560
1180
1102
4571
4567
1152
1083
4568
4567
4569
1084
1061
4585
4565
1152
1181
4585
1080
1102
4560
1181
4999
1085
4586
4586
4662
4566
1083
1527
1084
1079
4569
4547
4640
4667
4565
4566
1176
4670
4571
1153
4667
4585
4586
1081
4664
4666
1086
1525
1073
1081
1153
1079
1177
4663
4999
4567
1176
4571
4558
1073
4570
1066
1080
4558
4560
1181
4664
4640
1057
4666
1072
1079
1085
4570
1181
1072
4640
1066
4662
4571
1080
4565
4565
4547
1181
1081
1066
4996
4560
4662
1086
4566
4566
4667
1085
4560
1153
4548
1073
4558
4667
1525
1151
4560
4547
1081
4551
4548
1086
4637
4670
1180
1061
1153
4637
1085
1061
4551
1176
1057
1066
1074
4637
4558
1064
4547
4664
4543
4571
1057
4844
1058
1058
1525
1071
4546
1057
4560
4996
4571
1525
4547
4558
1073
1069
4570
1177
4570
1066
4553
1086
4546
4551
1065
1073
1058
4637
1058
4637
1067
4553
4560
4558
1066
1069
4637
4560
4553
4553
4546
4637
1525
1151
4559
1074
4553
1151
4996
4548
4559
1176
4554
1050
1068
1064
4537
1371
1151
4554
1058
4665
4546
4996
4557
4844
1074
4637
1057
1179
4844
4557
4552
4844
1063
4665
1069
4996
1073
4550
4546
4559
1060
4556
4543
1069
6873
4554
4996
4557
1525
1524
1151
1064
1074
1062
1524
4546
4665
4548
4556
1050
1058
6872
4552
1071
4546
1068
1371
4552
4996
4557
1060
4559
1050
4553
1524
1063
1059
6873
1074
1067
1060
1069
1052
1062
1060
4552
1060
4554
4637
4544
4554
1371
4557
6872
1179
4559
1071
4537
4537
1059
4557
4549
1071
4550
4553
4549
4544
4559
1050
1151
3475
4546
4554
1069
4843
1067
6872
1059
1051
1051
1059
4540
4538
1060
4843
4545
4995
4545
4556
4556
4536
1524
1054
4544
1524
4535
4554
1071
1017
1017
1017
6873
1524
1069
4501
6871
1069
1016
4995
4550
1052
3473
4540
1050
4538
1051
4995
996
4557
4538
1074
1051
4541
1053
1070
3474
4483
4539
4538
4538
1370
996
4539
1053
1150
4545
4636
4535
1059
4507
4555
1017
4483
4539
4539
1054
4487
4487
1000
6873
996
4534
4501
4483
4636
1000
4540
1059
4502
1070
1005
1016
3474
996
996
3473
1050
4541
1524
1016
996
1055
999
1000
4539
4635
4541
4635
4486
4542
4486
1054
1006
4555
1005
4555
1055
4507
4502
1000
4506
1149
4555
3475
1005
4635
4487
4535
1054
4635
999
1053
996
1016
4540
1016
4539
4507
4483
4487
1049
4539
1523
4542
1000
4492
4487
1017
4506
4539
4541
1370
1054
1054
1048
1017
1017
4501
4494
4994
4494
4994
1149
1019
1000
996
4493
996
4541
1055
4501
4542
4493
1048
1016
4506
4507
4534
4494
4541
4502
4635
1053
4635
1054
1005
4496
4492
4482
997
1005
1000
4496
1015
997
4494
1056
4533
4484
4533
1005
1005
4499
4484
4492
1015
1053
1017
4493
4494
4635
4634
4488
1020
1006
4484
4501
1014
4506
1000
4993
4506
1013
1015
4533
4489
4494
4488
1014
4634
1045
1002
4497
1522
4494
4506
1014
1011
4484
1019
1005
4503
4634
998
4503
4499
1048
1002
1147
997
1019
1011
1005
1005
4499
1009
4497
1009
1014
1020
1522
4506
1044
4485
4496
4504
4533
1013
1013
4494
1147
1014
4530
4993
1015
4497
1002
4490
997
4634
1007
1045
4658
998
4491
1011
4530
1001
1020
4503
1045
1042
1011
1001
1019
4497
4494
4500
4533
1044
4497
4531
4500
4489
1522
4504
4505
1018
4498
1007
1002
4490
4500
1046
1013
4485
1009
1522
4505
4497
1043
4491
4633
1011
4504
4498
4490
4525
4531
1040
4495
4497
1040
1020
4532
4500
4528
4992
1046
998
1147
1044
1010
4488
1521
1043
1047
1042
4992
4497
4658
1012
4491
1043
1018
1021
4529
4531
1001
1147
4498
1522
4497
4505
1040
1001
4505
4525
4520
1046
1012
1010
4992
1004
4633
4633
1047
1001
1010
4529
4532
4491
4528
1004
1041
1042
4654
4524
1040
4505
1001
1008
1042
4524
1040
4522
4633
1046
4516
4525
4661
1018
4654
4495
1041
1021
1028
1046
4523
4661
1036
4528
4529
4495
4522
1010
1001
4520
4531
1001
1010
4661
1010
4519
1021
1043
4525
1028
1148
1146
4532
4526
1040
1039
4524
1038
1031
4497
1040
1520
4514
4512
1036
4508
1028
1008
1168
1021
4661
1010
4516
4516
4523
4654
1520
1030
1168
1148
4658
4524
4526
4524
1173
4661
1039
4660
4521
4514
4523
1028
4660
1172
4512
1034
4632
4654
4521
1030
4992
1036
1039
4512
1040
1036
1028
4658
1038
4518
4632
1030
4632
1037
4522
1520
4519
1029
4515
4509
4521
4508
4509
4521
1520
4517
1175
4515
4442
1146
1146
1028
4660
1036
4517
1035
1039
4526
4657
1029
1037
4508
1035
1031
1035
1038
1027
1026
4659
1039
4463
4630
4508
4518
1033
1032
4512
1144
4523
1144
1168
4522
4511
1039
1036
4674
4937
1022
1023
1029
1174
4518
4511
4674
1026
4937
4443
4655
4655
1033
1171
4511
1518
4511
1170
4673
4632
1024
1026
1024
4477
1025
4991
4990
956
4513
4442
1025
4937
4442
1518
4657
4510
1169
4462
4632
4674
4511
4462
4511
1023
4462
4937
4462
1175
4443
1518
1170
956
955
1025
1144
1144
4463
1464
4479
4478
4674
4462
1144
955
1027
1187
4671
4672
4463
4478
1024
4476
4473
1032
1027
4937
1186
4477
1171
992
1170
4463
1032
4989
4478
1186
1187
1023
4479
1032
4443
4631
955
4469
4442
1464
1024
4672
1187
4477
4672
995
4478
1025
957
1024
1186
4672
4441
1185
4473
4473
992
955
955
4441
4462
4464
6547
1169
4469
4470
995
4473
4466
4510
4462
989
4631
4631
4476
4671
986
980
980
990
993
984
1023
4989
4842
4466
1145
1188
4465
979
984
6547
1145
1519
4481
957
986
995
1464
1188
6547
4470
4434
976
957
4440
4631
4465
4441
4477
4671
980
982
4464
4466
987
995
4470
4474
6547
1145
993
6547
4468
982
1188
955
4480
983
949
990
4481
954
1185
984
3126
4441
4465
980
995
4628
989
980
4480
4433
4440
994
4989
4434
979
4468
4842
1519
987
954
993
976
6547
991
1185
4465
4434
1145
4480
982
4476
4439
4467
4464
1456
4465
1145
4474
957
1369
4434
4628
4433
4471
4472
4467
4474
978
952
4433
977
4465
987
4452
4461
4467
4471
989
4435
4475
4628
978
981
981
4472
994
4440
993
957
993
4446
4438
4438
1142
4439
4446
1458
4452
4433
4433
4445
1456
983
3126
983
951
977
985
4474
4453
3126
4445
951
952
1142
4433
948
4930
1458
991
4472
4628
4842
948
4438
1458
4446
4457
1369
4461
4461
1461
949
951
4475
4438
1456
977
983
993
4629
970
983
4435
4461
4453
4471
953
1369
959
4446
4930
4439
978
969
4471
981
1458
4931
1142
4432
4438
959
953
951
981
4445
4461
948
4438
4448
1457
4447
4841
1142
962
4452
4432
966
4461
4629
4435
4437
1463
975
1368
4935
946
966
4435
1142
4432
4931
966
949
1142
4455
4932
4629
4439
1457
4435
4457
959
1458
1461
4930
1457
4453
970
4436
953
4435
973
4932
962
4448
970
4447
4455
1143
959
1457
1461
4448
962
4930
1463
4461
4935
1463
4456
1458
946
975
4936
4447
969
1461
4448
4457
973
4447
975
4932
947
4437
4629
4839
974
4460
4453
910
4448
1461
4435
4398
947
4929
4447
959
4453
4931
4629
4398
4432
969
4394
947
1143
4457
947
1143
4457
4394
1457
950
968
961
967
4455
1143
4447
960
967
4455
4931
4453
4935
4393
4933
967
4436
960
4929
967
946
1457
1366
967
4460
4436
4839
4455
946
910
911
4393
971
4398
961
1463
970
4394
969
4448
4459
4929
4397
974
960
973
4927
1458
4398
4839
4447
960
4454
4933
1458
950
950
1366
4393
4447
4839
971
974
4458
910
4934
4447
4448
4393
4459
4839
1463
4448
910
968
972
4397
911
4397
907
4460
958
4444
4454
4362
4397
968
935
4454
4398
1462
972
4392
1461
4927
911
4393
4398
971
1457
936
958
907
4392
4393
958
1460
907
4936
1460
911
4460
4458
4840
908
908
4936
1454
4397
1454
4454
4362
965
4361
1462
912
935
912
4933
4392
4840
4392
906
935
4927
907
4392
4444
909
4933
4422
4395
935
4444
4391
905
4450
1454
900
4422
4422
1367
4391
4444
906
4934
971
4392
4422
4361
4934
904
1367
900
4459
935
4392
4444
4423
972
4450
4362
4395
900
912
4423
905
4840
1367
905
909
958
4362
878
4422
4362
4708
4386
905
1367
4361
1462
971
4836
875
875
4936
1459
909
4972
905
4391
4758
4451
1454
4389
4396
4392
4387
4388
4387
4361
4423
4449
4389
1275
1454
905
1462
1275
4450
4392
4392
935
4840
904
4395
909
4391
4836
4362
4363
971
909
4422
4387
4361
906
875
905
905
904
4391
937
4361
4423
4387
4421
964
900
4361
934
900
878
4359
1367
899
4421
4391
963
4451
4362
934
4758
905
4391
4708
905
4359
4709
4363
937
4449
899
4423
4389
874
4451
4392
937
4387
900
4390
878
1225
1225
4386
1225
904
4708
1275
935
4359
1275
4337
4449
875
4363
1275
1275
4359
4626
935
874
963
4336
4361
4390
4361
1500
963
899
874
4647
1500
849
4758
874
878
1360
4420
934
4972
4359
903
902
935
937
1500
850
4337
4359
4835
4647
4626
902
4336
902
4390
1275
4709
902
4420
4337
899
1275
4420
4710
1228
874
876
4647
4338
875
4359
874
4711
4710
905
906
4363
4626
903
937
4711
4361
1361
4363
4385
937
4364
900
4364
1140
4973
4340
901
4337
1160
4341
4336
4363
4359
902
853
4387
4384
4359
937
4364
849
853
4336
4626
898
903
877
4710
873
849
4338
4334
4338
4648
1163
849
963
1226
4364
4390
934
853
4360
4363
873
873
4334
4363
1163
4949
4360
901
4386
4390
1226
848
4337
4420
1227
877
4420
898
4420
850
876
903
4364
4626
1139
4385
4384
4360
898
6553
4971
6554
852
4385
6553
876
853
4364
4335
6553
4385
1160
934
4973
4360
1163
4390
1160
851
1163
877
1501
4364
4626
848
1476
4336
3133
4334
6554
4646
1140
903
4335
4363
850
4339
4339
4334
4420
4649
6548
854
945
4925
4364
1161
898
4364
903
4626
4649
4334
4384
4340
1139
1138
4431
1479
1479
873
1140
4973
4648
1453
4364
6557
4390
848
4626
852
852
4364
853
4420
901
3133
4334
901
4335
4973
4360
4971
4360
1162
1139
848
945
1362
851
1452
4973
4360
4973
4624
1501
4420
4420
4624
879
4358
901
1162
1231
848
4367
4365
4360
848
848
4360
4364
1162
855
851
901
4365
1479
4651
901
4714
4714
3127
4973
945
1479
4334
1479
4385
848
1362
4624
4367
4365
4714
4747
4649
4322
4747
4431
4973
1162
4335
4974
1362
1502
1502
4974
1231
4367
1161
4334
4712
854
4385
4335
1139
4358
4988
4950
1517
4340
4365
1517
871
4973
1502
1517
881
1139
1230
4367
1479
4365
6556
1502
881
4950
4974
851
4950
4713
4712
4974
3135
4366
1479
945
1517
1231
4358
4358
4358
4627
4321
1362
1229
4321
871
4837
855
4366
4366
4759
1517
4712
1363
4974
4746
4837
4712
4365
871
854
4950
1230
1229
4838
945
881
6556
4322
4365
872
4627
1230
1362
1263
835
1479
4974
4321
854
4953
4366
881
4951
4694
1362
851
4837
1230
4746
6556
1517
1362
881
855
4759
835
4358
4747
4953
882
871
871
4321
4694
4837
1480
4950
6506
4431
1479
882
4760
839
872
882
1362
4953
871
1480
4950
4358
834
1479
3480
4366
839
6878
4837
1229
1230
1480
6556
872
6878
4713
1208
1479
1362
4759
1229
6563
882
4322
4837
871
4357
4357
871
4325
1229
1480
835
1263
872
6506
1264
6556
1230
882
1264
839
4951
4358
6878
4803
1264
1477
6563
4951
3149
6563
1230
4803
4357
4713
3480
4358
3148
838
4837
4746
834
1477
1208
1478
1323
872
6508
882
4325
4325
4712
839
1229
1263
838
4402
4358
1477
1477
3149
4802
1323
1478
4357
840
3148
4326
1480
3480
6566
4321
4951
1277
4320
1277
836
4319
4324
3082
4951
4951
839
6551
6566
840
1479
4802
6878
4325
4325
4325
3143
1277
836
1322
1540
4320
4803
4325
3144
1264
1323
3143
3148
4759
834
914
6566
4326
6556
836
838
840
4320
839
4357
4323
4759
4970
838
4803
6508
6566
4324
3143
3081
4803
4802
4319
6874
1540
3144
3143
3145
837
4951
3082
833
6505
833
3480
3130
1277
840
3145
4746
4402
6512
4951
6513
6874
838
836
6512
6874
4323
6565
3145
4326
3480
4760
4326
4803
3145
6505
4320
1481
3134
4371
4402
4802
6550
4324
1323
4952
6564
838
4802
837
1323
837
1541
838
1498
3083
1322
6564
4399
4323
1322
3130
1541
837
4952
1340
6565
3130
4970
4759
4371
838
4802
3130
837
833
3088
3134
6564
3090
1498
4803
6512
1498
4952
4370
4371
1498
915
3480
6874
6550
6555
4371
6513
3081
6550
1323
6512
4802
6874
4803
3081
837
915
4692
885
1322
837
4402
6512
1498
6565
4323
3090
4815
4370
6555
3082
6513
3131
3134
3081
1498
6507
4746
4802
885
3134
1541
1340
913
1498
1339
6508
6874
4370
1541
885
1322
1340
3088
1541
886
4371
4692
3134
4802
1277
4370
4970
1339
3090
1481
3134
3090
913
4349
6551
886
6550
6520
3090
886
6551
3103
3130
6550
4692
1541
6521
1498
4815
4401
4401
3476
3103
3083
3134
3131
6514
6555
6514
6552
6550
3090
6514
3130
3511
6521
6555
4349
4401
6874
1322
4349
3103
885
1207
4350
1498
4802
4349
6552
1207
6517
3088
913
1498
3083
4370
1207
4372
6555
6550
3129
4370
886
3511
3096
913
4369
6514
1455
3103
6555
863
3088
3130
3131
4399
3083
4921
884
3131
4400
6520
1514
4349
3089
4402
4921
4921
3089
3084
3103
863
915
6527
1207
6514
915
3134
3131
6517
4986
4986
4691
915
3129
3129
915
4985
916
4369
6518
4349
3129
6520
6550
3103
3134
4692
4372
4349
4369
6552
4350
6552
3476
883
3096
1207
6555
6520
4986
3097
1207
4349
1455
4369
4985
1514
6519
1207
4349
884
4349
1207
4928
1447
4372
6514
4369
3482
4400
1207
6514
4350
883
6519
4401
6552
884
1207
4986
4928
4419
1447
4921
863
1455
4692
4369
3129
913
4692
913
6528
1448
4985
6527
3089
3093
4350
3096
883
1513
1205
3134
3106
4692
6519
913
1206
1207
1206
916
3089
6510
6528
3482
3129
6519
4401
4985
4692
3104
913
4692
1448
1513
4985
884
3140
6561
4985
6529
4984
864
3095
4691
3093
6559
3096
1206
1455
863
6561
1205
4986
916
6519
1205
4419
4352
4693
4928
1513
6562
4352
933
3094
1205
6528
6559
4298
3129
1205
1205
916
4984
6510
4400
6562
1205
4921
1514
6510
4986
4298
4920
4693
3141
4921
1447
3140
6519
4928
1448
4985
3094
1205
1514
5880
1514
6561
5871
5892
5885
6528
1206
1447
3142
1447
3106
5892
1808
3085
1205
4986
4693
5863
5776
3104
5871
5901
4691
4693
4693
5677
4352
1205
4691
5863
6558
5680
1451
4691
5863
1205
5766
1205
5776
4985
5910
5918
933
5870
4693
4298
6561
3104
4984
5885
4354
3094
5817
1447
1448
3105
5924
5678
5680
5924
824
4354
4298
1206
824
4924
5918
5910
5870
4298
3142
1451
3104
6559
4693
5901
5813
4693
5901
5816
1514
3140
5785
3140
1808
6558
4693
1513
933
4352
5825
933
6540
1205
4691
5785
5680
1808
4984
4693
5817
5924
6560
6541
4352
5745
5785
864
4354
5853
1205
3117
5790
3104
4311
5813
6559
5825
6558
5918
6562
5827
4693
5681
6510
5761
1808
1447
4691
5681
4691
870
5918
5813
1205
6018
1451
5795
3139
4353
865
6510
5853
3094
6539
4691
5875
4354
5919
6562
870
6541
4920
5790
3106
5816
4920
4354
5745
810
5502
6008
4311
3141
4298
4691
4311
1512
1451
864
1205
1205
4691
5795
4691
5827
4691
6018
5853
6560
5629
5867
5994
6510
4419
1448
5828
5761
5867
3142
4691
4693
6540
1205
5263
4353
4297
5828
4298
5666
1800
6011
5502
4693
4354
4924
5981
824
5997
4693
1205
1808
3138
5829
6558
5829
6008
3085
6020
5858
865
3137
6224
4691
3085
6558
870
5997
6562
6541
933
1206
6542
5980
5492
6227
6229
1805
1206
3138
5694
5269
4353
5854
4354
1800
5979
4924
5985
4691
6020
5813
5492
6560
5858
5980
4311
3118
1205
6013
5268
6224
5608
3117
3137
1205
870
6226
5585
5263
5854
6039
4691
1448
6231
824
5266
3117
5266
6226
6008
3118
6022
5804
6226
867
4311
810
5980
5723
6226
3138
1448
5988
5980
4691
6034
4924
1805
5263
6011
5268
5985
6013
6227
5269
6229
4354
4298
5268
4298
1451
1805
6224
6539
5269
6231
3119
1806
5587
870
6212
870
5490
1803
5979
6226
6541
1206
5832
6213
5979
1205
5266
6516
5723
6028
5980
3120
933
6509
2355
6008
1805
2312
5980
2338
6212
6539
4355
6206
5854
3139
5266
4353
6540
2333
1805
4924
810
5935
4924
810
4924
2327
6227
2345
2312
5723
4924
2333
2333
5845
5969
1451
6211
2349
823
4297
2333
6510
6124
5587
5648
2330
4311
5857
3117
6028
6201
6532
6227
6203
6107
2434
3118
6206
5490
2345
6541
3137
6124
867
3092
1800
6027
4924
2344
2445
2432
6028
5979
1806
6212
4312
6509
2323
6203
5862
5862
2432
5935
4353
5832
2752
5266
5266
6198
5963
5263
6509
5935
5268
5267
2448
5722
5269
4356
5630
6226
4297
1451
2344
5266
3118
5630
6027
6192
3086
6220
3092
2301
5969
2456
5266
869
5625
2408
2448
5720
1803
2301
6206
1800
3139
5968
5968
1803
6028
5648
1803
2752
6209
5641
6542
810
5266
2456
6124
5844
4298
1803
5267
6111
5264
823
4297
2323
6516
867
5934
6203
2323
5722
3119
5631
2752
869
5722
3116
5844
5964
1804
1451
1803
6531
2283
2767
3116
5263
2557
2750
2750
2522
5625
5941
6539
5932
2398
5932
6178
869
5269
2456
5624
4355
6219
4353
6203
1803
6203
5264
1800
2767
6516
2407
2299
5267
2522
5624
4731
2764
823
5267
5631
2752
6117
2273
2283
6540
5721
2346
2539
6572
2398
3137
810
3139
2398
5964
6130
2731
811
1807
2283
3121
1800
4312
4312
6531
6219
6111
5721
6111
6531
2767
5932
2752
4299
2539
4312
6129
2407
6186
5267
5721
1803
2323
5625
5267
2508
2749
6117
6209
6539
2041
6220
5941
810
5267
6129
1802
2456
6155
3086
2557
5932
5639
2753
1803
2752
867
1800
5964
869
5725
4312
2221
6516
2299
5266
6111
6516
1800
6219
6178
2366
5267
4297
2362
5967
2509
1805
5264
6219
4297
5625
2234
5267
2397
2573
3118
6535
2362
2041
2041
2740
5834
2740
5684
1248
2397
2362
2366
6532
5967
1802
5834
6111
1800
5953
2221
3118
2731
6129
5264
823
5955
5953
2748
2366
5595
1800
1806
2764
2767
3092
4312
2753
6509
2508
1807
3110
2366
6153
2206
2273
2366
867
6516
6219
6515
2366
2520
6099
2740
2520
5595
1802
2205
6196
5955
2367
2572
6129
2740
2521
5265
5264
5266
2233
2748
5625
6129
811
2170
5266
1804
2727
1800
6204
5462
5944
2367
5458
5603
4356
2166
5944
5267
6219
4730
869
5596
2205
5262
1801
6515
2367
2770
2031
6168
1802
868
1803
2729
6570
823
4299
2146
5967
938
5269
811
6054
6567
2727
6121
5602
3111
5589
2667
2146
2566
6218
2566
6531
869
2391
6054
809
4424
2205
5267
2127
3092
5462
2508
2395
2166
6511
2720
2395
2508
5267
1247
4424
2765
6177
6146
6177
5603
4299
2160
2205
6511
3119
6149
6160
869
6567
2718
1804
5457
5261
4731
5972
2367
6102
1802
5738
868
1802
2474
4424
3109
2765
3086
5264
1801
4296
2508
869
2736
2729
2520
2031
2508
1801
6096
869
2525
2391
6572
6143
3111
6095
2751
2751
3116
6165
6165
6218
6531
2170
1248
3161
6572
2127
6050
6535
2728
5266
2374
6515
6515
2160
6143
5738
809
3110
2401
6144
5660
2166
2479
6174
1803
2742
867
6096
3154
2692
2514
1802
2718
869
2166
5264
4730
2765
5264
2205
6168
2383
2170
1806
2692
869
2765
811
1801
2401
4731
2514
5660
1803
4424
6568
4296
6511
6084
2692
3086
1247
5265
6567
2169
4424
6088
2728
5637
2474
2647
2182
2508
3121
5458
2160
3116
2401
2692
6174
6533
4424
6511
2126
1801
6567
4296
2390
2390
6095
6515
869
6568
6050
6533
5454
2672
2672
2651
6535
2508
2681
2718
6177
1801
2497
868
2502
2401
6569
2385
3154
5461
4305
2401
5519
2721
869
2479
5458
2758
6174
6572
2765
1802
869
809
2384
5462
6088
6163
2384
2671
2166
6569
2685
2718
2717
2385
1801
2128
6084
2166
5265
6163
2129
5261
2685
2718
3109
1801
2479
6511
809
811
2671
5519
5637
2671
2739
4328
2384
2685
2507
6090
1247
5459
5637
2401
2717
2129
3152
1799
841
6568
2479
869
6570
6511
2692
2758
5265
1801
844
6090
6160
2128
2271
2733
3116
5262
3156
2671
5464
5262
2735
2651
6567
1799
2714
2741
1799
4730
6537
2733
6088
2671
5454
6569
6073
5265
5464
3153
2685
2505
1801
1247
2271
2505
6568
6063
6511
5457
2223
2657
3154
5752
2223
6572
1801
4296
5459
2381
6568
6073
6569
4304
809
2381
2685
3091
6063
868
2758
5576
2638
2123
2741
3485
2738
2716
2759
1802
2714
1799
808
3151
938
6568
6530
1801
3154
808
6574
5612
2500
5473
6533
5250
4424
6530
2271
4424
938
6535
3087
3151
2685
2657
6534
6572
938
868
6567
2271
3107
869
4305
5261
2140
5459
5461
3152
3161
2741
2134
3111
2500
2671
6567
2682
3151
2223
4296
868
3152
6385
2215
6537
6511
2292
938
6574
6569
5526
2292
3153
5463
4328
5514
3108
2134
6574
2710
2275
868
6570
869
2758
2493
4304
4304
938
4424
2275
2714
1799
2136
5262
3087
5251
6567
5612
5517
817
6380
3157
6163
2638
2716
6159
3151
5686
5635
6574
2511
6568
6159
868
3091
6568
2140
5517
2275
2711
2271
6570
5686
3157
2642
2712
844
2642
3153
3091
2709
2709
6573
6572
6574
3485
938
817
6387
808
5514
2493
5250
5261
6569
5523
3107
3156
3156
6159
2744
2671
1799
3157
938
2617
6569
841
4424
6573
5523
2215
5712
3153
2716
4424
2757
3152
2758
4304
5578
868
6573
6569
2511
5251
5750
3151
6567
2119
6381
938
6530
6574
3161
5578
5683
6572
3157
6573
5460
5750
5598
6568
868
6571
2215
3157
2136
6233
2215
2590
3111
4328
6387
6569
2135
1799
2495
844
3108
2292
844
5578
6573
4305
3153
5635
5545
2712
5250
5523
3087
5251
6387
938
6380
2757
5675
5259
6385
2292
2617
2215
5598
3156
5259
3157
1799
5259
2135
6569
2495
4330
6381
5251
5460
1995
6573
868
3157
817
6385
4305
868
2708
3152
2199
4305
3151
938
2119
1995
2042
2135
3161
3107
2624
2616
3157
6385
2711
2086
6380
3158
5634
5523
6574
5686
2624
5259
2292
6380
5750
3111
868
6381
5257
6571
6573
5250
2593
3091
5445
6573
6382
6385
6537
3111
5523
6574
5516
808
6387
6534
938
5449
1997
6569
6530
1994
3156
2757
6571
5466
5687
5259
4329
3156
6573
2616
5543
2215
3158
2289
3485
3508
3153
2269
6386
2293
5611
3157
2199
3152
5250
3157
1799
817
5683
2703
2616
3152
2703
6537
6386
3158
1999
6571
6534
5687
6381
5543
2215
6385
1997
5444
2704
6573
5259
5445
2269
3087
5466
6387
5675
2151
5257
3157
5449
5524
3114
6382
6381
5661
6386
5259
2924
3156
3508
6387
2703
3158
1797
938
5685
1998
5532
5634
5531
5611
3157
841
2705
5257
4330
2063
6573
6571
4305
2921
3091
6380
6385
2086
5251
6380
844
2199
4305
3113
1798
2616
1798
3158
5466
5259
3508
2289
1997
1798
6383
817
2927
6571
5259
2000
5673
3113
2174
2924
2151
6534
2921
6381
3111
2597
6387
816
2593
6385
2289
6386
6534
5259
1787
5632
6571
5260
1998
1983
2048
6536
1798
816
6386
3158
5444
6537
6380
5541
5257
6381
6571
5469
5260
2703
5250
2923
2269
5252
2921
5727
5557
3508
4330
5661
2226
4329
1797
2222
1797
6383
2253
1798
5524
5541
5260
5469
4305
2087
5673
1798
1798
2001
4347
2252
6536
843
5250
1790
2117
6571
5673
3159
5257
3152
5449
5253
2926
1983
2288
5260
5531
5260
2055
5532
3091
1798
6381
5257
1787
6536
844
2005
3113
2226
4690
5685
6386
2921
3157
5685
5260
6380
5654
2606
1798
5633
2927
1797
6386
6571
5260
1790
6380
2087
6380
2048
2927
3114
2063
6387
816
1797
2921
4347
5256
5257
2279
1798
2002
4344
5257
5260
1984
5260
2222
1798
2117
6537
3160
5258
816
5557
5605
4690
2927
3504
6524
2004
2042
5661
1795
5260
5672
2055
2222
4348
4343
6386
2213
816
4330
2923
6384
2927
2252
1790
3158
2288
4923
6386
2176
3158
843
6384
3155
5727
4923
5701
2048
5717
1795
5485
5258
6526
1787
2083
861
3113
2224
2232
5485
5657
1797
5260
2253
1798
1790
5662
2921
5252
2064
4923
5258
3100
2213
816
5253
6384
3112
1787
6526
4344
2150
5252
2003
5552
2921
5258
5672
3114
2007
2053
5253
6379
6543
5252
3113
4923
6524
5531
2172
2224
6538
6538
2926
2927
4923
5688
3155
5531
2006
1984
4922
5256
1795
1795
6384
6386
5256
1987
6526
2053
5673
4690
2214
3155
3115
1787
5483
1988
4343
1787
6384
1790
4922
1792
3155
5746
3155
857
2145
3158
1796
6386
5647
1795
5533
2083
5252
2070
2211
3112
2927
2003
1790
2227
3160
3158
6384
5258
5688
3099
5498
3114
6376
4922
4347
4194
1984
3155
5554
1790
4426
5258
3113
6379
3155
857
5527
1796
2927
2265
6384
1792
2224
2200
860
1787
3155
5647
6538
2212
6379
2145
6538
4426
6376
1987
1796
4342
3160
1988
5478
5252
4194
5659
6538
1204
3099
5254
5554
2152
5253
4922
5252
4345
5488
1796
5482
6543
2927
5553
5258
5644
6526
6524
6379
6376
4343
3122
5659
5644
2152
3102
1794
2927
1788
861
2212
6379
3115
2193
3160
5479
1796
2144
3155
5254
2775
6379
2007
5255
2928
4194
5255
6543
2228
4426
5498
2173
2928
4333
6526
1796
1792
4405
1795
1449
3155
5254
1788
5741
4426
6376
2023
5746
3099
3100
6525
1989
4168
5255
1789
6376
3160
1794
3115
6524
3102
1796
1795
3122
6543
4426
6370
5533
5476
4333
6370
5495
6526
5528
3160
2081
1796
5671
4333
4426
5255
5496
4345
858
1794
2257
860
5254
861
4405
6369
2071
1794
5535
6376
5644
5690
4194
5477
3100
6525
1788
4333
3099
3160
5255
2093
2928
857
5488
2097
1788
6370
5528
6524
2265
2184
3102
6376
2239
6370
2198
1449
6370
5668
3122
856
1204
3122
1788
5255
2091
3160
4346
6376
4333
4342
2202
1789
5255
5560
6525
2258
6369
3100
6544
5495
2185
2196
6375
6378
4405
2920
5671
859
2197
6370
2920
6525
6376
6523
3160
6544
5476
5496
1789
1794
4194
2925
4168
2239
2037
5668
2081
858
3115
3099
5559
4426
6378
6370
1788
4317
2071
5572
6378
1791
1450
2022
4345
3102
6375
5560
5571
6544
6370
1784
1450
1792
4318
5568
6369
3122
3100
3100
2091
2091
4168
5564
4345
5572
5741
1204
5568
6370
5569
2925
6522
5249
1784
862
4194
2258
4194
2925
6377
1784
858
5670
6522
6372
2097
2920
5255
3102
2093
1789
2920
2121
4346
2186
856
6375
2913
5535
1786
6370
6369
6378
4167
1784
1788
2024
1793
4194
2916
2916
1450
4405
5567
5670
2183
5249
1789
5690
5748
5571
6370
1338
5567
6378
3115
1204
4425
5406
4317
2210
862
4333
6377
1788
2230
2024
2925
5398
3124
5565
2067
2032
6378
5567
4333
5398
856
1782
2021
2920
2183
6372
940
6371
2280
862
5569
6371
4345
3098
858
2032
4168
4194
4194
1793
6377
2021
4168
5568
4405
1793
4346
6545
2236
4289
1338
2032
3102
2108
5748
5564
2920
1791
6371
2916
2121
3501
2913
5432
4165
5432
2916
5705
6371
2020
5571
2027
1450
921
1450
4405
5705
4317
6378
2210
6378
5247
918
5706
6377
862
5431
4425
4152
679
5247
856
4167
940
5706
2918
2236
6545
5248
2229
1923
847
4404
4406
4194
5400
5705
6371
6377
4425
3501
4144
2021
5247
5405
4168
5395
847
3501
1791
1971
5399
5400
4332
921
2110
5389
706
6371
679
2088
2912
2033
1785
2245
679
847
3101
4403
2111
5441
2912
5389
1782
5441
1785
4165
5405
2104
2911
4374
5441
918
4166
4289
2102
5432
6388
3123
4404
920
2916
4332
1450
679
939
5705
2108
5395
2027
2027
5235
5389
4144
2102
917
4165
2107
2088
5235
5404
831
2919
5407
1971
4152
2111
847
939
4331
4291
4122
4404
2911
4403
1781
5425
5235
5431
5404
4407
5425
845
4143
2101
2104
666
4374
5404
4406
3502
4289
5425
5235
1337
679
4404
831
3022
920
4331
5432
2245
847
706
6388
5389
706
4165
1780
5246
5400
4404
5403
4291
4289
918
6373
5400
5391
939
3502
1921
4121
6373
5399
5235
847
4332
832
4403
2033
3123
4143
917
4144
832
5396
5392
1925
2912
5420
5396
1925
4374
4291
4145
917
3022
831
2107
2110
4331
666
5423
2148
920
4152
5235
4121
5383
939
4166
5435
678
1923
939
1925
1935
4143
1946
5386
1920
4810
4291
1768
4375
4407
5394
706
4331
2919
1963
6373
4289
4153
6388
887
5418
5435
2929
2243
2149
1783
4286
4290
5392
939
4289
831
5386
5392
1962
2929
4291
5386
4122
5435
4406
4291
6373
678
4153
3502
831
5420
6374
5423
655
1928
832
919
5420
4375
1921
666
5423
5425
2931
678
4809
4121
4331
5401
917
4209
6374
4121
5393
2243
1946
677
1946
1920
5401
919
4145
1768
4286
4407
5382
5402
1926
4143
5411
3023
4810
4377
5429
677
801
1768
6474
4290
1926
706
4291
5383
4373
658
1946
5393
919
6546
845
655
2148
5426
4373
1930
4406
4119
1980
5429
2875
5422
4153
666
677
4286
4285
1950
1920
1951
4146
889
6546
802
4821
655
4209
4809
2931
6475
5437
2875
4120
5402
4285
4145
5437
5437
4286
2914
5411
2149
4145
1333
5382
4285
888
4285
1980
663
5430
5419
4376
4822
4120
1346
1961
1934
1333
803
1963
1934
801
655
4153
677
1346
802
5416
1941
1961
1336
887
1938
4809
5415
5416
801
4145
5414
1934
5436
4209
5440
4286
1346
3505
655
2875
5414
658
6475
1951
632
1948
4146
6296
1930
5220
5414
5380
632
5380
665
5412
3505
6474
3020
663
2915
5430
4120
655
6295
4119
633
4376
665
5440
1947
4812
655
1938
1947
5439
6295
4145
721
802
3125
1941
1945
5430
4210
3020
5422
1951
4287
803
6475
6474
5428
4145
4809
664
1951
1933
890
1922
5439
5416
5440
5220
1938
6475
1950
655
1333
5419
5220
5380
5429
632
4153
633
1952
890
4733
5380
1336
5416
657
4287
1964
5159
1945
4120
1948
1346
5428
4822
1959
5430
665
6296
4288
4210
891
1933
4288
5428
4146
1948
6473
4153
5415
3505
1947
5220
4955
721
5056
5412
4732
4809
5053
657
800
5438
5053
5159
632
664
5026
1961
633
797
4822
656
1346
5410
1345
5159
1943
665
5410
1333
1964
656
4821
4287
3021
5220
3125
4805
1967
5052
4954
5442
1976
1333
797
5438
1345
3503
634
1972
5059
1947
4812
1953
2833
5433
4964
664
5159
1953
656
6295
4804
1941
1335
891
1949
632
4954
4822
1335
5060
1249
4965
1952
6296
4955
5197
5438
4804
5057
6285
657
5052
5159
1560
800
6296
4675
5433
800
633
1967
5056
4805
3021
5197
4733
5025
5442
1968
6297
3510
4732
1953
5438
5054
5428
5059
1940
4955
1968
1965
1958
5052
4809
656
5026
4812
4812
1955
1956
5157
5026
6285
1334
1949
5438
4676
4812
800
5211
1252
1482
4804
6473
1947
4955
1587
4287
798
4732
1334
1949
2834
634
1940
6875
6298
4676
6298
2833
4965
1560
2833
1965
6297
4954
1943
5057
6297
1325
4287
5442
631
5055
5055
5157
4732
799
4805
5060
798
6294
6297
6875
5438
4811
5408
1587
4804
1334
2837
1589
631
1976
1972
5060
1334
6295
4965
4805
5442
1587
1345
5026
1559
1589
4812
4955
1483
722
4734
3477
634
1493
1940
2833
4676
5028
5158
5408
2833
2837
5191
1967
4676
5157
1345
5026
4751
5025
1482
5060
6473
5027
1969
1325
6285
3510
6294
722
4751
6875
4964
5055
4962
1976
5158
5030
5021
5211
5058
3024
1954
4751
798
5031
5211
923
1486
3024
1975
1593
5191
6290
1557
6877
1189
1559
4734
5196
1975
1559
5158
1189
1586
5061
5018
1981
1251
5023
5062
5156
5062
4734
5027
5023
1483
1694
1587
4750
1593
1190
5156
3477
1552
4735
5191
5028
1485
6286
1586
1979
1588
1324
5021
5196
5061
1250
5030
1493
5028
5030
4410
1949
5155
1190
2830
1492
2836
722
1979
5031
1334
6286
2835
1492
4963
4807
4751
1486
924
1250
3025
1593
4962
4811
4967
4962
1949
5061
1493
5021
1555
4734
4807
1969
4410
4955
1559
2836
3510
1588
6290
5021
5021
1593
1486
4812
1328
1979
5018
5069
1555
4967
1493
1586
1328
4957
5156
4959
1954
5069
5029
1954
5022
2832
5156
5049
1490
1977
1588
6300
923
5192
5023
4751
1977
1486
1579
6877
2830
5048
1552
6877
4966
3479
1742
5155
3174
4957
4959
1981
1267
1586
4967
5029
6289
1552
5048
4749
1485
1552
1977
1975
5033
2838
4410
6286
2836
4410
4411
1584
924
3025
3479
1582
5018
4961
6287
4751
1586
5016
1590
5076
1266
5156
1484
6293
1328
6289
6289
5032
1592
6877
6289
1555
5049
1487
923
1591
5033
5048
1267
5033
1979
5161
5161
5071
1592
3479
1554
1579
5192
1584
4807
1484
1494
4411
4960
1548
5072
5050
4749
5076
1489
1579
1250
6287
6300
1267
1554
1548
2830
2830
6290
5022
4960
2831
4967
6290
4411
1497
4959
4748
1981
5032
5075
1553
1250
6287
6300
6877
1328
1584
1595
5017
5076
5070
1550
5066
4410
1595
1266
3025
5048
1489
5070
6289
2829
5066
4748
4956
5199
1496
4961
1327
5161
1268
1328
1693
2827
5032
1581
5079
5199
6289
4969
1688
4957
1591
2831
925
5076
1551
5075
3478
1487
922
6303
5076
1596
5016
1693
5050
6877
1688
1490
1584
5072
6293
4411
5016
5017
6293
5032
1690
5016
1494
6335
1690
1267
4409
4409
5051
1687
2831
766
5079
1688
2841
5075
2829
3174
2827
5199
5051
1550
922
5050
4254
4408
1268
1581
1268
3478
5198
6303
5066
1487
5076
4255
618
2829
1579
1591
4409
5200
1491
5074
6287
5066
1491
2828
6287
6876
2827
4105
5080
1687
1688
1550
6302
3481
5198
1561
4956
1690
5080
5162
4104
5074
6302
4960
3174
5050
5040
617
3481
5198
5073
4409
4969
1591
5071
1329
6335
5051
1596
1564
1268
1730
4104
1692
1327
6303
5162
5079
5198
1563
5041
5200
2828
1688
925
5073
4807
1723
5040
1581
1580
4428
4105
6876
5041
3174
1690
1595
1580
5064
2829
4968
5379
6313
6302
1550
5079
617
6287
5068
1326
5051
5198
1268
5079
4255
766
5379
4696
1730
1496
4256
6302
4255
5162
2841
1550
5095
1564
2846
4409
4408
2831
2848
1603
618
1491
922
5079
1597
4254
1729
922
5068
6307
5073
1562
2852
3481
1213
4969
5050
4968
4408
5200
2840
5379
5095
3478
4968
5051
5198
1496
2841
616
3481
1547
3478
4696
1687
6307
5047
5096
5081
1594
1686
5063
1611
1600
5050
4104
5082
5038
1599
1692
1610
5068
1686
1580
4254
3481
1722
5194
6301
1571
4378
1576
5064
5082
5042
2840
4256
4283
6309
5038
2841
5099
5212
5064
6310
5096
5068
5038
5038
6307
795
1573
4413
5082
4412
5063
4413
616
4106
4106
4379
1689
2844
5194
2846
1610
1213
4109
2846
4753
6306
5373
5063
1723
1608
5212
1573
895
4753
5096
2842
1689
1203
5047
4283
5100
1576
2840
3018
5212
1689
2849
5047
2848
2844
6343
615
5093
2847
4428
1571
1597
2849
5067
615
5043
1573
5042
6310
5067
5064
4412
1722
4283
4256
1603
5078
4103
1598
616
5212
5042
5078
5096
1569
5378
1723
5094
4413
2840
1576
3018
1689
2844
2847
5042
1723
616
5193
5212
5131
5194
1270
5375
4428
2884
4106
5046
4103
4110
5132
1603
1686
4110
4109
895
1686
1723
621
6305
1213
1326
1743
3018
2848
5094
4283
1686
5067
5046
1630
5078
1743
1270
2843
5093
4428
2840
5094
620
1573
5373
1573
5132
4256
615
5067
796
1630
1571
2847
1917
5131
5046
4900
5042
1203
1575
5093
1427
5225
5035
1601
4380
5046
1605
660
2849
4687
1574
1613
6311
5042
5171
1606
4284
5214
5170
5043
5193
5376
1743
4753
4688
1568
5377
6472
5171
895
1743
1571
1606
1607
6472
5035
621
4150
5376
4428
1574
2884
796
5377
4110
942
4378
5376
768
1574
1569
2884
5377
2874
5226
5094
5203
5034
4108
5043
1331
5043
768
1568
1606
1575
1758
4211
5113
6308
6472
1629
4150
5087
4687
5193
1270
620
5362
5376
4147
1601
4428
5193
2851
4379
5208
5118
1628
5376
5169
894
4380
1725
1744
1605
5103
4679
4284
5044
5036
4752
1605
4689
1606
1916
2851
1916
1915
1626
6476
620
4428
1269
4148
4211
726
4416
5214
5169
4110
5045
1605
4428
5362
5045
1914
1203
1606
1628
4178
5378
5044
1744
1598
1269
1915
5377
1758
894
659
1626
795
1202
1627
1696
1565
1598
5103
1759
5087
942
5203
6311
1572
4380
6312
5208
659
1915
893
2851
5118
5087
6312
1566
619
4149
893
1631
5213
1605
4679
5034
6312
5104
4148
3015
941
5377
929
5036
4427
4416
5213
1572
4108
1696
2874
768
5128
4380
1615
768
1330
648
5045
5085
4415
4212
5222
1604
1605
5118
5034
1758
4107
661
5088
4380
660
5044
5130
5045
1628
1666
5172
648
1759
4427
1567
5138
4136
4381
6476
1271
1615
1604
1695
1605
1696
619
1604
1616
662
5045
6476
5105
1578
5128
1606
1578
1912
1627
4427
4179
5101
930
1627
5086
5135
1695
1759
4380
5208
4211
5213
5118
1695
5128
5154
2850
1626
1628
1330
1624
1604
4179
4211
1724
5176
4427
4680
1572
6311
4754
4149
1330
4380
661
893
648
662
6312
4680
2909
2851
1193
1269
4136
3015
4678
941
6312
4752
1913
1615
1645
5140
1647
1271
5085
5101
691
5204
1733
648
5142
5371
752
1912
5086
5088
4179
4381
5133
1271
5164
5105
1651
941
1201
4414
5175
3015
5164
1913
690
1618
5136
5105
1662
726
1652
5133
1665
5088
893
1617
1737
4142
941
5135
5083
647
4212
930
1237
1753
4381
941
1912
1625
4681
4680
724
690
1912
5188
4825
5224
5224
725
1269
4159
1627
653
1614
4107
5164
1625
654
751
1652
1650
5107
4136
4896
5142
1201
1194
1624
4380
1748
4240
2909
4911
5091
5175
1646
4381
5142
4894
4088
1753
941
3014
5164
3080
5125
647
4142
5083
1685
1912
1653
5168
5164
4181
5143
4136
1658
725
653
4241
1912
1619
1650
4212
691
1757
4754
5210
4240
893
5190
752
5143
2909
1644
5148
4159
4677
5122
5083
1753
4381
647
4894
1194
1732
1237
1619
4136
4681
4825
4131
5135
1191
4896
646
654
1734
5204
4894
1237
1913
5121
4381
4720
1614
5140
4720
737
4715
765
1625
3015
1749
3080
4214
653
5168
1750
5184
4719
1913
1750
5091
4898
4176
690
1644
751
1349
751
1702
646
5121
5083
5083
5189
4684
1658
4157
1703
5143
5121
646
1625
4088
1757
1191
4861
1195
4754
1349
5219
5189
5148
4825
5124
5124
1637
4157
1654
4087
4684
1625
1644
1748
5126
1619
1702
4089
4132
5125
4176
1667
1619
5146
4894
671
4214
5125
1748
4870
654
2907
1732
4861
5119
1657
1634
5184
1196
672
4682
1635
1349
1253
3078
4859
1703
4241
762
762
4895
4131
1702
1633
1625
3016
4862
646
4157
5296
750
671
4682
1424
765
3016
1750
4911
1191
6366
653
763
4100
1639
1704
4715
4684
753
5126
4136
1438
1644
693
4213
1621
1654
1424
1668
1736
5184
1657
737
1654
4719
5126
5207
6366
1835
4895
5126
4910
4132
1704
1660
1667
2872
1705
4090
646
1679
5119
5178
4239
1701
3016
686
5146
4175
1426
1632
4226
4214
602
6332
1700
4869
4868
4754
1424
5147
2907
4116
1701
1673
6366
1424
5180
602
4160
4116
5231
5126
1196
1708
4180
2872
1700
671
1700
4899
1700
6332
1195
672
4910
5179
1706
601
1674
1700
5210
5123
4251
5123
1701
5182
4862
5151
1426
4897
5178
1660
4134
1735
1197
4736
1670
4683
4239
1232
4911
4101
3509
4718
4897
1642
4238
644
737
4430
4717
4858
4133
4870
3509
764
1424
4683
1621
4226
692
2908
5231
687
5151
1675
6332
6492
5177
5151
645
1674
1437
4871
764
2934
1670
6332
1438
6393
4865
5110
5146
1422
5123
4133
763
6490
5177
4101
1672
1424
1708
5110
2908
5182
1424
5231
4226
644
599
1642
4099
5178
692
1197
6416
4115
2933
4238
4863
599
4253
1735
5110
1198
1385
4251
1704
1622
1426
4430
4897
4226
644
1422
645
2932
4717
4910
1738
2872
1622
1661
5109
4132
687
1740
4134
1680
4897
4174
6329
6365
5296
6329
4911
1835
670
2866
6491
3027
1661
4871
5109
4745
1622
6333
685
1198
4872
1676
4867
5109
1660
1698
6489
1910
1437
4133
1388
1706
4102
4173
2955
1679
6467
1235
4909
4866
5110
1387
4738
1424
600
670
2957
644
4891
4253
1386
4116
1385
6393
1391
6391
2934
2908
1698
5110
1910
6486
2954
5186
1311
4887
5366
5151
6486
1837
4857
2866
4102
1681
1388
1680
2871
1255
1623
764
1698
1387
3008
6416
2955
4856
6365
1681
6329
789
4225
4133
6413
6327
5297
5186
2955
1235
943
2957
4115
2998
4115
1837
3077
5110
4116
6412
6482
4115
599
614
2933
6483
4853
4738
4742
599
5301
4246
6478
6412
5109
4887
2953
4872
4829
2963
6392
2868
1233
2953
2953
1197
1682
6333
5366
1716
1836
6392
2959
6365
4909
3044
4883
4883
4280
1716
2867
5011
3043
6327
3028
4826
6325
5182
1382
2952
4872
5301
1716
1381
1714
627
1713
1714
6467
5150
5109
1714
1698
4866
5109
1388
1398
4854
4855
2866
2964
4118
2954
5150
6482
2963
4893
4853
4225
1381
614
6499
4203
5150
6416
6414
4887
1698
1234
6325
6327
790
6412
1836
2868
4118
4279
4826
6393
6325
4850
2955
5150
1233
4281
6395
4744
4225
4118
5301
1256
1391
5011
2952
2951
2953
4850
1350
1761
6281
6413
5300
1383
1713
739
6457
1713
4269
6414
6411
944
4852
3045
1393
5228
4115
1837
6481
2867
4883
4203
4282
6325
4891
613
2954
4268
4893
4885
4850
4229
6327
6415
6395
2938
4281
6359
4791
6480
4888
4765
2999
2867
1234
2962
1311
4765
1393
6487
761
1711
3045
4227
2954
4268
4850
6487
1414
4827
628
3041
4739
1761
4791
6359
4739
6323
1711
4230
742
4791
4893
3064
4276
4266
1234
2962
3030
2869
6361
1381
5228
4246
4850
6480
4907
1381
4791
790
6411
1420
1414
4203
2965
6412
2999
4685
3034
629
4885
4893
1315
2867
1420
4276
760
1393
6485
4893
4743
4117
2906
1384
4852
4903
4278
4903
4791
1420
4823
1711
3498
3040
1711
4852
761
1390
6324
4903
740
4117
3064
1381
628
5300
5301
4278
2962
2964
6424
4740
739
628
4791
1234
4278
1348
5228
742
1418
740
4267
2935
1315
4791
1761
6358
1420
5013
2971
740
2937
6431
780
6880
4161
4243
778
4244
1410
1412
790
741
741
2821
3033
4796
5320
740
6466
4980
6361
2870
3030
2906
1282
1392
5008
5008
4796
2869
6361
1199
1351
5339
6324
1419
1390
4685
6397
6318
5363
6358
1419
6424
1393
4791
4278
1199
1412
5339
4851
3007
1377
778
6466
1390
5302
6282
1378
1760
4792
1711
4208
1199
4796
1282
727
1287
2870
705
2951
6357
6317
4850
5008
1273
1316
6357
1406
1393
6435
5328
5013
4879
6440
3076
4192
4216
4980
1394
757
6323
4216
1508
4161
3032
1390
673
4796
5302
793
5328
4792
3037
5363
4792
4792
4850
1392
1414
1260
6322
4137
6435
6394
756
2972
1353
1406
1261
1760
5328
5012
5339
2820
1406
1407
4112
4740
1840
1411
4890
786
4192
6466
4980
2965
4792
4130
1377
4260
1273
1838
1392
3030
727
1283
4192
1199
4262
1395
2972
2936
2935
1429
5014
6284
1260
4851
1377
4137
4903
1505
2820
4879
1351
4851
4792
6284
4795
785
4880
1760
5014
6425
4792
2972
1316
785
4820
2863
6466
1539
6440
4111
1312
1760
4259
6500
4262
6453
1378
704
4260
1505
6400
6394
6404
4795
1394
785
4792
6322
1537
728
6443
1537
4163
1394
4890
673
6426
4262
1200
4902
2860
1537
786
4879
4879
1200
1378
4112
1395
2854
6283
639
1200
5320
5332
4130
5307
1871
1394
1259
4163
1392
896
3483
1259
1395
1537
4877
2859
1380
4851
6357
1430
1351
6455
6283
1409
1394
5332
2966
2854
1341
1394
1261
716
4091
4882
6283
1395
1380
6443
1409
4879
4880
2900
6284
6451
1200
4163
1377
6460
1380
2967
1380
6284
641
6447
6316
4113
4890
4111
1871
719
2977
1872
4163
1838
6430
4382
674
6455
652
2822
2936
4218
4881
719
6283
6456
6409
1379
2967
1838
4880
728
1409
6447
6284
1259
716
6314
1871
4889
4218
1407
897
4889
6283
6283
4978
1379
4139
6315
4882
1341
1542
5304
4224
6427
4820
4876
1394
6315
1409
2859
1379
674
4093
4881
6404
2969
4881
1379
2822
1380
1259
4882
6283
1841
6283
1341
1872
1409
4114
4091
4698
674
6355
2977
1847
6460
719
4196
1214
2900
1408
4093
728
2859
1542
2939
4820
4833
1755
2943
2822
4139
1344
1409
4979
1341
604
4979
624
5305
1379
2939
1408
1214
2970
4183
6456
1543
736
2856
4917
1543
4881
2980
6427
6449
676
4979
1342
4978
2977
709
4820
1542
6447
4979
4820
4114
2823
5304
3065
5351
4777
2981
1847
5304
4979
1293
1344
1542
1405
1400
6464
4978
4881
4092
3497
732
1755
597
6450
5277
932
4417
728
4113
2822
2943
4820
1542
4979
4382
1543
4881
4917
2822
1542
596
2823
4874
2981
2981
4417
2970
604
4775
736
4982
2823
5360
4881
6406
5352
1506
4218
4912
4223
2970
4918
1216
4819
6344
775
1214
4983
709
4092
2943
1343
4702
1343
6448
4182
2823
2898
733
6429
1511
3496
1506
4155
4779
1844
4874
4918
606
2898
6502
2898
2949
733
1401
776
4918
1860
4918
4983
6463
2981
4982
1860
694
605
4182
3496
4874
667
5358
5358
2980
775
4775
4219
6450
5287
5319
735
4702
668
4874
1509
6344
2898
4873
4918
4918
4819
1296
4185
1506
2980
4219
699
2949
2898
4916
1445
4918
1216
6448
2823
1506
4874
3075
2898
4916
1509
606
776
5277
1828
2814
6344
4981
707
594
5361
2948
4079
4873
4874
2878
4918
775
6468
5306
1446
6468
2948
4916
699
3005
5361
4873
4916
2896
2948
5316
2985
4080
5353
1356
1401
593
4918
4702
1216
1898
1291
2886
5352
1843
1814
5356
4918
4729
6448
1358
6274
4219
1861
1444
5353
594
4874
1809
3003
5274
5344
2988
4187
2813
1218
1446
734
4873
708
1445
5334
4079
1443
1896
4699
5287
1356
5344
1445
4981
1444
4919
5270
5290
698
1813
5361
1446
4916
1828
5314
5361
4080
2985
4919
1828
5322
4220
2988
3009
4981
2887
4916
1442
5277
1843
1442
4699
591
5007
4123
3079
1358
5356
1891
590
4873
1895
6468
2886
5337
1442
4077
1875
1809
4699
4187
4079
5290
1897
4189
4123
5336
700
1218
2991
5335
1891
5314
1875
6345
2991
4797
4919
4726
636
1443
5322
5322
3003
5312
4124
1442
6468
3172
4729
1857
3068
5336
1815
5007
5324
3172
5312
636
5355
591
1440
1244
5348
5336
3172
5007
5337
1857
4078
1826
1874
6334
4220
1809
2877
5312
2883
5276
4189
5274
1876
6334
1244
1536
1443
4726
4797
5312
6345
5322
4126
5314
1359
3063
1301
589
5355
2887
2883
4126
4078
1894
1440
1875
1855
1441
4125
6469
4781
4077
1359
589
1894
3010
5336
1440
1317
5336
1894
5355
1876
1815
5293
1441
5335
2887
1886
1855
5348
1317
6342
1300
3169
1826
3063
4078
4797
4783
1884
6497
4124
5294
6346
4220
1831
1305
5313
6497
5324
636
2878
592
5007
1310
5355
1299
1874
592
5313
5274
4781
1441
5294
1857
4078
4126
1300
4901
5294
1244
5294
6350
1299
589
3061
5276
4724
1883
3062
3061
1855
4126
4078
1299
592
1310
5007
1883
2876
4781
637
4190
6498
1855
6350
4729
4726
1884
1876
4078
592
1815
4781
592
1886
6338
5325
4190
5007
4781
571
592
5292
6346
703
4073
1865
1318
1834
1883
2888
4076
6469
3010
1318
1318
585
5276
4078
4076
4078
6498
6470
3061
588
5292
585
4200
1307
4076
1816
5294
5275
1815
6342
5291
4191
4190
6470
4727
1820
4780
4724
5292
637
1832
4724
1883
1318
4780
4073
4060
1298
1243
4076
4780
6346
5325
4780
5324
6351
703
1832
573
571
5291
588
1816
1309
6354
1865
1298
1302
1298
1298
4727
6338
4780
1853
4076
1319
4096
1865
4096
4097
1831
1298
5291
1309
1834
749
1851
4789
1851
3011
4097
822
1851
1851
6342
4062
1242
1307
4780
1852
4096
5324
6346
1242
1888
822
1833
609
1830
4097
609
4075
1319
2888
4788
4075
5275
1888
5291
4271
6470
5291
6353
1864
4722
6353
6341
6347
6354
6470
5323
4059
1888
609
5325
4097
6353
822
1864
1308
2888
4308
4097
4096
1854
1834
1319
1833
5291
4200
1319
4271
1319
4728
1830
4061
5323
1319
1853
4096
4097
1238
572
609
6354
4727
3011
1854
4789
1816
1854
1888
1830
2881
1321
6471
3011
1245
4788
822
4786
6471
6471
1321
1854
4722
4722
1238
1862
749
1242
5285
1319
4789
4308
1280
6348
1281
5323
5326
1242
4097
821
1888
3012
3069
4310
4308
2881
3729
1240
1854
1303
4236
217
2888
1833
4308
1246
6339
1245
2895
4722
748
6349
2881
4271
4097
1240
5286
4784
215
712
6471
1854
4235
5323
6348
4097
784
2889
4098
4308
1863
3013
4728
4095
2895
4722
1303
4236
1246
3730
3012
4787
5343
821
1862
2889
4309
4808
3012
3012
5286
2881
822
712
1280
1240
1854
5286
6339
6349
4763
5283
3729
4309
1819
1239
3069
821
5286
4271
5311
4098
5311
820
5286
748
4095
5283
784
2890
2893
3935
2893
4095
1281
1882
1882
712
4762
1823
4309
6348
4704
152
812
3013
4309
5283
2893
1824
1239
215
3730
5280
3935
1882
442
5283
818
4098
818
5311
5311
6349
4301
1221
2973
2893
2889
783
6349
5311
608
6348
4309
1819
1823
3944
4270
820
1823
819
1824
1822
1824
152
2890
3666
1281
4787
1812
5273
2889
3797
2890
4098
812
3936
1825
1822
4270
3810
1825
1822
5271
4233
6340
218
4306
3728
2890
1812
3728
608
285
6340
5271
2889
3936
4272
442
1314
815
1220
4098
4301
4306
3665
3731
5271
1812
3731
783
6340
5272
819
2890
1812
743
453
335
783
219
4301
4703
2973
3840
5271
3798
4301
5271
1812
4306
1811
4295
5271
1220
4794
3798
828
1812
4295
152
4294
219
1811
151
286
806
819
453
805
285
4295
814
4306
4293
4703
806
3731
805
3731
4315
453
3810
3841
4794
1313
805
1314
819
3819
3663
4293
4292
153
3663
828
153
3841
4314
805
3732
3811
825
3809
4793
4314
453
827
1313
334
3732
219
298
1314
804
3809
827
3731
3722
4313
4315
4314
3719
829
310
153
3719
3819
830
804
3841
3809
3688
3731
153
3732
286
3688
208
3817
804
825
3820
825
3059
151
427
220
297
3817
223
3723
3820
3921
3808
3688
220
3059
154
309
3945
209
3723
3686
830
223
3796
3163
310
3723
3721
298
308
3046
3922
3568
830
223
3568
6494
3615
3945
3721
3808
257
297
3688
427
3812
3656
208
3053
210
297
283
3726
417
3724
3574
3615
209
154
830
307
3812
3571
103
3569
299
3662
3812
62
3723
3573
154
257
211
3659
299
3911
297
257
3053
3770
212
296
3770
3686
3724
63
3723
3720
207
3911
3662
176
214
3569
3569
56
297
62
214
3572
104
3575
3654
175
416
175
3723
3658
213
425
144
213
3165
300
3686
3567
3911
3812
3920
225
3685
3566
3658
3920
3769
3569
3662
3725
144
213
175
3736
3725
3572
3654
62
3653
145
281
3793
224
213
3071
3781
57
258
176
145
59
54
145
3572
3814
3919
3071
3737
461
176
3716
302
3685
3657
3716
3650
3814
173
3612
3791
3685
300
202
3791
3563
281
146
3737
94
301
1906
301
3572
1906
3589
203
203
3716
146
3685
3651
3781
3717
3815
145
3781
3581
202
149
3813
99
3815
3565
73
3650
202
226
306
3869
3562
3589
3667
173
3949
3048
3780
205
73
77
3527
3718
206
149
139
54
52
3713
3756
3581
73
3714
226
206
3816
3589
3949
3713
77
99
305
444
3869
147
3805
147
3555
3699
173
73
3816
292
3816
3805
3738
187
84
139
3699
202
3699
204
3738
202
3714
73
305
3713
187
3869
3887
3561
3713
186
245
201
3867
3667
138
292
3713
5369
3556
3757
174
3816
464
3739
148
3555
227
464
3527
3867
47
174
4015
269
245
419
423
3739
3913
3750
4015
3780
84
365
3700
4010
148
227
204
4015
4011
5369
3887
3739
3699
4011
140
3790
201
3918
138
3713
365
227
3865
434
3739
3865
47
3865
527
434
4010
3918
3739
186
3913
3828
187
522
523
41
3699
523
4007
400
3865
382
3739
96
14
440
438
3532
47
3865
221
240
419
3918
527
3768
400
382
3749
4010
522
3904
3983
4007
3698
3698
3934
3768
521
3934
140
3983
3908
96
3983
188
3541
438
3700
256
333
446
3831
26
324
3698
4007
201
4007
3903
3768
3983
42
268
240
3734
3831
4022
3537
4010
324
519
36
185
522
256
3698
4007
4007
403
533
3778
3768
3779
221
3897
3548
382
3903
268
333
495
3768
4023
188
3780
3903
3543
3552
26
3734
400
521
3775
3983
3751
3983
256
4021
322
321
3768
3698
3543
4021
3768
3751
333
3698
519
4023
3549
3897
267
3973
495
36
256
3768
240
519
3903
3900
4000
3552
3698
403
398
3698
3537
4029
3983
533
3768
3897
256
188
495
3768
495
447
3698
322
237
3768
240
3866
519
4000
237
402
3698
403
3758
38
3768
3768
3903
533
3866
3531
331
401
4017
4029
256
13
402
494
3543
3902
383
17
361
395
495
19
3908
3973
3982
34
3981
537
3901
513
396
3858
3551
4017
537
536
396
3844
3898
265
3900
550
406
267
4000
494
3844
3779
4008
537
3899
3902
3898
550
3898
3898
3896
383
4004
3777
3897
550
399
13
3740
3901
1778
3981
39
3897
265
538
38
538
4008
494
4008
396
398
3839
331
447
395
4006
508
538
3524
27
3898
397
3899
3982
3899
237
20
3902
3979
397
4005
340
3999
407
3740
407
4016
3897
3999
408
4016
399
399
3979
3898
3858
406
3898
3902
13
3901
491
3982
3899
3854
330
399
341
508
3942
538
3979
3902
491
3896
4016
3898
397
508
5238
399
3897
3839
396
526
4039
342
396
3898
3777
550
546
3902
399
330
3889
3847
390
3896
246
3776
3846
526
5242
3902
3669
5238
406
262
4070
4038
3901
4014
399
407
390
3891
584
3942
447
354
3910
3902
3891
263
447
262
340
246
391
4039
507
3627
355
387
3853
341
557
491
388
3854
407
3846
3858
408
10
392
4013
341
3941
399
391
3524
526
3894
447
1777
447
122
348
387
392
553
556
340
3889
394
3885
3975
546
4053
5242
3889
3629
3901
5238
357
3901
3668
3941
3742
3889
3975
3891
122
391
3889
582
3975
3852
4053
392
490
3885
3629
3889
458
3890
4053
182
6257
392
3522
3894
582
10
3889
3889
263
3889
394
391
409
1766
3885
4013
581
392
3941
483
354
3625
3855
458
357
379
458
3885
179
388
3692
3972
1766
388
3941
114
556
3711
117
581
448
114
3941
392
3889
3852
6257
3889
6250
483
113
391
3960
3889
2784
3889
3893
117
3961
348
392
158
3894
394
3966
230
3893
127
3882
3692
577
3893
3894
392
182
182
458
3961
3620
3894
391
458
3890
3850
156
388
3704
3889
373
563
3855
391
3966
200
6247
411
3711
368
3893
451
392
3668
3851
3712
3705
392
158
3695
458
3893
392
3668
3893
127
451
346
373
3894
458
3693
379
243
391
179
2784
3695
3693
3883
3620
6247
3894
458
3850
3522
199
253
3894
458
392
3849
3695
458
3695
346
3704
3748
3693
253
3691
125
243
3712
253
200
3874
3620
458
3767
183
199
3695
254
378
3712
3767
451
458
191
3617
458
181
181
254
3712
3773
3881
458
234
378
3695
253
3874
108
3695
377
3693
199
3704
3881
369
234
254
105
339
3617
183
3747
3748
254
3767
184
3747
458
3712
3691
254
3767
105
181
3520
1767
5234
3767
156
377
234
254
3617
254
3695
108
5234
3766
3773
3883
192
156
192
3517
181
3767
376
5241
3693
3766
3694
181
369
1767
253
458
3766
3745
234
337
3708
3747
6
3766
254
254
1776
236
270
156
3767
195
3515
3766
3693
254
3783
385
3696
3519
5241
3694
270
254
385
3745
3766
337
376
3
3705
3710
271
184
3696
180
376
270
3696
6
3707
3766
3773
3746
3693
252
3764
3766
184
233
255
3708
3783
3696
3764
195
385
236
3765
3745
3782
271
3516
3766
197
236
385
3782
4
255
195
385
3682
8
3746
3765
3765
272
252
3673
137
3649
8
3696
3782
336
385
168
255
385
3515
198
3682
271
3519
3679
3681
271
336
385
3673
252
8
3764
3782
3679
162
161
3785
271
3708
3513
4
137
3785
3765
161
255
168
271
3648
167
168
134
3765
3516
1
3673
3765
260
271
3745
385
3681
3674
3674
136
336
1
171
3679
167
169
271
136
3680
162
3772
3764
386
3648
134
3647
169
3765
273
3765
3513
161
3671
273
386
3680
3681
272
3765
159
3674
3765
3681
1
3784
3645
3785
3784
386
3674
260
135
3785
171
260
170
3647
3784
3679
169
386
1
3677
336
1
160
3671
275
386
3646
3684
3645
3646
272
275
135
3684
3787
3164
3671
134
260
3771
3164
272
171
3677
3784
135
3684
3677
3784
3645
273
172
259
135
259
275
273
3164
275
3683
166
3678
3645
3676
3787
3676
3684
172
3784
3784
3771
166
165
3675
3678
3784
259
3164
273
135
133
275
171
3164
171
172
3787
3645
3164
3787
3683
3645
3683
177
133
165
166
172
3675
275
164
3678
172
3771
3787
3164
177
3689
177
249
3787
3675
3645
414
414
3689
3787
166
3675
3164
3690
3689
177
249
250
3675
177
3690
177
178
164
3763
250
3761
163
3761
3678
163
3761
249
249
249
3675
3675
178
178
445
3763
445
3761
178
250
3763
414
250
248
415
3678
3761
178
3763
415
3761
3763
3675
178
178
415
415
3762
248
3762
445
250
249
3763
251
3760
248
248
415
3762
249
3763
3763
3762
3760
3760
413
413
251
415
412
413
415
250
415
412
415
415
251
415
415
415
415
415
3404
3406
3410
1209
1209
4624
4838
1209
1209
1210
1167
4624
4624
3173
3128
1279
3127
