15416
15416
15415
15416
15416
15124
15178
15512
15178
15276
15416
15415
15279
15250
15512
15515
15351
15452
15351
15276
15515
15477
15477
15512
15515
15515
15385
15477
15513
15411
2
2
15517
15227
15479
15385
15460
15440
15279
15154
15392
15490
15452
15479
15513
15391
15416
15465
15226
15477
15412
15416
15416
15353
15460
15392
15492
15279
15517
15385
15512
15365
15391
15356
15052
15036
15313
15394
15353
15324
15276
15311
15365
15452
14981
15313
15517
15412
15391
15370
15370
15465
15397
15026
15353
15311
15517
15449
15492
15154
15355
15162
15418
15276
15415
15097
15418
15467
15469
15410
15353
15465
15424
15330
15036
15239
15503
15416
15330
15512
15356
15438
15060
15288
15162
15464
15339
15418
15410
15355
15279
15245
15036
15418
15116
15306
15279
15060
15060
15412
15370
15470
15267
15244
15069
15325
15313
15413
15391
15365
15472
15492
15164
15394
15385
15370
14832
15474
15244
15466
15268
15424
15438
15416
15306
15397
15465
15311
15320
15464
15467
15394
15244
15288
15318
15413
15267
15497
15474
15492
15503
15060
15503
15279
15418
15311
15320
15161
15370
15410
15236
15313
15503
15356
15060
15306
15452
15418
15353
15392
15449
15244
15276
15418
15116
15353
15418
15438
14832
15244
15069
15267
15470
15276
15490
15097
14832
15279
15391
15116
15452
15512
15060
15413
15070
15416
15412
15370
15465
15416
15424
15276
15116
15320
15164
15244
15319
15416
15353
15370
15320
15416
15245
15288
15355
15518
15267
15245
15162
15520
15306
15098
15497
15321
15467
15313
15416
15244
15320
15466
15415
15098
15320
15332
15517
15321
15060
15520
15288
15466
15520
15418
15164
15353
15319
15459
15466
15418
15332
15276
15370
15353
15319
15244
15353
15098
15518
15244
14832
15356
15356
15416
15060
15418
15418
15228
15092
15467
15244
15320
15492
15342
15244
14832
15213
15438
15449
15244
15355
15104
15245
15099
15412
15306
15320
15467
15466
15069
15466
15069
15438
15413
15116
15279
15306
15466
15466
15416
15116
15353
15321
15098
15492
15321
15036
15497
15306
15438
15116
15311
15151
15244
15276
15362
15370
15264
15490
15412
15418
15279
15370
15213
15456
15424
15438
15161
15467
15370
15492
15244
15452
15161
14832
15467
15520
15036
15410
15388
15313
15288
15418
15418
15213
15104
15321
15276
15116
15247
15244
15466
15418
15518
15279
15097
15353
14842
15353
15355
15311
15245
15362
15306
15273
15244
15235
15238
15353
15239
15244
15245
15092
15456
15111
15482
15098
15418
15512
15264
15092
15116
15116
15098
15416
15482
15060
15070
15355
15279
15370
15036
15264
15438
15370
15095
15520
15467
15099
15092
15311
15092
15276
15036
15031
15116
15092
15370
15418
15353
15005
15368
15324
15482
15418
15287
14832
15092
15276
15151
15389
15098
15470
15505
15456
15416
15276
15297
15062
15062
15418
15092
15356
15244
15244
15244
15099
15064
15095
15245
15353
15244
15244
15482
15239
14876
15213
15389
15244
15388
15321
15279
15107
15482
15353
15092
14985
15095
15276
15116
15092
14832
15342
14876
15353
15276
15353
15370
15107
15116
15231
14804
15238
15161
15279
15370
15264
15438
15339
15196
15064
15099
15416
15355
15324
15228
15353
15099
15213
15244
15355
15155
15482
15092
15151
15355
15095
15353
15370
15339
15438
15416
15505
15313
15353
15276
15111
15371
15069
15005
15388
15245
15311
15239
14858
15356
15244
15092
15276
14998
15228
15276
15235
15279
15276
15371
15031
15482
15413
15456
15062
15244
15353
15416
15155
15239
15111
15324
14870
15213
15107
14832
15416
15276
15116
14842
15482
15416
15135
15099
15005
15505
14842
15245
15161
15324
15276
15099
15416
15116
15052
15482
15132
15244
15311
15235
15231
15264
15339
15339
15264
15370
15324
15416
14832
14832
14985
15155
14908
14998
15127
15342
14946
15324
15505
15052
15098
15279
15085
15311
15482
15264
15276
15482
15512
15279
14998
15228
15505
15371
15324
15370
15202
15026
15127
14919
14966
14870
15470
15371
15276
14804
15196
15287
14991
15231
15098
15060
15092
15438
15325
15482
15086
15052
15355
14998
15482
15085
15370
15370
15512
15355
15026
15044
14876
15202
15127
15482
15052
15482
15155
15235
14842
15183
15116
15202
15135
15482
15370
14839
15482
15135
15135
14913
15052
15132
15355
15116
15505
15231
15202
15324
15085
14998
15239
15370
15039
14956
14804
15155
15370
15085
15355
14902
15482
15482
15052
14966
14858
15356
14998
15092
15505
15085
15116
15507
14843
15196
14928
15231
15016
15086
14908
15231
14971
14902
14989
15438
15512
15183
14946
14832
14913
14951
14697
15356
15044
15324
15506
14858
15239
14888
14951
14876
14890
14971
15116
15507
14933
14951
15488
14971
15039
15506
14648
14946
14842
14991
14908
14938
14989
15031
15324
14839
15019
15183
14697
14648
14951
15039
14966
14985
14996
14890
15287
14951
14907
14907
14843
14966
14908
15287
14913
14919
15374
15374
15132
15039
15507
15287
14804
14989
15488
15092
14715
14928
15016
14901
14858
14907
14901
14883
14648
14933
14777
14644
14933
14777
15509
15508
14894
14938
14996
14843
15287
14913
14928
14779
14648
14836
14858
15508
14712
15019
14992
14836
15508
14843
14855
14704
14913
15511
14913
14762
14697
14804
14697
15287
14985
14885
14907
14888
14834
14839
15287
14697
14946
14894
14933
14779
14768
14828
14858
14669
14648
14763
14662
14885
14682
14894
15485
14777
14966
14828
14569
14836
14758
14715
14734
15508
14843
14814
15132
14697
14783
14843
14712
14680
14883
14779
14890
15287
14783
14648
14894
14688
15509
14680
14913
14704
14762
14779
14644
14669
14756
14885
15287
14855
14803
14883
14648
15487
14779
14768
14788
14697
14644
14777
14758
14569
14698
14712
14665
14648
14779
14734
14698
15443
14633
14648
14763
14803
14762
14768
14779
14662
14894
14738
14682
14669
14688
14907
14572
14680
14715
14687
14712
14788
14855
14756
14803
14662
14788
14788
14851
14698
14883
14688
15443
14788
14704
14768
14572
14680
14557
14803
14704
14648
14682
14569
14533
14894
14641
14762
14762
14803
14633
14563
14697
14779
14618
14648
14643
14648
14641
14698
14665
14687
14641
14533
14569
14688
14698
14595
14569
14569
14644
14572
14607
14577
14669
14641
14788
14633
14510
14633
14533
14662
14617
14595
14607
14698
14682
14618
14569
14762
14665
14457
14682
14665
14563
14674
14674
14542
14738
14569
14534
14454
14641
14577
14641
14595
14545
14648
14572
14644
14633
14618
14633
14688
14534
14496
14510
14457
14607
14688
14494
14563
14738
14542
14398
14494
14618
14572
14704
14533
14362
14398
14494
14516
14457
14398
14443
14477
14496
14362
14788
14682
14607
14502
14618
14392
14443
14516
14453
14394
14392
14545
14448
14542
14516
14488
14542
14504
14494
14533
14643
14494
14470
14488
14362
14572
14457
14566
14502
14477
14398
14665
14607
14534
14665
14507
14405
14517
14477
14431
14496
14278
14545
14545
14516
14411
14607
14607
14431
14458
14458
14394
14398
14411
14411
14542
14545
14516
14496
14392
14413
14392
14443
14392
14502
14405
14398
14443
14392
14502
14398
14504
14607
14448
14607
14398
14431
14454
14477
14488
14548
14394
14458
14431
14566
14360
14392
14453
14470
14454
14502
14362
14356
14411
14517
14370
14392
14240
14516
14392
14392
14517
14504
14545
14458
14458
14362
14370
14362
14351
14477
14205
14448
14507
14351
14278
14370
14502
14360
14488
14431
14545
14183
14194
14227
14454
14545
14232
14351
14431
14194
14399
14370
14454
14194
14168
14351
14362
14281
14351
14565
14337
14352
14281
14337
14282
14282
14194
14296
14545
14296
14270
14227
14227
14194
14240
14205
14399
14270
14370
14354
14352
14272
14354
14351
14232
14240
14270
14148
14337
14352
14278
14194
14278
14370
14168
14171
14337
14168
14370
14281
14168
14195
14297
14297
14272
14353
14194
14281
14337
14033
14353
14354
14351
14205
14370
14110
14227
14183
14399
14138
14185
14138
14270
14278
14173
14191
14270
14205
14353
14270
14148
14270
14185
14173
14194
14327
14327
14168
14240
14351
14240
14327
14370
14278
14232
14168
14184
14183
14110
14327
14184
14066
14073
14132
14297
14194
14232
14173
14012
14062
14183
14073
14270
14191
14191
14138
14138
14176
14065
14173
14073
14370
14132
14161
14010
14132
14033
14184
14138
14191
14184
14176
14178
14159
14178
14033
14046
14176
14235
14178
14040
14012
14161
14132
14073
14066
14040
14190
14065
14173
14066
14132
14088
14173
14191
14033
14141
14033
13987
13893
14046
13997
14046
14178
13923
14235
14191
14080
14062
13987
14173
14191
14053
13923
14185
14143
14159
14031
14033
13893
14185
14053
13851
13987
14036
14039
14185
13893
14088
14141
14010
14178
13988
13893
13873
13859
14039
13923
13895
13893
13895
14143
13923
14046
13923
14161
14053
13923
14027
14010
14036
13893
14080
13923
13962
14053
13934
14036
13873
13886
14053
14088
13988
14053
14028
13962
14053
13851
13886
13859
14178
14053
14088
13976
13893
14036
13829
13987
13923
13934
13873
13990
13851
13962
13923
13833
14080
13987
13859
13680
14080
13782
13806
13807
13886
13842
13806
13873
13807
13895
13895
14028
14053
13873
13859
14036
13865
13680
13865
13724
13782
13782
13542
14028
14028
13821
13680
13821
13893
13991
14053
13813
13896
13881
13833
13807
14003
13934
13806
13895
13886
13845
13893
13724
14028
13819
13782
13783
13819
13851
13706
13886
13873
13680
13842
13822
13670
13829
13808
13848
13819
13696
13895
13833
13532
13821
13706
13542
13724
13683
13698
13706
13819
13806
13806
13640
13724
13833
13819
13724
13782
13782
13694
13808
13642
13807
13881
13698
13670
13782
13807
13659
13819
13706
13782
13822
13848
13532
13881
13542
13542
13821
13757
13640
13782
13807
13724
13645
13782
13807
13808
13396
13706
13661
13645
13822
13420
13396
13396
13696
13706
13813
13821
13645
13645
13642
13694
13845
13696
13593
13586
13706
13659
13694
13848
13683
13642
13822
13590
13593
13703
13661
13645
13640
13640
13706
13640
13670
13685
13645
13703
13542
13402
13597
13694
13593
13706
13807
13532
13685
13645
13366
13385
13703
13420
13696
13597
13612
13594
13645
13402
13822
13593
13366
13570
13645
13590
13382
13396
13590
13570
13396
13605
13694
13659
13412
13664
13808
13645
13404
13706
13420
13570
13596
13613
13593
13586
13596
13503
13420
13661
13412
13612
13396
13645
13590
13382
13645
13612
13590
13570
13613
13414
13415
13363
13366
13446
13637
13645
13461
13503
13605
13597
13404
13612
13366
13645
13590
13420
13349
13402
13396
13396
13612
13645
13402
13389
13412
13605
13461
13371
13412
13645
13703
13503
13402
13366
13449
13404
13703
13366
13412
13396
13396
13389
13390
13402
13385
13476
13645
13446
13482
13449
13570
13418
13389
13404
13637
13449
13385
13493
13382
13416
13414
13412
13414
13446
13570
13414
13415
13159
13415
13350
13390
13366
13414
13366
13366
13159
13449
13440
13349
13449
13416
13371
13363
13259
13476
13366
13476
13420
13503
13570
13418
13158
13412
13349
13385
13390
13503
13159
13476
13249
13461
13206
13096
13350
13446
13282
13476
13503
13449
13415
13159
13476
13152
13192
13390
13158
13148
13139
13416
13151
13467
13440
13096
13282
13229
13476
13493
13249
13096
13476
13192
13416
13158
13259
13249
13159
13392
13192
13440
13493
13159
13349
13349
13476
13148
13390
13392
13476
13259
13440
13449
13229
13192
13467
13151
13282
13476
13200
13493
13415
13139
13391
13158
13259
13229
13476
13476
13206
13159
13139
13392
13152
13418
13159
13270
13476
13159
13415
13152
13259
13161
13200
13025
13390
13148
13158
13229
13270
13151
13174
13195
13192
13148
13159
13391
13206
13183
13206
13167
13282
13167
13249
13493
13174
13192
13096
13167
13182
13350
13139
13192
13282
13183
13075
13139
13270
13133
13133
13467
13204
13192
13025
13117
13025
13075
13096
13200
13117
13174
13259
12886
13077
12817
13189
13146
13117
13159
13133
13161
13200
13282
13249
13104
13206
13270
13117
13282
13229
13167
13192
12965
13270
13148
13183
13152
13134
13104
13183
13270
13195
13027
13027
13167
13192
13189
13192
13182
12979
13075
13025
13183
12886
13077
13139
12998
12922
12998
13026
12906
13151
13026
12908
12887
13167
13026
12906
13117
13183
12986
13192
13161
13025
12965
13200
12922
13282
13204
13270
13204
13167
13139
13146
13189
12965
13146
13204
13077
12993
13134
12826
13026
12998
13189
13104
13167
13075
12976
13167
12922
13133
13167
13133
13104
12750
12920
13026
12886
12908
12998
12906
12919
13025
12993
12817
12954
12919
12920
13026
12986
12887
12979
13025
13027
13027
13027
12965
12817
12894
13117
12865
12908
12961
12992
13204
12908
12865
12865
12998
13077
12993
12922
12887
12886
13189
12886
12965
12887
13026
12863
12906
12922
12992
12992
12826
12965
13134
12810
12865
13026
12750
12865
12943
13027
13189
12749
12752
13027
12887
12826
12855
12961
12752
12865
12998
12992
12919
12965
12993
12754
12716
12752
12908
12976
12976
12898
12865
12868
13027
12906
12749
12863
12750
12992
12865
12954
12865
13027
12894
12986
12716
12919
12908
12743
12886
12865
12719
12825
12920
12655
12825
12986
12752
12750
12965
12887
12896
12993
12961
12896
12655
12922
12908
12868
12689
12752
12898
12688
12965
12943
12810
12743
12865
12752
12810
12920
12749
12644
12896
12754
12780
12734
12749
12855
12825
12689
12865
12992
12749
12719
12943
12688
12865
12728
12781
12865
12986
12649
12743
12780
12781
12780
12894
12743
12667
12986
12667
12722
12752
12855
12728
12655
12743
12663
12754
12752
12898
12986
12722
12896
12719
12782
12825
12825
12750
12943
12716
12728
12676
12731
12825
12644
12896
12780
12749
12894
12677
12749
12613
12743
12734
12677
12676
12754
12754
12731
12655
12688
12743
12810
12667
12719
12731
12688
12825
12810
12780
12586
12649
12665
12728
12663
12752
12743
12689
12855
12665
12734
12663
12825
12611
12716
12855
12752
12676
12719
12578
12534
12743
12752
12644
12752
12688
12670
12896
12749
12780
12731
12782
12578
12855
12663
12649
12722
12683
12734
12689
12564
12670
12780
12573
12728
12734
12731
12676
12825
12665
12582
12513
12665
12649
12613
12667
12683
12586
12688
12613
12654
12585
12611
12722
12515
12613
12644
12731
12513
12667
12749
12825
12611
12644
12551
12654
12613
12689
12585
12611
12529
12578
12586
12573
12592
12586
12611
12500
12711
12582
12711
12649
12667
12649
12688
12463
12574
12435
12573
12564
12534
12665
12649
12711
12667
12574
12665
12524
12825
12457
12534
12529
12463
12585
12564
12689
12463
12578
12667
12506
12513
12573
12585
12712
12513
12551
12534
12592
12644
12515
12457
12592
12578
12613
12582
12564
12506
12480
12524
12311
12463
12574
12649
12573
12582
12654
12530
12529
12585
12500
12513
12592
12711
12574
12313
12564
12506
12534
12388
12586
12551
12383
12613
12515
12463
12420
12264
12365
12534
12311
12487
12586
12365
12365
12487
12497
12426
12524
12313
12534
12524
12480
12405
12487
12534
12426
12415
12350
12311
12344
12573
12573
12463
12487
12414
12415
12515
12405
12350
12564
12371
12371
12500
12280
12365
12383
12267
12564
12365
12500
12223
12398
12592
12274
12414
12301
12267
12316
12431
12530
12457
12435
12383
12431
12480
12388
12478
12317
12334
12415
12419
12426
12365
12257
12463
12497
12371
12311
12334
12350
12398
12344
12435
12316
12371
12334
12405
12371
12264
12506
12275
12365
12419
12280
12311
12249
12405
12415
12314
12316
12371
12267
12487
12419
12344
12431
12344
12426
12271
12314
12405
12350
12487
12316
12426
12405
12314
12313
12371
12426
12222
12398
12350
12317
12266
12251
12378
12274
12365
12317
12164
12224
12316
12257
12301
12283
12283
12164
12344
12350
12235
12275
12405
12307
12317
12188
12334
12249
12324
12365
12301
12246
12257
12350
12280
12071
12190
12108
12185
12154
12173
12264
12371
12280
12152
12182
12071
12154
12299
12222
12251
12258
12317
12223
12222
12185
12152
12274
12164
12224
12344
12261
12301
12190
12235
12190
12283
12314
12071
12182
12094
12152
12224
12266
12222
11991
12094
12152
12128
12087
12025
12060
12046
11991
12065
12266
12299
12164
12188
12071
12182
12170
12182
12246
12170
12154
12190
12031
12012
12094
12154
12125
12190
12108
12266
12033
12071
12154
12046
12202
11967
11997
12164
12060
12246
12087
12261
12251
12258
12258
12001
12083
12031
12025
12246
12071
12071
11997
12164
12136
12125
12176
11900
12071
11951
12261
11982
12190
11923
12173
12173
12050
12176
12087
11940
12050
12060
12065
12071
12108
12046
12077
12083
12046
12136
12258
11789
11991
12083
12012
11967
12045
12154
12190
12087
12170
12033
11982
12085
12031
11990
11951
12164
11900
12001
11997
12074
12261
12022
12039
12136
11923
11789
11982
11982
12060
12125
12125
11991
12050
11951
12050
11940
11789
12074
12045
12083
12001
12071
12060
12087
12025
12077
11991
11951
12077
12046
12083
12176
12065
11951
11900
11890
11890
11936
11997
12050
11997
11789
12050
11867
11900
11811
11815
11874
12136
11900
12039
11743
12045
11826
11778
11830
11967
11874
11997
11866
12122
11900
12074
11991
11900
11664
11810
12083
11973
11982
12074
11789
11867
11819
11982
11754
12050
11732
11816
11866
11808
12122
11982
12083
11882
11868
11868
11819
11693
11693
11743
11830
11700
11936
11700
11778
11778
11721
11705
11815
11664
11785
11900
11743
11876
11815
11819
11810
11826
11845
11876
11698
11785
11700
11834
11900
11836
11868
11874
11785
11816
11625
11664
11874
11811
11982
11973
11664
11671
11746
11876
11867
11876
11874
11868
11876
11625
11815
11973
11869
11808
11830
11698
11836
11834
11866
11819
11811
11625
11834
11693
11826
11721
11700
11826
11746
11810
11876
11516
11698
11866
11693
11836
11746
11721
11785
11754
11761
11826
11509
11647
11625
11882
11874
11700
11521
11732
11561
11785
11819
11721
11536
11664
11882
11869
11729
11729
11785
11647
11785
11647
11509
11819
11616
11826
11819
11625
11685
11845
11876
11746
11869
11761
11630
11719
11826
11700
11606
11685
11597
11671
11705
11834
11729
11746
11723
11732
11672
11869
11684
11732
11629
11561
11628
11536
11869
11555
11882
11785
11761
11561
11684
11629
11698
11759
11521
11516
11616
11667
11759
11691
11685
11597
11597
11671
11521
11628
11628
11676
11647
11481
11759
11586
11606
11623
11723
11614
11667
11684
11623
11463
11684
11481
11671
11698
11653
11629
11684
11521
11561
11700
11628
11665
11630
11629
11614
11560
11616
11606
11629
11509
11518
11685
11667
11614
11672
11606
11691
11629
11521
11684
11555
11630
11684
11392
11586
11759
11653
11665
11759
11516
11586
11628
11628
11614
11519
11534
11521
11723
11526
11457
11614
11521
11684
11672
11521
11534
11653
11509
11685
11560
11616
11684
11555
11534
11509
11516
11616
11450
11723
11422
11684
11463
11759
11468
11685
11588
11653
11629
11479
11526
11672
11759
11729
11475
11503
11588
11450
11614
11457
11586
11512
11653
11614
11512
11614
11512
11506
11479
11463
11479
11468
11404
11512
11518
11392
11428
11473
11457
11422
11685
11392
11491
11503
11338
11484
11513
11383
11534
11422
11526
11570
11421
11512
11512
11450
11685
11480
11526
11421
11468
11539
11376
11313
11376
11506
11570
11416
11570
11588
11475
11434
11383
11570
11506
11338
11421
11539
11461
11588
11364
11519
11291
11428
11518
11392
11291
11383
11539
11457
11461
11503
11526
11522
11428
11589
11480
11512
11321
11475
11461
11588
11513
11461
11589
11491
11570
11319
11475
11169
11404
11404
11383
11570
11291
11512
11421
11416
11388
11376
11321
11457
11513
11291
11364
11291
11457
11384
11307
11539
11384
11461
11522
11513
11512
11317
11364
11388
11303
11335
11303
11421
11450
11513
11234
11409
11359
11373
11364
11298
11367
11286
11373
11323
11371
11159
11373
11223
11434
11284
11317
11343
11323
11342
11450
11234
11359
11169
11291
11307
11170
11326
11409
11144
11144
11175
11313
11223
11409
11373
11169
11342
11376
11335
11343
11268
11344
11371
11346
11268
11323
11170
11295
11373
11295
11319
11223
11321
11234
11245
11175
11040
11303
11319
11268
11317
11313
11388
11371
11268
11303
11157
11234
11286
11104
11359
11268
11388
11170
11032
11335
11125
11072
11373
11126
11240
11116
11307
11234
11373
11125
11144
11388
11126
11083
11298
11313
11125
11223
11130
11199
11269
11223
11125
11170
11359
11036
11143
11359
11146
11183
11040
11175
11170
11015
11373
11096
11083
11150
11150
11146
11199
11157
11096
11295
11268
11373
11040
11269
11346
11146
11150
11295
11335
11268
11116
11130
11344
11032
11104
11116
11002
11298
11086
11115
11040
11298
10971
11044
11295
11015
11083
11295
10957
11040
11205
11015
11199
11183
11245
10877
11072
11036
10973
11205
11220
11359
11002
11175
11000
11130
11164
11000
11143
11217
11002
11074
11268
10984
10877
10962
11220
10881
11205
11015
11115
11205
11132
11074
10973
11199
10906
11074
10854
10888
11034
10989
10930
10877
11036
11096
11120
11002
11146
11028
10947
11002
11151
11205
11000
10962
10971
11217
10957
11132
11217
11199
10947
10989
10886
11002
11164
10888
10973
11120
11205
11015
10906
11074
10928
11096
11295
11164
10885
11164
11015
10881
10945
10930
11217
11130
11205
10925
10968
10984
10881
10957
11004
11205
10895
11120
10947
10971
11120
10984
10925
10888
11217
10928
11028
10957
10895
10895
10925
10962
11000
10886
10945
10886
11164
10918
11096
10779
11000
11164
10887
10971
11046
11046
11120
10885
10938
10973
10649
10989
10957
10649
10881
10906
10854
10950
10945
11004
10779
11046
10679
10971
10962
10888
10968
11028
11044
10763
10918
10887
11164
10952
10930
10952
10809
10888
10854
10741
10928
10796
10886
10957
10938
10667
10918
10649
10938
11046
11120
10720
10925
10765
10930
10895
10950
10830
10786
10957
10667
10925
10895
10794
10695
10836
11046
10918
10787
11004
10765
10787
10950
10891
10679
10796
11120
10742
10950
11044
10930
10957
10971
11046
10707
10809
10842
11044
10796
10711
10676
10679
10968
10763
10742
10842
10779
11046
10928
10707
10763
10836
10735
10776
11028
10786
10741
11044
10925
10957
10794
10688
10830
10742
10720
10650
10786
10765
11046
10676
10776
10957
10891
10649
10950
10735
10567
10787
10742
10688
10891
10678
10735
10711
10809
10672
10711
10748
10794
10763
10787
10559
10950
10667
10688
10891
10747
10676
10891
10676
10776
10679
10796
10842
10728
10787
10809
10720
10836
10732
10688
11046
10713
10679
10786
10691
10678
10695
10695
10726
10726
11046
10406
10728
10679
10615
10925
10515
10930
10747
10728
10742
10741
10667
10678
10707
10480
10836
10950
10787
10742
10720
10695
10720
10748
10691
10776
10707
10786
10787
10563
10742
10641
10742
10614
10542
10809
10658
10842
10480
10763
10629
10615
10862
10650
10713
10466
10518
10649
10728
10406
10732
10558
10563
10726
10787
10787
10650
10658
10406
10713
10728
10691
10787
10480
10776
10406
10741
10616
10515
10862
10691
10728
10407
10787
10634
10629
10589
10691
10732
10691
10748
10728
10518
10732
10616
10667
10408
10454
10615
10726
10641
10608
10466
10691
10480
10728
10842
10542
10542
10589
10713
10518
10408
10732
10660
10563
10615
10862
10658
10407
10579
10742
10466
10641
10475
10620
10466
10660
10641
10559
10660
10614
10608
10558
10631
10515
10515
10559
10570
10726
10579
10589
10862
10616
10691
10296
10338
10542
10338
10536
10732
10583
10732
10565
10542
10658
10641
10691
10691
10629
10536
10563
10453
10579
10691
10608
10565
10713
10579
10342
10464
10496
10338
10608
10691
10408
10536
10407
10608
10496
10620
10536
10408
10614
10342
10559
10295
10475
10621
10464
10408
10433
10631
10454
10580
10614
10369
10565
10583
10515
10565
10629
10466
10620
10641
10464
10631
10454
10369
10466
10614
10620
10407
10407
10433
10641
10641
10289
10342
10629
10631
10194
10608
10583
10453
10570
10478
10454
10475
10536
10366
10536
10621
10369
10173
10478
10338
10579
10565
10296
10338
10433
10475
10475
10295
10631
10408
10453
10328
10608
10432
10620
10631
10407
10629
10464
10536
10620
10142
10263
10242
10565
10203
10608
10340
10621
10369
10320
10464
10433
10580
10620
10340
10342
10246
10621
10246
10106
10464
10608
10296
10453
10620
10340
10583
10242
10416
10454
10466
10621
10453
10620
10305
10173
10379
10369
10302
10194
10433
10475
10579
10205
10342
10478
10246
10358
10328
10369
10358
10203
10187
10338
10340
10412
10376
10475
10289
10263
10620
10338
10358
10621
10279
10295
10194
10250
10416
10621
10302
10410
10304
10250
10379
10194
10442
10246
10242
10214
10194
10263
10432
10227
10340
10631
10621
10142
10203
10295
10305
10304
10242
10475
10475
10229
10442
10305
10250
10416
10250
10302
10338
10453
10203
10227
10416
10106
10376
10464
10187
10433
10194
10263
10214
10302
10263
10412
10194
10214
10187
10242
10142
10311
10305
9507
10305
10214
10410
10262
10410
10369
10305
10410
10126
10410
10305
10311
9928
10295
10475
10376
10289
10416
10410
10412
10203
10250
10320
10205
10412
10340
10410
10242
10106
10137
10279
10106
9507
9964
10187
10194
10242
9928
10137
10302
10033
10265
10242
10250
10358
10412
10302
9899
9849
10412
10410
10194
10043
10475
10410
10376
10229
10412
9899
10017
10137
10247
10194
10475
10227
9612
9964
10161
10106
10161
9507
10263
9507
10410
10140
10340
10369
10205
10412
10126
10214
10229
10187
9849
10038
10187
10263
9849
10410
10416
10112
10017
9965
10162
10311
10216
10376
10302
9965
9744
10376
9964
9964
10412
10140
9744
10262
10137
10265
10137
10187
10442
10185
9507
10137
10410
9507
9928
9928
10216
10161
10311
10248
9847
9507
10112
10410
9965
9883
10412
9849
10140
10036
10137
10017
10205
10162
9628
9953
10021
10043
9744
10185
10410
10166
10265
10410
10262
10137
9744
10140
9849
9849
10410
9847
10161
10126
10247
10216
9696
10137
10036
10216
9672
10412
10376
10162
9744
9507
9899
9744
9612
10036
10412
10410
9686
9964
10161
10161
9984
10247
10017
9696
9965
9883
10043
10033
9554
10412
9744
9744
10057
10072
10376
9242
9507
9899
9641
10021
9672
9899
9717
9983
10185
10036
9507
10043
10137
10043
10038
9744
9899
9984
10112
9672
9983
9436
10215
9928
9716
9953
10036
9879
9771
10072
9567
10021
10021
10036
9696
10112
9965
10057
10057
9350
10038
9771
9628
10017
10166
10072
9879
10205
9641
9879
9696
10036
10021
9879
9554
9628
9371
10033
10043
9672
10036
10021
9613
10072
10072
9507
10072
9771
10057
10036
9443
10112
9469
9242
9670
9570
9717
9717
9717
9602
9983
9567
9744
9717
9695
9602
9242
9767
10033
10166
9511
10057
9628
10072
9771
9684
10057
9672
9695
9570
10072
9371
9303
9628
9303
9613
9768
9436
9672
9899
9602
9371
9567
9350
9696
9469
10072
9717
9350
10215
9767
9613
10072
9641
9567
9303
9684
9371
9716
10036
9879
9567
9554
9242
10166
9570
10038
9436
9768
9471
9696
9695
9717
9641
9602
9511
10072
9716
9716
9469
9879
9430
9696
9695
9670
9567
9768
9504
9511
10072
9717
9350
9371
9639
10112
9696
9557
9684
9371
9371
9444
9768
9695
9557
9771
9841
9469
9567
9431
9303
10033
9670
9983
9463
9695
9502
9502
9504
9717
9303
9444
9570
9242
9369
9436
9303
9557
9371
9513
9303
9504
10072
9462
9557
9296
9303
9438
9767
10072
9767
9767
9371
10057
9438
9771
9469
9462
9495
9348
9438
9716
9024
9369
9495
9469
9469
9695
9175
9513
9462
9717
10057
9116
9303
9242
9348
9768
9462
9438
9438
9767
10057
9469
9469
9438
9148
9363
9626
9444
9639
9767
9403
10072
9511
9403
9511
9407
9175
9462
8628
10072
9499
9116
9262
9767
9504
9469
10057
9557
9462
9462
9626
9471
9511
9407
8894
9369
9263
10057
9462
9397
9242
8894
9670
9363
9431
9024
9444
9767
9626
9557
8962
9348
9148
9144
9116
9438
9211
9431
9430
9116
9296
9232
9397
9462
9670
9242
10057
9262
9175
9499
9438
9363
9471
9471
9116
9499
8628
9024
8903
8747
9639
8871
9244
9022
9363
9716
9768
9144
9499
8992
9557
8936
8870
9144
9557
8958
9397
9471
9211
8852
9431
9263
9296
9471
8806
9263
8833
9469
9263
9768
9262
8990
9147
8894
9557
9397
8936
9296
9022
9469
8936
9147
8962
9333
9024
9303
9430
9768
8958
9303
8871
9020
9116
9557
9363
9363
8595
9430
9011
9263
8962
9296
8871
8936
8747
8747
8852
9430
8870
9333
9296
8862
9471
9557
8958
8958
9333
8833
8852
9557
9296
8990
8863
8992
9242
8990
8894
8862
9296
9557
9296
8552
8778
9411
9260
8962
8894
8936
9768
8992
9333
9293
9020
8870
9293
8958
8990
8594
8992
9242
8732
8552
9333
8806
8903
8902
8551
8732
9022
9293
9411
9333
9333
8904
8990
8865
9020
8936
8871
9293
8747
9020
8936
8863
9260
8852
9296
9244
8958
9430
9273
8659
8833
8894
8551
8984
9260
9262
8778
9296
8992
8659
8936
9262
9020
8871
9296
9011
9022
8742
9202
9293
9768
9076
8852
9020
8594
8852
8595
8774
8990
8992
8903
8990
8551
8863
8595
9204
8904
8990
9260
9076
9076
8871
9260
8778
8658
9202
9293
9273
8859
9260
8903
9244
8513
8747
8984
9202
8594
8865
9202
8548
8990
8859
8894
8746
8408
9204
8659
8835
8746
8548
8871
8778
8990
9273
8341
8871
8595
9011
8594
8902
8658
8595
9399
8742
8732
9260
8267
9399
8902
8837
8551
8193
8778
9273
8763
8513
9073
8774
8763
8732
8595
8513
9076
9076
9399
8763
8732
8894
8798
8990
8798
8549
8806
8900
8732
8742
8859
8746
8732
8900
8548
8900
8746
8837
8987
8837
8852
8408
8659
9073
8990
8774
9076
8192
8835
8900
8871
8746
8990
8578
8806
8835
8900
8658
8900
8835
8859
8871
8549
8548
8448
8408
9399
9073
8774
8987
8409
8513
9076
8837
8658
8835
9076
8859
8859
8380
8302
9073
8871
8900
8549
8434
8835
9011
8835
8377
8101
8990
8376
8267
8193
8987
8100
8408
8763
8835
8732
8267
8900
8513
8835
8835
8835
8835
8798
8551
8773
8377
8448
8434
8376
8769
8705
8900
7853
8835
8900
8042
8578
8618
8450
8409
8334
8618
8307
8769
8765
8042
9011
8192
8376
8100
8702
8434
8987
8334
8835
9076
8365
8513
8835
8859
8900
8900
8510
8763
8549
8900
8435
7963
8835
8377
8376
8302
8434
8365
8702
8763
8618
8773
8769
8338
8835
8302
8578
8773
9076
8510
8837
8679
8188
8837
8380
8409
8513
8510
8101
8705
8040
8365
8578
15639
8435
8334
15639
9918
15639
8307
8702
8380
8188
8380
8267
9918
8765
8042
8365
9076
8679
9516
9798
7853
15639
5
9011
8679
8679
8532
8900
8365
8679
9516
8773
8532
8297
9011
9516
8365
15639
8365
9798
8618
10
15642
7948
9516
8679
8302
8334
7853
8769
15639
8705
7963
5
8380
8101
8450
9864
8532
9516
9864
7948
8618
8442
8702
8380
8769
15642
10
9516
8302
8188
8297
7853
8377
8679
5
9673
8679
5
9798
8435
8409
8642
8409
8856
8151
8679
8578
8435
8679
8394
8434
8335
8365
8769
8642
9516
8856
8618
8679
9673
9864
7905
8334
8679
8501
8642
8367
8618
9516
8365
7910
9673
7853
8510
9673
8070
8394
8070
15642
8335
9516
8679
8394
8184
8642
8580
8044
8679
8394
9011
8061
15642
9673
8365
9922
8365
9673
8039
8705
8765
8184
9516
8040
8070
9011
9764
8618
15604
8338
8435
7957
8442
9673
7853
9673
8442
8618
8501
8044
8394
9922
8705
8099
8302
9011
8510
8578
8297
8367
8298
8298
9011
9587
9011
9516
9011
9922
9707
7905
8394
9516
9709
8184
8705
8042
8425
8642
9516
8188
9011
8679
7907
8298
8439
8705
8442
8425
8302
8394
8297
15641
8394
8679
8618
8439
9325
8380
15604
8679
8365
8856
7744
8394
8151
8394
9922
7810
9709
9418
8580
7562
9673
9011
7810
8070
8115
15604
8335
7907
8434
8367
8037
9382
8356
9587
9587
8368
8298
7744
8356
8679
8705
9382
8478
7978
9275
8651
15641
9011
15604
9673
8356
7905
9418
9382
8510
7961
8298
15641
8679
9673
8357
7910
7562
8298
8115
9679
8394
8618
9275
9922
8651
8101
9587
7948
8651
7910
8679
9679
4
7961
15641
8642
9679
8115
8510
8044
9325
8394
9587
7744
7698
15641
9325
8651
15641
8651
8368
8618
9712
8299
9447
15641
9587
8679
9587
8478
8510
8580
8302
8298
8368
9545
7738
8299
9587
8099
8580
8288
8115
8356
8061
8356
8298
9275
9679
7907
8298
8394
9545
9275
8298
8651
8151
8289
9548
9325
8099
7948
8184
15620
4
8368
15596
9325
15620
8356
8070
8478
9679
9275
7743
8651
8705
7804
9722
8368
8651
8044
9252
8651
7643
8651
9722
9545
9795
15596
8289
8651
9387
9722
9252
9415
8298
9545
9795
7948
8302
9387
8184
9548
8289
8356
9722
7981
9252
7910
4
9587
7905
9545
9679
9548
9916
7961
9679
8356
9795
7957
7562
9548
7948
7810
7978
9548
8439
9722
9916
9606
9548
9275
8255
9545
8510
8184
9387
9679
8425
8425
9606
9252
8510
8425
9576
8651
8679
9587
9162
8618
7954
9252
8299
8651
9726
8289
8299
8261
8289
9679
8442
7978
9722
8651
7537
8289
9548
9545
7698
9523
7810
9355
9415
15524
8651
8115
8356
9611
9729
8288
8298
9355
9679
7978
8039
9162
9162
8298
4
8356
8298
9576
9545
8321
7958
7607
8400
9852
9548
9104
7931
8298
8651
9002
8439
7607
7931
9387
8151
8115
9415
9679
9387
8289
7637
8321
9576
7822
8289
7744
9104
9311
8368
7978
8298
7561
9387
9576
7744
8478
9827
9576
9576
9611
8356
9252
7738
9327
9754
4
8572
7822
8299
9852
8244
8478
9679
8261
9679
8298
9679
8439
7978
9576
7737
15572
9387
8651
9611
8244
7668
9850
7948
8651
8321
9387
9040
9387
9387
7804
8289
9850
9827
8400
9754
7562
7643
7743
9860
9311
9328
9576
7643
8299
9387
7636
7978
7981
8261
7668
9679
9002
8289
9002
7561
9576
9327
9576
7981
9611
8261
9523
15572
1
8651
8289
8298
9387
8572
8651
9860
9576
9040
9545
7738
9387
9523
9252
7643
8651
9328
7978
9852
9327
7698
9827
4
8321
9576
8180
9576
7948
7978
9311
8115
8321
8261
9153
7735
9387
8400
9002
7737
7978
9679
9189
15572
8258
7633
8555
9001
9824
8255
8439
9679
7954
8356
9387
8258
9608
15581
7537
7738
8555
9387
9387
9576
9103
9905
8321
7637
9608
8555
8629
7664
9001
7795
9103
9002
7978
9038
9153
7638
9576
9523
8258
7607
8916
9038
9218
15572
8291
7822
8255
9850
9576
7471
8261
9576
7954
9860
7759
7537
15572
9328
8555
9387
15572
7948
7737
9379
7735
8629
9608
9002
9905
9608
8291
7795
9120
1
8916
8553
9860
9523
9905
9608
8258
8258
8258
9387
9218
8572
9328
7401
8555
8400
8180
9218
7978
9550
8245
9103
9291
8244
8563
8261
9180
9103
8258
9679
7804
7822
8244
9120
8478
7525
7735
8453
34
9387
9189
8180
7758
8180
9388
7759
7458
7799
9387
9001
7607
8299
7380
8918
8258
9218
9002
8422
7486
8291
9761
9387
9860
9679
9860
7561
7822
9291
8918
7380
7799
8555
8258
9387
7471
8245
9824
9291
9180
7735
15624
9291
9824
8258
7638
8064
9824
9523
9328
9523
8563
7609
9387
9120
7735
7638
9195
8913
7822
8258
9218
8180
8242
8064
7804
8916
8553
9040
7795
8755
7758
7795
9225
8064
7425
34
7471
8258
7978
7633
9860
7822
33
9388
9608
9387
9824
7978
9040
7822
15581
9291
8006
9329
7486
9040
9121
9121
7744
9160
9160
9679
7668
9120
7637
7759
8006
9180
9002
7589
9218
8006
9527
7735
7737
9387
9329
8755
7458
7537
15565
9195
8359
8966
9186
9483
7582
34
7607
9040
8005
9860
9657
7795
9218
7822
9180
8258
7958
15624
8258
8555
9308
8453
9120
8255
9860
7822
34
7401
7525
8310
7668
9581
8359
7582
8064
8006
7633
7378
9040
9860
7471
7423
8478
8258
9120
7799
9195
9218
8534
9225
9761
9180
9824
7636
8209
9387
7426
8310
9860
9483
7590
7799
7633
9180
7978
8258
7633
9154
9154
9040
7467
7822
8258
9002
7397
8562
9860
9860
9761
7590
34
9761
9218
9523
7525
9425
7607
9581
15628
8006
9154
8005
8245
7609
15628
9329
9388
7822
9225
8209
34
9483
8006
34
7795
7822
7380
8309
8245
9195
9330
8309
9824
8966
7759
9860
9218
9121
9154
7822
9180
9040
8966
8036
9330
9154
8064
9860
9218
7425
7525
9225
7633
7458
7380
9824
9329
8534
9824
9652
7484
8309
9860
9581
8643
7423
8209
8534
8964
9121
9154
7795
7822
7400
8258
9186
7758
7759
7378
9860
34
8036
7525
7485
8643
8913
9180
8269
9453
7426
8036
7582
9824
8245
8064
9388
9761
7951
7629
9121
15608
7822
7446
7590
9453
9195
9824
8562
7716
8846
7951
8245
8005
9860
9581
7795
7423
8488
9225
8258
8890
7633
8242
9456
9761
8005
8534
9456
8006
7525
7633
8209
8966
7874
8846
7759
7763
7458
8966
9860
7471
8890
7758
34
9450
9581
9218
9579
7446
9454
9121
9452
7795
9121
7629
7380
7795
7607
7874
7397
7525
8005
7156
8036
8209
9225
8913
7590
7378
7799
7399
8269
7799
7607
7589
7401
7795
9860
9761
7589
7716
7218
7607
7951
8310
7423
7758
7609
8064
9218
8245
8245
7795
7759
9579
8965
7426
9225
9824
8258
9824
7582
8999
7633
7758
7795
7874
8231
7397
7378
8231
7607
7951
7759
8294
8231
8005
8245
7484
8890
7426
8965
8036
8940
8872
7460
7759
7629
9579
9225
7763
7609
7458
7799
8872
9121
7629
8632
7692
7401
7633
7951
8111
9041
7186
7691
7629
9330
9581
9121
8534
7582
8561
8245
7951
8390
7874
8534
7758
7236
7874
9218
9003
8872
9182
8310
7759
8241
7629
9761
9286
7485
9761
8005
7236
9182
8940
8064
8006
7951
7446
7218
7380
7951
7380
8574
9225
7467
7440
7584
8428
7425
7582
7582
8534
9390
9824
7629
7525
7218
9125
7759
7400
7440
7692
8428
8231
8721
7583
9121
7733
9579
7795
9125
7763
9196
7460
7692
7759
8390
7633
8638
7795
7951
8749
7691
7218
7399
7951
7759
9196
7
8006
7795
7692
8111
8638
8699
7874
7460
7692
8231
7526
8632
8643
8233
8789
7199
7484
7951
7584
8196
7629
8789
7282
7426
8231
7153
9196
7692
7419
7583
8294
8534
9286
7378
8428
7401
7229
7951
7218
7691
9579
8111
7733
7731
8231
9125
8231
8699
7582
7440
7795
7460
7440
8233
7584
8789
7121
7874
7633
8111
8940
7692
7460
7392
7156
7584
7609
7460
8716
7795
8231
7609
7582
7218
8749
8940
9125
8196
7583
7425
8789
9125
7629
7731
9182
8664
7691
7629
8294
8428
7558
8241
8789
7733
8231
7691
8638
7426
7298
7874
7763
7440
7692
7119
8789
7236
8828
7692
7584
7731
7397
7199
8428
7558
8535
7156
7558
7590
7218
9097
8158
7584
7099
8664
7582
9125
7692
8027
8284
7440
7175
7582
7692
8789
8428
8156
7629
8664
7197
7583
7583
9125
7692
8789
8614
7526
8165
7795
7230
7526
7460
7186
7
9222
9125
7526
9222
7232
7558
7629
8196
7440
7119
8284
7691
8428
8156
7731
8523
8828
9030
7692
7440
8828
9125
7283
8027
7951
8026
8158
7419
7392
9097
8143
7024
7584
7691
7973
7558
7440
7582
7582
7584
7558
9184
7392
7186
7218
8354
8157
8893
8143
8637
8614
7392
7153
8941
7419
7121
8495
7692
7440
7609
7582
7236
7691
7731
8664
7229
7691
7282
8165
7173
7329
7460
8789
7460
7629
8027
7733
7583
8664
8523
7218
7584
7156
7392
7440
7440
8052
7685
7329
8495
7582
8158
7119
7582
7731
7024
8635
7558
7156
8789
7731
8664
7376
7151
7440
7199
7836
7440
7733
8157
9222
8813
7099
7298
7283
7558
7392
8828
7151
7691
8250
7419
7731
7440
8614
7440
9184
7230
7274
9125
7096
7582
8675
8850
7274
7121
7836
8198
7175
7186
8198
7156
7274
9030
7218
8143
8250
7733
8614
7173
8598
7921
7460
7298
8052
7274
8666
7099
7153
7230
7236
8882
7376
7685
7197
7419
7526
8893
7229
7461
8943
8598
7440
8353
7440
8635
8637
7236
7218
7731
7419
7199
7232
7282
8023
7329
8198
7731
8284
7376
7221
7392
8170
7440
7691
7897
8635
7392
7897
7392
7238
7376
7376
7440
7283
7691
8598
7691
8813
7392
7024
8495
7558
7156
7187
7526
7274
7173
7419
8635
7298
8138
7354
7419
7440
8602
7440
8132
7218
8882
7151
6993
7092
7283
8796
7897
7731
7392
7274
6947
8023
8813
7836
7238
7440
7685
8635
8198
7147
7418
7376
8016
7124
7121
7274
7440
7220
8666
7236
7392
8455
7356
7376
8164
7392
6948
7376
7392
8675
7356
8112
8813
8468
7124
8830
7092
7230
7199
8494
7461
6897
8132
8455
8830
7897
7187
7092
8818
7298
6920
7685
7221
7096
8164
7418
7094
6971
8016
7124
6944
7440
7199
6919
6849
7418
8635
7173
7862
8576
7526
7092
7685
7024
8602
8494
6825
7227
6947
7096
6897
7418
6947
8537
8164
8132
6946
7022
7461
7392
7356
8206
7187
8637
8813
8602
7356
7019
7238
7124
7376
7356
7019
8692
6944
8494
7921
7354
8016
7187
6875
6853
8796
8818
7418
6919
7440
6920
7356
7124
6965
7946
6965
7374
8239
7392
7187
7376
8206
7238
8537
8494
7096
8455
8016
6853
7220
7862
6920
8455
6993
7392
7376
7092
8206
6971
7727
7024
7092
7356
7300
7356
8602
6965
8399
6920
7376
7094
6897
7227
6965
7172
7727
7238
7170
8602
7376
7124
7937
7920
7145
6853
7187
8024
6849
7811
7227
8239
7022
7376
7092
8692
7238
7418
6993
8751
8361
6969
7149
7753
6946
7115
6948
7019
8399
8494
6825
7376
7019
7147
8000
7187
8616
6947
7220
8431
7051
8024
6849
7175
7227
7092
7418
6897
7753
8140
8494
6853
6762
7170
6724
7222
7811
7376
6875
7941
7121
8676
6762
8239
6965
7094
8239
7227
8602
6969
7170
7149
7019
6946
7964
7376
7727
7813
6965
7227
6944
6762
6725
7090
6857
7170
6965
7019
6853
8024
7376
7051
8385
7946
6948
6804
6669
8524
7148
6969
6725
7051
6775
6762
6875
6720
6619
7187
6857
6875
6592
7376
6718
8616
8177
7092
6696
7623
6944
7622
6775
7995
6762
7864
6771
7376
6969
7521
7147
6888
6857
7941
6985
6773
7222
7148
6697
8385
6762
8280
7092
8140
8280
7376
8363
6896
6669
6619
6771
6804
6775
6824
8276
7170
7172
7603
8492
6724
6718
7623
6720
8276
7964
6875
7051
8239
6696
7834
7170
6717
7753
6699
6888
7115
6875
6619
6773
8201
6671
6985
7092
6771
7148
7829
6725
6824
8090
6669
7995
6697
6671
6592
7623
7829
7783
7051
6773
7090
6910
7785
7116
7646
6718
6910
6717
7051
6646
6775
6592
7603
7521
6724
6762
7149
6766
7148
8239
7783
7785
7995
6983
6875
6595
8363
6987
6773
6718
6724
6773
8046
8253
6773
6857
6766
8274
6985
6619
7051
8001
8146
6592
6590
6505
6636
6725
6870
7388
6590
6556
6531
6671
8136
8201
6890
8001
6641
8363
7971
6844
7388
6717
7411
6766
6504
6504
6453
6868
6987
7995
7149
6766
6669
6505
6983
7971
6592
6397
8313
6578
6824
6455
8313
6725
6578
7995
6845
7829
6966
6645
6619
8146
6262
6590
6590
6667
7148
6453
6724
8074
6559
6716
6621
6578
6766
6940
7603
7971
7914
6504
6724
8280
7320
8253
6340
7116
7521
6773
6875
6966
6771
7785
6645
7647
6844
6771
6479
6724
7914
8200
6843
7343
6556
7818
7646
7833
6824
7603
6771
7343
6714
6262
8075
6578
7914
6342
6635
6340
7674
6868
7411
6590
6641
6480
6983
7861
6846
6716
6716
6559
6395
7939
6846
7388
6940
6559
6845
6343
7596
6645
6691
7833
6455
7475
7390
7708
6578
6621
6590
6621
7995
6692
6533
7818
6870
7925
6578
7345
6340
7858
7818
7995
6636
6966
6635
6552
7345
6645
6667
7647
6667
6110
6768
7621
6257
6714
8003
6583
6476
6636
6311
6714
6716
6635
7621
6402
7596
6343
6205
7649
7565
6843
6746
6746
6583
7320
7345
6132
6479
6583
6692
6716
7860
6311
7388
6552
7345
6663
6692
6621
7596
7319
7390
6365
6714
7746
7818
6635
6340
6636
7861
6455
7517
6110
7475
6495
6663
6455
6692
7746
7319
6455
7478
6262
7319
5872
6500
7388
7515
6344
6308
7319
6768
6363
6336
7617
7925
6158
6480
6746
6714
6492
6365
6635
6636
6493
7345
7475
7345
7861
7861
6692
7688
6716
7617
6714
6500
7475
7861
6551
7211
6492
6230
7163
7176
6476
7677
6663
6493
6281
6667
6363
6746
6400
6692
6262
7710
6692
7710
7211
6552
7579
6231
6478
7860
7515
6495
6132
7164
6552
6665
6336
7579
6499
6549
6636
6746
6492
6110
6714
6257
7925
7176
6492
6223
6067
7688
6223
6500
6134
5919
7139
6746
7164
6281
6336
6523
6004
7139
7478
6663
6549
7176
6253
5919
7139
6551
6492
6365
6231
6499
7517
5946
6478
6714
6061
6371
7213
7688
7488
6183
7140
7213
7488
6308
6182
6061
6333
6110
6371
7474
7511
6065
6333
7433
7474
6333
6476
6551
6253
7498
6175
6478
7009
6329
7565
6175
7488
7385
6478
7315
7688
7487
6499
6254
6523
6067
6302
7370
6175
6108
6230
7176
6004
6253
6083
6158
6183
7370
6959
5946
7703
7491
6134
6254
6065
7370
6175
6253
6316
7371
7370
7239
5946
6182
7370
6478
7009
6224
6182
5919
6329
6083
6252
6316
6904
5551
7211
6329
7511
6231
6333
6904
5978
7239
6101
7433
7455
6069
6329
6421
6128
6108
6863
6058
6253
5661
6253
7012
7515
7079
6313
7315
6923
6863
6333
6084
6152
6254
6302
7455
6903
7285
6084
7370
5794
6252
5978
7109
6316
6313
6103
5551
6002
7285
6175
6002
7498
5740
6033
7315
6906
6333
5682
6231
6209
7474
6904
5793
7511
6224
6128
7474
7109
6923
7416
5894
6033
6316
5844
6108
7242
7202
7206
6084
5847
6067
5873
6020
6209
6063
6019
6069
5712
6627
6923
6128
6659
6002
6084
6627
6627
6254
5743
7370
7491
6084
6058
7272
6002
5873
5792
7246
6033
7109
7111
5740
6083
6063
6057
6997
7366
5840
6231
7079
7268
6231
6209
5894
6088
6057
5663
7012
6922
6997
6103
5873
7313
6060
6904
6815
5947
6084
7295
7513
6659
6063
6863
5844
6057
6034
6018
7128
7295
6018
5682
7128
6209
6807
5708
5520
7365
6627
7295
7295
5899
7272
6101
6883
6034
5661
5794
6033
5743
7038
6063
6209
5711
5708
6088
5607
6101
6863
6975
5942
6018
7313
6975
6541
5711
5548
5947
5873
5815
7246
6922
6882
5709
5380
7321
7030
6002
6231
5551
5661
7080
5977
6020
5762
7030
7365
5847
6562
6541
6815
6658
6488
7246
5712
6925
6018
5840
7111
6488
7295
7038
6209
5894
5849
6975
5662
5682
7272
5840
6815
6018
5844
6997
6541
7134
5709
6807
6101
7391
5868
7179
6882
5762
5741
5577
5709
5663
7268
5577
7169
5548
6779
5344
5977
6542
5891
6779
6627
5630
6231
6883
6883
5344
6060
6541
5888
5663
6440
6541
6541
5899
5762
6883
6651
5849
5663
5868
5899
5605
7295
6101
6354
6754
5762
7295
5840
6682
5899
6020
5549
5380
6488
5455
5739
6682
6245
5894
6658
6927
5605
5663
6440
5762
5608
5947
6562
6834
6779
5942
7030
5888
7040
5378
5762
6354
6654
5899
5501
5548
6681
5840
5662
6434
5899
5894
5868
6103
6834
5552
5378
6975
5607
5548
6267
6571
5548
6608
6020
5888
6354
6354
6511
5663
5607
5379
7167
5875
5685
6651
6609
5739
5608
6267
5223
6267
7006
6681
5520
5891
5223
6654
6440
6354
7169
7006
7057
5548
6681
6927
6925
6245
6020
5888
7013
5942
5451
7001
7075
6119
7013
6020
5840
6434
6571
5403
5942
5875
7167
5126
5544
5548
5344
6654
5548
6511
5379
5663
5124
5605
6434
5455
5947
6681
5515
5343
5403
5343
5888
5378
6511
5888
7179
5341
5658
6754
6608
5341
5745
5379
6571
5745
6245
6093
6119
5344
5481
5517
7044
5663
5475
5192
5658
6440
5451
6885
6781
5222
5572
5291
6831
5745
6680
6562
7044
5605
5192
5378
5517
6571
6536
5605
6759
6511
7075
5606
5516
5544
5481
5124
5656
5685
5685
6681
5816
5403
6759
6219
7040
5888
5291
6093
6433
5403
6119
5656
7013
5379
6267
5544
6834
5344
6687
6439
5745
5515
5573
5475
5664
5120
5515
5289
6245
5378
6680
6219
6245
6759
6963
6687
15663
6753
5289
5663
6093
6885
5605
5816
5125
6680
6159
6119
5222
6318
5220
5291
6318
5124
6050
6604
6318
6219
5269
6604
6683
6741
6439
5126
6269
6219
6219
6416
15668
6687
6269
5396
6186
6511
5252
6433
5481
6119
5656
6186
5124
6093
6687
5283
5121
7002
6439
6511
5745
6759
6050
6416
5608
6050
5685
6687
6093
5606
6186
6219
5269
5503
5481
5291
5664
6680
6093
5605
5252
5291
5522
5035
5657
5289
5816
5514
5154
5125
6433
5289
5451
15668
5289
6186
6741
5685
6885
6536
15657
5657
6439
5515
5220
6236
5291
5573
6236
5035
6759
6885
6159
5816
5421
5572
6439
6688
6194
6350
5123
5502
6810
5677
5221
5931
5423
6734
6416
6687
6536
5908
5396
6219
6298
5105
6439
6350
15663
5605
5931
6269
5252
6439
5503
6236
5220
5503
6414
6071
5400
5010
5656
6159
6219
15665
5423
5423
6515
5269
6680
5010
6545
15657
6114
6414
5252
5283
6114
6378
6680
6093
15648
5515
4883
5269
5515
5421
6407
5449
15665
5514
6236
6633
5289
4764
5057
6810
6545
6185
6048
5481
5931
5396
4981
5573
15666
15657
5808
6185
5220
15668
6350
6414
5255
5571
6046
6093
6414
4985
5908
6680
6545
6545
6300
6185
5514
6565
6236
5931
6565
5451
5283
4874
5421
5035
6186
6126
6269
5252
6048
5255
6009
5126
4883
15663
5481
6536
6071
5503
5503
5035
6146
5035
5396
4787
5035
5657
5013
5423
5057
6192
5883
5965
6536
5126
4787
15665
5400
5375
6407
6138
6521
6048
6357
6071
6146
5515
6138
5481
15665
6414
5502
6633
15668
5255
5932
5009
5423
5908
4905
5009
5398
6545
4905
5571
5925
5059
5619
6136
5535
5908
15668
4729
6378
5035
6079
5215
5449
6048
5923
5965
5514
5255
5571
5057
5725
6136
6545
5923
5861
5400
6378
5105
6407
6126
5072
5421
6521
6248
4981
5883
6463
6271
4803
5594
6463
5481
5515
5150
6082
6046
5514
4700
5908
6378
5105
5699
5255
15665
4700
5908
6121
6071
5571
5861
15665
5377
4985
6009
4776
5166
5932
4728
5932
5255
5725
15666
5146
5255
6009
6079
5150
5999
4777
5699
4518
5932
4777
4774
4764
5072
4703
4981
5619
6079
6378
5524
4808
5255
5510
6565
5098
6166
5619
6082
5098
5725
5009
5036
15665
5861
6248
5146
5146
5510
5725
5150
15668
6079
6125
5375
5594
5783
5957
6078
4905
6436
5035
5687
5398
4625
6271
5535
5908
6407
6415
5999
4774
6046
5166
5725
5451
6078
6123
6009
5746
4656
5098
5072
6197
15665
6378
5957
5746
5932
5255
4787
5329
4728
4808
6079
5535
5146
4573
6271
5398
5783
5671
4671
5535
15654
4700
5388
4684
6320
4803
15657
5036
15657
6271
4777
5686
5699
6166
5215
5150
5150
5215
5039
5715
5146
4777
5216
5535
5901
15660
6138
5571
6271
5072
5617
6436
4776
5039
4703
4490
5783
4787
5377
5998
4777
5388
5490
5166
4729
5993
5510
4905
4777
5215
5146
5524
5166
4684
5779
4981
5938
5618
5329
5957
6141
5536
5957
5686
5861
5098
5414
6197
5524
5687
6189
6271
5696
5746
15654
5146
6141
5137
5036
5715
4490
5556
5672
5414
5783
5039
15670
4518
4623
6013
4777
5388
5993
5671
5219
5618
6271
5995
5995
5072
4776
5746
5150
5330
5185
5536
5150
5146
5098
4912
4519
6141
4457
5414
5166
6189
4387
4698
5215
4625
4271
5761
5536
6076
5690
5993
5407
4579
4728
5617
4775
5696
5216
5837
4573
5388
5556
4609
15667
5993
5989
5375
5938
5039
4457
4623
5146
5464
5216
4656
5715
5556
5375
5911
5146
5672
5526
5672
5219
5912
5671
5185
5988
4625
15670
5686
5330
4807
5324
5215
5993
5993
5330
5440
5324
5466
6043
5238
4980
4609
5556
15662
5696
4457
5216
5993
5988
5146
5138
5993
5238
5414
4672
5837
4656
5146
5072
5912
4912
4656
5136
5715
5779
4698
4698
4671
5779
5823
4777
4575
4387
5033
5256
15662
4734
5464
4419
5686
5911
5732
5958
5355
5324
4672
4671
5440
4623
4609
5238
4609
5526
5625
5407
5136
15670
4707
5911
4671
5958
5324
5069
5484
5238
5705
4697
5729
5248
5526
5440
5069
4598
5178
5504
4180
5732
5533
4854
4959
5185
5129
5856
4027
5729
5541
5410
4453
5355
5625
5444
5138
5912
5129
4625
5219
5748
5911
5023
5541
4579
5256
5362
5410
5410
5023
5178
4609
4912
5911
4656
5129
5146
4775
5911
4656
4734
4010
5732
4421
5129
5256
4707
5911
5695
4598
5440
4972
5239
4698
5444
5033
5444
4387
5484
5410
5259
4724
4419
5440
4980
5023
5987
4912
5705
4944
5205
4672
4609
5328
5732
4697
5504
4377
5025
4457
4179
5470
5025
5749
5732
5472
4671
4179
5748
5156
5533
4932
4598
4453
5444
5178
4453
5533
5007
5532
4989
4003
5129
5076
5777
4011
4477
4656
4672
4697
4270
15558
4944
5466
5447
4656
5729
5533
4598
5328
5538
5293
4976
5532
5748
4912
5466
5444
5156
5256
4672
5076
5911
4724
4580
5069
5695
15558
4959
5856
4989
5259
5256
4915
4707
5705
4734
4972
4271
5228
4179
15670
5540
5069
5076
4457
4003
5086
5705
4011
5077
4734
4697
4458
5748
5538
5533
4449
5239
3885
4972
4697
3917
4734
5601
4878
5239
4377
4944
5241
5228
4698
4989
5695
4421
5314
4010
5015
3917
4759
4477
5538
5393
4944
4453
5541
5410
5533
5048
5279
4724
4656
4854
5540
4179
4854
5538
5145
5538
5749
4949
5374
4609
4724
4377
5296
5022
4516
4271
3887
15558
5015
5532
4893
5293
4989
4610
5412
5015
5069
5538
3832
5086
5014
5447
5533
5014
5412
5777
4377
4697
4972
4878
5695
5601
5279
4989
4707
15644
5357
4270
5241
4953
4893
5314
4932
4003
5695
5459
4759
5695
5532
4697
4179
5296
5030
4377
4449
5075
4027
4453
4446
4758
4179
4757
4028
4477
4537
3885
4449
4099
4003
4724
4321
4516
3887
4338
4245
3832
4516
5041
5015
5588
4914
5174
15558
5601
4694
4724
4813
5300
4609
4694
5374
3918
5293
5601
5393
4697
4027
5241
4321
5467
4915
4503
4244
4959
4782
5116
3917
5467
5041
4757
4708
5243
4720
5386
15558
4549
5241
4710
5540
4028
4708
5135
4944
4245
4953
5393
4610
4270
4976
3766
5014
3797
4610
5412
5412
4338
4446
4232
4725
5412
5004
4677
4301
4301
15558
4321
4446
5507
4537
4708
4516
5241
5488
4537
4003
4549
4503
4953
4417
4656
4694
4758
4245
5488
4179
5300
3887
4232
15644
5142
5116
4847
3499
4812
4446
4678
4708
4245
5174
5467
4759
5114
4610
4678
5467
4966
5412
4503
5212
5241
4782
4360
4417
5202
4277
4779
3651
5412
4708
4503
4270
4325
4244
4257
5115
3887
4458
4975
3918
4360
4099
5488
4865
4446
4410
5241
5540
4708
3797
4244
4447
4245
5327
3795
4708
4417
4338
4677
4516
4917
4325
4301
4243
4537
5232
4813
4447
3766
5041
5241
4027
3683
4549
4835
3657
4233
4812
4277
5412
3887
4467
4759
15557
4331
5003
4503
4921
3657
5041
4503
5091
4410
4444
4725
5488
3766
4758
3766
4952
4233
4954
5393
5393
5004
4301
5202
4223
4952
4720
5241
4243
5488
4539
4133
4325
4668
4245
4257
4675
4917
4654
4865
4408
5243
5163
4710
4223
4549
4539
4301
5128
5160
5134
5393
4558
4708
4334
4256
5114
4408
4558
4558
4473
4224
4479
15557
5114
5300
4190
4479
3949
5109
4654
4815
4549
4924
5212
4245
4479
4226
4924
4758
3795
4406
4562
4952
3651
3949
3949
4224
4096
4952
5078
5160
3765
4654
4233
4223
3500
3794
4371
4253
4244
35
3765
4503
15644
4325
3831
4537
3834
4337
4636
5079
4611
4226
3794
5115
4417
3504
5160
4331
3999
4354
4549
4133
4741
4797
4751
4549
4233
4200
3657
5115
4260
15644
3795
4224
4954
3499
4256
5079
4825
4558
4758
5019
4251
4243
4008
4815
4954
3467
4826
3732
4480
4473
4150
4403
4898
4096
3999
4537
4408
5128
4471
4751
3999
4244
4815
3949
4473
4826
4769
3831
4244
5003
4371
4223
4090
4054
5115
4076
4200
4408
4295
5160
4371
4826
3967
5128
4250
4133
4403
3499
4791
4426
4404
4358
4825
5163
5115
3999
5115
4354
4567
4654
5115
4325
4086
4954
4825
4096
4797
4133
3500
4315
4253
3467
4639
15644
4117
3765
4611
4086
4198
3547
3894
35
4047
4476
4562
4156
4190
3732
3834
4244
4253
4354
3999
4331
3628
3818
4404
4567
4636
4250
4115
4614
5115
3894
4358
3654
3824
3834
3326
4850
4250
3504
3657
4791
5001
4473
4143
5115
4096
3628
4251
4815
4117
4769
4244
4549
5001
3628
4567
3956
3819
3999
3775
4215
4198
3970
4721
4038
4133
15557
4614
3380
3547
4476
4215
3761
4797
5001
4076
4500
15557
4800
4354
4143
4047
4156
3999
3894
3868
3894
3380
4476
15644
4557
4331
4354
4825
4721
4156
4109
4102
4096
3954
3819
4084
3970
15646
3500
3970
15646
3382
4371
3956
3967
3426
4825
4088
4721
4476
4826
4250
4038
4076
4091
4201
4365
4721
4825
4800
4115
4692
3654
4156
4315
4585
3970
4084
3894
4008
3467
4741
3424
4416
5001
4350
4043
3928
4109
3931
3834
3775
3285
3761
4350
4091
4500
3012
4426
3467
3326
3628
4643
5001
4692
3699
3928
4614
3860
4505
4289
4474
3699
3297
4088
3956
3700
3922
4004
3860
3674
4040
4692
3834
4643
4350
3426
15557
3775
4088
15646
3922
3539
3954
3999
3617
4096
3160
3424
4721
3928
4196
4109
3775
3996
3380
4091
3328
4041
5001
4091
3617
3697
3996
4215
4013
3380
3783
4567
4043
4289
3869
3424
3761
3965
4156
5001
4289
3580
3824
3814
3628
3142
3777
4554
3580
3776
3693
3922
4015
4095
4426
3382
3547
3655
15646
3424
3868
3824
3824
4505
4585
3693
4207
3959
3617
3324
3991
3419
4474
4234
3268
3972
15646
4585
4185
4353
4008
4237
4353
3467
4474
4721
4353
4643
4416
3996
4004
3863
4088
4088
3776
3628
3727
3580
4510
3697
3549
3617
4511
3999
4185
4013
3902
3321
4510
15557
3849
4289
4237
4196
3285
3160
3433
3560
3328
4076
4091
3753
3991
3012
3339
4474
3775
3996
4554
3753
3167
4289
3999
4058
3321
3779
4004
4207
3426
2935
3580
4511
3637
3776
3756
3849
3098
4234
4237
3834
3295
4237
3702
3849
3295
3747
4207
3713
4426
3560
3996
3297
3783
3776
3824
3294
3753
3008
3262
3868
3580
3620
3594
3620
4511
3560
3160
3999
3424
3100
15557
3792
4510
3696
3947
3753
3169
3455
4004
3549
3531
3753
4004
3368
3662
3859
3389
15557
3580
3681
4510
3232
4195
3782
3433
3869
3902
3776
3996
4095
3555
3137
3859
3947
3579
4510
3594
3937
15557
3187
3920
3383
3354
3533
3792
3855
3560
3350
4206
3696
3947
3889
4058
3433
3295
3580
3920
3294
3383
3560
3169
3262
3672
3863
3620
3594
3531
3455
3580
3947
3775
4237
3368
3594
3792
3756
3549
3863
4206
3824
4058
3824
4058
3580
3160
3859
3255
3390
3859
4319
3662
4004
3232
3497
3663
3756
3937
3855
3690
3098
3321
3727
3299
3383
3122
3639
3579
3433
4510
3920
4058
3455
3560
3579
3307
3775
3187
3328
3531
4510
3580
4023
3580
3262
3326
3834
3328
3142
3775
3416
3262
3792
3299
3294
3711
3305
3531
3579
3305
3690
3554
4093
3030
3775
2894
3563
3792
3389
3065
3663
3601
4237
3560
3258
4093
3251
3792
3360
3225
3190
3232
3580
3858
3262
3122
3228
3792
3791
3580
3098
4004
4510
3727
3148
3711
3190
4319
3169
3530
3299
2976
3630
3098
3497
3921
3453
4058
3859
3397
3076
4093
3601
2896
3453
3389
3178
2935
3998
3256
4206
3258
3475
3331
3998
3277
3921
3792
3139
3262
3727
3916
3255
3009
2894
3563
3858
3663
3050
3063
3711
2973
3412
3630
3078
4093
3098
3735
3139
3913
3390
3397
3913
3913
4206
3921
3735
3737
3157
3232
3729
2892
3663
3126
3537
3277
3629
3453
3262
3997
3729
3360
3277
3332
3156
3338
3216
3305
3497
3447
2973
2976
3563
3069
4093
3050
3530
3162
3299
3071
3921
2874
3099
3476
3009
3000
3729
3921
2936
2998
2998
3580
3162
3728
3737
4093
3631
2906
3497
3300
3277
3727
3225
4206
3913
3997
4093
3447
3444
3435
3162
3122
3913
3126
3331
3475
3238
3044
2976
3360
3569
2922
3332
3453
3162
3155
3397
3569
3921
2946
3162
3475
3098
3167
3098
4093
3858
3475
3913
3024
3333
2935
3998
3435
2973
3630
3237
3078
3167
3569
3076
3497
3044
3333
3447
3444
3913
3000
3666
3156
3921
3111
3913
3150
3076
3190
3162
2869
3350
3148
3630
3858
2973
3666
2936
3065
3629
3666
3435
3237
3136
3331
4093
3522
3076
3537
3569
3913
3076
3630
3237
3069
3111
3041
3858
3629
3300
2698
3464
3598
3666
3331
3376
3074
3913
3444
3858
3728
3350
3076
2973
3666
2753
3331
2858
3247
3728
2900
3376
2970
2815
3237
2780
3041
3447
3273
2986
2782
3300
2706
2803
3002
3190
3044
3331
2998
2894
3444
3199
3598
3294
2789
3302
2690
3071
3238
2876
3076
3376
3728
3274
3198
2920
3076
3238
2756
3074
2876
3237
3598
3598
3445
3666
2906
2970
3464
2986
3858
3010
2836
2706
3238
3010
3858
3112
3074
2845
3666
2946
2869
3464
2890
2937
3464
3666
2942
3247
3273
3464
3598
3198
3598
2986
2986
3074
2747
2698
2734
2743
3522
3218
3131
2910
3199
2705
2790
3274
3074
2782
2896
3081
3302
3071
3238
3190
2790
3071
3331
2906
2743
3074
3464
2986
2841
3464
2844
2782
3247
2774
3074
2758
2824
2653
3294
3247
2677
2845
3349
3247
3464
3036
2706
2956
2695
3445
2881
3445
3218
2560
3238
3302
3265
3464
3238
2747
2983
3010
2884
2890
2615
3073
3131
2782
3445
2668
2722
3302
2639
2881
2753
3445
3464
2728
2779
2824
2790
2845
2996
2592
2969
2626
2688
2681
2942
2915
3238
3274
3445
2718
3302
3057
3349
2942
3302
3081
2983
3057
3073
3073
2779
2618
2695
2567
2690
3010
2983
2729
3057
2890
2646
2796
2756
2996
2705
2618
3096
2708
2975
2756
2915
2719
3010
2560
2728
3071
2722
2685
2881
2852
2653
2983
3038
2497
2545
2639
2625
2796
2584
2567
2695
3238
3096
2534
3038
2625
3038
2774
2547
2594
3036
3096
2915
3096
2750
2788
3038
2975
2915
2969
2582
2613
2969
3057
2623
2728
2728
3073
3104
2598
2479
2996
2646
2890
2548
2444
2625
3057
2581
2443
3038
2975
3096
3096
2975
2595
2626
2796
2837
2464
2334
2663
2837
2888
2796
3027
2496
2703
2796
2796
2909
2536
3038
3096
2516
2534
2775
2494
2560
2334
2443
2785
2690
2713
2520
2663
2440
2909
2909
2360
2929
3104
2699
2699
2796
2699
2663
2768
2625
2663
2488
2785
2768
2777
2664
2703
2777
2549
2788
2761
2594
2623
3096
2444
2446
2434
2435
2267
2554
2382
2312
2568
2751
2462
2632
2775
2455
2410
2516
2502
2788
2625
2751
2595
2664
2462
2632
2777
2456
2401
2412
2609
2431
2751
2560
2502
2491
2440
2451
2435
2443
2554
2775
2715
2451
2570
2502
2702
2458
2554
2334
2312
2488
2609
2768
2560
2632
2353
2519
2777
2702
2499
2751
2262
2777
2434
2570
2267
2702
2580
2494
2382
2580
2359
2473
2385
2570
2401
2793
2568
2499
2713
2751
2435
2552
2446
2656
2609
2278
2382
2436
2443
2456
2440
2478
2274
2318
2570
2702
2233
2446
2608
2386
2466
2632
2416
2325
2761
2353
2702
2478
2315
2451
2630
2630
2619
2715
2507
2450
2552
2256
2261
2413
2334
2553
2344
2258
2386
2256
2493
2274
2284
2473
2514
2184
2478
2553
2401
2258
2656
2413
2319
2364
2275
2401
2244
2436
1974
2715
2144
2494
2318
2141
2393
2195
2184
2346
2393
2478
2422
2493
2244
2630
2630
2340
2678
2256
2334
2473
2336
2162
2144
2630
2154
2295
2514
2381
2500
2450
2630
2372
2278
2278
2678
2332
2276
2275
2553
2514
2295
2553
2276
2284
2230
2111
2339
2450
2303
2162
2327
2500
2340
2295
2006
2334
2256
2327
2256
2154
2283
2195
2270
2194
2507
2426
2244
2244
2098
1974
2287
2194
2303
2315
2093
2296
2258
2175
2284
2133
2275
2296
2339
2141
2278
2450
2477
2165
2258
2477
2022
2119
2426
2327
2426
2340
2133
2332
2118
2033
2283
2500
2256
2118
2268
2477
2154
2233
2211
2256
2258
2379
2035
2025
2209
2178
2119
2268
2340
2203
2203
2270
2230
2154
2173
2036
2025
2173
2165
2091
2238
2081
2258
2052
2175
2211
2287
2089
2022
2025
2275
2295
2327
2379
1946
2052
2260
2209
2295
2295
2020
2033
2154
2052
2062
2119
2260
2118
2020
2339
2173
2106
1875
2052
2036
2477
2070
1946
2006
2373
1987
1970
2260
2340
1919
2052
2156
2339
2209
2127
2107
2379
1991
2011
1998
2119
1967
2015
1998
2011
1953
2182
2011
2260
2340
1935
2127
2058
2118
2339
1934
2015
2058
2287
2275
2045
1791
2047
1932
2340
1875
2011
2146
1880
2045
2062
2275
2062
1941
2114
2047
2477
2058
2327
2035
2112
1970
2187
2148
1941
1934
2187
2207
1840
1938
1991
1884
2011
2187
2062
2260
2089
1991
2165
1902
2207
1932
1988
1855
1932
1852
2045
1946
1900
1900
2070
2165
2373
2107
2240
2373
2241
2191
2107
2241
1953
1953
2202
2373
2240
1903
2146
1824
2182
1855
2241
1934
2191
1868
1860
1880
1941
2062
2146
1908
1913
2017
2373
2063
1979
2063
1913
2069
2114
1938
15699
1913
2146
1941
1838
1824
2058
1913
2139
2031
2191
2112
1851
1893
2146
1947
2017
1775
1877
2139
1988
1908
1900
1902
1840
2240
2139
1877
2112
2066
2107
1778
2191
1842
1978
2202
1913
1787
1852
1868
1953
1782
2240
2066
1978
1855
1778
1947
1976
1938
1715
1744
1775
1851
1979
2146
1792
1905
1827
1893
2017
1669
1862
1888
1893
2146
2066
1858
2069
1860
2012
1838
1979
2202
1790
1850
1778
2139
2016
1840
2240
1953
1838
1913
1893
1815
1744
1978
1753
15691
1887
1862
2065
1792
1905
1862
1870
1976
1752
15694
1698
1955
1860
1669
1938
1950
1950
15694
1860
1902
1800
1826
1961
2016
15694
1803
15691
1715
2202
1870
1669
1775
1961
1938
1778
2065
2012
2002
1815
2012
1690
15694
1858
15692
2202
1800
1845
1955
1787
15551
15692
1782
1955
1955
1737
1655
1931
1669
15691
1513
1826
1735
1753
1669
2002
1947
1845
1961
1850
1870
1874
1714
1955
1783
2002
1698
1816
1698
2002
2012
2002
1694
1735
1748
15551
1860
1800
2002
2002
1737
15691
1588
1661
1931
1655
2002
1690
1798
1696
15551
1798
1845
1728
1807
1654
1690
1752
1661
15692
1807
1729
1807
1641
1735
1714
1798
1800
2012
1587
1798
1798
1720
1816
15691
1712
1614
1638
1795
1723
1638
1696
1712
1883
1751
1795
1714
1883
1783
1649
1695
1503
1733
1694
1733
1586
1588
1751
1661
1588
1755
1883
1883
1674
1795
1723
1696
1699
1729
1798
1675
1543
1578
1661
1729
1751
1638
1694
1751
1723
1614
1755
1733
1751
1503
1510
1638
1579
1723
1558
1676
1543
1649
1725
1636
1712
15549
1696
1699
1725
1712
1751
1625
1575
1558
1578
1625
1588
1725
1510
1578
1550
1587
1637
1438
1649
1625
1649
1696
1572
1556
1558
1558
1676
1496
1579
1676
1637
1432
1625
1438
1436
1625
1638
1474
1377
1599
1535
1647
1601
1474
1599
1550
1649
1647
1590
1467
1510
1320
1432
1440
1377
1320
1418
1631
1537
1415
1572
1467
1596
1637
1460
1436
1510
1485
1474
1636
1496
1599
1494
1596
1482
1539
1596
1571
1636
1468
1516
1518
1460
1516
1366
1494
1377
1460
1407
1413
1539
1537
1508
1440
1413
1366
1373
1341
1483
1522
18
1518
1346
1320
1599
1519
18
1346
1522
1341
1482
1522
1524
1404
1341
1366
1316
1445
1518
1436
1411
1415
1522
1599
1523
1413
1403
1458
1346
1509
1366
1404
1425
1412
1485
1341
1450
1320
1400
1458
1382
1485
1436
1343
1509
1346
1404
1403
1445
1411
1316
1449
1424
1403
1411
1424
1341
1411
1403
15547
1373
1294
1458
1346
1320
1379
1424
27
1379
1350
1303
1382
1428
1403
1354
1265
1404
1458
1355
1315
1402
1354
1402
1346
1316
1325
1324
1358
1325
1341
1379
1198
1363
1424
1320
15547
1310
1198
1303
27
1341
15547
1382
1198
1339
1428
1265
1402
1294
1321
1275
1315
1354
1315
1330
1284
1285
1350
1265
1285
1198
1428
1324
1301
1330
1360
1312
1171
1275
15547
15547
1222
1126
1308
1301
1126
1150
1198
1253
1126
1315
1230
1301
1141
1195
1198
1152
1246
1176
1250
1284
1070
1321
1273
1245
1222
1245
1141
1221
1195
1152
1135
1037
1070
1050
1251
1104
1230
21
1248
1104
1141
1246
1070
1184
1193
21
1196
1273
1144
1101
1187
1167
1050
1196
1195
1144
1101
1195
1159
1079
1187
1159
1159
1103
1184
1011
1070
1248
1016
1193
1023
1196
1075
1120
1037
1187
1011
1204
1074
1195
1023
1088
1193
869
1073
1050
1060
954
1060
1075
944
1058
1120
998
1088
21
954
945
1011
1017
1060
944
1101
944
1056
945
1099
944
1120
1039
944
832
1050
1063
954
1023
1011
1016
1058
1063
1144
1016
22
1023
22
958
958
1058
998
869
998
980
988
1000
998
1103
1050
982
1058
1050
948
1061
15544
1039
917
938
958
1050
1079
1028
15546
944
1050
980
1039
1056
1050
976
22
959
945
856
976
921
905
1058
917
1016
1023
948
1039
977
15544
917
977
982
977
1058
15544
15542
917
945
832
938
905
1000
919
886
1017
856
886
977
869
977
948
917
1028
921
846
890
877
982
977
1056
1061
15544
857
1058
819
869
948
892
15542
919
941
896
977
819
856
905
857
919
875
967
896
852
982
896
832
905
890
681
898
846
869
875
860
951
819
15541
1058
977
857
819
896
860
967
813
880
875
896
799
896
951
810
904
617
919
928
819
15541
15541
948
886
763
819
829
899
614
905
948
857
838
846
833
819
941
898
829
857
875
824
903
880
869
919
762
896
877
896
928
896
862
823
819
856
875
785
819
848
846
819
810
941
799
614
839
852
833
904
616
819
933
810
857
880
816
824
856
887
730
856
799
802
15541
886
819
681
928
617
833
819
810
869
614
862
813
819
933
802
810
802
921
773
819
773
629
823
819
819
857
886
15541
800
824
869
785
802
616
968
773
899
758
819
821
860
810
617
810
860
783
830
668
23
26
834
611
773
617
695
758
785
748
771
592
679
669
840
880
810
838
839
802
899
697
629
802
748
681
706
669
810
669
611
783
821
15541
679
669
771
616
751
627
611
773
26
741
614
841
771
676
748
802
899
802
592
730
758
824
615
617
783
773
771
664
23
669
617
528
668
575
714
739
706
680
807
666
813
721
621
627
674
680
669
721
676
680
592
616
680
669
678
622
611
706
751
346
653
668
528
694
741
616
737
773
721
748
680
591
653
719
680
669
593
773
15541
616
669
15600
592
653
680
688
592
669
679
654
654
591
616
741
463
697
593
719
839
606
628
653
575
706
629
668
622
840
15541
668
611
541
616
674
653
529
654
589
615
638
556
591
528
598
615
713
813
622
469
680
674
606
739
436
584
737
618
653
436
603
621
627
627
676
751
615
541
737
589
616
469
664
653
453
615
653
615
688
639
436
615
618
655
813
346
674
589
680
655
541
488
463
606
611
9
600
346
435
589
584
463
680
529
737
469
463
619
680
603
541
469
618
526
606
346
455
529
541
593
572
469
606
453
619
550
463
346
713
463
621
469
568
472
589
541
562
464
9
618
638
606
556
455
600
621
455
526
383
436
529
9
472
436
9
552
619
488
598
562
619
564
9
464
346
603
572
463
570
618
598
469
9
463
599
463
346
580
486
639
464
550
453
621
541
599
346
534
526
529
618
346
453
464
472
368
455
486
398
453
469
464
529
570
552
436
398
346
474
619
536
469
541
472
481
480
488
516
346
619
464
435
536
450
375
464
621
463
455
346
469
435
346
534
474
567
474
453
455
389
493
504
469
383
599
463
389
407
398
481
453
464
570
606
472
469
453
455
464
444
346
455
346
567
398
536
389
469
339
479
517
451
469
472
450
429
455
346
296
472
346
296
550
451
453
493
455
503
374
284
368
368
464
451
359
486
455
507
493
346
296
450
517
346
465
389
472
398
486
465
428
296
459
433
374
296
444
497
464
453
383
429
455
451
339
464
346
459
368
375
393
353
346
502
384
507
302
374
464
346
416
353
250
365
407
416
394
502
334
368
346
384
353
366
284
283
368
393
393
296
455
284
358
309
417
353
429
459
250
302
302
393
372
393
394
346
384
375
284
283
464
366
302
346
375
366
283
342
302
250
358
284
417
393
416
359
366
368
296
346
304
393
393
247
459
365
284
359
374
283
302
346
284
383
309
302
337
366
346
346
306
250
372
284
417
283
342
260
284
306
372
250
283
416
302
306
250
366
252
374
250
284
304
296
293
307
313
348
248
247
417
250
297
302
250
245
306
366
304
313
294
237
342
255
250
257
220
348
162
237
294
306
306
247
342
337
234
253
307
247
162
209
302
297
342
292
306
297
372
119
260
308
257
119
255
304
417
250
237
192
192
252
255
321
342
294
251
297
304
252
237
251
311
248
119
292
259
311
297
162
150
119
234
209
257
220
119
294
169
304
119
251
192
162
169
308
248
223
169
248
119
192
255
253
169
304
155
251
311
169
294
297
119
276
159
255
276
209
257
150
119
174
169
174
174
134
150
145
169
162
138
257
200
147
223
138
134
151
159
160
145
169
159
160
139
220
153
200
199
155
119
220
147
150
140
122
159
223
103
119
103
160
153
162
160
92
122
145
93
139
160
66
76
134
199
129
107
151
76
134
153
95
223
66
95
140
139
140
134
129
145
122
153
68
107
74
139
153
92
95
66
134
160
134
129
95
93
92
57
57
94
95
122
93
76
94
160
134
66
107
68
134
94
107
134
74
95
107
92
153
92
93
15681
92
15680
15680
66
68
68
72
72
66
95
76
92
72
107
95
57
107
15689
57
93
15676
134
95
57
15676
95
68
72
46
57
57
49
15689
50
15679
107
15680
50
46
49
15689
15689
57
50
15680
50
95
49
15676
49
15680
15679
46
57
15678
15678
50
46
50
15678
50
50
46
15687
57
15687
50
50
15107
15107
15095
9641
9613
9686
9628
9989
9989
9672
9989
9780
9873
9686
9686
9612
9873
