106
106
4929
5086
106
510
386
166
4983
4987
5111
106
400
441
386
106
463
106
166
5443
81
166
400
427
106
441
230
124
106
463
463
166
659
117
441
5051
4906
4917
5302
5302
5343
5686
5309
121
400
166
179
578
230
124
230
118
11242
106
578
463
659
117
518
5027
5051
5340
5686
5309
5309
11236
11242
106
117
122
121
485
587
179
146
81
413
124
93
8373
11197
11537
11245
8322
106
578
463
463
688
117
117
5186
5296
5396
5782
5878
5435
5767
7196
7352
7516
8373
8973
11274
11314
39
390
428
121
518
572
579
218
80
341
124
396
101
8850
4794
11241
690
50
688
50
688
591
5186
4996
5296
5231
5340
5340
5639
5647
5937
5834
6050
7278
8602
9892
11197
11269
11329
11561
11685
136
644
174
368
317
39
340
590
40
40
413
54
6880
6624
4947
11137
12060
11241
11241
11692
9884
9884
86
28
690
28
786
50
50
591
136
588
4625
5175
5231
5396
5647
5566
6100
6259
6045
6094
6213
6292
6978
7187
7796
7897
8044
8125
8385
9073
11328
11346
11526
11561
11885
11885
11875
54
176
247
317
644
618
714
714
40
542
590
40
590
54
570
8378
8001
7613
6865
6582
5282
4947
11275
11113
11098
4625
4625
12012
11132
12106
4750
10242
11749
7022
714
786
688
136
4802
4759
6012
6055
6123
6288
6353
6270
6624
7408
7409
7408
7639
7796
8072
8186
8199
8381
8381
9073
9692
9585
9581
9773
10211
10131
11252
11398
11392
11593
11669
11799
11822
11995
112
247
54
136
618
444
39
408
40
40
91
32
509
7408
6898
4593
11992
11863
4671
12313
4558
12313
4402
11251
11920
12110
10327
10131
10209
5777
10045
379
112
50
786
50
713
136
713
588
4802
4249
4249
5510
6012
6151
6078
6244
6424
6476
5777
6090
6645
6568
6645
6926
7166
7268
7268
7540
7540
7793
8072
8186
8028
8199
8329
8474
8523
8841
9280
9093
9448
9707
9914
10099
11113
11103
11142
11251
11266
11398
11392
11398
11543
11543
11595
11821
12080
12110
12193
345
150
615
370
691
644
1
592
656
1
656
91
693
691
9085
8608
6898
11392
4643
11210
11113
4555
4555
4370
12313
12285
4402
10650
10329
6903
10508
8474
789
10132
786
9448
50
9993
713
136
761
150
4176
4363
4813
5777
6325
6424
6327
6162
6663
6162
6466
6306
6706
6661
6706
6705
7113
7347
7408
7431
7815
7703
7883
7932
7932
8022
8183
8199
8257
8378
8474
9032
9007
9993
10329
11062
11113
11103
11266
11305
11374
11593
11543
11759
11901
12110
12265
12259
12237
12237
112
12
299
150
299
316
12
716
1
91
91
91
698
4092
9085
3827
3890
7431
6983
6705
10944
12365
4370
12397
4370
4402
10650
10731
3795
10508
112
5784
8068
112
4025
10132
50
786
786
136
801
9993
136
316
4171
4436
4271
4463
4930
5254
6307
6638
6638
6275
6552
6267
6661
6472
6606
6732
6806
6705
7228
7113
7431
7129
7815
7815
8264
8422
8573
9032
9007
9324
10204
10508
11049
11145
11145
11083
11186
11213
11405
11377
11675
11787
11752
11901
11996
12110
12198
12259
12237
412
412
698
691
871
561
1
656
1
656
1
91
810
810
64
3555
8475
8388
7113
10204
11193
4172
10944
4005
4107
12397
12285
10799
12090
10706
10508
716
871
7843
10371
48
846
761
708
3827
82
500
3827
4025
4171
4171
4171
4357
4463
4525
4525
4941
5170
5170
5461
6552
6227
6663
6732
6802
6475
6802
6952
7144
7085
7144
7072
7002
7165
7129
7129
7375
7486
7431
7675
7703
7932
8068
8022
8106
8264
8848
8658
8658
8848
9121
9097
9645
9842
9964
10731
10546
10653
11029
11122
11083
11145
11083
11186
11290
11295
11405
11324
11480
11644
11377
11675
11768
11871
12072
12278
12265
12372
12280
12289
94
67
82
94
82
698
716
871
871
871
575
12
12
754
810
64
3827
803
698
3462
8477
8256
7193
8256
7002
3403
11122
10984
12365
4254
4273
12397
4205
12383
12278
11343
3746
10789
3538
10706
30
10508
3391
30
871
30
927
48
3555
48
708
10306
82
3872
4025
4025
4171
3913
4357
4005
4273
4357
4348
4525
4618
5613
5840
5752
5613
4941
5671
4889
4941
5855
4889
5170
5227
5461
5840
5752
5375
5975
5920
5613
6906
6275
6673
6475
6732
6952
6769
7260
7096
7111
7113
7129
7129
7496
7486
7675
7727
7727
7954
8106
8256
8297
8506
8848
8972
9121
9447
9512
9837
10602
10789
10825
10908
11060
11083
11122
11084
11250
11290
11414
11768
11967
11967
12088
12189
12304
12372
698
338
698
967
575
718
75
6
810
3827
9408
770
9175
64
8812
8477
8387
6864
10205
11290
4107
12365
12397
12383
3975
12372
3746
3538
10789
3538
3391
10789
3391
10746
10746
3574
10784
3555
8297
30
3662
48
3555
48
846
3555
804
3896
3896
4025
4025
4085
4171
4164
4171
4005
4357
4107
4189
4357
4318
5244
4318
5226
4749
4941
5840
5752
4889
5970
4941
6206
5920
4889
4997
5227
5920
5227
5576
5944
5975
6070
6776
6479
6906
6800
6275
6906
6673
6506
7045
6769
7118
6673
7144
7045
7111
7111
7167
7531
7375
7375
7496
7675
7675
7975
7843
7954
8068
8506
8565
8565
8848
8972
9271
9271
9447
10651
10634
10634
10075
10798
10306
10900
10900
11041
11084
11163
11163
11084
11163
11249
11261
11249
11289
11343
11414
11324
11648
11471
11771
11661
11771
11871
12076
11967
12210
12189
12246
12304
12357
8
8
338
82
24
791
545
506
545
804
754
863
754
875
967
8
8
875
875
6
6
8529
791
8387
8106
10205
12389
12436
4163
12436
4254
12440
12383
4085
12460
3896
3746
3746
3391
10913
10746
3340
3396
338
967
10784
6986
10784
104
8416
999
5966
10784
3615
999
10784
3662
999
3615
3872
804
48
3854
3872
10215
3896
4008
4005
4008
4008
4005
4237
4237
4348
4348
4749
4618
5385
4749
4618
5395
5829
5204
5601
5226
5204
5601
5244
5576
5395
6286
6074
6683
6937
6456
6906
6683
6506
7078
7013
7118
7116
7300
6986
7185
7310
7167
7531
7531
7288
7609
7564
7483
7655
7630
7630
7954
8573
8799
9020
9708
10634
10634
10123
10798
10798
10851
10891
10913
11027
11117
11273
11348
11290
11414
11471
11931
11967
11967
12210
12202
12389
632
632
24
576
649
718
770
804
718
770
967
649
8
75
75
9708
875
360
770
3035
8387
8123
10447
3094
12389
4290
3961
12460
3961
3746
12387
3035
12378
3340
11093
3299
3265
3299
10915
10915
3340
38
10784
3396
10784
3396
3662
967
10784
104
102
102
10851
3896
10001
3854
3889
3872
82
4036
4008
3889
4036
4008
4036
4005
4008
4217
4169
4107
4217
4290
4357
4348
4425
4425
5226
4648
5226
5385
4941
5292
5092
5970
5092
5227
6217
5395
5227
6453
5829
5862
6165
5601
5226
5270
5576
6471
6712
5966
6286
6456
6988
6683
6506
7168
7078
7259
7185
7178
7167
7328
7288
7686
7537
7328
7682
7483
7403
7564
7630
7614
7975
7954
7952
8059
8416
8605
9402
8529
8700
9863
9968
9700
9237
9968
10418
10418
10517
10634
10798
10798
10851
10851
10643
10643
10936
10936
10985
11156
11156
11234
11234
11313
11576
11868
11471
11868
11761
11947
11931
12089
12089
12244
12208
12208
12310
12286
12436
425
82
24
130
791
697
770
954
804
954
1061
8
8
9792
75
875
294
3288
360
996
3059
480
996
8123
7952
10363
10672
12321
12321
12463
12436
12440
3961
3856
2870
3634
2800
12387
3550
12387
3340
3157
3265
11662
11969
3113
10936
10915
3351
10915
3218
3632
38
10978
3632
3442
11099
104
3269
3396
3726
967
3634
3726
1073
5601
3615
3726
10933
3854
9633
3886
10933
3854
9644
3911
9402
3950
3911
3961
9050
3911
4107
3961
4107
4237
4217
4237
4348
4648
4708
8159
4708
5385
5342
5391
6951
5092
5227
5204
5577
5601
5830
5204
5601
6497
5466
6507
6622
5244
6682
5244
6471
6682
6276
6899
6522
6680
7062
7062
7168
6807
7007
6745
7185
6966
7276
7178
7360
7328
7693
7393
7276
7328
7686
7403
7819
7558
7682
7687
7672
7672
8059
8300
8369
8367
8367
8610
9026
9026
8799
9411
9948
9408
10424
9741
9741
9792
10517
9988
10680
10810
10810
10912
10933
10903
10996
10999
11177
11273
11234
11273
11234
11348
11327
11409
11582
11471
11708
11770
11990
12275
8
425
480
697
739
576
807
804
990
820
954
990
999
1061
739
29
973
9657
973
3396
973
3059
8069
7178
2800
7687
10515
10672
3039
3527
12442
12463
12463
2935
12467
3755
12471
3039
12433
3059
3471
3157
3299
3269
10978
12300
3157
3113
10978
3239
10978
3155
10978
3155
3299
3239
3419
10978
3419
10978
3288
3218
3340
3550
3632
38
1061
3550
3103
1073
8100
11099
3527
104
999
4648
10933
3603
102
102
10933
3856
10912
4036
10810
3856
3964
4036
3950
8963
4036
4036
4247
4237
4163
4237
4163
4217
8984
4425
4348
8043
5244
4425
8757
5303
5385
7631
4648
5327
5385
7392
4648
7362
4708
7362
5092
7053
5397
4989
5368
6334
5466
6016
6571
6331
5244
5466
6641
5270
6620
5601
5747
5966
6871
6844
6522
6899
6522
6492
7062
6762
6680
7062
6735
7264
7142
6966
7360
7201
7276
7281
7351
7702
7673
7586
7450
7702
7686
7586
7971
7754
7834
7971
7895
7926
8140
8100
8213
7952
7952
8922
8300
9050
8605
9056
8605
8605
8610
9484
9843
9045
9982
10162
9515
9792
10378
10517
10517
10021
10680
10188
10810
10903
11129
11234
11375
11443
11425
11708
11688
11834
11921
11969
12188
12208
12300
102
29
425
160
807
499
739
832
954
820
996
973
996
954
1061
1071
1073
29
9761
151
9571
294
294
3059
2899
8610
10503
480
7784
10515
11598
3527
12442
2827
2935
3856
2899
3562
3471
3053
3258
3059
3157
11130
3171
3053
3157
11130
3278
3072
11061
3239
3278
10978
3171
3288
3218
10978
3218
3419
3632
3527
2936
11002
3562
3632
3487
12485
3103
8100
11099
3431
3726
102
3487
3755
3615
3726
1097
4348
10933
3603
3726
9955
3724
3886
3724
3817
3952
3842
10810
3724
3952
8856
3911
3950
4050
8963
3911
3950
4077
4217
4237
4083
12493
4217
12494
4217
8559
4261
7544
4261
5270
7452
4348
5455
7452
4708
4648
5455
4708
7134
4648
5590
4639
5885
5764
5057
5885
4989
7277
5406
6199
5714
7180
5406
6505
6565
5747
6641
5385
5747
5966
5537
6522
5703
6360
6522
6762
7062
6680
6928
7277
7123
6928
6821
7264
7285
6821
7263
6985
7398
7360
7178
7779
7549
7546
7405
7751
7351
7586
7830
7643
7940
7814
7754
7971
7687
8093
7835
8140
8056
7939
7687
8444
8140
8041
8138
8410
8138
8801
8650
8275
8069
8069
8770
8069
8369
8838
8367
9125
9148
8610
8564
9120
9593
9390
8978
8905
9843
9499
9982
10172
10517
9761
9883
10517
10021
10080
10680
10250
10810
10188
10810
10810
10672
10978
10870
11171
11156
11191
11278
11278
11331
11422
11425
11705
11952
11905
12119
12108
12254
12254
12300
12248
12415
12248
12415
12368
471
471
480
795
732
752
892
807
892
1062
990
1071
1189
1071
1189
29
739
9366
29
9335
1063
9499
2899
2899
8069
2646
7784
10646
2543
11638
11278
12368
2827
12463
12463
2850
4174
2742
12467
2936
2887
12471
2887
3072
3103
3471
12422
3053
3072
3258
3053
3157
3130
11021
3172
3130
10978
3171
3239
3171
2920
11061
11061
3375
3419
3471
11031
3279
3422
11002
3431
3550
12485
3431
3487
1162
11002
3562
12485
8100
3431
3562
1162
10933
3607
3603
3755
3749
102
3749
10955
3842
3724
3950
10863
3724
3964
10863
3950
8675
3911
8559
10378
4082
4119
8054
4082
7544
4348
7452
4375
5258
7362
8768
5368
5057
5943
5764
5776
6601
4989
5406
6200
5527
5406
6575
6262
5308
5527
5448
5489
5948
6702
6504
6839
5742
7055
6360
7062
6762
6491
6888
6735
7324
7176
7285
6928
7452
7176
6985
7398
7201
7178
7355
7249
7398
7591
7237
7249
7506
7237
8054
7691
7830
7673
7450
7643
7687
7997
7939
7687
7949
8011
7784
8410
8766
8343
8213
8074
8650
8300
8449
8866
8879
9125
8564
9043
9167
8745
9167
8610
9120
8734
9593
9843
8905
9335
10105
10172
9673
10378
10502
10038
10502
10152
10080
10080
10761
10761
10250
10863
10351
10889
10486
10912
11032
11032
11061
11171
11222
11422
11408
11613
11511
11631
11672
11933
11952
12139
12433
45
471
45
760
832
882
996
1043
1071
1062
1097
1043
1187
1209
1209
1247
1247
151
1106
3171
294
1106
9597
294
2899
10695
1131
480
6888
7784
10718
2543
11128
11655
2688
2474
2657
12442
2827
12463
2742
2672
2936
2887
2919
2921
3130
3258
11243
3052
3053
3157
3130
3052
3053
3258
3278
11061
3204
3419
3171
3258
11031
3258
3422
832
3375
11031
3394
3487
3602
11002
3562
3487
3562
3602
1247
3749
102
10994
3749
9524
3607
3842
159
892
10955
3952
3724
3858
3842
3952
3842
4050
8550
8675
4077
4050
8447
4188
8330
4119
12493
8054
4188
8054
12494
7736
4261
4492
4261
8880
4492
4375
5537
4492
5628
5537
4375
5327
4639
4654
5861
4639
5706
4639
4844
5988
6850
5944
6739
5406
6199
6453
6518
5368
5527
5448
6484
5527
5448
6167
5948
6504
6360
7055
6780
6665
6665
7157
6971
6821
6821
7178
7544
7594
7237
7355
7237
7778
7506
7411
7461
7756
7687
7497
7814
7997
8056
7860
8339
8056
8195
7904
8074
8164
8650
8449
8866
8589
8449
8768
8450
8369
8861
8357
9043
9159
8648
9593
8745
9178
9222
9843
9843
10105
9366
10172
9868
10576
10576
10080
10250
10351
10351
10486
10486
10743
11230
11360
11361
11361
11360
11497
11778
11778
11831
12100
12074
12229
12249
12139
12329
12324
12375
12370
12415
12368
27
482
515
732
882
866
832
1027
1029
866
1029
1027
1021
1097
1187
1131
1272
1209
1250
45
45
1106
10695
2532
2767
10793
482
1131
7919
10793
2351
2483
10713
2672
11059
2620
2474
2657
12463
2671
2630
2672
12476
2919
2735
12467
2856
3010
11361
12422
3052
2921
3130
3258
11243
11120
3053
3204
3172
10978
3171
3204
3247
3171
11061
3422
3279
3367
3394
752
3279
11002
3431
3367
12485
1346
12485
2936
3431
10994
3487
3533
171
3651
3630
107
3858
795
3630
3724
3761
3892
3858
3761
4082
3950
4050
4082
3950
4050
4082
12499
8066
4082
12493
4188
4261
12499
7719
10105
12493
4492
4492
7452
7452
5556
7224
5811
7224
4506
4654
5327
5780
6884
4844
6178
6884
5136
4844
5943
6850
5136
6685
5136
6505
5388
5703
5798
6484
6775
6144
6360
7055
6138
7055
6491
6960
6735
7176
6915
7176
6821
7593
7121
7314
7549
6985
7336
7549
7411
7628
7461
8066
7778
7582
7845
7845
7756
8070
7784
7904
8056
7860
8558
7904
8151
8164
8390
8195
8439
8635
8307
8289
8589
8866
8739
8217
8502
8707
8357
8564
8996
9183
8731
8750
8641
9086
9847
9617
9415
9494
9494
10172
10378
10378
10502
10038
10502
10152
10540
10163
10163
10761
10283
10761
10372
10863
10478
10478
10889
10889
10955
10627
10718
11002
11002
10965
11032
11230
11360
11360
11438
11412
11525
11683
11760
11933
11831
11952
12100
12139
12294
45
482
159
719
893
719
882
1027
941
1021
1027
941
1097
1103
1103
1209
1196
1211
1250
1348
1348
1422
45
10627
151
3607
9589
10627
237
4375
10695
2532
4506
5330
7316
8071
7783
1211
2351
2440
10879
2440
2440
10713
2491
11112
12370
11605
12370
2587
12393
2657
2749
12393
2671
2630
2859
2749
2850
12461
2671
2767
2820
2890
2735
2919
2820
2735
3010
11282
2890
2921
3010
11175
12422
3070
3009
11061
3008
3070
3172
3156
3061
3247
3156
10979
3258
3156
3261
10923
3200
3394
10923
3602
1346
11002
3394
3602
3533
6915
11002
3505
3602
7121
3507
3533
3749
10858
3749
9350
10968
3607
3749
156
3749
10943
3887
3887
3858
3892
4082
3892
3930
4050
3930
4188
4082
12499
12499
12499
4188
4261
4492
4375
4492
7346
7186
4654
5801
7186
5628
7081
4844
4812
4844
6866
6866
5412
6144
6960
5412
6917
5929
5448
5929
5988
5929
5955
6178
5861
6399
6780
6660
6774
6911
6971
7346
7213
7593
7453
7121
7316
7628
7568
7756
8066
7670
7582
7497
7670
8015
8348
7860
7919
8558
8154
8180
8011
7919
8509
8164
8592
8346
8307
8217
8673
8880
8530
8357
8502
8847
8845
8847
9047
8663
9385
8996
8641
9479
9101
9164
8750
9479
9164
9086
9415
9494
9868
10378
9971
10407
9971
10761
10283
10761
10372
10478
10889
10948
11011
11293
11355
11334
11438
11412
11477
11605
11760
11910
12116
11989
12067
12222
12249
12294
12305
12375
36
331
515
159
159
36
5302
790
829
1027
1029
941
5296
5937
1143
1113
1184
1094
1113
1276
1250
1200
1276
1196
1266
1348
1279
1348
1303
1422
10627
2407
2767
10724
2060
331
4812
7783
7913
10793
331
1266
8206
10779
2365
10948
2301
10962
2735
2489
11063
11110
12370
2749
11477
2630
2625
2651
2630
2651
2727
12497
2735
12476
2890
2806
2856
3010
3010
12454
2890
2856
2914
3009
3247
12423
12360
3247
12294
10980
3214
3247
2625
3214
3422
3200
3352
3367
3422
1345
10923
3352
515
3352
269
3507
3511
269
5298
3511
171
2587
3505
3651
3533
171
1305
3651
3533
3651
3679
3761
3887
3877
3761
3877
4082
3930
4051
3930
4188
4082
12498
4416
4527
8251
7102
4506
7102
4795
7030
4506
7026
4844
7011
5330
6360
6376
6684
7114
6915
7365
7365
7150
7593
7121
7453
7316
7729
7336
7746
7828
7461
7845
7992
7959
7867
8208
7825
7860
8180
7919
7910
8340
8340
8346
8661
8439
8289
8566
8627
8898
8268
8698
8774
8482
9181
8725
8862
9145
8826
9181
9385
9080
8891
9145
9578
9847
9415
10246
9630
10246
10540
10163
10163
10163
10693
10283
10693
10283
10372
10797
10627
10779
10948
11102
11212
11294
11485
11477
11702
12116
12169
12222
12305
12360
25
4983
788
5051
719
5051
977
5051
922
1011
1143
988
941
1027
1113
1184
941
1094
1113
1184
1200
1305
1345
1348
1402
1402
1426
1506
7691
1549
1506
8451
8370
10544
1789
133
10676
1920
133
10627
9218
1863
331
1863
1378
1266
8071
719
8206
2006
2258
10879
2630
2301
2340
2356
10962
2356
2295
2482
2947
2379
2379
2546
12367
2463
12461
2630
2765
11391
2765
2727
2938
11174
12476
2735
2821
2806
2856
2947
3007
10980
3008
2947
3009
3007
3008
3061
3146
3156
3200
3214
10979
3156
3200
3214
2546
3156
3353
1124
10923
3298
3298
3353
2060
3354
3492
3508
11002
3505
3507
3492
3507
3556
10858
1402
3533
3618
3688
156
9655
3688
3618
10812
3877
3618
3828
3892
4050
8435
4154
8137
12499
12498
4154
7992
4080
12499
4080
4154
12499
4188
4188
5051
7287
4506
4795
5051
7102
5296
7705
5365
7577
4812
4844
7476
5330
5443
6055
6123
5298
5298
5435
5929
5933
6024
6221
6067
6660
6660
6774
6530
7102
6911
6684
6911
7080
7080
6915
7267
7121
7593
7577
7473
7828
7568
7720
7626
8188
7828
7832
7626
7523
7738
8262
7738
7956
7919
8262
7910
8042
8459
8155
8646
8368
8680
8311
8693
8311
8678
8680
8917
9116
8670
9041
8840
8897
9340
9385
8753
9062
9031
9193
9145
9263
9263
9729
10133
9630
10246
9630
9630
10407
9905
10407
9905
10163
10483
10693
10544
10858
10879
10980
11633
11633
11823
11828
12071
12003
12169
12161
12169
12261
12322
36
686
4965
762
4891
36
601
686
631
837
790
829
977
790
5051
950
988
1011
1143
5186
1194
1194
6325
1276
1184
6552
1094
1276
1200
1306
1312
1306
1312
1349
1426
7263
1426
1426
7594
1524
1443
1506
8370
1795
1789
1788
1795
2006
133
1678
10742
1985
1863
133
8714
2060
1863
331
7316
7913
10849
1349
2006
2063
190
10884
10884
2271
2250
2230
2271
2230
10972
2295
2379
2380
2365
2395
2379
2489
2546
11063
2453
2598
11057
11919
2598
2463
2630
11079
2651
2599
2728
11075
12461
12500
2651
2653
12500
11075
2651
2938
11013
12480
2856
2938
11013
2902
2938
2914
3009
12319
3006
3214
3247
3008
3146
10979
3156
3146
2546
3156
3353
2482
3260
2250
3156
3260
3353
10923
3352
1905
3298
3508
414
3352
3507
3298
3508
414
3505
3477
3508
10858
183
4795
3706
3511
3706
183
3681
3706
3679
3679
9041
10698
3862
3877
3862
3877
4080
4051
3920
4080
8188
12497
10254
12497
4170
9475
12497
9340
4416
7593
8939
8465
4416
4527
7287
8251
4916
7287
4795
7885
7705
7584
4795
5298
6172
5330
6024
6024
5933
5767
6067
6376
6536
7341
7593
7267
7121
7342
7729
7447
7385
7342
7678
7568
7933
7473
7999
7869
7523
8188
7895
8162
7956
7825
8262
8142
7910
8251
8170
8360
8325
8325
8318
8793
8414
8206
8311
8693
8451
8368
8646
8680
8268
8670
8732
8774
8482
8670
9116
8870
8935
8864
9031
8586
8644
9176
8714
9145
9062
9278
9031
8993
9374
9729
9729
9606
10246
9697
10333
10119
10305
10318
10318
10468
10752
10468
10812
10882
10979
10980
11633
11682
11633
11948
11919
12185
12256
12256
12423
12423
12473
762
26
796
788
922
1056
1119
950
988
1219
1051
1128
1051
1184
1128
1297
1200
6552
1203
1284
1306
1347
1312
1284
1347
1312
1410
1432
1450
7311
7426
1416
7426
7628
1492
1499
1524
7628
1524
1522
8414
1841
10496
1731
133
1201
1863
1678
1905
1905
9273
1868
9501
7913
5478
7913
1888
1410
1440
2063
631
8206
2021
1973
2023
2230
2021
2288
2258
2241
2246
2288
2490
2258
10972
2395
2380
2421
2296
2489
11057
2421
2572
2605
2490
2572
2463
2728
2599
2765
12438
11721
2727
2750
12500
2653
2938
2823
3556
11013
2834
2938
2823
11013
2914
2902
10922
3088
12319
3006
3009
3088
3006
10923
10817
3260
3162
3162
2323
3260
3260
3298
1589
3298
3354
10882
3477
6536
3477
3481
4795
1450
9099
3581
3706
448
9489
3785
3681
3706
3773
3681
10698
3706
3828
4154
3828
4154
4154
4080
4032
4154
10034
4080
4062
9649
4154
9293
4416
4170
8825
4276
7488
8251
8065
4891
7713
4891
4992
5067
5048
4987
5067
6012
5478
6012
4975
4975
5933
5438
6307
5924
6443
5957
6573
6645
6755
6824
7192
6965
7228
7047
7318
7385
7047
7561
7436
7342
7772
7473
7678
7626
7788
7473
7867
7626
8010
7788
8266
7738
8232
8162
7993
8055
8360
8037
8318
8414
8155
8459
8599
8318
8450
8414
8206
8178
8674
8585
8407
8311
8674
8776
8724
8749
8585
8864
8917
8845
8482
8864
8586
8670
9076
8975
9240
9202
8826
8644
8975
9278
9937
9374
9606
9606
9523
9598
9606
9697
9902
9954
10119
10119
10483
10483
10420
10468
10468
10667
10468
10654
10834
10679
10679
10953
12020
11986
12020
12185
12319
12256
12319
12473
12480
26
711
746
686
989
4916
796
783
844
989
796
4998
922
950
1148
1157
1219
1148
1051
1184
1297
1051
1297
6671
6937
1210
1297
1307
1339
1416
1432
7311
1416
1410
7311
1432
7426
1416
1440
7426
1499
1524
1519
1598
1648
1519
8080
1599
1559
1647
8080
1599
1589
1762
1647
1841
10430
1752
1731
1841
18
10730
1888
2002
133
1868
2002
79
1888
8803
79
7913
10849
1973
2149
6977
8407
209
7913
2023
2149
10904
2130
2241
2130
2241
10963
2302
2258
2225
2456
10972
2302
2838
2421
2375
2728
2605
11006
11001
2545
2653
2636
11939
12438
2701
2721
2701
4170
2721
3926
2834
2834
2838
2874
12319
3009
3162
12319
10843
3082
3124
3006
3146
10817
3124
3162
3353
1896
10679
3234
3162
1148
3353
686
3356
3378
3508
3356
3386
711
7900
3378
3508
8037
3356
3477
3386
3592
3356
37
7342
3592
44
3706
3481
44
3704
1450
448
9672
9240
10642
3706
3785
3773
3996
3996
4132
10254
8010
9937
4132
7887
4416
4241
7772
8402
4243
7772
4626
7772
4891
4998
4795
5032
4667
4795
4891
4667
5365
5067
4993
5510
5478
5934
5478
4993
5090
5298
6024
6024
6443
5933
5374
6546
6067
6536
6441
6589
6536
6536
6589
6977
7065
6992
7192
7327
7192
7047
7475
7475
7632
7385
7609
7609
7999
7679
8080
8080
7993
7825
8080
8414
8261
8170
8302
8055
8338
8170
8472
8414
8450
8652
8593
8601
8450
8407
8693
8585
8867
8749
8409
9017
8409
9076
8826
8864
9176
8586
8644
9202
9278
8803
8644
9382
9278
9382
9937
9630
9580
9697
10034
9873
9697
10233
10119
10219
10483
10404
10496
10834
10882
10679
10806
11939
11980
12058
12062
12185
12209
12319
4987
711
762
4983
5173
18
864
5306
5306
950
923
1056
1119
4917
950
1157
1219
1157
1219
1157
1051
1210
1210
1201
1307
1312
1322
7124
7124
1436
1410
1390
1457
7124
8450
1410
1436
1410
1390
1457
1410
1524
1510
1503
1519
7632
1510
1503
7632
1662
8202
1610
1648
1599
1762
1648
1841
1201
8652
1773
18
1201
1752
1896
79
9381
1888
1880
2002
7581
10827
2021
1896
7581
10785
2021
1973
7191
10884
1610
2021
2288
2021
2288
10935
2246
2323
2395
10972
2395
2456
2302
2375
2534
10865
2456
2605
10921
2554
2545
10921
2636
2545
2750
2653
2750
4241
2838
2874
4170
2838
2874
3926
4157
2834
2823
12402
2913
2992
3088
2933
2913
3082
3088
2721
3124
2913
3237
3124
3162
10679
3234
3237
3212
1762
10679
3386
1237
7097
7679
3378
769
6580
37
3581
3477
3469
37
3592
3469
3592
37
3677
9672
3677
9672
3704
3785
9076
9076
10428
3996
3996
8859
3996
3926
10165
10164
9973
9937
4027
4158
4241
4241
4435
4243
4996
5032
5067
5046
4965
4993
6172
6231
6033
6183
6184
6715
6954
7477
7191
7223
7477
7632
7097
7236
7419
7632
7534
7716
7681
7534
7788
8116
7681
7900
8245
8037
8362
8267
8178
8362
8472
8450
8267
8614
8409
8724
8407
8782
8483
8778
9036
8483
8484
8950
9068
8644
9208
8950
9198
9628
9415
9106
9534
9534
9415
9500
9580
9860
10027
10027
10233
10219
10384
10483
10483
10318
10404
10698
10496
10619
10819
10767
12062
12058
12184
12209
12402
711
247
548
705
4929
4871
840
844
793
5306
812
952
995
4917
923
952
1148
1148
1064
1148
1204
1167
1269
1269
1237
1269
1201
1316
7976
1316
1350
1350
1339
1390
1457
1410
1524
1510
1503
1547
1529
1648
8116
1529
1648
1670
1662
10318
1670
1773
1757
18
1064
10520
1656
1926
1436
1436
1763
10632
10654
1763
1880
1926
1742
1888
1880
1896
1944
10730
1944
79
79
10716
1965
7581
209
2013
2101
209
7874
2013
1410
6954
8014
2062
2181
2254
10935
2062
2181
2323
2225
2323
10973
2302
2225
2346
2421
2501
4158
2545
2501
2661
2611
2636
10829
2545
2756
2611
2636
4328
2701
2687
2770
4196
4196
2770
2981
2933
2636
3124
10567
3179
3124
3202
3202
3237
3231
3202
3237
3212
7637
3378
3386
3464
769
6840
7534
8112
7097
8234
3469
3439
37
3592
10619
3581
3439
3237
2874
3592
9819
3677
2254
9365
3690
10428
9154
10421
10384
10272
10164
9973
4027
9759
4027
4328
4214
4435
4550
4435
4550
4758
4917
4993
4929
5934
5290
6012
5290
5090
5114
6033
5609
6395
5904
6395
6546
6722
6140
6869
6383
6869
6715
6589
7056
7107
6772
7107
7123
6940
7123
6954
7191
6992
7223
7191
7097
7322
7236
7443
7534
7681
8202
7976
8321
8336
8414
8275
8037
8504
8370
8542
8596
8562
8407
8234
8728
8916
8530
8915
8554
8484
8731
8871
8667
9208
8958
9208
9345
8958
8950
9106
9345
9437
9626
9872
9580
9860
9868
10006
10111
10130
10384
10130
10130
10318
10428
10548
10679
10824
12111
525
247
18
4932
18
864
4871
5173
29
844
995
4871
566
793
812
965
949
812
1125
987
952
1204
1157
1080
6940
6550
1237
1269
1180
1316
1339
1324
1324
7311
1457
1436
1401
1436
1375
1541
1565
1541
1519
9198
1517
1529
1565
9598
9580
10027
1596
1662
1659
1648
1742
1742
1064
10520
1763
18
2429
59
1965
1836
1926
1926
2101
209
9575
1836
1965
2033
209
7443
10785
1999
1965
2175
2101
2160
6996
7412
2254
10785
2089
2089
10747
2194
2304
2368
2194
2304
2439
2368
2314
2439
2371
2563
2429
2439
2563
2476
4303
2523
2661
2636
2583
2523
2661
2648
2700
10584
2770
2838
2770
2756
4321
4196
4145
2933
2991
2992
3083
3202
2991
3125
3152
3179
3125
3152
2175
3231
3212
711
1401
7637
3360
3296
7524
3318
769
5609
3754
3318
769
3486
3296
37
2981
635
3690
9265
10300
10234
4013
9740
4145
4145
4303
4214
4328
4328
4435
4566
4550
4566
4833
4996
4839
4758
5396
5090
6078
6078
6033
6140
5904
6838
6373
6441
6838
6893
6580
6706
6806
6830
7311
7158
7477
7477
7632
7412
7496
7443
7881
7616
7681
7812
7953
7524
8153
7990
8336
7884
7900
8414
7900
8414
8336
8002
8112
8309
8647
8272
8370
8554
8787
8234
8562
8557
9036
8442
8696
8958
9000
9198
9161
9201
8803
8667
9270
9201
9083
9366
9500
9626
9372
9740
9366
9793
9872
10028
10027
9761
10006
10113
10130
10234
10217
10248
10520
10428
10454
10548
548
59
548
881
5600
812
5600
760
785
881
5231
5600
952
6083
943
943
5639
1136
1136
1261
7085
1167
1269
7496
1213
1316
1269
1332
1328
1316
1375
1356
1328
8041
1375
1409
1397
1375
1375
8839
1397
9018
1517
1565
9198
1541
1517
1541
9523
1501
1645
1659
10006
1670
1596
1640
1670
1596
1757
10454
1719
1792
1180
1656
1719
59
1501
1763
1656
1944
59
9354
10614
1926
1944
59
10525
1965
9118
2033
7585
7681
10658
2033
2101
209
7742
1375
2062
7742
2164
7412
2062
7130
2346
2346
10831
2314
2563
10813
2563
4303
2476
2476
2429
2525
2558
2700
2687
2648
2700
2981
2981
4321
2770
2803
3004
4196
2923
2803
3004
4131
2991
3125
3152
3181
3296
6787
7733
769
1659
3720
7858
3318
1261
6579
8112
3478
3318
3486
4760
3246
2981
3474
1204
2684
9476
9819
10300
10186
3720
9962
3901
3999
4385
4426
4306
4567
4566
4737
4833
5231
4760
4932
5639
5190
4932
5639
4993
5541
5090
5358
6012
6570
6570
6776
6893
7146
7146
6830
7282
7448
7184
7184
7676
7419
7585
7812
7953
7953
7990
8153
8336
7884
8062
7858
8309
7884
8002
8002
8647
8272
8234
8680
8647
8442
8676
8915
8557
9036
8442
8676
8557
8955
8696
8955
9699
9253
9872
9826
9493
9761
10028
10006
10028
10217
10217
10248
10217
10308
10440
10500
10313
10509
59
864
881
864
5686
18
5471
5102
5600
812
965
5231
5902
943
925
1185
5934
1096
1096
1261
1269
1261
1318
1332
7926
1451
8041
1409
8151
1397
1461
1535
1451
1525
1528
1525
1501
1535
9062
1525
1535
1501
1645
1659
1640
1670
1645
1763
1808
1719
1792
1808
2314
10422
1763
1792
1213
10466
1912
1213
10466
1965
1878
236
2635
1912
10525
1965
1878
1947
170
1963
170
1910
1963
2173
10658
1999
2173
2164
7448
8272
2160
2237
6829
4342
10628
2089
2164
2254
7345
2194
4252
2367
2355
2404
7152
2355
2367
2492
2420
2527
2363
2525
2573
4362
2429
2525
2573
2558
2558
2539
10276
2698
4321
2869
2953
4089
2953
4213
3125
3079
3999
769
3377
6579
1185
3305
5358
769
3305
3079
818
2923
2923
818
1318
661
1170
2684
864
10292
4213
4190
4426
4426
4566
4567
4690
5190
5190
4869
5541
4869
6002
6002
6570
5769
6570
5769
6577
7142
6787
7285
7429
7064
7200
7429
7545
7302
7195
7545
7847
7585
7468
7583
7946
8134
7733
7733
8245
8198
7858
8284
8647
8272
8284
8284
8707
8934
8703
8934
8442
8774
9000
8788
9190
8557
9200
9078
8955
9699
9626
9292
9366
9343
9636
10028
9636
9883
10217
10021
10217
10021
10360
10367
10454
10357
10250
10520
10397
10628
443
80
59
5471
5396
978
1014
949
1275
1333
1333
1318
1461
8151
1412
8151
1448
1606
1514
1689
9626
1697
1645
1645
1659
1733
1719
1792
1697
1733
2186
1808
59
1136
1947
1213
1397
2496
9354
10466
1947
1199
1910
1878
2173
9434
170
2021
1971
2173
443
1192
8998
2021
2062
2361
7668
7742
2131
2958
7668
8488
7749
2186
6801
7345
8272
4507
7152
7345
2468
7159
2363
2481
2481
2527
2496
2481
4303
6947
6947
10155
10178
2852
9722
4408
6873
6873
7023
4213
7254
7035
4213
7658
4213
10141
7858
8152
8391
5689
881
3092
769
1531
818
1455
2709
1170
2668
939
864
2404
4426
4539
4700
4567
4880
5184
5184
5630
5358
5871
6405
6222
6405
6222
6590
7201
7355
7547
7195
7720
7867
7946
8055
7775
8391
8934
8915
9000
8595
8788
9072
8783
8955
9709
8969
9160
9709
9554
9862
9453
9562
9826
9453
9826
9418
10066
9865
10104
10179
10360
10049
10454
10188
10108
10351
236
818
939
806
865
146
146
904
904
978
973
1054
1217
1203
1203
1333
1333
1430
1448
1545
1701
1645
1636
9872
1683
1697
1733
1709
1876
1697
1733
1784
1819
1876
1924
10435
1819
1819
1924
236
1932
415
1199
1326
2047
2077
1932
443
1217
1910
2047
2067
978
2131
2067
7668
2361
8613
2361
7492
10314
2214
8488
2186
2291
7580
7741
10314
2246
4507
2291
7395
2291
2313
7395
2363
7239
7159
7395
2512
2481
2481
7239
2573
2585
2658
9552
7092
7145
9221
7145
7315
4554
7435
4408
6777
7525
4476
6777
7737
6558
7775
8391
4860
769
1709
1690
2843
1132
818
939
818
2468
2468
2361
4700
4637
4587
4689
4970
5184
5630
5630
5871
7023
7332
7503
7867
7505
7505
8073
8073
8488
8613
8752
8906
9190
9554
8906
9554
9132
9160
9500
9699
9554
9699
9860
9826
9149
9562
10066
9865
10179
9880
10179
9849
10179
10123
10422
10435
10188
10273
10188
10614
10288
10288
10654
865
285
780
285
146
785
904
875
1069
1416
1416
9872
1599
1800
9554
1844
1678
236
2262
1859
1924
1932
1859
2034
2077
2034
1932
2085
443
1054
2067
443
865
2085
443
2451
10239
2067
2133
2085
2133
7694
7694
2295
2186
2252
4679
8488
7741
8314
8532
2186
2339
2379
2503
7690
2469
7690
6726
7239
7115
9818
6531
7115
9370
7332
9213
4970
7917
7315
4700
7023
4700
6574
9472
4476
6348
5689
4860
1784
3431
2504
2408
2408
2361
3607
4587
7305
7505
7863
8025
8120
8246
8174
8246
8513
8513
8613
8764
8717
8613
8752
8764
9011
9589
8912
9130
9554
9335
9826
9826
8852
9571
9826
10066
9893
10066
10118
9913
10144
9818
9988
9900
10332
10123
10349
10288
10422
10716
10288
10676
10676
285
236
875
1069
1069
1196
1196
1298
1199
1326
1298
1326
1380
1380
1397
1514
1492
1514
1492
1492
1544
1544
236
1678
1842
236
780
1844
415
1842
1859
2034
2034
2087
415
2034
2045
865
2034
2227
2085
2133
2133
2085
2262
2295
2262
7741
10008
2341
7696
2583
7535
2687
4970
7503
4705
2834
4584
9112
2933
5314
2212
3505
3887
4082
4788
5205
5127
8717
9128
9786
9521
9877
10320
10188
10288
10277
10486
415
780
780
780
868
1019
1199
1233
1326
1380
1430
1430
1492
1545
1543
1545
1543
1701
1701
1678
1678
1701
1678
1801
1974
2266
2006
1974
2006
1980
2210
2210
2227
2341
2341
2444
2532
2444
2635
2687
2876
2890
2933
3052
3581
3785
4416
9354
9554
9310
9969
9969
9708
9985
9708
10118
9837
9994
10081
9994
10195
10288
10466
10527
10716
10527
10527
10827
780
868
1063
1019
1233
1199
1279
1431
1380
1443
1443
1543
1701
1543
1666
1666
1801
2156
2234
2266
2234
2266
2308
2452
2407
2444
2532
2635
2635
2687
2876
2886
3031
3059
3155
3155
3288
3288
3356
3356
3396
3581
3554
3785
3854
4014
3895
3862
4008
3862
4141
4141
4416
4626
4506
4639
8734
9237
9788
9512
9662
9999
9837
10320
10075
10231
10342
415
415
780
780
1019
1019
1199
1233
1366
1366
1366
1443
1431
1487
1443
1487
1543
1487
1666
1543
1726
1666
1726
1758
1801
1758
1801
1758
1974
1801
1980
2177
1980
2177
2210
2156
2452
2452
2532
2444
2444
2444
2742
2614
2731
2731
2876
2886
3059
2886
3031
3059
3128
3462
3231
3408
3408
3555
3554
3762
3827
4014
3895
4014
3895
4141
3862
4141
4027
4141
4027
4318
4318
4525
4626
4667
5048
5092
7681
7825
8074
8071
8074
9045
9347
9662
9853
9720
9662
10100
9934
10239
10075
10231
10410
10525
10342
10658
10503
868
1054
1131
1054
1211
1333
1349
1412
1412
1440
1448
1448
1609
1609
1666
1666
1726
1801
1801
1977
1977
2156
2156
2227
2227
2234
2227
2308
2390
2373
2474
2451
2646
2451
2742
2752
2752
2899
2886
2886
3035
2979
3128
3152
3341
3283
3283
3462
3462
3555
3436
3554
3762
4014
3895
4014
3895
4092
3895
4318
4318
4318
4243
4243
4618
4525
4667
4997
5478
5375
6755
7681
7681
7874
7913
7952
8071
8217
8626
9287
9097
9401
9277
9711
9403
9609
9720
9932
9964
9934
9964
10063
10301
10063
10296
10363
10658
10385
415
698
632
978
1131
1217
1266
1349
1440
1440
1609
1683
1609
1695
1686
1666
1695
1962
1962
2177
2177
2227
2234
2351
2351
2390
2624
2685
2624
2742
2742
2849
2979
2979
3235
3341
3283
3462
3436
3462
3436
3436
3555
3554
3762
4092
4271
4243
4550
4525
4525
4839
4997
6070
6440
6755
6977
7007
7742
7681
8014
8803
8998
9401
9085
9401
9403
9563
9609
9842
9932
9964
10125
10169
10239
10326
10296
10441
10664
10363
10385
10515
443
865
1192
1412
1448
1440
1510
1448
1645
1559
1731
1695
1831
1695
1831
1829
1962
1977
2038
2038
2271
2351
2227
2483
2451
2590
2624
2752
2800
2849
2800
3033
3128
3235
3128
3341
3341
3283
3220
3436
3555
3890
3626
3890
3626
3762
4014
3597
4014
3832
4092
3832
4038
4271
4038
4271
4243
4271
4779
4839
4779
5375
6070
6570
6479
6715
6715
6868
6807
6977
6864
7655
7585
8014
8442
8803
8783
8523
8523
8998
9401
9242
9242
9563
9720
9720
9906
9932
9932
9964
10296
10664
10363
10363
10658
10785
10646
10785
865
1157
1322
1410
1559
1559
1868
1695
1829
2073
1962
2073
2038
2038
2073
2252
2252
2271
2469
2590
2585
2685
2585
2685
2691
2908
2908
3033
3235
3276
3283
3276
3283
3403
3403
3436
3606
3890
3597
3597
4092
4271
4262
4262
4434
4465
4736
4736
5381
5541
5381
6002
6227
6227
6649
6829
6868
7585
7375
7668
7884
8475
8595
8783
8841
8910
9169
9563
9497
9906
9901
9906
10069
10221
10169
10169
10314
10169
10400
10205
10363
10658
10904
1868
1829
2023
1829
2023
2073
2073
2252
2252
2258
2365
2440
2469
2483
2685
2741
2870
2849
3050
3091
3033
3091
3091
3133
3276
3220
3220
3436
3626
3890
3626
3890
3890
3597
3890
3597
4041
3832
4041
3832
4234
4038
4234
4038
4465
4140
4465
4690
4730
4730
4779
4779
5381
5731
5731
6649
6479
6829
7448
8442
8389
8608
8910
8841
8910
9242
9215
9497
9532
9707
9888
10069
9888
10204
10239
10169
10205
10464
10464
10664
10904
1880
2023
2214
2214
2258
2440
2512
2512
2560
2704
2704
2741
2790
2908
2958
2958
3091
3276
3133
3220
3403
3220
3606
3401
3436
3606
3516
3753
3753
3753
4038
4140
4465
4262
4465
4807
4807
4779
5015
5381
6405
6577
6267
6801
6613
6996
6705
6996
7191
7002
7113
7492
7431
7668
7749
7749
7661
7740
7884
8028
8002
8613
8597
8597
8910
8929
8914
8914
9052
9052
9581
9747
10069
10204
10221
10176
10282
10381
10381
10381
10747
10963
2490
2492
2492
2543
2741
2741
2870
3050
3050
3091
3091
3276
3144
3276
3276
3403
3606
3401
3890
3516
3890
3890
4041
4041
3936
4234
3936
4234
4234
4234
4138
4807
4730
4880
4730
5184
4665
6047
6047
6405
6267
6577
6801
6975
7130
7302
7268
7408
7749
7661
7749
7740
8198
8028
8225
8389
8910
8929
9052
9433
9435
9433
9747
9581
9747
9987
9979
9987
10204
10282
10464
10381
10464
10747
10672
10587
2630
2673
2741
2741
2673
2870
2790
3039
2958
3050
2958
2958
3094
3144
3276
3144
3220
3220
3401
3401
3403
3516
3633
3753
3753
3753
4064
3932
4442
4442
5184
5184
4665
5184
5015
5705
5015
5381
5705
5785
5972
6038
6437
6405
6554
7302
6983
7302
7039
7492
7408
7694
8062
7740
8198
8028
8225
8385
8711
8929
8929
8914
9224
9433
9224
9468
9581
9899
9831
9899
9831
10204
10176
10176
10204
10282
10282
10790
10935
2490
2672
2803
2887
2803
2803
3039
2803
3094
2991
3094
2991
3220
3342
3220
3220
3421
3478
3633
3478
3633
3759
3759
3936
4064
3936
3936
3932
4159
4159
3932
4442
4138
4442
4679
4442
4679
4442
4820
4665
4665
5403
5403
5705
5972
5785
6437
6554
6457
6799
6472
6799
6930
7152
6898
7345
7039
7948
7613
8073
7740
8001
8265
8265
8265
8488
8602
8488
8385
8613
8781
8914
9210
9468
9747
9747
9581
9878
9743
10238
10099
10238
10282
10314
10427
10447
10831
10747
10647
10754
10965
2803
3053
3039
3094
3094
3342
3421
3633
3633
3633
3567
3759
3567
3712
3908
3908
4064
4593
5184
5184
5198
5705
5705
5785
6282
6282
6038
6437
6162
6162
6554
6457
6582
6582
7345
7279
7580
7279
7741
7741
7948
7897
8052
8265
8052
8295
8602
8781
8850
9008
9210
9316
9747
9683
9743
9878
9743
10099
10303
10331
10314
10303
10282
10427
10447
10721
10600
10600
10672
10647
10832
10832
10972
2838
3239
3181
3218
3293
3342
3293
3421
3478
3421
3478
3633
3478
3633
3633
3567
3759
3712
3943
3943
4064
4159
4054
4054
4159
4369
4249
4369
4507
4249
4709
5403
5403
5403
5787
5566
5787
6282
6282
6799
6930
6865
7395
7408
7408
7741
7625
7625
7625
8314
8359
8602
8532
8751
8850
9210
9008
9210
9316
9576
9520
9683
10238
10238
10303
10303
10273
10364
10273
10364
10645
10645
10721
10643
10643
10973
11011
11959
2838
3181
3218
3293
3218
3442
3360
3635
3567
3635
3567
3712
3921
3712
3921
3960
3960
4159
4135
4369
4544
4544
4593
4693
4947
4709
5403
5198
5198
6282
5566
5973
5973
6603
6168
6720
6457
6720
6720
6959
6959
6959
6978
7159
7187
7921
7921
7921
8120
7897
7897
8314
7912
8314
8295
8295
8359
8537
8537
8751
8850
8850
8986
9241
9504
9576
9683
9528
9743
10008
10099
10196
10273
10303
10273
10364
10568
10568
10973
11004
11004
11959
3070
3239
3179
3218
3442
3360
3635
3439
3635
3635
3921
3712
3943
3960
3943
4054
4172
4249
4249
4249
4709
4947
4709
5504
5282
5787
5566
5566
6282
6624
6880
7159
7395
7187
7690
7371
7690
7371
7625
8120
7912
8049
8049
8359
8532
8532
8631
8631
9241
9368
9576
9683
9528
10008
9900
10196
10273
10402
10402
10456
10402
10456
10626
10721
10721
10594
10903
10813
10865
11156
11414
12108
12305
12248
12160
3200
3375
3375
3375
3212
3527
3378
3442
3635
3439
3698
3439
3823
3712
3712
3921
3943
3943
4172
4054
4172
4054
4544
4544
4637
4249
4792
5282
4953
5282
5419
5827
5616
5616
6094
6390
6094
6517
6094
6517
6726
6292
6959
6959
6958
6880
7038
7038
7690
7795
7795
7711
7991
7912
8282
8282
8359
8751
8751
8751
8751
9368
9241
9504
9521
9528
9986
10019
10196
10196
10273
10322
10273
10450
10626
10594
10772
11041
11004
11292
12256
3605
3439
3698
3823
3823
3823
4045
4045
4045
4172
4172
4637
4759
4792
4947
5282
5827
5696
6019
6292
6310
6667
6843
6880
6716
7239
7038
7239
7305
7352
7305
7352
7690
7371
7711
7711
7795
7991
7912
8049
8332
8373
8332
8373
8631
8631
8973
9368
9368
9604
9818
9996
10108
10450
10108
10516
10456
10592
10516
10626
10592
10696
10762
11060
10807
10921
11230
11291
11358
11392
11651
12162
11996
12322
12321
3605
3677
3605
3823
3677
3823
3677
3677
3913
3996
4045
4158
4303
4454
4643
4454
4953
5207
5419
5523
5616
5696
5616
5696
6390
6517
6094
6517
6726
6959
6667
6716
6811
7115
7105
7105
7305
7352
7305
7696
7516
7696
7516
7600
7853
7600
8025
7711
8282
7912
7912
8285
8285
8365
8702
9128
9079
9128
9079
9128
9252
9252
9521
9892
9818
10019
10211
10322
10108
10450
10108
10546
10592
10688
10807
10984
10921
11079
11140
11221
11205
11403
11919
11764
11764
12184
12057
12282
12282
12367
3605
3677
4005
4005
4107
4158
4172
4643
4637
4759
4792
4792
5207
5207
5523
5523
5616
5696
5986
6413
5986
6310
6420
6843
6716
7853
7711
8025
7912
8025
8049
8373
8365
8552
8552
9079
9079
9284
9615
9284
9615
9454
9758
9996
10211
9996
10108
10335
10335
10546
10509
10803
10807
11049
10829
11142
11205
11508
11919
11669
12062
12184
12282
12219
12219
12367
3603
3817
3817
3817
3706
4005
4107
4158
4385
4454
4802
4942
4942
5087
5205
5616
5616
6413
6531
6889
6811
6811
7115
7196
7332
7332
7535
7516
7535
7516
7535
7712
7712
7912
8285
8174
8365
8702
8702
8552
8702
9128
9252
9615
9454
9391
9370
9615
9664
9664
9758
10155
10335
10335
10443
10688
10688
10774
11123
11113
11256
11148
11294
11528
11700
12111
12111
11718
12264
12105
12264
12364
12369
12438
3858
4132
4107
4385
4454
4637
4802
4942
5205
5087
5087
5523
5581
5567
5567
6011
5986
6413
5986
6413
5986
6526
6526
6716
6890
7092
7115
6815
7332
7352
7352
7535
7516
7817
7516
7712
7817
7920
8025
8110
8174
8174
8174
8049
8174
8250
8588
9077
9077
9758
10155
10275
10275
10275
10276
10558
10397
10640
10689
10803
10944
10774
11090
11001
11123
11528
11402
11486
11939
12111
11843
11965
12105
12364
12151
12151
12317
12317
4163
4163
4567
4641
4802
4689
5087
5205
5087
6531
6406
6889
6890
6815
7092
7220
7196
7352
7535
7535
7516
7516
7817
7695
7817
7935
8063
8110
8110
8588
9221
9252
9221
9252
9391
9736
9370
9552
9959
9664
10003
10003
10178
10335
10443
10558
10640
10397
10774
11212
11294
11391
11236
11528
11335
11721
11574
11944
11685
12111
12164
12002
12264
12105
12257
12364
12438
12480
12365
4641
4794
4957
5205
5087
5188
5482
5581
5567
5415
5415
5567
6263
5986
6263
6509
5986
6531
6406
6687
7092
6815
6815
7092
7220
7535
7295
7536
7640
7935
7917
8110
8174
8431
8304
8250
8460
8588
8513
8764
8764
8874
8874
9221
9213
9252
9533
9370
9370
9736
9722
10146
10146
10022
10178
10335
10397
10558
10397
10397
10846
10665
10803
10969
11090
11001
11098
11098
11157
11366
11172
11400
11311
11541
11429
11549
12164
12193
12402
12402
12313
12480
3828
4107
4794
4970
4970
5482
5415
6173
6532
6785
6933
6933
7145
7145
7212
7220
7212
7220
7295
7482
7482
7695
7917
7917
7935
7917
8304
8588
8874
8874
9392
9533
9959
9632
9959
9791
10193
10335
10276
10558
10749
11003
10824
11003
10899
11048
10899
11013
11086
11212
11138
11178
11390
11281
11341
11341
11667
11968
11604
11822
12164
12257
12257
12193
4164
3926
4164
4273
4745
4913
4970
5088
5088
5188
5436
5379
5415
5567
5415
5567
6085
6263
6509
6085
6509
6532
6738
6738
6997
7212
7238
7503
7238
7503
7536
7627
7695
7695
8000
8087
8087
8431
8460
8671
8460
8874
8752
8874
8912
8912
9149
9533
9351
9620
9959
9632
10146
9796
10146
10256
10082
10510
10241
10558
10285
10285
10846
10665
11042
11086
11146
11132
11280
11390
11245
11390
11547
11512
11968
11968
11692
12040
12402
12402
12467
3704
3800
3800
4164
3995
4157
4273
4273
4402
4700
4771
4776
4856
4970
5088
5436
5188
5039
5415
5594
5866
6249
6509
6447
6933
6933
7145
7315
7315
7503
7238
7467
7627
7467
8000
8161
8304
8322
8460
8708
8460
8874
9413
9413
9229
9533
9149
9869
9620
10077
9942
9942
9942
10082
10356
10799
10453
10854
10524
11003
10661
10902
11042
11146
11162
11355
11245
11485
11349
11349
11667
11667
11453
11539
11968
12102
11811
12263
12078
12263
12473
12454
3634
3690
4013
4013
3995
4205
3995
4750
4761
4856
4761
5039
5459
5459
5594
6064
5994
6574
5994
6738
6949
7023
6949
7238
7315
7503
7467
7503
7627
7718
7627
7695
8000
8033
8161
8322
8322
9105
9105
9229
9869
9217
9718
10077
10242
10242
10327
10187
10510
10336
10653
10336
10453
10799
10799
11042
11042
11183
11162
11251
11301
11682
11398
11569
11821
12102
12012
12263
12263
12115
12209
12336
12454
3634
3469
3975
4260
4260
4750
4856
4761
4960
4960
5459
5167
5459
5866
5662
5866
5662
6197
6574
6409
6873
6738
7435
7154
7435
7256
7256
7665
7467
7665
7718
8033
8328
8161
8417
8417
8708
8708
8721
8721
9105
8721
9192
8852
9413
9090
9413
9472
9472
10077
10161
9770
9770
10072
10072
10653
10825
10453
10524
10997
10661
10843
11152
11213
11361
11330
11687
11687
11398
11948
11569
12058
12209
12473
12422
3009
3469
3474
3690
3896
3975
3690
4013
4205
4205
4750
4750
4705
4750
5039
5167
5167
5662
5866
5662
6064
5985
6064
5985
6574
6197
6493
6738
7001
7023
7254
7278
7505
7454
7665
7735
7916
7735
7916
8200
8328
8395
8395
8717
8717
9172
9090
9229
9640
9472
9718
10077
9472
10230
10230
10076
10187
10187
10187
10653
10406
10406
10524
11029
11083
11252
11252
11398
11823
11986
11901
12045
12422
3172
3082
3579
3474
3746
3690
4018
3722
4018
4013
4151
4013
4145
4363
4363
4363
4402
4584
4750
5060
4841
5060
4931
5459
4931
5320
6345
6558
6777
6640
6777
7035
7001
7254
7154
7454
7665
7454
7915
7916
8130
8130
8328
8328
8328
8395
8686
8762
9065
9112
9432
9640
9472
10161
9849
10161
10076
10076
10097
10187
10406
10789
10900
10524
10524
11120
11306
11702
11823
11986
12246
12423
2721
2994
3143
3299
3143
3579
3746
3558
4018
3558
3722
4018
4176
4013
4151
3883
4151
4363
4513
4584
4513
4568
4513
5060
5451
5512
5451
5662
6147
5662
6345
5908
6126
6126
6493
6812
6640
7035
7035
7254
7525
7278
7525
7737
7863
8197
8200
8395
8395
8395
8717
9065
9172
9112
9090
9090
9603
9536
9799
9799
9537
10131
10262
10731
10900
10406
10978
12076
12244
12375
2727
3125
3090
3143
3143
3246
3579
3246
3746
3558
4018
3722
4364
3722
4151
4213
4513
4513
4513
4825
4841
5060
4931
5512
5635
5635
6345
6558
6812
6857
7014
6970
7162
7254
7162
7278
7525
7574
7737
7796
7796
7863
8044
8044
8125
8448
8448
8246
8448
8528
8717
8686
9360
9360
9090
10077
9849
10131
10131
10076
10329
10187
10731
10391
10567
10567
11587
11933
11926
11903
2728
2859
2859
2920
2739
3012
3265
3340
3538
3246
3746
3246
3246
3986
3986
3558
3722
4176
4176
4364
3883
3883
4363
4578
4213
4578
4447
4568
4825
4841
5060
5127
5060
5237
5451
5741
5635
5741
5875
6204
5875
6534
6812
6812
7014
6812
7014
7208
7254
7658
7863
8197
8197
8125
8296
8448
8634
8634
8686
9011
9011
9074
9188
9011
9011
9011
9555
9536
10077
9638
10077
9638
10013
10148
10329
10148
10391
10391
10817
11753
11952
2525
2572
2625
2698
2920
2920
3012
3012
2869
2953
3265
2953
3265
3003
3131
3391
3131
3287
3538
3366
3366
3538
3986
3986
3558
3558
3720
3720
3720
3883
4364
4364
4364
4578
4578
4447
4813
4825
4788
5237
5741
5532
5532
6204
6558
6270
6558
6606
6903
7064
7254
7208
7208
7417
7278
7574
7796
8391
8186
8391
8535
8535
9011
9011
9074
9188
9300
9011
9011
9725
9555
9584
9638
9984
9755
9984
10455
10979
2698
2707
3012
2869
3012
2882
3113
2882
3265
3003
3391
3131
3131
3366
3810
3366
3366
3558
3986
3558
3986
4176
4176
4364
3883
3883
3999
4578
4347
4478
4813
4552
5017
4788
5017
5127
5617
5127
5741
5777
5777
6204
6366
6366
6606
6590
6903
6787
7022
7064
7468
7658
7583
8152
8152
8299
8433
8391
8448
8391
8808
8947
9132
9132
9300
9725
9584
9884
9702
9855
9855
10024
10199
10706
10199
10391
10391
1896
1878
2164
2164
2546
2657
2657
2597
2597
2935
3113
3265
2882
3265
3003
3265
3391
3391
3232
3232
3538
3366
3810
3810
3986
3720
3720
3720
3901
4364
4436
4578
3999
4478
4813
4552
4813
5017
5095
5095
5617
5314
5617
5689
6148
6090
6348
6306
6590
6606
7064
6926
7166
7409
7468
7409
7583
8186
8329
8391
8433
8666
8746
8808
8947
9011
8884
9153
9283
9371
9772
9984
9984
10024
10209
10508
10455
10679
10679
1231
1762
1762
1878
1985
1985
2282
2313
2340
2313
2620
2620
2707
2707
3086
2814
2882
3086
2882
3092
3184
3184
3377
3377
3513
3955
3558
3955
4118
4118
3999
4436
4436
3999
4578
4813
4587
4664
4664
4860
5689
5689
5777
6366
6366
6306
6761
6830
6963
6916
6963
6963
7195
7166
7583
7540
7583
7883
8183
8579
8808
8746
8808
8947
9132
9725
9621
9371
9772
9702
9702
9773
9880
9941
10141
10141
10746
10391
379
180
545
1237
1307
1598
1788
1762
1987
2138
2138
2282
2313
2340
2331
2597
2589
2589
2935
2814
2935
2814
2897
3086
3192
2897
3192
3092
3348
3348
3496
3496
3585
3232
3585
3232
3585
3377
3795
3795
3795
3513
3955
3513
3955
3720
4118
3999
4406
4539
4813
4587
4813
4664
5095
4664
5254
5784
5358
6020
6275
6373
6275
6769
6963
6916
6926
7166
7129
7468
7486
7524
7637
7815
7883
7883
8284
8312
8284
8474
8579
8908
8808
9132
8976
9132
9153
9132
9692
9371
9621
9773
9577
10045
10045
9880
10045
10508
10746
10477
10746
10629
180
881
687
1014
1189
1247
1303
1303
1426
1461
1506
1535
1598
1659
1784
1905
1905
1987
2045
2138
2045
2301
2158
2158
2313
2507
2507
2503
2688
2589
2855
2935
2935
3086
3192
3192
3348
3079
3079
3245
3585
3585
3795
3377
3535
3754
4118
3901
4118
3901
4118
4436
4190
4436
4463
4406
4463
4587
4760
4760
4860
5784
6020
6373
6275
6373
6830
6840
6992
6986
6963
7184
7129
7419
7419
7843
7900
8284
8234
8422
8284
8579
8557
8908
8908
8969
9371
9773
9577
10065
9820
9880
10049
10049
10477
881
106
881
106
1185
1170
1189
1261
1247
1422
1332
1422
1455
1506
1531
1506
1531
1589
1589
1709
1709
1789
1784
1961
1961
1920
2060
2045
2045
2045
2301
2382
2382
2417
2417
2504
2504
2688
2855
2626
2855
2843
3086
2843
3086
2897
2930
2930
3348
3496
3245
3245
3585
3585
3795
3486
3795
3955
3754
3754
4118
3754
4118
3901
4171
3999
4436
4190
4566
4930
4760
5170
5254
5358
6020
6275
6769
6783
6986
7165
7184
7419
7419
7419
7843
8068
8422
8234
8422
8848
8908
9334
9250
9692
9773
9914
9820
9914
10065
9880
10102
10371
10167
10371
10373
10629
10882
818
463
939
1014
1132
1170
967
1247
1261
1275
1346
1332
1422
1455
1536
1690
1784
1789
1920
1920
1961
1961
2060
2143
2060
2143
2195
2211
2310
2310
2211
2408
2382
2417
2491
2417
2592
2592
2504
2855
2709
3103
2897
3086
3269
2930
3348
3351
3351
3574
3296
3662
3296
3662
3795
3486
3795
3535
3535
3872
4025
4025
4463
4048
4463
4463
4566
4993
5114
5784
5784
5609
6140
6074
6074
6456
6783
6745
6965
7097
7167
7419
7614
7843
8059
8068
8297
8234
8506
8848
8848
8696
9032
9078
9073
9692
9371
9577
9577
9773
9820
10065
9820
9981
10102
10371
10371
10734
10599
818
818
939
939
1132
1170
1275
1346
1332
1422
1515
1455
1515
1515
1536
1515
1536
1653
1690
1653
1780
1780
1780
1780
1961
1922
2060
2382
2504
2587
2749
2658
2850
2850
2709
2936
3103
2923
3269
3106
3351
3106
3351
3296
3574
3662
3662
3486
3662
3872
3872
3535
3872
4025
3535
3830
3830
3830
4048
4048
4463
4930
5298
5975
6074
6966
7419
7534
7523
7975
7738
8059
8297
8297
8409
8848
8956
9032
9280
9253
9453
9914
9981
10086
10086
10010
10132
10278
10240
10734
10734
10767
10871
106
939
1170
1170
1247
1275
1318
1318
1422
1451
1451
1549
1606
1606
1786
1786
1922
1922
1922
1986
1986
2054
2087
2205
2087
2205
2087
2310
2212
2310
2408
2536
2408
2587
2587
2658
2658
2852
2936
3269
3083
3106
3269
3351
3237
3296
3574
3574
3662
3662
3464
3486
3872
3872
3681
3681
3830
3830
4048
4048
4214
4749
5412
6530
7351
7473
7558
7558
7497
7523
7797
7797
7949
7949
7797
8416
8605
8848
9280
9253
9448
9585
9418
9857
10086
10086
10010
10278
10602
10784
10819
818
1132
1170
1250
1269
1422
1451
1522
1660
1660
1606
1786
1800
1795
1800
1986
1922
2087
2063
2212
2536
2573
2852
3269
3083
3237
3419
3419
3632
3464
3662
3681
3681
3830
3830
4048
4048
4048
4276
4276
4276
4527
4795
8759
9026
9026
9448
9448
9418
9645
9993
9856
10132
10115
10602
10500
10851
510
1067
1170
1377
1377
1522
1606
1668
1689
1668
1689
1795
1876
1922
2077
2063
2087
2230
2087
2356
2356
2361
2468
2573
2812
2981
3278
3146
3726
3511
4654
8723
8978
9026
9083
9645
9636
10033
9856
10089
10002
10089
10002
10132
10440
10851
10819
10834
10968
965
1067
1204
1305
1339
1457
1640
1876
1863
1863
2077
2137
2230
2230
2137
2468
2534
2468
2661
8890
8978
9361
9361
9858
9698
9442
9645
9910
10089
10357
10602
10548
10968
864
1742
2002
2137
2404
9654
9779
9910
9882
9976
9833
10033
10011
10089
10079
10386
10436
10943
2101
2254
9828
10001
9365
10001
9819
9990
9945
10409
10306
10505
10642
82
499
9120
9644
9365
10001
9804
10411
9804
10411
9874
10014
10068
10306
10068
10306
10851
10812
10943
9120
9265
9356
10001
9356
10260
9356
10411
10411
10411
9962
9874
10186
10306
10428
10798
10428
10845
8866
8693
10001
9823
10634
10234
10698
10797
10797
8766
8856
9076
9402
9863
9214
9863
9214
9968
9687
10418
9823
10418
9962
10651
10634
10287
10572
10752
10752
8558
8693
8827
9312
8859
9402
9154
9214
9948
9214
9968
9740
9687
9823
9938
10114
10517
10680
10572
10761
8963
8963
8748
9251
9740
9968
9968
10424
10114
10483
8137
8330
8675
8403
8403
8591
9233
9307
9067
9666
9666
9740
9948
9793
10165
10333
10540
8330
8232
8713
8553
9051
9051
8859
9199
9307
9666
9141
9345
9948
9759
10333
8010
8559
8261
8341
8922
8657
8833
8833
9307
9666
9534
9666
9759
10034
7977
7933
8330
8559
8559
8713
8341
8341
8697
9004
9014
8867
9307
9141
9452
9666
10034
7940
8096
8305
8654
8341
8654
8984
8499
9294
9294
9546
9956
7940
7772
7927
8305
8654
9014
8825
9546
7452
7561
7772
8043
7927
8269
8444
8209
8444
8654
8402
7875
7875
7646
8043
7927
8227
8402
8838
9047
7631
7541
7631
7646
7776
8017
8227
8209
8623
8251
8650
8592
8898
7304
7631
7541
7875
7875
8017
8065
8159
8534
8592
7362
7631
7415
7541
7819
7776
7819
7776
8150
8355
7169
7392
7289
7527
7415
7693
7541
7493
8079
7790
8154
7134
7392
7265
7401
7493
7693
8015
8154
6871
7364
7273
7265
7404
7571
7526
7476
7845
6814
6814
7053
7132
7050
7272
7404
7341
7341
7526
6876
6871
7010
7071
6951
7071
7277
7273
7313
7398
7635
6804
7010
6951
7132
7277
7150
6258
5383
6592
6757
6899
6912
6899
6899
6912
7150
5226
6206
6279
6199
6407
6407
6549
6656
6611
6611
6917
5752
5855
5993
5885
5368
6170
6519
6775
6960
5226
5752
5663
5368
5993
5925
5944
6021
6266
6324
6201
6357
6503
6484
6780
5663
5627
5995
5270
5613
5489
5628
5663
5671
5627
5988
6379
5244
5385
5861
6144
5385
5742
