7955
7955
7955
8825
8825
947
947
3713
947
542
8825
1854
8825
5775
3713
14862
9650
14862
3713
10472
14514
968
968
542
2826
2223
3241
5698
2297
968
2702
2702
2916
11145
6185
7783
14636
13396
8825
13631
2826
10282
14514
6185
2297
10311
1854
9923
2177
13786
1150
1854
11607
4795
14636
1271
6696
11267
2916
3241
11113
14514
10311
8715
13090
6971
6314
6971
6160
85
10472
132
7783
14514
8060
14929
4270
1150
9918
11267
13441
1350
12217
10085
12375
7033
4270
3241
12944
13677
2217
14628
9580
5419
5419
11962
9580
9970
9970
13090
6160
6298
10085
14003
6971
46
2189
11607
14003
3713
8715
132
11145
5775
14628
2189
10085
9580
13090
2217
11267
5463
6971
13677
5084
46
11267
11145
11145
1150
13677
10085
6668
6868
1521
6167
6314
9970
9918
14514
10085
12944
5848
6971
7783
13441
5002
46
5463
1746
3079
10085
289
1854
46
4040
1746
7033
5336
13200
5951
6971
1193
9168
14834
9970
6668
46
12392
12944
3350
11145
3409
11267
9580
7033
3727
14628
13441
4368
10085
6314
3409
4712
11145
12392
14514
893
9580
1271
3241
1193
10472
9580
5084
6160
13677
132
5002
6868
1521
3079
10085
5419
10282
11962
5002
11267
9918
5084
3684
8181
11145
11796
7783
11607
10545
419
3861
7772
10085
5419
5084
3841
5712
1193
12217
7772
6160
7645
10941
1854
812
4712
2217
4844
6668
812
14628
6179
46
14480
46
13200
5951
6314
11607
1193
10941
2631
1854
8703
5336
10655
4844
5655
11145
6179
4194
14939
6179
13677
12215
9580
14834
7270
14939
13677
3965
542
13441
6160
12217
1193
142
8703
4844
1193
5002
8715
4712
11607
11145
9580
893
10941
14181
11796
6868
3841
6179
10085
1193
5002
300
6314
2493
12177
2217
11566
812
3861
10545
12392
3841
5951
3861
1521
2631
7783
3776
11796
5084
11034
12392
6205
14939
7772
5084
142
5336
8703
12944
5655
11962
12280
46
3776
5084
13254
9816
8443
11718
11113
10936
6179
99
10545
13677
11034
419
12895
6365
10085
3776
5080
11796
7645
12385
8443
9207
5080
5002
11796
6179
6971
12177
14447
8519
4712
13677
142
9631
11566
5655
10472
4368
6160
1193
6205
13196
4844
11267
12998
142
11145
142
2217
13254
9607
11113
46
10713
1193
11796
12280
142
4850
8443
9607
5080
6365
14480
10676
8703
893
8181
6179
5080
12177
12177
8703
7030
10676
11145
6060
1544
3448
11034
11962
6179
8519
10936
11630
6179
11796
3861
5080
3984
5080
4471
11962
10545
4368
5080
9907
13196
142
12998
10713
14870
10676
13196
4712
10048
5080
4471
1464
4844
12998
9970
6573
6365
3448
11718
99
1100
12070
6573
5080
1443
1193
2026
1193
3861
10084
11630
9607
142
2275
1193
14747
9915
4561
13047
4844
2275
14447
8078
9085
14181
14747
142
5080
2493
11630
4471
4850
5080
5093
12280
4561
142
14104
8305
13233
14181
4368
393
11630
12280
8879
424
12847
6179
8519
5806
10713
10084
3861
3448
2217
6205
8078
142
3861
13047
2275
1544
3863
9659
5080
8372
1544
11630
142
6573
5806
3897
7030
8020
10545
142
14104
14480
10126
1521
11962
8385
2900
3687
4850
8879
7997
2275
5080
4471
9164
1100
7793
839
424
14747
10126
10545
9659
839
12385
1100
2275
8305
9085
3863
9698
14480
6205
99
13047
14181
10048
3830
7793
4850
12998
4095
7030
6365
3861
12998
8020
12998
2900
14833
9595
10326
3861
7030
5084
13141
9659
3246
2026
3687
839
393
6179
5806
9595
1025
6573
6205
3830
370
10048
2493
839
11962
9794
2493
7334
8372
6205
8020
578
7848
424
12280
3984
13233
6179
10326
10586
14104
4254
3897
8078
8020
10126
9704
6573
3863
9023
2493
6060
10084
99
839
10126
10326
3560
10713
2756
12385
10223
7848
12998
5080
362
6205
3830
9164
14361
286
9302
4254
9698
12847
12847
14104
1544
9023
6060
10109
7334
2493
10586
14361
4095
839
839
12998
10326
4850
7334
10180
13620
11295
14181
4095
10180
10180
281
578
3246
286
9164
11295
10223
12280
9704
12512
578
9698
6573
10223
13047
3560
4282
6573
12512
1544
4282
11295
14011
14361
281
14833
10459
9302
5080
11295
12512
9164
14011
12356
10713
362
10223
8385
14361
203
10223
11059
7414
3246
362
11201
10326
8372
370
281
578
10109
286
6046
12576
610
14833
12512
13047
578
10109
12356
13532
9164
14011
9326
578
11201
11059
11502
610
2756
9997
12998
9677
203
10834
1025
1169
9704
14181
9677
13620
10109
10109
7869
11502
5412
6046
12966
12356
10459
362
3560
3560
12998
5412
203
5551
281
6060
610
610
11525
11502
14011
3037
3560
1025
11201
14833
10857
1169
8385
13532
4717
11413
7869
8090
2756
9326
13049
203
9790
254
6081
14925
8090
10834
12966
12356
3037
14813
7869
11525
9400
7869
14833
14925
511
7977
3741
7869
14925
12998
5650
5504
10786
8691
10786
11413
10109
6910
9997
5551
14689
14112
6910
13047
10834
14946
3037
14216
9997
8090
9790
2543
5412
11011
4277
10834
5551
909
11413
14112
14833
254
3037
254
5412
11011
10834
7563
10928
13404
9587
14925
5504
6482
11525
9997
7563
12356
511
9997
14689
511
12356
5551
7563
9400
8090
9860
6081
3741
14813
5504
8547
511
909
14689
5650
14112
215
5650
4277
14689
5551
215
2543
10786
9790
14216
5504
6482
7563
8691
14112
511
12182
9400
2543
11525
10786
215
6482
215
909
7563
13638
13190
511
6910
6496
6910
14946
10834
9860
6910
6496
13404
13404
5504
511
9790
5116
5116
4277
11413
9860
13190
13404
11356
14689
12182
215
9790
5504
10786
14689
8730
9587
4277
5504
9400
14946
6121
6482
6496
4277
13638
8547
4277
6496
10031
14216
2543
13404
215
6122
9400
10031
11356
7159
5504
10031
6482
215
14441
10786
13404
6121
215
5504
6496
6791
5376
6121
4277
6270
6482
8730
13355
9587
7764
5603
14139
6791
10786
1929
8730
215
10727
7159
14216
1929
7159
11356
11525
11525
10031
9016
6121
8507
5504
10031
8507
4277
8611
11852
24
6496
5504
13355
8730
6496
14441
8507
6121
14216
24
6791
14441
24
12883
9016
1402
7200
24
14139
10265
1692
2960
6594
10786
6121
6270
24
7200
2960
2960
6121
5396
6270
1929
6791
10786
8730
14216
6496
6270
1692
4727
14216
11852
8611
1402
9554
9147
1402
1929
6575
6594
6122
6575
14530
1541
5396
10265
14216
1692
12883
2960
7200
7159
14441
8507
7159
10727
12371
9147
2960
14139
10265
2930
1541
11889
9554
5396
6791
14441
12371
10265
9352
5376
7200
4727
5396
1402
11889
6791
5217
5217
5376
6575
2241
5217
374
6267
7200
9352
6267
12660
14861
1929
14441
8611
6791
14861
14139
14530
4510
5379
2930
4727
14426
14139
3573
5217
5217
14530
14530
14530
374
6594
3573
4727
9147
10747
6267
6267
9554
6267
6267
5379
374
4079
14426
5217
102
10747
102
14861
2241
10958
8611
13243
14861
8799
8799
12660
5217
13985
676
1927
12729
12069
676
14530
4079
9520
9554
9520
4727
13985
8799
14530
12069
4510
3551
1668
6267
9554
3573
12660
448
1494
12660
1494
1494
10289
497
1927
3573
167
676
676
102
502
10113
448
10958
8799
13243
4988
9554
1927
3551
9520
502
10958
1668
12660
448
1951
12069
5660
10747
4510
12866
6993
4510
8799
1792
4510
12866
5660
5660
11102
1927
4072
1494
6993
9413
1927
11094
3551
10113
1473
102
5109
3630
448
6993
2907
6993
363
1951
3551
1473
1792
10958
1032
363
4510
10958
2907
11102
4072
497
497
4510
8968
3551
8968
497
1951
1951
10429
582
56
5309
9413
497
56
9413
1792
1792
5660
9413
10429
3551
10429
8968
5309
8968
363
11102
11102
3551
6993
1927
10958
14147
763
1473
363
3092
9413
763
9413
13744
13744
11102
56
12204
3092
2907
7103
3630
13906
11094
1032
7103
10584
5109
3092
363
763
6893
10584
10460
810
14147
582
363
8271
14147
14147
9028
836
9413
13744
4698
894
10584
14249
7103
11834
6662
11102
4405
11834
6662
4405
8086
14147
763
2907
3092
9450
6651
9028
4698
2907
14147
9028
13744
10460
2412
1465
4541
14825
836
9413
7103
6662
10894
894
11834
9413
763
14825
9028
14249
3092
763
894
894
836
14577
11834
2260
6651
10460
4698
5405
763
3617
14577
8274
10460
894
6651
14147
14825
3617
8086
8086
1465
1276
9028
6893
10894
7103
14577
14825
1739
4698
8086
6651
6662
4124
8274
894
1139
9028
3617
894
3063
14577
3954
10251
4124
5405
14577
3954
8274
6651
6651
3954
9986
3063
11394
11394
1276
1276
11394
9559
2260
9046
4124
9046
4124
5405
5405
14794
10360
10360
6597
4124
1739
825
1139
1276
974
12862
2260
3063
2034
974
8274
3954
7417
5414
6597
825
4124
10360
1276
5405
7146
14577
8602
9986
12862
9986
4124
14358
974
5142
14794
5260
127
1276
5414
7417
3063
14794
974
9986
2330
10078
12862
825
11394
13011
7146
7146
7417
9559
7146
1276
4124
7146
474
6705
5260
9046
3063
127
825
5142
474
3063
8602
9644
9986
474
2060
13011
14358
127
8602
2330
6597
2060
11394
474
2034
10078
13011
474
13376
5260
2293
11394
12932
9644
2060
10078
1115
2293
5414
2293
1165
6597
9644
9644
647
10078
639
5414
7146
2311
9986
5117
647
13011
12862
647
2060
474
13376
12932
7146
9644
6632
7417
9546
9546
1949
2330
13011
12932
4975
4975
1165
6705
3168
9546
13376
2311
13043
13011
2293
13043
12932
1115
7733
8861
12666
2060
9644
5117
2060
10390
2293
6597
13011
7876
1949
1115
7876
639
1115
13011
6705
5117
647
7448
915
9644
5117
9546
1330
10859
6550
915
3168
2311
1165
6982
6705
12932
647
3168
2293
5703
10644
6632
9644
12666
7876
915
915
7733
5703
9845
9546
6705
6550
10644
9013
6982
8861
8861
647
3168
7995
5703
10644
1330
4100
2029
1330
1330
12666
10644
2029
10390
647
5703
3852
7733
647
5703
7876
6982
3852
9546
13413
5117
6210
2293
13333
1330
1330
6210
12666
9013
13043
5703
5703
1453
6982
10644
10859
4100
6210
8843
10861
13413
2311
8102
6632
11556
7733
1453
7733
1453
10859
1949
5703
1330
10110
8102
12666
7995
1949
9546
7995
1330
13413
2530
4100
2530
11556
2311
9845
13333
5703
13742
10644
1330
6982
10859
10801
12050
1453
4100
2311
11556
6982
1330
10110
8843
2311
2029
2776
10861
1453
6210
10644
13665
13413
6040
1330
10110
3852
13742
11556
12050
12050
3852
11556
8129
10861
2530
6982
3675
7995
7788
6040
13333
2776
10110
11333
11556
12050
13333
8843
13742
4788
13742
13413
6040
14049
4100
14895
7788
1453
14098
10283
7788
13333
2530
13413
7995
13742
8787
49
6210
10110
14098
8742
6040
2029
10801
14049
13333
13665
7788
7788
2029
13742
3852
10283
49
10801
14049
13413
7788
1721
10110
49
9142
13665
4497
1124
14098
9138
14049
13665
7788
9473
2776
9473
11333
9138
1721
10801
13674
11556
2029
7788
3256
10110
9142
6040
911
1721
2776
7788
2530
8742
9536
11333
3675
3256
10110
9536
7788
4788
4788
8787
8742
1721
1124
4100
1124
6040
2183
13205
13205
2183
9142
11333
10283
13063
13115
11999
13205
14049
4788
13623
4497
3675
9142
4100
6479
7916
4733
3675
13623
7916
1721
13674
2375
9138
3256
4643
3333
11999
3675
7916
9473
14408
11333
5016
1721
8742
1721
2375
10946
5016
13390
3256
13623
5433
9536
9142
6479
4233
14049
4643
911
13390
2375
6771
7916
14049
4643
4733
3256
6771
14408
97
10946
11030
4497
6479
3675
3333
7916
3333
5016
9536
5433
13115
14594
11999
3333
5433
4497
2354
2183
14408
9138
13115
11999
7916
5016
4305
7916
6479
8621
5016
4788
11999
10946
9536
14408
11333
2375
4233
4643
97
13390
2995
13063
7574
2183
11268
13390
911
6771
10946
13390
10033
14408
14408
11030
13063
5433
4733
5016
5472
13623
5644
3333
5472
7916
7916
4233
5433
4497
10370
6771
10033
13115
14633
11030
5596
13390
13115
5596
14594
3675
3256
2183
14594
2354
2354
7916
14408
10946
5016
11999
14408
13115
11030
14408
14408
5596
2183
3333
14633
11446
5016
4233
5644
97
11030
2394
14633
10946
14408
5472
3658
4305
13115
12841
2394
14408
5596
4233
13115
11446
5644
12841
7574
6086
951
5433
911
10946
97
5472
11030
10033
12841
5028
670
10370
2995
670
9404
11446
11446
14594
5596
8621
2995
14633
8621
5644
10370
6086
4305
5596
11446
13546
1885
11030
5834
2354
14594
12841
11446
4589
5596
649
13546
8621
14633
10356
2995
5470
4589
951
5596
6086
5644
649
5028
3658
9495
12841
5108
7574
6086
9404
9495
14594
6086
5028
5472
5834
11030
13546
9404
12841
2656
11446
4589
5108
8429
5470
14633
951
11446
13546
9404
3658
9008
10356
5644
670
670
11446
3658
9668
5108
5596
6086
670
13546
9008
10356
5470
5834
744
649
9668
12488
2656
12488
10524
951
1678
6086
2995
1885
5470
7267
5362
5028
6086
1011
394
7267
6389
13067
9495
9404
5108
14633
670
5470
7596
4589
2619
8429
1678
394
9008
1780
4589
14425
10524
5028
951
8474
5470
14425
13546
394
1011
5834
9008
649
6389
6389
6875
951
4589
1678
8988
2656
10017
8429
7596
6389
8510
8474
5470
1354
8429
5362
7596
394
1354
12488
394
2619
2619
9668
5362
10017
6843
1011
14425
8474
6875
3517
2656
12488
14425
13645
6389
14425
13645
649
394
9008
4589
8429
5024
1780
1354
620
4589
1678
1678
13947
14170
394
6843
3517
1011
8510
8182
5834
8988
5362
2619
1011
1354
1780
10017
14170
5362
8474
1354
8988
1373
13840
1780
1354
8429
394
13645
8474
1678
10524
620
6389
7596
6166
4135
5362
11269
9945
8182
5024
3920
9945
6843
8474
394
3920
744
13645
394
4135
4087
8182
9258
11269
5362
8429
4135
7870
1780
8988
14170
3955
8474
6398
2570
620
1790
9945
4135
8510
1780
6398
13840
11269
8474
8510
620
6843
5024
12823
3955
6166
5024
1790
4087
9258
4135
3517
13947
9945
9945
3920
12823
13324
11221
2892
9258
6843
13840
4135
3920
12569
13324
1373
9506
2570
13947
8182
8182
4867
3920
1373
1373
7870
394
9506
13840
3955
3955
1790
13840
8219
6837
3211
9258
8219
1790
4372
620
10930
4867
8510
10804
6166
13840
10796
6398
11812
10017
620
10796
13840
8510
3211
5671
11221
3517
12569
13324
8219
14940
7870
6946
12625
2570
6843
9506
3738
13947
11269
269
13812
2866
10930
12625
2570
11269
7870
8219
269
11812
12271
5671
10930
3072
10804
13840
13812
2752
505
269
5656
10796
5656
6946
11812
10521
10930
14368
505
13840
3485
10930
1610
10804
13812
9435
4372
3738
6064
270
10521
1913
12625
3211
8219
270
12271
505
8469
3072
2752
6837
7510
2016
14733
9506
60
9467
10930
9435
7410
3485
2866
5671
9435
10930
10804
9435
6763
14368
11351
821
7410
5602
2935
6064
14733
6444
2935
11351
14368
2016
821
6064
5695
2432
1913
4014
270
13521
2432
2935
14368
6897
306
505
346
14368
10804
7410
60
8469
11952
1610
9467
12871
1148
6064
1312
10521
2432
6763
346
14368
12097
4331
2866
8469
4331
13521
1148
10521
2866
2016
3485
2935
2016
12748
12871
14368
12097
6064
7410
2752
664
1913
6064
2752
921
3244
2419
3290
821
7471
4331
7510
12097
719
2016
8469
10593
4331
5331
7510
14611
14611
1913
4936
664
935
10593
1611
515
719
306
306
3290
12953
970
1611
10993
14650
12871
7410
1785
1148
1785
7471
12953
11351
1611
5331
970
935
1728
3244
4331
12748
4936
1312
2419
6763
12426
4225
7471
664
12097
1312
7471
921
11351
12748
3290
2016
12981
664
9892
10993
2016
970
7510
719
10593
5331
5119
14650
7250
1785
3244
4936
4936
970
3290
3290
4225
7471
10993
5331
719
3244
10593
2912
4936
5119
1728
970
4331
935
12097
4225
10993
12748
9403
8591
12953
7386
10993
921
4225
2912
5699
719
8591
719
3290
8591
3290
970
9403
7250
2662
7250
6851
6130
2396
1312
6130
5119
7250
12097
2662
719
3290
4558
921
10593
1896
921
12953
13686
4936
7386
11322
10593
12426
3290
9211
7424
13686
4558
12355
1241
1241
5119
6130
11322
8591
9892
970
970
9211
1785
10188
3639
7191
1728
5699
12426
5119
9892
7544
6768
7250
6480
8591
9525
2396
8591
3628
6851
13686
6130
6130
4558
11322
8591
2396
2030
9525
2030
970
9403
8591
1241
12426
6480
2662
7544
7424
13686
6480
7191
6851
8591
7626
8591
2662
2174
8591
7626
3628
7386
9525
10188
7191
11322
2030
3639
11125
9892
9403
7626
3639
7386
5106
2912
6392
4558
9525
13686
5475
10734
7191
1241
4653
2030
6851
7544
7424
13686
7191
6130
10188
2174
10734
9892
9403
6392
3639
6768
2396
8591
6851
7544
10188
6480
12038
9525
9476
9403
8591
9476
7424
9476
10188
14965
13686
5106
14965
7626
8591
5106
5475
9525
9525
7191
6083
4653
11761
6392
10154
251
12176
3628
6768
3639
12176
6851
999
12355
1126
2174
5475
12355
14965
2396
6851
12456
224
12355
12038
251
7191
12843
5475
12367
6095
11761
12843
10734
4919
5106
5106
12038
251
12176
467
7191
12843
6851
12367
12372
9476
948
11761
6095
10154
2420
999
224
1725
5475
3628
3744
11761
948
4791
6095
6768
14965
5475
12843
246
367
12367
6768
12038
14965
224
11125
4919
10154
12367
4653
367
251
999
224
1126
881
12038
14965
12843
5475
2912
6083
5475
948
1897
5052
948
12355
11761
10734
1897
12367
12367
224
246
4369
12843
999
5721
467
9785
12843
5475
1126
246
4369
2946
4653
5475
11125
4919
11761
3379
9476
4653
10734
8674
4791
2449
12367
5052
784
1725
6083
5475
11982
2674
5721
881
12367
1126
1725
13703
246
10436
11982
4791
9785
3379
1897
3964
2674
12367
5052
224
3964
9887
881
3744
644
6083
1700
3964
9159
8042
3379
2401
3379
5732
1897
8042
8674
10436
367
13703
1897
1700
9785
11919
5721
5052
9785
5052
3964
8223
3964
8674
5732
11919
12456
1725
784
2609
2401
9887
5052
2674
1725
11982
9324
1126
1700
5052
9887
367
11919
2449
13814
11982
5732
367
10542
3379
9159
8042
4369
1700
1725
13703
3964
10436
5721
2449
3379
4791
8042
3964
10561
9324
13814
11982
3382
13814
4791
10561
794
10359
9324
6589
10359
1700
881
5052
14980
3964
11919
9060
6820
110
9271
3379
3382
9785
11919
10542
13703
2953
8042
1725
9060
14981
2449
3382
3964
5721
1724
9159
3922
1289
1700
11919
4791
7440
7576
14980
6642
794
11919
11919
881
10375
3964
12377
1725
2953
3964
4719
12447
12447
5732
6369
12377
2195
4791
12631
794
7412
14980
2953
10542
10456
9772
10969
10969
881
6820
6589
666
794
6589
2195
2401
1289
6369
14981
7412
7412
10362
14981
12377
10542
7440
10574
7440
10359
4719
10561
12631
3922
566
9772
2025
2025
14981
10375
6820
6527
6642
14981
3922
5415
6915
10359
6642
6642
10574
6527
674
2361
12447
1647
6915
10574
10359
110
6369
2195
5304
10574
1724
6071
6071
2025
10375
1647
11032
1724
4719
14453
6750
11672
4719
1724
674
7829
10375
110
6642
11035
11032
666
566
674
8203
7829
14571
10359
10456
14157
11035
6750
5415
14571
14981
14981
7829
2159
11672
10362
5543
4193
11672
14157
14981
5304
14453
7412
2361
6642
587
674
1647
6915
6750
666
1647
4719
10642
7440
13636
10359
7440
1724
666
12335
13636
6750
6071
13672
587
7491
10849
10849
12335
14157
7829
1647
5415
4719
14453
11196
4719
7513
10642
1647
674
12335
11672
2159
5543
14157
2361
12335
13636
13092
12335
12285
674
10375
4885
11032
4222
13810
7491
6872
5415
6892
666
10849
14571
3361
674
5543
10642
5967
7849
11032
12335
8000
1058
14795
10642
13810
12285
10642
6750
5967
4885
13092
1647
12335
7491
6892
7440
12335
8203
6872
14085
2361
14571
3361
11196
6750
11196
13636
2361
13672
8203
12156
14453
7167
12285
4193
9415
7513
13810
13672
7167
7849
11196
8076
14795
3361
3361
2573
5967
12156
2361
6344
13810
14085
7849
2573
10341
8000
6750
5415
6750
7167
14453
14571
13636
8000
3316
1058
6872
7167
7167
3361
678
14085
10849
4222
678
7849
8076
7513
1997
10123
11196
1128
5415
13636
7167
6673
14795
10341
7491
12321
6344
12706
10123
6344
1058
3316
4887
6233
9415
9415
7491
13810
1128
8924
8000
10324
7849
4856
12475
6344
4222
4222
12156
7395
6872
2573
1128
6673
7849
3316
14795
8000
13810
10470
2573
4856
10341
8924
14572
14096
6344
4445
1128
1128
4856
7395
7395
6673
9740
7395
10324
12252
12156
6233
13810
14795
14096
12475
9415
9215
12156
9740
5967
4856
6673
7083
10123
10324
8033
5363
8033
12321
12475
10123
14572
8587
12321
12706
8000
678
12156
4887
7849
1058
1058
7558
5592
1997
13807
3488
1128
8033
13807
12321
13810
7395
594
3316
8587
11335
4445
8493
5226
7395
3865
14795
594
11116
7083
5226
2573
3383
10123
4445
11036
3316
10470
8279
7395
11116
4856
3316
4856
12321
6673
9740
12706
14284
4856
11116
7150
1128
7395
3383
8033
9740
5871
7558
3316
3865
8924
2035
9215
9215
14096
10470
8033
5871
5363
4887
10123
1466
3169
8033
5592
5592
10470
3865
191
8587
1128
12252
4445
8493
8587
2035
7150
7083
14096
2035
191
3488
4445
7558
8493
10123
5592
11335
191
11116
3488
9215
8587
10123
10171
1466
14096
14222
9215
11325
5226
594
8033
10470
9328
3169
7558
9215
11508
4445
13807
3488
3383
8717
14284
12252
4445
7150
2035
3383
5592
7165
5871
14096
12252
8033
4615
4856
3169
1128
8924
12252
7395
14096
4799
14284
5226
9328
7165
10470
4856
4246
1466
9215
11325
11116
11325
12252
7150
8033
9215
191
8189
5815
9215
5226
13807
10133
8279
7558
10171
14096
6312
14222
8493
8493
11325
756
9328
14096
13410
3383
756
11036
3383
11335
10133
3169
14284
5871
5871
11036
657
9215
657
4740
14096
5592
14096
8279
7295
8189
7295
7746
9328
14284
9328
11508
8189
6312
11325
9328
12252
3263
2035
2467
5795
1667
12252
10133
13410
8717
8493
8868
8179
8179
7295
10133
12252
11508
5815
4615
10133
8179
12988
5815
11508
11335
8868
4799
9017
9328
136
4493
11508
6312
12988
4246
9017
7295
4740
13410
14284
5871
13410
4420
11325
12988
365
2467
12988
4246
4740
10901
11335
14096
8279
2858
6312
365
756
6679
8868
3263
2042
10901
10133
4246
5795
657
11632
4246
9328
6679
4622
7746
14096
4493
12864
11632
3263
657
13410
7758
7295
5479
9328
9328
9017
2042
11508
5795
5592
10133
6312
12988
11944
4615
4420
8179
7746
14096
11508
11325
6748
13410
2858
10133
1667
2777
4740
7746
6261
657
9017
2777
8189
13571
2269
2777
2269
8868
2467
10133
8279
5795
12988
7720
2042
5215
10133
5795
13410
136
5479
12988
1667
6679
7758
4740
11632
10901
7989
4414
1667
9771
9017
11632
2269
4420
657
4740
657
2858
5795
3263
8189
4414
7295
9328
6679
365
2777
3263
4420
136
7989
9017
10901
7758
10994
2777
10994
13818
5684
7758
8868
10901
2042
5684
5215
4246
10901
365
657
533
7357
2042
2777
6748
2858
9017
1667
5684
6748
4414
4414
1616
2042
7989
6316
10994
6316
11632
3263
5479
2858
4493
10994
13571
3263
6261
11441
13482
5215
365
6116
12864
365
136
10901
6116
11441
5215
6748
11944
7989
2858
6953
4246
13818
13482
13818
4493
7357
13818
7720
13818
6953
11944
7667
7720
4414
14086
9771
10994
11944
136
6316
7758
7746
9241
4414
7357
13818
5215
4744
10994
805
13571
2858
8525
11441
10901
5215
12864
10994
12864
6960
6933
5215
7758
6933
12813
14054
7720
942
136
13818
10901
10901
12451
11944
3444
1616
12813
7720
7376
13002
13482
5215
4414
533
6953
8525
533
13571
245
14199
3985
942
13818
3688
7357
245
9771
136
2757
6960
1616
11441
942
7376
11441
365
7758
13818
10994
6116
7376
7459
7357
11944
12451
2184
14054
5684
5215
2184
365
8525
12813
805
8484
6953
13002
13482
6819
1616
7801
6953
942
10994
13818
14199
12864
12864
12451
245
11944
805
3967
942
11441
13070
8190
4744
12813
942
11039
8851
12451
9241
7667
7357
2162
13002
10699
3985
3985
7357
8851
6960
3416
13070
7155
13002
8484
3688
942
14313
13070
3967
13286
2757
13482
12451
7720
6819
8851
12451
7155
12813
118
7357
3985
942
7357
8484
6953
8851
12813
8851
3688
8525
245
533
2416
6953
9241
11692
14086
2757
3985
2768
9663
12813
8484
8484
12451
13070
3416
12646
14199
7720
9189
10699
387
11692
9241
9241
10798
8851
14199
3985
6819
3985
13378
8484
14991
2416
9663
387
11455
9337
6960
9337
13573
13002
13070
248
6819
8990
14991
10699
10699
13070
2757
9663
7459
12451
13221
3967
7376
6819
2162
5796
6960
12813
118
7667
9189
248
11692
13070
5234
2445
7258
2162
8484
2768
3985
387
13070
11564
8425
6308
13070
14199
8990
13221
6308
13070
11564
8229
8605
12646
3763
7711
5796
6248
5796
7341
11455
14991
4348
11455
11949
13286
12646
12089
12089
2768
14086
6308
10668
13070
13221
13378
6308
1327
11692
7711
8990
3985
3407
10668
942
8425
9066
9337
387
11949
7341
8484
14991
7564
889
8605
13070
11455
3967
10488
12089
8425
8990
8229
14991
14199
12652
4348
12113
13070
2445
10668
7258
14313
10136
7711
5796
9337
8851
3763
889
889
11455
387
7341
11222
6308
8134
13573
8605
6437
10136
889
14991
3763
14991
9066
889
248
8990
5796
5749
3985
14995
3755
889
13070
12652
4348
4348
8190
9066
11949
13070
13221
426
8605
10668
10488
3407
10136
7258
14382
14159
11949
13378
13378
11949
6248
3407
8190
7711
12646
14991
8134
3407
7982
4348
248
12646
889
9666
5796
7982
6308
12646
6373
12089
8990
4268
1594
4348
6308
13378
13221
10843
5796
1449
889
14159
12113
5749
10668
2793
8605
8605
11949
11895
1449
6248
6248
13221
12087
4546
7564
13829
9066
13077
6373
12764
2160
13221
4348
10843
12764
6373
13211
6248
8190
11564
1594
14400
9666
11222
14382
13269
13829
14382
13077
5749
13851
9666
12087
13242
1594
12087
8605
13221
7982
6248
8903
11233
3763
6437
13829
7089
6373
14680
6308
8903
2160
12646
7089
1261
13211
5209
5749
12045
1594
11233
7982
13829
13829
14299
14680
12087
12764
8903
10488
7484
12087
6308
11895
1594
13077
1261
4462
6308
13221
14382
9666
11427
3796
3763
1261
14299
9666
5749
5749
13688
10082
14995
4546
8367
14299
13211
12113
4813
6713
9666
14680
7982
14373
10082
6713
7982
13077
585
3763
12012
14995
7484
11233
13851
2445
13688
14680
13881
10843
14680
1812
13242
13851
8903
7089
1812
1594
14373
11797
14109
8605
14373
11427
13829
248
5749
4546
2763
4813
8903
4546
4546
11427
14109
1812
2007
2007
2652
2763
5209
14680
13829
11797
12646
14373
14634
10082
14995
585
13829
3763
13851
6713
3763
7982
14019
12012
3763
13881
14995
7364
13851
9443
14680
14680
4462
9443
7089
6713
13221
7982
11797
4462
14109
6109
12616
13428
4546
14109
4813
13830
248
9910
8903
11086
9910
14019
9443
5749
14680
4462
10843
4462
3763
14340
13242
13242
14373
10843
3050
2007
6109
248
2007
6713
9666
12012
3050
14373
4546
9910
11086
3050
14109
7347
12616
10843
11797
8367
12012
2763
2007
13428
11383
7089
13428
8367
12686
13242
7530
13851
13830
11086
14109
13242
3050
4546
13851
12616
3050
13830
2007
9910
1812
7364
14995
3050
14634
14995
11986
14680
9443
13830
176
8439
14373
8230
2652
10792
11617
9443
12686
14623
7364
4546
12686
5820
6836
8367
13225
2007
11797
12686
13242
8367
14340
11086
8367
248
14634
10089
248
7347
9443
1510
7089
3050
7530
936
10051
12045
10089
8230
10708
7530
9443
2007
11086
10708
2652
12616
14634
1510
6836
8863
14623
13830
6282
12686
10610
12965
7686
13242
6836
10704
5820
10792
11560
10348
8367
8230
8518
6282
11986
10348
2147
7364
12965
13881
14091
14091
11560
9443
6109
7347
7387
12686
14091
13830
8439
5820
6282
8433
7347
12686
10089
3974
7810
3974
5127
7530
10610
8367
8439
8230
2147
11086
8367
12686
14091
10089
9443
6282
14340
8367
12686
6836
13225
8367
1510
2652
7347
8230
10089
12517
12965
11890
8230
14387
7530
10348
14623
7387
6836
8367
7364
1510
8439
2652
7686
11890
10708
12686
10089
14091
12045
8433
12045
1315
11986
9443
10348
5950
12458
7810
10051
12517
8518
5621
6282
10610
8433
7387
12045
5621
12045
5621
11202
6836
7387
1315
10089
14091
10348
14623
10208
12686
10051
12045
12686
8863
5127
2147
5076
5076
1612
2147
14873
14623
12518
8863
2710
14161
1932
10610
5621
10708
7629
1612
12045
2147
14270
7387
12045
8439
12389
8433
1510
12622
11305
7810
14091
12458
12045
11479
1932
1510
4610
11202
8629
14270
2147
12057
2710
11305
12045
1510
4016
3974
2147
1510
3974
12389
7530
7686
2652
7530
12057
8439
4672
10208
14161
14270
4016
1461
6282
1612
481
2511
8595
14873
5621
4672
12517
5164
5950
2511
14992
2185
12045
2147
5285
4848
1461
12832
10746
13009
2710
8433
5285
13683
12389
11202
2710
2289
12057
2289
12842
2710
1070
12045
13683
8629
5549
2147
14996
5861
10977
1070
8433
2450
1612
12832
14623
3421
13027
5692
13009
5164
11986
5076
3893
2289
2289
1568
10977
8327
7686
8629
5527
13789
3893
6790
10697
8761
5321
11202
12832
11479
5285
5912
13009
5285
5912
5549
4016
7530
13683
5076
492
12057
5285
12622
4610
12193
2289
4610
13311
11202
2710
5500
10697
492
13789
5285
2865
10890
11479
13106
12199
5500
6777
5747
8327
11853
8629
5076
6777
12832
6548
10199
1932
3724
12057
153
13311
7532
5285
13361
12057
9806
14992
5164
5285
13361
2710
10487
153
13105
11202
8604
11202
10199
12563
6548
12518
3974
11853
5692
10670
2710
14767
2147
5738
8370
4016
11479
2450
2865
12563
2865
11651
8327
5500
4672
13361
153
2813
5321
2450
2710
8761
10487
12842
5747
11202
11202
5285
10199
5285
5348
5285
6030
5348
13924
13361
5348
5738
11651
6548
2185
3176
9806
5348
5321
5285
12193
13311
8629
13789
13027
2450
3176
8761
7434
6296
10104
13361
5285
8327
13789
14767
5527
4308
12193
11202
492
11923
9745
12057
3724
10104
3606
4308
7532
14992
5692
6777
5285
3606
10670
2518
4308
13311
13106
2518
8629
8370
14767
5410
14945
10199
13512
8629
12563
9806
12199
13027
7532
8327
6296
14767
5285
5227
5285
4308
13105
5410
11479
7532
14767
8761
14593
6115
10104
492
12798
9745
12563
11923
8629
2518
6339
7434
13789
8779
10104
5285
11998
13105
5527
5285
5076
12193
13105
153
5076
5227
10851
13105
2518
8761
5527
5227
9745
13105
6199
11998
5227
5227
5285
10104
5285
13512
13789
10104
492
5227
10104
14945
12193
4616
9374
8761
492
8761
6296
8629
12798
10670
12193
4616
5321
4805
9745
2518
10851
10487
10851
13512
14767
13105
13106
8629
9745
10828
14767
6115
5285
2357
6230
10104
5227
7224
4400
11651
13466
153
13512
13466
5227
13466
10851
10670
9374
4616
4532
12563
5285
13027
2555
4361
13512
7542
7370
8779
7542
7370
7542
8331
12798
13466
13466
6230
7542
3585
4750
14804
13009
6115
12798
6830
10527
13939
3585
2357
811
6230
9745
8331
8761
8779
12563
13105
4616
13924
14945
13105
5227
11782
6265
4616
10851
13466
13924
6199
811
9862
2947
13030
6569
13789
6639
6043
14392
13009
4532
4805
12798
2813
11651
11223
13105
14389
14804
14392
10077
13027
14389
2015
8137
12193
12798
5227
13789
11651
10077
10554
7542
6043
1196
12193
9374
6230
13105
13939
6296
6639
12193
5076
6230
6569
12798
12006
9149
2947
11782
13009
6009
5285
2518
9745
14618
6043
9083
6115
14618
4616
6296
12563
5227
5227
13512
12925
12798
6115
3585
12798
14389
2555
12336
14616
2699
811
5015
2821
13512
5285
5227
11606
5527
2821
11223
2357
9862
2379
4616
11223
1196
7224
14389
5723
12419
1196
13079
5015
5227
1504
6296
13512
13924
11782
5723
13079
8731
14618
404
404
6043
9083
10077
10670
2379
6639
12925
12798
12419
12193
6009
9745
9374
4616
13027
4616
8565
4616
7542
6296
10066
2357
11782
3903
7542
6043
9745
7397
6639
10527
5285
14389
3903
5227
6172
7036
2555
1196
6639
6043
14616
6639
5639
7370
12332
2699
5227
12311
10066
11998
588
7036
15000
6296
12233
13027
7397
4616
2730
1196
2730
13924
5723
6569
3903
12233
6043
5648
9149
11782
12798
8137
1196
13512
11223
12679
9715
6009
4843
5227
12798
10670
11223
9149
3869
7370
7542
6569
6296
6009
1558
12006
6043
10480
1196
404
8565
3903
9862
9929
5227
9862
9690
5648
11782
11651
3903
14616
2730
2357
6823
4616
571
11782
8137
13939
11782
5227
1759
588
7542
11785
12964
571
11223
7542
14392
6043
5076
13897
11782
11223
11223
404
5719
5723
6355
7224
10732
11782
14618
13924
2730
6115
5719
2730
6296
3869
11782
6265
404
9149
9715
10527
2730
3869
10259
14392
9083
9929
588
6639
10066
5639
12233
404
12964
1759
588
12332
14618
12311
11782
6172
14392
9862
7241
11785
11651
14618
10221
2730
404
7049
9083
5165
7195
571
7360
14618
6043
9149
404
10221
8731
11606
8137
11372
10259
12679
10480
12006
11782
14616
1504
10259
6823
8066
10851
4874
14618
10851
6106
9374
13167
4874
9715
4616
2555
12521
6230
11782
8731
6823
2357
5194
146
11372
571
8565
9862
8565
404
13290
12336
11283
11372
2730
1420
13290
12006
7360
9715
4843
2730
6355
6199
9083
496
11372
6043
3046
6009
5237
9929
14392
7360
2980
12233
7195
8137
11372
12822
10851
1759
10732
10080
12964
404
3036
1759
8137
14203
3909
1759
11785
6569
11785
6106
11283
11372
11782
12964
14203
1558
12679
12521
9715
10259
8565
12679
3909
7397
7161
5194
2730
6823
9784
6780
5165
3036
12673
12332
146
5639
9715
6823
13939
1759
9929
378
404
10221
11372
1759
11505
2730
12521
496
3036
10407
3869
7320
2730
13167
13167
12332
13187
13187
3046
5237
11372
14203
13596
10407
10080
7360
10670
4843
8137
1636
7241
7241
11372
3869
9784
12336
12292
9373
6569
11271
9567
5194
571
5165
146
10527
2730
12473
496
10732
5165
4843
11505
12735
9715
12602
146
9715
7195
571
5194
7195
588
1759
11505
12880
12006
6823
9373
7397
7367
11271
14744
13139
10976
12964
12964
6245
1759
5639
14203
8731
9715
7195
12233
6569
4843
7161
5194
7156
2944
1759
12602
10851
569
7320
9373
1759
571
13897
13139
12964
14192
6823
9715
13939
7367
7367
2730
7241
12521
9715
2730
13897
12679
496
496
7156
5501
1759
7156
9567
3046
11505
1636
6780
7367
7195
13290
7367
12473
7207
13939
7195
6509
4843
11505
5194
607
146
571
10407
12880
5165
12521
2980
7813
11271
7362
8066
7813
1759
14192
9821
1759
13941
9567
7367
11505
7122
6245
12735
8731
14800
1636
3909
1759
14005
7979
6823
5194
13939
12336
12006
1759
6080
7161
1759
378
5237
7813
1759
7367
5113
14203
10851
5113
7195
339
1636
14604
10944
14657
14057
5194
12521
13290
12964
7156
146
9715
6823
14203
5113
12679
10442
9061
4843
7320
8731
14744
146
613
8731
4843
7156
14057
10944
339
146
10944
12602
14128
4843
7362
1759
607
7316
10550
14057
613
13596
496
7156
6823
14203
7195
8647
10976
7362
12964
10851
10442
7156
12473
5113
10442
10407
6823
8636
6139
7122
14341
5113
9821
11283
12336
1636
1759
12822
10550
6780
11856
8925
47
11849
146
12602
146
9683
11849
6823
339
10944
2980
14744
1420
10976
5237
6823
12473
9089
14057
5500
4891
12679
5501
12964
14847
5237
9061
14847
1984
3798
5639
14744
7156
496
3798
14985
1420
6780
14057
9542
14163
12521
8636
3909
1180
1561
7207
14604
13596
146
699
7320
8647
1759
14057
1759
14744
2012
13939
6780
6823
14341
9061
14128
14367
8459
1420
14057
14244
11375
8459
11354
613
12602
4992
7979
7122
4394
339
699
6780
13596
10944
11856
8647
14847
11283
1984
13139
699
9683
10944
9545
8731
9089
8636
14127
12460
6080
1984
14127
12857
6334
9542
11849
5113
14744
5844
613
14057
4891
14341
5113
6780
7320
14341
11849
7383
699
13941
8789
14244
5844
11505
9542
4843
14657
9542
11354
3777
13941
339
4394
14985
14057
10409
1420
1984
14057
6380
688
8647
3919
12673
14985
6211
7979
12473
14744
10550
8377
9517
11505
12857
1420
1759
14244
14759
13139
12673
2258
9061
1649
11354
11849
14847
146
14604
1759
11283
5829
6780
4394
14244
4891
8636
1649
14604
14127
2910
14127
1984
13590
10737
11354
14800
12417
14985
12857
4394
1561
607
6334
14341
1420
12673
9061
12857
9545
10550
8789
9542
7320
13590
14127
14244
9545
10944
9542
10220
7979
8459
14657
5829
12673
9893
11354
6211
8544
3996
14367
8544
3777
14367
14127
1420
14127
8377
12460
10025
14341
8459
1759
9061
9181
1922
13139
12857
4938
12673
699
14244
4891
10409
14341
8636
1561
2910
10737
4938
12857
1984
14985
11283
1420
13941
14604
9061
11283
14604
1984
2910
1435
8377
699
11354
10220
9542
9517
11505
14985
13941
3003
14127
10944
1356
8544
10103
5844
9542
14847
8459
14127
5844
7320
1420
14341
14847
14391
10737
3919
9542
11049
9181
10737
14244
14341
14128
7320
8544
10103
6504
11744
10103
14128
8974
4714
1435
13357
13590
1435
1922
8377
12673
7207
12417
10025
13590
14268
10737
13702
3958
8789
11505
339
13171
11366
11354
1759
10103
4891
6744
11505
3584
14103
9859
12857
4938
1984
204
237
9517
14103
3996
13590
10103
8561
699
14391
3798
12417
14341
3958
8789
11735
1435
9181
3996
10737
10025
13096
1759
11744
1356
14127
204
1435
7606
11505
4714
3215
12042
13357
9171
420
12757
14391
1922
14604
14548
12757
3996
11505
1984
1984
204
699
4714
3215
5844
6744
11505
14759
7602
9893
10600
814
10737
10737
9893
14103
11049
160
11735
3003
14367
14127
10220
3584
9893
10220
8561
13702
4938
8561
1356
10025
11366
6997
1435
8974
13357
6380
9610
10737
14391
10601
204
10220
814
1922
1435
1406
11366
9171
8354
2012
14127
6380
9542
11735
3003
10737
1406
14391
13625
5533
14391
10025
10601
8377
9517
13590
8974
11744
10737
8561
10874
11704
160
5063
7606
9171
14391
10874
14391
3996
9859
11366
9517
10358
14103
1036
1036
14548
13839
420
3003
13588
13726
1435
12304
14548
7602
13726
5063
4245
10025
4245
9893
3003
204
4938
4938
7505
13357
7602
13588
14759
11968
11991
7602
14391
10010
13171
9893
9610
12915
8557
11366
237
3003
14391
5844
14391
9517
5844
13625
8974
9171
361
8354
11704
8144
12346
14558
3003
11912
14401
10737
14103
11505
204
14391
160
11179
13702
13051
11179
9610
13726
10737
14279
10025
12782
160
3003
160
9517
10710
12042
814
12757
6380
13726
14103
9964
8795
7310
2898
5148
3584
11912
7310
14391
14543
361
3638
5148
7602
11704
13171
361
6039
12915
11179
11912
9610
14548
13588
12346
237
8260
12304
361
10010
6324
3638
14548
11270
12757
12346
6039
14213
11087
14279
10710
7602
12782
14781
528
11711
10737
814
14781
8144
10737
13051
1036
12757
11993
9517
12809
12304
12915
7310
11968
5536
6324
11087
14558
3638
528
12915
11370
13726
361
7602
13051
12782
8260
859
13666
14889
11711
10055
14894
3638
12304
8557
14279
5536
10612
11968
11270
7067
10657
3584
12809
9610
7310
8260
14558
237
6324
9300
8228
5885
9300
14558
11711
5885
14401
2251
9709
11704
11968
11366
10710
11711
14401
5148
14401
237
237
12757
8795
14117
12304
14279
10737
8795
7602
8557
7067
10010
11912
12346
5148
14558
5536
12915
9172
11270
10612
14279
12782
13475
6039
13051
11993
13051
8509
14889
14781
13726
10737
10010
14117
12915
6947
9300
9172
758
5536
10710
2251
12782
11468
13171
14781
14279
7310
14401
14894
11179
5536
361
13475
9964
13475
14543
13051
12915
174
12435
10055
10903
8228
9597
11453
11370
14117
14781
5746
14279
8349
9709
13391
12654
8527
14117
10010
11968
9491
14279
6947
9286
10737
361
7602
14117
11270
13171
9172
1036
9300
11711
5533
9286
859
14894
10055
1036
14095
8557
13475
9474
12959
12809
10185
12915
5885
11453
1036
7310
11396
11968
7271
8228
1595
11270
10903
8260
11396
357
6526
13991
13730
8527
12350
9491
12435
6526
2251
11364
12915
14117
13082
9597
7310
1837
8228
5746
9474
14498
11711
9474
9286
14484
12435
5533
13391
14498
7179
8557
14117
174
1956
8349
13730
10185
10055
14954
11179
12435
1595
9172
5533
4038
14894
9300
5202
11270
9300
174
7310
13171
13991
6526
7271
6526
10185
8349
4038
10772
12435
12364
12809
12809
1595
13356
6211
12364
6211
11364
1837
8056
11179
7179
12435
9474
5533
12959
11453
8349
12446
12654
10055
12350
4841
10772
11468
13610
11396
1595
11396
11396
13475
1036
14894
10196
14954
7179
4038
11364
9474
1364
14498
4754
6211
5202
8527
12364
6211
7271
1364
14484
6526
1595
489
13356
10984
4758
10196
1356
4038
13556
12350
4038
14954
13956
3131
11364
1956
1595
12435
7862
9591
174
9474
6452
10196
13082
13356
11364
13356
2258
5196
13391
8101
8101
1956
2725
1356
12654
10984
13356
2725
10196
1595
11292
11364
10772
6452
6211
8527
13610
13475
10817
11106
3131
12446
1356
489
4758
13217
4038
1036
12435
8101
12364
5138
8101
11468
12809
13956
7546
14498
5202
7707
3192
1595
10874
4245
10772
12364
11406
4758
7546
7179
1356
13356
4038
14806
14806
14740
1364
7862
10874
7707
12809
983
9074
1356
10196
2258
2725
10131
10131
12159
13822
10848
489
14923
10817
9390
11406
13847
8544
10131
10466
5202
11863
9474
3192
5202
5141
11863
3131
1956
5196
13556
11533
3192
4245
14806
3972
3972
13956
11106
11406
5138
11468
7546
14923
7546
11863
10319
4841
6452
983
5196
10131
5138
983
11375
4245
10196
12015
6211
8101
13217
9074
10848
9166
12048
10984
9074
7179
13956
5138
14484
11468
2725
2258
8463
3958
12446
12446
13956
6744
14810
2258
8194
14806
5202
11863
5196
10466
13669
7814
5196
11423
2258
3972
6169
3612
13847
4227
12396
14923
14923
8857
11139
5202
12439
9166
3983
2614
1956
7082
10605
11533
11423
13509
8598
13509
1433
6744
13003
8857
3972
8857
14740
10882
8463
983
14686
983
5587
6744
7814
10605
645
14740
7198
9093
10319
3983
6744
12048
8101
10984
11977
11406
11423
8544
4384
9553
8544
10848
12439
7198
14513
8194
12439
13669
9166
2614
10605
7082
4611
10605
4227
13003
14598
3983
10848
11375
6744
4609
4384
14810
10882
11021
5202
3878
9166
12396
6744
13003
12015
10155
4227
912
1433
12048
9553
5202
645
8472
11069
7198
4227
8598
4227
11406
4227
3501
13411
9606
14598
635
12565
9606
3958
14806
14406
14749
14686
12565
5202
8463
11069
912
10044
8606
5584
4227
8544
13919
8059
6169
3501
10155
12048
8472
7198
13402
6504
4227
6744
5919
4227
14598
3958
11021
4106
9553
14686
4227
5919
7782
6313
10155
7819
8724
4227
9346
635
10269
8472
4384
11977
8606
6169
13342
14598
14806
2772
14598
8544
8724
9346
2772
757
10848
1364
5202
3501
4609
6313
3983
7782
5584
8724
14598
7782
13847
14598
10155
14513
1387
5265
645
4227
13411
8436
7174
645
8436
14686
14749
3878
8212
13279
6313
11977
11289
7782
4611
7360
6854
10269
7782
2719
13322
4611
912
184
13411
8970
2614
184
4227
8059
14724
10146
14724
978
8212
6854
10605
13342
8212
8212
635
5265
8970
14724
13235
14513
10155
5919
635
6998
3501
8724
4106
1387
9346
184
11289
520
8092
13322
3660
10269
4227
8092
10605
11363
10848
4227
3653
4227
184
8970
7782
12564
10742
14869
8436
5265
7819
2719
7099
5584
14774
13919
13342
14869
5537
4112
11363
9798
14749
10057
6998
6854
8092
5584
6251
1104
3653
2915
4112
8970
3653
8606
3660
10742
8970
3471
10269
9761
7782
8402
12039
3471
8724
6502
635
978
9608
12039
5688
2719
12420
8724
2772
8059
10269
13279
10552
5265
4753
10146
11289
13317
10552
993
6370
2719
8402
2719
197
4753
9608
9761
10146
10057
14774
2772
4753
11363
7974
3653
11571
8218
5688
4753
8402
11840
7782
3471
6998
581
9165
8970
1104
5265
9165
2719
14869
3501
7099
757
6502
4106
6569
5688
11363
10742
8606
2719
4753
197
14241
9761
12420
6251
3150
6998
4332
2915
11363
8606
4579
5909
8791
10217
6502
11289
8218
14749
3471
2524
197
10552
4544
8106
7974
5273
2524
10057
11571
14869
9798
12741
9608
1104
8106
4579
6998
9629
12420
4544
14869
8631
14774
13738
3501
6206
6370
9920
8791
2719
6153
11840
3166
9761
7945
11710
4579
12311
6206
2915
2438
4579
357
11517
6569
10172
9523
7974
3458
6370
5273
11289
4544
8901
9608
8218
13704
4770
3458
13704
1720
5384
3166
1160
6052
10643
7671
6569
1104
1104
7945
2772
8087
3458
8218
13317
11571
12420
11571
4544
13738
3166
5036
8606
7945
10263
8087
4544
4770
8218
13594
1759
4770
5273
1720
842
9523
8791
11571
9629
6206
4544
3150
11571
14241
5384
8106
11529
3471
11571
8736
13405
6635
13698
9856
7671
4579
1736
4544
12311
4686
2524
9629
1720
9856
13704
14727
13121
2524
9366
8736
3166
9761
7945
6112
12570
1720
5666
10168
823
13704
8901
6206
4686
6206
13738
1160
8087
14241
3201
4606
4544
11057
5036
11649
4731
4579
6153
11649
8736
6052
1160
14881
13405
3781
12714
1160
11888
13405
11529
13121
14784
3134
6635
5273
472
11529
4686
14645
4686
3166
13698
4876
1736
7945
9405
3201
13594
11710
9366
11710
14645
10581
11057
9366
9920
6206
13594
6635
8901
1941
11888
11571
6052
5010
1325
13950
4544
11856
14727
9405
4686
11057
189
11019
12753
10656
6112
12800
9856
472
11874
8835
13698
14645
12868
13594
5036
5311
2088
10168
12570
12753
14708
13950
3201
10168
8736
2920
4731
6112
10263
13405
8075
4686
324
823
3201
472
5023
14645
3062
9405
4312
3354
4596
6984
13375
1736
13121
6052
1941
3781
13382
3781
14762
2088
4312
12714
13382
12868
14762
5023
1463
10656
4511
13405
2088
2340
2571
1325
6635
13594
14731
12800
8984
11614
11614
14762
9366
6635
13551
953
14762
13681
12800
11019
4596
1941
14320
5311
189
1644
13405
2571
4731
10767
3134
337
12753
2920
11019
2088
3201
6988
13681
979
2167
4731
13229
14716
6153
2852
13950
10581
241
4312
9664
3354
14762
9664
1325
5023
14762
3134
7893
324
1463
7893
5311
4312
3201
14762
8984
3894
2571
324
13551
12570
5032
13375
1759
5010
14817
337
6988
8835
324
14762
5032
8364
10995
2571
3788
10814
7623
14320
9560
7531
12762
4565
11019
4511
2167
13681
10995
14762
11874
14716
6073
5023
5010
3354
14762
8364
14731
3354
241
14320
14817
3134
12247
2427
9664
10814
10173
12586
11019
10877
9834
324
14347
8835
12880
14762
14347
777
1463
6343
12461
3550
10877
7893
5023
1463
3165
5476
14105
2340
12753
14762
5311
1007
9834
6613
3062
1396
8075
2340
6197
14762
6613
8373
10357
995
592
3461
3032
14762
14762
3312
7531
10995
6418
14025
7507
2571
9551
592
7893
14762
12762
14726
1396
5023
10995
1563
8726
4309
12880
2571
10333
256
2433
10357
1941
14347
5685
12247
14347
14186
6880
3312
3577
10333
9560
6073
12412
6037
5023
9782
3681
3461
9560
5311
8984
14136
10333
3165
10368
12461
592
6132
8055
2698
6132
7507
14817
5685
3894
3550
1396
8055
2427
10814
7026
6197
6613
10173
6197
5311
256
995
6880
5476
14186
13551
12880
995
3312
3550
5625
3818
5313
1026
12586
5937
7623
3550
10357
777
3550
2433
14025
3312
12247
12412
6278
661
9652
1026
14346
2433
3590
6278
7914
1209
71
12243
777
4480
1527
2698
11203
6880
3312
11666
8893
7026
592
6613
247
5625
256
12770
4480
10995
12065
7914
1209
7158
8373
8363
10368
6357
12065
6613
1527
14186
5313
3165
906
9360
1209
10357
14136
8726
3590
247
995
5838
3312
10744
5937
6045
71
10173
9652
12770
13253
14330
71
6783
661
3394
7914
1026
5838
14438
12278
3577
14347
7158
13072
7751
6885
14330
11203
3550
1209
14346
10247
8055
13537
2794
6357
13307
4480
6885
6418
3590
5937
3818
1209
2794
3681
9652
9509
12539
4480
12243
12243
13307
2433
3529
6045
5625
13307
8272
7789
8893
3590
5838
14438
5937
12539
2794
10722
9652
1527
7571
247
12539
4826
5937
6885
14330
12731
6357
8592
10744
906
7842
3818
6885
12770
3469
6418
3590
13387
7218
1886
3529
8055
13072
1886
1026
7537
10368
13253
12072
14438
2433
5764
5764
13709
8881
11599
6045
3165
5937
5557
5937
6493
6476
1026
3590
5937
12072
10191
5557
12831
1527
13709
12412
6147
6885
71
8272
995
4826
71
7055
2101
995
12730
13654
2101
10744
10775
6357
12278
13709
4984
5758
3641
803
14922
5937
7578
11666
5758
7218
12278
6611
10669
12831
6335
4000
9509
3208
9509
6493
2433
2886
12731
6476
3682
7171
5752
3469
3208
9990
10775
1716
1832
3629
12065
12731
12412
13273
6793
1123
13273
11636
3629
11599
803
6611
4989
7578
8657
10247
13387
2862
7055
7842
6047
3374
3529
13682
9652
6418
4826
13537
6476
6436
3682
10775
5397
11599
1716
5033
3629
4703
12072
8406
1886
10247
8881
7537
8920
4979
10191
14438
3641
8406
4826
3004
13273
13709
7259
3682
7742
8406
5316
3208
3208
13682
8347
13454
4826
1438
2862
12072
3208
12731
7578
10722
4150
2886
4989
9990
3641
13537
8235
3717
8920
4061
12731
1886
856
6335
14195
11759
11138
8592
12730
11138
13682
7171
10191
14922
8622
3374
2862
4984
10775
4000
12173
1832
8622
5752
12412
1889
3641
9496
1784
8592
10669
3717
1123
10024
4144
4574
7578
3931
5764
4703
6793
1962
3004
1832
9878
9878
7259
10722
8238
6436
1886
14922
12173
5752
5557
6493
11138
11599
13454
5316
10024
4030
1501
803
8657
1020
5908
2895
8347
11678
4826
5557
12918
14742
3717
11599
8853
8508
5752
7895
4030
10541
13042
5867
8853
2895
11678
4061
1832
1717
4979
8284
5316
12412
1517
10191
13259
1962
10024
8257
4826
4826
1224
4574
8853
4382
6436
14998
8657
4382
14495
10948
13454
4979
6647
11542
14209
14684
14742
14195
11662
8117
11662
5898
6769
8657
4144
9496
10191
12918
1886
11662
2166
13587
2565
8149
6769
4979
11252
8853
9961
10641
3717
6647
5033
2817
12906
3931
10948
5752
3709
8149
8284
2224
9496
5033
3717
5752
2895
4560
13059
1962
8255
13259
14998
7895
9820
11138
5908
9214
10948
4
12173
10191
8238
3641
2166
13042
13259
2745
11252
4382
9961
4560
10641
6647
11542
8149
4061
7895
14495
5731
8257
4191
14209
10474
6769
8284
5752
5574
8255
5574
5169
12230
2224
7857
10541
3659
11542
5908
4053
10474
11249
3931
9096
804
10641
12906
3709
9820
5908
3717
8255
5622
6436
4
6149
7619
2166
10948
9961
11252
9961
4560
2166
10091
12230
1717
5857
8257
7619
5622
2224
14684
9496
12230
2632
9050
1200
8665
4560
3709
8117
9325
12301
5908
11249
8255
7857
7447
353
9336
10091
2745
6411
5569
11523
7895
2810
13259
2166
11862
5731
8255
10091
3659
14998
9496
1251
12230
11523
11542
804
2224
6647
2020
12230
3641
3164
5574
1132
6390
615
13424
7619
1132
5169
12906
5867
9685
12386
615
7101
13424
1251
4053
9325
3709
5181
10019
8623
13059
9096
14712
14195
13053
6647
13037
14495
11875
3709
10724
5181
5622
5574
2632
9336
4676
2625
2130
12467
2538
10724
2997
1348
4676
13888
14515
9801
5731
10522
1132
7871
11542
14515
8124
615
2997
5181
9325
3659
11862
12301
8623
2997
14998
14685
615
13888
615
7101
1952
14050
2130
6390
3164
9050
2810
2625
9336
13259
14035
14866
1200
14685
1348
12467
5569
7152
1564
14685
5622
1787
13259
14712
14416
7101
6149
7101
13223
5857
8654
14684
1211
2625
353
10522
8735
13037
7101
5181
13424
3858
12906
5181
5898
7152
11878
12898
3858
12628
7101
13888
7731
4676
2538
12898
13037
2130
1787
1086
8124
11862
9621
8872
10019
6411
5181
9273
13787
12906
1132
13630
12301
11164
9336
13259
7152
11421
8735
1211
7731
12796
11249
8735
12362
2482
2130
1200
1132
10724
4583
2024
2020
2997
12301
13259
14803
10774
12628
3858
10608
14803
11862
9155
4104
523
14416
6319
3164
8922
10774
13053
11192
5696
5898
14050
2625
6796
6647
14416
2997
8735
7014
293
6796
14684
4104
14050
4676
14376
12935
14685
14376
13605
1952
11164
9273
5181
3534
1952
13223
10019
8735
13598
11878
2024
11004
11862
12301
8735
12796
5676
7731
1211
8124
2471
1211
5718
1787
10608
13053
1182
13237
8872
7527
5898
4583
1787
2471
14564
13041
13888
3875
14176
12898
4768
1086
7731
7284
11365
6136
13787
10726
8922
12898
11421
7152
7601
523
11192
13037
3686
13223
1714
14803
5676
8124
11365
1714
12935
7731
2997
13223
1132
9273
436
13259
11365
11862
5676
990
13598
1564
8619
9155
12362
4104
7527
13041
10469
14918
4676
8124
6342
2334
1236
9213
4735
13888
7601
5787
9273
13598
10019
1132
3875
14309
1564
13888
4683
9654
7014
8839
12891
10726
4768
8654
4091
13605
1182
8619
10774
13237
6342
11365
2123
1117
11424
7601
12266
11862
5718
14176
10239
2334
990
13116
12266
12266
3739
1564
11329
10650
14564
8124
14050
1086
4764
6319
11859
14416
8008
11192
2123
8537
4683
8922
7273
14712
8243
4735
7014
9702
5569
14416
13605
2334
7646
11956
8619
5676
6136
5365
6342
13165
11963
8839
7601
990
4583
5188
11801
4583
6319
11963
4342
11985
11569
5676
7477
13696
13116
2123
13251
11956
4735
10469
9654
11801
2123
11329
8124
4342
7601
13241
13251
8619
11421
13259
7821
12266
3875
11424
12703
12571
2123
10239
1056
14712
436
436
2334
11985
10388
11625
11192
11365
12891
13787
1371
8243
6536
12950
7646
990
6420
10388
14366
990
7646
2123
9702
4091
10650
10239
10476
10239
1056
3875
8905
5569
13223
3465
5128
1117
8537
4777
2522
8905
2603
12891
8537
8922
5188
13480
8922
605
12950
8009
3465
9732
12079
2140
14918
9213
8537
2334
5626
5128
10443
12891
13386
5569
13501
4683
11872
13241
13223
12079
2226
2226
4073
7794
4091
11004
14334
7300
12571
14176
7477
963
13480
8009
7112
9240
7646
11329
4091
13251
4689
10476
4342
7874
3739
1056
10388
5866
7477
8438
14638
70
221
12891
11569
3465
2603
8537
436
10239
14176
10719
11801
11625
11963
3369
4764
7821
5308
13165
4433
7794
1371
6430
3739
6021
10239
6862
13241
4342
6749
12950
12992
5050
7112
1361
10271
4689
14528
2226
3786
7112
10388
14334
12571
5308
2871
8438
8905
8008
13241
5365
6749
2226
10476
7300
11872
2603
1793
11956
8905
11963
12008
11963
13900
9732
10002
7821
9240
209
10751
10083
12290
10443
5416
14528
605
11801
8009
7477
4073
12008
3970
11004
11801
7646
10083
5626
1835
6021
5569
4043
7112
12079
10476
6749
8772
8848
8438
6749
12290
8922
8772
8136
3491
7300
949
712
328
2140
14334
10751
6862
5050
7646
13108
2140
7821
9263
11956
2073
209
1371
7418
5364
6590
10719
11963
11464
8467
10823
555
4901
9263
13490
10388
3786
11625
11872
4901
4571
12253
12572
14150
4433
10312
10719
70
605
10476
7477
5521
949
7646
712
14540
14879
8009
2140
2603
712
7477
141
11625
2871
6590
12290
7242
2032
12147
7536
4198
8772
7536
209
10169
11872
11956
10823
3970
10312
7112
14714
7477
7646
1361
8708
209
8594
8427
4165
10823
8905
8051
7418
10751
134
2871
5594
13584
8427
6536
1916
6862
4043
14010
10751
2073
7019
7821
1762
13577
6087
5694
8772
5694
10239
13584
8467
712
10476
70
10177
11956
12253
5977
4165
10099
1793
13577
1762
3908
10714
6562
3908
13825
646
8772
7418
12550
14254
890
4470
2504
13584
7019
14540
5977
7821
5416
2539
13108
2504
10177
2073
14879
890
7949
8679
8926
6430
10823
14540
5694
9449
13184
11464
7879
9693
7536
5771
9934
13471
8427
2975
1222
1222
7147
7752
3792
7597
2941
6562
7679
5594
2871
7949
2073
12920
7475
12550
13471
11956
14323
4258
13584
14714
12550
7949
2137
8119
11767
14323
11435
14323
6565
8051
10783
4458
3464
5771
14254
4019
1222
13758
2216
14156
3908
5608
10099
8679
7216
8708
14788
637
5694
11464
5026
6274
134
2871
4198
6583
14540
12920
6356
13349
14879
8009
12178
6789
2871
14879
14937
9934
13584
12178
8136
4019
14879
13349
7743
4258
13471
12572
1762
8330
14149
3862
11464
13471
14848
7418
8389
14540
12017
6430
7242
8040
4458
7752
7879
8772
5416
3575
8296
2073
3862
9693
8427
13349
555
1762
3908
6697
3075
13191
13758
13825
2073
6222
10783
5608
7882
7019
13184
12920
2504
7019
3464
9693
637
6722
9113
10392
10392
14848
8330
9501
13471
7743
13109
8330
12685
6214
11172
6222
11119
14540
13825
12920
11172
10099
8296
7882
11464
7042
8708
3506
13349
6583
3862
7597
6762
1762
13495
11767
14714
6448
12948
5865
6762
14782
10438
10099
4198
13825
1987
2068
9693
8890
8890
13471
6214
12432
14848
6356
12685
7879
9113
3464
7503
5594
3464
13776
9444
5594
5026
12147
12178
13685
12685
134
6583
13109
8119
972
9259
12689
4105
8708
12840
13471
10392
12685
972
6697
12937
4973
9444
14788
646
12689
14154
637
1762
4604
12689
2871
10629
6722
8330
3506
12937
2068
12550
7249
8826
12840
3956
13471
13776
12920
11767
5865
1762
10607
12178
9500
13471
12948
6049
7204
4105
7960
3956
8824
5597
12685
9500
11172
9579
14493
8330
13184
11119
14154
8408
12685
4082
6214
13109
4604
895
134
3506
12936
6448
1657
13750
9507
12685
1751
4973
5026
14363
13776
12685
10479
9463
13471
3956
6274
4101
13109
12685
12692
6117
7249
3140
6214
972
8198
3575
134
4597
3583
12051
13583
12178
7960
4273
7249
2068
11767
3080
7231
6117
402
10
10607
14250
13750
9501
10138
8330
4506
7204
7503
10607
12948
11254
8198
9463
12685
8824
3862
14976
11411
6583
10479
7430
13471
6049
4597
4425
13845
3199
11408
14149
14976
13109
3583
10345
7231
7752
1656
9936
3506
9634
7503
10607
14430
5597
13750
14976
13572
972
14154
3845
8138
7231
10
7882
11411
5932
5597
3845
10846
5270
1987
13750
11767
4597
7296
4973
14782
7204
1227
5380
4597
7879
4101
637
8198
1871
13462
6577
14342
7297
1944
7231
13572
2068
14250
13156
12051
9457
14787
9185
10345
9463
5597
895
2331
9936
3845
8232
10402
12017
7204
6214
11411
8577
9876
5380
656
4101
4427
11411
3005
9501
14154
402
12401
12936
4425
8589
7231
4105
12936
4597
3583
8747
4101
2630
5597
13750
5865
11411
14787
12178
1227
14787
14787
5597
8634
5865
7296
13109
11851
4427
3621
8577
6583
12432
14178
11813
5270
11411
4273
9969
4597
656
14178
13109
7204
7474
7298
6202
6970
3583
1820
9056
14768
7430
12401
6779
3005
8577
971
8634
12936
10402
8577
12401
2630
6944
8634
11654
14768
6583
7298
9148
14342
11254
14342
3437
11851
2028
971
12530
8198
1987
1851
8198
4273
5597
6970
897
5270
9148
1635
14787
11654
9876
10
897
2302
13572
162
4427
12047
14178
9457
3005
4426
9969
4427
7960
11924
3005
10
14250
6723
4572
2607
2853
10
8198
11851
7298
9531
5380
5270
13757
13163
6202
13420
6723
6944
1871
14987
12178
3174
6970
12844
8198
15
12268
13109
6285
13667
2607
11924
1871
12780
9148
10555
14626
3174
13163
2853
13757
12268
9891
2331
11813
6285
3174
9148
14430
9876
1851
10189
3174
12432
4427
9938
12530
13163
6202
7474
13667
3198
4966
11813
11200
10555
8198
2607
6285
3376
5068
12530
8198
6117
4966
12068
11815
15
13757
6779
11282
3376
12248
1944
10189
8550
12573
11701
5762
5453
13796
8320
6941
6555
15
6678
11200
8959
12817
13452
11815
10889
4353
7446
9994
12844
6941
12068
6401
11331
6779
7446
971
897
9531
4151
454
12068
2853
1459
11701
4755
14987
11992
4353
9531
5453
2607
5629
10189
6779
11851
12184
9938
3198
4966
1427
7476
8959
12844
6202
4966
12184
3174
13314
6779
11924
6678
7449
4448
9455
8198
6779
4353
6129
2853
6612
5629
7565
5629
4151
3198
4151
13796
6678
11992
13452
12573
10842
7157
11282
13805
11976
2331
4966
7445
6678
2331
10889
4966
7474
897
11815
11973
7714
3376
6678
15
4151
9938
4151
8550
8152
10889
2994
6129
7446
4353
3627
9636
11060
11920
3376
7041
13314
13544
6129
7449
8375
8959
11815
12269
10887
561
10887
10842
7446
12844
6129
454
9938
897
14028
13492
1427
13314
11920
5762
8375
6555
2994
8152
14302
6215
6129
13452
14466
11282
13544
6612
12471
11701
9636
11973
13314
12573
11976
13314
4586
3627
5762
4353
7714
12844
6129
9938
12174
6129
6612
5058
13492
6129
10132
5437
7449
8375
8375
4586
12849
10096
14028
14357
6307
5437
1329
6612
12067
14826
3487
13859
12573
11976
8301
8152
12903
897
13859
4391
9917
1427
10959
12471
7714
6215
11973
561
100
11060
13492
6129
12903
4910
10092
3513
14116
1534
14028
4304
14878
8152
10096
6129
8002
6129
10721
8301
8114
6330
6076
10037
2638
7278
8575
8375
14512
3320
417
10096
11060
3513
11608
10132
3803
12471
8804
6330
12471
9143
10773
8683
14815
7288
7368
417
6612
10092
9143
6634
14878
1878
2638
14512
8940
3652
779
8804
14251
3513
4642
6634
7028
14116
11608
9917
10773
6402
13492
7812
7382
5437
1878
5366
14302
8804
253
5235
3513
7368
14512
25
8940
4618
2830
1534
14878
6612
9917
2638
6330
3803
13028
779
7278
9015
3392
3817
14326
4618
11757
4442
6402
9015
14815
6402
1534
13515
11616
10687
8940
1878
14693
7828
10096
10096
11987
13515
4304
6475
4378
11608
13708
10773
8804
3652
9143
6715
10687
13515
3817
7812
7824
427
13708
2048
11616
5956
308
9917
779
7288
14878
4692
14116
3803
4618
13530
9643
9143
14826
5773
959
14116
11757
10687
11623
4618
14826
11658
13951
4618
12502
4442
4692
6417
4378
1534
6402
11210
14326
7812
9195
11616
9643
11757
10884
14732
6402
9195
4304
12502
14693
7923
4378
12080
7382
5773
3803
6918
3817
11273
3267
13028
14757
4442
7662
1534
14225
7824
13107
11470
4618
6382
9643
11470
6318
11623
1939
7828
13824
3803
9015
5872
13530
12442
11616
4378
11210
9649
14225
13530
11623
11623
4771
2635
6318
7662
12080
11078
9987
4771
11658
9827
10884
4618
2072
308
1446
14225
10780
7923
13824
5465
6382
14732
7382
4378
2635
4771
14988
9332
9643
11470
9195
7824
12771
2635
14757
9195
1534
11234
13530
11470
25
3267
6977
9649
4378
1446
1001
11623
11135
6417
13824
11078
11658
7923
10780
14699
14757
11273
4618
3267
13824
7444
4280
7662
11273
12010
1534
1534
4280
7923
3267
11791
3398
13824
3267
9827
13456
10780
13530
13007
7970
7662
2072
14757
3384
4771
6417
3267
11091
1947
12874
12634
10003
4618
5358
11470
6977
4147
12464
3398
1001
1001
14966
9225
1669
4147
2072
14225
13526
3916
5358
1939
10780
7923
13456
3916
1669
13979
1534
7662
9827
13586
5358
11135
1939
8312
9827
6700
590
9649
1939
7923
12874
1001
10780
14362
1253
11078
11979
9827
1833
1939
3267
1253
5358
14362
14757
1534
9568
1300
4147
9562
3805
7453
9649
6977
6977
4618
3916
13988
1300
3916
13586
7269
2072
1300
5358
13347
1955
3267
1669
10638
1939
1300
11791
13456
11705
14362
8877
13347
12010
11791
12001
12001
5869
13979
1833
13347
5482
4147
7109
11078
4785
10455
5869
900
6732
13347
13988
9827
13979
13007
11091
11135
8312
1300
7109
7105
14706
13347
5358
10455
9568
7444
7942
5407
13456
8434
1300
2945
9742
11705
3275
13347
10638
7942
8434
12010
6943
11005
7444
3632
3632
12459
4785
7539
1955
6943
11791
3267
6732
5869
9742
7105
13526
5482
5407
8434
3267
5482
11791
5358
8434
14966
5869
11135
11005
3396
14706
4918
8946
5407
11791
8434
4785
4918
4918
11091
2945
12001
6732
8434
5407
5358
4547
10638
12001
3396
9742
4918
10152
9568
8434
10152
3364
13320
9692
3275
3275
7020
5292
12459
900
14521
12459
13263
11791
7942
13263
10638
10638
2144
14521
4547
2945
5292
10285
7942
8434
11068
5254
11791
11005
9692
8434
12046
12046
13487
11705
9097
11659
11068
12046
12001
12046
13320
12212
14966
2945
4547
3521
5407
12046
12046
3521
2387
3521
13540
12212
11204
13487
58
7539
5292
5292
11659
2312
11005
11068
9568
11631
3275
5254
13481
9205
11068
11005
4918
7942
7942
3521
11791
6842
12001
10418
13320
58
3364
6710
12212
10250
14521
14660
12001
8521
3521
5292
5647
8869
3364
5750
14911
7910
12001
13487
9225
10638
2387
689
11659
11951
10927
12073
11631
14814
14660
6842
292
689
14660
8521
9097
13540
13481
2387
3521
11068
6571
4582
9205
2832
10398
9097
7539
8521
5750
12001
6732
292
10398
14814
14660
9225
4582
10927
8489
5647
7950
13364
994
11204
10446
11951
8489
11659
5647
13364
689
6710
9097
11005
12297
6571
13364
4582
292
10602
4451
7910
11951
14911
12297
8869
3521
13364
12477
10418
8521
4451
10250
13364
14911
10398
13364
9097
7205
14417
13692
6571
10398
11207
5647
10819
9097
13485
12297
11951
2832
13481
446
8014
6732
3337
4451
14417
7826
12297
3515
8489
7721
13436
10819
6710
4451
994
13186
14621
292
4451
292
4582
9225
1852
6571
10446
10647
292
4451
9097
292
3337
1852
10819
13485
564
11207
10819
3521
7826
3048
7826
446
7205
13692
11207
1151
2964
10398
10446
12349
1866
2860
13720
13436
4167
10647
564
10393
4167
3048
4582
8770
3360
4807
2860
2248
1866
2964
2248
12626
9170
8770
7721
1866
13436
3360
6710
14621
2103
8263
13186
7950
2860
7000
5924
8770
2626
3287
7929
8770
8770
14621
1866
2964
12626
12054
11324
7929
12054
12415
1151
8775
12349
10116
11177
12415
10116
1866
2860
7929
4210
8770
8263
10949
4202
4542
1866
4210
5499
7210
2754
7929
446
9170
2626
1708
12054
7929
10566
4210
447
2860
1839
7698
8775
10661
7929
5875
11076
12054
10661
11324
10949
9639
4819
9639
1708
12349
4209
1839
1839
5499
1205
4542
5499
12349
12415
2568
10949
1828
2773
11177
13710
11787
14465
7760
5208
10566
10949
14465
12054
12063
5208
4209
13465
5875
5094
10837
1969
8085
10425
3937
14272
5499
2822
3450
3937
1752
846
11462
13841
3218
8217
10949
14272
12559
2061
3450
1752
1754
846
2773
14272
9170
12922
12063
12890
11462
8410
10837
2904
4741
4832
4209
12063
14272
12890
14272
1969
12063
3218
13841
12251
10729
3450
14570
14272
3218
5094
2061
14272
14570
4065
4884
12251
10729
4884
1077
1077
3753
3218
12559
3611
12890
12559
12922
2822
11693
2061
14570
7985
5059
10695
4741
14570
10756
1077
5315
7909
12890
5598
10695
11766
4364
4980
11227
8217
12559
13553
4980
9825
9741
12890
5598
7909
7473
5986
1038
5059
11264
1038
10073
6694
5059
4065
13841
10756
8992
4741
3582
7985
1038
12192
5986
7909
11227
11227
10695
5059
13836
13432
9741
8992
9741
7473
6618
13836
6618
9825
12192
10298
7315
10695
10298
11149
7985
12997
4364
1038
11766
11149
7985
12997
3235
12192
10073
4156
12291
12997
9825
10695
6846
6618
3582
1198
12291
8140
7956
12192
376
12960
3676
11543
6846
3676
14077
12189
7315
7520
376
7580
7580
2262
12291
11149
11149
12887
3582
11149
7520
13553
10298
12997
14077
13553
8140
4156
7520
3235
13132
13553
8813
13929
12291
4364
12960
376
13687
7956
10298
12887
3130
11395
12887
13132
8813
3130
14874
8710
11381
10174
14077
4362
12590
2262
14077
11395
13929
8710
1145
7580
8044
5055
6698
10174
13929
12778
12590
11381
10174
13132
7762
13040
2899
10124
14077
11754
6698
2247
10174
13687
3130
8710
12668
12668
14132
9829
5055
5055
5612
8461
3212
3130
7478
10124
9911
9829
2247
14132
11111
13321
5390
12314
10124
12314
5055
1145
13122
6698
11111
13321
11111
9911
12725
11754
11291
12668
14789
13929
1145
12026
12725
7885
8461
5612
3212
8461
3240
5390
10430
2045
14874
3130
11740
7952
11381
7762
11740
9295
9829
67
13740
5305
7952
12504
11111
12504
7952
2045
3240
9021
7762
11381
2247
7952
9730
13040
14132
9295
11689
12725
880
5305
9730
10430
11291
7952
2815
2762
13040
11689
12026
9730
10430
67
10430
14789
14789
13147
12668
786
7885
12504
11740
9592
7952
11689
9730
880
12725
9730
2829
13843
7952
880
2762
12504
12919
3240
880
786
3240
9333
7952
9760
2815
9333
13843
7888
13843
13040
12725
6227
14933
8303
880
13740
2829
13843
12026
14132
9295
11789
8774
12919
10380
11277
7762
7804
8774
13147
5212
13843
12919
12919
9960
11789
9333
8303
12668
5212
11628
2829
3441
3240
9960
8388
9592
11689
8388
14766
8303
14905
9295
12919
5212
7885
13843
11789
11789
5212
9108
91
4659
3470
8303
13846
6426
7804
10876
8774
10876
3240
8774
11601
12919
5212
5212
9333
5493
2239
11789
8817
1624
14720
4311
11277
14766
2670
1688
10445
11789
11628
11601
8817
11789
11314
1688
14905
6981
7888
8811
7489
3441
3548
5212
11601
4039
5198
5198
12919
12919
11314
10281
11789
3548
1688
14950
14193
11628
4311
14720
7917
11628
8811
8642
8240
12919
9108
10445
12629
6981
10281
1688
14950
11277
1624
14950
11326
10281
6113
5493
12919
14720
11601
11601
8811
11789
10445
7888
14950
5198
4659
11789
9108
8239
14193
10281
14933
5493
14950
2670
8817
6050
12919
12919
12629
5493
13857
11326
14319
8240
2984
10281
8240
11819
7098
1624
14949
13591
2670
8642
1624
2434
8811
8642
11628
11628
6113
8642
6113
13368
12919
7098
2434
7066
5575
10281
7098
14113
11601
1475
14950
14933
3470
14113
2670
7917
9290
1624
1475
9269
13857
13368
12044
12629
14950
10428
14950
12270
11628
2670
10281
7489
14950
10428
8240
11819
7066
12919
1624
7151
14319
10448
12327
14113
6050
13368
8239
1624
13857
14469
14056
14949
14319
3452
2434
6212
7098
13368
9624
6050
14950
2434
12044
2413
5727
12327
7247
12629
7151
14056
9290
5736
12610
4963
13461
4963
1971
14950
2984
6050
13857
14469
14469
7151
14950
7066
8387
12270
7888
11819
13591
10428
2413
12044
4069
5575
7180
13351
8069
12610
13368
7151
13591
10428
6212
1971
14950
6435
8069
12610
14469
14950
12487
301
14056
2081
5736
14469
14950
12815
10428
10428
12629
14469
5575
14950
13461
6435
6212
9590
2374
13461
14056
5727
3452
9269
8556
8387
12327
8556
8556
9957
8556
14469
4963
14056
10448
7213
12610
3452
5665
12487
12629
10448
7166
3452
2468
6624
7917
7180
2081
7213
2374
5665
301
258
13351
9315
2591
14469
11621
4963
7835
7835
5575
12327
7180
14266
13351
12610
14469
7180
9624
6435
13385
3452
6435
7180
3992
13464
12370
7180
2591
13204
6624
9957
7213
11208
2081
13204
14266
14613
14950
1475
9957
2081
5665
9957
12678
10634
258
13379
2081
10448
13192
14469
13379
7213
2081
11621
2081
7180
6435
11208
1475
9957
12629
5200
2081
6435
7835
7180
12815
13385
7213
9590
13379
9957
2468
13379
7213
14469
413
6435
11208
2081
5657
7180
14517
9315
5665
4767
12487
11868
5665
4963
11868
11208
12370
12687
5200
2081
6435
12370
14517
6995
9315
14613
7166
5657
12713
6995
14517
468
9957
11621
7835
13379
258
12775
2468
12687
14517
9957
13192
9957
13385
6624
10634
5818
7180
7917
11868
12133
11090
5665
9957
5665
11208
5200
12775
13385
13385
468
6435
6435
11868
10761
9793
13385
12687
6724
5200
11887
9590
12687
9793
9957
12265
12133
11887
12687
11090
6435
7787
6018
9563
9001
13385
12133
468
12678
11887
9563
8641
468
4963
13379
11868
9957
468
12678
9957
5665
12133
5818
12265
11868
11868
9701
12133
9395
12687
12370
9395
13379
5200
7245
9793
7787
13385
6724
11887
4767
6435
468
13385
11868
468
710
9957
11868
9957
34
9793
11887
9701
12687
5200
5325
10461
9563
468
13716
13779
12076
11868
13385
12370
13716
11037
468
14118
9701
13385
12133
11868
10461
3502
11868
13716
13716
6724
9563
13543
14237
11868
34
13984
11037
468
13779
10461
11037
12265
9701
13716
4767
14237
12265
34
468
5325
5325
3502
8383
11215
710
468
9233
6752
11215
6724
9701
3633
6724
11037
5325
13716
8641
13716
13779
9233
9590
13984
34
468
11215
6724
11037
10461
13779
11868
13543
7245
6807
13326
6807
13371
6752
11037
12265
13779
13779
11868
9701
13716
9001
9001
8383
933
9233
12734
13153
10361
12597
11215
7138
11868
468
13247
9001
13153
9001
13326
11037
13984
9487
7713
14353
6724
13779
6724
11037
9487
12597
14353
4338
13247
933
2854
7713
10361
9001
14314
3710
12597
13716
8383
11037
6752
8338
9001
14353
7138
7245
7713
13543
12347
14353
13247
9233
7713
6752
13153
13247
12597
2108
14353
11037
3009
933
13153
9233
10361
2108
4338
14310
7713
10167
10493
933
14353
6807
13247
8338
933
12597
13326
12347
7713
9233
5154
13247
7245
3009
4371
6807
3274
14353
10361
933
10167
13247
933
10087
8338
12597
13083
3710
12597
2108
4338
8545
933
7245
5154
7421
7437
2108
397
8338
8338
14353
13083
12597
10087
6807
5546
3274
7713
13713
13247
10167
9983
10947
13713
10167
10493
13354
9072
6821
11500
13354
8545
13083
4496
933
397
4371
10947
9518
8545
6807
9983
11500
13713
9983
13083
9518
397
13713
2643
3274
13354
10947
11489
2643
9983
7713
14846
13354
4432
5546
11500
5154
13354
397
4624
5154
13354
13713
14273
7437
4624
6821
3274
7947
3694
7437
13354
10947
8545
1118
10916
5189
11489
9983
2643
3694
11500
9983
13354
12792
13664
4496
12792
5546
14273
14846
13354
3701
10916
4432
3701
5189
14846
7361
4624
14023
4496
14273
4505
11143
2643
13778
10288
5189
13664
3694
7361
4624
3701
7998
7947
14846
4632
4505
6543
11143
13354
14846
8278
14846
4624
4632
3701
7947
375
4033
375
12718
11930
7998
12718
13778
8660
8660
11437
14239
7998
11143
8278
10288
12792
12792
13354
11930
8278
5189
11930
13525
7649
11143
7998
4624
14239
12718
10288
4505
6543
8660
9716
11437
2718
6543
14239
11930
7649
13525
11143
7827
12718
7827
6464
8282
11437
7649
4033
13525
12718
8282
8660
11437
8278
14099
8282
7827
4505
2718
11437
2718
12718
2718
7827
6543
8282
2718
14442
9716
7649
390
8660
7649
13239
6464
6393
390
390
9716
7827
6393
13525
14442
7649
7827
4033
8282
13525
8292
13239
13525
390
6516
7827
13525
4033
14442
13525
390
9716
8292
13525
13525
7081
13239
8282
6393
3119
10117
8282
8292
6516
10206
13239
3119
7081
10117
8282
140
7081
6516
6516
10117
10117
10206
3119
13657
13657
140
3119
140
13657
140
140
3119
3119
3119
3119
140
140
14628
14181
11630
14383
14383
2091
14688
14383
14383
10798
14383
3097
3097
11039
8425
6483
11039
