6
6
19
6
4
6
6
24
6
24
4
95
39
6
61
626
29
337
475
24
626
38
38
61
73
351
201
106
475
198
32
32
358
37
44
201
83
38
39
90
73
446
626
44
36
59
47
136
37
28
30
95
216
378
83
18
372
218
358
201
381
626
59
14
169
37
76
144
378
50
110
233
406
626
17
198
358
30
59
81
197
150
290
203
378
233
358
201
372
93
14
239
320
204
204
34
473
203
181
169
378
82
152
109
44
463
160
216
109
61
14
198
37
207
239
160
203
473
180
64
218
298
44
93
388
126
39
165
165
217
93
181
41
578
201
50
76
203
57
626
243
57
109
144
201
371
202
241
298
136
41
243
198
204
243
231
309
233
160
82
203
144
453
207
83
181
41
243
241
57
171
165
171
39
473
233
231
239
188
313
152
76
171
164
37
243
626
505
473
18
201
578
110
473
388
378
93
198
202
578
201
41
181
204
446
34
202
218
57
388
626
381
165
203
406
216
217
81
136
95
292
204
186
286
143
453
290
95
378
523
231
204
119
259
64
674
41
298
239
674
243
83
243
506
166
76
216
453
324
267
204
165
160
269
358
506
37
674
207
98
674
93
143
473
83
266
138
603
269
110
188
378
290
578
473
165
674
453
202
164
164
216
165
473
505
324
436
203
186
286
589
292
578
202
266
76
475
186
64
202
298
309
217
388
286
166
136
201
267
201
176
203
186
218
388
267
98
95
388
618
160
165
567
506
34
243
326
176
388
332
190
453
24
381
684
674
446
217
603
218
684
269
589
181
176
436
166
523
349
453
626
436
202
203
589
44
186
358
198
259
603
473
558
41
506
110
169
378
453
267
523
806
127
405
473
405
618
514
301
460
381
463
383
578
181
481
473
388
453
390
436
589
83
95
165
570
61
674
436
186
388
165
432
222
165
626
64
127
684
528
806
198
603
457
589
166
309
436
301
436
204
528
728
169
436
684
523
618
405
349
138
95
523
164
755
436
193
438
806
165
181
677
567
432
110
785
286
290
677
436
164
453
578
578
634
506
457
460
473
453
578
562
463
167
465
806
453
785
324
640
12485
222
618
436
475
465
204
388
436
202
481
167
618
110
618
684
12485
169
431
12485
463
533
614
667
806
198
385
856
324
634
640
514
587
324
473
634
465
186
724
181
445
436
438
514
457
618
677
441
301
432
677
76
618
110
83
618
201
528
785
453
301
388
533
632
400
436
193
703
286
204
181
542
204
618
728
445
441
753
290
400
618
656
181
683
555
587
785
558
12485
300
511
204
683
405
669
220
811
634
405
677
405
390
436
385
397
634
220
563
676
445
806
578
390
510
431
780
596
385
780
667
587
656
300
755
760
600
528
424
760
607
438
587
677
604
525
640
607
608
669
780
649
754
381
640
608
324
677
514
740
677
607
596
381
626
324
785
510
514
397
12485
856
743
753
639
525
165
687
638
651
656
676
702
632
598
640
463
669
667
381
724
596
725
464
607
760
656
642
694
690
510
881
649
683
607
780
754
677
687
694
811
811
506
604
806
632
676
677
639
607
740
463
424
683
667
639
822
765
690
667
463
724
642
677
736
702
506
752
849
598
687
677
463
703
736
525
856
784
639
785
676
747
639
734
642
806
638
739
739
719
464
506
604
464
632
725
740
727
728
463
822
604
464
539
757
703
736
795
608
381
734
758
727
743
719
705
746
747
800
806
784
740
687
811
875
464
464
604
758
499
725
740
549
849
638
822
822
705
499
881
889
506
836
849
849
806
758
875
849
765
806
800
929
746
784
785
854
728
822
757
950
889
795
793
881
795
793
948
858
836
800
928
874
849
846
871
806
866
757
929
849
865
811
933
871
858
705
854
818
819
948
819
822
866
916
719
889
725
928
930
952
800
916
889
866
719
836
795
806
768
852
929
1043
889
952
953
846
929
950
889
793
768
852
800
871
871
933
943
889
1033
943
943
866
863
874
865
922
888
913
874
889
863
957
950
874
948
933
846
1033
822
913
881
1043
928
928
889
927
929
888
957
937
1000
819
938
866
1033
896
871
1012
846
865
995
866
1000
943
971
937
896
889
1014
863
952
892
1000
930
950
930
916
1043
919
930
950
922
933
965
865
795
927
928
929
953
919
938
852
846
888
995
937
938
1033
971
888
922
943
863
965
957
916
1043
943
950
1007
952
1101
929
950
1002
866
1069
922
957
1065
957
1002
971
965
965
1007
943
1012
995
971
933
1012
1012
1014
1070
938
978
1043
1007
938
1034
992
1041
943
930
987
933
919
971
929
922
1012
1101
965
866
1082
965
971
1069
1069
1002
1164
1043
1078
1033
1007
1078
929
987
1101
957
1070
1033
1041
992
1041
919
1069
1085
866
957
919
919
1012
1135
1164
1062
892
1012
1057
1070
1033
1034
1034
971
1085
938
957
1075
1041
1034
1085
1136
892
1082
938
971
992
1055
1041
938
1134
1078
1055
1101
987
1062
1059
1082
1062
1082
1071
1034
1158
1071
1134
1164
1069
1070
1055
1134
1075
1041
1075
1125
919
1078
1125
1158
988
1082
1034
1057
1085
1125
1088
1205
1059
1153
1091
1161
988
1085
1070
1126
1075
1078
1153
1062
1205
1091
1085
1071
1157
1055
1041
1055
1062
992
1075
1070
992
1075
1075
1187
1161
1057
1091
1075
1057
1134
1180
1236
1125
1078
1085
988
1193
1191
1145
1134
1134
1134
1214
1136
1137
1078
1202
1219
1145
1093
1091
1093
1093
1202
1187
1205
1190
1191
1153
1219
1136
1159
1156
1190
1157
1205
1159
1216
1224
1214
1141
1236
1172
1208
1096
1153
988
1228
1205
1118
1230
1172
1126
1293
1224
1228
1126
1180
1230
1136
1145
1230
1137
1159
1202
1211
1272
1191
1141
1192
1193
1208
1193
1191
1210
1172
1153
1093
1263
1236
1190
1224
1137
1272
1230
1205
1230
1118
1093
1255
1256
1272
1272
1216
1260
1216
1219
1220
1227
1159
1220
1224
1266
1220
1227
1280
1280
1230
1313
1274
1211
1272
1235
1293
1246
1265
1263
1219
1274
1210
1192
1276
1265
1275
1247
1211
1339
1325
1323
1211
1255
1293
1233
1256
1255
1275
1325
1274
1275
1275
1263
1266
1265
1242
1275
1224
1339
1210
1220
1276
1192
1353
1275
1276
1220
1211
1211
1280
1260
1227
1325
1210
1284
1192
1266
1255
1323
1325
1382
1382
1313
1336
1325
1284
1297
1233
1280
1353
1320
1366
1359
1247
1323
1390
1401
1280
1275
1367
1235
1301
1352
1390
1297
1331
1322
1377
1320
1317
1321
1227
1297
1336
1325
1220
1320
1321
1382
1325
1235
1377
1361
1359
1316
1301
1316
1301
1367
1284
1390
1393
1334
1284
1390
1382
1449
1382
1317
1352
1377
1417
1353
1331
1316
1352
1382
1361
1368
1393
1366
1461
1316
1364
1275
1353
1377
1390
1322
1301
1322
1361
1371
1488
1316
1301
1377
1424
1301
1452
1377
1382
1284
1541
1366
1393
1316
1473
1424
1511
1473
1352
1393
1301
1326
1471
1321
1460
1449
1449
1461
1449
1366
1326
1442
1541
1471
1364
1541
1316
1393
1480
1390
1424
1553
1452
1553
1403
1511
1424
1593
1515
1464
1363
1371
1473
1515
1593
1461
1466
1466
1460
1452
1461
1394
1394
1471
1471
1394
1363
1547
1475
1424
1475
1371
1473
1515
1480
1522
1524
1541
1424
1541
1442
1553
1471
1547
1458
1524
1593
1461
1541
1461
1555
1488
1466
1553
1475
1363
1471
1471
1473
1464
1515
1403
1544
1458
1452
1424
1431
1541
1458
1480
1553
1522
1471
1466
1488
1593
1584
1541
1544
1480
1513
1458
1475
1544
1471
1555
1555
1488
1510
1555
1471
1513
1626
1602
1510
1636
1475
1593
1524
1510
1477
1626
1593
1475
1602
1544
1602
1623
1639
1431
1639
1475
1480
1600
1600
1582
1589
1613
1513
1639
1589
1612
1553
1532
1544
1555
1602
1623
1513
1532
1544
1477
1544
1623
1600
1602
1614
1610
1513
1553
1466
1593
1466
1544
1577
1510
1639
1495
1610
1623
1589
1612
1589
1555
1589
1570
1570
1582
1570
1545
1584
1639
1589
1585
1577
1647
1510
1681
1749
1613
1554
1584
1614
1544
1554
1589
1513
1545
1639
1612
1759
1614
1577
1623
1662
1749
1759
1614
1589
1545
1532
1602
1606
1544
1614
1649
1577
1656
1613
1636
1602
1610
1749
1686
1785
1623
1636
1681
1545
1623
1646
1649
1662
1656
1612
1617
1786
1747
1495
1614
1613
1680
1606
1729
1545
1786
1759
1749
1649
1759
1747
1645
1713
1841
1647
1656
1681
1749
1786
1747
1686
1655
1671
1617
1617
1655
1747
1665
1719
1656
1841
1645
1704
1656
1786
1680
1646
1665
1713
1680
1671
1680
1749
1656
1749
1686
1719
1655
1645
1554
1786
1786
1649
1646
1747
1785
1729
1719
1656
1847
1747
1720
1841
1646
1681
1704
1656
1704
1649
1785
1699
1768
1824
1768
1847
1655
1749
1646
1713
1749
1617
1747
1871
1952
1871
1820
1720
1759
1656
1786
1749
1747
1686
1646
1785
1943
1823
1868
1655
1720
1781
1713
1824
1786
1671
1695
1817
1697
1847
1868
1762
1747
1646
1747
1768
1824
1786
1695
1832
1781
1823
1868
1817
1820
1699
1759
1871
1646
1878
1888
1813
1841
1806
1697
1922
1832
1820
1824
1806
1806
1824
1856
1749
1871
1768
1824
1952
1884
1813
1868
1884
1856
1922
1868
1762
1813
1888
1832
1759
1699
1762
1922
1781
1841
1954
1848
1943
1823
1868
1825
1813
1922
1836
1832
1817
1856
1829
1952
1824
1871
1813
1824
1922
1817
1942
1825
2036
2032
1781
2032
1823
1825
1813
1827
1699
1827
1832
2035
1824
1943
1836
1820
1848
1813
1971
1922
1806
1954
1864
1832
1825
1922
1871
1935
1963
1888
1878
1820
1922
1817
1813
1856
1856
1759
1935
2039
2032
1884
2032
1954
1844
2036
1884
1844
1942
1888
1856
1871
1954
2087
1884
1824
1856
1825
2036
1878
1806
2041
2079
1813
2042
1991
1888
1922
2039
2079
1871
2035
1820
1829
1935
2041
1991
2060
1827
2039
1888
2054
2039
1872
2039
1985
2035
1954
2032
1971
1825
2087
1968
1942
1963
2035
1980
1829
1864
1980
1985
1827
1922
1980
1829
2042
1971
1864
2039
1910
2032
1942
2036
1963
1991
1935
2060
1872
2054
1963
2087
1954
2079
2087
2101
2087
2036
2088
1969
2039
2035
1954
2087
2060
2054
2087
2054
2079
2074
2054
1856
2087
2032
1968
1980
1982
1985
2035
1978
2076
1980
2164
2033
2175
1969
1968
1980
1864
1977
2251
2032
1982
2191
2039
1942
2169
2074
2042
2054
2169
2001
2164
2101
2060
2060
2054
2152
2074
2099
1963
1977
1982
2124
2001
1942
1978
1980
2124
1968
2154
2175
2164
1969
2154
2088
2101
2060
2191
2251
2054
2087
2039
2043
1942
2191
2223
1978
1969
2043
2001
2234
2054
2152
2164
2076
2166
2158
2001
2251
2191
2204
2087
2143
2124
2054
2158
2191
1978
2152
2124
2234
2164
2054
2175
2204
2223
2074
1948
2251
2076
2169
2154
1982
2054
2107
2191
1963
2099
2191
1948
2234
2251
2154
1977
2074
2099
2001
2088
2282
1963
2204
2143
2082
2234
2248
2171
2166
2074
2101
2154
2054
2234
2101
2082
2152
2244
2088
2223
2204
2158
2166
2043
2191
1978
2204
2164
2152
2323
2216
2076
2054
1977
2175
2204
1948
1969
2154
2204
2175
2169
2265
2154
2244
1948
2289
2143
2234
2043
2128
2099
2166
2001
2223
2234
2248
1948
2143
2265
2169
2164
2325
2191
2328
2216
2251
2184
2082
2204
2325
2244
2261
2169
2166
2265
2287
2152
2328
2371
2272
2160
2160
2223
2223
2289
2282
2171
2371
2261
2289
2169
2204
2171
2325
2298
2204
2300
1969
1948
2184
2171
2325
2371
2082
2298
2210
2311
2256
2325
2261
2328
2248
2337
2160
2323
2302
2250
2375
2337
2248
2325
2171
2265
2261
2296
2275
2275
2175
2223
2248
2314
2165
2272
2216
2311
2270
2275
2216
2275
2375
2184
2272
2289
2291
2325
2184
2371
2325
2210
2165
2328
2244
2400
2300
2171
2474
2250
2346
2298
2272
2371
2337
2378
2275
2474
2378
2296
2325
2261
2248
2282
2323
2328
2270
2456
2443
2314
2314
2346
2510
2325
2300
2298
2171
2389
2371
2261
2165
2310
2210
2171
2281
2510
2400
2510
2310
2275
2281
2165
2261
2378
2328
2210
2282
2325
2443
2275
2314
2291
2346
2275
2270
2291
2302
2310
2272
2474
2510
2456
2443
2457
2300
2250
2457
2443
2287
2378
2325
2524
2474
2493
2427
2272
2418
2481
2302
2476
2510
2165
2510
2461
2430
2281
2314
2456
2341
2474
2325
2389
2454
2324
2310
2504
2427
2389
2441
2420
2430
2454
2461
2270
2430
2341
2474
2427
2524
2298
2473
2457
2457
2368
2454
2454
2420
2324
2430
2420
2489
2524
2443
2430
2454
2404
2516
2314
2473
2510
2493
2492
2368
2404
2404
2461
2457
2590
2427
2461
2493
2341
2489
2457
2456
2512
2427
2516
2324
2504
2531
2457
2492
2573
2281
2492
2418
2582
2353
2489
2504
2456
2493
2418
2504
2512
2482
2420
2368
2482
2454
2532
2508
2603
2682
2647
2542
2420
2590
2531
2525
2504
2551
2582
2539
2457
2603
2542
2481
2603
2532
2458
2489
2524
2471
2457
2404
2353
2418
2647
2512
2605
2458
2525
2582
2531
2682
2489
2451
2457
2532
2527
2601
2748
2457
2451
2353
2582
2631
2509
2531
2532
2546
2496
2629
2603
2512
2532
2546
2638
2527
2551
2527
2469
2460
2460
2638
2525
2571
2746
2603
2555
2571
2458
2748
2578
2471
2682
2555
2451
2682
2695
2596
2601
2735
2458
2648
2746
2596
2539
2669
2746
2601
2596
2638
2806
2596
2597
2645
2629
2527
2546
2626
2645
2746
2571
2512
2669
2605
2525
2692
2469
2551
2746
2551
2625
2451
2603
2555
2525
2596
2563
2614
2597
2626
2525
2596
2660
2619
2578
2551
2489
2645
2539
2451
2578
2638
2748
2746
2638
2625
2555
2741
2625
2736
2533
2469
2451
2636
2744
2637
2551
2648
2669
2637
2735
2736
2563
2629
2660
2748
2638
2601
2741
2619
2866
2629
2695
2527
2636
2744
2585
2798
2741
2746
2806
2921
2669
2669
2637
2597
2696
2735
2597
2741
2555
2533
2782
2700
2700
2736
2798
2718
2921
2692
2601
2788
2806
2648
2619
2625
2744
2563
2614
2626
2806
2626
2744
2624
2660
2650
2736
2761
2718
2625
2637
2701
2614
2624
2629
2645
2701
2696
2727
2748
2870
2866
2782
2870
2680
2782
2768
2701
2701
2696
2585
2780
2626
2736
2759
2866
2921
2838
2870
2784
2744
2636
2947
2718
2718
2788
2660
2814
2759
2859
2563
2736
2798
2700
2645
2761
2814
2695
2799
2887
2945
2887
2768
2945
2780
2696
2750
2614
2718
2680
2824
2870
2947
2650
3068
2772
2799
2660
2718
2921
2763
2866
2761
2887
2814
2761
2759
2839
2744
2836
2701
2870
2901
2780
2859
2840
2798
2945
2808
2777
2763
2793
3068
2927
2736
2859
2696
2816
2824
2793
2793
2921
2731
2947
2799
2901
2772
2727
2784
2814
2731
2759
2840
2855
2921
2945
2769
2660
2839
3068
3023
3068
2799
2840
2947
3094
2855
3094
2696
2750
2840
2763
2901
2798
2718
2812
2840
2839
2798
2978
2824
3059
2780
3059
2822
2816
2945
2902
2777
2836
2855
2793
2731
2927
3094
2977
2991
2859
2750
2880
2977
2793
3068
2808
2901
3068
2855
2839
3059
2991
2799
2932
2793
3094
2824
2784
2927
2909
2731
3068
2950
2816
2880
2727
2845
3032
2977
2814
2977
2840
2824
2784
2957
2759
2727
2855
2822
2750
3059
2822
2927
2822
2950
2919
2839
3023
2919
2902
2840
3023
3059
2855
2879
2978
2957
2971
3059
2901
2839
2914
2981
2973
2894
3094
2845
2824
3023
2814
2932
2816
3059
2808
2919
2977
2824
2957
2855
2808
2993
2927
2978
2977
3059
2824
2927
3068
2977
2880
2909
3023
3141
2993
2914
2981
2981
2895
2977
2824
2906
3061
2936
2926
3068
2978
3004
2973
3094
2879
3141
3059
2777
3046
3059
2926
2895
2927
2894
2919
3059
3094
3032
3032
2906
2969
2957
2919
2879
2991
3019
3004
2824
2971
3158
3064
3091
2879
2932
2971
2993
2919
2977
3059
2923
2957
2914
2926
2927
3141
2926
2969
3141
2880
3066
2906
2906
2879
3071
2956
3116
3091
2919
2981
2936
2977
3171
2999
3129
2956
3117
2971
2914
2932
3019
3141
2923
2936
2950
3080
3019
2895
3116
2906
3052
2880
3141
3073
3171
3066
3079
2993
2971
2906
2932
3141
2981
3129
3116
2895
2973
2936
3000
3066
3052
3079
3011
3141
3011
3052
2993
2971
3046
2971
3102
3049
3171
3061
2997
2923
3080
3000
3020
3064
2997
3067
3129
3367
3007
3154
3049
2936
3011
3027
3141
2936
3052
3052
3026
3171
3067
3027
3011
3102
3141
3198
3046
3198
3073
3141
3079
3217
3104
3272
3081
3049
3217
3073
3158
3038
3210
3064
3066
3113
3071
2956
3045
3158
3117
2956
3049
3141
3007
3171
3116
3027
3210
3000
3033
3067
3171
3082
3071
3154
3104
3066
3154
3104
3067
3217
3172
3272
3272
3102
3049
3112
3217
2956
3257
3038
3089
3193
3169
3082
3000
3066
3038
3020
2956
3007
3305
3131
3217
3079
3171
3210
3154
3171
3027
3122
3158
3214
3026
3049
3011
3033
3152
3045
3007
3217
3257
3199
3199
3224
3165
3171
3104
3210
3211
3257
3272
3081
3240
3113
3146
3152
3202
3187
3089
3217
3238
3087
3131
3197
3240
3180
3367
3218
3112
3169
3272
3087
3257
3272
3259
3198
3187
3076
3234
3276
3210
3267
3234
3231
3197
3152
3273
3234
3165
3218
3202
3089
3214
3162
3180
3172
3172
3273
3113
3313
3367
3276
3234
3214
3224
3305
3165
3276
3371
3273
3313
3087
3169
3187
3122
3305
3273
3165
3169
3146
3259
3160
3273
3122
3218
3218
3172
3113
3199
3313
3122
3218
3276
3382
3344
3372
3122
3197
3371
3113
3293
3350
3312
3313
3087
3162
3197
3337
3371
3461
3165
3360
3275
3312
3382
3414
3306
3234
3273
3392
3180
3344
3267
3312
3187
3231
3187
3234
3262
3276
3306
3260
3276
3163
3197
3199
3296
3417
3180
3199
3218
3653
3231
3394
3328
3346
3301
3180
3392
3394
3382
3433
3394
3163
3305
3122
3328
3371
3275
3371
3199
3369
3545
3461
3460
3461
3360
3493
3199
3197
3392
3344
3163
3399
3275
3426
3392
3337
3417
3392
3345
3197
3265
3382
3398
3294
3265
3296
3603
3414
3337
3294
3265
3461
3408
3197
3399
3250
3262
3255
3398
3371
3416
3420
3416
3453
3301
3345
3493
3382
3262
3676
3417
3199
3392
3324
3429
3460
3453
3337
3539
3277
3260
3461
3346
3523
3676
3460
3394
3426
3369
3337
3453
3461
3392
3275
3360
3436
3415
3255
3394
3453
3255
3460
3388
3416
3346
3436
3495
3319
3453
3697
3250
3475
3277
3255
3275
3420
3545
3417
3369
3417
3523
3461
3461
3394
3545
3523
3399
3603
3523
3453
3408
3676
3277
3328
3294
3676
3255
3388
3415
3697
3265
3460
3612
3630
3337
3453
3429
3605
3438
3324
3415
3250
3493
3325
3461
3486
3523
3436
3429
3436
3436
3498
3265
3612
3697
3545
3676
3255
3277
3435
3617
3294
3294
3453
3408
3539
3415
3612
3429
3255
3460
3605
3605
3475
3435
3495
3446
3650
3697
3562
3523
3583
3362
3630
3612
3446
3531
3436
3429
3461
3408
3676
3523
3653
3471
3475
3603
3523
3565
3436
3879
3453
3635
3498
3446
3429
3415
3325
3699
3653
3562
3623
3697
3565
3325
3562
3603
3426
3617
3605
3923
3680
3495
3475
3486
3486
3605
3923
3750
3419
3635
3805
3680
3419
3426
3475
3531
3419
3531
3727
3471
3362
3699
3511
3554
3475
3603
3388
3597
3645
3498
3567
3438
3538
3446
3645
3531
3435
3592
3554
3665
3446
3531
3446
3426
3429
3635
3787
3787
3446
3597
3750
3805
3531
3650
3680
3583
3501
3817
3531
3475
3697
3426
3583
3583
3623
3547
3653
3501
3562
3495
3501
3471
3665
3680
3923
3805
3435
3577
3565
3750
3784
3523
3591
3699
3750
3426
3750
3567
3623
3426
3565
3635
3362
3727
3699
3538
3923
3634
3643
3597
3635
3879
3727
3538
3784
3562
3623
3648
3583
3577
3511
3648
3680
3547
3554
3696
3817
3583
3446
3591
3419
3817
3650
3635
3787
3531
3591
3750
3725
3650
3923
3805
3501
3623
3531
3653
3648
3446
3665
3784
3725
3531
3554
3623
3696
3787
3593
3554
3805
3643
3601
3879
3695
3759
3577
3597
3577
3531
3715
3680
3879
3643
3926
3715
3583
3593
3648
3597
3592
3842
3695
3623
3842
3648
3923
3699
3577
3538
3554
3888
3591
3816
3538
3696
3650
3634
3665
3696
3787
3501
3501
3732
3923
3759
12494
3715
3623
3985
3888
3592
3981
3926
3695
3725
3714
3879
3554
3601
3643
3842
3752
3714
3888
3784
3732
3842
3743
3926
3714
3766
3591
3743
12494
3868
4083
3976
3634
3766
3714
3601
3725
3593
3839
3976
3888
3725
3648
3634
3547
3696
3883
3839
3714
3750
3601
3842
3811
3759
3643
3772
3715
3591
3931
3501
3591
3985
3752
3811
3672
4223
3811
4064
3791
3752
3634
3888
3593
3648
3842
3672
3672
3732
3868
3985
4063
3752
3829
3931
3913
12494
3829
3931
3839
3732
3696
3725
3888
3891
3696
3852
3981
12494
3591
3816
3772
3913
3839
3839
3883
4063
3648
3913
4223
3766
4223
3811
4023
3794
3985
4083
3725
3888
3797
3752
3601
3601
3794
3766
3926
3888
3891
3791
4223
12494
3705
3888
3926
3868
3746
3714
3847
3868
4223
3766
3882
3913
3811
3883
4063
3658
3959
4064
3591
3714
3913
4023
12494
3803
3816
3891
3852
3752
4290
3895
3926
3769
3705
3852
3746
4077
4223
3791
4223
3794
3913
3772
3883
3937
3961
3839
3769
3672
4023
4077
4077
3714
12487
3883
3752
3882
3959
4082
3959
3888
3847
3882
3816
3752
4063
3847
3658
3931
3752
3746
12494
4091
4013
4063
4082
3648
3794
3883
4123
3850
3797
3895
3895
4290
4063
12491
3882
3959
3794
3852
4077
4106
3794
12499
3959
3868
4077
4223
4106
12494
3658
3810
3931
3803
3672
3937
3907
4159
4159
3658
3797
4023
12487
3794
4123
4159
4082
12494
4023
12499
4123
4082
4165
4023
12494
4166
4054
3928
3895
3961
3769
3959
4023
3937
3992
3941
3791
4040
3895
3926
4082
3658
3941
3959
12487
3951
3794
3866
4106
3752
3912
3803
3959
4055
4253
4169
3947
3941
4223
4082
3852
4116
3992
3937
4181
3907
3907
3895
4023
4169
4290
4029
4116
4040
3852
12494
3907
4209
4091
12493
3866
12491
3951
12496
3797
3907
3992
4082
12491
4123
3987
3769
3937
4048
4253
4290
4324
3992
3987
4106
3810
4003
4082
4038
4400
4040
3961
4013
4023
4029
4169
4055
3850
3947
4169
3810
3866
4082
4212
3912
12493
4055
4177
4209
4324
4166
12496
3947
4038
4082
3947
4054
4054
4209
12496
4166
4236
4154
3992
4325
4082
4151
3941
4029
3992
4212
4181
4209
4040
4121
4013
12496
4055
3810
3907
3907
4123
4181
4253
4177
4082
12487
4055
3912
12491
3992
4003
4082
3941
12496
4165
4177
4209
3928
4038
4181
4209
4236
4029
4429
4013
3907
4125
4116
3947
12491
4181
4029
4181
12491
4151
4207
12496
12493
4212
4040
4165
4161
3951
3907
4400
4324
4029
3907
3912
4209
4082
4290
3992
3947
4116
4290
3810
4236
4116
4040
4040
12496
4181
3947
3907
4209
3907
4259
4173
4013
12493
4325
4236
4040
4121
4166
4121
4222
4222
4261
4361
4262
4029
4013
4096
4096
4261
4048
4324
4103
4209
4243
4003
4259
4262
12496
4328
4166
4029
4361
4121
4313
4361
4229
4181
4096
4429
4290
4170
4173
4400
4118
4236
4181
4151
12491
4356
4261
3947
4356
4262
4209
4261
4151
4365
3810
4125
4290
4048
4384
4384
4328
12490
4366
4170
4173
4040
4272
12490
4201
4493
4493
4351
4161
4209
4170
4261
4417
4207
4209
4236
4165
4276
4356
4173
4226
12490
4125
4223
4181
4366
4236
4116
12490
4173
4013
4201
4306
4118
4261
4251
4154
4311
4365
12487
4356
4313
4116
4226
4207
4173
4417
4181
4361
4227
4290
4201
4351
4306
4328
4366
4311
4558
4229
4272
4251
4236
4207
4596
4356
4424
4424
4118
4558
4751
4229
4116
4290
4116
4425
4272
4596
4356
4328
4276
4118
4364
4365
4229
4592
4207
4173
4173
4305
4425
4116
4261
4262
12487
4118
4360
4534
4226
4493
4290
4366
4207
4272
4328
4328
4272
4384
4226
4739
4543
4201
4116
4507
4226
4425
4291
4290
4125
4406
4356
4328
4592
4243
4125
4360
4627
4356
4361
4627
4291
4356
4354
4417
4096
4328
4290
4406
4207
4424
4276
4360
4313
4436
4291
4272
4445
4290
4328
4328
4243
4406
4357
4520
4406
4599
4328
4360
4354
4361
4262
4291
4436
4354
4360
4313
4384
4629
4305
4503
4384
4356
4596
4384
4558
4435
4445
4321
4520
4356
4356
4472
4417
4503
4472
4436
4243
4592
4373
4538
4373
4558
4558
4435
4357
4360
4454
4243
4321
4565
4294
4291
4565
4565
4351
4276
4739
4503
4454
4425
4566
4577
4360
4454
4472
4321
4538
4599
4751
4577
4243
4507
4565
4487
4565
4520
4626
4583
4445
4592
4488
4565
4558
4565
4552
4356
4520
4543
4549
4543
4364
4294
4771
4488
4558
4424
4599
4454
4356
4454
4592
4552
4435
4454
4592
4487
4565
4558
4538
4364
4751
4538
4243
4558
4507
4454
4529
4436
4454
4687
4417
4626
4487
4291
4687
4627
4577
4583
4552
4436
4552
4488
4566
4558
4527
4357
4663
4599
4670
4357
4294
4488
4552
4687
4702
4702
4294
4663
4828
4698
4577
4583
4294
4552
4543
4602
4364
4663
4566
4558
4243
4611
4558
4687
4538
4715
4558
4823
4364
4592
4626
4626
4698
4698
4520
4626
4685
4445
4583
4592
4583
4520
4552
4771
4828
4577
4685
4552
4826
4611
4558
4720
4670
4566
4720
4670
4845
4527
4698
4294
4436
4520
4558
4445
4549
4417
4757
4436
4499
4733
4771
4558
4558
4445
4845
4715
4670
4552
4357
4702
4602
4670
4552
4715
4751
4364
4583
4558
4715
4751
4733
4760
4529
4692
4760
4771
4873
4549
4552
4243
4611
4566
4788
4417
4670
4685
4626
4828
4499
4611
4745
4720
4687
4911
4513
4499
4758
4364
4294
4698
4845
4698
4549
4626
4757
4698
4294
4733
4611
4626
4873
4687
4845
4685
4873
4838
4757
4745
4810
4745
4583
4751
4549
4558
4611
4711
4771
4558
4527
4829
4558
4715
4845
4839
4692
4670
4788
4733
4760
4771
4670
4698
4685
4838
4626
4802
4711
4685
4294
5055
4527
4583
4788
4795
4687
4611
4762
4873
4897
4826
4737
4549
4757
4795
4838
4802
4823
4611
4957
4698
4529
4514
4492
4693
4845
4911
5055
4882
4692
4685
4823
4919
4823
4829
4507
4873
4692
4611
4626
4729
4514
4873
4896
4873
4729
4549
4947
4549
4513
4838
4760
4745
4919
4896
4989
4797
4957
4873
4685
4729
4919
4514
4693
4771
5053
4757
5059
4957
4839
4591
4829
4896
4729
4931
4826
4745
4896
4934
5127
4693
4687
4507
4788
4957
4911
4583
4919
4591
4737
4745
4685
5053
4729
4692
4771
5055
4771
4611
4977
4919
4819
4897
4817
4947
4869
4931
4825
4957
4692
4897
4873
4966
4771
4957
4957
4745
5021
4988
4679
4792
4931
4685
4819
4911
4919
5053
4797
4771
5053
4492
5017
4989
4988
5127
5042
4919
4896
4911
4745
4795
5055
4846
4819
4869
4957
4892
4862
5042
5021
4911
5021
4966
5021
5136
5059
4873
4839
4882
5039
4947
4850
4817
5081
4792
4819
5006
4850
5021
5081
4823
5157
4966
5199
5039
5081
4737
5017
4842
4845
4839
4880
5053
4931
4549
4591
5127
4819
4839
4977
4919
4846
5021
5017
5822
4514
5078
5808
5712
5712
4896
4957
4977
4931
4591
5089
5712
4990
5142
5021
5157
5053
6055
6012
4869
6055
5822
5334
5055
5053
6055
5059
5021
5334
6055
4966
6055
5095
5199
6055
5021
6055
5081
6012
4989
5450
5450
4892
6055
5053
4737
5042
5141
4911
5365
5136
4817
6012
4859
4977
5314
5231
6172
6055
5450
4892
4989
4974
5081
4892
4911
5231
5450
6055
5006
5188
5095
5141
5029
5053
5639
5822
5053
5639
6012
4762
5491
6078
5127
5159
4994
5053
4882
4850
5059
6055
4850
5078
5081
5199
6078
5837
5151
4911
5053
6012
5255
5001
5042
5059
6172
6012
5087
4989
6055
5081
5314
6012
5141
5336
5822
5029
6172
4819
5453
5729
5518
5053
6172
5184
6137
5159
4859
5053
6172
5334
5017
5453
5647
5021
5150
5095
5658
5769
5136
4990
4842
5369
5074
5029
5334
5340
4989
5255
5188
5017
5001
4974
6137
5089
6137
4880
4989
6078
4859
6172
5442
5136
5491
5006
5199
4839
5017
5095
5087
5548
5548
5334
5658
5334
5837
5334
5260
5340
5504
6172
5340
5340
5184
5136
5142
5837
6078
5640
5344
5334
5053
5390
5436
5157
5136
4974
5837
5006
6172
5095
5260
6172
5053
4989
5585
5340
4859
5340
5634
5548
5151
4993
5641
4994
5641
5260
5142
4888
5641
5159
5074
6137
5334
5142
4819
5170
5340
5729
5390
5170
5087
5188
5005
6078
6137
5658
5262
5087
5141
6137
5151
5136
5518
4989
5095
5340
5334
4888
5334
4891
5647
6078
5355
5641
5005
5336
5491
5548
5340
5151
5712
6078
5314
4993
5436
5170
5647
6172
5157
5518
5260
5334
5406
5751
4859
5334
5314
5053
5647
5442
5491
4871
6239
5751
5170
5336
5137
5005
6172
5782
5141
5412
4888
5005
5334
4992
5334
5262
5157
5340
5151
4888
4992
5712
5634
5759
5430
5336
5159
5336
5548
5567
5712
5164
5151
5759
5344
5413
6078
5170
6239
5017
6078
5436
5233
5647
5390
5436
6231
6239
5005
5436
5334
5164
6078
4992
5005
5344
5189
5384
5542
5442
5567
5565
4888
5565
6078
5029
5430
5751
5233
5769
5334
5430
5390
5476
5523
5334
5137
5518
5334
5406
6072
5479
5822
5552
5565
6098
5334
5757
5757
5641
5210
5548
5822
5542
5189
5485
5270
5384
4849
6098
6078
5476
5336
5641
5842
5109
5751
5504
5822
5934
4849
5552
5978
5751
6078
5552
5390
5625
4849
5170
5526
5617
5069
5585
5307
5711
5711
5069
4955
5413
6078
5621
5384
5801
5934
5959
5641
5622
5518
5136
5959
5307
5634
5634
5751
4888
5157
5280
5518
5683
5334
5622
6098
5151
5430
6231
5934
5485
5777
5307
5334
5978
6231
5025
5822
5412
5934
5526
5801
5210
5854
5334
5582
6172
5622
5622
6172
5548
5622
5751
5777
5769
4956
4955
5436
4992
6078
5548
5301
5686
5959
5766
5137
5634
5618
4849
5641
5336
5436
6072
4888
5585
5137
5485
5801
5164
5582
5069
5934
5801
6098
5978
5959
5307
5170
6231
5769
5641
5365
5523
5777
5548
5952
5801
5258
5141
5839
6008
5226
5226
5622
6231
5608
5504
5025
5723
4992
6078
5818
5566
5588
6231
5839
5934
5430
5934
5436
5934
5585
5777
5258
5384
5622
5757
6072
5622
6231
5963
5556
5189
5334
5959
5414
4849
5801
5801
5963
6098
5556
5910
5566
5618
5625
5406
5769
5618
5030
4992
5258
5406
5596
5801
5766
5777
6024
5430
5952
5934
4955
6231
4955
5952
5258
4992
5214
6024
5622
5621
5934
5801
6012
6072
6108
5436
5801
6395
6072
5762
5216
4849
5822
5164
6027
5934
5608
5406
6072
4992
5777
5715
4849
5412
6008
4992
6010
5216
5548
5414
5719
5617
5365
5582
6010
5621
5622
5384
5214
5634
4955
5164
5777
5934
6078
5622
6072
5485
5622
5030
5762
5523
5585
5934
5280
6395
5801
6072
5622
6008
5978
5504
5622
6027
6027
5226
5608
5258
6155
5344
5622
6178
5622
5952
4955
5548
5608
4955
5617
5608
6178
5978
5368
5934
5585
5189
5309
5608
5214
5622
6010
5617
5986
5270
5270
5526
5621
5216
5280
5762
5596
6148
5622
5139
6178
5801
5622
5719
5164
5934
5783
5622
5565
4955
5368
6099
6010
5998
6178
5934
5309
6178
5811
5934
5368
5565
6097
6097
6072
5803
5234
6445
4992
5412
6178
5634
6009
5234
5617
6137
6216
5788
5622
6288
6214
5839
5214
5788
6072
5934
5766
5582
6288
6178
5839
6306
5783
5711
5798
5861
6402
5548
5582
6115
5216
5973
6025
6024
6178
5052
6025
5566
6075
5309
6072
5234
4955
6216
5625
6216
6268
6178
5811
6137
5811
5952
5818
5801
5169
6075
6024
6178
6072
5861
5625
6216
5744
5552
5414
5783
5401
5552
5723
6072
6147
5430
5798
5934
5139
5934
6252
5923
5861
6178
5280
6330
4979
6395
5582
6097
5234
5954
6451
5839
5963
5374
5711
4907
5998
5767
6051
6115
5711
6425
6222
5920
6160
6097
5818
6002
5744
5818
5401
5401
5910
5861
5744
5818
5052
5818
5910
5801
5634
4992
5685
5052
5214
5214
6222
6424
6402
6137
5952
6178
6330
6094
6224
6200
5049
5700
5524
6072
6027
5783
5700
5861
5139
5574
6025
6148
6285
5139
5915
5214
6138
5934
6115
5368
5719
5052
6009
5958
5565
5998
5234
5818
6200
6097
6263
5368
6097
6178
6402
5977
6178
6009
5856
5818
5920
5847
5998
6285
5963
5861
5574
5954
5962
6267
5280
5783
4907
5856
6160
6147
6097
6097
6178
6218
4979
5524
5767
5711
5910
6199
5744
6263
6288
5861
5685
6285
5856
6424
5773
6218
5280
6200
6306
6267
6002
6027
6027
4907
5700
6051
6267
5049
5952
6512
6229
6229
6056
5700
5744
6268
5346
6137
5818
5861
5719
6199
6178
5566
6027
6009
6124
5923
6178
6137
5545
5818
6056
6451
5368
6424
6224
6021
5998
5818
6075
6285
5915
5139
6156
6285
5856
6200
5973
5856
5524
5346
6027
5818
6199
4907
5879
6097
6398
6199
5962
6229
5944
6222
6306
5854
6002
6025
5847
5856
6137
5983
5856
5425
6120
6285
5856
6199
5285
6147
6323
5309
6178
5944
6199
5998
6051
6330
6267
6056
6051
5973
5783
6229
6021
6097
6306
6330
5185
6410
5838
6285
5513
6579
6097
6355
6021
5767
6314
5545
6056
6267
6284
5944
5368
6284
6263
6242
5513
5139
5856
6600
5973
5185
6097
6303
6412
6229
6030
6306
6147
6285
6030
6267
5139
6002
6600
5838
6268
6355
5435
5838
6116
6306
6002
6124
6199
6267
5185
5973
6196
6075
6199
6229
5933
5185
6051
6021
6424
6030
6434
5673
6263
5673
5944
5944
6640
5809
6051
6075
6569
6074
6267
6282
6306
6355
5847
6097
6466
6291
6512
6242
5783
6218
6282
6285
6218
6198
6287
6160
6569
6229
6268
6242
6224
6074
6074
6097
6387
6148
6051
6002
6314
6421
6035
6035
6640
6420
6021
6248
5685
6138
6374
6267
6279
6368
6200
6002
6051
6640
6116
6285
6242
6002
6285
6074
6097
6667
6476
6285
6412
6184
6333
6476
6222
6248
6097
6565
6505
6074
5973
6051
6021
6364
6196
5923
6198
6218
6387
6421
6284
6418
6314
5847
6002
6267
6466
6398
6198
6267
6606
6156
6030
6421
5343
6368
6719
6303
6385
6291
6631
5343
6430
5933
6267
6200
6398
6505
5809
6387
6420
6719
6606
6229
5809
6345
6268
6420
6482
5809
6565
6314
6224
6385
6333
6074
6075
6385
6360
6663
6364
6287
6425
6500
6568
6366
6815
6368
5185
5942
6474
6606
6306
6198
6299
6667
6345
6218
6522
6476
6285
6586
6355
6565
6218
5673
6640
6299
6196
6586
6430
6314
6420
6202
6113
6586
6569
6705
6565
6631
6198
6599
6385
6420
6398
6724
6224
6640
6385
6589
6711
6423
6631
6074
6522
6285
6837
6418
5185
6364
6346
6455
6599
6705
6500
6559
6284
6462
6366
6579
6364
6345
6398
6314
6113
6355
6568
6476
5888
5783
6476
6482
6002
6705
6456
6631
5942
6690
6399
6500
6364
6299
6364
6423
6815
6425
6640
6430
6425
6387
6667
6202
6413
6500
6570
6589
6565
6385
6430
6606
6360
6500
6113
6456
5809
6856
6364
6113
6883
6198
6602
6565
6088
6505
6716
6366
6268
6474
6606
6818
5809
6565
6631
6284
6679
6476
6385
6661
6268
6196
6364
6705
6711
6579
6456
6631
6196
6425
6385
6287
6346
6455
6398
6522
6667
6500
6581
6555
6562
6385
6663
5847
6705
6581
6456
6586
6602
6862
6460
6602
6815
6088
6522
6706
6822
6218
6599
6883
6659
6374
6562
6364
6642
6565
6413
6716
6355
6088
6659
6462
6663
6606
6364
6856
6228
6837
6677
6198
6724
6063
6474
6837
6209
6581
6385
6642
6387
6522
6554
6822
6631
6663
6364
6818
6602
6513
6702
6659
6665
6548
6448
6482
6842
6705
6690
6559
6196
6606
6586
6562
6652
6880
6818
6706
6659
6425
6815
6883
6862
6659
6209
6642
6478
6478
6940
6575
6703
6842
6906
6663
6855
6709
6702
6495
6531
6489
6659
6522
6113
7031
6455
6705
6818
6656
6577
6631
6730
6364
6715
6366
6677
6497
6677
6642
6929
6399
7063
6702
6602
6478
6880
6360
6837
6522
6425
6462
6882
6652
6462
6815
6876
6554
6883
6818
6628
6497
6705
6392
6462
6818
6656
6659
6581
6425
6555
6929
6522
6665
6625
6063
6612
6460
6718
6392
6659
6642
6663
6581
6898
6800
6495
6818
6522
6663
6665
6702
6228
7063
6486
6570
7031
6638
6717
7034
6701
6901
6876
6756
6478
6876
6616
7034
6702
6718
6800
6663
6399
6663
6715
6656
6940
6677
6718
6686
6880
6702
6756
6709
6554
6482
6702
6676
6882
6413
6495
7006
6869
6228
6997
6565
6650
6665
6906
6665
6486
6711
6632
6718
6898
6674
6628
6604
6730
6518
6590
6876
6818
6940
6659
7031
6855
6940
6665
6983
6944
6497
6926
6944
7075
6764
6659
6676
6665
6482
6898
6656
6898
6507
6855
6628
6489
6983
6616
6764
7006
6880
6715
6495
6648
6718
6518
6898
6674
6665
6917
6399
6866
6718
6702
6581
6828
6674
6636
6869
6800
7038
7075
7048
6756
6654
6421
7045
6616
6665
6901
6486
6876
7048
7039
6826
6686
6636
6793
7063
6676
7075
6981
6632
6855
6981
6983
6659
6541
6926
6730
7007
6926
6893
6983
6663
6507
7259
6616
6937
6674
6554
6632
6648
7199
6590
6866
7030
6937
6944
6764
6674
6981
6953
6634
7045
7031
6577
6648
6983
6710
6777
6850
6636
6577
6676
6628
6632
6554
7039
6612
6649
6541
7056
7006
6674
6957
6652
6917
6612
6577
6728
6603
6649
6730
7113
6603
6922
6694
6876
6604
6604
7199
6855
6826
6922
6953
6922
6565
6917
6826
6715
6764
6813
7007
6826
6715
6917
6725
6503
6957
7038
6850
6953
6789
6632
6937
7071
7039
6840
6928
6634
6826
6982
7074
7107
6953
7006
6648
7074
6764
6826
7088
6813
6937
6648
6577
7030
6850
6830
7154
6694
6867
7030
6828
7074
7007
6674
7088
6777
7123
6830
6674
6826
7046
7113
7043
7074
6892
6867
7007
6710
6787
6728
7166
7216
7146
6961
7093
6917
6928
6982
7016
6654
7196
6840
7012
7085
6604
6850
6928
6648
6604
7007
6920
7071
6961
7039
6833
7071
7056
6782
7113
7182
6604
7212
6777
6752
6893
6503
6713
7089
6782
7194
7259
7166
6922
6819
7216
7056
6908
7088
6725
6793
6728
6920
7039
6787
7116
7282
6620
6830
6813
7093
6840
7248
6760
6928
6789
6694
6833
7241
6961
6712
7166
6908
6712
6928
6780
6782
7208
7089
6752
6819
6900
7089
7311
6654
7074
6928
6924
6961
6982
7211
6984
7256
7166
6752
6840
7185
7148
6920
7071
7337
6787
6777
6713
7141
7113
6782
6867
6908
6890
7058
6919
6793
6963
7166
6984
6857
6819
7089
6924
7158
7259
7051
6885
7311
6924
7235
6890
6682
7167
7185
7230
7148
6752
7337
7194
7154
6984
6935
7196
6908
7295
7202
6885
7253
7058
7282
6920
7200
7282
7089
7170
6873
6713
6963
7230
6873
6890
6713
7043
7074
7383
7337
7141
6840
6924
7285
6793
7043
6900
6919
6920
6780
6885
6742
7256
6887
7182
6857
7297
7248
6857
6963
6752
6960
6890
7211
7051
7148
7202
6760
6867
6954
7393
6887
6682
6819
6873
6819
7311
6900
6742
7080
6914
7202
7166
7182
7295
6742
6885
7226
6887
7080
6946
6890
6923
7259
7337
6992
6984
7255
7166
7268
6780
7693
7182
6835
7369
6919
6857
7436
7148
6914
6975
6980
7080
7253
7322
6914
6984
7208
7273
7352
6963
7080
7436
7282
6923
6887
6933
7369
7183
7230
7366
6976
6919
6873
6873
6934
6960
7090
7170
7330
7322
7203
7335
7235
6887
7329
7166
6923
6948
6890
7378
7328
6835
7255
7217
6887
6933
7297
7185
6923
6959
7176
7319
6954
6980
7176
7258
7226
6960
7299
6814
7335
7125
6963
7282
6933
6975
6976
6914
7438
6890
7097
7294
7183
7438
7351
7319
7269
7307
7393
7203
6814
6946
7258
7200
7566
7496
7029
7352
7566
7082
6972
7335
7328
7366
7080
6871
7378
7230
7008
7097
6814
7273
7574
7471
7064
7475
7693
6682
7008
7393
7359
7546
7335
6932
7273
7319
6814
6959
7343
7029
6742
7378
7329
6975
7330
6931
7269
7656
7268
7438
7328
7258
7029
7294
7268
7366
7307
7258
7299
7049
7452
7125
7423
7656
7139
6935
7566
7475
7445
7351
6976
7351
6934
7352
6972
7200
7306
7203
7421
7566
7029
7294
7349
7526
7269
7482
7269
7576
7598
7080
7082
6871
7008
6974
7378
7366
7029
7378
7348
7510
7268
7454
6974
7467
7438
7343
7366
7458
7452
7049
7100
7452
7544
7574
7330
7539
7328
7566
7598
7109
7008
7359
7352
7375
7476
6974
7366
7268
7598
7445
7352
7558
7631
7628
7686
7192
7482
7452
7349
7269
7130
7454
7702
7139
7656
6974
7693
7467
7445
7139
7330
7593
7329
7204
7496
7023
7471
7023
7306
7429
7457
7184
7152
7471
7378
7359
7125
7476
7348
7159
7151
7539
7467
7421
7192
7269
7454
7574
7566
7704
7616
7526
7476
7352
7349
7375
7518
7592
7306
7704
7526
7470
7429
7421
7458
7479
7631
7559
7532
7499
7574
7130
7191
7359
7539
7184
7539
7160
7537
7470
7537
7429
7576
7506
7381
7510
7476
7413
7454
7109
7429
7576
7423
7331
7506
7470
7423
7454
7539
7421
7023
7592
7130
7348
7704
7445
7622
7027
7349
7481
7306
7160
6974
7686
7539
7477
7191
7568
7423
7305
7890
7564
7499
7423
7631
7478
7232
7628
7470
7445
7192
7336
7470
7944
7151
7630
7592
7595
7558
7802
7564
7544
7204
7869
7869
7544
7209
7191
7595
7592
6974
7421
7778
7593
7222
7565
7547
7518
7695
7559
7470
7568
7506
7481
7478
7628
7499
7544
7617
7544
7532
7630
7819
7586
7544
7470
7274
7423
7227
7674
7616
7622
7266
7381
7704
7305
7331
7768
7159
7396
7564
7890
7262
7532
7476
7350
7274
7222
7564
7617
7331
7486
7586
7648
7875
7524
7222
7586
7649
7691
7674
7274
7232
7486
7661
7645
7552
7752
7232
7479
7617
7593
7660
7695
7890
7209
7631
7622
7604
7506
7309
7499
7539
7649
7448
7759
7592
7568
7435
7568
7812
7584
7986
7552
7944
7544
7759
7822
7792
7645
7274
7674
7692
7632
7642
7649
7700
7435
7645
7227
7618
7552
7660
7645
7435
7222
7642
7617
7274
7506
7266
7622
7819
7812
7565
7305
7660
7617
7476
7752
7298
7561
7708
7649
7778
7618
7642
7604
7661
7622
7486
7441
7448
7561
7940
7659
7649
7524
7308
7560
7674
7617
7568
7539
7417
7232
8070
7940
7568
7832
7412
7727
7959
8070
7441
7350
7682
7584
7727
7712
7506
7448
7679
7448
7855
7622
7618
7682
7345
7768
7568
7822
7986
7776
7712
7560
7986
7646
7747
7617
7850
7726
7822
7523
8170
7855
7875
7722
7396
7790
7708
8138
7869
7747
7727
7643
7776
7959
7581
7832
7441
7822
7722
7617
7642
7700
7481
7550
7642
7639
7631
7649
7298
7561
8138
7643
7701
7796
7692
7774
7700
7711
7435
7350
7622
7417
7807
7568
7639
7563
7568
7726
7345
7774
7840
7898
7708
7639
7790
7642
7832
7550
7829
7843
7797
7442
7855
7971
7840
7581
7417
7692
7879
7412
7777
7220
7350
7803
7792
7821
7967
7879
7561
7463
7918
8038
7869
7840
7959
7950
7384
7992
7617
7822
7834
8138
7701
7715
7796
7850
7726
7898
7463
7550
7692
7712
7869
7967
7512
7971
8038
7855
7581
7918
7774
7756
7978
7776
7807
7718
7563
7680
7581
7762
7646
7580
7803
7829
7981
7505
7792
8170
7912
7940
8138
7848
7777
7834
7834
7505
7821
7959
7967
7777
7840
8038
8038
7796
7967
7924
8079
7796
7523
7850
7787
7935
7701
7943
8038
7955
7718
7816
7920
8140
7787
7978
7512
7417
8138
7463
7919
8140
8180
7792
7807
8065
7822
7963
7840
7943
7629
7960
8333
7866
7898
7942
7992
7967
7692
7801
7951
8038
7992
7787
7563
7829
7950
7920
7762
8269
7796
8148
8144
7920
7803
7417
7874
7898
7509
7848
8219
7881
7919
8099
7978
7967
7959
8038
7977
7975
7509
7680
7756
7777
7796
8079
7926
7825
7629
8219
7550
8170
7807
8260
7509
7912
7589
7977
8149
8162
7899
7877
7950
7848
8150
7947
7887
8180
7897
7787
7785
7897
7942
7947
7789
8149
7816
7978
7822
7981
7881
7580
7942
7975
7756
7658
7967
7919
7505
8054
7848
8060
7721
7794
7503
8087
8269
7733
7960
7950
8144
7563
7580
7761
7915
7721
7977
7915
7789
7509
8148
7955
8213
7509
7980
7680
7881
7796
8180
8162
8162
7640
7975
7825
7899
7963
7919
7696
8144
8149
7912
7867
8060
7919
7822
7794
7887
8050
7955
8204
7961
8087
7696
7874
7825
7877
7887
7943
7816
8137
7887
8052
7984
7951
7975
7589
7951
8050
8131
7950
7915
7654
7924
8149
7867
7915
7900
8162
8204
7654
8149
7943
7785
7680
8170
7967
7953
7640
7945
7950
7980
7978
7912
8074
7975
7680
8086
7874
8340
7874
8048
8116
8340
7891
7982
8040
7665
8030
7884
7963
8325
7982
8087
8125
7665
8065
8333
8345
8071
8054
8144
7794
8128
7640
8219
8065
8128
8116
7963
7947
7953
7982
7950
7858
8213
8116
8116
7953
7880
7945
8040
8248
8444
8060
7654
8260
8103
8212
8132
8444
7844
8162
7924
8179
7741
7947
8233
8060
8050
7867
8324
7953
7737
8180
8050
7945
8340
8052
8342
8116
7963
8125
8103
7900
8131
8048
8162
8087
7654
7858
8103
8078
8075
7884
8125
8113
7863
7665
8260
8181
8075
7761
7825
8444
7982
8131
7946
8177
7817
8075
8233
8001
8148
8137
8178
8049
8137
8071
7867
7982
8204
8125
8052
8110
8142
7982
7953
8254
7696
8299
7947
8110
8428
8212
8214
8030
8281
7860
8177
8324
8248
8356
8040
8312
8233
8254
7844
8087
8212
8324
7948
8142
8125
8128
8086
8299
7860
8444
8086
7880
8132
8485
8116
7725
8214
8148
8292
8311
8082
7928
7891
7817
8171
7860
8084
8179
8128
8310
8082
8340
7863
8294
7989
8178
8001
8052
8135
8306
7725
8301
8137
7982
8181
7921
8272
8082
7946
8292
8281
8103
8212
8322
8148
8110
7844
7817
8345
8410
8086
7880
8405
8090
8179
8274
8486
8451
7860
8311
8361
8310
7956
7946
8321
8441
8301
8135
8137
8345
8135
8250
8331
7851
8052
8078
8699
8281
8449
7948
8356
8299
8330
7903
7921
7725
8196
8352
8609
8125
8125
8482
8324
8551
8322
7928
8078
8175
8178
8214
8272
8292
8451
8356
8352
7903
8102
7844
8308
8110
8135
8352
8134
8281
8165
8410
8213
8295
8352
8458
7725
8092
8299
8165
7817
8425
8449
8272
8148
9385
8176
8181
8250
7956
8176
8110
8453
7863
8345
8558
9080
8324
7991
7991
8486
8424
8486
8322
8306
8356
8559
8356
8301
8296
8306
8272
8356
8405
8091
8453
8151
8308
8402
8354
8135
8320
8334
8175
8191
8215
8334
8451
8283
8191
8112
8470
8082
8103
8295
8294
8092
8402
8301
8083
8340
8082
8458
8356
8425
7725
8083
9385
8346
8699
8274
8376
7983
8175
8502
8558
8327
8301
8324
8272
8547
8296
8356
8008
8331
8425
8330
8561
8602
8749
8354
8989
8121
8449
8354
7851
8102
8308
7903
8334
8345
8581
8349
9120
8544
8296
8547
8303
8387
8283
8451
7956
8424
8989
8544
8551
7725
8449
8215
8331
8296
9385
8749
8385
7991
8486
8321
8490
8470
8346
8405
8341
8502
8303
8424
8453
8490
8265
8228
8340
9385
8303
8134
8469
8112
8402
8525
8749
8175
8341
8321
8558
8330
8734
8387
8378
8215
8083
8349
8405
8330
8524
8425
8540
9218
8272
8629
8441
9385
8393
8314
8191
8490
8549
8524
8176
9218
7983
8083
9218
8085
8303
8176
8174
8938
8174
8143
8759
8880
8989
8341
8427
8385
8317
8393
8425
8880
8397
8354
8525
9385
8538
8115
8415
8274
8400
8378
8953
8303
8745
8425
8284
8285
8376
8399
8317
8469
8869
9218
9031
8525
7991
8368
9385
8176
8759
8427
8397
9120
8427
8174
8581
8475
8606
8953
9218
8415
8349
8547
8415
8793
8554
8424
9385
8452
9120
8578
8403
8191
8599
8675
7983
8466
8394
9218
8938
8654
8540
8558
8554
8340
8549
8869
8174
8806
8799
8618
9245
9218
8252
8524
8373
8953
8228
8400
8400
8378
8745
8675
8385
9385
8602
8547
8602
8393
8387
8475
8399
8394
8462
9385
8708
8403
8197
8629
8708
9575
8540
8953
8324
8621
8743
8228
8578
8112
9118
8953
8641
8599
8536
8851
8314
9031
8675
8869
8161
8472
8394
8536
8740
8466
8462
8799
8535
9068
8874
8734
8654
8538
8536
8472
8535
8725
8675
8725
8792
8556
8524
8317
8394
8595
8174
8880
9385
8565
8654
8668
8421
8678
9385
8953
8654
9130
8621
9031
8602
9098
8786
8417
8599
8112
8525
8549
8499
8686
9490
8228
9303
9490
9015
8851
8734
8466
8523
8510
8565
8938
9519
8880
8771
8629
9575
8516
8581
8621
9245
8399
8462
8588
9120
8417
9098
9068
8806
8793
8472
8718
8674
9328
9120
9015
8379
9068
8799
9098
9031
9098
8895
8886
8944
9519
8764
8535
8614
8379
8674
8932
8708
8917
9303
8916
8608
8840
8874
8758
9068
8762
8565
9385
8880
8574
8647
8771
8762
8849
8317
8944
8591
8692
8678
9002
8499
9118
9130
8886
8935
9490
8556
8944
9575
8792
8593
8685
9519
8916
8484
9120
8932
8616
8499
9519
9385
9684
8658
8556
8734
8895
8815
8828
8728
9227
9121
8574
8556
8200
8895
8932
8815
8421
8499
8799
9337
9330
9328
9407
8840
8588
8725
8462
8827
8616
8635
8735
8532
9337
8597
9519
8591
8523
8718
8887
9490
9223
9713
9303
8556
8608
8776
8888
9490
8983
8532
8916
9490
8748
8728
9091
8890
8532
8593
8758
8776
9564
8800
9575
8935
9385
9575
8771
9079
8616
9043
8983
9043
9120
8697
8764
9713
9227
9684
8608
9507
8828
8887
9130
9091
9407
8840
8771
8888
9303
8685
9010
9279
8616
8748
8695
8524
8871
8996
8932
9684
8654
8614
8735
8890
9150
8697
9223
8849
8591
9336
9123
9312
9564
9177
8744
9121
9330
8692
8932
8574
8942
8934
8894
9120
8484
8489
9490
8728
8764
9041
9713
8704
8667
8693
8985
8771
8658
9328
8942
9582
8726
8576
9121
8614
8874
9328
8888
9008
8897
8932
9551
9336
8697
8489
9337
8574
9144
8576
9180
9713
8736
8782
8726
9530
9161
8499
8771
9490
9130
8735
9499
9286
8934
8683
9286
8871
9337
8736
8748
8996
9161
9713
9177
8888
9123
9330
9407
8802
8492
9703
8609
8742
8996
8939
9336
9713
8825
9120
9150
8685
8492
9589
9312
9091
8771
9312
8771
8797
9075
9142
9578
9279
8697
8857
9328
9144
9177
8877
9072
9061
8985
9490
9336
9337
9589
8489
8697
8827
9079
8697
8742
9142
9061
8931
9381
9075
8966
8879
8692
9530
8704
9180
8683
9425
8462
9713
9359
8912
8966
8667
8983
9103
9721
9551
8492
9075
9177
8492
9551
9010
9144
8748
9582
9123
9703
8782
9578
9103
9589
8924
9721
9564
9161
8489
8939
8685
8728
9052
8802
8937
9721
8871
9589
9336
9492
9235
9179
9337
8576
8927
9010
9425
9120
9072
9589
8931
9703
9478
8937
9246
8934
8484
9178
8797
9296
9177
9328
8782
9713
9507
9279
8462
8879
8802
9492
8867
8742
9075
8966
9230
9432
8867
9381
9357
9045
9045
9361
9721
9242
8797
9553
9144
9543
8985
8742
9359
8983
9478
9641
9407
9543
9499
9578
9235
9290
8697
8877
8797
8995
8667
8877
9161
9337
9246
8877
9578
9242
9262
9312
9290
9076
9146
9079
8950
9713
9296
9195
9240
8867
9478
9161
8975
9179
9573
9551
8791
9361
9540
8912
8771
9120
9641
9611
9432
9492
9611
9270
8912
8484
9330
8789
9573
9165
8697
9407
9242
9107
8937
8950
8654
9319
9739
9184
9458
9071
8696
9178
9573
9264
9357
9551
9328
9594
9499
9684
9553
9076
9564
9184
8696
9010
9257
8802
8942
9514
9582
8942
9721
9628
9710
8825
8995
9641
9419
9709
9391
9161
9478
9337
8912
8879
9641
9190
9107
9348
9640
8791
9011
9419
9011
9010
9684
9424
9195
9195
9381
9075
8791
9428
9021
9407
8985
9739
8742
9441
9605
9594
9652
9517
9434
9391
9459
9607
9491
9357
9000
9000
9489
9428
9478
9441
9297
8867
8742
9071
9256
9312
8879
9296
9651
9355
9520
9178
9178
9407
9497
9640
9364
8950
8797
9543
9640
9066
9071
9652
9174
9514
9208
9429
9517
9640
9264
9240
9450
9078
9332
9434
9047
9147
9592
9230
9428
9551
9294
9208
8911
8789
9607
9684
9627
8802
8954
9640
9376
9605
9710
8995
9641
9189
9594
9215
9540
9794
9376
9489
8859
9628
9075
8954
9329
9573
9165
8742
9869
9434
8879
9514
9605
9208
9305
9486
9644
9703
9514
8942
9329
9551
9215
9078
9428
9424
9210
9651
8791
8833
9312
9450
8924
9441
9684
9717
9174
9257
8912
9010
9100
9540
9491
9601
9807
9208
9530
9709
9540
9357
9063
9543
9607
9434
9739
9459
9066
9597
9206
9305
9364
9605
9429
9718
9435
9643
9609
9329
9725
9717
9608
9332
8911
9718
9137
9560
8911
9504
9517
9799
9210
9486
9067
9540
9715
8867
9000
8950
9709
9329
9294
9554
9652
9470
9725
9643
9257
8833
9573
9706
9733
9210
9088
9591
9147
9367
9189
9650
9100
9808
9297
9402
9147
9684
9710
9601
9724
9628
9651
9543
9100
9794
9858
9376
8879
9530
9869
9455
9609
9540
9429
9715
9504
9627
9174
9656
9739
9713
9269
9543
9710
9250
9071
9504
9165
8942
9775
9496
9597
9799
9482
9573
9794
9581
9366
9650
9706
9858
9514
9482
9455
9429
9824
9637
9530
9684
9947
9449
9650
9257
9869
9463
9625
9518
9011
8942
9724
9947
9625
9721
9482
9733
9706
9595
9048
9159
9807
9601
9651
9595
9684
9799
9739
9011
9724
9304
9721
9869
9449
9063
9366
9651
9869
9449
9508
9717
9637
9683
9738
9635
9128
9738
9401
9253
9799
9585
9560
9100
9109
9573
9415
9894
9375
9664
9869
9884
9543
9739
9745
9749
9063
9048
9581
8867
9269
9651
9088
9067
9650
9608
9684
9661
9229
9367
9210
9745
9482
9502
9776
9739
9952
9947
9710
9710
9738
9625
9502
9651
9721
9128
9088
9351
9371
9269
9063
9523
9346
9707
9739
9366
9602
9817
9887
9470
9707
9269
9575
9585
9815
9780
9168
9602
9664
9664
9395
9850
9109
9476
9326
9808
9684
9575
9401
9644
9738
9834
9595
9651
9573
9566
9319
9366
9684
9168
9869
9757
9518
9326
9569
9343
9664
9598
9694
9651
9707
9518
9947
9665
9011
9831
9826
9776
9894
9947
9457
9808
9831
9778
9598
9817
9858
9617
9831
9845
9284
9884
9367
9858
9858
9801
9449
9664
9887
9067
9343
9370
9845
9635
9457
9919
9690
9690
9709
9141
9801
9909
9952
9778
9217
9832
9738
9656
9693
9537
9617
9304
9067
9693
9395
9834
9346
9546
9351
9811
9749
9479
9109
9909
9415
9214
9713
9709
9575
9920
9587
9651
9739
9598
9707
9845
9651
9554
9595
9710
9665
9892
9433
9598
9808
9551
9893
9346
9367
9738
9609
9886
9778
9343
9919
9651
9808
9776
9368
9815
9811
9684
9658
9476
9808
9368
9817
9595
9651
9433
9959
9122
9826
9326
9283
9858
9872
9869
9920
9694
9551
9457
9716
9191
9710
9552
9141
9573
9595
9552
9869
9826
9947
9067
9651
9569
9343
9831
9852
9617
9753
9808
9738
9609
9919
9739
9617
9651
9694
9872
9551
9662
9709
9368
9253
9808
9887
9809
9831
9893
9595
9283
10045
9214
9845
9782
9595
9251
9989
9845
9546
10092
9893
9858
9573
9902
9815
9757
9831
9886
9947
10019
9920
9658
9887
9776
9864
9765
9893
9710
9809
9651
9664
9893
9543
9356
9680
9620
9984
9887
9710
9651
9827
9872
9831
9894
9757
9542
9951
9620
9834
9476
9753
9442
9778
9371
9662
9952
9752
9651
9651
9780
9852
9858
9893
9819
9141
9989
9651
9975
9694
9874
9710
9872
9785
9571
9785
9542
9834
9864
9546
10124
10131
9449
9826
9819
9122
9815
9785
9850
9694
9664
9757
9771
9457
9433
9651
9898
9680
9682
9986
9710
9886
9658
9356
9542
9852
9778
9691
10045
9710
9543
9559
9644
9658
9858
9985
9834
9651
9702
9710
9681
9284
9710
9987
9851
9893
9850
9753
9703
9684
9782
9703
9684
9797
10143
9811
9678
9710
10022
9785
10109
9919
9472
9874
9850
9191
9785
9778
9902
9984
9975
9751
9959
9678
9815
9834
9356
9741
9818
10041
10007
9985
9834
9682
9251
10032
9571
9751
9771
9932
9826
9702
9948
9850
9548
9122
9760
9785
9546
9920
9542
9812
10007
9914
9902
9874
10013
9684
9919
9984
9638
9909
10019
10006
9785
9845
9889
9985
9920
9369
10109
9785
9785
9792
10015
9664
9864
9848
9785
9445
9850
9864
9848
9739
9851
10230
9251
10045
9902
9760
9757
9785
9542
10230
10007
9922
9922
10006
9748
9757
9356
9987
10062
10109
9838
9850
9704
10146
9951
9502
9920
9785
9826
9932
9858
9920
9951
10099
10041
9866
9886
9844
9794
9864
9548
9785
9681
10032
9864
9812
9741
9845
9963
9748
9848
9755
9850
9864
9914
10007
9534
9857
9681
9681
9886
9798
9826
9476
10006
9948
10062
9844
10018
9858
9792
10146
9966
9875
9826
9966
9850
9844
9920
9934
9682
9542
9857
9780
9882
9778
10131
9548
9886
10109
9987
9782
9886
9741
10211
10007
10109
9812
10209
9786
10018
9682
9818
9760
10032
9511
9882
9875
9987
9886
9855
9909
9920
9934
9511
9798
9984
9818
10007
9751
9778
10092
9886
9850
9792
9792
10045
9812
10099
9534
10225
9922
10131
10065
10069
9741
10063
10125
9886
9345
9476
10063
9546
10102
9472
9476
9748
9886
9798
10143
9968
10032
9909
9976
10225
10109
9922
9735
9345
9798
9866
10146
10065
9669
9757
9882
10169
9542
10032
9812
9968
10109
9735
9875
9844
9445
10113
10125
10065
9934
9812
9979
9948
9681
9925
10113
10251
10118
10147
10204
9977
9987
9976
9874
9629
10168
10063
10018
9885
10155
10209
10125
10092
9889
9840
10022
9792
9794
10113
10125
10037
9590
9840
9963
9897
9855
9976
10109
10113
9526
9882
10211
9976
9977
10082
9990
9855
9977
10032
10130
10104
9967
9987
10147
9542
10065
9669
9994
10037
9996
9844
9994
9345
10147
9960
10225
9967
10209
10063
9918
10069
9857
9875
9590
10042
9925
9629
10038
10130
10018
10130
10065
10168
9976
10126
10169
10082
10209
10104
9728
9882
9979
10018
10037
10183
9861
9960
10063
10024
10279
9793
9866
9897
10301
10187
10018
9968
10205
10168
10132
10038
10201
10251
10138
10307
10063
9967
10083
10042
10183
9857
10227
10221
10105
10002
10356
10104
9982
9918
9861
9996
10301
10312
10130
10201
10208
9526
9958
9844
9937
10109
10038
9897
10126
9968
9994
10275
10221
10204
9793
9874
9994
10138
10396
10315
9967
10226
9960
10176
10217
10038
10169
10267
10102
10187
10225
10118
10273
10356
10322
10098
10204
10042
10018
9844
9793
10038
10155
9982
9918
10179
10150
9937
10279
10105
10025
9861
9793
10211
10010
10312
10205
10002
9977
10105
10232
10038
10304
10176
9990
10178
10179
10037
10102
10243
10141
10039
10193
9804
10183
9994
10083
10169
10070
10201
10241
10201
10263
10147
9968
9982
10181
10323
10311
10383
10135
10303
10205
10311
10171
10261
10396
9956
10267
9912
10057
10102
10112
9962
10366
10018
10038
9994
10176
9912
10039
10018
10356
10345
10334
10356
10038
10438
10317
10317
10054
9728
10205
10346
10332
10145
10304
10189
10310
10279
10025
10315
10276
9956
10171
10261
10243
10093
10438
10334
10203
9793
10323
10275
10068
10073
10179
10135
10038
10313
10263
10105
10197
10171
10383
9956
10366
10436
10396
10054
10273
10057
10275
10276
10093
9958
10405
10354
10018
10282
10171
10025
10453
10284
9992
10232
10173
10203
10232
10068
10360
10356
10068
10354
10220
10298
10105
10068
10362
10156
10364
10355
10017
10306
10438
10318
10285
10313
10345
10389
10431
10347
10436
10189
10296
10250
10319
10410
9992
10322
10412
10436
10306
10362
10405
10250
10590
9804
10145
10410
10254
10334
10513
10455
10197
10278
10220
10213
10341
10342
10343
10341
10491
10412
10347
10054
10360
10203
10291
10306
10339
10354
10355
10473
10213
10381
10197
10415
10295
10470
10381
10364
10156
10339
10068
10250
10623
10117
10492
10220
10440
10419
10246
10522
10436
10302
10584
10438
10381
10291
10511
10054
10498
10300
10510
10220
10590
10288
10431
10415
10197
10488
10324
10590
10584
10334
10343
10441
10497
10402
10382
10339
10510
10477
10246
10498
10068
10470
10352
10623
10017
10381
10339
10416
10417
10393
10339
10351
10234
10392
10390
10337
10288
10558
10574
10421
10473
10478
10357
10432
10342
10513
10470
10417
10381
10615
10246
10295
10441
10468
10511
10432
10493
10384
10488
10295
10492
10402
10623
10590
10783
10549
10476
10522
10402
10319
10352
10402
10357
10590
10337
10416
10381
10549
10623
10478
10351
10470
10254
10558
10473
10510
10498
10440
10431
10382
10539
10732
10254
10352
10272
10246
10382
10433
10539
10539
10272
10615
10732
10569
10468
10302
10732
10478
10492
10533
10393
10357
10560
10359
10503
10431
10300
10348
10441
10590
10774
10650
10511
10300
10472
10432
10381
10516
10337
10610
10390
10560
10623
10522
10411
10817
10470
10610
10503
10395
10453
10590
10616
10589
10533
10510
10492
10590
10470
10574
10539
10302
10478
10384
10607
10382
10650
10516
10544
10409
10560
10550
10605
10605
10511
10522
10631
10348
10472
10652
10471
10611
10432
10650
10663
10589
10607
10254
10734
10539
10417
10626
10640
10348
10573
10574
10416
10378
10418
10539
10605
10448
10539
10605
10421
10824
10503
10626
10616
10539
10589
10663
10716
10720
10650
10681
10683
10732
10300
10375
10440
10539
10601
10683
10603
10603
10605
10813
10539
10639
10607
10625
10601
10825
10655
10715
10605
10607
10524
10607
10505
10611
10813
10448
10623
10423
10625
10681
10601
10710
10622
10607
10631
10715
10674
10411
10631
10375
10732
10607
10639
10640
10755
10505
10639
10607
10720
10533
10638
10533
10722
10650
10393
10808
10808
10611
10655
10409
10589
10716
10683
10786
10953
10663
10755
10710
10824
10607
10305
10638
10786
10607
10760
10607
10607
10411
10663
10423
10942
10421
10622
10463
10681
10375
10674
10703
10655
10378
10418
10623
10749
10837
10843
10607
10439
10607
10533
10829
10837
10483
10755
10418
10751
10482
10703
10751
10638
10786
10505
10639
10772
10831
10483
10611
10616
10601
10611
10716
10702
10728
10742
10813
10813
10722
10601
10601
10749
10471
10850
10533
10703
10714
10655
10760
10733
10440
10643
10703
10607
10439
10506
10885
10499
10714
10616
10603
10616
10786
10710
10482
10640
10648
10885
10305
10703
10745
10850
10942
10850
10827
10759
10674
10463
10681
10505
10471
10483
10499
10440
10942
10827
10674
10542
10772
10791
10848
10714
10792
10733
10463
10728
10728
10850
10702
10802
10760
10823
10786
10803
10643
10977
10831
10996
10601
10648
10837
10703
10860
10556
10634
11024
10643
10703
10771
10681
10837
10576
11002
10865
11084
10597
10499
10643
10506
10813
10698
10577
10780
10852
10920
10597
10820
10703
10837
10816
10899
11024
10860
10792
10577
10829
10792
10831
10745
10872
10698
10703
10703
10760
10843
10710
10745
10556
10780
11002
10865
10556
10749
10634
10848
10792
10850
10702
10597
10703
11029
10499
10634
10816
10597
10996
10860
10733
10837
10577
10792
10865
10920
10643
10816
10997
10703
10771
10912
11024
10929
10792
10820
10823
10745
10879
10850
10816
10852
10745
10816
10912
10752
10634
10846
10577
10879
10996
10741
10741
10937
10643
10912
10801
10963
11001
10977
10987
11001
10800
10816
10687
10682
10912
11104
11029
10910
10803
10741
10996
10879
10850
10948
10929
10879
10879
10879
11004
10979
10858
10577
10812
10912
10879
10823
10929
10920
10801
10771
10855
10643
10879
10999
10810
10929
10687
10828
10682
11084
10805
10846
10999
10848
10812
10948
10805
11107
10761
10835
11002
10772
10810
10912
10879
10888
10810
10828
10910
10948
10879
11084
10835
11068
10828
10812
11003
10998
11104
10991
10991
10761
10772
10879
11093
11070
11025
11075
10948
11006
10835
10803
10867
10991
10951
10867
10939
10991
10991
10992
10905
10812
10992
10996
11179
10937
11065
11012
11001
10951
11107
10990
11003
11006
10991
10939
10835
10939
10916
10991
11054
10788
11068
11054
10939
10916
10977
11012
11120
10907
11206
11084
10951
10998
11177
10998
11179
10916
11017
10835
10990
11039
11017
10867
10939
10801
11039
11151
10888
11152
10801
10992
11022
11070
10998
11083
10969
11004
10916
11206
10772
11054
11093
11083
11004
11022
10801
10888
11102
11089
11011
11006
11120
11136
11067
11179
11011
11120
11177
11070
11067
11015
11146
10801
10801
11033
11039
11064
10975
11054
11179
11206
10975
11118
11123
11045
11152
11089
11049
10801
11177
11011
11179
10969
11151
11118
11045
11088
11118
11102
11152
11206
11136
11159
11249
11101
11106
11032
11131
11069
11015
10969
11159
11152
11206
11199
11133
11159
11032
11145
11182
11124
11116
11165
11179
11076
10801
11222
11199
11162
11078
11111
11119
11124
11111
11126
11126
11133
11032
11090
11174
11249
11049
11174
10975
11125
11222
11165
11243
11249
11199
11069
11165
11076
11155
11134
11280
11298
11182
11199
11147
11134
11247
11134
11298
11049
11147
11247
11076
11138
11313
11161
11175
11164
11222
11155
11313
11180
11165
11235
11180
11249
11078
11145
11190
11247
11069
11081
11222
11155
11142
11298
11282
11158
11139
11247
11313
11188
11262
11138
11247
11138
11164
11298
11251
11313
11190
11164
11294
11302
11295
11212
11182
11298
11168
11166
11155
11081
11230
11243
11168
11166
11142
11235
11234
11139
11168
11234
11295
11262
11313
11261
11190
11204
11164
11188
11142
11323
11251
11200
11282
11307
11200
11205
11295
11294
11298
11323
11252
11247
11323
11204
11235
11230
11200
11261
11302
11298
11263
11340
11193
11205
11263
11237
11235
11298
11202
11245
11193
11363
11298
11242
11224
11200
11323
11372
11251
11340
11245
11307
11236
11200
11245
11322
11355
11261
11323
11193
11275
11237
11331
11334
11323
11264
11236
11363
11407
11234
11252
11300
11224
11279
11237
11363
11340
11385
11193
11269
11257
11291
11407
11242
11241
11237
11340
11301
11241
11275
11372
11390
11410
11343
11324
11324
11292
11269
11236
11339
11261
11340
11307
11321
11257
11270
11261
11319
11252
11391
11284
11292
11451
11281
11451
11236
11425
11375
11301
11452
11319
11452
11270
11575
11411
11339
11451
11408
11460
11408
11439
11575
11524
11425
11330
11391
11380
11547
11376
11316
11314
11380
11485
11324
11460
11316
11392
11324
11315
11342
11315
11346
11303
11375
11516
11594
11516
11375
11314
11541
11594
11310
11416
11330
11375
11376
11410
11445
11315
11528
11575
11311
11303
11376
11316
11339
11375
11540
11414
11407
11528
11485
11376
11416
11315
11316
11562
11562
11376
11503
11329
11460
11516
11420
11484
11375
11541
11409
11315
11575
11414
11365
11414
11597
11315
11414
11516
11562
11485
11311
11314
11541
11464
11375
11445
11562
11375
11436
11721
11436
11410
11575
11330
11420
11399
11341
11346
11432
11409
11624
11424
11315
11660
11597
11562
11721
11447
11328
11414
11597
11416
11436
11436
11562
11562
11415
11659
11531
11487
11503
11484
11416
11365
11484
11547
11344
11487
11540
11541
11487
11735
11487
11453
11432
11562
11518
11524
11518
11660
11659
11484
11445
11576
11424
11695
11429
11414
11353
11484
11432
11597
11432
11682
11597
11721
11562
11518
11518
11447
11478
11392
11659
11523
11624
11562
11353
11467
11660
11576
11487
11565
11659
11416
11667
11377
11660
11479
11479
11453
11484
11721
11531
11468
11629
11346
11484
11667
11554
11399
11432
11659
11860
11415
11554
11660
11382
11487
11860
11623
11416
11353
11695
11576
11482
11565
11453
11721
11659
11593
11623
11660
11672
11533
11479
11860
11576
11702
11860
11508
11507
11629
11478
11659
11893
11686
11682
11565
11660
11658
11735
11860
11399
11454
11660
11593
11672
11623
11533
11454
11582
11860
11576
11521
11549
11659
11660
11660
11478
11672
11508
11530
11886
11613
11580
11686
11529
11582
11765
11537
11660
11576
11622
11765
11682
11640
11622
11482
11482
11629
11539
11672
11632
11835
11582
11682
11526
11537
11580
11632
11632
11874
11382
11860
11668
11766
11640
11621
11706
11628
11765
11382
11521
11672
11632
11893
11925
11860
11658
11835
11835
11523
11582
11580
11468
11860
11736
11686
11706
11526
11835
11702
11793
11549
11860
11454
11640
11549
11632
11705
11658
11705
11874
11702
11537
11530
11886
11802
11627
11617
11690
11642
11692
11860
11746
11766
11696
11766
11644
11622
11925
11793
11746
11638
11749
11732
11634
11508
11634
11705
11860
11613
11692
11705
11874
11874
11793
11860
11526
11621
11970
11925
11529
11934
11765
11696
11893
11526
11530
11880
11622
11654
11732
11690
11793
11934
11736
11761
11851
11835
11746
11654
11772
11874
11860
11637
11802
11765
11793
11749
11802
11970
11642
11753
11753
11934
11874
11637
11835
11545
11702
11761
11706
11759
11707
11683
11851
11925
11521
11773
11706
11668
11772
11773
11934
11851
11874
11634
11702
12009
11640
11781
11886
11692
11637
11925
12009
11789
11886
11771
11789
11706
11880
11793
11780
11759
11692
11746
11727
11692
11800
11800
12015
11684
11706
11718
11718
11673
11868
11880
11927
11730
11781
11874
11880
11865
11683
11925
11886
11819
11886
11749
11673
12021
11886
11800
11800
11704
11970
11780
11761
11773
11800
11927
12014
11970
11759
11970
11773
11692
12020
11865
11897
11718
11970
11773
12009
11811
11874
11970
11832
11851
11727
11927
11880
11819
11761
11759
11970
12104
12009
11915
11986
11707
11880
11763
12020
11912
11770
11970
12020
11771
11970
11794
11874
11728
11937
11877
11927
11855
12111
11877
11800
11692
11763
11728
12104
11692
11829
12104
11877
11986
12015
12009
11897
11937
12021
11897
11868
11800
12014
11787
11819
11850
11771
11897
12111
11970
11727
11707
12048
11718
11800
11771
11874
11915
11970
11811
11970
12020
11704
11877
11875
12111
11770
12104
11903
11915
11811
12020
11883
11931
12009
11912
12020
12020
12111
11986
11986
12104
11897
11863
12020
12015
12111
12009
11798
11924
12015
11857
12146
11933
11899
11728
12079
11927
11937
11707
11875
12014
11819
12020
11850
12111
11865
11885
12017
12072
12111
11888
12146
12104
11970
12079
11964
12020
11883
11952
11875
11960
12104
12104
12014
11952
11920
12079
12021
11811
12146
12014
12148
11863
11863
12020
12111
11798
11763
11937
12079
12020
12104
12111
12002
12146
12104
12146
12006
11991
11875
12014
12015
12048
11887
11913
12014
12079
12071
12017
11863
12104
12146
12015
11997
12146
12111
11969
12014
12162
11952
12104
11913
12018
12104
12071
12071
12111
12014
11964
12087
12104
12006
11977
12146
12079
12074
11920
12146
11960
12014
11997
11991
12051
11960
11875
12111
11917
11887
12018
12186
11957
11965
12111
12162
12156
11957
12171
12014
12048
12111
12146
11917
12071
12007
11997
12074
12162
12089
12047
12012
12111
11957
12111
12146
12013
12074
12104
12148
12087
11904
12028
11904
12018
12071
12162
12047
12074
12014
12171
12048
12071
11960
11997
12079
12171
12171
12002
12006
11958
12087
11957
12045
12171
12111
12079
12116
12056
11997
12028
12162
12047
12120
12171
12175
12194
12124
12111
12222
12120
12051
12175
12130
12111
12194
12002
12171
11958
12114
12030
12072
12187
12071
12186
12222
12156
12114
11997
12222
12045
12148
12171
12138
12151
12175
12079
12279
12171
12156
12165
12225
12187
12124
12222
12279
12047
12194
12056
12171
12107
12175
12185
12064
12171
12116
12173
12194
12175
12088
12225
12144
12171
12139
12117
12151
12171
12171
12263
12225
12138
12178
12138
12181
12279
12287
12053
12171
12116
12225
12194
12170
12114
12139
12156
12120
12187
12213
12185
12165
12194
12150
12186
12181
12279
12213
12187
12144
12144
12287
12185
12187
12170
12088
12178
12287
12171
12199
12225
12250
12250
12120
12250
12250
12173
12171
12064
12176
12150
12312
12259
12185
12107
12194
12213
12243
12228
12221
12053
12088
12185
12267
12290
12250
12185
12252
12139
12290
12167
12326
12194
12228
12234
12318
12250
12312
12302
12312
12170
12254
12267
12263
12194
12267
12213
12263
12312
12290
12243
12312
12213
12176
12326
12260
12287
12326
12194
12228
12285
12252
12287
12185
12259
12290
12260
12326
12267
12250
12194
12246
12325
12193
12246
12254
12243
12302
12295
12228
12287
12170
12228
12319
12295
12244
12213
12382
12298
12243
12259
12259
12318
12298
12328
12319
12325
12326
12252
12324
12228
12326
12170
12328
12363
12259
12252
12259
12295
12263
12316
12402
12343
12254
12228
12260
12325
12382
12343
12324
12363
12382
12326
12298
12374
12244
12325
12170
12326
12259
12316
12328
12296
12296
12402
12328
12298
12328
12363
12382
12348
12259
12382
12343
12340
12393
12328
12372
12252
12374
12363
12343
12402
12296
12340
12363
12298
12382
12259
12328
12326
12328
12408
12326
12389
12348
12431
12431
12393
12461
12415
12389
12397
12420
12461
12328
12372
12402
12343
12428
12393
12402
12428
12373
12461
12402
12397
12374
12397
12348
12415
12348
12408
12408
12354
12420
12389
12428
12428
12354
12431
12354
12348
12428
12431
12461
12431
12402
12415
12431
12389
12450
12428
12431
12431
12450
12431
12465
12415
12428
12431
12479
12465
12408
12461
12450
12431
12408
12461
12473
12436
12433
12415
12479
12479
12460
12461
12461
12471
12450
12471
12460
12450
12433
12479
12471
12433
12479
12473
12479
12433
12479
12479
12473
12479
12479
12479
12479
12479
239
225
457
12487
4212
12497
12490
4212
4212
4212
12493
12490
12490
12496
12499
12493
12490
