6759
6759
6762
6759
6702
6756
6755
6758
6755
6758
6702
6712
6675
6756
6757
6778
6841
6824
6820
6758
6778
3438
3438
6757
6846
6823
6773
3301
6820
3298
6698
6698
6784
3459
3464
6773
3460
3438
6675
6653
6846
6777
6778
3464
6842
6869
6687
3440
3461
3359
3354
6690
6678
6639
3460
6857
6826
6665
6784
6773
6749
6778
6869
6754
3254
3461
3353
3430
6639
3361
6750
3239
6775
6778
6839
3298
6784
3354
6862
6661
6652
3441
3424
3311
6639
3239
6784
6773
6826
6640
6753
3408
6694
6717
6717
3428
6617
3290
3291
3254
6639
3442
3225
3445
3429
3266
3447
6678
3445
6757
6754
3298
3427
6807
3408
3447
3311
6617
3252
6751
6665
3221
3429
6640
3307
3277
6675
3426
3426
3352
6640
3227
6849
3223
6773
3361
3351
3290
6829
6778
3279
6828
3445
3430
6773
6620
6845
3265
3221
3364
6844
3279
3298
6691
3230
3453
3420
3239
3446
3442
3283
3430
3220
6807
3425
3291
6849
3230
3265
6828
3448
3426
3451
6675
6618
3239
3453
3408
6622
3255
3225
3351
3451
6752
3427
3230
6778
6616
6618
6857
6773
3223
6750
6617
3307
6639
6640
3298
6845
3223
6773
6844
3227
6717
6777
3428
6845
6665
6829
3307
6778
6749
3426
3282
6775
6678
3352
6661
3364
6690
3271
6717
3306
3423
3449
3220
3424
6690
6639
6651
3453
6691
3241
6799
6751
6783
6849
3221
3408
6783
3230
3425
3230
3421
3316
3351
6678
3220
3422
3357
6691
3426
3446
3450
6784
3421
3427
6783
6807
3358
6783
6640
3449
6618
3425
3432
3349
6650
3450
6750
6622
6639
3424
3223
6618
3426
6783
3220
6845
6752
6752
6678
3426
6617
6616
3422
3404
3283
3306
3423
6788
3271
3223
6845
3432
3351
6770
3306
6751
6845
3221
3420
3352
3212
3423
3316
3364
6773
3357
6773
3237
3282
3306
6665
3212
3357
3358
6690
3212
6634
3446
3426
6790
3421
3428
3230
3231
3237
3307
3296
6831
3220
6758
6749
6646
6783
6777
3352
6650
6665
6658
3431
6788
3268
3237
3404
3317
6651
6797
3220
6778
3404
6808
3283
6788
3429
3306
6784
3295
6799
6650
6618
3414
6849
3421
6750
3260
6639
3220
3357
6619
6786
6630
3387
6618
3387
6634
6692
3294
3216
6749
3266
6812
3300
3315
3270
6618
3267
3220
3218
3404
6788
3425
6690
3426
6633
6757
6783
3404
3306
3212
3426
6718
6682
3426
6778
6751
6630
6658
3390
6786
3295
6649
3411
6788
3317
3420
3404
3236
3404
6681
3390
3398
3260
3404
6646
6619
6634
3387
6797
3349
6690
6619
6752
6803
3404
6716
6810
6786
3426
3318
6632
6790
6718
6750
6776
3423
3424
6632
3404
6752
3220
3300
3300
3370
3421
3411
3216
6618
3220
3300
6685
3266
6805
3413
6786
3220
6785
3422
6709
3406
6682
6634
3404
6770
3413
6681
3212
3404
6808
3270
6805
6634
6750
6634
6658
3406
3260
3350
3406
3266
3399
6713
6647
6786
3295
3280
6813
3422
3370
6709
6692
3347
3422
6618
3370
3413
3306
6737
3268
6719
3404
6810
6692
3411
6634
6632
3284
3236
6718
6693
3351
6634
6750
3425
6635
6773
3390
6785
3220
3294
3267
3399
6738
3303
3404
6716
3244
3423
6680
3315
6667
6680
6635
3398
6719
3284
6796
3424
3303
6634
6705
3268
3259
3386
3347
6776
3414
3406
6804
6714
6680
3259
3387
6659
6668
6789
3370
3387
6693
3387
3218
3404
3319
6748
3370
6668
3214
3245
6719
6786
3300
3218
3285
3350
6787
3314
3319
6787
6647
3347
6705
6804
6803
6769
3269
3390
3248
6769
3272
6810
3347
6693
3292
3383
6656
3273
3233
6659
6787
6746
6744
6747
6656
3233
3422
6693
6692
3346
6632
3272
3314
6747
6778
3422
6776
3285
6692
6748
3406
6813
6798
6796
3348
3383
3426
3405
3337
3345
6705
3245
3257
6738
3232
6656
3256
6659
6647
6747
6737
3314
6772
6806
3272
6769
6705
3304
6704
3305
3285
3389
6746
3259
3272
6787
6744
6693
3405
6704
6789
6789
3373
3292
6786
6738
3245
6693
3348
3273
3346
3256
3248
3259
6647
3348
3412
3410
3305
6647
3256
6737
3304
6693
6742
3257
3373
3403
6739
3232
3405
6693
3256
3258
6742
3383
6813
3340
3348
6776
3245
3395
3348
3343
3304
6786
3337
6745
6745
6811
6806
3373
3292
6806
6738
6772
3346
6740
3398
3256
3415
3292
6806
3378
3341
3258
6742
3377
3293
6747
3343
3369
6740
6798
6811
3384
6814
3395
6768
6786
3340
3346
3405
6789
6743
6806
6806
3292
3369
3374
6772
3346
3379
6739
3337
3412
3412
3384
3374
3389
6765
3373
6774
6739
6739
6786
3369
6743
6739
3410
6786
6768
3402
6814
3340
6785
3342
3398
3412
3338
6780
6765
3377
6779
3389
3377
6779
6767
6741
6774
6768
3367
3376
6739
3368
3339
6786
6819
3338
3402
6739
6794
6789
6816
3339
6741
3384
3342
3388
3372
6767
3372
3415
6819
3419
6811
6765
6772
3367
3418
3417
6768
3419
6765
6819
6811
6774
3377
6786
3375
6795
3402
6800
6765
3417
3416
3368
3402
6780
6765
6779
3375
6795
6768
3339
3339
6816
6782
6765
3393
6782
6792
6819
3365
3376
6794
6818
6771
6793
3376
6765
3365
6802
6780
3376
6767
6816
3368
3393
3415
6793
3389
6800
3367
3367
6765
3366
3402
6771
6802
6766
6791
3372
3381
6819
3393
6781
3339
6801
3368
6794
3392
6819
6791
6792
3371
6766
6781
6765
3394
3365
3417
3380
6791
3418
6780
3418
3419
6800
3382
3418
6780
6818
6816
3391
6794
3377
3366
3367
3402
3416
3382
3381
6817
3368
6771
3392
6766
3381
3393
3371
6771
6818
6782
3365
3391
6802
3419
6800
6782
6780
3401
3417
3434
3402
6780
3400
6819
6732
6818
6802
3437
6802
3400
3371
3391
3391
3401
6782
6801
3392
3371
6816
6801
6801
3394
6870
3381
6836
6800
3401
3381
6728
6734
6729
6782
3418
6837
6816
3382
3371
3402
6818
6801
3434
3391
6819
3334
3391
3371
6732
6732
3400
3333
6800
6731
3393
3401
6731
3402
6835
3434
6802
6870
3393
6729
6734
6729
3382
6732
6736
6819
6802
3382
3382
6801
3336
3333
3335
3380
6801
6834
6870
3393
6728
6728
3371
6736
3381
6802
3470
6729
6728
6736
6607
3380
3334
3381
3371
6734
6733
6729
3381
3332
6731
6733
3434
6835
3335
3328
3334
3335
3334
6735
6728
3435
6735
3332
3333
6732
6870
6733
3332
3470
6729
3470
3331
3382
6731
3331
3435
6833
3334
6728
6834
6736
3331
3433
3199
3328
6603
3329
3330
6833
6736
6870
6601
3470
6731
6603
3335
3199
3329
6736
6735
6611
6733
6729
6733
3335
6734
3470
6870
6734
3470
3470
3326
3330
6834
3329
3470
6834
3332
6605
3210
3331
6731
6736
6833
3201
6726
6725
3332
3332
3332
3327
6607
3202
6731
3325
3205
6725
6610
3329
6610
6610
3325
3326
3199
6609
6726
6603
3205
6607
3209
6608
6609
6611
3199
3209
3203
3206
3327
6727
3210
6600
3200
6602
6603
6833
3204
3199
6599
3208
6600
6601
3194
3206
3204
6601
6605
3208
6607
6725
3208
3202
3209
3325
6724
3323
6726
6727
6596
3201
3200
3201
6726
6576
6600
6603
6610
6587
3210
6609
3206
3211
3323
3208
3199
3208
6599
6610
6591
6606
3323
3323
3203
6582
3203
3205
6586
6577
3209
6586
3206
6721
6586
6577
3184
3184
3208
3178
6583
6724
3323
6595
3194
3177
3191
6587
3205
6583
6576
6596
3320
3191
3196
3324
6724
3183
3189
3186
6724
6591
3194
6723
6606
6591
3196
3189
6583
3195
3195
6587
6721
3191
6594
3195
3206
3183
6576
6586
3320
6596
6584
3195
3320
6586
6724
6724
3184
6582
6577
3189
6576
6593
6596
6721
6591
3186
3189
3190
3190
3178
6590
3189
6593
3207
6723
3184
6584
6722
6581
3322
3324
3186
3193
3175
3184
3196
3182
6595
6592
3176
3193
3207
6597
6575
3181
6722
6720
6589
6577
3207
6590
3189
6586
6722
6589
3190
3189
6595
3179
6579
3322
6578
6592
6578
6592
3182
6593
3193
3187
3192
6593
3193
3190
3188
3190
6720
3176
3181
3180
6584
6597
6578
3198
3190
6579
3321
3187
6581
1123
6578
6588
3196
6584
3181
3193
6575
6592
6575
6579
4849
4622
6578
6592
3181
4607
6592
4606
3179
3190
6593
1130
6581
3185
6578
1121
4607
1124
1121
3198
3187
6592
6585
1137
6589
1159
3188
3188
1123
3188
6581
6585
4609
1131
1137
6588
1131
6578
3187
4612
3193
4607
1125
4606
1125
4611
1124
4607
1106
1122
1375
4645
4849
1121
1122
1106
1533
4618
4618
1159
4606
1533
4623
4623
1137
1137
4623
4645
1134
4610
4607
4610
4849
1121
1122
4612
1136
1133
1131
4607
1131
4609
1125
1137
1134
4619
1133
1106
1533
1130
1123
1157
4622
4618
1128
4610
4645
1137
1137
1121
1375
1122
4611
4603
4619
4606
4607
4617
1130
4619
4612
1125
1136
1137
4618
4622
1106
4613
1131
4603
4612
4848
4619
4610
4603
1137
1157
1157
4622
4644
1157
1137
4848
1376
1117
4644
1126
4610
1106
1133
4644
4621
1376
1106
4610
1117
4603
1117
1129
1113
4617
1113
4610
4612
1132
1132
4605
1120
1532
4848
1113
1120
1105
1125
4608
4603
1157
1117
1129
4848
4608
4603
4621
4603
1135
1132
1117
1118
4594
4848
1128
4618
1106
4618
4603
5003
4644
1113
4602
4594
1129
1120
1105
1120
1157
1120
4599
4599
4605
4599
4620
4613
1113
1120
4614
5003
1114
4644
1107
4563
1532
4616
4613
1118
4603
4616
1120
4848
4615
1113
1105
1473
1118
5003
1129
1374
4563
1473
1118
1120
4620
4608
1117
1127
4603
1118
4643
5003
4593
1532
1126
1117
4594
4563
4847
1110
1135
1126
1107
4615
1135
4600
4643
1374
4593
1105
4564
1119
1077
4602
1118
1532
1076
1127
1111
4620
1119
1473
4563
4643
1473
1077
4597
4604
1115
1114
4593
1107
4563
1119
1077
4847
1530
4592
4564
4564
1108
1077
5002
1158
4593
1115
4597
4948
4593
1119
1076
4600
5002
4604
1076
4592
1076
4563
4593
4563
4847
1158
1108
4597
4616
1119
1119
4643
4600
1077
1472
1111
1158
4593
1475
1077
4945
1115
4600
1107
4948
4593
4948
4643
1110
4946
1116
4561
1116
1475
1108
4563
4600
4604
4563
4564
1077
1075
1112
1075
1087
4945
1473
4593
1119
4563
1077
4847
4600
1110
1109
4846
4641
1530
4945
1090
4604
4561
1119
4592
4598
4596
4601
1475
4641
1373
1077
4600
1077
1116
4561
1119
4598
4562
1090
4846
4641
4596
1087
4946
1473
1075
4600
1155
4944
1078
1115
4573
4601
1471
4562
1087
4561
4573
4573
4561
1467
4563
1075
1116
4561
1112
1531
1078
4641
1531
1467
1471
4641
1373
1078
4944
4562
1473
4946
1373
1471
1090
1115
1095
5001
1109
4846
4641
4581
1078
1471
4574
4562
4596
1467
4595
1112
4561
1075
1078
4561
1471
4596
4576
4581
1089
4845
1090
4845
4846
4581
1078
4941
4946
4941
4562
4642
4561
1109
4574
1087
5001
1078
1088
1471
4573
1095
4939
4562
4581
1471
1075
1474
5000
4944
1155
1087
1471
4596
1078
1467
1466
1473
1474
4588
4845
1531
4845
1095
4947
1089
1531
4947
4576
4944
1467
1075
1095
1092
1531
4561
1467
4581
1089
1155
4573
1093
4575
1078
1529
1156
4944
1471
4588
4575
1075
4642
1087
4595
1474
1093
1156
1100
4941
4588
4944
1101
4588
1096
4588
1104
4642
1095
4845
1088
4581
1092
4579
4576
5000
4642
4590
4595
4939
4590
1104
4941
1471
4590
4595
1529
1088
4939
4588
4584
4845
4576
1089
5000
1156
1474
1100
1096
1101
5000
1092
1095
4575
1092
1470
1092
1089
1468
4942
4588
4642
1095
1092
1100
1101
1092
1101
4575
1465
1101
1466
1092
4845
4579
4590
4587
1104
4642
4580
4583
4590
1154
1372
1152
4942
4579
4590
4939
4938
4663
4845
4587
4585
4588
4576
1103
1465
1529
1101
1103
4582
1154
1470
1100
1100
1101
4638
1465
1526
5000
4938
4587
1098
4582
4576
4580
4590
1098
4579
4997
1152
1154
4942
4997
1468
1470
1100
4585
4663
1101
1092
4588
1097
4576
4585
4586
4580
4942
1097
4582
4589
1101
4638
1154
4583
4639
1528
4582
4663
4585
1099
1092
1094
1098
1101
1528
4585
4580
4638
1098
4589
1154
1101
1152
1099
4586
1465
4940
4663
4583
1103
4997
4587
1101
1178
4585
5000
1526
4585
4940
4589
4663
4997
4938
1465
1526
4582
1468
1079
5000
1099
1094
4578
4589
1084
4572
4639
1465
1470
4997
1101
4589
1470
4578
4638
1083
1468
4586
1099
1528
4639
1097
4585
4580
1099
1154
4638
1177
1091
4583
1101
4938
1152
1099
4940
4942
4997
1099
1152
1103
1182
4997
1083
4940
1102
1094
4589
1097
4577
1526
4639
4582
4586
4589
1084
4940
1094
1182
1103
1154
4558
4585
4664
1091
4663
4668
4578
1099
4558
1083
1184
1103
4639
1182
4999
4638
4664
4566
1082
4998
4998
4586
4586
1102
1079
4572
4566
1184
1102
1103
1099
4572
4558
1469
1099
1080
4942
4940
4668
4572
4558
4566
4578
1469
4669
1527
4569
4558
1184
4664
1084
4662
4998
1177
4560
1176
4565
4662
1084
4558
4572
1182
1184
4640
1072
1072
1152
4586
1084
4570
4943
1082
1091
1527
4568
1072
1091
1072
4565
4668
1082
1102
4567
4558
4668
4566
4558
4669
4943
4664
1083
1081
1080
4572
4665
1176
1153
1469
1082
4566
4662
1086
1072
4665
1086
4640
4558
1184
1084
1079
1177
4664
4568
1371
1085
4570
4570
1153
4637
4558
1080
1469
4572
1183
4566
1184
4943
1073
4669
4572
4670
4637
1081
4637
1073
1072
4670
4943
1184
1086
4664
4669
1079
4558
1085
1072
4570
4567
1153
1072
4568
4567
4560
1073
1082
4665
4637
1371
1085
4559
1080
1176
4559
1085
4999
1086
4558
4557
4665
4546
1074
1082
1071
1525
4560
4996
4637
4943
4637
4543
1179
4670
4570
1371
4571
4665
4558
1183
4844
4667
1073
1064
1074
1183
1151
1057
1179
4844
4543
4568
1179
4571
4665
1074
4557
1469
1058
4559
4559
1180
4844
4844
1057
4667
1179
1057
1068
4557
1085
1179
4844
1181
6871
4570
1058
4637
4546
4547
1180
1181
1181
4543
4559
6872
1074
4543
4546
4571
1068
4559
1371
4548
1074
6871
4667
1064
1150
4559
4547
1065
4670
4547
1071
4636
4666
1068
1064
1371
4546
1071
1064
4548
3474
1057
1180
3474
4844
6873
1066
4995
4535
4545
4554
1057
6872
1150
1059
1064
1055
4636
1060
4559
4544
4554
1525
4995
6873
3475
1068
4557
3473
4559
1181
4666
1071
4545
4548
1069
3475
1059
4636
1150
4535
1068
4553
4559
6873
1067
1053
4507
4559
4553
4666
4636
4843
1061
1150
6873
1048
4556
1019
4544
4548
6873
1048
4540
1067
1055
1067
4551
1370
1370
4540
1059
4534
4635
4995
4541
4534
3475
4507
1524
3473
4535
4541
4552
4535
1050
4542
1053
4501
3475
4550
4635
4542
1060
4539
4635
1053
4542
4540
4502
4542
1062
1063
1019
1067
1048
1051
1063
4635
4534
4548
4539
1069
1059
4530
4551
1055
4635
1055
1049
4552
4995
4541
1059
4542
1070
4538
1062
1051
1059
4542
1044
1054
1524
1055
1068
1063
1060
4553
1524
4540
4507
4635
4540
1049
4541
4506
1020
4533
1056
4551
4552
1149
4499
4549
1055
4550
4539
4549
4501
4533
1070
1019
1044
4507
4540
1053
4506
1054
4531
1019
1050
1067
1149
4499
4536
996
4506
4635
4502
4634
4539
4539
4549
1062
1013
4501
1062
4506
4541
1056
1017
1016
1016
4533
996
1011
4634
4530
1053
1523
4502
4550
1054
1020
4499
1070
4538
1051
4502
1051
4499
4537
1044
1052
4533
1045
1011
1020
4549
4496
4538
4537
1019
1063
4496
1013
1018
4507
4505
4531
1017
4505
4555
1017
4482
4496
4496
1013
4536
4483
1051
4533
999
4531
4634
4994
4505
1006
4499
1149
4500
1011
1011
1523
1044
1000
999
1021
1070
4533
996
1016
1063
1045
1000
1050
4494
4504
4532
4504
4482
4532
4483
1013
1009
4538
1011
4555
1047
4505
4500
1052
4516
1147
4494
1044
1011
4634
4486
4531
1045
4504
1000
1045
999
1522
4499
1015
4496
4505
4503
4483
1021
4498
996
4532
1003
4487
4486
1014
4516
4497
4533
1021
1013
1012
1047
1014
1014
4634
4493
4500
4494
4503
1147
1018
1006
1000
4493
999
4498
1046
4634
4532
4492
1044
1522
4516
4661
4516
4494
4498
4500
4658
1046
4658
1013
1009
4498
4486
4503
996
1011
1005
4498
1522
996
4495
1047
4519
4483
4519
1010
1012
4532
4993
4487
1015
1046
1014
4493
4497
4658
4633
4484
1021
1009
4485
4633
1014
4516
1003
4503
4516
1046
1522
4519
4484
4494
4489
1014
4658
1047
1006
4497
997
4493
4516
1042
1012
4485
1018
1008
4529
4633
1000
4633
4498
1047
1006
1148
999
1018
1046
1010
1009
4519
1010
4497
1010
1042
1173
1522
4661
1173
4993
4498
4661
4519
1046
1031
4495
1148
1043
4519
4503
1522
4654
1004
4491
1001
4658
1008
1047
4661
1000
4489
1012
4519
1003
1173
4633
1047
1148
1046
1003
1172
4497
4495
4633
4519
1047
4497
4516
4633
4485
997
4661
4517
1172
4654
1004
1004
4490
4633
1047
1030
4528
1168
998
4516
4495
1521
4491
4658
1031
4517
4519
4487
4527
4519
998
4490
4497
1001
1173
4519
4658
4529
4529
1030
1002
1148
1173
1031
4484
1040
1521
1047
1043
4515
4520
4660
1031
4489
1043
1172
1173
4633
4519
1007
1148
4654
998
4497
4517
998
1002
4517
4485
4521
1030
1030
1031
4514
1034
4659
4660
1173
1004
1168
4633
4509
4488
4632
1034
1039
1043
4654
4489
1040
4517
1007
1168
1042
4526
1040
4490
4659
1030
4518
4485
4517
1175
4509
4521
1037
1172
1043
1030
4489
4517
1004
4632
4659
4490
4491
1168
1036
4521
4518
1037
1032
4517
1032
4518
1172
1043
4527
1043
1146
1028
4509
4528
1041
1007
4526
1036
1033
4520
1041
1026
4632
4443
1035
4508
1028
1168
1032
1174
4517
1168
4518
4518
4524
4509
1026
1174
1032
1146
4517
4513
4527
4513
1175
4517
1037
4937
4522
4630
4525
1028
4937
1175
4515
1022
4673
4520
4521
1187
4514
1034
1038
4515
1039
1034
1028
4517
1035
4509
4659
1174
4673
1036
4523
1026
4509
1520
4514
4508
4522
4521
4508
4522
1026
4937
1144
4630
4630
1146
1028
1029
4937
1034
4463
1022
1171
4991
4512
1520
1036
4521
1022
1033
1034
1035
989
1027
4937
1037
4509
4673
4508
4509
1174
1464
4515
956
4524
1028
1032
4523
4511
1038
1035
4937
4463
979
979
1518
1186
4509
4522
4673
1170
4463
4630
4525
4657
1187
1025
4511
992
4656
1171
4937
4674
1023
1027
976
4657
980
4443
4442
1029
4512
4630
1023
4463
4630
995
4513
4656
1024
4466
4672
4673
4655
4466
4510
976
4511
4462
4466
1186
4442
992
1171
956
955
980
1144
1144
4462
1187
4990
4443
4672
4466
956
1518
989
1186
4672
4464
4462
4990
1023
4512
4656
1464
989
4462
1186
4512
1025
995
1169
4462
1464
4442
4442
1144
1187
979
4990
1464
4442
4672
993
4470
4631
1464
976
4464
1187
4479
6547
990
4990
1023
955
976
1145
4464
4842
1186
4476
4477
990
993
1519
4671
4466
4462
4465
980
4470
4655
990
4656
4510
4656
4466
984
4672
4671
4478
4672
982
976
979
986
994
980
979
4442
4432
4510
957
1185
4469
3126
980
4465
957
993
4440
957
982
989
1464
1185
4464
4477
4464
979
954
4628
4842
4467
4842
4476
4433
979
976
4465
4470
982
988
4477
4480
4465
1145
994
4465
4473
976
1188
993
4989
981
1188
986
4439
1519
1145
981
1188
4842
4468
976
988
4434
984
978
4989
4464
4441
991
4441
4446
3126
4473
4433
993
984
966
994
979
4465
987
1369
4467
4446
1145
4930
977
4478
4842
4469
4445
966
4467
957
4480
954
1145
4446
4842
4465
4477
4476
4471
4475
978
957
4446
978
4467
983
4441
4469
4471
4474
985
4446
4452
4434
949
977
978
4477
991
4628
994
954
994
4445
4842
4842
957
4628
4445
988
4439
4445
4446
4468
966
977
1185
981
966
978
983
4475
4452
1188
4467
1456
951
1145
4446
1369
4438
1461
987
4475
4434
4433
948
4842
1463
4445
4471
1369
4471
4471
973
1188
1456
4452
4628
966
978
977
1458
4435
981
981
4446
4468
4930
4475
1456
1369
978
4467
4438
4438
949
1458
4474
959
1462
4452
952
4445
4841
962
951
1456
959
4461
4471
1369
4842
4468
966
4445
4432
1142
949
4439
4445
969
4471
4394
4446
4629
973
959
1369
4475
948
968
4432
952
4448
4452
969
948
952
4439
4480
4435
4438
967
4447
4474
949
1463
1463
4438
967
4929
975
4629
1457
4447
975
4453
949
4461
975
4461
4436
1142
962
968
970
4457
949
4439
983
4456
4931
973
4932
1461
947
959
4931
4461
1458
971
4457
4935
959
4461
959
4453
1369
4629
4393
4393
959
4456
4929
1457
4461
1462
4447
4841
1368
4437
4461
949
4452
4453
4841
4841
4448
1460
4432
1368
952
4474
1368
1142
4935
4447
967
1457
1458
946
969
4929
950
4445
961
968
4929
4453
4929
4932
4448
4453
969
4629
962
4436
968
947
967
1143
1459
4456
4629
4394
4436
947
950
952
4448
974
4841
946
970
974
4447
1460
4457
4933
4437
4841
959
961
975
4437
1462
4629
4393
4461
961
4929
4454
1462
967
1457
1368
4448
4461
4432
974
959
4935
950
4454
4461
4457
4448
4933
4393
972
4457
1457
1459
960
4394
953
4839
946
4456
946
4461
4455
4447
4394
1459
935
4455
4841
972
974
4456
971
4398
953
4448
4398
974
967
968
946
947
4457
4392
961
902
947
4933
1462
1143
4935
4933
4393
1368
1368
4934
967
4839
936
4455
4448
1454
4392
971
965
935
953
4454
4460
4394
4457
960
1459
4398
907
4460
4392
950
4934
4398
4397
935
4460
4459
961
4397
936
963
4927
4450
1143
4459
4460
960
4454
972
4458
4450
4392
4454
974
1143
1460
4933
900
4458
4460
4929
960
4398
4444
4839
1459
910
4455
961
4362
1368
961
1454
907
4444
908
4451
4444
4840
4423
907
1143
4392
972
974
4398
908
908
4934
963
1454
4361
907
4936
4362
4396
936
4936
4362
4458
4934
4933
4454
4392
4422
4933
4449
965
936
961
902
910
4396
4458
4458
900
4361
974
4396
1360
4459
4451
4444
4359
906
1454
4927
4454
4392
905
907
960
960
906
4459
935
4392
4422
4423
4451
936
899
4392
935
963
1366
4460
911
963
4451
4459
904
4396
4444
900
4361
958
4388
4840
961
4460
4396
4359
936
4387
902
4422
4449
907
4708
4389
935
4386
899
4449
1366
964
1360
4423
1360
906
4396
910
900
4391
909
4458
4386
908
4359
964
964
4460
4709
900
907
904
4388
4337
4388
4392
911
904
902
907
4361
911
958
4362
907
1366
936
4836
901
4361
4337
974
906
900
934
912
905
4389
4389
4708
4361
4835
904
4388
906
4449
964
4758
906
4421
4388
963
964
4451
4758
937
958
878
4362
4387
908
4391
875
4972
4972
958
905
4359
4709
906
934
4972
4337
937
4359
4421
934
4337
1231
4359
937
4364
4384
898
4389
909
4386
4388
4359
4391
850
852
4423
4385
4389
935
4337
958
852
4388
4709
853
906
1367
4758
907
874
4387
4388
4341
4363
1228
849
852
1360
4337
4449
871
850
4391
4360
875
875
4389
4359
1228
4708
4336
871
4385
4449
937
875
4390
4836
1140
1367
4835
853
4627
905
875
850
4337
4835
934
4420
4386
4391
854
4363
6554
4711
850
4420
4758
878
903
4337
4338
4646
4385
909
901
4359
4336
1228
4341
912
849
1228
878
1367
4337
4949
874
1140
4341
1361
4390
4711
4364
1139
849
4338
4337
849
4384
4384
4390
4627
4364
4710
855
850
4647
4337
1500
852
4336
850
4949
4360
4390
4385
4714
901
1139
4341
878
875
875
934
4360
4363
1361
4337
6557
4341
874
6548
850
903
4337
852
4624
1231
1361
4390
898
4338
4360
4390
4710
4336
879
901
875
851
871
849
1223
4360
4336
4360
6548
1500
1365
4624
6549
1141
4385
1231
1226
853
875
4646
4711
4336
875
874
4390
4337
3136
850
849
871
6554
878
4971
871
4385
4385
1139
4360
849
875
4390
875
4837
873
901
6549
4647
4710
4385
4714
4364
4714
4340
4340
4334
3132
4339
4336
901
877
877
4334
854
4711
1275
4390
4431
903
4837
4339
1139
4357
4364
4336
3132
4714
4926
3132
835
4360
877
879
1164
1362
873
4646
876
4971
4360
1500
1223
4335
4334
849
4335
4339
4390
4334
1500
6553
878
851
3136
854
4325
4325
4357
4987
4321
1362
873
4385
839
1364
945
4648
4648
4973
1226
4390
1362
4334
4747
1365
4390
4971
1231
1263
4335
873
848
1364
851
1222
4360
4321
4971
871
1364
873
901
945
834
876
4334
4358
855
4974
6553
1278
4335
4926
871
848
1365
873
4747
4360
3132
872
1164
945
4973
834
4357
4321
4974
1208
835
839
4358
4650
1365
881
4335
4322
4322
876
1208
4953
835
871
1164
871
4950
839
881
4335
4357
1263
876
1501
6553
835
4712
1365
873
873
1160
4950
871
4334
4339
1279
876
840
6556
848
4648
1164
4321
1365
839
4357
4357
839
4325
848
1276
3082
945
871
4319
848
4950
1479
1211
851
836
4335
4357
4712
4431
851
840
4988
4335
4368
4988
1479
4335
1477
4747
877
4357
1211
836
1365
4322
1263
840
4651
1502
1479
839
4320
1211
4357
4357
4431
836
1230
1264
836
6878
4357
840
1477
4368
4339
1479
1502
1477
840
4651
4325
1162
1160
4367
4325
4335
881
4325
1208
833
4320
1540
1264
4335
4335
838
4747
4367
838
1502
4431
4712
4324
4323
4324
1208
1208
833
1230
840
4326
4431
1540
4366
1229
1479
4694
4694
4973
1263
1276
4367
4326
4950
3088
3090
840
4326
838
1540
4323
6878
4953
3090
4431
4319
4366
1541
4694
1264
4713
4746
4320
4712
837
4694
3150
4694
885
4335
1264
3082
6506
3082
1501
1229
1277
837
3150
4322
6878
4326
4335
4326
4712
885
833
4326
4712
1541
4366
3150
4323
1501
4953
4323
4431
3150
4319
4326
1161
1502
4326
4951
4747
4713
1541
1479
4951
4988
3090
4746
885
1502
885
837
3088
1208
3081
1230
4759
6878
3103
1230
1229
837
885
4951
6563
6563
1229
4759
4952
4371
3090
4746
1229
885
3082
3083
1501
4759
3088
3150
4431
6513
3150
4951
4323
4370
3150
914
1501
4712
4713
4713
4371
4371
1264
4713
1323
4320
4746
4712
4746
1264
885
1277
4952
3090
1323
885
6874
6513
1208
4760
3103
3088
4760
3103
4803
3081
4371
1229
1502
1264
3150
4320
6506
4747
3089
1502
886
6565
1277
3150
3150
4320
4803
4370
3103
885
1230
6563
3083
3103
885
4370
4953
1501
4746
1208
4370
4953
6565
3096
1161
1478
3096
1277
4402
6506
885
4431
6513
3088
884
4747
3103
1323
4713
4952
886
6513
3143
4760
4951
6555
3135
886
3084
1501
1229
4371
4803
4371
6506
4713
3089
4371
1229
6565
6513
4713
4402
4951
4803
1323
4402
883
3089
3143
4970
3143
4746
4953
6506
1208
6513
3097
1277
1208
3081
4369
1208
4370
4803
6551
1478
3103
884
6565
3096
1277
3103
4371
1323
883
4713
3147
3097
1323
1229
4401
3081
4746
884
3131
4951
6513
3476
4402
3106
6874
6505
6506
3089
3131
883
3147
914
6513
1498
4371
1161
3480
3130
6512
4803
6555
4401
915
1478
1323
914
4802
914
4369
4319
4402
1478
6513
4713
3482
3480
4402
4372
4402
3482
6506
4815
6506
3135
883
3096
3143
4802
4372
6550
3093
1498
4402
1323
3482
4802
3480
6512
1277
4399
3089
4692
1498
6551
1322
4369
4372
3482
3141
6874
3143
4372
4816
3140
6512
4951
4319
884
1498
6555
4746
4802
1322
6505
3143
1323
4399
3482
1478
1277
4401
1277
6513
1447
4802
6520
3106
3095
4815
3104
3141
1481
1498
1478
3106
4402
6521
1277
1498
1498
3143
913
3105
6508
6514
3141
1323
6520
6555
4802
4399
3093
1277
4399
3130
1513
6550
3105
3140
6561
4802
4372
6555
3143
3131
4401
3094
6520
3104
1498
3129
3146
6561
913
6555
913
6521
913
4928
4692
4402
6551
915
3142
4815
3134
3095
1207
6514
6520
6552
3134
913
1207
914
4985
6521
4986
3142
1207
6505
1513
6517
4803
6551
6507
4399
3141
6506
1322
3140
6520
6551
1447
4802
3094
913
1513
5745
3480
6562
5529
5779
5744
4372
1498
1447
3141
1322
3139
5779
1340
1448
913
4985
4399
5666
5499
3104
5530
5759
4400
4401
4399
5585
4692
913
4400
5666
6521
5666
916
4986
5667
913
5585
1207
5502
6550
5766
5776
3129
5667
4399
6505
6561
3138
6555
5835
4928
3095
5499
1455
1447
3117
5815
5588
5666
5799
3129
6550
6518
1207
3129
6555
5815
5766
5667
6552
3120
916
3138
6528
4399
5767
5707
4399
5767
5501
3476
3118
5587
3140
4350
6527
4399
915
3134
4692
5666
3134
6562
1207
4986
5587
5862
4349
6555
4399
5607
5885
6529
6561
4692
5588
5643
863
6550
5667
1207
3117
5643
3138
4921
5707
6528
5723
6520
5795
6542
5628
4399
5723
6519
5624
4350
1455
4399
5723
4400
1513
5795
5788
913
5892
916
6225
3109
4928
1340
6517
5823
3085
6528
4400
5861
6550
5885
3120
1513
6529
6518
5648
3139
5648
6507
6550
5587
1455
5722
5813
4928
3118
6552
4986
6551
1513
916
863
1205
1205
4400
6225
4400
5851
4400
5926
5852
6560
5723
5852
5874
6519
4928
1448
5862
5587
5828
3119
4400
4399
6540
1206
4985
4928
6518
5862
6552
5722
916
5918
5722
4399
6550
4984
5853
1455
5920
4691
1205
4349
3137
5725
6527
5631
5928
1448
5996
5844
3511
3085
5624
4400
1448
6520
1514
5920
6542
6540
1514
863
3120
6004
5587
5648
6225
866
863
3138
5624
4349
4928
5857
6550
916
5853
4400
5996
4400
5992
5788
5720
6541
5844
6004
4921
3118
1205
5917
4349
6222
5720
3117
3137
1206
1514
5791
5722
4985
5857
5928
4400
810
6200
1455
4400
3117
4399
5791
5813
3118
6002
5623
6199
1514
4921
824
6004
5722
6202
3138
811
6001
6004
4400
6009
4400
866
4985
5917
4349
6001
6009
6222
4691
6210
4419
4921
4350
4921
1205
864
6222
6559
4349
6210
3119
1808
5579
1514
5623
1513
5580
1206
5938
5791
6540
1206
5595
5623
5979
1206
4400
6559
5720
6009
6004
3119
933
6558
2331
5813
864
2344
5989
2344
5580
6528
4419
6200
5938
3109
4400
4419
6540
2302
865
4400
824
5839
4400
810
4924
2346
6179
2353
2344
5602
4400
2303
2303
5847
6015
1205
6178
2319
933
4920
2468
6558
6041
5602
5456
2302
4921
5837
3110
5905
6185
6560
6179
6205
6037
2327
1247
6196
5580
2353
6540
3092
6041
1514
3086
1512
6026
4984
2418
2342
2342
6026
5966
1808
5454
4311
6558
2282
6205
5731
5847
2740
5839
4928
5731
2418
4691
4691
6185
5988
4985
6510
5839
4352
4400
2768
5602
4349
4419
5595
6205
4920
1451
2423
4400
1247
5595
6028
6179
811
6216
3086
2233
6015
2299
4400
870
5458
2740
2746
5458
1205
2742
6196
1451
3109
5985
5966
1206
6012
5456
1205
2457
6176
5731
3121
824
4691
2216
6041
5834
4921
1206
4924
5988
4984
824
4920
2282
6559
870
6026
6205
2282
5601
1247
5731
2418
1514
5597
3109
5847
5975
865
1451
1205
6531
2233
2450
3138
4354
2041
2547
2547
2746
5597
5942
6560
6028
2407
6012
5454
1800
4693
2318
5597
4354
6205
4419
6195
1206
6195
4984
1451
2450
6558
2742
2303
4924
2746
5597
4731
2408
933
4400
5731
2398
6037
2282
2233
4731
5601
2408
2029
4693
2216
3092
810
3109
2216
6100
6029
2531
810
4351
2233
3121
1451
4298
4419
6531
6174
6119
5597
6119
6531
2531
6029
2548
4298
2746
4311
6216
2233
6170
4924
5462
1206
2282
5457
4924
2362
2555
6037
6175
6559
2738
6216
5951
810
4924
6029
1451
2284
6037
811
2041
6012
5604
2555
1205
2398
867
1512
5975
870
5604
4311
2739
6558
2553
4691
6119
6559
1451
6174
5454
2739
4924
4920
2739
6100
2397
865
4984
6174
6510
5457
2233
4924
2736
2041
1247
6560
2739
2738
2738
2535
5708
2536
5512
3119
2736
2713
2739
6531
6112
1205
5756
6119
1512
5953
2713
1247
2528
6216
4984
933
5955
5953
2553
2739
5604
1512
1807
2392
2392
3086
4311
2574
6510
2362
4351
3107
2739
6143
2713
2282
2739
867
6559
6174
6516
2736
2729
6134
2519
2182
5604
1803
2713
6172
6047
2712
2206
6216
2528
2729
5263
5263
4924
2218
2554
5612
6029
811
2712
4691
1806
2554
1512
6162
5464
5944
2736
5460
5504
4354
2553
5944
4924
6205
3121
870
5461
2713
4354
1802
6516
2761
2395
2281
5472
1205
870
1804
2574
5269
823
4298
2743
6106
823
4693
809
6047
4924
2567
6134
5660
3092
5660
2125
2743
2206
6162
2206
6531
1800
2762
6095
809
4298
2713
4924
2281
3092
5464
2391
2750
2398
6516
2524
2750
2407
4924
844
4419
2395
6216
6143
6216
5598
4297
2281
2713
6510
841
6153
5457
870
5263
2567
1805
5459
4354
4731
6050
2761
6158
1803
6056
869
1804
2748
4356
3108
2474
3087
5263
1800
6509
2367
1800
2524
2524
2188
2281
2367
1800
6140
1800
2188
2762
4691
6029
3111
6140
2565
2565
3108
5714
5749
6162
6531
2713
841
5268
5266
2269
6102
6539
2505
4924
2741
6516
6539
2281
6087
5617
823
3107
2704
6087
5637
2565
2709
6172
1804
2478
867
6140
1806
2205
2729
1803
2567
1800
2269
5263
3485
2478
5263
2713
5472
2733
2713
1806
2390
1800
2474
808
1803
2704
4731
2187
5617
1805
4353
5264
6510
6516
6152
2368
3087
844
5263
5263
2713
4312
6153
2505
6056
2748
2188
2141
2391
3485
5460
2281
3111
2704
2390
5714
6532
4312
6510
2269
1802
5264
6509
2741
2741
6151
6539
869
5264
6102
6531
5683
2262
2262
2163
6539
2391
2125
2566
6162
1800
2159
867
2123
2713
4693
2741
1806
5463
4297
2713
6162
2656
1800
2716
5459
2478
5714
5266
2479
1803
1800
809
2705
5637
6087
5577
2708
2390
2269
5269
2390
2505
2566
2741
1800
2141
6152
2509
5263
5575
2141
4353
2169
2515
3108
1802
2717
6509
823
808
2386
6162
5545
2390
2638
4328
2708
2390
2123
6066
844
5465
6085
2713
2515
2141
1803
869
841
5264
2716
869
5269
6516
2262
2479
5263
1802
841
6093
5686
2360
2705
2690
3114
5263
3153
2479
5752
4355
2660
2163
5264
1801
2472
2478
1801
3485
6533
2690
6087
2386
5675
5269
6044
5263
5524
3161
2262
2046
1802
844
2703
2046
5264
6087
6509
5675
2360
2126
3153
6064
2360
5267
1802
6509
5466
2141
5264
6093
5269
4299
809
2141
2262
3091
6043
869
2501
5714
2164
2138
2635
3485
2637
2472
2472
3151
2582
869
809
3156
868
5264
6530
1802
3153
808
5263
5674
2699
5683
6533
6516
4312
6530
2705
4312
938
6535
3087
3156
2262
2125
6533
5266
868
868
5263
2250
3107
869
6509
4355
2057
5523
5523
3151
6570
2501
2049
3111
2710
2401
5264
2385
3154
2269
6509
869
3151
5267
2705
6533
6509
2708
868
5263
6569
5699
2708
3161
6236
4327
5747
3108
2049
5263
2052
2115
868
5269
869
2496
2118
4299
4297
938
4312
2117
2778
1801
2237
4355
808
6509
5264
5661
5698
938
5264
3152
5577
2164
2778
6045
3154
5673
5524
5265
2707
6568
6045
1799
3091
5264
2269
5698
2115
2633
2250
6570
5673
3152
2275
2633
843
2260
6570
1790
2633
2054
4355
5266
5265
4327
868
809
5265
817
5555
2118
6535
4356
6572
5540
3113
2923
3154
6044
2623
2271
3152
1802
938
2511
6569
843
4312
5262
5699
2705
5687
3153
2055
4312
2635
3151
2511
4299
5693
1799
4355
6570
2011
4296
5687
3156
6567
2055
6568
938
4329
5265
6570
5575
5663
5266
3151
5265
5654
5685
5558
6568
868
5262
2705
2921
2237
6043
2254
1995
1787
4329
6567
6572
1987
1801
1994
3113
3114
2289
843
5575
4355
4296
3153
5540
5700
2621
6516
5700
1790
6509
6567
1798
6568
2623
5658
4424
6572
2289
2511
2251
5558
2923
4356
3151
1799
4356
2250
6569
2011
3159
6572
6511
5654
2150
5265
1799
3152
817
6572
4296
1798
2633
2926
2251
4296
2924
938
2096
2150
2614
2114
3508
3113
1996
2271
3152
6385
2633
2052
6568
1801
5702
5700
5265
5672
1996
4299
2289
6567
5685
3114
1798
6568
4299
4356
5265
6535
1995
1787
5578
5262
6569
6572
6537
3112
5716
5265
5555
808
6567
6537
1798
5687
2096
6383
6536
2096
2923
2618
5262
5497
5646
4312
4329
2924
6574
2134
5716
2251
3157
2052
3159
3508
3153
2618
6574
2086
5555
3152
2289
2926
6515
2921
3158
938
5663
2602
2271
2921
2598
6537
5265
3157
2250
5262
6534
5646
6568
5555
2251
6385
2096
5556
2080
6574
5261
5449
2154
1790
5475
6567
5658
1987
4299
3152
5693
5716
3115
6382
6385
5497
6574
4356
2923
2924
6383
6574
2598
3157
1797
1797
5664
2249
5689
5475
5647
5555
2922
3100
2080
4304
4330
2151
6574
5262
4296
861
1787
6567
6385
2095
5250
6568
3099
2289
4305
3113
3158
1999
3158
3157
5550
4424
3504
2239
2096
1797
6382
817
2921
5262
4356
2252
5528
3115
2013
2923
1989
6534
2924
6385
3102
1999
6567
816
2013
6385
2095
6574
6537
4356
3112
5550
5262
5261
2025
2597
2002
6536
3155
816
6574
3157
5727
6537
6381
5553
4304
6385
5262
5727
5261
2080
6515
3504
2005
6511
861
5557
5485
4348
3160
5521
1989
6524
1797
1989
1795
4348
2080
3155
5553
5554
4424
5554
4305
2095
5665
3158
3155
2070
6382
2239
6524
3100
6534
1790
2080
6573
5528
3159
4304
1204
5533
6515
860
2776
2238
5261
5647
5261
2005
5685
1788
3155
6381
5259
3102
6538
3099
2288
3122
2022
6385
5668
6574
861
2922
5668
5261
6380
5562
1999
2927
5562
857
1796
6574
6573
5261
1790
6381
2095
6381
2063
2922
3102
2151
6380
1795
1796
1204
6382
4305
4304
1998
3155
2288
6381
5259
5261
2241
4424
2023
3155
2080
6537
1786
5259
1792
5533
5553
4344
857
4347
6524
2232
2771
5610
1795
5261
5521
2005
2022
4347
4343
6387
2070
1792
6522
3504
6573
857
2091
1788
2922
2091
6380
6574
2226
2927
3099
6386
2927
5479
6380
5554
2063
5389
1795
5691
5259
6534
1788
1998
1770
3122
2023
2021
5691
5562
1796
5259
2122
2928
1789
5610
861
5250
1998
6380
5257
3098
2071
1792
5250
6573
3102
1788
6534
4343
2002
5251
2226
5573
1204
5259
5568
3115
2081
2002
5250
6571
6543
5251
3099
4923
6543
5741
2222
2022
6538
6538
1770
2922
6387
5741
2928
5741
2085
2081
6387
4305
1796
1794
6386
6387
4305
2240
6526
2176
5568
4344
2071
2928
2910
1788
5691
2016
4343
3101
6384
1789
6387
1791
1449
5390
2928
1204
1998
1449
1796
6387
5706
1794
5691
1998
5250
2099
2071
2913
921
2222
1793
2021
1786
1449
6386
5259
5706
3098
5704
2913
5259
6387
4690
4923
2088
1449
5482
1793
6386
5257
3124
6571
1450
862
5748
2920
858
2258
6384
1791
2073
2232
4345
3101
2925
5406
6538
2071
6384
1998
6538
6386
5260
2016
2920
4343
1784
2016
5573
5252
4923
5399
6538
859
3098
5256
5479
2062
5253
4922
5252
4346
5389
1450
5697
6544
862
5572
5258
5706
6526
6522
6571
5260
4343
3124
5441
5425
2082
2913
1794
858
3101
1769
2227
6384
2910
2222
1784
5692
2920
2001
1450
5258
2001
6384
2144
5252
680
4922
5256
6544
2228
4922
5394
2225
1449
6384
6370
2920
2917
4405
2916
856
1450
5256
3101
5404
4426
5260
2016
5391
3124
3098
5253
2106
4923
5252
1793
5258
1785
847
2911
6522
2912
1450
2916
3123
6544
4922
6370
5431
5389
6379
6369
5394
6370
5421
1785
2003
940
5404
4333
4426
5256
5391
4346
921
2916
2200
4345
5258
4813
4342
6369
2235
847
5425
5260
5424
5425
4922
5385
1782
5253
2912
4333
1782
1785
5253
2088
1449
918
5391
2106
3101
6370
5395
6522
2088
2228
2911
5260
2145
6369
2224
856
6525
5399
3123
917
3501
3123
2912
5256
2257
1785
4405
6379
4426
4342
2227
1793
5255
5388
6525
2003
6544
1782
6544
5394
2228
2224
6376
5254
4342
1450
5399
4403
2224
6369
706
6525
6376
5247
1785
5248
5389
5391
2918
2916
4194
1450
4167
2145
2875
5399
2177
920
2911
3123
5383
4426
5254
6371
2919
6376
2235
5382
5254
2916
680
2244
4404
2912
6376
5386
5425
5248
6525
1783
920
831
4333
5434
6372
2911
1782
1782
2066
2257
4168
5385
4406
5382
5407
1337
5421
6525
5396
1450
5248
3022
1785
5235
4425
2173
4194
679
6525
1783
917
5401
5248
6545
2208
939
5255
2919
2208
832
706
2257
4407
2184
1768
4318
2912
5425
1783
6371
6372
5254
4144
1785
845
1935
831
4144
678
939
919
4152
5388
5407
2184
5246
832
5424
5411
5381
6377
4404
5411
6375
887
1337
4425
5434
6376
2211
5235
4333
6378
845
2184
2244
663
5393
2929
5380
2875
2003
6378
5388
4166
5418
1768
1780
2244
939
2184
6545
666
6377
2224
5235
5396
6371
4406
2930
919
1919
4151
4144
4425
832
6377
1935
4151
5434
4152
832
4407
5245
1950
4318
4809
1919
846
2200
5411
5380
658
678
6372
678
2066
4404
887
5424
4165
5407
655
5414
6377
1935
5422
1962
919
3505
919
4153
6336
6376
6375
2211
6378
2914
5235
5435
6377
5235
5429
4122
4151
1346
2914
1336
4144
666
5435
721
1950
5245
6374
1950
1953
663
4406
4822
4425
5411
6336
6390
6378
4166
4404
4143
1941
2914
5434
4151
6336
658
4404
632
1952
5416
5412
4317
3505
1950
5422
919
4331
1346
1922
846
1919
2914
2875
1336
658
846
4406
1955
5396
803
5381
2915
5393
2915
4165
5426
1943
802
4374
5393
4810
4166
4318
1941
5429
6373
889
4822
1336
655
4317
919
1346
665
5414
1947
5409
1962
1941
4404
5422
4143
1964
4811
4165
1947
1962
4821
5426
655
721
5437
1952
4154
1965
664
665
4331
4332
4166
4822
802
4822
2931
5430
4821
5430
5426
4153
5438
633
4122
1941
1973
1346
6390
5426
4153
4809
4289
5438
4821
4809
1346
4822
655
2915
3510
4331
5429
1947
658
2824
6389
5422
1345
4165
2931
2914
5412
6875
5417
4332
4209
4809
6474
5056
5433
664
4809
1952
4121
3503
5416
4821
658
4317
677
4821
1972
889
4119
4811
4146
632
5410
5433
1958
803
5026
5026
1958
4375
4332
4146
3510
2914
655
1966
1955
4290
1334
5053
1964
1335
4154
4821
4209
5442
1345
4121
5416
664
1953
1483
1953
1965
4119
1948
5059
1953
4821
4291
4809
6388
4954
5409
2824
4373
633
1947
6474
4289
4955
6373
800
5433
5056
888
1965
1940
3125
4291
4290
5433
1483
4289
657
5059
5428
1557
797
4290
5059
4120
5057
4954
4291
3503
657
6294
4812
656
5027
3503
5437
1483
1955
631
1335
5056
4375
1952
2824
5160
5442
891
664
6875
4120
4376
5197
4811
4209
3019
4209
5408
1979
1694
656
1972
1953
5197
1328
4804
4812
4291
4954
5157
5415
1587
4120
5060
3019
6285
6388
5055
656
631
4812
3019
4290
1587
1483
4291
5442
4373
2824
1948
5408
1334
6474
631
1483
1940
5027
6546
1751
6877
4120
1966
5055
1587
5160
6294
2824
657
4286
4376
1751
1560
1589
4120
797
6475
634
4954
1483
4209
6875
890
3503
5058
1560
4210
5025
4285
4805
5024
5058
4286
3125
5211
1979
4805
4807
5442
4376
799
4376
1593
2824
5055
5211
4377
4955
4210
1328
1694
1586
4807
634
1694
1583
1325
1483
4958
2833
1328
722
5029
1593
1557
4411
800
1691
6877
5028
5163
1325
4805
5062
1586
5024
4287
5025
4286
1328
4411
1483
1587
5060
3477
6473
1587
1482
1952
4120
6546
1751
5028
5062
5158
1485
5157
923
5060
4410
3019
3125
2824
890
5030
4210
1482
4732
4210
2833
4377
923
5196
1588
6877
1482
1691
1587
5025
6473
4964
2830
1493
2837
1593
1742
5196
4287
890
5157
1555
4285
1324
3020
3125
5191
4804
6292
3479
1555
1751
798
1558
5022
5163
5196
5024
1981
3024
1553
1483
1328
5018
5028
5158
5031
1485
4958
2833
1588
798
6473
5157
4807
5163
3479
4288
1949
5022
1593
4287
1558
923
5156
6293
1586
5030
924
4732
6296
4287
1190
1583
6295
5191
4964
1559
1249
4804
5029
4408
1560
5028
4963
1324
5018
5018
1249
6292
5023
3479
1324
5196
5022
5022
1485
3479
5070
1552
1485
722
4958
2832
1329
5158
922
5022
1688
924
5069
4806
1548
2832
6293
4288
2834
5028
798
4962
1548
5049
6290
5030
1722
1326
1490
5196
922
1252
1486
1551
5192
1588
4409
1553
3479
5157
4675
925
5022
1553
2832
4732
4964
1591
4806
1190
1579
1485
4957
4956
4806
5191
2834
4750
1588
4733
4963
5048
5033
4962
5021
6293
3478
5023
5022
1556
1489
4733
6296
5156
1324
1485
1552
5019
4965
1252
5048
6473
5161
5030
1549
4733
4408
3025
1556
5199
5066
5075
5032
1981
4963
1592
1564
1561
5049
6876
2832
5155
6876
4409
1564
1584
5199
5069
6293
1326
1559
5033
6295
4409
1489
5156
2836
3478
4962
1249
1582
4963
1730
4676
1266
3021
2849
1693
1189
1486
1591
4956
4732
6295
6300
2831
4676
1556
2831
1584
4733
4957
1688
5020
4733
1484
6297
5033
1485
5049
5066
5066
2838
1489
4751
5075
1490
4962
4735
4956
5199
4408
5076
1730
4962
1326
1266
1561
1487
1688
1547
6335
2849
4735
4750
4751
5032
1561
922
5069
1595
1561
4413
6291
925
1489
3025
925
1487
2829
1981
2831
6298
5070
5199
5076
2831
1267
5066
1547
6298
5199
922
5155
6297
5161
3478
5080
2838
5017
1591
1484
6293
4408
4960
1489
6297
4105
4750
5050
4750
1689
5079
5050
5072
5074
5016
1251
1563
6286
1491
5065
5074
2849
618
1251
1722
1551
5063
4961
1582
4104
1266
1596
2838
5048
1722
1596
5079
1491
1564
5080
5074
1591
2825
5020
5079
5079
5080
6299
5017
5016
2846
1580
1730
6298
1550
1488
5198
926
1580
2839
5066
5070
617
4734
1564
1600
1730
1487
5076
5162
5080
2835
5049
1487
5017
5050
4413
1692
5079
1491
618
1488
1268
2829
1689
5066
2849
6298
2825
1488
4748
4412
6286
618
927
1494
1251
1550
4749
4412
6300
4751
1580
5074
2829
5073
1610
3174
4412
1600
6307
6879
1595
1265
6310
1595
4961
5076
5074
1547
618
4413
3512
1686
5074
5080
1729
4735
3481
1564
3512
6301
5198
6309
1563
5082
5071
1610
5162
2846
5078
5016
2848
1600
1729
2839
2849
5198
5162
4967
1686
618
1596
4105
3481
5071
1580
4105
6299
926
1599
5079
2828
6309
6879
1603
2852
1723
6288
5072
3174
1581
5071
4968
617
1596
1606
1723
5050
1494
4900
4966
1265
6307
4413
1613
1203
2828
2847
1594
5074
4749
6289
6287
1723
5073
1603
5082
2840
5198
1427
6879
1331
2839
3174
5063
1570
4105
6299
1608
5040
617
1202
1601
5064
5071
2852
5051
1606
5200
5073
5099
1571
2847
1613
1594
5063
1613
4688
616
2826
4413
4748
1598
5082
5068
4967
5078
3481
1597
1497
6289
2828
2841
1611
1743
618
618
6302
5162
6313
1427
6288
4748
4687
1265
6309
6287
1603
5064
5078
1611
1496
4695
2839
4106
1331
1613
1611
5095
5082
5379
1570
5020
6308
1611
620
2828
5374
3481
5379
3174
2884
5068
6287
6879
4869
2842
4749
4688
5200
795
1331
1576
1495
5063
1609
5143
5162
4255
4255
1601
4428
1602
1427
1203
5078
1573
5078
2847
615
1203
6287
5078
1608
5096
1576
5041
4106
1604
942
1613
5194
4103
4687
5093
5100
4103
5064
2874
5093
2843
5077
1723
2840
6308
4900
5374
1604
2847
1212
5050
1723
620
5078
2884
2828
1212
4869
5039
1598
1202
5038
766
4687
1270
1609
621
2847
5162
6304
5042
615
5078
3017
616
2884
1597
1572
4416
5102
942
5142
4969
5068
942
2826
4695
4106
1496
4103
5063
1914
1607
1679
6303
615
5042
1612
6343
2874
5064
5200
4428
5142
6303
6313
2828
5068
5100
616
615
4869
5102
4147
4255
1602
5099
1330
5077
5039
1608
1918
1270
1612
4428
1576
1330
6305
5170
5050
4869
1612
5095
5193
2843
1604
928
5102
4687
1918
5099
1609
1597
4107
6343
4150
5100
1212
1607
1608
1597
5212
2884
4696
5207
6304
4753
1571
4869
659
6306
5093
1330
5046
5212
795
5207
766
1212
4858
4254
1612
2842
4257
4108
4257
5373
619
1578
5142
1918
929
4147
4414
659
2884
1578
660
942
928
4870
1568
769
1725
1202
5113
4150
5141
1612
622
2884
2845
4256
5038
4378
4414
5193
941
4858
4859
928
4255
5047
4869
795
619
929
660
1679
929
4257
1914
5225
5132
5141
5207
1725
1607
5042
1725
1577
5067
4428
4869
5114
1679
1575
1630
5093
1625
1917
766
1759
1626
4858
4108
1916
4696
1609
5067
5050
5046
941
4257
4211
4427
5203
647
4858
5375
5212
4689
5141
5170
5113
5113
4150
622
1917
4147
4869
4416
5042
4415
659
6343
5225
4378
1626
892
4870
930
1630
2844
4753
930
4754
6311
5141
5162
1629
1684
5170
1575
796
4212
5141
1269
1625
1201
5137
6306
4859
1917
941
768
5169
1626
1201
5217
1759
892
4427
691
4715
693
4107
1916
1568
1201
5169
691
5085
1917
5085
4825
5128
5212
4414
1626
4283
4257
1578
4869
5226
1916
662
5171
5222
4869
5141
1916
5145
1629
4859
4415
1757
1636
767
1625
796
928
5046
1627
661
4871
5170
4860
4871
648
5137
4107
1759
4178
5127
5226
4108
4856
1578
1912
4753
4754
723
1914
1629
647
4378
892
3080
1679
767
1757
4715
4211
1577
5169
5215
1631
4116
1679
648
726
4715
4427
1757
4859
1757
1749
5140
1750
4856
6476
691
5172
726
1631
1915
930
1736
4860
5138
4149
5087
693
1637
4715
654
5226
4869
1578
4381
5130
1912
654
1349
4414
1750
1628
6312
5222
5190
1627
4212
5145
5140
5086
4871
5128
1750
4754
4825
1726
5208
4856
5139
894
1679
1915
1624
1627
4856
4869
643
4679
5128
4107
1749
1194
725
5372
4135
1195
4381
5129
1213
1749
1915
1193
5171
1627
4427
4717
4280
4116
4132
5087
3080
5085
892
1634
1624
1566
689
4380
4717
4148
4856
1628
4178
5216
4181
4871
1271
646
4718
5128
4149
1913
5224
4871
1237
4380
5138
4871
1663
5372
4716
724
4380
1726
1637
1913
4855
4678
4754
5086
4869
4754
1702
6332
1624
1676
1237
1676
1679
1645
6476
646
4135
643
4149
4251
725
4181
5145
4716
4132
5087
1703
5224
4718
5208
1618
692
1624
1663
4680
5212
5084
1675
1915
643
1916
5172
689
724
686
1645
1271
1349
1628
1396
1673
1717
4855
1191
5174
1195
4280
6312
1915
4381
4241
5176
653
1679
894
2851
4871
5371
6476
1735
646
4177
2909
3014
5164
1702
4679
4116
4241
4279
4179
2850
1195
5172
693
4116
5224
4142
5165
1915
4131
1396
1645
2851
4717
4381
630
2850
3078
646
5088
5091
4179
4226
4861
1627
1702
4871
5145
689
4896
602
5188
6368
602
5084
4717
5088
1663
1675
4861
646
1191
5224
1673
4280
4132
4720
3506
737
1743
1644
1675
1753
1396
645
1700
1679
686
5208
3506
4884
1717
4716
1703
1717
1703
1733
4681
4159
4854
692
1645
5092
4116
630
1196
4737
5189
4214
5164
4872
1396
4717
4884
2851
1645
1633
6332
1645
1644
4159
4214
1635
4887
4681
4677
1616
6312
4226
4177
3078
6368
600
893
645
687
4240
4677
2909
1237
1426
738
4131
3506
4681
1196
3506
4131
1618
630
1663
4279
1673
737
5091
4269
1426
4884
1746
738
4855
4864
2851
1753
5208
5371
4088
4720
5146
738
5084
4884
1396
1197
2872
4180
4717
2850
5136
1618
600
1679
5189
4884
1632
737
629
5146
1738
5188
894
627
1733
4175
1196
4116
5090
645
4251
692
893
1616
4720
1197
1701
1644
4681
4677
762
599
1701
4887
4738
4684
4684
765
738
4157
1733
688
630
4133
5164
1644
687
1237
629
1397
4883
4133
4896
4269
2872
1198
1645
4737
1732
3015
2909
4737
4861
4717
1738
4737
4854
4157
4087
1717
1198
1672
5123
6332
5180
645
4430
5209
1385
1701
629
4864
5122
4180
4885
4131
1737
765
1350
4240
1702
1679
1397
4225
599
1197
4225
4868
4240
894
4280
751
4885
1437
1645
4883
4157
4682
5146
5167
1916
4736
2954
4898
1425
1668
1254
627
6413
4100
4738
4134
4116
3044
4896
644
688
1672
4268
4898
1254
1618
5186
4720
4241
628
4279
4241
738
4281
764
1700
3015
1398
3077
6416
2871
4864
629
4717
4240
1616
1397
4862
4682
4173
3043
1737
1236
3077
1236
1618
644
5149
5210
5210
4887
4683
1901
6492
1739
4883
5164
2954
1658
6490
2866
3044
4888
611
4252
2871
4118
4744
4117
4738
5184
5184
1383
6488
629
6490
5231
1701
1658
1668
5111
1717
1616
4430
6412
5151
4741
627
627
4883
6491
3043
4253
5181
1732
5013
944
2907
1668
4888
4115
628
1387
4863
611
3043
4100
1385
3507
1253
6333
4765
1619
4239
763
762
6492
4134
1640
1387
1661
751
4744
2955
6478
4720
750
944
4101
2866
2957
3015
1397
4910
3044
6366
1350
2958
4101
1383
1748
4281
4683
750
5110
6413
1437
1658
1258
4252
1616
628
2866
1387
1382
4745
790
2956
628
4238
5110
4267
6366
1253
6492
5149
4909
6412
1901
1659
1717
3507
1746
6490
2955
2821
4115
5186
4240
1618
3016
1256
4117
4826
3038
1387
4228
6416
1350
4738
1910
5013
4744
4252
2954
4118
2907
6281
1667
1382
6417
2866
4863
1352
6489
4886
6330
5110
612
2821
4739
6333
1660
3034
1621
6483
1660
6499
611
3031
4909
4742
1718
1350
1384
1622
5184
5181
6416
5110
1640
5366
4888
4865
612
4897
5186
1659
4892
1381
2869
4909
1670
4102
4239
1233
4910
6482
753
4276
5231
789
4239
742
760
4826
4907
4764
5227
5013
3016
761
1761
4101
1616
4228
1258
2908
6330
1256
4867
1384
6499
6478
4115
4866
1420
1413
1436
5013
760
1835
1669
6499
1437
4238
6360
5150
6281
3031
5152
4892
761
6479
4277
6482
1381
1761
628
5182
2959
4867
2867
6328
4228
742
1353
1311
6486
5186
1258
2865
4247
4278
1236
4238
4907
1353
4247
779
5182
2869
1381
4227
1707
1617
3038
4826
6412
4227
742
3032
1420
1236
4907
4911
779
1258
1680
1697
4277
6412
1257
1311
4893
2821
6328
4740
6487
6365
4719
6487
6418
1438
3032
1418
6483
753
1623
4261
4791
6362
1643
3499
1258
3039
5013
1412
6361
4796
1697
1707
6479
1622
1436
5227
1670
1718
6486
4739
741
1411
3509
1233
4909
6361
5152
794
6317
1420
1351
3033
740
740
6331
4247
794
4903
779
4719
1670
6477
2934
1436
1697
4853
1712
6484
1419
4277
2820
4206
4262
4865
6484
1436
4975
1418
6321
1406
1232
2820
3076
3076
1682
758
1623
1415
2932
4242
1284
4975
6418
790
6487
1429
4229
5227
4892
4891
5297
4277
741
1232
1257
1288
4278
2932
6282
1435
3499
4850
4980
5227
6481
4278
2858
3036
1236
6320
6359
6317
6362
2859
4908
4242
6480
6327
4850
4206
1760
4260
4828
2960
6392
3039
1233
1760
1760
2864
1311
3499
4262
1718
1435
6391
2906
6364
4908
2861
5010
5010
5329
1716
705
6437
2857
6327
3027
4827
6324
4866
792
2998
4258
4911
1721
792
1682
1508
1712
1683
6477
4852
4796
1681
1623
6437
4791
1235
781
5327
5328
1348
2961
4903
1419
4850
6481
2960
5228
5366
4766
1283
3036
6504
6422
4850
4770
4767
4205
1711
1233
6324
6325
1417
6327
1435
2860
4903
4169
6317
6393
6321
4852
1284
4792
1415
4169
5296
4207
4766
4903
6422
2854
1719
6359
2932
2933
1537
5011
2855
1348
4980
4767
4908
1503
1713
1285
6457
1716
5229
4766
6457
2855
6359
2859
1721
5228
6282
1435
6320
1347
4260
4203
4170
6324
4127
2861
1419
4258
5008
4259
5011
4767
4193
4769
5296
1836
4170
5338
4795
6319
4205
4171
2933
639
1235
2906
1430
4171
1391
6880
2906
1683
3484
4755
1537
5229
4851
6322
788
4828
1417
2858
6500
1199
4792
4262
6317
4137
1315
4755
1285
4795
5008
3498
4755
5009
1234
1839
6467
649
5338
1283
5228
5341
5011
6319
6363
788
4879
1341
6467
1538
1415
4203
2963
4824
2934
4193
2857
771
5015
5008
1406
1347
1537
5330
1289
1716
6880
5008
5307
4890
2905
1867
5011
5332
4902
5332
4879
1538
4128
1683
3067
624
1311
6359
1289
1388
6322
5332
1272
4890
3066
785
772
4908
6422
4903
1504
1839
5298
6314
1285
1417
4792
1234
4879
1347
4824
1286
639
681
5009
1837
790
4792
1537
6452
1538
5015
2971
684
2964
6392
681
4083
4130
5330
1273
4204
682
683
1430
682
683
770
598
4852
4976
681
4217
4878
6405
652
2952
2905
1870
1713
4685
4824
4851
649
5307
674
2853
4976
4138
1538
1234
4823
6394
6315
5308
6452
1538
5298
1720
6283
4902
674
1763
5303
6358
2971
1407
1272
6458
1388
5300
4889
1683
1200
4879
1377
5308
676
4851
720
729
683
652
650
2999
6440
6501
5012
4685
1274
1409
6452
1416
1715
6405
4685
4875
4817
6451
3066
4129
3029
4875
1389
757
4137
3029
1762
4130
595
1391
640
4851
5300
788
4685
4879
595
5308
4882
4882
5012
1378
788
1234
4112
4114
6405
6431
1272
2937
2856
1341
794
1200
4685
6359
5303
1871
1416
1341
4085
6315
1505
1546
4876
786
4129
6458
4875
1840
6283
4137
1377
4161
1274
716
1378
3029
3007
1272
4129
676
5321
1392
2935
2964
2964
1545
4162
6358
1415
5012
1407
4114
4876
714
1871
4817
2856
6284
4880
6358
6284
1870
4818
1200
4094
5298
4879
2935
1406
717
5333
624
6458
1403
6405
4112
1430
1545
4161
3496
5321
6405
1377
1293
4164
714
5298
6394
5300
6283
1390
717
4880
4113
1545
2972
6440
1200
4094
1390
4163
641
6394
5321
674
5333
625
1545
1870
4817
4817
604
1377
4085
1392
695
4882
651
675
6400
4161
4772
6403
1402
1393
1415
4091
1683
2967
2952
1415
1378
1402
4162
598
1408
6283
6440
1845
695
6405
4882
1872
1393
4163
1838
931
675
1394
788
717
4773
4879
6283
1377
1408
6462
1872
4880
4818
1389
6356
6404
675
4094
1377
6398
1407
2964
1316
6444
1296
6455
4418
4156
5305
4086
1405
720
1414
605
4092
714
6466
4382
1290
6404
625
1409
2965
4217
4817
786
6356
6403
6427
1395
2965
716
4982
2972
1845
6462
6356
1260
718
6502
1845
5305
3483
1344
2972
5305
6283
4978
6443
1380
4113
4417
4879
675
1394
4093
6427
6430
4818
4093
1393
4417
1511
694
1380
1293
4772
4820
6400
2936
4880
1395
1342
1316
1414
4881
4978
1881
4978
1844
605
1845
4777
4773
3483
1290
4834
1432
719
6398
2904
6427
728
1259
1511
4092
897
668
1905
1838
4982
6463
727
713
1408
4779
605
1510
4881
1899
1296
4979
667
4092
1380
2941
1342
728
2936
4182
6459
1506
2966
699
4831
2822
4820
2901
6430
6463
1292
4978
1899
6355
1260
2942
4818
1379
6462
4881
4982
4777
1408
5360
2814
6459
4155
2900
1433
5360
4979
591
1898
1380
1291
1511
6409
6446
4874
4775
3075
2967
727
694
6455
4224
699
6275
2969
4156
1342
2904
4818
1905
4881
4382
2822
4820
4832
1400
1379
668
1506
4819
1259
2900
6502
2968
1292
4779
2966
5305
1506
5359
4874
6464
6409
1344
4218
4832
6427
736
4918
896
4983
4698
1902
728
5360
2941
4775
1849
1899
1755
1843
6407
4185
1408
2822
2970
6429
1897
3074
1343
4082
4778
1896
4981
4917
591
1543
3075
1542
1842
736
1509
2902
4914
2904
4874
5360
6408
1542
4983
1878
699
1900
4184
699
4874
590
5357
5357
2979
1432
4779
4222
5318
6426
6464
2950
1754
696
4819
3009
4697
1543
4981
4917
4918
5306
590
4186
1401
2899
6429
2813
1860
2898
4832
1343
4874
732
6407
1506
1445
4981
3074
1543
4914
1874
591
2976
4224
1842
2813
4697
5306
2939
697
5270
1878
4081
4981
4819
1218
4919
776
5359
6468
1401
5359
2946
5345
698
2945
5270
4123
4915
1506
2946
5352
1507
4080
5288
2983
635
590
4916
3472
732
1900
1809
735
4197
1873
2950
5361
5322
4195
5346
776
6274
4221
1874
635
5352
697
5322
592
1902
4196
5346
2985
4187
2873
1216
1445
710
4123
2940
1861
5335
4079
1861
1536
4221
4197
2980
5345
1401
4124
635
5336
5270
5288
701
2940
5007
1445
5344
3006
5349
5007
4080
1507
5336
2945
5322
6345
2897
1894
4123
707
5337
2896
4219
1873
1446
4701
590
5007
4124
3172
2980
4799
3004
700
4123
592
5334
731
5344
1445
4077
638
592
4699
4187
4079
5290
1317
4189
4125
5336
700
2886
2896
4799
2946
5349
636
6345
2983
5007
5336
4198
1865
1875
5336
4126
1889
5315
6469
1444
5334
3063
5274
1857
701
5294
709
4078
5335
2873
5349
1865
5007
589
2896
3006
5290
5293
3172
4078
5312
1856
4077
3006
1318
4188
6345
592
2876
5313
734
4219
4189
4195
636
4188
709
592
1444
4198
5007
5313
6345
5294
4126
5348
2991
3063
701
700
4799
707
1814
4125
4781
1319
1439
636
1359
2896
4125
5324
4781
4781
1359
589
1319
1864
5293
1442
1319
5294
1318
4724
1875
709
5292
1443
5325
1814
3004
1890
5290
592
6338
1300
3170
3004
3068
4078
5007
4783
1444
6497
6469
5292
6345
4220
637
749
5348
6497
5325
3010
2879
592
4096
1301
4724
700
1318
592
5348
5274
4781
1442
5294
1856
4780
4125
1300
4783
5291
1828
5292
4729
1299
1299
3170
4220
4798
2989
3068
3062
1852
6471
4078
1300
1298
1301
4780
1439
2887
4781
1865
4190
6498
2989
4726
5274
4198
1876
1831
4781
1299
708
4781
1299
1857
4785
5325
4190
4096
4781
1428
1298
6351
6346
1300
4191
1242
1319
1892
1441
1813
4781
5323
1242
711
711
1299
6341
4781
4073
4780
4901
5323
574
585
6353
1299
4780
1305
4780
1826
6471
6341
708
6342
6470
4790
4191
5323
5275
1815
4780
4798
6353
1862
637
4798
1441
1319
4780
4073
6498
586
1827
4073
4780
6346
4723
4076
4723
4727
702
1875
571
571
6471
585
1828
1428
6351
1242
610
1303
1298
586
5275
4784
4780
1883
4076
610
4780
1239
4780
4780
637
1298
6470
1309
1857
1815
1832
4191
1441
1862
4721
585
1876
1831
6342
4060
1240
1302
4780
1884
4780
4723
5281
1240
1858
586
1831
609
3011
4721
609
4076
610
1826
4073
4074
6347
1858
6471
4096
5323
6471
6351
1863
4722
6354
6341
6341
4727
5323
5323
4060
1852
1238
4723
4721
5343
585
1239
703
1813
4075
4721
4780
1884
1885
607
1830
5343
4096
711
4096
610
5275
3011
6498
5326
607
1883
4721
4095
1238
1321
1238
5285
4728
1862
1832
4191
1826
1852
1858
1830
1813
1309
5285
1862
1886
4074
587
4787
5343
5286
703
1832
4722
4722
1238
1863
1820
1239
5284
610
4789
4075
1308
6347
822
5323
5326
1240
4721
608
1853
3012
217
4075
4721
1816
4191
1240
1851
2974
4236
441
1244
1830
4075
1885
6341
1834
1833
4725
2888
6348
1244
4199
4721
784
5283
4704
217
608
5286
1833
4234
5286
6339
4095
712
1834
4721
4721
1239
1302
5275
4095
1853
4725
2974
4236
1853
4060
3012
4300
5286
821
1863
1244
4721
215
1830
3012
5283
1244
822
608
703
784
1833
5286
5279
6348
4075
5283
3069
4721
1816
1822
217
743
5286
4199
5284
4095
4270
821
5283
2888
4095
5283
1850
1887
3012
3730
1833
4272
822
1882
1882
782
4075
1822
4308
6340
4703
1320
1817
4703
4310
5283
2894
2895
1822
152
215
5280
4801
1882
1280
4270
821
5273
743
4272
4270
4272
6433
813
2881
1833
1245
1850
4272
5284
743
6348
4308
1816
1823
4075
4272
1281
2893
743
2894
1824
2895
441
2891
3730
1281
4300
1245
5273
2891
286
2892
4231
815
4788
2893
1850
4270
3935
2893
1824
5280
5273
4272
441
4231
335
1824
1245
3058
1811
152
5272
5272
2892
4788
4272
442
1314
2973
827
5273
4301
4231
4801
4763
5272
2889
4763
2890
5272
5272
819
1825
1245
819
1280
151
782
453
6432
4703
2889
286
5271
3943
4301
5272
2890
4231
2890
4232
5272
828
4309
335
829
2890
4232
1320
6432
219
783
154
441
2889
744
298
744
151
4232
1810
4231
5271
4315
1810
4763
2890
4306
4315
208
3935
310
4306
819
745
1314
744
285
3729
4294
4232
154
4788
829
442
285
4294
745
4306
3935
825
3840
4295
4302
219
826
804
297
4295
219
298
1314
804
3797
427
4306
4306
4293
4315
4314
3665
829
297
154
3665
309
830
805
310
3840
3666
4306
299
4295
297
3728
208
309
805
807
309
825
310
154
426
220
175
3841
1313
4292
308
3735
3797
3728
220
310
154
296
3922
209
4292
3664
3920
223
3059
284
297
3732
4306
207
296
307
3921
3951
3945
223
3951
3046
3046
3922
4292
3818
425
175
3666
425
3665
3820
300
283
210
175
296
3735
283
3732
3047
3795
214
176
3920
296
3811
3796
143
3795
176
3663
3811
143
3732
3162
149
3165
211
3655
207
3047
149
257
283
3725
212
175
3921
3664
3720
143
3735
3719
300
103
3809
173
224
3615
3616
144
149
56
213
6494
144
3162
3655
173
59
149
3720
3655
424
461
145
258
3920
173
3688
3568
103
3719
3769
210
3688
3568
3808
3725
3737
3616
3688
3737
145
213
149
3716
3720
3574
3656
56
3808
146
59
62
224
301
62
3659
145
424
173
146
55
142
146
3574
3813
3769
62
3716
461
173
3686
306
3662
3659
3686
3654
3813
173
3569
3052
3662
202
173
3575
3567
63
146
3715
58
306
3052
301
3613
63
3052
203
206
3716
146
3662
3651
3653
3718
3815
146
3658
3614
202
150
3737
53
3814
3567
101
3654
202
305
303
3662
3563
3071
3650
150
3572
282
3653
305
100
282
3651
3715
205
148
147
140
139
3661
3563
3612
51
3716
306
301
3717
3071
3606
3716
93
53
304
1906
3661
269
3791
269
3612
3714
174
100
3816
93
3816
3606
3699
226
51
269
3700
201
3700
186
3699
204
3714
85
304
3713
227
3869
3781
3582
3713
187
139
201
3660
3526
140
3049
3685
3588
3757
3652
174
3739
3918
3739
174
3582
423
3918
3527
3870
85
174
3869
148
41
3049
464
3699
3950
3652
3869
3781
51
174
3733
4012
150
464
187
3869
3870
3806
3660
3697
3697
3869
268
3554
201
3739
16
3983
174
423
3888
3806
3699
4012
46
4012
362
3806
4012
3739
3697
187
3950
3593
423
384
174
41
3697
174
4010
446
4010
148
3699
85
16
3916
3056
3757
48
3888
185
15
3049
3768
362
3697
446
363
3528
4012
362
3907
4010
4010
3697
3697
3560
3698
522
3168
268
3983
3907
46
3983
227
3561
463
3733
423
463
3903
3168
277
48
3697
4007
221
4007
3768
3698
3983
42
383
14
3900
3799
4023
3555
3983
48
362
48
188
362
446
3697
4007
4007
363
534
3526
3698
3909
185
3697
3608
382
3768
383
463
496
3698
3904
256
3780
3768
3829
3838
277
3983
446
522
3778
3982
3757
3983
256
4024
3930
418
3698
3897
3560
4024
3768
3775
463
3897
361
3904
3608
3899
383
3908
496
45
446
3698
237
361
3768
4016
3974
3838
3897
404
397
3897
3531
4002
3982
534
3698
3891
400
188
496
3768
494
3903
3897
3930
13
3768
237
4016
361
3998
13
533
3897
404
3758
321
3698
3768
3768
534
4016
3752
332
447
4036
4030
400
406
533
1778
3544
3768
404
17
1778
188
529
17
3908
4006
3982
33
4016
535
3898
532
188
3540
3543
4030
535
530
399
3775
3897
246
3892
529
485
394
3999
1778
3775
3758
4016
535
3891
3902
3897
494
3898
3898
3909
486
4030
3778
3897
492
400
394
3530
3898
397
3977
321
3890
13
551
321
530
5239
494
5239
399
397
3544
332
447
396
3939
513
538
3523
21
3897
395
3892
4041
3892
262
228
3902
3977
395
4071
342
6882
510
3862
510
5239
3897
4036
21
5239
399
399
3977
3897
3530
485
3889
3902
406
3901
1778
4041
3891
3540
332
401
228
542
6882
538
3977
3901
492
3885
4013
3898
395
542
3956
399
3890
3839
396
1778
3975
342
396
3889
3523
549
549
3901
399
3839
3898
3844
397
3885
394
3624
3632
398
4013
3902
3758
3985
448
246
3956
3985
3901
4013
399
510
397
3692
551
3961
447
23
3839
3902
3692
263
447
11
263
448
401
3975
547
3624
22
395
3860
22
489
490
391
3536
448
3633
3633
408
158
401
5232
344
3961
399
401
3668
398
3902
447
390
447
342
408
388
447
490
553
115
3889
578
3884
3985
553
5232
3711
3889
3625
3889
3985
354
3893
3668
3963
3932
3889
3985
3692
437
399
3889
526
4013
3859
5232
401
390
3884
3625
3889
3894
3692
3872
387
6243
401
3759
3893
1766
379
3889
3893
11
3889
3487
399
410
389
3877
3874
1777
458
3877
490
23
3759
3910
3894
354
451
3894
3877
387
391
3692
3963
389
388
3963
156
487
3711
360
390
567
11
3963
458
3889
3859
6243
3691
3932
488
12
399
3872
3889
437
3889
3893
115
3877
349
458
379
3894
471
3872
437
3893
351
3883
3692
1766
3893
3893
458
387
387
3894
3875
3704
3893
391
458
3692
6249
378
391
3702
3695
499
497
3910
392
3874
389
6243
409
3693
390
3893
567
458
3668
3851
5234
3649
458
380
3695
3894
3889
392
3773
3893
351
478
349
1765
3894
3894
3693
478
2783
392
388
437
3695
3693
3708
3704
3620
3893
458
6249
3759
389
392
3893
3894
458
3843
3695
3894
3695
345
3520
409
3693
391
3691
2799
359
3693
392
179
5234
3617
3894
3695
391
182
3695
458
381
3693
3767
478
3894
359
3517
3894
179
179
458
3693
3773
3881
3894
345
372
3695
392
3786
353
3695
1765
3693
182
3520
3709
199
346
458
109
2799
3517
253
3618
3748
458
3767
183
3518
3766
3693
3691
458
3695
109
179
3519
182
3786
3767
261
1776
339
458
3518
458
3695
189
3786
3894
3708
3710
193
376
193
3515
179
3767
1776
3786
3693
3766
3691
179
199
182
392
3766
3766
3747
234
3166
3710
3518
5
3766
458
392
181
235
182
376
3767
1776
3648
3766
3694
385
3783
458
3696
3648
3709
3694
180
458
385
3747
3766
3166
274
7
3649
3679
179
253
3696
183
274
182
3696
5
3708
3766
3673
3647
3694
392
3764
3766
183
236
254
3679
3783
3696
3764
1776
385
235
3766
3745
3694
184
3513
3766
181
2
385
3694
8
254
197
3766
3682
196
3647
3766
3766
252
254
3673
198
3673
161
3764
3785
337
3766
181
254
385
3646
274
3682
183
3648
3679
3681
184
236
385
3672
253
161
3764
3681
3679
197
197
3785
184
3679
3646
8
198
3785
3766
168
254
271
271
3648
271
271
2
3766
3513
4
3672
3765
134
184
3745
385
3681
3671
3674
162
337
8
184
3680
169
271
184
160
3682
169
3772
3784
385
3674
1
3771
271
3765
255
3765
3646
170
3680
252
385
3680
3681
252
3765
169
3671
3765
3681
4
3784
3645
3785
3784
385
3674
260
160
3785
184
134
169
3645
3784
3680
271
385
136
3676
336
136
170
3671
255
386
3677
3785
3646
3677
272
386
159
3681
3787
3164
3671
133
133
3771
3164
273
272
3676
3784
160
3684
3677
3784
3646
273
171
133
160
133
386
252
259
275
3683
170
3677
3645
3676
3787
3683
3684
171
3787
3784
3164
172
159
3676
3646
3784
133
259
273
165
165
275
273
3164
273
171
3787
3761
133
3787
3683
3678
3689
273
164
160
172
171
3683
275
165
3678
171
3164
3787
133
273
3784
273
163
3784
3675
3761
414
414
3689
3763
178
3675
445
3690
3763
273
164
275
3683
177
3689
275
177
166
3763
275
445
172
445
3761
178
3761
163
163
249
3690
3675
177
177
249
414
249
3761
177
414
3763
414
275
178
414
3675
413
177
414
414
413
414
3762
178
177
414
415
3762
163
3763
413
414
163
3763
250
3760
251
178
415
415
248
3763
3763
412
413
412
248
413
251
415
412
251
415
250
415
251
415
415
250
415
415
415
415
415
3408
3409
3411
1279
1355
5006
1363
1354
1355
4830
3127
4987
1516
3173
1138
3171
1363
