12234
12110
12083
12246
12045
12110
12088
12088
11871
11722
11904
11871
11454
11599
11378
11454
11622
11493
11626
11699
11692
11796
11677
11677
11539
11493
11622
11622
11510
11550
11550
11510
11539
11512
11512
11512
11692
11604
11604
11549
11445
11493
11406
11406
11483
11365
11432
11432
11351
11339
11339
11339
11339
11301
11252
11188
11251
11251
11251
11276
11276
11207
11200
11365
11365
11365
11365
11365
11330
11365
11365
11365
11365
11365
11365
11315
11338
11338
11351
11365
11406
11365
11365
11406
11406
11406
11330
11330
11330
11330
11330
11365
11319
11319
11330
11453
11330
11445
11330
11301
11279
11279
11155
11188
12070
12045
11984
11984
11984
11984
11913
11913
11787
11871
11920
11787
11920
11920
11917
11917
11811
11811
12012
12012
12012
12012
11930
11930
11930
11930
11887
11887
12315
12259
12299
12220
12210
11378
11378
11295
11295
11253
11231
11231
11250
11323
11343
11410
11249
11313
11117
11052
11071
11093
11343
11898
11904
11722
12252
12286
12210
12181
12408
12358
12357
12373
12221
12215
12274
12224
12363
12374
11298
11306
11206
11194
12422
12415
12071
12130
12114
11895
11986
12185
11368
11373
11390
11534
12083
12045
12013
12030
12030
12090
12117
12117
12094
12117
11960
11819
11363
11286
11287
11361
11262
11280
11151
11065
11106
11159
11124
11100
11180
11175
11083
11024
10942
11104
11072
11106
11524
11623
11099
11244
11195
11332
11411
11699
11887
11928
11928
11887
12106
12078
12056
12165
11593
11595
11595
11595
11920
12013
11920
11398
11398
11722
11913
12460
12401
12454
12457
12268
12102
12177
12302
11534
11105
11174
12332
12285
12090
11675
11787
11698
11675
11644
11616
11503
11410
12172
12230
12320
12371
12144
12410
11432
11483
11432
11319
11284
11284
11319
11132
11162
11083
11107
11510
11510
11510
11512
11365
11351
11379
11351
11351
11213
11179
11071
11177
11222
11211
11212
11215
11302
11308
11215
11162
11131
11118
11107
11399
11429
11399
11399
11512
11512
11432
11510
11512
11510
11510
11487
11510
11510
11512
11512
11510
11510
11673
11728
11685
11557
11455
11103
11068
12285
12106
11365
12012
11704
11799
11749
11749
11799
12006
12006
11930
11930
11922
11883
11883
11984
11984
11796
11796
11796
11887
11749
11913
11787
11597
11464
11426
11407
11384
11384
11977
11979
11977
11977
11873
12028
11873
11873
12028
12117
11888
11924
11770
11888
11924
11426
11527
11384
12194
12295
11862
11896
11862
11819
11874
11880
11648
11529
11624
11682
11702
11683
11715
11466
11686
11447
11527
11426
11447
11648
11529
11807
11875
11728
11958
12471
12450
12431
12481
11245
11207
11379
11399
11379
11379
11930
11340
11174
11087
11066
10980
11399
11399
11510
11351
11399
11399
11399
11399
11811
11928
11487
11510
11455
11052
10996
11379
11341
12397
11528
11700
11770
11662
11706
11770
11068
10999
11013
11920
11920
11928
12000
11338
11338
11161
11116
11429
11391
11829
11829
11829
11829
11873
11829
11873
11873
11888
11706
11873
11873
11903
11873
11903
11977
11903
11952
11899
11952
11576
11576
11832
11800
11753
11736
11666
11589
11589
11589
11565
11531
11903
11850
11952
11903
11741
11678
11741
11741
11662
11662
11662
11617
11617
11617
11708
11617
11617
11617
11617
11617
11634
11662
11597
11470
11478
11443
11447
11443
11850
11765
11470
11618
11565
11478
11640
11582
11447
11443
11478
11632
11639
11639
11634
11617
11617
11634
11634
11617
11678
11690
11741
11678
11690
11690
11640
11780
11753
11780
11780
11850
11780
11832
11780
11794
11794
11780
11873
11829
11903
11873
11829
11829
11829
11829
10768
11024
11029
10808
11794
11850
11850
11741
11741
11794
11794
11708
11708
11634
10641
10755
10755
10773
10579
10552
10530
10590
10396
10438
10077
10251
10307
10143
9640
9640
9413
9359
10209
10090
10226
10209
10885
10894
10740
10804
9621
9772
9594
9458
8535
8686
8331
8296
8928
8573
8745
8723
10092
10131
10251
10092
9404
9602
9676
9350
7611
7461
7473
7641
10324
10411
10482
10395
9930
10090
9984
9984
9245
9524
9596
9377
9231
9143
9984
10209
10131
10131
9150
9192
7508
7497
7483
7319
8899
8807
9065
8979
7226
7445
7347
7394
10307
10307
9603
9603
9425
9360
9998
10065
10168
10045
7363
7321
7166
7208
9845
9746
9920
9794
9533
9333
9553
9540
9182
9172
9074
9392
9117
10387
10327
10387
10474
10405
10405
10534
10562
10655
10789
10045
9896
7167
10580
10440
10357
10316
10697
10872
10213
10083
10011
10213
10011
10083
10057
9846
7455
7683
8883
9083
8993
8753
10187
10183
10097
10082
10373
10391
10455
10476
10431
10338
9223
9648
9703
9757
9716
9691
10894
11010
11037
10783
10817
10817
10783
9397
9112
9100
9467
9850
9846
9846
9898
9680
9794
9794
9587
9261
9455
9592
9230
8417
8492
8576
8280
9936
9735
9936
9936
10151
10224
10224
10151
9716
9721
9771
9858
10937
10960
10837
9850
9898
9898
9850
9379
9644
9623
9757
9819
9675
8409
8667
7442
7658
7612
7419
7396
7309
7184
11045
11037
11002
11002
5740
5603
5412
5298
10843
10953
10979
10953
6482
6491
10995
10995
10915
10796
10791
5709
5137
11061
10979
10980
11013
10899
11054
7271
7097
4371
4190
4280
4350
4474
4410
4302
4360
5866
6442
6330
6064
7184
7195
7219
4110
3915
3794
4044
3867
3951
4048
4043
7093
7075
6903
7052
6883
6949
7154
5567
5954
6066
5523
5719
6243
6187
5661
4299
4391
4128
3912
3907
4118
4096
3810
4398
4313
4636
4745
4761
4658
4447
4528
7151
7312
7350
7525
7417
8808
9078
8813
8696
10199
10148
3928
3705
3883
4120
3681
3940
3749
3797
3718
3751
3672
4028
3844
3684
4020
5182
4823
4882
5509
7154
7238
7343
7356
7177
8113
7951
7967
8132
8411
8525
9034
8941
9150
10327
10146
5125
4056
3878
3930
4123
6276
7351
7103
9032
8579
9553
9553
4003
3475
3449
3325
3391
3630
3492
3562
3695
3369
3162
3161
3394
3638
3364
3515
3506
3434
3868
4100
3784
3488
3773
3683
3474
3511
3592
3490
3498
3524
3419
3111
3277
3199
3098
3206
3294
3229
3281
3237
3319
3245
3400
3406
3184
3232
3312
3202
3335
3321
3246
2798
2869
2882
2814
2730
2897
2930
2808
2875
2779
2796
2923
2818
2765
2820
2718
2816
2696
2793
2836
2700
2636
2728
2652
2625
2716
3038
3044
3134
3123
3125
3131
3009
3112
2906
2878
3011
3020
3010
3007
3000
3029
3045
3089
3019
3003
2801
2990
2660
2688
2761
2705
2546
2564
2668
2643
2650
2568
2619
2518
2533
2420
2416
2539
2539
2509
2597
2659
2508
2574
2468
2527
2489
2443
2661
2467
2275
2310
2427
1905
1760
1694
1890
2313
2300
2333
2396
2244
2241
2284
2312
1865
1998
2045
1884
2216
2056
2087
2231
1863
1951
2084
2007
2151
1993
2019
2221
2169
1985
1637
1628
1681
1732
1911
1785
1800
1943
1592
1592
1765
1768
1602
1595
1737
1589
1473
1507
1536
1434
1553
1606
1618
1548
1693
1541
1528
1594
1459
1457
1623
1522
1504
12490
4218
12497
12499
3471
3587
3164
3337
2994
2772
2856
2633
2531
2415
2206
2257
2164
1926
1991
1621
1757
1460
4402
4556
4438
4368
4163
4223
4258
4220
2907
3127
3117
3174
2924
2919
3036
2993
2250
2297
2112
2340
2368
2404
2265
2389
2261
3186
3069
3113
3253
7851
7765
9295
9182
9153
9103
9334
9426
9444
9621
9914
9924
8907
8849
8874
7006
5817
5746
5567
4671
4459
4247
4220
8200
8590
10187
10262
10310
10336
10453
10453
10922
10661
12493
12497
4223
4313
4398
4290
4220
4294
4226
4165
9365
9502
9600
9396
9283
9011
10751
10798
10837
10782
10683
10642
10642
10812
10812
5512
5344
7688
7917
7916
7627
9322
9253
9391
9869
9869
9959
9823
9804
9921
9991
4233
4307
8311
8064
7987
8037
8891
8663
9223
9846
9845
10011
4142
4763
4856
12493
12493
10996
10999
9757
9757
9716
9757
9920
9920
9757
9850
10209
10209
10345
10271
10271
10329
10329
10251
10706
10675
10605
10650
10661
10783
10524
10524
10529
10691
10913
10861
10768
9402
9863
11073
10992
9765
9756
10491
10595
10782
10913
10942
4653
4685
7797
7820
8110
7935
7943
8087
8926
8588
11029
7369
7622
7663
7383
7243
7212
5162
5070
10060
10112
10132
10065
7462
7356
9773
9914
9180
9821
9821
9821
9947
12496
12499
10348
10234
10300
10384
12494
12493
4246
4298
4298
4354
3719
3866
3501
3409
2460
2380
1973
1850
1680
1499
1539
9762
9854
9800
9940
9706
9545
9489
9715
9305
9502
9291
9445
9600
9618
9511
9590
9488
9814
9903
9336
9641
9641
9336
10177
10306
9924
9990
9924
10110
9889
10001
10052
10042
9797
9735
9834
9752
9850
9629
9924
9924
9773
9920
9890
9360
9555
9541
9386
9458
9458
8668
10650
9917
10020
10057
9963
9846
10083
9704
9559
9418
9418
10348
10305
10407
10305
10375
10337
10265
10302
4904
4795
6926
7165
5843
4290
4548
3950
4859
3557
3761
3518
3806
3604
3438
3650
3486
3122
2096
1947
1960
2088
2298
2101
1922
1721
1759
1935
1742
12491
4411
4692
4339
4772
4683
7540
7574
7960
7726
7843
7995
8103
7949
7910
8141
7876
7824
8197
8197
8152
8076
5081
4258
4151
4185
4278
9771
9833
9958
10162
10268
9936
10244
10201
10134
5726
4981
5170
4218
4259
4581
3224
3320
3159
3004
2839
2739
2578
2503
2185
2294
2238
2042
1729
1881
1637
1536
12496
12490
10495
9910
9910
9936
4468
4567
10073
10073
9910
9990
9990
8079
7964
7998
8163
8017
7986
7856
7729
7659
7872
7685
7918
7642
7544
7927
7965
8235
7927
8511
8568
8509
8509
8461
8159
8355
8419
8429
8559
8453
8330
8561
8755
7940
8066
8066
7898
7706
7772
7776
7714
7544
7659
7593
7635
7859
7998
7778
8114
7992
7977
8128
8485
8227
8211
8233
8211
8150
8455
8243
8243
8402
8352
8348
8135
8303
8341
8096
8984
8838
8770
9159
8880
9047
9293
9021
9109
9109
8825
8539
8599
8742
8797
8697
8403
8591
9076
9071
8931
9076
8743
8786
8945
9041
9307
9167
9167
9375
8833
8791
8743
8622
8715
8715
8856
8769
9014
9014
9014
9081
9183
9183
8833
8968
9048
8911
8748
8797
8769
8761
8664
9047
9154
9265
9214
9088
9168
9123
8996
8996
9005
8933
9043
9127
9312
9480
9395
9546
8917
8693
8006
7950
7955
8048
7837
7713
8227
8043
7631
8854
8713
9141
9141
9141
8911
8867
8893
8825
9067
9067
9067
9048
9139
9139
9369
9546
9346
9369
9293
9345
9345
9220
9122
9122
9251
9251
8048
8235
8593
8430
8593
7678
7652
8188
8010
8486
8980
8859
8924
9108
8917
8833
9305
9021
9308
9308
7778
8342
8578
8558
9088
9088
8980
8861
8866
7541
8720
8909
10336
10193
10309
9209
9009
9103
9910
9910
9910
9910
9444
11879
11879
12047
7383
7112
7112
11741
11741
11741
11829
11708
12094
11765
11618
11977
6974
6933
6925
7135
6889
6948
6785
6383
6628
6632
6438
6867
6567
6980
6791
6684
6786
6478
6563
6498
6212
6542
6477
6444
6409
6249
6265
6264
5986
10462
10994
10998
10994
10580
10500
10622
10763
10871
10923
10871
10679
10679
10887
10855
10889
10889
10512
10597
10512
10448
10499
10459
10576
10680
10597
9371
9577
9857
10095
9958
10095
10213
10257
10315
10206
10110
10257
10257
10257
10257
10937
10636
10556
10559
10693
10506
10428
10428
10506
10281
10257
10352
10748
10702
10683
10569
9920
9757
9898
10083
9963
9735
9914
10436
10436
10418
10502
10151
10083
10151
10011
10083
10741
10489
10494
10542
10505
10711
10542
10421
10421
10505
10505
10281
10492
10345
10401
10371
10311
10226
10389
8968
10083
10151
10057
9823
11315
11284
11399
11379
9141
8911
8637
8793
8465
8630
8609
8447
8499
7571
7292
7404
7526
7169
7244
7169
7244
7169
7122
7186
7186
7122
7427
7374
7261
7102
7141
7273
7188
7141
7476
7150
7313
7290
7206
7150
7206
7527
7527
7693
7346
7456
7452
7452
7561
7484
7427
7346
7490
7374
7265
7526
7277
7314
7518
7415
7518
7635
7453
7577
7180
7134
7702
7493
7413
7584
7290
7885
7748
7584
7150
7705
6304
6304
6304
6418
6505
6387
6432
6625
6202
6387
6178
6030
6178
6138
6346
6346
6497
6497
6549
6549
6448
6503
6612
6519
6415
6415
6415
6415
6138
6027
6178
6346
6912
6757
7010
7010
6876
6884
7005
6969
6876
6625
6850
6462
6981
6981
5757
5757
5735
5735
7024
7024
7024
7024
6917
6839
5715
5844
5742
5742
6199
6030
6014
6030
6030
6199
6248
6185
6248
6379
6434
6434
6331
6379
6016
6016
5946
6042
7043
7024
6507
6404
6421
6565
6964
6964
5844
5844
6462
6686
6850
6884
7016
6199
6293
6428
6434
6434
6560
6775
6565
6421
6331
6565
6195
6346
7011
7011
7043
6656
6656
6845
6757
6505
6387
6651
6876
6969
7026
7010
7071
7030
7026
7101
7071
7206
7024
7043
7005
7030
6969
7016
6364
6285
6285
6285
6030
6027
6027
6981
6820
6014
5844
5977
6027
5801
6014
5925
6014
6014
6069
5946
6374
6489
6268
6379
6193
6185
6199
6185
6199
6199
6702
6698
5801
5757
7043
7043
6449
6489
6560
6278
6278
6063
6331
5803
5780
5780
5803
6014
6014
6027
6014
6027
6027
5803
5838
5798
5844
6682
6503
6698
6448
6404
6507
6698
5995
5995
5925
6560
5861
6814
6742
6902
6871
5861
5861
6057
6057
6063
6057
6780
6404
6404
6839
6964
6835
6448
6682
6935
6935
7073
6934
5844
5844
7206
6934
7073
7073
6694
6848
6556
6712
6519
5632
5703
5780
5780
5780
5762
6541
6014
6601
6499
6499
6654
6760
6900
6900
7016
6499
5476
5476
6900
7053
6387
6560
6560
6650
6775
7180
7050
7101
7176
5552
6042
6042
6364
6291
6291
6346
6291
6291
6656
6820
6780
6917
6027
6291
6346
5803
5925
6014
6602
6685
6178
6285
6185
6266
6266
6185
5573
5618
6268
6193
5944
6278
6421
7073
5703
5467
5632
5618
6917
6560
7127
6346
6346
6042
6404
6042
6278
6278
6042
5618
5632
5573
5573
5476
5632
5307
5385
5556
5501
5501
5501
5501
5537
5307
5388
5501
5501
5388
5388
5556
5501
5501
5307
5308
5388
5388
5537
5537
5307
5307
5385
5307
5307
5385
5307
5476
5476
5307
5307
5556
5308
5308
5284
5308
5308
5476
5476
5385
5307
5385
5270
5258
5270
5308
5270
5307
5270
5308
5307
5307
5307
5487
5764
5624
5487
5798
5798
5798
5703
5744
5798
5838
5982
5879
5838
5982
5939
5838
5703
5916
5368
5879
5879
5939
5826
5939
5368
5982
6266
5916
5879
5764
5764
5916
5744
5408
5368
5368
5368
5368
5723
5216
5301
5301
5982
5301
5632
5368
5368
5373
5723
5723
5373
5556
5301
5301
5373
5373
5226
5373
5373
5258
5360
5360
5284
5360
5284
5360
5360
5360
5303
5303
5303
5258
5360
5360
5270
5258
5258
5258
5258
5258
5258
5226
5258
5191
5191
5258
5303
5303
5360
5373
5303
5373
5373
5303
5303
5191
5226
5226
5226
5226
5373
5373
5373
5373
5303
5226
5303
5303
5303
5303
5303
5944
5944
5829
5383
5916
5944
5982
5916
5885
5987
5944
5944
5944
5944
5944
5916
5942
5730
5545
5809
5946
5946
6042
5940
6088
6088
5987
5944
5829
5944
5987
5987
5589
5589
5589
5589
5893
5666
5524
5368
5916
6266
6063
5916
5916
5589
5524
5589
5885
5627
5627
5800
5723
5368
5524
5524
5524
5401
5408
5373
5530
5615
5373
5615
5615
5530
5615
5530
5408
5530
5530
5408
5530
5530
5373
5373
5373
5408
5373
5408
5408
5368
5408
5368
5368
5408
5408
5408
5530
5408
5408
5408
5408
5408
5408
5368
5524
5401
5401
5524
5524
5401
5401
5408
5368
5368
5408
5408
5408
5408
5408
6063
5888
5888
5942
5942
5987
5987
5946
5944
5987
5940
6088
6042
5946
5946
6063
6063
6063
6057
5809
5809
5942
5942
5942
6063
6057
6063
6057
6057
6057
6088
6063
6088
6088
5881
5942
5888
6088
5940
5852
5852
5942
5942
5942
5940
5673
5888
5809
6278
5944
5873
5942
5852
5893
5893
5893
5893
5730
5944
5673
5852
5852
5852
5718
5718
5589
5666
5666
5666
5816
5873
5666
5816
5666
5730
5730
5730
5666
5666
5893
5944
5589
5589
5589
5545
5589
5730
5673
5589
5673
5673
5730
5666
5666
5666
5730
5730
5718
5730
5666
5666
5673
5852
5718
5730
5718
5718
5718
5718
5730
5730
5730
5730
5730
5730
5730
5730
6063
6003
5910
6138
6138
6138
6171
6171
6027
6195
6195
6099
6003
6099
5977
6138
6008
5861
5910
5715
5854
5711
5711
5711
5711
5711
5880
5711
5854
5588
5854
5588
5552
5552
5552
5854
5880
5711
5711
5565
5742
5565
5565
5742
5565
5977
5977
5565
5552
5552
5588
5588
5588
5588
5573
5588
5542
6138
5977
5910
5742
5910
5861
5801
5801
5479
5622
5622
5542
5542
5502
5565
5502
6331
6331
6331
6434
6565
6434
6331
6193
6434
11917
11984
11920
11920
11917
11917
11928
11917
11928
11928
11887
11928
11928
11920
11920
11984
11928
11920
11920
11928
11917
11917
11928
11917
11928
11928
11920
11928
11917
11928
11928
11920
11920
10473
10275
11984
11920
11920
11920
11920
9867
9828
10105
10160
7622
8076
8108
8000
8115
8166
7975
8009
7811
7709
7665
7725
7909
7737
7836
8098
8297
8327
8409
8484
8462
8557
8322
8775
8354
8431
8954
8814
8311
10146
9959
10143
10143
10143
10077
10077
10000
10000
9930
9984
9733
9692
9585
9585
9692
9733
9884
9674
9419
10532
8349
7456
10524
10453
10285
10529
10949
10871
10629
10679
8666
10310
10455
10629
10819
10949
10906
10765
10805
10828
10680
10752
10254
10233
10165
10067
9992
10070
10070
10083
10083
9846
9846
9247
9493
9165
6854
6905
7014
6857
7270
7147
7059
7047
6980
7064
6985
6837
6812
6687
6738
7103
6856
6903
6916
7035
7023
7315
9472
9638
9702
10049
10102
9981
9880
10189
10361
10274
10189
10274
10257
10281
10281
10421
10409
10361
10357
9770
9942
9910
9858
9691
9703
9592
9587
9619
9619
9681
9833
9840
9856
10010
10278
10167
10240
10214
10214
9855
10141
10987
10923
10068
10068
10068
10068
10067
10234
10107
10234
10107
10234
10233
10348
10348
10348
10483
10384
10348
10281
10224
10224
10234
10300
10300
9849
9774
10367
10367
10409
10300
10409
10386
10448
10013
9726
10315
10528
10523
10634
10691
8827
9149
9351
8492
8492
7377
7384
7589
7115
7246
7817
7966
8852
9467
9796
9848
10064
9799
9799
9947
9718
9807
10000
10000
9799
9884
9665
9718
9603
9640
9665
9807
11126
11155
11315
11341
11101
11089
11245
11192
11429
11399
11341
11341
11056
11116
10997
10908
10768
10657
9789
10124
10124
10275
10657
10997
11315
11257
11399
11379
10383
10267
9664
9504
9252
10564
9079
4432
4336
4500
4602
4901
5253
5625
4539
4580
4478
5685
5250
4652
4711
4669
4587
4631
6828
6574
6701
6919
6627
4700
4760
4788
4757
5909
5842
5202
5491
5882
6590
6345
6463
6675
5089
5127
5107
5013
5082
5415
6709
6932
6832
7435
3301
12496
12493
4777
4678
4527
4290
4459
4930
4462
4258
4846
4897
4988
4931
4858
4776
4794
4794
4794
5070
4794
4794
4794
4671
6640
6534
6406
6447
6886
6468
6768
6747
6413
6743
6412
11138
11126
12316
11082
12053
11341
11429
10756
10756
12490
10558
12490
8085
1392
1417
1309
1350
1409
1417
1409
1384
1308
1351
1384
1323
1393
1400
1290
1396
1325
1426
1390
1307
1318
1332
1309
1417
1137
1205
1193
1261
1216
1228
1204
1216
1339
1230
1159
1236
1185
481
481
386
386
703
676
676
298
683
126
126
386
441
203
203
203
292
152
152
152
642
644
538
710
119
86
119
119
119
169
702
683
607
607
386
386
702
463
710
169
126
683
463
126
654
607
386
481
126
386
481
141
141
141
654
481
441
510
510
181
510
510
152
510
152
152
181
152
584
385
203
166
584
441
181
510
99
203
99
203
714
731
180
153
180
28
30
702
386
28
607
683
714
659
326
481
510
510
292
99
510
292
584
441
166
312
441
518
1341
1398
1345
1276
1247
1202
1206
1186
1059
1092
1125
1133
1134
1164
1139
1147
1114
784
854
863
545
786
855
713
817
651
801
639
726
518
574
67
78
30
78
28
22
267
161
50
22
50
50
99
267
887
980
928
846
776
489
971
819
506
456
768
762
795
504
448
940
938
919
395
816
705
393
128
745
528
96
924
901
878
1014
597
909
105
728
492
1026
1028
997
832
399
779
12485
38
239
225
766
457
686
266
363
730
953
961
986
916
250
219
324
305
227
165
165
34
34
49
144
269
266
1088
1080
1185
1132
1129
38
38
82
150
82
102
109
109
160
160
171
225
269
171
231
231
83
156
183
183
83
37
37
34
44
44
44
44
37
37
37
37
1097
10902
10285
2521
2482
2458
5017
7615
8126
7842
4600
8271
4776
10193
10092
6073
11706
11708
11708
11741
11741
11741
11708
11741
11708
11708
10202
10140
10140
9892
11315
7248
7378
7384
6815
7482
8912
9789
6716
9620
7695
5262
8588
12170
12091
12031
12151
12018
12059
12120
12007
11664
11763
11664
11664
11468
11320
11383
11403
11561
11561
11508
11508
11727
11684
11745
11727
11526
11441
11526
11561
11537
11506
11537
11537
11486
11402
11486
11486
11684
11684
11574
11492
11389
11329
11441
11441
11402
11344
11344
11415
11353
11346
11303
11297
11329
11269
11269
11166
11236
11269
11224
11242
11202
11204
11242
11314
11344
11314
11314
11314
11314
11314
11297
11314
11314
11314
11314
11315
11335
11335
11311
11353
11353
11353
11353
11353
11329
11297
11314
11297
11297
11297
11314
11314
11274
11270
11311
11353
11297
11329
11297
11297
11236
11236
11158
11139
11992
11992
11863
11863
11992
11863
11857
11763
11759
11857
11707
11764
11764
11759
11805
11707
11805
11805
11992
11863
11911
11946
11843
11908
11908
11911
11798
11798
12280
12219
12255
12198
12072
11320
11310
11310
11291
11275
11164
11218
11312
11264
11266
11316
11296
11193
11096
11145
11060
11096
11312
11964
11691
11884
12242
12187
12189
12228
12435
12339
12307
12369
12208
12301
12213
12159
12343
12337
11342
11223
11169
11186
12405
12420
12048
11900
12014
12175
12011
12192
11418
11552
11360
11364
11991
12007
11991
11991
12072
11884
12150
12148
12108
12087
11900
12044
11380
11331
11258
11265
11300
11235
11129
11156
11069
11076
11078
11128
11133
11064
11005
11049
10944
10969
11014
11069
11505
11505
11078
11234
11235
11293
11417
11636
11843
11798
11843
11843
12107
12133
12002
12060
11457
11389
11508
11457
11764
11764
11764
11346
11346
11521
11884
12436
12413
12465
12461
12256
12276
12171
12069
11516
11133
11119
12313
12255
11964
11642
11556
11651
11651
11543
11521
11316
11316
12204
12139
12322
12305
12074
12409
11402
11402
11402
11311
11270
11257
11311
11125
11148
11090
11074
11506
11506
11429
11506
11314
11335
11335
11335
11341
11142
11168
10985
11147
11190
11230
11227
11221
11334
11113
11113
11090
11098
11429
11429
11429
11429
11402
11402
11402
11486
11506
11506
11492
11506
11429
11429
11429
11402
11506
11506
11637
11086
11086
11314
12002
11610
11636
11718
11707
11508
11946
11908
11965
11908
11798
11803
11784
11863
11863
11727
11798
11718
11636
11707
11857
11759
11428
11609
11416
11416
11376
11416
11915
11940
11940
11927
11940
11877
11877
11890
11890
11890
12087
11964
11890
11890
11737
11482
11416
11413
11869
11779
11695
11697
11929
11942
11603
11627
11562
11717
11584
11645
11660
11735
11555
11533
11416
11416
11416
11482
11523
11745
11204
11257
11415
11415
11415
11415
11946
11423
11140
11082
11039
11039
11429
11429
11506
11344
11429
11429
11429
11399
11718
11805
11429
11455
10984
11041
11341
11341
11737
11737
11688
11688
11056
10988
11001
11764
11759
11911
11311
11311
11111
11429
11772
11772
11732
11812
11877
11877
11812
11812
11877
11812
11897
11897
11940
11897
11897
11897
11915
11894
11851
11894
11482
11564
11851
11773
11734
11696
11672
11696
11484
11548
11484
11484
11894
11894
11833
11897
11703
11703
11703
11703
11628
11628
11628
11564
11628
11573
11628
11573
11533
11573
11573
11573
11649
11627
11518
11614
11436
11436
11416
11414
11833
11709
11414
11609
11548
11507
11548
11533
11507
11507
11533
11554
11554
11614
11614
11573
11507
11649
11649
11573
11638
11663
11705
11638
11613
11613
11613
11696
11696
11705
11705
11773
11773
11772
11705
11772
11705
11772
11897
11812
11842
11772
11842
11772
11772
11705
10846
10799
10950
10969
11772
11772
11842
11705
11705
11705
11705
11688
11703
11649
10643
10709
10705
10735
10539
10479
10447
10394
10364
10303
10149
10041
10227
10149
9341
9044
9142
9435
10030
10169
10169
9864
10840
10672
10736
10754
9387
9216
9376
9591
8388
8201
8199
8475
8640
8822
8396
8572
9989
9987
9987
10126
9064
9130
9491
9473
7630
7582
7411
7450
10288
10342
10433
10390
9864
9906
10030
9864
9313
9310
9499
9573
9136
8938
9906
9989
10062
10062
9044
9052
7403
7375
7590
7491
8704
8921
8804
8695
7268
7307
7449
7460
10204
10227
9325
9085
9042
9325
9609
9842
9842
9565
7370
7320
7039
7187
9766
9744
9651
9709
9468
9601
9224
9152
8966
8804
8892
9348
9008
10227
10196
10334
10252
10402
10402
10516
10570
10681
10681
9864
9738
7291
10538
10319
10319
10427
10743
10616
10048
10048
9932
9932
9975
9975
9975
10007
7533
7626
8683
8495
8873
8806
10178
10022
10178
10245
10369
10451
10412
10323
10376
10273
9575
9298
9595
9573
9573
9611
10835
11011
10916
10829
10829
10807
10807
9284
9370
9082
9003
9709
9766
9893
9766
9709
9625
9709
9709
9169
9281
9398
9364
8279
8285
8443
8692
9785
9785
9694
9785
9999
10118
10118
10118
9709
9573
9564
9611
10876
10745
10890
9766
9744
9853
9893
9174
9460
9529
9381
9652
9628
8389
8366
7390
7443
7585
7512
7331
7302
7274
11033
10921
10921
11011
6033
5485
5336
6196
10946
10921
10982
10946
6495
6408
10965
10952
10836
10870
10800
5417
6107
11000
10982
11001
10899
7191
7164
4342
4449
4369
4252
4541
4412
4362
4461
6141
5963
6435
6255
7152
7086
7213
4215
4211
4039
4084
3966
4140
4037
3770
7038
7039
6936
7034
7161
7048
6862
5282
5282
6006
5901
5774
5839
6363
6167
4352
4191
4035
4166
3931
3890
4204
4234
4332
4671
4440
4290
4689
4635
4569
4698
7400
7152
7345
7400
7580
8681
8532
8719
8877
10155
10236
4135
4158
3803
3852
3771
4009
4027
3778
3857
3742
3759
3976
4030
3783
3834
5566
5650
5145
4936
7252
7352
7202
7330
7299
8317
8052
7942
7912
8440
8385
8936
8929
8868
10252
10147
5466
4129
4075
3877
3831
6332
7155
7178
8799
8367
9581
9441
4289
3617
3454
3306
3642
3598
3603
3573
3432
3398
3375
3204
3136
3739
3499
3424
3653
3616
3766
3786
12499
3489
3543
3645
3609
3554
3410
3709
3620
3629
3505
3171
3185
3266
3334
3156
3355
3346
3230
3289
3410
3357
3283
3401
3389
3275
3233
3309
3240
3360
3293
2637
2704
2932
2932
2691
2752
2849
2908
2842
2886
2737
2723
2669
2861
2638
2865
2797
2699
2735
2647
2611
2806
2748
2830
2682
2649
3105
3062
3150
3124
3138
3187
3032
3037
2871
3013
3016
2899
2927
2968
3057
3017
3017
2999
3026
2991
2937
2854
2692
2800
2762
2708
2571
2486
2624
2614
2623
2627
2500
2502
2532
2461
2561
2493
2411
2462
2381
2585
2621
2390
2451
2528
2412
2635
2496
2445
2295
2407
2387
1754
1779
1658
1617
2309
2239
2339
2401
2161
2256
2322
2186
1773
1806
1957
2013
2178
2103
1968
1978
1803
2003
2029
1877
2133
2141
1982
1976
2050
1980
1517
1656
1674
1551
1829
1817
1645
1695
1570
1735
1687
1495
1452
1713
1519
1414
1349
1469
1363
1442
1483
1483
1490
1574
1545
1556
1431
1466
1458
1514
1404
1374
1370
4259
12496
4132
4210
3450
3605
3142
3302
3005
2867
2776
2630
2475
2440
2094
2166
2318
1787
1967
1627
1513
1410
4493
4355
4471
4627
4091
4220
12488
12494
2914
3145
3121
3133
2940
3055
3039
2915
2234
2058
2271
2350
2353
2324
2184
2228
2321
3342
3241
3170
3148
7809
7884
9107
8972
8812
9007
9075
9232
9347
9175
9565
9512
8645
8631
8973
7046
6049
5372
5921
4671
8282
8681
10245
10193
10379
10584
10379
10379
10899
10824
12497
12498
12495
12488
12493
12493
4290
4425
4497
4135
9091
9161
9354
9337
9521
8987
10795
10718
10555
10515
10713
10664
10759
10759
10574
5655
5390
7690
7741
7741
7795
9210
8918
9608
9776
9832
9683
9775
9745
9788
9699
4466
4263
8014
8062
7908
7825
8626
8442
9033
9893
9753
9893
4290
4733
4934
12499
10988
10895
9709
9709
9573
9778
9778
9709
9744
9709
10062
10062
10205
10205
10126
10126
10343
10280
10692
10600
10594
10586
10617
10617
10774
10774
10800
10787
10725
9366
9653
11033
11014
9787
9688
10465
10631
10465
10975
10944
4724
4650
7669
7763
8049
7920
10950
7423
7378
7482
7722
7248
7140
5070
5070
9662
9790
9994
9911
7470
7420
9609
9565
9038
9601
9743
9926
9581
12497
10259
10259
10259
10259
12497
4070
4301
4298
3743
3921
3544
3405
2480
2351
1979
1823
1686
1508
1371
9606
9879
9902
9749
9509
9519
9461
9303
9031
9068
9285
9190
9270
9535
9354
9523
9777
9667
9539
9226
9226
9385
9385
10220
10035
9662
9842
9565
9408
9839
9859
9913
9671
9550
9589
9651
9651
9607
9622
9662
9408
9609
9690
9778
9085
9325
9219
9272
9216
9216
8597
10625
9741
9408
9894
9975
9893
9817
9682
9353
9189
9321
10269
10286
10415
10360
10339
10284
10223
10297
5006
5048
7111
7039
6047
4398
4220
3903
5136
3707
3500
3571
3510
3665
3792
3569
3597
3177
1977
1828
2012
1827
2059
2165
1849
1666
1701
1844
1697
12499
4450
4740
5026
4747
7576
7661
7850
8106
7792
7750
8071
8109
7913
7848
7783
7755
7989
7948
8084
8121
5070
12494
4106
4456
4351
9611
9901
9720
10243
10152
9778
10173
9934
10139
5883
5375
5334
4259
4540
3297
3212
3099
3046
2880
2611
2604
2476
2159
2160
2367
2093
1808
1682
1525
1418
12490
12490
10444
9778
9778
9778
9974
10006
9694
9639
9785
7864
7962
7686
7673
7691
7591
7769
7699
7570
7547
7426
7477
7628
7628
7701
7860
7891
7891
8281
8291
8321
8370
8173
8231
8170
7864
8169
8080
8241
8325
8434
8524
7758
7699
7896
7896
7537
7586
7764
7643
7429
7514
7520
7710
7598
7869
7889
7953
8026
7881
7877
8195
8070
8111
8099
8158
8151
8346
8147
8090
8090
8153
8081
7946
8042
8143
8091
8585
8732
8659
8545
8627
8862
9146
9062
9018
9018
8498
8335
8252
8368
8400
8309
8245
8318
8851
8798
8740
8718
8584
8826
8906
8703
9037
9164
9035
9037
8522
8472
8584
8562
8521
8507
8615
8731
8690
8615
8785
9035
8862
8785
8728
8614
8782
8728
8546
8527
8467
8356
8512
8897
8916
8934
9002
9002
8886
8953
8992
8906
8981
8955
8846
8906
9166
9282
9146
9329
8606
8606
7945
7861
7834
7771
7682
7834
7691
8070
7546
8563
8445
8857
9129
8950
8691
8498
8777
8840
8744
8782
8915
8915
8858
8846
9355
9355
9329
9329
9146
8950
8950
9160
9000
9006
9000
9000
7861
8011
8336
8224
8494
7756
7701
7961
7865
8376
8647
8618
8556
8989
8749
8556
9110
8925
9146
9146
7472
8107
8392
8337
8744
8836
8718
8624
8676
7506
8562
8739
10309
9045
8658
8625
9512
9778
9785
9778
9237
11927
11810
12044
7378
11772
11663
11705
11772
11772
12051
11709
11596
11940
7049
7100
6947
6958
6788
6405
6446
6593
6621
6868
6954
6704
6619
6908
6674
6847
6665
6471
6227
6318
6540
6292
6397
6359
6292
10343
11007
10972
10890
10538
10710
10606
10538
10865
10865
10910
10623
10807
10842
10928
10849
10779
10464
10464
10400
10550
10486
10712
10544
10423
10573
9521
9528
9682
10069
9901
9803
10221
10175
9934
10063
10232
10175
10175
10048
10007
10820
10549
10614
10614
10466
10466
10466
10320
10332
10195
10175
10291
10646
10475
10498
10646
9709
9651
9766
9932
9893
9662
9790
10385
10363
10351
10468
10109
10007
9999
9932
10007
10750
10493
10392
10507
10658
10573
10507
10349
10332
10400
10507
10109
10414
10296
10280
10235
10296
10063
10354
8556
9999
9887
9999
9826
11257
11315
11379
11399
8857
8736
8476
8324
8580
8372
8384
8202
8228
7263
7259
7108
7056
6893
6875
7107
7032
7021
7032
6929
7149
7146
7201
7149
7185
7185
7088
7088
7200
7203
7282
7349
7200
7282
7072
7015
7228
7546
7464
7337
7235
7329
7311
7240
7528
7355
7380
7235
7373
7276
7085
7310
7376
7241
7118
7380
7475
7447
7322
7496
6892
6893
7393
7203
7349
7575
7407
7682
7531
7564
7158
7804
6216
6216
6216
6216
6124
6303
6035
5957
5915
5915
5608
5641
5608
5641
5850
5877
6078
6078
6055
6012
6231
6172
6395
6395
6288
6288
6323
6216
5745
5886
5745
5608
6724
6724
6690
6724
6523
6706
6706
6568
6441
6414
6303
6035
6940
6732
5507
5572
5572
5572
6822
6906
6922
6822
6719
6711
5517
5517
5517
5517
5788
6045
5641
5959
5608
5641
6114
6114
6045
6114
6114
6100
6100
6114
5691
5691
5691
5691
6922
6825
6411
6445
6307
6151
6827
6827
5505
5505
6312
6128
6384
6562
6679
5878
6045
6451
6561
6561
6610
6610
6445
6445
6307
6307
5745
5904
6825
6825
6940
6645
6690
6623
6470
6323
6429
6124
6690
6806
6706
6806
6940
6901
6901
6957
6940
6922
6922
6922
6842
6706
6802
6842
5957
5767
5767
5767
5660
5641
5641
6661
6732
5641
5619
5656
5656
5927
5641
5641
5641
5518
5814
5691
6012
5934
6137
6114
6100
6100
5878
5641
5878
5878
6512
6561
5517
5656
6940
6940
6114
6156
6451
5837
5837
5837
5837
5340
5518
5507
5340
5641
5641
5641
5641
5641
5660
5340
5505
5686
5822
6402
6410
6411
6231
6151
6036
6411
6012
6012
6012
6610
5656
6663
6638
6548
6473
5572
5572
5837
5814
5837
5837
6711
6151
6151
6722
6586
6703
6055
6402
6550
6550
6717
6797
5699
5351
6869
6921
6892
6717
6548
6424
6328
6239
6055
5210
5210
5255
5255
5351
5365
6214
5641
6308
6007
6213
6473
6353
6663
6562
6875
6128
5507
5365
6663
6893
5915
6610
6451
6647
6610
6892
6929
6957
7015
5329
5808
5808
5957
5767
5626
5626
5924
5983
6661
6661
6744
6719
5656
5927
5927
5699
5641
6012
6623
6470
5915
5915
6114
5808
6012
6100
5175
5329
5934
6100
6036
5808
6307
6638
5518
5210
5210
5315
6822
6451
6957
5805
5821
5733
5837
6036
5796
5808
5808
5144
5175
5175
5236
5329
5056
5032
4992
5056
5056
5093
5175
5175
5093
5028
5093
5175
5028
5056
5028
5028
5056
5175
5028
5028
5028
5028
5120
5093
5093
5028
5093
5093
5028
5093
5038
5120
5120
5028
5028
5056
5056
5056
5056
5028
5028
5365
5210
5069
5038
4992
4996
4996
4992
4992
4992
5028
5028
5028
5028
5028
5028
5210
5351
5255
5351
5351
5351
5351
5351
5255
5340
5351
5351
5518
5822
5563
5684
5351
5351
5426
5340
5255
5255
5641
5641
5518
5563
5563
5808
5808
5365
5340
5365
5426
5426
5260
5340
5255
5260
5340
5255
5210
5351
5210
5822
5351
5210
5351
5255
5260
5109
5109
5077
5032
5056
5056
5051
5051
5051
5051
5077
4996
5032
5032
5032
5032
5032
5077
4998
4998
4909
4998
4998
4998
4890
5077
5032
4996
4996
4890
4996
4996
4890
4854
4890
4992
4996
4890
4890
4890
4998
4909
4909
4909
4909
4909
4909
5210
5260
4853
4853
4890
4909
4909
4853
4909
4890
4890
4890
4909
4890
4890
4890
5302
5302
5514
5302
5369
5369
5369
5563
5369
5514
5684
5369
5684
5808
5340
5340
5640
5570
5369
5514
5837
5814
5808
5640
5640
5796
5796
5369
5433
5570
5684
5514
5130
5369
5369
4983
5514
5238
4925
4983
5302
5808
5796
5369
5302
5302
4983
5238
5369
5121
5121
5150
5150
5051
5130
4969
4983
5130
5121
5027
5027
5027
5027
5150
5066
5066
5066
5066
4969
4969
5066
4891
4891
5121
5150
5027
5027
4891
4891
4891
4891
4925
4925
4925
5051
4891
4891
4891
4969
4969
4969
4969
4969
4969
4969
4925
4983
4983
4925
4983
4969
4969
4969
4969
4969
4925
4969
4969
4891
4969
4925
5814
5550
5550
5716
5550
5614
5540
5540
5614
5614
5570
5796
5796
5796
5837
5814
6100
5814
5814
5446
5540
5716
5716
5716
5716
5691
5691
5691
5691
5796
5716
5716
5814
5814
5640
5716
5716
5570
5570
5474
5570
5570
5474
5716
5570
5277
5550
5140
5837
5540
5446
5550
5550
5474
5484
5474
5484
5484
5446
5140
5474
5474
5550
5474
5341
5134
5134
5134
5134
5446
5446
5341
5134
5242
5134
5134
5341
5134
5134
5484
5238
5130
5176
5176
5140
5140
5140
5124
5140
5246
5246
5140
5176
5176
5134
5341
5176
5246
5246
5176
5134
5277
5550
5378
5246
5378
5378
5246
5246
5246
5246
5140
5176
5176
5140
5140
5140
6151
5547
5608
5574
5915
5574
5574
5574
5788
5547
5583
5457
5435
5435
5374
5374
5499
5641
5438
5394
5343
5169
5169
5169
5118
5309
5232
5232
5118
5232
5232
5118
5052
5052
5052
5232
5309
5169
5112
5112
5169
5112
5112
5112
5112
5374
5374
5112
5052
5052
5063
5052
5052
5268
4955
5052
5052
5374
5374
5306
5102
5102
5329
5222
5037
4955
5102
5112
4955
4955
5112
5102
5112
6100
6100
6307
6307
6561
6307
6100
6114
6610
11863
11863
11764
11764
11805
11805
11863
11911
11843
11843
11843
11843
11843
11764
11863
11863
11843
11764
11764
11911
11805
11863
11863
11911
11843
11843
11863
11911
11863
11911
11911
11764
11764
10450
10322
11863
11764
11863
11863
11863
9597
9642
9972
10055
7711
7884
8198
7991
8029
7823
7952
7821
8086
7595
7654
7694
7753
7767
8024
7853
8217
8206
8366
8389
8488
8314
8294
8645
8123
8373
8540
8702
8267
10166
10196
9986
9986
10041
9926
9926
9815
9888
9738
9906
9738
9469
9403
9403
9469
9522
9738
9357
9504
10526
8092
7240
10584
10584
10813
10930
10696
10623
8446
10346
10623
10696
10721
10839
10928
10823
10658
10719
10792
10827
10261
10208
10113
10113
9775
9969
9969
10007
10007
9753
9635
9321
9215
8781
6849
6841
6975
6976
7159
7239
7110
6977
6996
7042
7004
6754
6898
6766
6716
6928
6818
7007
6907
7227
7027
7109
9548
9705
9521
10036
9900
9878
10008
10176
10136
10136
10176
10221
10304
10301
10195
10320
10320
10355
10176
10003
10022
9466
9690
9573
9575
9595
9625
9635
9401
9678
9678
9677
9760
9979
9979
10145
10071
10200
10255
10108
9818
10961
10829
9985
9985
9969
9985
10066
10104
10066
10104
10104
10104
10208
10269
10269
10269
10422
10360
10360
10109
10144
10118
10144
10144
10195
9722
9758
10304
10304
10301
10263
10301
10400
10355
9997
9722
10317
10408
10527
10601
8596
7696
7425
7395
8821
9632
9707
9581
9926
9707
9650
9707
9888
9815
9650
9815
9560
9560
9581
9376
9497
11111
11138
11315
11341
10749
10749
9776
10019
10166
10147
10610
9776
4608
4417
4690
4614
5541
5033
5871
4507
4519
4675
5783
5472
4718
4827
4807
4693
4679
6923
6726
6599
6852
6691
4798
4753
4855
5952
5355
5504
5773
6370
5967
6282
6381
6604
5444
5079
5001
4970
6756
6872
6959
7509
3314
12496
12490
5045
4551
4703
4290
12488
4958
4655
12494
5184
4994
5029
4803
4970
4794
5070
4794
4794
6613
6631
6667
6420
6728
6624
6750
6758
1337
1210
1221
1316
1361
1331
1366
1260
1241
1353
1321
1223
1239
1324
1321
1312
1212
1327
1317
1197
1192
1243
1316
1227
1118
1093
1126
1105
1153
1099
1123
1213
1136
1112
1127
1081
1118
774
774
64
14
618
523
69
32
514
675
727
727
890
858
890
890
833
849
849
849
7
32
69
90
361
603
667
689
677
677
677
677
774
675
7
7
32
7
727
677
727
727
727
727
14
14
14
6
727
774
736
7
858
774
833
774
858
849
164
75
14
6
833
858
858
858
858
858
75
875
890
937
75
75
890
890
890
890
890
875
4
4
618
4
618
736
693
727
91
14
736
91
6
6
774
774
815
14
833
890
875
833
75
858
820
820
75
17
1344
1211
1320
1190
1225
1141
1130
1106
968
1015
943
1019
1000
996
1021
1037
1020
4
6
736
1
754
3
820
3
739
17
599
739
381
599
4
6
1
3
656
3
61
739
754
575
754
649
820
599
890
875
831
800
475
88
888
725
201
772
406
709
446
626
626
836
793
860
439
468
785
674
780
411
670
443
904
857
913
865
852
753
430
75
75
979
898
889
207
151
237
464
75
151
237
331
719
383
813
746
498
856
933
922
894
88
36
26
211
337
87
258
372
89
46
79
331
383
992
988
988
978
987
17
17
29
29
27
27
151
151
26
25
41
41
190
190
25
21
337
46
79
79
87
89
87
89
46
79
46
46
46
46
46
46
1013
2478
2483
2488
4828
7708
8001
7897
4730
8210
9888
11812
11732
11732
11703
11703
11663
11732
11703
11772
11732
