12259
12231
12137
12278
12110
12165
12137
12176
11789
11771
11789
11913
11599
11504
11461
11424
11622
11622
11749
11730
11712
11796
11822
11712
11622
11539
11712
11630
11604
11604
11604
11604
11630
11630
11604
11630
11712
11604
11685
11685
11445
11502
11502
11502
11566
11432
11494
11494
11494
11330
11330
11330
11339
11279
11251
11238
11251
11279
11241
11276
11319
11257
11276
11351
11365
11365
11432
11365
11365
11365
11365
11432
11365
11365
11351
11341
11341
11399
11399
11365
11365
11365
11365
11365
11365
11365
11365
11365
11365
11318
11365
11351
11351
11319
11304
11539
11330
11330
11318
11318
11304
11304
11219
11219
12070
12070
12045
12045
12070
12070
11913
11901
11901
11787
11920
11901
11984
11984
11984
11917
11917
11920
12070
12078
12012
12070
11930
12012
11930
11930
11930
11930
12330
12289
12330
12299
12190
11326
11326
11378
11247
11252
11188
11198
11247
11295
11324
11397
11199
11410
10997
10908
10900
11104
11378
11898
11913
11808
12350
12286
12190
12244
12417
12372
12357
12408
12221
12224
12274
12338
12363
12374
11268
11407
11144
11167
12428
12433
12099
12130
12114
12073
12156
12238
11460
11361
11439
11624
12083
12045
12045
12083
12088
12088
12181
12181
12215
12221
12100
11902
11375
11306
11286
11363
11322
11287
11130
11097
11120
11151
11175
11183
11201
11159
10854
10854
10873
10873
11070
11106
11497
11597
11124
11243
11151
11355
11368
11730
11917
11917
12012
11917
12193
12106
12165
12157
11595
11595
11502
11445
12045
12045
12045
11445
11445
11771
12013
12460
12424
12473
12468
12268
12141
12196
12302
11547
11180
11214
12355
12285
12076
11698
11787
11698
11698
11599
11420
11420
11343
12144
12250
12320
12384
12144
12410
11550
11539
11550
11351
11341
11319
11319
11150
11126
11048
11003
11604
11604
11637
11684
11432
11494
11456
11456
11456
11118
11068
11040
11093
11149
11282
11282
11308
11366
11307
11262
11132
11111
11086
11042
11604
11604
11604
11604
11604
11550
11550
11604
11604
11604
11604
11685
11604
11604
11604
11604
11604
11604
11784
11784
11685
11685
11685
11125
10966
12298
12193
11432
12078
11787
11811
11749
11749
11811
12040
12053
12040
11930
11978
11930
11930
12045
12045
11887
11811
11811
11887
11749
12013
11901
11597
11514
11519
11519
11519
11519
11952
11979
12041
11983
12041
12041
11983
11983
12119
12117
11969
11947
11924
11969
12025
11576
11529
11443
12197
12309
11862
11986
11895
11819
11943
12015
11668
11668
11702
11687
11683
11765
11743
11585
11809
11576
11576
11576
11576
11722
11647
11875
11958
11875
11958
12465
12450
12391
12482
11285
11257
11550
11494
11456
11494
12012
11390
11211
11143
11105
11075
11550
11550
11685
11494
11604
11604
11604
11550
11917
11917
11604
11604
11549
10942
10977
11456
11456
12411
11466
11820
11770
11770
11873
11888
10969
10999
11087
11901
11901
12012
12001
11351
11351
11212
11125
11549
11400
11903
11926
11873
11873
11926
11926
11926
11926
11969
11926
11926
11926
11983
11983
11952
11983
11952
11952
11952
11952
11647
11662
11899
11912
11800
11801
11754
11666
11646
11658
11646
11565
11952
11867
11951
11903
11829
11731
11794
11794
11708
11708
11708
11662
11708
11708
11708
11689
11689
11689
11708
11708
11731
11770
11658
11565
11478
11478
11519
11478
11867
11850
11478
11747
11646
11632
11754
11689
11582
11582
11654
11780
11632
11733
11733
11731
11654
11731
11731
11731
11780
11780
11794
11794
11754
11780
11780
11832
11832
11794
11794
11952
11899
11899
11850
11903
11903
11794
11903
11903
11903
11903
11903
11903
11903
11873
10652
10612
10640
10612
11903
11903
11952
11829
11794
11794
11829
11829
11829
11731
10655
10641
10773
10773
10438
10251
10271
10389
10092
10161
9799
9799
9718
9718
8884
8855
8686
8738
9998
9924
10086
10086
10833
10860
10701
10701
9073
9177
8976
8967
8131
8050
7995
7972
8289
8097
8178
8379
9725
9884
10000
9799
8970
9070
9001
8824
7396
7258
7204
7455
10352
10459
10523
10395
9585
9801
9914
9801
8641
9015
8872
8605
8369
8471
9621
9773
9773
9725
8686
8535
7163
7363
7321
7249
8296
8299
8466
8448
7012
7242
7167
7028
10092
10161
8815
8884
8738
8666
9645
9735
10033
9767
7251
7061
6953
6916
9693
9712
9713
9703
8979
8810
8810
8979
8666
8666
8514
8775
8708
10043
9952
10242
10279
10294
10146
10405
10429
10650
10650
9585
9463
6966
10476
10580
10500
10338
10603
10833
10083
9866
10011
10011
9904
10018
10068
9991
7184
7463
8484
8667
8570
8503
10082
10097
9770
9942
10391
10262
10406
10455
10313
10214
8828
8891
9299
9362
9349
9299
10938
10970
11088
10524
10843
10783
10524
9112
8954
8995
9217
9414
9727
9794
9794
9394
9414
9249
9230
9084
9083
8993
8890
8353
8460
8417
8353
9717
9641
9676
9717
10186
10321
10321
10321
9545
9305
9305
9489
10894
10970
10822
9675
9836
9600
9600
9220
9402
9356
9476
9600
9356
8277
8406
7417
7562
7442
7309
7204
7195
7262
11088
11088
10979
11100
6240
5930
5212
5298
10922
10922
10980
10953
6392
6360
10978
10992
10915
10915
10891
5597
5335
11102
11066
10980
11013
11054
11087
6982
6965
4371
4229
4280
4333
4487
4380
4299
4391
5646
6330
6064
5635
7009
7054
6961
4217
4036
4050
4188
3941
3988
3988
4233
6768
6534
6681
6708
6447
6468
6721
4957
5193
5352
5087
5719
6132
6020
5582
4089
4246
4171
4025
4105
4291
4147
4006
4085
4164
4260
4260
4705
4588
4499
4554
7000
7195
7160
7505
7350
8489
8808
8557
8489
10183
10076
3933
3806
3859
4086
3830
4154
3892
3916
3952
3833
3751
3935
3776
3866
3866
4847
4513
4813
4882
6855
6837
7074
6926
6653
7617
7574
7620
7650
7980
7842
8301
8331
8393
9959
9736
5392
3920
3800
3773
3905
6276
6961
6805
8364
8300
8855
9096
4248
3658
3664
3468
3506
3586
3394
3440
3634
3270
3162
3172
3258
3872
3465
3711
3662
3443
3901
3896
3772
3452
3578
3576
3474
3504
3519
3647
3511
3655
3490
3243
3363
3430
3197
3247
3385
3262
3353
3307
3358
3296
3324
3282
3174
3211
3312
3125
3223
3246
3189
2707
2869
2894
2732
2730
2897
2930
2784
2874
2756
2796
2923
2845
2677
2765
2755
2802
2640
2721
2700
2594
2636
2804
2564
2606
2705
3078
3140
3146
3123
3058
3090
2994
3074
2934
2936
3021
3001
2948
3007
2981
3029
3045
2949
2909
3003
2957
2990
2657
2618
2857
2811
2507
2546
2573
2612
2573
2498
2605
2520
2551
2355
2364
2473
2495
2424
2529
2504
2417
2389
2408
2466
2443
2437
2563
2392
2242
2330
2382
1777
1669
1725
1826
2249
2260
2272
2238
2149
2198
2303
2241
1719
1909
1946
1822
2108
1952
1925
2125
1863
1937
2022
2002
2117
1993
1959
2168
2119
1966
1565
1565
1650
1659
1833
1618
1690
1811
1560
1579
1647
1707
1605
1586
1723
1566
1446
1422
1401
1390
1461
1509
1606
1451
1563
1462
1451
1548
1459
1457
1623
1449
1456
12494
4123
4100
4100
3553
3667
3165
3286
2993
2686
2924
2652
2386
2334
2118
2257
2011
1762
1896
1567
1662
1432
4285
4462
4363
4151
4247
4113
4113
4113
3014
3079
3117
3079
2919
2941
3012
3036
2235
2107
2064
2320
2368
2370
2153
2327
2202
3265
3186
3208
3291
7737
7658
8746
8579
8579
8569
8573
8820
8848
8923
9492
9824
8420
8033
8126
6640
5506
5178
4913
4370
4113
4113
4247
8161
8417
10082
10241
10336
10309
10285
10453
10922
10661
4220
4220
4113
4205
4205
4164
3961
4498
4348
4102
9389
9445
9687
9586
9302
8900
10701
10732
10804
10596
10659
10814
10819
10994
10943
5512
5167
7599
7880
7917
7688
9078
8969
9034
9150
9413
9235
10164
10017
9992
10107
4214
4432
8003
7775
7806
7903
8409
8176
8604
9819
9710
9845
4151
4305
4556
4236
12487
10913
10945
9476
9623
9399
9547
9691
9495
9414
9648
9998
10134
10168
10045
10090
10168
10090
10000
10675
10605
10510
10589
10691
10661
10524
10617
10617
10665
10789
10768
10558
9312
9980
11109
10978
9610
10053
10401
10401
10596
10900
10652
4743
4619
7534
7473
7636
7462
7462
7615
8274
8087
10689
7131
7275
7278
7162
6941
6856
4957
4802
9830
10150
10203
10023
7229
7131
9645
9492
8671
9105
9359
9172
9286
12493
12488
10471
10348
10489
10489
3964
4028
4207
12490
4259
4259
3810
4022
3672
3397
2470
2323
1972
1794
1669
1423
1506
9765
9944
10117
10044
9208
9123
9041
9240
9076
9076
9154
9759
9793
9961
9800
9927
9937
9961
10009
8786
9005
8996
8917
10159
10253
9936
9886
9886
9990
9881
9980
10197
10001
9336
9350
9336
9246
9992
9861
9782
9602
9324
9495
9245
8815
8815
8872
8573
8967
8815
8125
10589
9404
9714
10067
10067
10128
10186
9418
9343
9115
9322
10566
10566
10636
10540
10502
10424
10359
10378
4844
4863
6670
6769
5451
4164
4260
3737
4903
3445
3630
3435
3643
3547
3399
3535
3486
3192
1997
1960
1809
2077
2173
2092
1845
1689
1759
1894
1693
4113
4328
4640
4357
4513
4762
7489
7421
7820
7660
7641
7797
7910
7762
7765
7839
7658
7524
7916
8115
8200
8061
4745
4113
4185
4436
4463
9545
9680
9833
10264
10302
9478
10215
10087
10074
5522
5017
5076
12497
12496
4363
3112
3224
3082
2910
2788
2656
2541
2424
2067
2213
2099
1925
1732
1781
1531
1461
12494
12493
10345
9538
9661
9676
4373
4468
10212
10210
9489
9858
9834
7940
7631
7693
7918
7846
7610
7551
7493
7541
7678
7466
7544
7588
7427
7776
7955
7955
7885
8459
8520
8403
8430
8298
8093
8269
8189
8128
8511
8511
8137
8496
8298
7659
7977
7992
7849
7476
7714
7476
7476
7488
7644
7415
7465
7819
7704
7465
8010
7936
7856
8188
8171
7981
7964
8034
8227
8017
8247
8034
8039
8204
8232
8360
7927
8089
8310
8048
9119
8518
9119
9294
9014
9081
9183
9183
9194
9395
8560
8410
8355
8543
8599
8455
8349
8517
8859
8791
8591
8797
8459
8526
8435
8459
9199
9014
9331
9331
8880
8957
8459
8403
8593
8526
8509
8509
8518
8518
9014
9331
9331
9167
9116
9138
9185
9089
8517
8616
8511
8593
8526
9167
8968
9251
9345
9346
8980
8674
8509
8756
8633
8509
8511
8330
9307
9484
9393
9663
8403
8621
7971
7751
7751
7905
7751
7518
7898
7736
7456
8511
8511
9339
9395
9395
8994
9046
8730
8770
9340
9346
9346
9340
8518
8518
9783
9510
9479
9546
9479
9783
9549
9050
9346
9534
9748
9475
7845
7998
8621
8338
8621
7776
7493
7965
7887
8203
8911
8867
8616
8693
8520
8939
8917
9023
9167
9167
7527
8066
8511
8435
8833
9109
9109
8509
8511
7493
8526
8838
10241
10193
10193
8506
8299
8354
9446
9231
9797
9752
9121
11979
11867
12144
6970
6738
6738
11829
11829
11794
11873
11873
12119
11879
11747
11983
7023
6854
6933
6974
6743
6890
6657
6230
6580
6567
6300
6684
6530
6783
6616
6491
6643
6322
6192
6176
5738
5891
5875
5724
5662
5652
5736
5696
5262
10312
11031
10970
11031
10599
10477
10629
10871
10901
10901
10901
10783
10524
10907
10933
10960
10993
10619
10656
10548
10580
10810
10687
10761
10863
10814
9250
9577
9695
9958
9619
9840
10213
10213
10194
10059
10061
10224
10151
10191
10191
10926
10805
10726
10797
10797
10726
10542
10583
10698
10292
10257
10344
10760
10782
10659
10417
9712
9655
9819
9866
9874
9867
9970
10315
10270
10499
10686
10186
10224
10224
9866
10083
10893
10693
10693
10739
10771
10886
10886
10421
10506
10656
10597
10186
10371
10206
10206
10201
10132
10089
10226
9021
10186
10321
10216
10153
11341
11335
11456
11456
9159
9159
8534
8609
8203
8518
8358
8435
8292
7037
6951
7171
7132
6912
6981
6912
6981
6912
6912
6981
6981
6912
7273
7273
6981
6981
6964
7150
7150
6964
7314
7157
7157
7150
6964
7157
7062
7304
7364
7569
7101
7050
7346
7289
7493
7273
7273
7101
7265
7361
6981
7171
7171
7171
7176
7188
7272
7465
7176
7314
7062
6902
7364
7361
7188
7361
7361
7518
7314
7361
6964
7702
6641
6489
6541
6641
6369
6304
6324
6369
5958
6056
6268
6146
6146
6139
6217
6367
6641
6374
6374
6746
6583
6871
6814
6453
6694
6694
6694
6622
6268
6180
6367
6367
6565
6702
6702
6702
6464
6685
6560
6560
6464
6505
6525
6387
6844
6844
5360
5402
5744
5798
6844
6964
6964
7062
6860
7062
5360
5613
5360
5360
6489
5990
5856
5938
5911
5856
5995
5995
5995
6556
6028
6448
6028
5982
5982
5982
5982
5982
6964
6964
6712
6486
6486
6712
7062
6964
5452
5613
6529
6575
6685
6685
6685
5856
6641
6694
6611
6612
6421
6612
6733
6611
6611
6611
6268
6367
6844
6844
6839
6535
6535
6535
6702
6428
6245
6464
6650
6650
6702
6702
6839
6650
6650
6839
6839
6964
6964
6964
6650
6650
6560
6650
6202
6056
5910
6027
6079
6139
6217
6844
6565
5856
5722
5794
5917
5546
5798
5798
5856
5856
5982
5982
6258
6217
6065
5982
5982
5982
5856
5838
5838
5856
6751
6899
5360
5360
6964
6839
6102
6489
6702
6299
6299
6299
6299
5798
5798
5798
5798
5889
5889
5889
5938
5938
5917
5613
6089
6062
5613
6871
6951
6951
6453
6583
6622
6902
5991
6089
6062
6565
5763
6912
6876
6912
6912
5856
5763
5982
6201
6266
5982
6902
6486
6486
7062
7062
6951
6453
6814
6814
7062
6917
6964
5722
5613
6964
6964
6964
6964
6884
6814
6742
6814
6258
5327
5214
5437
5327
5613
5452
6742
5838
6850
6760
6367
6866
6845
6685
6685
6912
6518
5301
5259
6912
6912
6144
6535
6434
6620
6503
6964
6917
6917
7062
5303
6299
5982
6324
6027
6364
6364
6364
6364
6535
6565
6860
6844
6065
6065
6065
6062
6089
5752
6535
6560
5958
6367
5995
6089
6089
5920
5360
5452
6062
5982
6299
6299
6519
6917
5798
5342
5373
5452
6844
6702
6917
6462
6271
5920
6299
6299
6299
6299
6299
5373
5373
5303
5303
5303
5327
5216
5342
5226
5373
5244
5226
5373
5373
5226
5226
5226
5373
5226
5226
5226
5226
5373
5226
5226
5226
5226
5303
5244
5226
5226
5244
5194
5226
5194
5194
5303
5244
5194
5226
5226
5216
5216
5216
5226
5216
5259
5342
5194
5194
5214
5216
5216
5214
5216
5216
5194
5216
5216
5216
5216
5216
5920
5920
5920
5920
5440
5613
5613
5440
5368
5677
5752
6089
5752
5613
6170
5920
5920
5920
5920
5920
5920
5920
5920
5838
5920
5765
6170
5993
5765
5920
5920
5920
5771
5765
5525
5425
5525
5589
5589
5481
5460
5395
5234
6089
5327
5368
5920
5460
5481
5368
5391
5391
5292
5292
5274
5525
5425
5321
5357
5357
5274
5274
5274
5274
5292
5292
5274
5274
5274
5274
5274
5274
5274
5274
5391
5292
5274
5274
5274
5274
5229
5229
5321
5229
5229
5321
5229
5274
5274
5274
5357
5274
5357
5357
5274
5274
5321
5321
5321
5321
5321
5425
5357
5321
5229
5229
5229
5229
5274
5229
5229
5229
5943
5943
5943
5943
5589
5765
5589
5835
5852
5885
6170
6170
5982
5765
5943
5835
5943
5943
5943
5943
5982
5982
5982
6266
6299
6299
6266
5939
5943
5982
6170
5987
5760
5760
5760
5760
5760
5760
5835
5835
5835
6170
6266
5835
5525
5862
5760
5760
5589
5513
5631
5525
5835
5835
5631
5631
5651
5631
5513
5425
5425
5425
5425
5425
5425
5496
5525
5496
5513
5513
5513
5361
5361
5525
5460
5361
5361
5361
5427
5361
5458
5458
5458
5427
5458
5458
5361
5361
5361
5528
5528
5528
5528
5528
5528
5835
5835
5651
5528
5651
5631
5528
5528
5528
5528
5528
5528
5528
5458
5458
5528
5982
5862
5862
5862
5862
6104
6266
5987
5760
6104
6266
6299
6266
6299
5943
6519
6388
6278
6519
5862
5862
6388
6088
5862
6088
6088
6028
6028
5862
6486
6201
6201
6201
6201
5862
5862
5862
6266
6201
6088
6088
6088
6088
6201
6104
5862
5862
5862
6266
5760
6104
5881
6057
5942
6104
5888
5942
5852
5760
5862
5942
5942
5881
5942
5942
5760
5631
5852
5760
5888
5760
5888
5809
5631
5809
5809
5809
5760
5631
5888
5760
5760
5760
5631
5943
5862
5651
5943
5862
5943
5862
5881
5631
5631
5631
5809
5809
5881
5881
5809
5809
5862
5881
5881
5862
5881
5942
5881
5862
5881
5881
5862
5881
5809
5881
5881
5881
6486
5958
5958
5811
5861
5910
5910
6058
5958
5958
5958
5958
5990
5811
5861
5861
5844
5844
5811
5844
5844
5489
5556
5489
5489
5489
5844
5556
5556
5632
5556
5556
5556
5556
5556
5811
5844
5537
5489
5429
5781
5537
5429
5781
5385
5781
5781
5385
5429
5429
5762
5556
5632
5762
5489
5556
5429
5801
5811
5811
5618
5781
5844
5618
5618
5489
5489
5632
5556
5429
5429
5429
5632
6519
6388
6519
6611
6611
6519
6278
6028
6612
12070
11984
11984
11984
11984
11917
12012
12070
12012
12012
12012
11917
12012
12045
12045
12045
11917
12045
11984
12012
11984
12070
12012
12070
12012
12012
11984
12012
12070
12012
12012
12045
12045
10275
10124
11984
11984
11984
11984
12045
9390
9144
10105
10246
7445
7863
8051
7880
8098
7904
7523
7744
7614
7461
7627
7892
7725
7525
7853
7880
8155
8064
8108
8152
8395
8313
7960
8160
7963
7842
8705
8717
7987
9736
9533
9553
9869
9640
9432
9432
9517
9567
9448
9517
9448
9280
9121
9271
9121
9209
9334
9034
8805
10335
8150
7053
10453
10529
10379
10529
11025
10901
10567
10453
8166
10241
10406
10567
10817
11025
11037
10951
10951
10959
10939
10906
10407
10370
10258
10254
10165
10107
10216
10224
10151
9727
9455
9066
9236
8813
6741
6904
6858
6652
7083
7147
6813
6765
6894
6910
6764
6274
6329
6249
6316
6689
6194
6475
6639
7014
7035
7197
9536
9584
9638
9855
10049
9820
9577
10278
10340
10095
10115
10213
10257
10295
10292
10542
10583
10340
10240
9770
9942
9163
9163
9092
9126
9099
9106
9269
9442
9493
9619
9636
9704
10010
10102
9941
10167
10148
10199
9755
10024
10979
10843
10272
10272
10272
10321
10233
10348
10305
10348
10305
10305
10333
10471
10471
10407
10572
10572
10471
10421
10421
10321
10348
10421
10421
9472
9774
10448
10386
10295
10292
10386
10386
10448
9849
9467
10270
10528
10748
10856
10824
8697
8995
9229
8279
8353
7377
7425
7734
6991
7100
7550
7795
8818
9467
9632
9796
9796
9188
9323
9360
9182
9153
9426
9426
9153
9334
9177
9060
8976
9060
8976
8976
11139
11178
11341
11399
11125
11005
11285
11285
11604
11549
11456
11456
10969
11125
10689
10640
10558
10472
9235
9674
9674
10124
10472
10969
11341
11335
11456
11456
10267
10140
9391
9012
8805
10443
8588
4480
4500
4566
4602
4993
5526
5753
4539
4552
4496
5933
5250
4782
4797
4901
4706
4652
6675
6597
6330
6771
6459
4538
4760
4773
4664
5978
5689
5407
5237
5989
6383
6204
6148
6590
5250
4961
5107
5167
4920
5415
6558
6857
6675
7435
3315
12494
4028
4914
4785
4795
4164
4260
4816
4600
4113
5114
5141
5004
4841
4761
4814
4745
4802
4802
4802
4671
4671
4613
4440
5998
6306
5954
5994
6456
5969
6352
6349
6181
6413
5986
11172
11178
12318
11174
12107
11399
11538
10612
10553
12493
10443
12497
7853
1307
1350
1237
1293
1332
1352
1377
1386
1269
1308
1386
1289
1393
1400
1330
1357
1245
1343
1368
1176
1261
1261
1237
1356
1148
1194
1129
1137
1160
1170
1219
1204
1323
1209
1159
1124
1148
401
563
578
313
530
390
390
379
530
122
122
298
510
181
166
203
463
126
126
327
644
608
608
644
419
345
345
176
86
233
598
598
538
710
453
453
598
453
644
65
122
390
65
180
646
642
578
563
488
488
488
169
169
169
463
532
510
596
481
481
654
607
327
607
126
126
181
126
497
541
312
288
518
584
510
596
117
166
138
166
722
738
379
412
330
65
112
644
453
28
65
453
692
688
313
313
50
607
481
117
596
463
651
541
306
416
441
574
1272
1359
1303
1206
1247
1187
1147
1135
1089
1143
1125
1125
1122
1003
1046
1058
1026
716
789
854
784
734
786
713
726
639
726
591
708
431
489
522
217
67
78
28
38
370
317
50
136
136
136
136
150
863
927
884
804
758
568
971
892
721
768
851
869
837
733
762
912
938
970
605
767
869
555
374
818
881
410
965
970
895
975
711
911
558
545
533
956
967
954
697
425
668
471
38
239
12485
779
457
686
465
558
822
930
911
829
917
417
256
616
539
448
555
440
374
325
123
144
254
266
1087
1056
1080
961
961
38
48
48
82
160
160
109
109
159
116
171
225
254
183
183
156
156
183
183
266
37
34
37
66
35
144
35
35
35
35
35
35
1075
10899
10309
2430
2402
2427
4662
7486
7726
7602
4696
7975
4728
10064
9594
5941
11873
11873
11829
11829
11794
11829
11903
11873
11873
11873
9892
9615
9615
9419
11381
6856
6941
7425
6406
7126
8818
9079
6203
9351
7221
5070
7943
12170
12091
12091
12064
12031
12064
12072
12007
11763
11884
11691
11691
11521
11521
11392
11468
11636
11718
11579
11579
11803
11784
11784
11803
11636
11508
11636
11636
11684
11637
11637
11684
11684
11684
11684
11684
11684
11637
11637
11685
11382
11421
11508
11508
11684
11486
11440
11476
11486
11383
11310
11310
11310
11275
11275
11218
11269
11269
11275
11314
11283
11236
11274
11440
11440
11441
11441
11421
11421
11421
11421
11421
11421
11421
11440
11381
11429
11440
11381
11421
11441
11441
11421
11421
11421
11421
11421
11421
11421
11329
11421
11336
11329
11336
11336
11526
11421
11421
11329
11329
11283
11297
11196
11197
12018
12059
11992
11992
11992
11991
11857
11763
11857
11857
11764
11909
11909
11759
11909
11764
11806
11911
11992
11992
11946
11946
11946
11908
11946
11946
11946
11908
12340
12265
12182
12228
12138
11312
11291
11383
11264
11266
11205
11237
11296
11296
11264
11376
11342
11263
11168
11217
11147
11145
11370
11815
11603
11884
12275
12235
12187
12243
12421
12351
12339
12369
12203
12248
12241
12180
12343
12324
11380
11265
11169
11217
12405
12398
12067
11893
12014
12129
12023
12161
11474
11551
11354
11358
12031
11949
11991
11991
12072
11884
11990
11990
12128
12108
11900
11900
11372
11347
11278
11288
11334
11293
11190
11209
11128
11121
11154
11230
11182
11133
10888
11096
11049
10888
11121
11128
11488
11488
11154
11209
11230
11302
11437
11636
11911
11908
11946
11911
12167
12182
12133
12060
11642
11382
11579
11610
11857
11991
11857
11382
11382
11603
11884
12455
12390
12447
12430
12211
12276
12149
12093
11555
11221
11135
12317
12255
12037
11543
11642
11759
11763
11543
11521
11535
11370
12241
12124
12326
12281
12074
12382
11476
11684
11526
11344
11314
11344
11381
11166
11164
11113
11142
11537
11537
11637
11637
11421
11429
11429
11429
11429
11239
11168
11169
11169
11288
11267
11302
11294
11350
11148
11142
11113
11148
11508
11803
11604
11486
11537
11526
11476
11684
11537
11637
11637
11537
11684
11604
11685
11537
11637
11538
11784
11108
11108
11421
12002
11759
11718
11806
11806
11718
12002
11965
11965
11965
11908
11885
11965
11991
11991
11798
11908
11798
11798
11707
11949
11857
11498
11518
11471
11471
11396
11414
11915
11915
11915
11955
11940
11940
11921
11940
11921
11990
12038
11815
11931
11830
11737
11471
11414
11459
11858
11744
11655
11695
11934
11925
11603
11737
11591
11660
11562
11505
11735
11721
11491
11533
11471
11471
11471
11564
11523
11885
11285
11285
11476
11429
11456
11456
11946
11386
11161
11161
11133
11140
11549
11684
11637
11440
11637
11784
11604
11549
11911
11911
11684
11637
11060
11147
11429
11456
11688
11812
11705
11688
11005
11076
11135
11857
11857
11946
11440
11440
11137
11476
11772
11772
11772
11772
11812
11897
11897
11772
11812
11812
11897
11897
11915
11897
11897
11897
11845
11845
11845
11845
11533
11573
11793
11845
11716
11696
11631
11696
11629
11629
11484
11484
11845
11845
11810
11897
11614
11709
11613
11709
11649
11649
11628
11580
11649
11598
11649
11580
11580
11580
11580
11614
11614
11628
11498
11629
11484
11484
11469
11469
11775
11734
11459
11631
11548
11548
11629
11507
11548
11469
11507
11548
11548
11614
11613
11614
11548
11614
11614
11614
11613
11613
11613
11613
11613
11613
11696
11696
11696
11613
11613
11845
11845
11845
11845
11845
11613
11772
11897
11772
11897
11772
11772
11772
11772
11709
10803
10689
10969
10803
11845
11772
11845
11613
11709
11772
11613
11703
11703
11614
10639
10772
10934
10705
10447
10432
10343
10303
10282
10204
9707
9743
9926
9987
8921
8841
8868
9052
9939
10093
10039
9911
10883
10713
10713
10883
9212
8960
9107
9212
8148
7850
7978
8139
8428
8357
8071
8069
9738
9888
9906
9816
9263
8709
9037
9164
7257
7416
7284
7089
10339
10382
10544
10420
9566
9662
9837
9798
8817
8750
8904
9086
8640
8750
9795
9738
9795
9934
8704
8711
7113
6978
7408
7257
8381
8597
8642
8378
7038
6987
7202
7187
10126
9987
8959
8695
8773
8921
9859
9859
9913
9897
7230
7111
6898
6936
9519
9564
9583
9597
9008
9052
8868
8711
8695
8475
8704
8850
8602
10099
10031
10227
10196
10252
10334
10450
10402
10586
10803
9798
9639
6952
10319
10238
10314
10464
10820
10635
9711
9635
9635
9711
9509
9380
9529
9628
7422
7507
8495
8407
8727
8783
10178
10003
10003
10178
10376
10522
10323
10236
10145
10145
8946
8727
9292
9273
9405
9292
11032
11051
11051
10829
10829
10844
10865
9284
9213
8942
8987
9434
9507
9625
9456
9434
9364
9364
9434
8737
8873
9118
9061
8282
8323
8314
8285
9473
9571
9440
9328
9607
9607
9745
9607
9226
9130
9130
8906
10919
10820
10976
9226
9218
9225
9218
9263
9424
8703
8749
8992
8992
8442
8267
7533
7411
7582
7568
7213
7274
7388
11121
11078
11050
11063
6337
5806
5621
6225
10946
11006
11006
11039
6443
6495
11092
11076
10985
11014
10934
5430
5962
11154
11080
11079
11054
7164
6971
4460
4523
4222
4262
4454
4384
4366
4461
6011
5853
6120
6333
7191
7192
6928
4148
4323
4108
3993
4080
4143
4139
4058
6818
6631
6624
6815
6811
6526
6412
5091
4976
5413
5282
5839
5585
5981
6177
4251
4257
3974
4124
3781
3873
4064
4137
4324
4395
4403
4324
4726
4511
4607
4727
7302
7152
7345
7412
7492
8488
8495
8595
8683
10155
10236
4037
4121
3936
3957
3862
3887
4078
3939
3747
3670
3642
3976
3783
3698
3750
4927
5026
4751
4699
6883
6997
6766
6938
6968
7695
7722
7501
7467
7920
8005
8295
8385
8190
10031
9986
5204
3996
3925
3769
3744
6354
7002
6864
8505
8214
9142
9052
4346
3470
3403
3402
3421
3575
3539
3432
3457
3260
3313
3136
3169
3742
3458
3424
3555
3615
3980
3707
3741
3415
3567
3685
3677
3531
3624
3723
3785
3693
3517
3191
3118
3217
3279
3236
3352
3425
3254
3280
3460
3436
3316
3436
3467
3275
3267
3240
3209
3338
3293
2673
2675
2790
2803
2691
2769
2946
2917
2876
2886
2737
2773
2743
2884
2701
2865
2829
2607
2724
2588
2581
2785
2670
2682
2579
2543
3008
3052
3152
3154
3138
3026
2937
3099
2800
2974
3016
2851
2914
3064
3063
3057
3101
3120
2958
2991
2880
2806
2600
2632
2708
2562
2474
2483
2641
2614
2623
2513
2545
2524
2494
2319
2461
2411
2376
2388
2462
2621
2558
2517
2553
2451
2412
2635
2459
2429
2246
2379
2194
1749
1791
1710
1658
2196
2225
2291
2339
2186
2322
2341
2200
1766
1806
1942
1984
2128
2182
1975
2005
1877
2029
2059
1929
2141
2207
2001
1888
2030
1923
1596
1656
1663
1551
1893
1853
1665
1739
1570
1687
1767
1632
1519
1735
1529
1380
1420
1537
1405
1444
1418
1483
1574
1577
1622
1584
1480
1430
1477
1638
1477
1465
1436
4098
4070
4098
3989
3375
3463
3119
3204
2976
2781
2690
2493
2453
2318
2094
2130
2203
1783
1891
1686
1508
1440
4172
4045
4203
4456
4258
4324
4163
4174
2840
3231
3145
3121
2794
2961
2940
2830
2197
2144
2189
2308
2452
2353
2178
2227
2270
3225
3201
3094
3129
7649
7732
8812
8625
8565
8658
8799
8960
9111
8889
9785
9785
8145
8049
8373
6667
5326
4939
5372
4427
8084
8265
10245
10185
10397
10509
10379
10309
10899
10824
12499
4067
12489
3976
3950
4067
4030
4446
4609
4138
8527
8647
8740
8740
9368
8986
10801
10816
10648
10635
10816
10573
10722
10759
10550
5415
5390
7654
7694
7884
7782
8964
8914
9158
9348
9316
9055
9190
9354
9091
9124
4626
4378
7911
7919
7829
7763
8268
8268
8551
9611
9611
9519
3904
4482
4537
12493
11076
10985
9226
9080
9551
9573
9583
9575
9507
9507
9934
10063
10139
10139
10169
10062
10205
10169
10609
10588
10586
10516
10665
10584
10774
10774
10975
10911
10625
9329
9606
11128
11092
9613
9338
10414
10635
10475
11060
10984
4742
4618
7590
7431
7657
7454
10969
7216
7006
7256
7383
6817
6817
4759
4733
9922
10038
10163
10106
7295
7194
9741
9637
8552
9296
9468
9441
9296
12493
10104
10179
9985
10066
3987
3877
4129
4098
3729
3743
3545
3302
2454
2328
1930
1754
1654
1532
1425
9420
9598
9719
9374
8774
8676
8555
8469
8281
8456
8469
8915
8950
9171
8934
9382
9470
9270
8950
8445
8392
8467
8785
10318
10229
9839
9865
9865
9723
9806
9905
10119
9809
9058
8858
8955
9174
8886
9031
9761
9673
9408
9207
9313
8966
8966
8734
9204
8966
9059
8157
10610
9750
9494
9225
9225
9225
9225
9544
9353
9215
9474
10298
10269
10269
10298
10308
10248
10249
10286
5336
5136
6826
6705
5623
4324
4163
3706
5272
3561
3426
3516
3569
3626
3753
3554
3758
3108
2000
1918
2057
1898
2012
2210
1869
1695
1758
1867
1699
4051
4286
4489
4593
4456
7299
7307
7740
7750
7559
7559
7823
7848
7727
7669
7587
7687
8002
7970
7994
8194
4624
4174
3913
4400
4234
9385
9737
9635
10111
10130
9421
10283
10080
10250
5381
5149
4944
4099
4325
3293
3168
3080
2880
2828
2648
2523
2315
2061
2192
2239
1914
1836
1661
1596
1444
12499
12489
10414
9651
9617
9459
9539
9777
9228
9642
9642
7835
7895
7597
7686
7752
7673
7618
7601
7477
7429
7264
7399
7494
7591
7506
7557
7785
7720
8153
8184
8472
8927
8173
8170
8031
8138
8340
8118
8118
8646
8363
8324
7689
7707
7999
8038
7185
7276
7380
7380
7344
7329
7426
7322
7485
7475
7475
8116
8118
7840
7906
8173
8056
7716
7882
8036
7990
7926
7945
7764
7938
8153
8165
7899
7891
8055
8055
8845
8845
8589
8627
8524
8741
8871
8871
8829
8777
8146
8147
8090
8136
8368
8335
8228
8147
8472
8224
8335
8421
8184
8116
8118
8627
8935
9113
9049
8925
8376
8346
8962
9017
9062
8736
8845
8925
8935
8935
8925
8925
8925
8925
8476
8549
8575
8533
8335
8335
8897
9113
9049
8853
8472
8522
8542
8510
8452
8193
8118
8445
8646
8862
8627
8712
9134
9256
9054
9355
8335
8143
7812
7575
7498
7556
7276
7407
7691
7969
7472
8897
8712
8691
8962
8736
8497
8404
8580
8665
8498
8678
8678
8685
8897
8935
9039
8927
9062
9268
8962
9039
9039
9205
8685
8736
8857
8542
7537
7643
8318
8143
8421
7547
7355
7953
7810
8040
8498
8335
8368
8116
8165
8346
8278
8763
8930
9017
7447
8372
8712
8118
8498
8601
8421
8784
8589
7355
8845
8450
10185
8610
8388
8446
9406
9499
9597
9642
9219
11810
11775
12017
7006
11703
11613
11613
11709
11709
12017
11695
11505
11940
7049
6991
6889
6923
6743
6577
6584
6704
6779
6977
6962
6755
6674
6748
6553
6728
6481
6385
5731
5912
6186
5921
5921
5696
5928
10296
11033
10990
10948
10427
10628
10427
10319
10865
10865
10910
10696
10813
10884
10785
10758
10849
10441
10355
10301
10441
10547
10549
10493
10430
10470
9528
9409
9747
9737
9803
9678
9753
9753
10025
10025
10250
9652
9808
9808
9628
10884
10445
10454
10422
10422
10293
10320
10237
10237
9652
9916
10318
10714
10486
10648
10793
9490
9491
9461
9647
9461
9659
9883
10390
10433
10353
10374
9622
9431
9607
9625
9647
10742
10392
10293
10320
10470
10470
10362
10179
9985
10301
10320
9622
10433
10232
10232
10173
10173
10123
10317
8368
9431
9225
9607
9500
11335
11381
11456
11456
8691
8617
8288
8099
8324
8589
8712
8118
8101
7015
7015
6913
6906
6906
6937
6921
6937
7019
6717
6638
6776
6776
7013
6800
6842
7032
6679
6731
6901
6901
6957
7096
6901
6806
6690
6690
6940
7393
7300
7259
7107
7124
7264
7168
7235
7247
7235
7021
7247
7032
6802
7228
7158
6993
6922
7182
7322
7260
7158
7198
6796
6719
7318
7003
7096
7185
7185
7203
7276
7198
6731
7282
5575
6172
6231
5575
6294
6410
6123
6123
5575
6231
5499
5475
5475
5319
5486
5309
5574
5574
5583
5435
5805
5821
5859
5924
5745
6294
6231
5641
5591
5591
5591
5691
6326
6476
6476
6326
6546
6546
6671
6671
6546
6671
6411
5937
6384
6384
4950
4987
5003
4950
6252
6365
6365
6384
6252
6184
4868
4929
4929
4888
5499
5575
5169
5499
5343
5319
5641
5641
5641
5499
5745
5641
5745
5886
5499
5499
5497
6244
6523
6523
5984
5904
5904
5886
6365
6365
4852
4870
6512
5937
6512
6744
6671
5457
5575
5745
6010
6155
6155
5919
6010
6010
5850
5904
5691
5691
6384
6384
6384
6259
6423
6410
6328
6294
6410
6294
6476
6476
6663
6476
6476
6663
6663
6476
6476
6623
6623
6429
6722
6722
6703
6671
6123
5937
6040
6231
5169
5247
5309
6213
6213
5232
4886
4929
5008
4907
5065
5232
5232
5065
5641
5745
5179
5179
5374
5641
5499
5641
5343
5232
5232
5457
5904
6010
4950
4929
6568
6568
5641
5562
5745
5745
5886
5745
5745
4971
5003
5222
5025
5171
5171
4975
4975
5112
5008
4971
4940
4967
5065
6035
6184
5984
5805
5886
5821
5984
5179
5063
5179
5850
4956
6327
6327
6288
6327
5003
5003
5745
5761
5761
5745
6184
5904
5886
6166
6166
6277
5610
6035
6216
6277
6323
6429
4940
4893
6470
6623
6724
6470
6216
6045
5957
5915
5610
4899
4899
4992
4899
5025
4893
5788
5179
6221
5878
6244
6561
6325
6561
6561
6744
5691
4926
4983
6561
6719
6172
6098
6159
6213
6213
6610
6663
6679
6724
4926
5575
5575
5937
5937
5937
5937
5937
5937
6259
6326
6184
6155
5112
5169
5049
4967
5063
5063
6410
6294
6123
5497
5465
5323
5179
5457
4871
4926
5049
5745
5610
5575
6010
6610
5038
4992
4899
4871
6252
6078
6679
5691
5937
5232
5886
5821
5745
5578
5578
4890
4871
4871
4871
4926
4890
4890
4996
4890
4890
4928
4928
4928
4928
4891
4928
4890
4891
4891
4891
4891
4890
4853
4891
4891
4891
4891
4928
4928
4928
4891
4983
4969
4969
4983
4969
4899
4928
4969
4891
4891
4891
4909
4906
4906
4891
4926
4996
4998
5051
4998
4909
4909
4985
4906
4985
5011
4906
4906
4891
4906
4969
4899
5271
5271
4899
4992
4992
5038
5025
4992
5038
5025
4893
4967
5047
5329
5329
4899
4893
5236
5271
5271
5069
4940
5065
4940
5069
5069
5047
5222
4893
5069
4893
5025
5031
5056
5093
5271
4996
5093
5031
5058
5109
4996
5047
4899
4992
5271
5271
4996
4996
5032
4996
4909
4998
5058
5032
5032
5109
4998
5032
4985
4909
4998
4985
4909
4998
4998
4998
4998
5058
4985
4998
4985
4985
4998
4909
4906
4985
4985
4906
4985
5027
5051
5051
5051
5051
5051
4985
5027
4985
5051
4998
4998
5027
5027
5027
5109
5186
5109
5109
5109
5058
5051
5051
5027
5027
5051
5027
5027
5027
5027
5027
5296
5296
5296
5351
5175
5340
5351
5175
5181
5175
5175
5365
5578
5578
5340
5340
5480
5351
5351
5480
5518
5518
5518
5517
5517
5656
5656
5351
5351
5351
5517
5517
5316
5315
5315
5316
5480
5480
5296
5296
5351
5578
5604
5351
5351
5315
5316
5316
5181
5316
5181
5056
5296
5296
5315
5316
5316
5315
5315
5132
5100
5100
5132
5100
5100
5132
5132
5132
5132
5132
5152
5132
5132
5138
5153
5153
5132
5132
5153
5328
5328
5328
5328
5296
5296
5328
5132
5132
5132
5396
5396
5315
5328
5132
5132
5340
5296
5296
5296
5296
5316
5296
5328
5328
5328
5328
5396
5396
5328
5328
5328
5517
6137
5902
6050
6137
5604
5604
5656
5656
5604
5656
5656
5656
5761
5761
6010
5850
6010
5850
5517
5517
5860
5919
5857
5857
5904
5745
5656
5919
5656
5850
5850
5850
5850
5604
6050
6050
5761
5860
5619
5857
5857
5699
5860
5619
5822
5902
5351
5761
5604
5517
5927
5902
5619
5619
5699
5505
5505
5480
5351
5699
5699
5902
5699
5600
5471
5505
5505
5471
5505
5505
5505
5505
5600
5686
5471
5600
5471
5607
5505
5505
5480
5396
5607
5480
5396
5658
5396
5658
5296
5480
5658
5607
5607
5471
5600
5686
5600
5686
5607
5607
5834
5834
5834
5834
5902
5699
5686
5834
5782
5834
5834
5658
5658
5658
5658
5658
5850
5433
5433
5692
5497
5550
5550
5550
5497
5433
5433
5433
5550
5550
5550
5376
5433
5443
5497
5241
5241
5200
5239
5239
5156
5239
5239
5239
5239
5156
5156
5156
5156
5156
5156
5239
5378
5246
5200
5200
5246
5200
5200
5140
5200
5140
5376
5200
5156
5156
5156
5156
5156
5241
5156
5156
5156
5692
5497
5497
4987
5232
5111
5111
5003
4987
4987
4987
5156
5156
5156
4987
5200
5850
5886
5761
5860
6010
5850
5745
5745
5850
11992
11992
11909
11909
11911
11909
11992
11946
11946
11946
11946
11946
11911
11909
11909
11909
11911
11909
11909
11946
11909
11909
11992
11911
11946
11911
11909
11911
11992
11946
11946
11909
11909
10322
10147
11909
11909
11909
11909
11909
9166
9417
9902
9873
7378
7838
8014
8073
8062
7633
7792
7600
7717
7408
7742
7681
7755
7908
7868
7743
7952
8069
8206
8267
8239
8272
8004
8156
8077
7935
8399
8540
8071
9683
9743
9520
9520
9441
9581
9560
9387
9599
9363
9469
9513
9513
9466
9315
9175
9175
9363
8792
9079
10443
7780
7108
10379
10509
10831
10898
10813
10623
8210
10245
10467
10592
10790
10930
10785
10658
10658
10658
10632
10719
10113
10016
9754
9754
9554
9255
9354
9431
9628
9456
9318
9131
8914
8737
6799
6841
7033
6976
7159
7100
7080
6920
7042
7008
6863
6472
6483
6310
6246
6693
6292
6673
6613
7298
7227
7209
9454
9443
9521
9900
9900
9747
10238
10069
10069
10048
10048
10048
9935
9975
9887
10237
10195
10221
10176
9758
9632
9053
9207
9207
9273
9156
9169
9401
9401
9678
9474
9678
9803
10069
10069
10238
10071
10108
10255
10108
9818
11020
10921
9464
9464
9464
9464
9464
9909
9909
10028
9983
10028
9983
10104
10137
10137
10179
10179
10104
9745
9745
9909
10066
9985
10015
9548
9758
10125
10125
9975
10015
10109
10175
10175
9996
9632
10289
10519
10544
10712
8335
7690
7305
7418
8692
9481
9093
9262
9435
9497
9264
9325
9376
9376
9277
9320
9042
9173
9142
9059
9133
11137
11172
11381
11399
10526
10640
9186
9604
9776
10019
10526
9504
4744
4628
5006
4774
5779
5280
6408
4718
4595
4775
6446
5871
4991
5002
5033
4778
4880
6726
6333
6517
6943
6725
4935
4994
4952
5952
5616
5773
5960
6370
5967
6247
6508
6695
5705
5079
5103
4970
6595
6756
6959
7492
3210
4070
4099
5054
5016
5048
4186
4117
4779
4293
4067
5384
5338
5366
4953
4851
4613
4613
4613
4613
6302
6131
6179
5986
6676
6190
6480
6393
1317
1284
1227
1363
1372
1316
1385
1217
1241
1353
1395
1220
1239
1364
1321
1324
1257
1336
1344
1266
1311
1286
1316
1286
1210
1198
1175
1167
1151
1175
1180
1241
1182
1155
1203
1145
1157
208
179
179
341
285
118
362
427
146
179
179
146
520
520
520
220
493
493
373
174
449
396
523
544
93
93
69
69
124
40
361
197
341
179
335
648
230
413
361
230
81
40
341
179
614
542
341
565
218
218
341
40
373
208
542
542
566
520
493
566
470
614
542
174
39
373
373
520
543
543
404
543
566
462
470
220
12
561
220
404
628
603
93
31
124
40
31
40
146
565
5
146
658
592
218
208
5
470
493
462
12
493
561
520
437
95
520
511
1320
1225
1327
1248
1248
1163
1130
1163
1034
1017
1000
1054
1000
1106
1113
1104
1020
650
724
810
742
798
694
754
666
717
611
649
629
381
484
299
281
91
64
9
6
24
10
4
3
3
3
10
10
826
890
875
831
599
475
935
725
725
836
26
709
18
74
796
950
896
943
240
59
785
715
586
291
670
323
903
904
868
811
852
548
349
632
360
948
974
962
593
593
482
653
259
480
482
601
719
383
706
746
383
856
933
866
862
29
45
25
26
18
59
89
89
142
209
383
331
190
1128
1057
1057
978
987
75
75
17
17
45
151
151
207
25
25
237
237
331
190
25
25
18
190
190
190
63
63
63
63
79
79
79
79
79
63
63
63
1070
2362
2414
2446
4730
7423
7708
7516
4442
8022
9591
11705
11705
11705
11703
11614
11614
11705
11772
11772
11705
