40835
40862
40763
51175
81276
122923
40763
40663
45759
44374
45759
45759
44259
44308
44855
44855
45075
43317
44120
45075
101011
143829
101025
101011
43309
43317
45075
45075
125361
100975
148640
125361
43309
100975
125361
123365
100975
101011
85183
148640
42634
42659
42634
42634
123365
42492
42492
42454
42470
43440
42560
42744
42744
42744
42744
42806
42806
42806
42896
42920
43826
43044
42896
42492
42844
42492
42492
42844
42844
42844
42844
42844
42844
42844
44931
44003
44931
44931
44003
42844
42844
42492
42492
42634
42844
42844
42844
42578
42844
42578
42844
42844
44931
42920
42920
42634
42560
42736
42578
42578
42578
42920
43009
42880
80604
51701
122024
122024
122024
122024
46257
46257
46257
45759
48107
46308
46308
48107
48107
161326
161326
48107
80604
140418
140418
80604
126536
126536
86009
86039
126536
126536
47095
40888
85682
51179
40624
43440
43440
44853
44853
43431
43833
43431
45426
47028
47028
77196
45340
45444
45327
45816
45816
45327
44838
84532
45900
162580
46663
46201
40624
46663
136316
128941
99206
85627
76543
76534
152612
76869
156695
152585
45359
80436
45340
45359
159938
152605
36052
125137
36045
36045
48158
48143
33765
85291
85303
33682
46309
46309
46309
50837
45900
40663
40591
40562
76534
40517
34163
34163
147534
126673
162470
164687
147539
163609
45894
47514
137522
127587
127533
127533
127589
127553
44578
45474
44567
44567
47514
108884
85233
78942
137641
127652
157229
133560
33524
45075
126536
126536
126536
126536
40946
50974
119083
40862
45167
44668
42659
42705
46308
46309
46308
42736
42750
44374
46257
157250
136341
162188
165121
48185
33895
47889
49348
33464
127457
127633
51133
41102
40663
44270
45759
44286
45167
44374
45525
44838
77196
34243
85703
100942
155285
34243
130459
42454
123365
148500
42994
42994
42994
42994
43585
43585
44499
44567
125361
148500
148500
148500
42844
42454
42454
44922
42470
48049
50712
121078
121078
127587
127652
161832
165913
84870
85365
165913
43671
43634
44499
50712
148500
42431
42431
148500
148500
148500
148500
125361
148500
125361
125361
137480
148500
148500
148500
148500
125361
125361
101025
85183
85183
87450
137480
44627
44627
40986
40946
42844
119083
44668
130613
142196
130613
130613
86009
86006
86009
86039
86048
101012
101012
122024
46309
143829
143829
143829
143829
142196
46257
46257
140840
164917
87320
87339
87339
87306
129504
34240
47602
140226
47602
47602
157929
144084
40517
40591
121550
118758
119200
121550
47447
87320
46089
160514
32301
108693
36216
33843
34130
34263
33775
50899
162573
166839
34068
47381
34081
51188
33339
51563
34024
87298
87298
87320
87306
122179
46089
163046
86048
163046
126250
159878
161071
158391
155600
42972
43036
42454
42454
42454
42454
140418
33604
127462
127888
130863
130863
42431
148500
148500
42470
148500
148500
42431
42431
161326
161326
137494
137494
137494
45816
48791
44922
44922
147412
32355
32235
119200
121927
129501
157929
44638
48791
136218
46308
46308
140418
126814
44931
44931
127846
43634
42431
33954
129504
129504
129504
129504
157929
157929
47602
157929
157929
157929
47602
121550
157929
144084
129501
129504
129504
129504
34263
129504
162518
87579
122616
122616
122616
122616
122616
122616
130590
155306
87566
87553
140226
34179
140226
129504
121651
129501
121651
121651
121927
150855
129501
87579
150855
150855
129501
87579
87579
150855
150855
150855
129474
121927
87583
116717
87553
117494
87306
87306
122616
122616
87551
155306
87566
87566
130590
87579
87298
87306
87579
130590
87566
130590
129455
129472
87579
129455
121651
129472
130590
121651
121651
121651
122616
122616
130590
122616
122616
122616
122616
140226
122616
140226
122616
140226
129504
122616
47602
144084
140226
144084
140226
144084
129504
129504
45523
45474
78545
78545
129504
140226
34179
129504
129504
129504
129504
129501
129501
121651
142071
142055
164373
48083
142165
158876
78004
85814
84518
166990
29577
29407
48770
79634
27965
48184
27911
27764
50729
39081
39138
39563
158189
136709
136412
122223
28572
28606
28379
28439
122924
108651
108651
98862
51454
99719
84473
117500
29236
29026
29276
29236
38683
39780
164884
167593
93577
93266
93335
93335
37579
37314
37367
37868
28637
39638
140920
28977
154166
154166
78375
99481
141684
117500
28977
29503
29026
29236
27592
27771
93196
93259
93211
88241
98717
156652
35741
27717
88189
88159
88059
93090
139584
126458
28411
28292
29765
28837
38997
143839
38912
39108
97998
97982
116885
88987
120615
120618
121182
120618
9617
48593
28896
50733
49821
27710
76868
7871
27518
165275
148108
128332
128521
128264
128953
142155
148579
121558
45680
46429
28612
88299
24204
26213
26213
24113
157468
158189
39847
87390
20892
20585
85612
26558
39943
39943
123782
125131
85443
30530
30859
39810
983
3200
3200
889
18804
18270
48709
47215
24379
24281
30809
141832
118748
118748
141832
137191
141344
153881
153881
81214
117169
47204
50934
1772
4241
2125
2125
121182
120618
85612
120618
27289
121182
121182
25760
48580
48580
31265
30716
46833
4476
5148
9782
38588
137191
36741
38588
23783
23270
23723
23723
141832
121956
99481
154166
154944
156180
147700
121182
120618
84982
78396
36395
36660
121965
141832
100876
49125
99544
85443
123885
124659
123989
124202
123806
123885
123646
165462
159216
145589
156610
73641
126155
74807
65887
148566
127923
129280
129286
74308
152671
153859
151772
141260
136412
141260
125442
133465
137641
129280
127923
127923
127893
136218
98175
124091
64014
64068
71014
63846
61870
63705
63762
63479
128135
76338
75465
148327
123435
123667
97609
114601
116495
74910
65780
67375
71100
67899
67410
88780
89145
88693
129089
118885
120537
125611
89909
90354
90374
91118
116406
117518
91738
111448
63657
63636
109019
115905
111042
109050
110348
109244
113389
113401
114010
90925
62090
62294
62211
62118
124229
123893
124296
154875
124335
46560
34577
30999
31012
18212
18417
70558
74908
70383
70325
67746
64638
64741
158775
66145
111006
110627
112250
112190
111955
111913
91477
110193
109785
89651
118999
97955
88964
93188
121672
88217
137343
88101
88300
118519
118692
151886
118713
99597
128369
139597
115815
69908
69847
74954
129724
152657
92800
126246
78353
51390
48184
50733
64551
110798
115825
113567
110823
112592
115208
112616
112655
115614
115381
112847
112784
115849
125451
153804
111766
113647
70878
113197
113237
69637
69959
70121
70157
66149
66459
64784
64843
72816
136852
150506
140958
116289
115865
158897
66122
65028
64992
65070
68128
65379
73559
75117
75455
70660
72572
69464
69534
70245
69507
68100
68514
68067
68068
71120
67539
66574
66643
67167
67243
66714
66621
66006
71826
148162
159609
138456
139326
159536
162195
68769
160848
153443
153368
139169
139246
129008
147599
65142
65108
69274
71018
114701
131752
141840
113319
115887
113331
149782
65630
65228
65650
65298
67484
68574
69165
153580
158904
139105
139197
130354
138749
139147
139172
66717
66757
66802
153767
148362
147248
139287
71327
70959
163621
68834
68953
70839
75512
67239
67055
67239
71144
156386
74709
67274
141371
142730
142676
143071
142878
143173
143122
142961
122269
144118
71343
69045
143061
133052
141964
164255
160521
161215
160293
155955
73048
154152
155359
73589
150683
158736
151675
148126
142506
142917
142617
142607
142340
142818
159419
157856
159445
155531
150731
145715
155845
155979
150076
147121
156266
157389
149842
150054
150609
153708
149941
150101
157098
162639
159485
147820
147817
153302
146406
146493
146523
146261
149702
153684
146368
150144
149978
71478
71478
130296
140791
113027
112605
114139
112942
114817
153634
115526
158154
154477
154452
143231
142484
163706
147648
143010
151143
151179
153339
111517
115394
114394
114992
115783
115783
113517
113517
122703
65379
71328
70696
114920
116010
116327
114895
142243
142432
143075
142226
68387
68358
75251
67089
84962
116020
115554
115715
115304
124516
124239
78454
49821
77193
137364
78191
78454
78191
28561
39499
39499
164043
97550
128814
89253
89695
91203
89876
90800
160379
113517
130146
128631
4605
2902
3736
9544
3141
5105
48359
127923
127906
159522
130376
159669
112362
113944
113438
113476
125304
113917
73705
31410
25309
25271
50931
31486
47949
136412
147661
147660
150838
99491
22942
26132
23076
23795
73757
73319
152451
124771
124737
155325
19738
30252
7884
46402
85211
7787
22355
25981
25838
22688
71816
65605
99482
124370
124700
130091
39873
39867
48596
85612
120615
85612
114168
110241
91251
159522
159522
45646
47288
141832
121182
118748
121182
137191
137191
121182
27289
47472
39531
125859
29503
29503
29415
29415
29276
138106
142108
123023
123023
140390
140390
140390
48384
137142
137092
46131
48638
45944
36322
39376
150845
153859
36353
39666
125132
50654
143422
45641
45571
140676
119144
93584
93700
96644
96681
99127
108931
97662
97549
78545
119030
133429
99127
97783
97854
97854
89921
90584
38733
38508
37687
39230
87926
88438
39012
39499
130963
17302
29678
29391
29466
159677
130376
25043
25043
25043
21649
130510
114198
76407
159684
76407
81260
114532
111662
113871
113620
156731
151008
165146
142853
151063
158170
151129
39360
25392
22820
39409
121956
162505
167161
141684
165428
50597
165428
125188
25229
48821
24666
22866
26686
22795
22820
167190
167658
167524
167151
37281
37281
39499
39591
39003
154606
36694
36823
38207
38504
167519
165117
78338
99481
26359
25981
39591
38588
143792
78338
78338
28656
28411
78267
78258
28411
28591
98708
45944
121107
121107
24593
84982
39943
26055
85064
47392
51649
50509
21832
21706
21706
21832
37082
38282
38282
38280
99270
67690
88622
88463
89581
113401
113953
143572
133501
116387
113068
71616
73451
73502
75382
79650
125375
111147
148222
140212
156969
122341
133039
137869
152706
146172
146987
154791
147021
113471
74946
111240
109488
114025
109714
87799
87853
121049
87799
87734
87734
98204
98006
124342
100418
124035
99146
124951
125864
119336
141079
89968
113517
113148
109149
109087
141832
20589
20589
37030
36927
78331
37687
38350
143839
111513
110130
109968
159684
125500
110447
69612
70209
69247
68740
68712
68718
69074
68890
164655
125462
158590
161328
155808
155904
155442
155432
159677
159672
116456
38588
38588
78331
72787
61685
22696
22339
165117
39591
39591
84432
48278
85951
84432
48270
79455
154533
157025
136609
154519
121120
141781
141781
116713
100182
77867
77868
79381
159730
118959
164409
159730
40437
48862
77272
40437
122115
40367
154110
165167
80346
40397
128841
122115
159937
150403
130842
122334
158764
126119
86231
136609
86200
77918
78393
78393
78988
160085
163051
155043
159798
40347
48253
77981
78017
77283
84428
77733
77353
77369
77587
159832
159749
122873
162014
128900
133316
40182
40239
46759
46748
46746
46709
27004
27004
80294
50197
77832
77645
77666
125719
141375
125719
144076
160051
150820
165314
167276
167276
167318
123319
123319
167318
36276
39735
36156
36257
80249
150960
167035
163075
36663
140630
36600
36601
39762
36611
36195
40182
36156
36156
80249
80390
80374
80224
163740
159252
46687
36587
36654
46709
150820
122751
117012
126482
137403
166348
167471
167269
164594
36624
36624
36478
36364
46439
48205
48205
167113
166854
77331
77494
77464
77416
140404
77949
40308
48452
79474
39762
40239
87441
46696
26964
80224
80260
80315
99446
122866
122844
129112
87441
36523
39735
26326
26327
26327
26964
26991
27332
128574
36364
122855
49802
27332
129112
77548
77571
159828
159061
166854
100182
156908
122873
119335
77733
152840
152823
159272
167584
167115
150960
167157
80421
36139
36139
126267
40298
122144
159774
152840
152842
152842
85143
36523
130842
36587
100250
3141
1881
3141
78353
51295
51329
38588
78331
141832
165117
47374
34240
34179
34240
97854
99730
126321
129504
121651
129504
129504
121651
40517
34263
140840
47602
133095
148234
157770
130017
157001
130873
141059
74116
74253
74313
74353
123749
158438
160627
146104
167065
98450
152675
142019
89377
89513
89354
89387
89448
92409
93509
98124
98124
90447
85786
140851
156180
137383
23881
24204
30138
23881
147170
147170
25596
47204
50934
137154
122795
26625
35693
23166
23166
25537
48215
38181
37310
39705
21757
22942
17572
19929
25535
20481
20631
20545
21011
39847
37917
38036
154606
26558
26558
26558
26754
154944
21585
21361
21361
21458
21643
21459
21459
21459
26754
26754
37519
38686
100109
76723
37967
118748
120618
120618
39943
85612
39591
39003
38665
37826
37244
39271
23783
26558
26558
85612
26558
116873
21603
21585
21249
21206
21249
21249
21934
21934
21163
21516
23270
38665
39691
39443
39531
39153
38854
85786
150960
23783
23783
23783
22470
43343
42972
42454
42454
80243
80243
81336
81334
81334
40233
40215
159768
108913
123389
86407
86435
154544
122688
86407
86327
86256
86318
86318
86234
86234
164930
86164
86164
163982
86324
99991
99811
99811
99908
123001
99849
99831
99792
121777
121689
87219
86065
86873
126267
86079
86079
86065
86129
164383
164383
86200
86177
86129
147786
163982
154544
108654
108654
108667
152974
167567
160741
160739
99571
87196
86438
86873
99904
125503
121614
99890
77949
99571
121629
100015
77918
149338
158610
149358
149338
149595
164688
121762
86943
158610
159934
157845
164353
164353
86822
86678
86678
86618
86839
154919
148429
153903
153903
144039
144039
148903
149026
148903
148872
147711
157845
126353
126353
149554
148844
148827
148820
167346
126890
126890
165618
164334
86932
157455
108855
165179
149559
149294
149294
149294
149294
154203
99936
154182
154182
154203
144030
157781
157747
157747
157781
149221
158610
149061
149233
149233
149221
148984
149006
148984
148984
148904
148953
148953
148953
149027
149142
149158
149105
99936
160988
156975
158493
160897
160858
154182
154182
165112
165112
86920
86935
86935
86371
86371
149054
149026
148872
148971
148934
149139
154292
160858
160865
167195
148971
147711
86795
157208
161007
161007
148844
148844
148827
148844
165956
149363
149595
148827
159952
151202
100006
165179
159952
151202
100006
119298
132900
87284
160988
167079
167079
165618
86327
164649
164649
162922
161276
149233
86859
86857
149559
149554
149061
163580
153249
153249
159615
149155
149218
149218
149155
149142
149158
159560
86743
86695
148984
149142
149027
149054
149027
149155
149155
154252
154201
167625
167625
99919
119298
148904
86626
148872
157245
167332
167332
157245
149298
149391
149391
149255
149192
149250
149250
149192
149192
149250
165875
159226
167109
157723
144019
156975
153797
157245
158110
158110
153797
159560
159560
159560
148872
159615
86601
86513
100605
86516
149255
158310
149142
164130
149182
149158
144030
158493
160875
126096
100885
100885
154940
144019
144019
100605
100605
87284
157723
165875
87220
87284
87220
87227
148358
148358
86542
148358
161940
157757
149402
149402
157757
165875
157757
86542
149155
86513
86615
86794
86907
86784
136567
86376
86861
86897
149308
149308
86472
86861
165602
148872
149139
149139
154292
87196
164930
99973
87207
149308
162512
162512
121762
161276
161275
161275
161271
161271
148844
149139
154201
154257
86716
86716
86695
163580
159226
149333
165956
149595
158622
158622
149027
161754
86757
149027
157781
157781
86713
149142
166927
166362
160932
86516
149391
149402
161123
161123
154257
148872
99973
86897
161275
149105
158493
166927
166362
157245
166927
161123
161123
163704
163719
152782
161123
149408
149417
161138
161138
165384
165384
165384
165384
165066
165066
161138
161138
165066
162294
161138
161138
161138
165066
162294
165066
165066
163704
165384
165407
165066
149327
165407
149382
149327
149382
152782
152782
149382
149393
165752
165752
165752
165752
162294
162294
149308
149308
149417
149327
149417
165752
165752
151024
165752
151024
149382
162295
162294
149393
149382
162295
155157
149539
149456
149480
165879
165867
155157
155157
165866
165847
165867
167109
159226
165867
149430
149430
149539
155157
149470
149456
149456
149439
149430
149333
166455
165848
166108
161754
165848
149539
149439
149539
165847
165847
167221
158309
152736
165866
165848
165866
149480
149491
149491
161754
149491
160780
149480
149480
167207
167207
167221
167221
160780
149491
149491
167221
149565
149565
149565
167223
165548
165555
165555
162650
167225
167225
165555
167223
165555
165551
167223
167223
165548
165555
167222
149498
162650
165548
165548
162650
162650
165548
162650
162650
149498
149498
165548
165548
165543
167679
167223
165551
151742
165535
165551
165535
149491
149491
149498
151742
149565
149565
151742
151742
165535
151742
151742
165548
165535
165548
165548
165548
164612
164612
164612
164612
164645
165848
165848
152736
164637
167331
166108
166927
166108
149470
164612
152736
164648
164617
164628
164628
149158
162512
162512
164648
158920
167332
167331
149470
164628
164612
167331
167331
164639
164639
164617
164637
164648
164637
164582
164582
164926
166927
149182
164645
164645
164617
164582
164645
164645
164645
164645
164645
164645
164926
165702
165702
165702
165651
165651
165737
165737
165737
165737
165651
165651
165657
165651
165737
165657
165657
165651
165734
165737
165651
164645
165671
166607
165671
165682
165671
165671
165682
165671
165682
165682
165671
165733
165733
165737
165657
165657
165657
165657
165737
165657
164926
164582
165702
165690
165702
165702
165690
165690
165657
165690
165690
165657
165657
165671
165671
165657
149182
167240
167240
160919
160919
161027
160890
167332
161027
161027
161027
160890
167332
167332
167332
160932
149579
149579
149579
167240
161027
160923
160923
160923
160923
149579
149579
164130
167366
164130
160923
160884
160884
160890
164130
164130
164130
160890
167575
167575
165000
160919
167575
167575
167575
160919
167670
161027
160890
161027
161027
160919
160919
161027
161027
161027
165000
161027
161027
161027
165000
165000
165000
164989
164989
167557
167557
167557
167557
167557
167557
167557
167557
167557
165621
164989
164989
166511
166511
164989
167557
167557
167557
165021
167557
165021
165021
166858
165016
161027
167670
166858
165021
165787
165621
164989
165621
164989
166858
165621
165621
167670
167670
167670
166858
165000
165000
164989
166858
166858
166858
166858
166858
165621
165021
166858
166858
160875
147731
147731
162903
162922
162999
166373
166373
160042
147715
147715
147760
147732
147766
166373
166373
147732
166116
162889
147743
152812
163005
163005
166676
164356
166676
164356
152812
152812
152814
152812
152814
152826
152826
164852
152812
157178
164356
164852
164852
162957
162957
164852
162957
162957
162931
162931
164852
164852
152826
152870
152814
152870
152870
152870
152814
152814
162999
162889
162889
162929
162889
166116
162929
162929
152870
162929
162929
152870
152870
164852
162929
162929
167195
167366
167195
148971
148971
148934
148953
167366
148934
157547
122024
46308
46308
157547
157547
161167
157547
126536
126536
126536
126536
126536
46308
46308
46308
161167
46308
46308
161167
157547
157547
161167
157547
161167
126536
46308
161167
157547
126536
161167
46308
46308
147225
128477
46308
46308
46308
46308
46308
36741
165117
100222
120431
88104
124537
138068
128631
124949
87665
93663
98683
88116
88424
155347
124594
124606
124616
124785
124911
51477
120579
119201
138136
4638
119341
98514
167084
87745
116625
3028
47303
126680
130581
128575
134154
120531
29993
29577
29346
29377
29762
28637
29377
28612
35461
126654
39093
28561
28572
28606
8041
6811
128666
77793
86477
48384
5105
8879
129000
137383
25596
47204
47137
51498
4270
47137
81436
24871
34664
126733
21409
21409
21560
21737
21359
22002
22028
22028
22283
22375
22375
24555
26558
26558
120615
27289
35429
25668
30509
130307
136769
124221
148059
132855
132871
108623
123560
123452
123720
96931
89168
88855
153298
100264
88922
93417
88604
88482
124189
125008
124465
1224
11336
11259
27033
20144
20236
19844
20801
20434
20434
20389
30154
26754
25156
24686
24678
24663
48215
25962
998
889
78328
78338
154166
118748
118748
25681
25668
25685
26618
25685
27045
20751
20306
25962
24352
20144
117493
24420
27120
31692
145589
117169
23501
23501
23723
23723
22375
21905
21905
23501
21899
21905
21899
21832
21832
21832
21643
21649
21832
23270
23270
23501
25043
25043
24686
1111
11290
25524
25156
25156
24686
21149
21061
25537
11353
1111
38602
37967
37469
39560
127906
159271
1786
1786
167613
4476
128060
141144
156217
130033
129221
166852
124816
3457
1373
742
822
3569
35578
29215
29215
29391
28698
29762
28698
35578
28606
28661
28905
28253
29987
28218
28218
43801
43072
44003
44003
44604
44617
42972
43036
42431
42431
44922
44922
44617
44604
78553
78553
50037
128277
8185
128513
130581
128448
128171
78553
43343
42972
42431
42454
130450
137876
128575
7329
6529
128680
5760
64289
64099
64156
64182
64394
66329
74836
63955
68271
68422
74636
75018
64130
64204
65789
63922
66318
117082
117082
121048
148033
74050
61724
64445
62523
68290
73922
74566
73203
72667
74602
74073
74633
74015
74414
74801
62605
62495
72528
74903
75936
79736
154605
147812
153282
110909
129446
159669
114434
120519
64307
113401
113944
109862
111583
115783
65882
73659
78878
62332
62644
62246
90039
90135
90135
90584
90285
90781
90781
90800
98243
93537
126880
99036
98010
98227
89427
88996
141909
152799
98578
43072
43728
41177
127272
100982
44003
42431
78553
128277
159672
128666
159684
166546
161304
161304
160422
160485
162075
159345
146680
146718
146783
146723
146834
154177
153991
153991
159235
150207
150290
150320
159102
159129
160783
160783
159409
159345
160461
160425
164045
162082
146812
146990
146983
146836
151209
161957
166768
160714
165605
167737
167737
167737
167737
163532
166679
163511
163532
167735
163532
167730
167737
167688
167686
167653
167653
167687
167687
167687
167687
163555
163557
163527
163527
163468
163460
163469
163479
163479
163479
167735
167735
167737
167736
167735
167737
167735
167735
163555
167737
163479
163527
167737
167737
167692
167692
167737
167737
167737
167737
167737
167737
167687
167687
167687
167687
167688
167688
167687
167685
167697
167687
167687
167692
167686
167687
167686
167686
167654
167653
167653
167654
167653
167688
167688
167688
167654
167686
167654
167653
167736
163391
163497
163434
163532
166520
166520
163479
167735
167692
167736
167735
167736
167697
167737
167737
167686
167697
167687
167654
167688
167687
167653
167688
167439
167439
167688
167654
159155
159102
153457
158063
150324
160716
164951
167444
158235
147618
151432
151526
151528
161156
166620
164949
164158
166165
167345
165770
163759
162455
166071
162445
167500
167502
167069
164424
162849
166508
162831
163367
163339
163510
163533
163510
163533
162821
167439
163485
163533
167502
166354
167439
162821
163239
166073
164207
164698
162848
162807
163949
162733
162755
163680
158014
151665
164593
163016
167117
159080
160031
151503
162306
154283
151638
160641
166851
155099
161585
161595
151623
151623
151598
161534
161512
163070
162867
163190
163285
164198
163279
165774
163130
163112
163307
161524
163544
164287
163699
161429
164432
161431
161452
161469
161496
166824
163070
161401
163745
162791
162776
163681
163022
163019
163592
162307
166851
162874
162874
161469
164437
161459
160609
160590
162547
161648
162547
166103
166103
166106
162782
162776
165607
165607
166101
163681
166339
166339
163703
164437
164437
166339
163027
163019
161469
161469
161459
162307
162307
162307
162874
161469
161469
161469
161469
162307
162307
162307
162307
166948
127893
8879
153674
142205
143402
109980
87968
88038
87968
109623
87619
61806
1881
29236
75411
129504
129504
129504
121651
121651
121651
121651
121651
121651
129504
128421
167378
167610
153530
44003
97729
97724
166478
98991
96830
3457
8870
130290
742
96662
91118
97549
41307
41322
41227
41200
80476
41542
41436
41592
41788
41771
41788
41846
45111
49162
45789
45111
125317
45052
41997
45092
49991
49991
45233
45233
44923
42281
125317
45052
145610
145610
49972
145610
44923
42381
145610
145610
49991
49972
49972
85151
42003
42094
42094
45092
44923
42336
42336
42336
42336
42056
42187
42187
42241
42187
42187
42215
43497
42215
42215
44059
43497
43247
44059
44998
42336
44998
44998
42241
42094
42094
42241
42094
42241
44998
44998
44003
44003
44998
44998
42094
42336
42094
42094
42094
42094
42094
42241
42241
42241
42241
42241
44998
44059
44059
44998
42094
42241
42241
42241
42241
43497
43497
43352
43265
41528
41542
121085
152047
165528
41528
41771
41799
41799
41799
130166
130166
130166
41799
130166
130166
136472
136472
165528
165528
164481
118603
118593
118549
118549
118593
100529
100529
41429
41335
41090
41678
46216
45789
45789
45789
45979
45064
43980
43999
123290
51055
81325
49182
49182
51055
108724
81298
81298
78695
49016
50159
159231
41441
136517
46943
45965
41708
143623
134120
46039
143539
46941
35560
85752
34532
156988
129533
100487
85206
85250
50403
145529
157944
33002
34352
34005
33098
32395
32917
84623
32883
117185
133903
41501
41592
41592
41501
41441
41441
45965
46921
34532
34481
34031
34005
100489
164863
133963
122390
127796
129325
125845
126127
130273
125845
127705
127509
127381
127309
78494
78597
78597
78494
108944
127705
85658
79692
127697
122488
133277
156300
33916
45052
45148
100529
100529
136472
41142
41156
50207
118781
42254
42254
41997
41997
121085
121085
121085
42056
42056
49860
41771
158644
162623
158661
155556
46459
47357
32202
32077
32613
127276
127309
87411
41094
41497
41853
41853
44996
41853
41846
48898
48975
149815
32956
35704
47066
32956
35704
130720
42381
42381
42281
44998
44059
44059
43343
43933
43906
44456
44473
130555
130555
130555
130555
42094
44922
44922
44922
44922
133259
45710
78828
85230
153290
127677
127216
127216
158397
45058
44473
44396
44103
42431
130555
42431
42431
130555
42381
130555
130555
145610
130555
137443
145610
130555
130555
130555
130555
130555
130555
49956
78488
44597
42094
118572
41916
45258
45148
45258
45258
118549
118549
85015
118549
100529
80520
85015
121085
121085
45148
45148
45148
45148
41916
41592
41799
162212
162212
138315
138225
138315
138315
48732
48732
34472
48732
34472
34472
34472
34472
48627
46966
34481
166107
48625
148703
133317
138224
138250
100487
31928
32768
34318
35252
32054
32202
81391
130059
32832
32622
34318
46399
31896
32143
118960
138225
138225
138225
138224
138210
49080
49956
43227
42972
42431
44922
44922
42431
118593
33157
127276
127765
127697
127751
42431
42431
130555
42336
130555
130555
42431
42431
136472
136472
130555
137494
78684
78748
44922
44922
117594
117594
117594
121635
78488
78828
127751
121085
121085
118593
44998
44998
44149
42431
121635
164813
151358
151358
35435
151383
161255
35435
35435
35435
161255
161255
48732
151383
48732
161255
48732
161255
151364
151364
151930
151930
151364
151364
164813
35219
138300
138300
138295
138300
138278
138295
151364
48732
48732
161255
121635
125962
138304
125962
117342
117351
117351
117351
125950
125950
125950
117351
159276
117351
125950
125950
125950
151930
143439
161706
138278
138261
138225
138225
35219
84509
138294
138304
138295
159276
138300
159276
159276
138261
138225
117351
117342
117351
117351
117351
159276
125950
125950
117351
117342
117351
121635
138300
138300
138300
138300
164813
35219
138300
151358
35219
164813
151364
164813
151358
151358
151358
161255
151358
161255
151358
35435
117594
121635
121635
121753
78553
78488
78494
151358
151358
48732
121635
151358
151358
121635
121635
125962
128052
78710
78710
78740
78740
123081
117230
81411
81421
19255
100019
47730
47730
47730
19030
7377
6391
6391
7377
84948
83671
83305
84371
152508
117323
143633
152508
10429
10325
19427
10108
96196
96118
96225
96225
79026
98284
98284
79026
50627
19030
19010
19010
49545
49566
166121
49618
98593
98642
98472
96479
82292
82206
82254
82057
10220
10220
10250
10220
52010
51966
52000
140947
51989
151393
10250
47417
18569
10654
31151
5871
95776
94762
94796
95865
96247
31151
125861
96223
95091
95200
95243
94821
19091
19795
31518
11048
6426
7379
18125
84237
83536
84354
98472
95830
96910
95740
130029
31655
81117
81117
7338
6683
6213
5841
31776
51842
50859
5254
5398
138363
119160
130675
159999
147816
123130
128721
123130
78711
78610
10267
10267
94307
16110
15978
16162
15659
152529
117323
16985
16985
16674
16985
16967
151414
130489
116852
120149
120149
99764
121373
121373
99764
3627
3675
4177
4177
49882
87418
4924
5055
49928
47432
155287
121403
133554
133554
81116
129738
140436
156284
152482
118971
118971
137658
137658
306
470
2820
2546
16873
16873
16789
19454
17330
18414
18072
18072
122745
125445
125445
46671
167613
31449
4541
4476
122911
122911
122911
147909
15349
14887
14887
15349
81116
164737
166925
81116
153227
167606
152496
130029
31655
128955
130029
49655
79660
129590
136587
139552
129738
87053
120130
119508
119797
119415
119976
125175
119508
119486
127708
127692
140514
156284
60484
56250
127204
119082
127861
133364
133364
127861
167600
125264
108954
153403
153746
153746
78726
121925
116627
127692
127697
127751
127751
133707
98803
56586
54029
55967
53392
61663
61619
56480
56491
76245
75937
77227
117152
119744
119721
96046
101056
149753
162506
103052
52598
52598
55360
53184
94501
94428
94651
97596
128025
128754
141957
90526
90526
91746
91016
102152
106759
160655
107809
76122
76462
102213
101582
105581
103606
105162
106988
97675
90308
92130
123299
63169
62742
62866
62839
119959
119591
119959
126349
128610
84426
116641
8682
9596
119259
4150
61286
58792
59550
54539
52492
136268
61452
108349
102415
108339
103769
107328
104714
105022
116917
91754
92116
106617
92293
95965
95602
94566
94751
95931
96079
95685
95226
95463
96847
96305
96325
7942
96282
130690
160241
101755
58753
57345
57275
59206
119249
95819
94709
140860
118780
7537
6683
128584
106987
107656
105596
107579
59051
104174
137053
57231
57555
148435
161227
57775
102588
108257
107594
101913
106558
53184
130649
157963
57059
57761
58802
57210
52385
56610
136268
52755
108477
161780
107435
106255
106174
106449
148321
157923
55794
55980
52140
52331
53231
52118
53247
54059
54970
55707
56908
60005
60209
56992
60428
59316
60504
59263
61242
54663
55739
59938
53171
52734
53429
55719
55130
53150
139445
138764
161038
157890
58334
58372
58276
58166
133225
138653
138626
138632
143710
106354
52965
53334
56845
56845
58428
57837
108097
107958
107462
108124
133766
53005
53160
55309
55306
54850
56822
58689
57951
59083
132578
126134
160530
132721
132513
138712
61176
55452
56742
159011
157764
158372
160069
59280
58295
133925
141461
58835
59146
59041
58734
55569
55898
55524
138051
55533
60286
145982
138162
140452
145981
132240
153900
156594
132303
132511
159908
58903
58912
137547
156232
56710
129522
157511
134253
135976
134448
85486
136305
135895
138950
156097
155125
141138
141513
138563
152733
154131
146123
132675
132617
134350
137210
134207
134281
135804
135757
135788
135297
151917
157416
145877
139995
158951
151178
155754
154976
141122
147983
134507
134469
134705
135087
136069
134739
135481
147402
135425
140013
155548
140051
139908
156016
154846
125500
58494
57666
165134
104055
104166
104979
104111
104866
126873
127014
127058
127087
131879
135630
140648
132252
132164
135581
134223
132403
134671
103208
105097
92866
105080
159522
130131
130146
130376
161340
52169
56583
56583
105524
104427
105470
130747
131983
132040
131996
131916
61521
59783
85492
122268
61549
104265
105238
104370
104320
119987
120128
17556
100077
85635
31763
18354
34662
10468
35384
122911
122911
96847
96418
167379
94737
91993
91478
91025
90791
17993
5217
3957
3627
4817
4838
4838
4817
127893
127872
159677
130376
159672
104892
106876
140791
105413
101267
102305
61286
157836
153970
130779
165166
5207
4356
143633
164712
128127
128127
167606
15563
50503
15617
15625
74920
73118
160314
147854
124906
124936
4226
8559
6974
7961
17791
7521
13991
17248
31662
78070
126183
53074
148382
120029
119987
119379
156218
156218
158255
130029
130029
130029
103420
92479
91720
130376
78789
78726
129738
129738
81117
164737
81117
81117
31655
129738
83625
162328
76959
83973
19143
19091
19255
76959
117264
123072
123109
79418
127872
129929
132743
132743
78650
78610
121753
49693
126790
127708
108944
133383
154773
87490
164914
87490
78684
78610
130766
101589
95837
98593
95535
95535
78488
95452
96807
95609
95674
97729
148681
90280
90280
83425
83415
83054
83275
95400
95135
10702
99331
6117
7099
9666
9540
8285
159677
13344
14704
13528
13545
84871
61277
121461
81260
104000
105246
103892
104499
131813
131897
132077
132174
132312
132390
136057
161935
14821
14497
14732
81116
167491
166575
166191
167451
157836
165166
15237
14465
15096
19420
14667
14576
15096
14477
156525
166569
166542
160345
81903
82020
84354
126542
116860
122907
81467
83275
81677
81602
162657
166925
157954
147909
119220
139552
84354
83975
10424
141095
164737
31546
31518
50954
51942
17580
81405
96244
78806
83215
84378
17327
130489
151414
50198
10987
9942
99214
99240
13320
13215
13195
13295
125510
14790
81854
81884
61122
130896
94248
94387
91997
93716
130131
58627
108490
57189
57144
55002
54402
54460
59254
52417
54172
107873
138926
153089
156296
138893
156278
151720
160808
135320
138515
143761
141626
130376
101959
102056
105381
105361
94903
94847
95306
96844
95319
95306
97084
98569
100135
97152
100135
119830
120355
122779
130227
120410
91076
159522
103301
105829
106608
81117
11854
16590
82772
81834
122911
83760
83792
83764
98226
102229
102744
125500
92092
57531
58687
58662
57982
58229
58354
58467
58546
137274
143495
76379
135941
135852
139517
135262
140854
159672
159672
128560
129702
129702
122907
13784
13699
147909
122911
122911
35045
79808
79810
84935
35039
79853
164465
157650
157763
165113
79936
154388
139483
130098
87070
80958
126784
100708
161737
161731
167019
152631
34979
78034
80194
100177
157701
157693
161873
157788
35168
79553
139483
157650
157594
157592
100797
125404
80951
87445
156445
156445
157853
166328
81045
79823
164746
162895
157693
157670
157670
34927
100177
80663
84923
99703
80677
80861
80848
80763
123284
116610
167384
119311
156243
130198
116594
34909
34816
34866
81264
51231
35106
18538
79104
79104
48495
100385
79285
80848
81180
154730
164787
116622
140929
156347
167272
167337
156316
154892
154892
130241
130241
34713
34737
34769
34769
79248
130133
163059
161323
152631
163059
50946
49738
156042
50946
34770
34897
34897
34801
147904
79070
79060
122197
149766
149788
148804
79587
148804
48766
156355
133198
153920
153931
153957
166985
152284
126719
49505
49504
49423
49423
35165
47319
15213
15213
166500
166500
80682
80886
80886
100868
100814
80900
35098
35051
79865
156042
165329
79088
15199
79038
79194
79200
79144
79116
125314
79060
79038
152261
35916
40465
18721
15199
15191
15151
18513
18720
50749
35137
50811
50749
100335
126911
80958
80808
166377
139002
167319
100659
100702
116615
100665
99403
141970
149791
121740
164919
167103
121740
166758
79132
48766
18539
79826
34967
158213
160032
123367
152261
141970
49738
49453
100761
49462
79478
3354
50954
96440
138811
129702
129702
147909
147909
144085
48732
34031
34005
97724
121635
125962
121635
121635
121635
34481
35252
117421
34472
125762
138988
150795
153150
140698
75190
75659
87382
74750
121276
121771
125284
166152
166152
167389
166311
161390
93943
92622
93058
93930
98300
97615
97493
120994
81223
140477
140477
152482
15809
51626
100320
49776
137687
137687
137687
118971
137658
166556
128033
17366
146054
18689
16441
50715
15563
82610
13084
13084
84204
15563
18502
76818
19618
12146
11737
11921
17784
12268
83792
84302
83500
15386
17743
116734
116734
128009
15255
12939
12887
15255
12980
12783
12691
12980
15386
12538
81965
133306
83599
128110
157106
129738
157954
130029
130489
130029
84354
116860
82477
82439
81959
132811
15349
48395
48395
16639
116734
136793
13148
13295
12783
12783
16531
15563
14704
14704
16976
12691
15349
82439
83981
83249
83773
83981
83253
84276
121740
48395
17327
14887
14579
42972
43343
44922
42431
79082
79082
100150
108732
100569
34856
35065
161909
80844
79884
100218
85566
125173
80151
80060
80070
80048
80010
80048
80095
80109
80027
158028
120933
120933
158028
120682
120682
120669
120669
161990
120687
120646
120646
120871
118376
118433
79826
79908
79984
80097
134114
79969
80010
100758
153114
156679
80097
153114
166053
120864
100218
166531
118414
125159
100761
161244
161244
161990
130542
118081
118102
79908
120852
122567
122582
125860
100868
100866
130533
120709
100868
131714
131566
131566
131714
131354
161377
161376
131354
131716
162211
123244
119056
131559
118100
117745
118013
117811
119362
165572
118188
166372
166479
121878
121878
131322
131078
131322
131234
123250
118026
118026
123244
131041
138151
131005
131031
166629
131672
166318
166318
166629
118728
118738
125147
138151
159045
160166
160166
160168
160168
120863
126550
120863
120807
120863
126550
118298
118298
118298
118298
131559
131215
131272
131542
131542
123379
131202
131202
131215
131215
131142
131175
131183
131142
131591
131424
131424
131591
120872
120807
160542
129561
160733
160542
126546
126546
165301
118313
117699
117661
117628
117620
117620
131272
131215
131322
131718
129385
131093
131093
129388
131501
131501
129427
123198
118026
120827
120827
120807
131498
131031
131031
131498
131122
131362
131355
131005
131005
131008
130964
120903
131011
131011
130964
120920
120879
120756
120879
80105
156846
80105
80117
165159
165159
162251
157402
118013
123379
118100
131048
141312
131272
118265
118276
118464
118265
131393
131393
160115
160186
131487
131487
118223
118199
118186
131175
131175
131175
131272
131387
131606
131606
129561
129388
160166
160168
120711
120903
131202
117797
131078
164794
167053
165086
164802
148757
160151
160151
148757
131618
131618
131618
160115
131618
118464
166204
118334
118215
165251
121886
121886
136618
166372
164794
163586
121908
118247
125189
118243
131142
118276
118117
117884
117884
117869
160141
160141
131487
131487
131499
166910
121905
160733
165962
141407
121818
121818
164828
121852
121849
117935
117961
130082
118313
165301
130082
118357
117995
117961
121849
117847
121849
118499
118289
164729
167509
167509
160184
167509
165301
117811
131401
118012
117734
117724
118023
117687
80170
118023
85744
117661
160166
160163
118047
118055
131355
131048
131078
131513
131513
118055
130965
130948
118374
118501
166094
164828
125147
166171
166571
166171
125147
118087
131498
131048
121905
120981
118284
117822
118284
118215
160186
160186
131270
131122
162211
162211
131606
160103
118243
131606
118501
118501
118199
131183
164828
160103
159486
118063
160151
160163
164729
162894
120981
131078
121515
118087
118511
131424
165962
164802
164812
164828
164828
164729
162894
162890
162890
118501
164729
160184
160184
166310
166310
162098
162098
162098
162098
167456
162102
162098
162098
166310
167456
167456
162098
162894
167456
167456
167456
167456
162890
162102
162102
167456
162102
162102
167456
159085
162102
167014
162890
167456
167456
166310
167456
166310
167247
167456
167456
167014
160163
167014
163765
160184
166310
166310
166319
167247
167247
163766
167456
167456
167456
167247
167456
136935
136896
136896
166624
165341
166211
118493
165341
165359
165359
118478
118478
167605
118477
166094
166094
136935
166624
167558
136877
136896
167558
136907
136907
160186
167521
167521
118393
164846
166624
136897
136897
118439
165355
160588
136942
136942
160588
167521
165355
136930
136930
136930
118393
166235
166235
136942
141676
166254
166235
166254
166256
166274
166274
136930
160588
141676
141676
165700
165700
165703
166288
166288
166467
166274
166276
166276
166467
165659
166466
166467
166276
166467
165673
166276
165469
165469
165703
165673
165701
165701
165673
165701
165701
136946
165469
165673
166466
165673
166467
165659
166466
165659
166466
166466
166466
136930
136946
136946
165701
136946
165700
165659
165663
165663
165663
165663
165673
166466
165673
165663
165663
164280
150842
150842
164280
165363
165363
167250
167250
164764
164855
164846
167250
164846
164836
164281
164280
155295
131637
159636
159636
166094
131623
166094
151811
160649
165077
165086
154842
131637
154842
164836
164764
159656
163727
159636
165060
159636
163727
164284
164264
164284
164812
131623
166382
166382
159636
165060
159656
166734
164777
167615
167615
166392
164284
165060
165060
164264
164777
164777
166972
167380
166771
166771
166960
166960
166960
166771
164777
166771
166771
164777
166771
166972
166960
167684
167470
166972
164959
167470
164959
164959
164783
164959
164783
164783
164959
166771
164959
166771
164777
164959
164777
164959
166771
166771
164284
164264
164264
164783
164773
164773
164773
164773
164773
164773
164783
164959
164959
164959
164959
164959
131623
166037
166031
166031
165392
167348
167348
167348
167348
165993
165993
167048
167044
167053
167053
159486
159503
161200
161200
166043
165392
161212
161212
166031
166002
159503
159503
161200
161200
166910
166002
165991
166009
166009
167044
165392
165392
165975
166004
166011
166004
166030
166021
166002
166004
166037
166037
166043
165975
167290
166043
166031
166030
167580
167290
167580
167290
167371
167371
166043
166021
166021
166021
166424
166424
166435
167371
166435
166435
167371
166435
166435
166435
166435
166440
166435
166435
166440
166992
167371
167371
167371
166992
166992
167371
166992
166992
166111
166111
167371
167371
166992
166440
166992
166440
166435
166440
166432
166440
166440
166440
166043
166037
166049
166049
166049
166049
166432
166049
166432
166111
166111
166992
166440
166992
166992
166992
159486
123250
123255
162251
162225
166333
166381
166333
123255
123226
123226
123226
161068
123273
166333
166333
123217
123217
162244
123232
123261
167538
167133
160247
160247
161068
160218
160218
160218
123254
123254
160218
160247
160247
160247
123261
167447
167133
167538
167538
167137
167538
167538
162266
162266
162270
167447
167538
160247
167538
123254
123254
123254
123232
123254
123254
160218
162270
162244
162244
162257
162257
123217
123232
162257
141744
141744
141744
141744
123254
167538
141744
141744
159503
131455
131455
131501
131718
131142
131455
131183
131142
121085
152047
130166
130166
136472
130166
152047
164481
118593
118593
118593
118593
136472
121085
121085
121085
136472
121085
121085
118593
152047
152047
152047
164481
118593
118593
130166
136472
152047
118593
118593
121085
121085
141775
137876
121085
121085
121085
121085
121085
156305
130106
82613
14550
95226
120324
120218
124955
124963
97204
97025
94958
94958
94796
120315
120329
120280
134115
162682
124872
97084
97140
120130
87053
126089
121940
95389
96282
97025
95947
4861
5211
116992
121976
35202
84397
130183
48602
48602
19341
10046
10587
10144
10046
10144
10397
119175
79746
10343
10188
10071
5254
7498
148017
100258
138088
129929
129929
139527
127980
46401
9821
96227
3957
8242
46401
81059
127945
127962
15450
15450
14747
13118
130393
13248
13586
13499
13784
13817
13934
13934
48395
116734
16789
17048
47577
8740
8682
125835
147949
119889
137105
125792
129211
121274
98940
119808
120152
98037
95728
96570
97646
98564
96492
96569
94242
94176
125766
125739
119692
2676
5115
8982
9262
9041
9341
11478
17999
12160
12160
17891
17784
12538
12572
12572
15101
12691
78978
15978
2244
1740
126215
141095
140947
133554
9701
47996
35570
47577
12255
47563
11921
11951
11567
11548
16253
47628
50316
49279
84753
9389
140514
133364
14608
14887
13934
13934
14608
14608
14608
15401
15401
13545
13441
13441
13441
13320
13046
13553
13320
15272
15272
14887
13545
15272
14723
3567
9479
17241
12595
16548
16548
14874
17241
50715
2768
742
82327
82143
82812
143530
149799
160331
164997
147881
3809
629
7553
8285
9540
9761
35771
35771
9761
10587
10006
10090
8002
6591
6591
10908
10908
43933
43265
44003
44003
128692
121753
18521
157173
128495
132750
128692
130183
53743
53117
53483
53576
55630
55564
61225
53752
54165
99486
153185
54129
53648
54078
53648
54197
53604
139635
138008
133612
147307
74762
54145
56603
73825
72927
63462
63096
72000
72745
72227
76945
72033
75969
154589
75524
63581
63618
75897
126627
140843
143587
106727
159677
125500
101615
122301
60637
97675
130146
102385
102915
140791
53824
53902
129984
62954
63205
90279
90097
90097
90779
93843
93977
97311
97366
152872
96878
94192
94103
134503
134658
134897
134503
135089
135499
135414
144297
144272
140071
140071
144499
145143
144154
144154
145095
151793
163837
134602
134972
135137
135272
134588
151263
135511
134939
140906
136188
144373
145046
145183
144370
145248
161791
157330
134964
136188
160502
160491
160502
160502
160489
160489
160489
160489
160491
160502
160489
160489
167738
161004
155624
154826
167738
167738
167738
160502
160504
160504
167728
167734
167728
167728
167728
167728
167733
167733
160504
163863
160502
160502
160502
160502
160504
160504
160504
160491
160489
167728
163863
163839
167738
160502
160502
160502
160504
163784
163784
160504
145526
163784
167738
167738
167738
167738
167738
167738
167738
167738
160502
153742
162120
162120
161149
154826
157795
155644
155659
155659
157795
157795
154826
154826
154826
155644
155624
155624
167732
167734
160489
167732
167741
167733
167733
160504
160502
160504
164365
160502
160502
167738
160504
160502
162120
167738
167738
157795
154826
167738
157795
161004
155644
155644
167738
157793
134629
135226
164351
159602
165502
151761
157331
165151
145394
145420
166577
144498
144415
166909
150935
165935
157902
167298
167298
164507
167739
164513
164513
166250
165100
157952
157793
155644
157793
155659
157793
167298
167298
166583
166583
163842
164507
155659
157793
164365
166250
165556
157952
157952
157795
166578
163830
164365
162120
155616
145109
144944
144818
144959
144747
166964
144554
155344
145018
144709
144924
144849
144517
160261
145174
144541
144558
152131
157439
145758
145800
146005
144462
145232
151413
154065
147350
156416
167732
167732
145512
163839
166640
167741
160489
155257
155239
167734
160491
160501
164090
156126
159690
147379
147350
153378
140781
141273
156125
152162
145109
158789
144926
147827
155344
155344
166119
160261
145826
156421
167199
164091
167629
135193
136117
136141
152570
136157
160504
167738
167738
161004
158789
158789
160502
160502
144926
144926
164091
160501
167629
167740
167740
167740
167740
167740
167199
167199
166119
166119
166119
166119
156435
167199
156435
166119
166119
166119
166119
166119
145089
132495
137251
132596
105724
95173
95389
95054
102023
96175
18948
35435
121635
121635
121635
128052
125950
164813
164813
164813
121635
