44000
44000
14656
42805
40694
42554
14651
51211
42095
42095
42095
42095
42095
42095
42095
42095
42095
42095
42095
42095
42095
42095
42095
42095
42095
42095
42095
41726
42095
42095
42095
40694
41726
41732
41732
40694
40694
40694
42095
42095
41662
41913
41946
40694
41726
41732
40694
40694
40694
41702
41702
42095
41662
41913
40694
40694
41946
40694
40694
42805
41725
41953
41702
40694
40694
40837
40694
40525
43373
42196
41700
40525
43373
41789
42196
40525
40694
40694
40837
41626
41789
42196
42044
41700
40694
43373
43373
40525
42824
41654
41551
44236
41626
40571
40571
40837
41551
42554
41654
44236
44236
44236
41626
41654
41003
40571
41494
44236
42554
40962
40525
41551
41494
42824
44236
44236
44236
44236
42719
42656
40962
40525
42640
44236
44236
44236
44236
41607
41432
41003
40962
41494
41494
42554
42662
42640
44236
44236
44236
44236
42505
42505
40962
40893
41518
42640
44236
42721
42730
42662
44236
44000
44236
41367
41432
41003
41003
41503
42662
42640
44000
44236
42730
40315
40315
41518
41503
41471
42721
42580
42580
44000
44000
44236
42721
42730
41387
41367
40315
40315
40129
41537
41503
44000
44000
42721
42470
41387
41367
41432
40262
41505
41471
41471
42470
39959
40129
41503
42556
44000
43654
44000
43763
43742
43742
42370
41339
40212
40315
40262
40129
41537
42282
42556
43742
42470
41367
39959
40212
40315
42370
44000
43742
42370
41225
42556
43654
43763
43763
43742
43742
42470
41367
40208
40066
40129
41339
43654
42370
41339
40208
40066
42282
42392
43763
43554
39959
40238
41339
41185
41185
43617
43612
43617
43554
42370
42309
40208
40208
40208
42222
42392
43701
43612
43701
41133
41342
42392
43617
43617
43554
42309
41172
38449
40208
40208
40208
41185
42222
42297
43780
43580
40208
40238
43654
43780
43780
43410
40238
41342
37775
43701
43577
38133
42297
43404
43580
43410
43577
37238
38449
38133
37775
37775
42222
37306
38133
38452
43404
37756
43780
43410
43410
37675
38133
43780
43410
39526
39526
43390
37623
37675
37306
40238
37860
37756
39651
43410
37924
38133
43404
39651
39526
39526
39651
37924
37924
38121
38133
38452
38290
38290
39483
39651
39526
39526
39651
37675
38290
37756
39751
39526
39526
39483
37756
37756
37924
37924
38121
38481
37900
37860
39483
39526
39751
37623
37188
37756
39704
39900
39526
39483
39395
37756
37623
38121
38481
37900
38290
37756
39412
39900
38186
38569
38481
37860
38290
37756
31622
32522
33192
33192
33192
39395
39900
39477
39526
39483
38010
37900
38513
38290
37168
37756
31609
31622
31757
31575
31355
32522
39412
39900
37756
38189
38569
37188
37065
32473
33192
33192
33117
32012
31609
31622
30493
31400
39412
38189
37623
38533
38513
38193
30097
30097
30861
30971
29927
32473
38186
38186
37589
38127
38127
37065
39000
39477
39483
39483
38860
37448
37253
37253
32624
30387
31400
31335
31335
31355
32473
38189
39412
39477
39477
38010
37448
32792
31609
30387
32473
38860
32792
32792
32792
32624
31471
30387
29868
27696
31335
31335
31355
32473
38221
37589
38385
39292
37109
38533
37345
37934
24277
12964
32792
32630
31471
30043
30230
29868
29868
29868
29693
32473
34157
34204
38561
39243
39157
37439
38189
24277
32792
32608
32624
30176
27696
31335
31101
32473
32473
34204
34204
34204
34204
34157
34157
12305
12305
38189
38385
38675
39243
37439
23141
23141
4602
31278
30043
30230
29693
31355
32473
32473
34204
12305
39157
37109
37345
37448
37947
37934
34157
34157
34204
34204
34204
34204
32608
32608
32630
29564
29564
28417
31101
31101
34204
34204
34157
23137
12560
12305
12305
38221
39134
39098
37345
37423
37439
37947
34157
34204
34204
29564
29693
29693
29693
27274
31101
32473
32473
34157
34157
22736
12036
8660
8639
23147
37934
37217
38561
38675
39036
39243
37345
37071
37947
34204
32608
31471
31278
30043
27617
28417
32473
34204
34157
22736
11951
4602
8660
8631
3789
3789
37934
38221
38561
39036
38734
37071
37947
22736
6864
34157
34204
32608
31471
31278
30043
29693
27274
32473
32473
34204
34157
38561
39134
37546
37345
14810
34204
32608
31193
31278
30043
29451
29037
29260
29260
29260
28101
27274
27617
28417
32438
32473
34157
34157
12987
12987
38541
38262
38913
39036
38775
37345
23137
22134
11951
11951
34157
34047
32608
32608
31278
30206
29037
29211
29102
29260
29692
29692
28101
28417
31101
32438
32473
33710
33710
34204
3789
3789
37217
38952
38734
37071
37960
8726
6864
34157
34157
33731
31278
29451
29211
29102
29102
29237
28089
28417
31101
32497
12987
12987
37947
37539
37094
37423
37960
17046
22129
22134
22603
11951
8726
8618
34157
34047
33615
33522
31193
30206
29211
29211
29102
29102
29260
27156
28089
28417
32438
32438
33731
33710
34204
34204
34157
3789
38366
38404
38913
38952
38775
37071
37947
23029
14810
15928
5722
6864
34157
33731
31193
31278
29211
29211
29260
32497
12987
12987
16146
16146
38262
38262
38404
38913
38952
38908
37539
37094
37071
37947
14810
14810
22134
5722
34157
33622
33622
31278
31278
29196
29211
29102
29102
29102
28928
28642
31101
28269
32438
4524
12987
16146
37084
38541
37960
15928
11424
6864
33710
33710
34204
32242
30206
29087
29102
28089
32438
33731
16146
16146
37084
38908
37331
37423
37084
17670
12861
33731
33622
33622
33522
31193
31278
30241
29196
29087
28966
27643
32438
4524
3790
16146
37084
38366
37136
38908
37551
37330
17046
10512
13285
3794
32360
33622
33522
31278
30206
29053
28966
28966
28089
28269
28269
28269
32438
32438
32438
16146
38925
18809
18749
15928
22603
12053
11424
33622
33763
33622
32242
31278
31153
30206
28915
29087
29053
29053
28642
27156
28269
4524
4524
38265
38925
38417
37551
38618
37266
18809
18749
15611
15611
22603
5241
5403
6864
12861
12867
33622
29087
29087
29053
28855
27643
32277
4557
5712
3790
16146
37267
37267
38072
37501
37330
37331
38656
38618
37266
12691
11966
33548
33763
33763
33512
31153
31153
31153
27695
5241
13285
29053
28920
27156
28269
16148
36875
37075
38072
38417
37105
38630
36875
12722
16230
14002
22436
12691
5403
5265
11668
3794
12867
33763
33763
31153
27695
27033
27033
29087
29053
5712
5712
16148
14765
14732
36875
38265
38072
37324
37330
38632
29087
28642
27643
27643
27206
32277
32338
33548
33763
27846
28915
28915
21719
21268
15449
22436
23356
23356
17730
12722
3820
12691
6981
6981
12870
4524
4524
14732
37047
38417
38632
14002
15611
15942
19074
12722
12722
6981
5265
6061
4547
6200
32265
33763
33512
27843
29877
28690
28920
28920
28920
28642
4557
3790
38644
37494
37105
37501
37330
38630
38630
23043
16230
14002
21719
21719
19074
24116
11668
28501
28690
28682
32277
33763
4557
14732
37047
36981
38642
37330
38656
36888
15473
15449
15449
15449
15942
4163
5241
8673
33512
33512
27843
27868
28920
28682
28372
27206
32277
27892
7351
16148
14765
36888
38642
38648
37501
38632
23043
17163
19074
24116
6981
8673
8673
8673
7017
12870
27828
27892
33512
4520
6150
6150
14765
36875
16387
17597
16252
17199
17682
17163
14075
24116
4163
3867
4609
6061
27843
28690
28682
28682
28707
27643
28353
27206
28006
33462
33669
4520
4557
5712
5712
38653
36900
36900
36900
36485
38632
36855
15473
17682
17163
17937
19074
4609
3887
4547
6200
28501
28702
28682
27648
27892
4520
16340
16340
36875
36483
36981
37002
36855
14095
17163
19074
6200
27689
27828
27828
28743
28702
28876
28006
4520
4557
5712
16298
37002
36900
36900
36485
16387
16399
18856
14095
17937
19074
4694
4071
3887
8673
6100
4547
27689
28682
27132
27132
33426
33462
14763
36855
36900
36855
16399
16252
16252
17199
19158
4071
12870
6183
27828
27828
28481
27514
28702
28372
28353
6148
6150
16298
14765
36482
36483
37002
38653
36900
36602
36487
14279
24116
4694
6661
6922
6183
6200
28743
28876
27557
33426
4520
4520
4520
6157
6146
16340
36977
37002
36485
16399
17597
18856
17991
14971
4784
9238
8539
8539
8539
6200
6182
28725
28707
28353
27132
27724
28258
6148
16340
14765
36512
37002
36485
17199
18025
19158
12870
6183
27828
28743
28743
28725
28385
28372
33426
33426
4520
16340
36512
37002
36529
36488
14755
16844
18717
14279
19158
14971
6367
9238
6661
6100
6183
6183
6183
27828
28481
27104
27132
27136
33426
28258
16298
14763
36977
36488
36488
36579
16399
18025
19421
7600
6661
6922
7398
6183
6183
27507
28021
27136
6182
6157
6146
16298
16298
36592
36534
36487
27828
28481
27062
27073
28214
28189
28161
28471
16399
14755
16842
18717
19421
16535
3733
7906
4564
6183
6183
6182
6157
6146
6148
16340
16340
36977
36512
36977
36529
36488
36488
36602
36579
27507
27104
28334
27557
28471
16370
14755
19421
16535
6367
6367
7906
6744
12999
6183
6183
6146
16337
36534
36607
36579
16842
16927
16844
18025
3733
6182
27507
27462
28021
28161
28258
6157
6157
6148
16340
36983
36983
36529
36489
36607
36602
36487
27416
28481
27062
27062
27462
27462
28161
28471
16399
17579
13953
13953
4564
6744
6657
6183
6183
6182
6144
16298
16337
16337
36533
36579
27093
28040
28334
28296
28189
14772
13953
4082
6302
6302
7600
12999
12999
4383
6183
6144
6157
6146
6146
16340
16337
16370
16371
36533
36607
16371
17579
16840
16927
17803
16619
4082
6302
6302
7681
7681
4564
6657
6183
6144
27462
28296
28189
28189
27407
6144
6157
6148
16340
16298
36598
36598
14591
16840
17485
17862
13953
6744
4383
4394
6144
27391
27062
27062
27469
28616
27462
28040
28248
28248
28189
6157
16337
16337
16337
36977
36531
36607
36605
27391
28189
27407
17579
16840
16619
7614
6744
6657
12999
4383
6144
6169
6146
6162
16298
36977
36983
36533
36533
36531
36598
36964
16619
4082
4564
24319
4394
6144
27093
28248
28296
28296
27915
6157
6170
6162
36540
36543
36605
36964
36616
27391
27062
27469
28616
28610
28201
27915
27407
14591
17579
17579
16927
14772
13953
4039
7303
4005
12999
4383
4394
6144
6144
6234
6157
4437
6169
16337
36533
36612
16371
17009
6791
4564
4564
27391
26868
28616
27093
28248
28296
12999
24319
24319
6144
6169
6162
36548
36533
36543
36543
36598
36964
27062
27915
27407
17579
16840
24034
17485
17485
6791
7303
4005
4005
7204
4383
24319
24319
6169
16142
16337
16337
36626
36543
36612
36968
36540
16371
16840
14772
14347
17009
8395
4564
4005
27391
28616
28248
28230
28201
24319
4402
6234
4437
6162
16142
16358
16337
36548
36612
36598
36598
14602
17579
17579
7204
7204
27391
26868
27001
24319
4437
4437
6169
16358
16337
36543
36543
36605
36598
36968
36964
36964
36616
16371
16371
14591
17386
16905
17009
4039
7303
7303
4005
7204
27062
27062
27001
27001
28612
26949
28509
28230
27235
27039
4383
24319
4437
4437
6169
36546
36546
36543
36543
17386
14213
14213
24034
17485
17485
8395
8395
13868
7204
12999
27038
28612
27235
27039
4402
4402
6234
6234
6234
6170
6162
16358
36626
36548
36544
36611
36611
36603
36964
36626
36626
28586
28585
14610
16371
23174
16905
17009
7303
6098
24319
4437
14638
14648
36626
36543
36575
36626
36626
27038
26868
27001
26970
26856
27235
27039
16419
24313
14591
17485
14347
17009
8395
8472
13868
7204
12999
9757
6234
16142
16358
14648
36548
36544
36543
36603
36603
28586
26847
26847
28585
27052
27052
17386
16289
17485
17009
8395
8395
4039
4005
9762
10113
24319
4402
6234
4437
6169
6169
24311
6162
16358
36544
36575
36626
27038
28585
26970
26949
14591
14591
23174
17386
18593
16905
7245
13868
9762
4402
4402
6234
6234
16142
16358
14638
14638
36546
36555
36551
36575
36619
36626
26455
26868
28585
26970
26831
26949
27235
14610
24313
14591
14347
17009
17009
8395
8395
7253
6098
4969
9762
10113
24319
6234
14638
14648
14648
36558
36544
36611
36611
28586
26970
26831
27052
26856
20291
19940
15177
17386
16289
18593
17485
16905
8395
6718
7245
13868
7133
10368
9762
9762
9757
10113
6231
6231
6234
6169
24311
16358
14648
36560
36559
36544
36553
36626
24313
24313
20546
18593
17485
17009
6718
7253
4969
26455
26868
26489
26970
26856
26856
26455
4402
4402
4437
36560
36558
36611
36611
36575
36626
16289
17009
4122
8472
5099
26847
26480
10429
9520
4403
4403
6231
6231
6177
4437
6180
24311
24311
14638
14648
14610
36558
36556
36544
36603
36575
36572
36560
10113
6231
6178
6178
16369
16358
16358
14638
14610
24313
20291
19940
15177
18593
17009
4126
7242
6098
9593
26489
26965
36559
36611
36622
26456
26489
26970
26479
26856
26455
14610
24313
17386
20546
16289
16911
16905
16920
4122
4122
8472
7245
9710
10429
9520
10113
6220
6231
14648
36560
36553
36610
36619
10429
4403
6231
6231
6177
24311
14638
16416
14610
19940
19888
15177
4126
8472
6098
9485
9625
26453
26575
26970
26831
26480
26480
26560
26479
26455
36555
36553
36611
36582
36572
36622
26453
26497
26970
18593
8408
17009
6718
7253
9593
9485
9625
10429
10094
14638
16416
16416
24313
24313
36560
36556
36610
36610
36572
19940
19888
24034
18593
16911
16905
4126
4126
8472
7242
7242
26455
26479
26455
26455
9625
9685
9685
6220
6178
6178
16358
14638
16416
14610
14611
36596
36596
10429
10220
6220
6220
6231
6180
24311
16369
16416
16416
16416
19940
15307
20546
16289
4122
12927
26456
26497
26965
26479
36755
36558
36556
36553
36619
15128
16911
8408
6718
7242
7238
12927
10439
9559
26453
26502
26502
26965
26965
26479
26453
10220
6220
6231
6178
16366
14610
36555
36563
36610
36603
36582
36572
36622
36622
9583
9583
10427
9685
9685
6220
6220
6231
4439
6180
24311
16366
16366
16416
16416
14610
15128
19888
16289
24034
17424
16905
8408
4122
8472
13888
12927
26575
26456
26499
26497
26516
26479
36954
36561
36572
36954
20607
19698
20546
9964
26936
26936
26575
26502
26965
26560
26479
26453
10427
10220
10273
6220
6231
6178
6033
16367
16416
14611
36954
36558
36568
36563
36562
36562
36561
36596
20607
19803
19824
17336
17420
17424
17424
14339
16905
17370
3600
8408
8408
8472
8472
4150
4150
4150
12927
9964
5034
26936
26499
26516
26516
26479
4439
6178
6033
16369
16369
16369
16366
14649
16416
14611
36563
36619
19698
19824
19907
20142
13888
4458
9939
9874
9874
26501
26479
26547
5034
10220
6220
6033
14649
36800
36582
36582
36572
19658
19658
24103
19824
17420
9939
9805
9805
9685
6231
16366
16405
26504
26504
26501
26584
26547
36756
36755
36568
36568
36603
20607
19658
24103
20617
20142
14339
17370
3600
3552
4458
9425
9939
26936
26501
26501
26594
26594
26547
26936
10273
6220
6220
4439
4421
4421
16366
14649
16416
16416
16405
14611
36563
36561
36800
36940
36953
36954
36756
36756
19658
26566
26516
26516
26517
3616
4150
3585
3585
9874
9805
5023
9412
6250
4439
4449
16369
36849
36561
36800
36949
36582
36954
20607
20398
15231
20142
20142
17336
17372
14339
3685
3600
3552
3049
9459
26501
26501
26594
26547
26547
4465
6220
6220
4439
16367
14649
14651
16405
16405
14611
36756
36958
36568
36563
36953
36954
20398
26566
26580
26511
26513
26584
26936
20052
20142
17420
3685
3730
9459
9459
9412
6033
16145
16367
14651
36955
36954
16405
14611
15231
15231
24103
26932
26553
26580
26501
26517
26547
26547
17372
14339
3730
3616
3049
4458
9412
6250
6229
6220
6220
4421
6033
16366
16405
36849
36800
36940
36940
36954
26573
26501
26584
20666
20052
20142
20142
14681
3636
17372
3685
3730
3028
9412
6229
4439
4421
16145
16366
14651
16405
36561
36940
36940
36953
36954
36954
26514
26514
26517
26517
26932
20666
19983
3049
3585
3585
3585
4377
9412
4465
4449
4449
14657
14651
14651
14651
14651
36849
36563
36561
36779
36950
36954
15355
20052
20142
3636
3362
3028
3049
3578
4465
6251
6229
4449
16145
16367
14657
16405
26553
26573
26580
26580
26513
26590
36955
36955
36958
36950
36954
26553
26573
26511
26501
26513
26932
26932
20666
20052
19603
3362
3685
3456
3161
3578
6251
6229
6033
16145
14651
16414
36799
36796
36949
14666
3616
4503
6229
6229
14657
14653
26511
26514
26514
26590
26932
26932
36958
36764
36563
36800
36799
36950
36954
16414
16434
26590
26932
15355
19603
3697
3161
3027
3019
4506
6229
4449
4449
14657
14651
36849
36779
36796
36954
36954
14666
3636
3362
3028
3027
3047
4506
4449
6033
16434
14673
26564
26514
26590
26932
26932
36955
36779
36799
36950
36955
26571
26579
26511
26512
26512
26527
26932
26543
16435
14677
14677
3685
3456
3161
3161
3027
3019
3578
6251
6229
6229
4450
4421
6033
16145
14629
14656
14653
14653
36955
36765
36759
36759
26564
26512
26514
26525
26527
26543
14711
14677
16307
3047
4446
14657
14653
36764
36799
36799
36796
36796
37020
36785
36806
36810
26564
26521
26590
26543
14677
3636
3636
3697
3198
3047
2965
4503
6251
4497
6229
6243
4421
36765
36760
36779
36796
26564
26571
26571
26579
26512
26512
26590
26587
26543
14653
16435
14711
14677
3362
3685
3173
4498
6243
6249
16433
14629
14656
36814
36760
36785
36810
3573
6225
4497
4450
14629
14656
14653
14653
14653
16435
14677
3699
3362
3084
3161
3027
3027
3019
26543
26511
26512
26543
36814
36764
36799
4498
14653
14677
14677
3332
26523
26525
26527
26527
26587
36766
36765
36759
36823
36795
36795
36806
36810
36814
6225
4498
4492
4446
6249
6249
14656
14705
14705
14677
3656
3362
2993
26543
26579
26523
26523
26525
26525
26587
26543
16145
16145
16145
36765
36799
36795
37020
37019
14629
14656
16435
3173
3161
3713
26543
26521
26521
26543
4498
4492
6243
6249
6249
6249
16145
16145
36760
36823
36823
37019
36810
14629
14695
14705
14677
3521
3332
3332
2965
2965
26523
26525
26528
26543
4496
4498
4492
4450
6243
6249
6249
16145
36741
36760
36823
36795
37020
16433
16428
14695
14695
14677
14678
3266
3158
3198
4489
6249
26564
26571
26531
26523
26527
26587
26543
6249
16145
36766
36801
36795
37019
36812
36810
3332
3453
3084
3542
3003
26543
26530
26910
3573
4496
4492
4446
6249
6249
6249
16145
36774
36741
36838
36819
36791
36791
37027
37027
37019
14696
16412
16410
26564
26521
26532
26525
26922
14678
3158
2993
3713
4488
6243
6243
6243
6249
6249
16145
16145
16428
14695
14695
37015
36766
36823
37019
37015
37015
14695
14714
3521
3332
2984
2971
26578
26521
26532
26523
26525
26910
3571
4489
4488
5708
5708
6243
6249
6249
36741
36838
36795
37015
6249
6249
6249
14629
14629
16433
16433
16428
14695
3397
3041
26910
37015
36823
4488
5708
5708
6243
6249
6249
6249
16145
16145
14629
14695
14695
14695
16412
14714
2993
3198
2971
3041
26564
26530
26532
26532
26724
26724
26922
26756
26910
36766
36741
36801
37027
36694
36694
37015
4489
5708
6249
16145
14629
16433
16410
3266
3397
3288
3288
3542
2984
3003
3003
3067
2971
26550
26578
26578
26532
26536
26724
36745
36741
36838
36822
36701
36795
36791
6243
6243
6249
6249
16145
3453
3542
2987
2971
3011
26530
26532
26536
26910
16433
16138
14690
3649
3649
3704
36774
36819
36797
36812
4488
4488
4476
6030
6030
14629
16433
16433
3704
3307
3186
2987
26910
26550
26550
26531
26532
26532
26922
26587
26587
26918
14690
36842
36838
36822
36822
36701
36701
36909
37019
37015
36745
6243
6249
16145
16145
16145
14629
3644
3371
3542
3413
26532
26536
26918
14690
36774
36774
36819
6249
6249
6249
16433
16433
3404
3371
3307
3419
3288
3186
2984
1876
3010
3010
4477
4482
6030
6030
6243
26768
26530
26726
26532
26817
26536
26723
14690
14690
14696
36742
36842
36694
36730
36745
4477
6249
16145
16433
16433
3481
3413
3186
2987
2998
1851
3012
2957
26550
26723
26923
36673
36842
36902
36694
36732
37015
6249
16145
16433
16433
2643
3419
3291
3067
3012
6036
6243
6243
26918
26532
26817
26922
26918
26918
14620
14690
14621
14621
3707
37015
36745
36662
36819
36818
36701
36909
36732
37015
6243
6249
6249
16433
16433
3302
3116
3067
1876
3012
2956
2976
4477
4482
4476
6030
26908
26908
26726
26817
26923
26587
26918
26917
4412
14620
3375
3404
36818
36797
36707
36701
36909
36694
6249
16433
16433
16433
16433
16433
2643
3481
3186
1870
2956
2976
26768
26768
26536
26723
26921
4412
14620
14621
2547
37015
36658
36742
36842
36730
6249
6249
6249
6030
3291
3481
3413
2952
2998
1851
1870
3791
26908
26908
26726
26726
26817
26817
26723
4412
2547
2547
2519
36630
36843
36902
36732
6249
6249
6249
16433
16433
16433
2534
3257
3257
3118
3139
1876
1870
2956
1854
26817
26926
26778
26921
26918
4412
4412
36745
36662
36742
36821
36821
36902
36730
36719
35358
35358
35363
2306
26917
26817
26741
26926
26921
26754
26917
16433
16433
3260
2533
2519
2242
2900
2900
3413
1857
2226
2932
35757
36673
36821
36701
36701
36735
36732
34610
34713
2308
26908
26793
26726
26817
26817
26928
26735
26753
6249
16433
16433
2242
2643
3257
3438
3118
1843
1843
1870
1865
1865
2533
2242
2242
2456
2275
2275
34621
35757
36719
36658
36843
36817
36691
36735
36735
34619
34621
35900
35900
35900
35755
35363
34713
26908
6249
6249
16433
2242
2900
3512
3438
3118
3118
3116
2952
1843
3791
2932
2542
2549
2245
2456
2456
2275
36662
36673
36719
34551
35804
35358
2308
2643
2534
3118
3139
1857
1843
26914
26767
26793
26727
26817
26817
26926
26754
26753
6249
16433
16433
1561
1856
2932
2245
2275
2310
36659
36659
36659
36817
36821
36428
35965
35965
36416
36691
3257
3512
3438
2952
2226
1843
1561
1854
2542
2549
2245
34620
34619
34551
34551
35855
35660
34713
34713
26914
26764
26764
26728
26728
26754
6249
16433
36719
36673
36630
36817
36691
36719
2904
2631
3143
1559
1561
1562
1854
2932
2464
2456
2312
34620
35343
35804
35799
35660
35657
34691
35363
35362
26726
26728
26741
26753
6249
36817
36422
36428
36407
36735
36718
2500
3257
3257
1964
1561
1787
1562
1854
2932
2549
2245
2245
34620
35343
34599
35651
35358
2266
2272
26914
26914
26928
26926
26735
26782
26778
36659
36817
35966
1634
26764
26733
26754
26753
35648
35479
35479
34713
2239
3164
3228
1847
2226
1562
1854
2513
34620
35799
35855
36659
36630
36691
36735
36718
36719
1634
1634
1787
1787
1781
2245
2459
2312
2312
2303
35343
35799
35813
35651
35478
2266
2631
2631
3484
3459
1964
1627
24579
24579
24587
26914
26767
26767
26726
26727
26728
26728
26754
26753
26988
36663
36659
36406
35966
36416
36735
36718
1634
1781
1562
2510
2510
2513
2456
35813
34691
2266
3484
1975
2226
1595
1595
1627
24584
1627
24578
25725
24579
26914
26728
26735
26754
36659
36656
36630
36428
35965
36691
36718
36663
35599
35607
2266
2266
2500
3228
1975
1956
1627
26726
26726
26728
26816
26732
26733
26778
24572
24587
1625
25045
1784
1854
2245
2312
34551
35799
35857
35733
36656
36676
36028
36407
36735
36718
35733
35747
35478
35479
3484
3540
1595
26767
26791
26726
26727
26728
26754
26753
1627
24584
24584
24584
25332
25723
25726
25725
24572
24572
24587
1625
25045
1784
1836
35345
35897
36204
36659
36400
36406
36428
36258
36241
36718
36718
36718
24584
24578
25723
1644
2245
2459
2459
2459
2312
2303
35343
35857
35813
35724
36204
35954
36663
36659
35936
36028
36205
36375
36375
35747
34691
34813
2239
3484
3228
1964
1964
26988
26995
26763
26728
26981
26983
26754
26993
26726
26727
26728
26728
26754
36406
35969
36060
36095
35828
34813
34811
2500
2500
3484
1823
1956
1956
1591
24584
25723
25726
24572
24514
24591
1625
2471
2245
34551
36353
36146
36146
36241
35947
36726
36663
26791
26787
26816
26816
26732
26980
26981
26776
26993
26993
36663
36659
36400
36207
36377
35599
35607
34488
34488
34813
2239
3540
1956
1591
25332
24578
24578
25723
25625
25726
24591
25055
1792
35897
35857
36368
36181
36154
36493
36718
26995
26727
26816
26776
26988
36434
36656
36676
36676
36054
34811
3508
3540
1823
1591
24584
25616
24514
1625
1644
2510
2312
34553
34553
34588
36353
35947
26763
26763
26787
26807
26807
26780
26993
36635
35936
36095
35828
35683
34488
35390
2238
2238
3508
3213
1822
1591
25447
25446
25723
25620
25620
25772
24519
1625
1644
25045
1792
1834
34553
34588
34583
36301
36368
36368
36181
36154
36726
36718
26791
26983
26776
36647
36659
36635
35942
36071
35435
34693
35437
34811
2941
3213
1822
1956
1591
24584
25447
25619
25620
24519
1836
1883
2460
2459
2459
34584
36493
26988
26899
26816
26980
26780
26993
37053
36434
36377
34691
2500
2846
3540
3540
24578
25715
25616
25616
25620
25772
25772
24567
25056
2471
2460
35077
34553
34550
35897
35842
35842
36201
36181
35903
26763
26787
26806
26807
26816
26816
26980
26776
26776
36052
36095
36095
35599
35607
35558
34702
2846
3213
2225
25358
1591
25446
25619
25823
24514
1644
1883
34583
36301
36132
35954
36726
26899
26759
26807
26709
26687
26687
26662
36666
36666
35956
35591
35439
35390
2238
1823
1822
25616
25823
26361
24520
24520
1625
24560
1792
1834
2476
2459
34553
36368
36368
36201
35947
36647
26988
26791
26709
26662
37053
36005
35435
34694
34702
2846
3540
2941
2225
24806
25446
25640
26102
25772
2477
2460
35089
34550
36122
35903
36493
36647
26899
26787
26806
26810
26807
26816
26816
26702
26780
26662
36434
36434
36434
36377
35689
34702
2846
25358
25447
25444
25715
25640
1802
1834
2476
2460
35089
34583
34584
36122
36201
36132
37056
36647
37053
26759
26759
26819
26786
26807
26698
37053
35942
35956
35841
35591
35591
35558
35439
34694
35149
2940
2171
2171
25117
24806
24682
25823
26102
26361
24560
25056
2477
35077
36301
35883
36236
36232
26806
26810
26710
26687
37053
36021
36666
36092
35837
35441
34702
34774
35390
3245
25447
25446
25619
25575
25784
24551
24556
24560
25056
25055
25055
1903
2476
2460
34592
34553
35947
37053
26870
26630
26662
26662
36021
35840
35439
34702
35130
2489
25109
25117
25657
25640
25640
25772
1540
2477
35089
34552
34588
34584
36122
36122
36301
35883
36236
36232
35903
37056
37056
26662
26673
26819
26641
26641
26698
37053
36013
35629
35629
35435
35149
3245
2940
2171
24806
24682
25444
25701
25781
25784
26361
26361
24551
24560
24560
24560
1802
34592
34553
34587
36122
36301
36201
35947
26790
26786
26810
26810
26810
26807
26641
26709
26710
26702
26662
36077
35603
34399
34702
1811
25502
24682
26343
25784
1802
35089
36120
36120
36232
35983
35947
26880
26759
26673
26686
26686
26662
35840
35841
35837
35441
34400
34694
34774
25093
24742
24451
25444
25671
26264
25701
26343
25692
25767
25767
24520
25056
1903
2579
35089
34588
35883
36198
36297
37053
26659
26703
37053
36456
36045
35603
34402
34774
35139
35145
2489
25109
24742
24669
25657
25671
25701
26343
26343
25781
25767
24556
25056
35088
34552
34587
34588
36310
35912
37056
36464
36464
26877
26673
26810
26641
26641
26659
36021
35839
34629
35139
2489
2927
25093
24806
24451
26173
26343
25692
25767
24551
25054
2476
2579
35089
36120
36310
35876
36198
36297
36232
35983
36464
26870
26790
26641
26641
26710
26630
26630
26703
26659
36103
36077
35841
35837
35619
35629
34399
34629
25502
25659
26264
26173
26173
26321
25767
24546
24546
25056
1890
1540
2482
34579
36309
36297
35983
26880
26810
26641
26461
37053
36021
35638
35738
34399
34402
24742
24669
24669
24451
25405
25403
25659
25798
26175
26173
26173
26321
26336
25784
24552
24552
25066
1802
2469
2579
35087
35088
34578
35872
36198
36269
37056
26114
25054
25054
35088
35088
34579
34585
36120
36309
35876
36297
36443
35912
36464
36013
36045
35624
34400
34629
34629
35139
35139
35145
35145
24742
24457
25657
26114
25922
26675
26675
26810
26630
26686
36103
35812
35738
35139
35128
1566
25092
25096
24742
25798
26345
26175
26020
26021
26673
26810
26810
26644
26641
26375
26336
25810
26090
25322
24544
24544
24547
25066
2480
34587
35808
36310
36455
36464
36456
36456
36049
36350
35837
35624
34399
24669
24457
25405
25407
25403
25597
25571
25798
26175
26384
25922
26644
26641
26641
26694
26461
26172
26336
24552
25304
1791
2482
35097
35088
35086
34560
36198
35879
36269
35912
36456
36456
36264
35927
36045
35638
35741
35738
34400
34400
34402
34629
35139
24746
25405
26175
26020
26810
26624
26619
26686
26114
26321
25304
25304
25075
1890
35087
34579
34585
34578
34576
35872
36297
36443
36455
35927
35839
34629
34776
35128
35145
25094
24744
25708
25659
26020
26226
26675
26789
26644
26624
26461
26269
25084
1791
35097
35088
34579
34544
35808
36310
35820
35820
36269
36456
36264
36108
36049
35837
35619
35638
35420
34778
25092
24744
25597
25798
25922
26624
26694
26156
26169
26336
26336
25810
24552
25075
25084
1890
2480
35087
35087
35088
34585
35872
36297
35741
34394
1566
24744
24744
24457
24457
24457
25706
25708
25597
25798
26062
26022
26666
26644
26644
26638
26402
25322
24547
2587
35088
35086
34578
34560
36387
35879
36443
36269
36268
35917
36456
35812
36350
35424
35424
35424
34402
34637
35128
35126
24368
25571
26785
26811
26644
26694
26156
26321
26336
26090
26090
25304
25084
1890
2566
2469
34576
35822
35872
36297
36456
36456
36264
36264
35927
36108
35812
35638
34472
34644
34776
34778
1810
25092
24772
24746
25407
25708
26062
26062
26022
26390
26811
26644
26624
26321
26090
24544
24537
1791
2587
2469
35086
34560
34544
34544
35822
35879
36269
36268
35991
35917
35611
34472
34641
34637
35128
2651
24746
24744
25597
25798
26789
26638
26619
26269
26090
24552
25322
24537
25075
35116
35092
35092
34742
36195
36456
35918
35998
36105
36348
35719
34453
34644
34695
34778
24663
24368
25706
25582
26644
26624
26402
26402
27026
26100
25322
24710
1911
2566
2566
35080
35080
34544
35822
35879
36037
36195
35992
35992
35991
35998
35646
35611
34453
34434
34637
34804
25092
24663
24663
24362
25709
26022
25933
26390
26368
26644
26321
26270
26090
26090
26088
24512
24537
25048
25048
1896
1890
2469
34742
34562
36387
35812
34472
34641
34637
34695
34804
34804
34804
24747
25392
25392
24362
25805
26306
26785
26811
26644
26402
26204
24359
24537
2587
35092
35092
35080
34742
36195
35992
36265
36193
36348
35719
35619
35578
34434
34695
34776
34779
24772
24747
24663
24663
24612
24612
24362
25579
25579
26059
26642
26642
27026
26088
24529
24537
24710
25077
1911
35116
35080
35080
34742
36037
36265
35991
36105
35611
34453
34429
34637
2651
24688
24688
25709
26060
25938
25904
26367
26642
26270
24359
24512
25048
1897
35303
35824
35822
35879
36195
35992
35992
36159
36159
36193
36030
35812
36346
35646
34444
34441
34453
34434
34804
34804
34827
35126
24772
25431
24747
24603
25392
25392
25709
25582
25805
26368
26642
26642
26624
26619
27024
25852
25785
24710
25073
35116
35092
34742
34561
35879
36037
36159
34434
34641
35397
34696
34697
34779
24368
24362
25924
25938
25869
26367
26367
26402
26402
26204
25785
24529
24537
24709
1896
1911
1552
2588
35115
35332
35080
34562
36387
36173
36193
36193
36159
35713
34453
34641
34641
35414
34804
34718
24663
25579
25579
26060
26619
26204
25852
26270
25760
24504
25270
24537
35115
34742
34741
34741
35862
36173
36193
36173
36346
36346
35715
35608
34665
35409
34696
34821
24688
25431
25392
25392
24362
25546
25805
26306
25808
26060
25869
25904
26642
25785
24512
25270
25073
25077
1807
2485
35303
35302
34534
36385
36342
36041
36037
36173
36193
36193
36173
35646
34441
35414
35414
35397
34779
34821
24789
24603
25377
24612
24612
25805
25904
26642
26642
26200
25852
25852
24709
1897
1807
2588
35333
34748
34625
36030
34664
35411
34641
34827
2651
25431
24603
24603
24368
24378
25924
25993
26367
26633
26402
27024
26265
25792
24529
24709
25301
25076
25076
1911
2591
1552
35115
35115
35332
34741
35862
35862
36365
36041
36041
36173
36173
36173
35713
35715
34444
34509
34665
34664
35414
35409
34696
34821
24688
24688
25388
25808
26060
25869
25973
26633
26270
25790
24504
24529
25270
2485
35115
36340
36041
36173
36173
35646
34664
34697
35463
24665
24610
25382
25807
25924
26047
25993
25993
25990
26402
26428
26200
26265
25760
24504
25294
24709
24709
2485
35333
34748
34748
34741
34535
36286
35862
36212
36212
36346
35719
35646
35715
35608
34445
35546
35414
35414
35414
34670
34821
34821
34821
34718
1611
24688
24788
25431
24664
25377
25392
25546
25576
25587
26428
26266
25852
25076
25076
1807
2591
2485
35115
34741
35326
35302
34533
34445
36333
36333
36212
36212
35715
34665
35411
35395
24789
25373
25377
25382
24378
24421
25388
25806
26047
25993
25990
25790
26355
24502
24502
24709
25301
25076
1897
34769
34741
34535
34445
36286
35862
36365
36365
36365
34445
35546
34665
34664
35414
34671
34670
34448
35405
34821
34821
25431
24665
24610
26060
25924
26047
25993
25993
26200
25840
25792
25270
25294
24737
1807
1915
2343
34769
34769
34769
34749
34741
35305
34457
36212
36212
36382
36319
36365
36340
36340
36319
36365
34509
35411
35405
35463
34718
34442
24410
24664
24610
24629
25808
25807
26045
25993
25993
25990
26423
26200
26266
26165
1672
1567
35326
35305
34457
34671
34670
34720
24788
25479
25373
24414
25377
24610
24405
24421
25576
25587
26047
25993
25993
25990
26402
26423
25272
25272
24716
24716
25301
24737
24737
34468
34509
34664
35395
34448
34720
25479
25377
25382
25517
25681
25807
26014
25924
26047
25993
26002
26165
25840
25792
26355
24501
24737
2485
2343
34748
35326
34533
34527
34664
35395
35395
34671
34821
24789
24637
24629
25517
25687
25589
25807
25993
25990
26423
26002
26266
26353
25272
24737
24737
1672
1915
2485
34769
35326
35326
35326
34626
34626
34720
34517
34666
34664
35411
34670
34669
34448
34800
34800
34442
24410
24788
25479
25479
24789
25373
25373
25365
24405
24405
25681
26047
25968
26045
25993
25993
26402
24505
24327
24737
1567
34769
34749
34752
34517
34769
34748
35305
35291
34527
34448
34821
34820
2289
1611
24414
25382
25379
25517
25681
26316
25896
25993
25847
25840
24501
25272
24717
24737
24737
34509
34670
34784
1611
24788
24788
25479
24637
25365
25363
24421
25687
25968
25993
25981
26423
26266
25847
26353
24593
24716
1672
1567
34769
34769
34759
34769
34749
34752
35326
35326
35305
35314
35314
35299
34676
34672
35498
34800
34800
34820
34820
24787
25479
25382
26073
26072
26071
25968
25993
25993
24727
24737
1916
2485
34759
35314
2289
2289
1611
25481
25481
24789
24789
24637
24631
24447
26316
25807
25895
25981
25959
25847
25840
24594
24594
24327
24737
1547
2343
34759
34749
34383
35291
35314
35314
35299
34678
34821
34819
24727
1916
34759
34759
34752
35326
35291
35311
34666
34676
34676
34672
35498
34784
34820
24788
25479
24840
24840
24638
25365
25379
25576
25681
25687
25896
25895
26232
26163
26254
25274
24705
1665
1547
34769
34753
35326
35306
35311
35314
35314
34676
34672
34678
34883
34819
2289
25363
25363
24631
24421
24447
25517
25576
25780
26073
26072
26071
25896
25959
24419
24419
25259
2350
34759
35299
34680
24787
25479
24789
24840
24637
24637
25363
24631
25683
26163
25847
25274
24705
24717
1930
34752
34383
34383
35291
35299
34867
24787
1613
25481
25481
25479
24851
24637
25511
25517
25614
26314
25780
26076
26161
25848
25829
26254
26301
24327
1665
1657
1916
1547
34759
34759
34753
35306
35314
35314
35299
35299
35487
34679
34883
34867
2289
2289
25479
24632
25683
25681
26350
26073
26075
25966
26009
26298
26351
24413
24441
24490
24490
25259
25274
24327
24721
2350
2335
34753
34361
35291
34510
34676
34680
25481
24830
24638
24638
24640
25379
26161
25511
24442
24485
25274
25681
25681
25681
25614
26314
25780
26075
26076
26161
26254
1657
24723
1547
2335
34759
34753
35291
35314
35299
34676
34857
35513
24640
24632
24634
24634
25259
24351
24351
24727
25511
25279
24727
1657
2347
34388
35306
34515
34680
2921
25481
25479
24851
24637
26141
26180
26310
26298
26287
26350
26180
26141
1930
1547
2606
2350
2335
34755
34753
34361
35315
35298
35298
35487
34899
24830
24867
25274
24329
24721
26180
26308
26350
26287
24723
1657
34361
34361
34525
34525
34505
34505
34676
34676
34888
34857
24830
24840
24840
25466
24442
24485
25279
24721
24721
26308
2583
34753
34524
35315
34505
34680
34899
34899
34857
24867
24638
24634
25267
24493
25274
34680
34867
25463
24987
24647
24634
25511
24493
24329
24356
24723
1669
2347
2583
34755
34388
34753
34361
34361
34500
34524
34505
34505
34888
35495
1613
24846
24634
25267
25511
24356
24723
24723
1930
2347
2347
2583
34385
34361
35315
34505
34505
35487
34867
35021
1613
24840
25466
25466
25283
24493
24723
1669
2355
2347
35315
35487
35021
1694
25485
24867
24867
24647
25455
24644
25267
25279
24468
24329
24329
24721
1669
1553
2595
2347
2347
34388
34388
34385
34385
34500
34899
34899
25266
24353
1677
2347
34378
34388
34524
34514
34505
2606
2355
2355
34385
34500
34500
34523
34524
35315
34505
34676
34905
35021
24846
24840
24478
24329
24347
2595
2355
34385
34524
34899
34920
24987
25485
24840
25455
24644
25266
24478
24478
25283
24493
24329
24721
24347
1949
24723
1669
1677
2606
2347
34385
34500
34523
34514
34504
34676
34909
34921
2293
24966
24867
25455
24644
24644
24353
1669
1677
34909
35021
35021
2368
1694
25123
24892
24867
24883
1669
1677
1677
1553
34379
34523
34524
34505
34915
34924
24478
25283
24493
24468
24468
24333
24347
1949
2355
34378
34365
34514
35448
34425
24888
24892
24867
24873
25266
25266
24493
34379
34514
34514
34504
34905
1615
24472
24478
24333
24353
1669
1683
2355
2347
35280
34523
34514
34676
34921
35154
2293
25000
25236
24944
24873
24803
24473
25283
24353
1949
1931
2347
2624
34365
34518
2368
24966
25266
24473
24478
24492
24468
2355
34514
34514
34909
34909
34915
34920
35154
1615
1690
25123
24892
24883
24883
24487
24353
1949
34379
34379
34365
35280
34915
35040
2368
24888
24883
24877
24473
24491
24468
1683
2607
35280
34731
34518
34724
34924
25236
24877
24487
24333
24350
1949
1931
1676
2354
2607
34732
34724
34909
34917
34915
34924
35052
2298
1619
25000
25123
24944
24473
24487
24491
1683
2354
34382
34365
34514
34724
35454
34909
35154
2879
24918
24888
24883
24472
1949
34382
34725
34909
35004
24918
24883
24885
24472
24473
24350
1949
2624
2620
34365
34724
34976
35040
1690
25000
24892
24877
24473
24487
24491
24702
24702
24702
24350
1931
1683
2354
2607
34365
35280
34731
35482
34917
35052
35052
2879
2298
2205
25020
24892
24892
24803
25416
24491
1949
1949
1676
2607
34732
34728
34725
34724
34924
35004
1619
24925
25123
24487
24702
24349
34382
34909
34976
24892
24883
24885
24740
24472
25416
1949
2612
2620
34382
34382
34767
34767
34731
34728
34772
34929
35040
35049
24918
25020
24892
24877
24877
24350
24349
1931
1676
1946
2607
34728
35448
35448
34915
34924
35052
35066
2879
2914
2205
2205
24944
25416
25416
25416
2607
2620
35280
35454
35049
24936
24918
24883
24696
24350
2612
34767
34732
35482
34924
34971
2302
25020
24892
24740
25416
24702
24349
1668
1936
34382
34728
35448
34772
35454
34929
34929
34915
35040
35052
2879
24925
24693
24699
24702
1668
1668
1946
2620
34382
34732
34773
35448
35451
34971
35066
24936
24918
24892
25450
25416
24696
24350
1936
2612
35482
2451
2865
35049
35066
2205
25017
24944
24892
25422
24699
24700
24702
2620
34382
34766
34767
34732
34728
35461
2879
2914
24918
24918
24883
24877
24692
24692
25416
24700
24733
24349
1668
2612
2623
34732
34773
34728
35454
34929
2865
35049
1624
25017
24892
24892
25422
25422
24696
24699
1946
34765
34725
35451
35450
35454
2451
35049
34971
2302
2914
1737
24918
25450
24349
34773
2451
2879
25017
24883
24700
24733
1668
34765
34766
34732
34729
34725
35461
35450
35454
34929
35482
2433
35049
35059
2417
1624
24936
1745
24892
25450
24897
25422
24692
25429
24696
24734
1668
1936
1946
2623
2623
2330
34766
34729
34728
35454
35482
2865
2415
1737
1745
24692
24741
24349
34766
2366
35461
35461
35450
35454
34929
2433
2865
2914
1737
25017
25422
24692
24349
2623
2330
34765
34765
35461
35450
35454
2427
2427
2865
35059
2417
2412
2914
1773
24734
24734
24733
1948
1936
34765
2366
35450
34929
2679
2679
2433
2865
2914
1737
1755
24897
25429
24741
24349
1946
2623
34729
35461
35450
2758
2427
2865
2914
1765
25017
25017
1745
1749
1755
24897
2083
24692
24741
2623
2330
34766
35460
35461
2765
2758
2417
2417
2412
1734
1773
24897
25419
24692
24692
25429
24734
1948
2330
34765
34765
2325
2321
35460
35461
2679
2433
2411
2914
1734
1745
1749
24741
1681
1681
2623
34766
2366
35450
2679
2427
2865
2865
2865
2417
2412
1733
1734
1734
1765
25017
1749
24692
24692
25429
24734
24349
1948
2623
2366
35453
2679
2679
25419
25419
25428
1647
1649
1948
1681
1946
2330
35453
35450
2679
2411
1733
1765
1755
2004
2325
2325
2366
35460
35460
35453
35450
2679
2678
2427
2427
2419
2411
1734
1765
1745
1749
24897
25429
24741
24741
24741
1948
2344
2623
2330
2326
2765
2678
25419
25421
25421
1650
2344
2843
35453
2679
2679
2421
2252
2440
1733
1734
1765
1743
1743
1749
1755
2004
2083
2083
1649
1681
2623
2344
2366
2321
35453
35453
35453
2678
2004
2004
25418
25419
1981
25428
1647
2330
2326
2321
2843
35453
35450
1743
1749
2004
1649
1917
2325
2325
2843
35450
2679
2836
2837
2252
2440
2913
1733
1743
1749
1749
2004
25428
1688
1681
2344
2325
2328
2366
2843
2656
2656
2768
2742
2678
2679
2252
2214
2003
1981
1981
1650
1650
1647
1659
1659
2593
2344
2337
2337
2328
2656
2656
2836
2667
2770
2440
2913
1574
2095
1749
2003
2004
25418
25419
2122
2168
1647
2410
2678
2691
1058
617
1749
1749
2003
2004
2093
1688
1650
1648
1648
1659
1673
1917
2344
2344
2326
2325
2843
2656
2656
2768
2742
2252
1574
1574
2161
1981
1981
1650
2337
2326
2400
2843
2742
2678
2162
2162
2067
25419
2122
1688
1673
2328
2410
2410
2843
2768
2691
2667
2770
2252
2440
1058
1574
2157
2004
2067
2093
1650
1724
1648
1917
2593
2325
2400
2656
2656
2768
2678
2691
2913
2162
2162
2003
2004
1981
2168
1725
1724
1659
1673
2344
2326
2410
2400
2742
2678
2667
2667
2770
2440
1058
1058
1524
617
1574
2162
1992
2067
2093
2122
1981
1688
1659
2402
2328
2656
2742
1058
1524
617
617
1574
2003
2067
2093
1725
1724
1648
1917
2593
2326
2402
2328
2400
2802
2157
1648
2344
2326
2410
2400
2656
2768
2768
2770
2252
1574
1574
2162
1992
2003
2067
2067
2169
1732
1725
1917
1917
2337
2326
2328
2400
2800
2802
2802
2770
2440
1524
1524
2157
1992
2122
2168
1724
1648
654
1673
1917
2408
2344
2402
2657
2768
2252
1058
2162
2003
2067
1730
2337
2403
2768
2800
2252
1078
617
1574
1992
2016
2125
2142
1724
1673
1918
2409
2400
2802
1078
1303
617
1992
2125
2067
2146
2168
1732
1732
1725
1724
1648
654
2337
1291
2403
2409
2657
2821
2800
2770
2770
2252
2016
2169
2168
1732
1725
1730
1730
2337
1291
2409
2821
2824
2802
2252
2440
1574
2095
1992
2142
2146
2168
1724
654
1648
1918
2594
2408
1093
2409
2657
2824
2800
1078
1303
637
620
2125
1732
2403
2657
2821
2817
1078
620
2125
2053
2142
2169
654
654
1730
1095
1094
2409
2802
2704
2263
1061
2157
2095
2029
2146
1725
652
2337
1291
2409
2841
1303
637
620
2157
1722
1732
654
1730
1730
2594
2594
1098
2409
2824
2824
2263
2263
1078
2127
2125
2053
2142
2166
1732
1725
654
1730
2594
1291
2409
2821
2817
2824
2704
2784
1061
1078
1078
2127
2146
1732
1095
1095
2841
2817
2824
2704
2263
1303
637
1585
2029
2029
1722
1722
654
1291
1093
1094
2733
2817
2263
620
2053
2166
1732
653
655
655
1730
2337
1098
1093
2409
2409
2841
2824
2824
1303
637
620
1585
2125
2142
652
1730
1282
1282
1102
1094
2409
2841
2661
2661
2704
2775
2784
2263
1061
2098
1731
653
1095
1291
1094
1078
1303
1585
1585
2029
2127
2053
2136
2166
1731
842
2337
2394
2409
2733
2733
2708
1425
2040
652
655
1106
2841
2817
2661
2824
1425
1303
864
637
2097
2097
2098
2040
2166
653
652
1282
1282
1102
1291
2841
2824
2807
2775
1064
1064
620
2119
2040
655
655
655
657
1282
1098
1098
1096
1096
1106
2841
2661
2794
2708
1425
1425
1061
978
2098
2149
2136
1731
1731
1731
652
2733
2661
978
2149
1020
1282
1291
1291
2394
2394
2396
1304
864
2097
2149
1731
1020
655
1098
1106
2841
2839
2839
2661
2794
1403
1403
2807
1425
1425
1425
1071
864
630
2119
2121
1731
1731
1020
655
842
1284
1098
1106
2661
1421
1064
1304
978
2121
851
1109
1096
1106
2396
2839
1425
1425
1304
978
954
963
2136
2085
665
1020
657
657
1284
1291
2394
2394
2794
2807
2149
2119
2166
655
842
1291
1106
2839
2839
1403
1421
630
2097
664
851
1463
1463
2796
1387
2794
2777
2807
1421
1071
1064
1064
672
963
963
2102
2121
2121
665
665
1109
1096
1458
2839
2839
2796
1421
663
981
2102
2118
2121
2121
2166
725
1023
1284
1106
2396
1403
1421
1421
1071
1023
844
1463
1105
2839
2796
2796
1104
1304
954
2085
664
665
725
851
854
1023
1463
1464
1166
1105
2796
2796
2777
1349
1349
1104
981
963
2121
664
854
1294
1166
1106
1458
1387
2777
1403
1421
1113
672
663
981
2118
2121
665
1024
1431
1421
2118
2085
1016
844
1284
1445
1464
1431
2796
2796
1382
1349
909
963
2102
664
725
1023
1470
1470
2796
2796
1405
1405
1421
1166
1106
1458
1105
1421
1104
682
963
947
2118
894
2121
664
854
854
1024
1023
1445
1445
1464
1294
1294
1162
1431
1431
2796
1339
1387
1382
1389
1405
1421
1421
672
981
909
722
725
1005
1445
1372
672
981
909
991
1016
1024
1470
1294
1164
1431
1113
963
949
947
2118
894
664
664
1035
1032
1005
1471
1294
1456
1343
1382
1389
1405
1372
1113
2121
722
729
1035
1470
1162
1431
1339
1339
1382
899
991
721
1032
1005
1445
1445
1470
1456
1164
1164
1162
1431
1343
1389
1405
1421
1113
949
947
991
722
729
1456
1343
1424
1421
672
682
932
1035
1024
1389
1113
984
949
899
993
991
729
1005
1472
1471
1471
1204
1433
1343
1339
1341
1389
1405
1424
1116
1113
1113
965
940
729
1533
1452
1470
1164
1162
1162
1431
1389
1113
672
932
991
729
763
1035
1035
1032
1433
1433
1343
1343
1389
1424
682
984
944
721
1043
1533
1475
1456
1405
1119
932
940
899
899
721
729
1035
1030
1012
1472
1471
1164
1162
1341
1424
1513
993
1204
1162
1162
1162
1433
1389
1405
1119
1116
1113
673
672
965
944
993
993
763
1030
1030
1533
1452
1173
1204
1493
1426
1426
984
944
1053
729
858
1471
1475
1170
1162
1375
1435
1116
678
899
1043
732
1452
1472
1170
1433
1343
1493
1237
1513
1053
993
721
1011
1012
1173
1475
1170
1483
1162
1433
1343
1435
1119
1116
673
678
903
729
1011
1011
858
1030
1455
1170
1170
1426
1426
1375
1237
673
912
935
1053
993
1533
1471
1446
1162
914
901
1053
721
729
1483
1483
1162
1343
1426
1230
1513
1011
1011
1012
1455
1173
1451
1433
1211
1435
1232
1237
673
914
1053
775
1043
1006
858
1533
1452
1455
1483
1216
1375
1513
678
935
1053
775
858
1451
1451
1446
1162
1216
1197
1375
1375
1230
673
912
935
775
1006
732
1012
1216
1430
935
901
770
721
882
858
1452
1455
1224
1224
1483
1219
1430
1211
798
721
783
1006
882
732
1533
1298
1298
1446
1221
1375
1375
1230
1232
1234
914
1012
1451
1234
798
793
789
789
935
990
778
778
783
1006
882
732
1327
1451
1221
1216
1430
1197
1375
1230
1232
770
770
775
1006
882
858
1012
1328
1452
1430
1232
789
935
273
732
1446
1224
1221
1216
1435
1234
986
783
1006
732
1327
1219
1216
1234
935
986
990
778
1328
1298
1221
1216
1216
542
1278
798
789
756
775
707
882
273
888
552
1221
1209
542
302
300
1435
1410
1278
789
986
772
778
700
888
1328
552
1224
1219
1216
754
756
707
273
887
1298
1224
1410
756
986
775
271
44755
389
1321
550
1221
548
1209
1209
302
1278
1278
798
755
789
2
270
778
1321
1216
542
303
1195
1234
1278
17
772
772
271
707
700
700
273
888
550
1143
1209
224
887
887
888
389
1327
552
552
550
300
285
1410
1196
768
772
702
270
888
389
1298
1321
551
551
300
2
756
700
44755
44753
888
1321
296
1410
1196
1278
1278
795
795
755
17
768
270
271
44755
550
550
548
1143
1317
303
1195
754
17
271
224
888
1327
550
548
1143
303
1278
267
224
389
552
551
548
1143
296
755
20
702
44732
48843
550
1143
1143
1143
1317
509
296
303
285
285
1195
1495
795
755
267
702
270
44755
44755
44753
611
389
48845
555
550
548
1143
1195
1495
2
13
768
224
236
555
504
285
267
270
194
223
44732
44755
48843
555
548
299
755
20
18
193
267
702
223
224
44755
44753
236
110
611
48845
48845
548
546
546
1195
1495
795
795
45
2
20
194
224
389
1327
554
555
549
1317
509
470
285
326
318
2
18
18
193
194
223
44755
611
48843
554
1317
285
2
224
44734
44753
110
549
548
509
470
299
45
2
2
16
702
224
224
44753
236
611
49006
48845
555
504
549
548
546
546
509
509
466
470
326
318
309
795
37
193
194
223
44732
44755
516
48843
48845
48863
549
548
285
326
318
22
37
2
190
193
267
44769
44769
44916
48845
48863
503
549
548
48738
299
299
309
795
37
16
194
194
224
224
44773
44755
44753
44753
44916
611
48843
549
474
326
326
318
309
22
190
267
44769
44769
44734
48824
48824
48863
48863
503
503
466
317
27
37
190
44766
45127
44773
44734
516
48843
48825
474
48857
299
292
45
16
194
44734
44754
48857
48855
22
36
16
190
44766
44766
267
44769
45127
44754
44753
44916
49006
48824
503
503
48857
48738
470
466
326
292
36
267
44769
44773
44734
44734
606
48825
48824
48824
48863
474
48857
48857
48855
48738
299
307
45
45
190
44766
267
194
44753
44916
48844
503
474
48857
466
317
326
37
36
16
190
267
44765
44773
44754
44916
44916
49006
48824
470
48621
293
292
44766
44769
194
45127
44734
44916
49006
48843
48825
48824
48863
503
48857
48857
307
307
22
27
45
45
36
36
44765
44765
44773
44916
606
49006
48825
48863
49237
466
48621
317
326
293
10
196
44769
45131
194
45127
45127
44753
44916
606
48843
48844
48825
48825
49221
48855
48738
48639
326
307
45
36
44531
196
44766
44766
44608
45147
44734
44737
45123
44754
44753
44916
44916
44916
49006
48843
48825
48864
49237
49237
49221
48857
48855
48735
476
476
48621
465
307
9
10
45
44549
196
44766
44765
44608
194
44774
44916
606
48844
48844
48827
48864
48863
49237
49221
48857
48735
48733
48621
317
293
307
307
45
44531
196
44765
45127
44774
44737
44754
44916
44916
407
48843
48857
48857
48735
48733
476
48639
465
45
36
44531
44641
196
44645
45131
45127
45123
45123
44916
44932
49357
48843
48844
48825
49221
48857
48735
48733
48621
293
292
307
307
9
45
36
44531
44766
44608
45131
44600
44774
44916
44932
48827
48864
49237
49221
48857
48857
48735
48804
48733
48621
465
293
292
10
45
231
44531
196
44645
45131
44737
45231
45267
44932
407
48843
48827
48864
49216
49221
48857
48856
48735
48619
48621
48619
293
292
21
10
44529
44641
44645
44605
45147
45231
44916
44932
44932
49357
48843
49213
48864
48804
465
293
9
9
261
44645
44605
44605
45131
45117
44600
45110
45267
44932
49357
48827
49237
49221
48857
48856
48693
48619
48619
307
231
112
44529
44627
45123
45267
44932
407
49357
49357
49213
49221
48694
48804
48619
465
511
540
292
307
21
44641
44645
44645
44605
45117
44600
44627
45114
45114
407
49357
49216
48690
48690
48698
48698
48804
48658
48619
292
21
9
261
231
112
44606
45117
44600
45110
45123
45267
44932
44932
49357
48864
49216
48693
48647
511
44529
44641
44641
44645
44722
44604
44606
45230
45267
49321
49213
48827
49221
49221
48698
48811
48647
540
530
250
261
44529
44641
44722
44605
45114
49357
49321
48808
48808
48658
465
511
393
112
44645
44604
45117
44600
44600
45110
45114
44932
44932
49357
49213
49204
48864
48864
49216
48690
49221
48698
48694
48811
112
44557
44641
44606
45117
45110
45123
49213
49200
48690
48698
48619
48624
540
393
530
150
250
44721
44604
45117
44627
45110
45114
45230
45230
44932
49357
49321
48864
48811
48658
48658
465
48646
540
231
44534
44567
44567
44606
44600
44932
49320
48717
48690
49207
48698
48808
48659
150
112
44557
44567
44721
44606
45117
45151
45110
44747
45230
49357
49320
48717
48690
48690
49207
48698
48811
48808
48647
48646
393
399
570
44557
44568
44720
44721
44604
44768
44625
44627
45110
44925
49357
48749
49204
49200
48624
393
570
118
112
44534
44557
44568
44568
44720
45114
44932
44932
49204
48690
48690
48858
48853
48811
48808
48659
393
44728
44728
44763
44763
44763
45117
44625
45151
45114
49357
48749
49204
48690
48719
48659
48624
393
393
399
44534
44628
44720
44721
44768
45117
44625
44747
45230
45230
49192
49204
49200
49241
48690
49207
48858
48721
48719
48718
48718
48624
48646
570
112
112
44534
44568
45110
45114
49015
48749
49200
49207
48853
48719
48718
48718
48624
393
392
392
570
570
112
44728
44569
44629
44720
44763
44763
44625
45110
45230
45230
44925
49357
48749
49192
49207
48858
48853
48721
48721
48646
392
570
118
112
112
44534
44728
44569
44629
44720
44631
44768
44768
45117
44625
45151
45102
44659
48749
48828
49200
48858
48719
48718
48718
48880
48646
44628
44569
44763
45117
44625
45114
45114
45230
49015
49200
49241
49241
48715
48858
49151
49151
48853
48719
49035
48718
48821
392
392
570
570
111
44728
44629
44720
44631
45117
44925
44925
49320
48715
48858
49151
48721
48880
48821
48981
569
121
111
44558
44728
44628
44763
44763
45054
44768
44768
45117
44625
45102
44659
49015
49357
49241
49241
49035
48880
48646
48495
402
121
44728
44628
44945
44440
44631
44763
45151
44738
48749
49192
48828
48715
49151
48721
48719
48610
49035
48569
48880
48821
48981
48495
402
569
111
44949
44482
44628
44945
44945
44631
45054
45138
45151
45110
45087
44750
49335
49320
48715
48858
48721
48721
48721
48610
49035
49035
49033
48821
121
111
44558
44945
44440
44631
45054
45054
45138
45138
45138
45144
44659
48828
49241
48715
48530
48530
48577
48880
48882
48495
402
569
121
44949
44437
44479
44487
44440
44631
45054
45145
45102
44659
49355
48749
48858
48858
49151
48530
48577
48569
49033
48519
48821
48882
48706
48495
121
121
44891
44940
44437
44479
45054
45138
45144
45144
45151
45087
44738
45102
44750
49320
48840
49192
48715
44462
44462
48530
48530
48573
48547
48519
402
402
121
44891
44949
44437
44485
44519
44631
45138
45138
45265
49335
48828
49176
49241
48858
48858
49151
48721
48609
44479
44485
44486
44487
44440
45054
45138
45144
45144
44750
45245
48828
49234
48858
48858
49151
48609
49092
48577
48548
48548
48547
48552
49033
48519
48882
48706
121
44558
44940
44949
44949
44466
44462
44479
44479
44440
44519
45054
45138
45144
45144
45145
45087
45087
45102
49355
48840
49192
49176
49241
48715
48858
48609
48609
48530
48576
48573
48519
49030
48882
402
569
44437
44462
44462
44456
44940
44462
44456
44456
44479
44487
44440
44519
49355
48858
48858
48609
49092
48576
48576
48548
48955
48527
49030
48882
48706
402
414
569
44891
44558
44462
45138
45060
45144
45144
45144
45144
45087
44738
44750
49228
48858
49151
48609
49092
48548
48548
48548
48955
48955
48600
48552
48552
49030
49030
48706
48704
44891
44612
44430
44466
44466
44462
44511
44866
44456
44486
44440
45144
45144
45145
44744
45245
45265
48828
49176
49241
49234
48609
49094
49092
48576
48548
48548
48548
48882
48706
414
44612
44941
44466
44456
44486
44519
49092
48581
48581
48576
48550
48548
49378
49378
49366
48600
48600
48556
48706
48704
414
131
44612
44466
44466
44465
44866
44866
44460
44486
44487
44487
45060
45060
45087
45265
49335
49335
48840
48840
49192
48828
48715
49234
49228
49228
49225
49225
48609
48581
48576
49366
48600
48556
48520
48522
48704
130
44941
44434
45279
44511
44866
44634
45063
45087
45202
45202
45245
49355
48839
49176
49247
49234
48609
48581
48548
49624
49624
49368
48600
48556
48520
48704
414
414
131
44941
44466
44466
44465
45275
44460
44460
44486
44439
44439
44439
45060
45063
49189
49264
49228
49228
49225
48609
48609
48609
49094
49092
44465
45275
45275
45897
45535
45535
44487
44519
45023
45088
45099
49190
49335
49292
48512
49225
49225
49092
49092
48957
48957
48957
49633
49624
410
131
44616
49624
48556
48522
48522
48704
44702
44616
44941
44434
45275
44439
44519
44634
45144
45063
45087
45173
45202
44744
45265
48840
48839
49247
49234
49228
49228
49225
49094
49094
48581
48548
49092
49092
48581
48581
48957
49387
49633
49633
49633
49624
49368
49368
49368
48522
410
567
44941
44434
44434
44435
44509
45279
45959
45959
45897
45897
45535
44867
44460
44421
45060
45063
44744
45088
45088
49264
48512
49225
49225
48609
49031
48704
410
131
44934
44434
44434
45888
45897
44867
44460
44421
44439
45023
45023
44634
45063
45063
45063
45087
48839
49234
49234
48512
48609
49094
48581
48581
49031
567
44702
44934
44435
44509
45281
45279
45279
45888
45889
45955
45535
44867
45060
45202
45099
45099
49189
49292
49264
49247
48512
48957
48957
49387
49632
49633
49633
49984
49623
49622
49368
48556
48953
48556
48792
48794
44706
44434
45959
45955
45535
44421
44634
44634
45199
45202
49190
48839
49292
49247
48512
49224
49094
49094
48565
49632
49987
50045
49980
49623
48522
48953
48953
49031
48792
428
44702
44934
44934
44435
45279
45888
44460
44439
45023
45023
45023
45023
45063
45173
49247
48512
49225
49224
49094
48524
44470
44470
45281
45281
45279
45891
45889
45596
45986
45955
45898
45542
45542
45297
44867
44460
44421
44439
45060
45199
45229
45088
49190
49190
49264
49153
48512
49224
49094
48957
49387
49632
49988
49987
50045
50045
49725
49984
49980
49623
49622
49622
48599
49031
48525
49623
48791
428
44706
44934
45542
44439
45060
44634
45063
45088
49189
49333
48839
49292
49264
49153
49153
49224
49224
49224
49094
48581
48565
49632
49987
49686
49725
49980
49985
49622
49376
48599
48953
48953
48791
428
44706
45281
45959
45889
45596
45986
45542
45297
44867
44474
44439
44439
45023
45023
45060
44634
45063
45063
45173
45099
49264
48512
49225
49387
48792
44934
44470
45281
45531
45895
45895
45891
45986
45898
45542
45297
45297
44867
44421
44439
45003
45037
45199
45229
45099
49190
49189
48839
49153
48512
49224
49632
49988
49988
50045
50043
49686
49725
48524
48525
48953
48560
48791
428
44702
44702
44934
45596
44867
45003
45023
45037
45063
45063
45077
49190
49333
49281
49224
49224
49224
49094
48514
49387
48793
428
44706
44934
44470
44470
45284
45968
45635
45596
45596
45647
45584
45584
45898
45542
44474
45003
45037
45037
45199
48839
49281
49153
48512
48512
49127
48514
49632
49632
49988
50043
50028
50065
49725
49980
49985
49376
48953
48560
48953
49027
44702
45284
45531
45968
45542
45297
44474
44421
45003
45003
45023
45037
45037
45173
45173
45099
49189
49167
49264
49153
49224
49224
48514
48565
49734
49985
49985
49622
48793
48793
428
44706
44470
45895
45596
45584
45898
45898
45542
45003
45023
45037
45063
45088
45077
48832
49263
49224
49224
49224
49607
49607
49988
49985
44701
44470
44470
45536
45536
45531
45895
45968
45647
45647
45295
45023
45063
45173
45077
45100
48839
49281
49263
48565
49385
49988
49672
49672
50028
50028
49688
49688
50065
49725
49622
49376
48560
49027
44934
44448
45968
45635
45976
45517
45003
45037
45037
45037
45229
45077
45077
49167
49319
49281
49263
49153
49127
48514
48952
48952
48953
565
428
44701
45531
45669
45584
45584
45898
45898
45542
44474
45003
45003
45003
45023
45037
45037
45042
45173
45199
45077
45076
45100
49167
48839
48832
49153
49127
49127
48513
48514
48514
48507
49632
49634
49634
49734
49985
49985
49985
49985
49622
50166
48585
44701
44448
44470
44502
45531
45976
45976
45542
45542
44474
45037
45199
49167
49281
49224
48514
49385
49385
49977
49988
49672
49846
50166
45564
45564
45584
45590
45517
45003
45023
45037
45037
45173
45229
45077
49181
49127
49224
48513
48513
50028
49985
44448
44470
45536
45536
46081
45968
45976
45546
45564
45669
45669
45756
45584
45590
45517
45295
45003
45003
45023
45063
45077
49167
49281
49136
49153
49127
48514
48507
48567
49607
49680
49672
49846
49643
49634
49634
50068
49734
49985
49985
50166
49382
48952
44498
44495
44448
46081
45968
45978
45584
45886
45173
45229
45077
45091
45100
49181
49281
49136
49385
50022
49797
49382
48952
45536
45968
45976
45546
45564
45564
45669
45590
45590
45003
45037
45042
49167
49319
48832
49153
49224
48513
48513
48513
49607
49607
49977
49846
49797
49643
49639
49634
44502
45536
46080
45695
45669
45669
45582
45582
45886
45517
45295
44416
44417
45003
45003
44578
44578
45037
45199
45229
49166
49281
49281
49127
49224
48514
48567
49385
49607
49680
50031
50031
49846
49753
49753
49634
50068
49734
50057
50171
50166
48536
44448
44502
45536
45536
45695
45517
45037
45042
45200
45200
45199
45077
45076
49167
49167
48832
49136
49132
48507
49977
50057
50171
50166
50156
49382
46051
45568
45695
45907
45756
45582
45932
45590
45886
45517
44474
45003
44578
44578
45229
45077
45076
45091
49181
49166
49319
49132
48513
49385
49680
49757
49753
49643
49639
49639
50068
50068
50171
44502
45289
46081
46081
46080
45978
45932
45590
44416
44578
45042
45076
49167
49314
48832
49136
49127
48507
49385
49607
50022
49788
50070
50070
50171
50156
44502
46082
45568
45695
45907
45667
45756
45756
45932
45886
45517
44477
44417
44578
45200
45200
45200
45211
45211
45241
45091
49331
49136
49132
48668
49224
48513
48514
48567
49607
50022
49753
49649
49649
49717
50156
44502
45525
46080
45978
46051
45568
45695
45907
45756
45941
45932
45886
44417
44578
44578
45200
45228
45076
48780
49166
49166
49154
49281
48513
49391
50022
50031
50010
49757
49649
49788
49788
50070
50057
45289
46073
46080
45695
45695
45667
45932
45517
45003
44578
45241
49136
48507
49680
50010
50653
49788
50070
50057
50156
45289
46081
46082
45640
45607
46564
45667
44416
44578
44578
45155
45200
45200
45091
49130
49132
48668
48668
48513
48513
49254
49254
48567
49385
49591
49852
49785
49785
49649
44502
45289
45525
45762
45756
45590
45886
45517
45517
45519
44477
44417
44578
45241
48780
49166
48832
49136
48507
49607
50022
50031
50671
50070
50163
46080
46082
45624
45568
45762
45667
45941
45886
45176
45155
45241
45241
49331
49331
49154
49314
49284
48668
48513
48513
48506
49611
49607
49680
49649
49788
49788
49717
50057
50163
46081
46082
46082
45640
45624
45602
46567
46567
45667
45756
45474
45932
45886
45517
45517
45211
45228
45065
45091
49290
49136
49130
48506
49391
49611
50022
50031
50010
49858
49852
50671
50671
49785
49649
49711
50070
50156
45289
45525
45607
45607
45772
45941
45519
45296
44416
44417
44417
44578
45155
45155
45155
45200
48780
48780
48788
49331
49331
49314
49290
49254
49254
48506
49591
49711
49711
49717
50163
48788
49130
49130
48668
48668
48668
49254
49607
49591
49680
49852
49852
50671
50680
50680
49649
50072
45525
46567
46567
46564
46564
45667
45941
45474
45501
45519
44578
45040
45228
44796
45241
45241
45241
45525
45525
45525
46073
45624
45624
45607
46587
45762
45499
45241
48788
49331
49290
49284
48506
49391
50010
50695
50695
50680
49717
50070
50163
46082
46564
45762
45772
45501
45517
45296
44416
44417
45176
45176
45155
45155
45200
44796
44796
49331
49331
48668
48668
48506
49611
49607
50022
49564
50695
50671
50680
50680
49649
49711
49711
49717
49717
50163
45525
45525
45525
45525
46080
46072
45643
45640
45624
45602
45602
45607
46587
46587
46604
46604
46604
46564
45762
45474
45474
45885
45519
45187
44578
45155
45040
49154
49314
49130
49254
50013
49858
49953
49953
50072
50056
45525
46073
46072
45607
45772
45772
45923
45499
44416
44417
44417
45176
45176
45155
45045
44796
45065
48788
49314
49284
48668
48668
48668
49254
48595
48595
49611
49591
49680
50010
49711
49711
49711
45607
45863
45772
45501
45519
45519
45296
45296
44796
44796
45241
44699
49290
49130
49130
49391
50013
49858
50695
50671
50316
50316
50662
49903
49711
49720
50072
45524
45525
45643
45640
45602
46591
46591
46587
45863
45885
45501
44416
45187
45194
45155
45040
44796
48789
49331
49331
49331
49154
49154
49154
49130
49254
48595
49591
49680
49564
49838
50695
50601
49711
49720
50072
50056
46072
46065
45602
46591
46604
45772
45474
45519
44416
45176
44796
44796
44802
49314
49314
49130
49294
48668
48595
48595
49391
49611
49591
50038
49589
49858
50316
50662
49903
49711
49711
49720
50056
50056
45525
46072
45643
46587
46551
46604
46604
45870
45870
45772
45772
45923
45474
45499
45296
45296
45176
45176
45194
45155
45040
45045
45045
44802
49154
49314
49130
49254
48595
49564
49939
49953
50601
50601
50137
49711
50072
45525
46073
46591
46402
45519
45176
44796
44802
45241
44699
48789
49331
49130
49130
49254
49391
50695
49491
50601
49903
49719
45524
46023
46072
45640
45602
46551
45863
45772
45885
45501
45519
44416
44417
45187
45194
44796
49331
48899
49154
49294
48668
48668
48595
49391
49611
49591
50038
49838
49491
50601
50316
50662
49903
49711
49720
48789
48899
49314
49589
49564
49858
49953
50601
50316
50316
49903
50137
49711
49719
49719
49720
49720
49720
50072
50056
45524
46073
45643
46065
45602
46591
46551
45863
45863
45870
45923
45475
45187
45176
45176
45194
45194
45040
45045
45045
44802
44699
49130
49130
49130
49091
49091
49254
48595
48595
49611
49939
50601
50601
50662
50662
49903
50072
45525
45525
46073
46065
45602
46591
46551
46402
45870
45772
45655
45501
45296
45296
45022
45050
44699
48789
48899
49313
49130
49130
49294
49294
48668
49254
49611
49594
50013
49953
49491
49491
49903
49903
50137
49772
49719
45524
46023
46072
45643
45643
46036
46551
46551
46402
46514
45748
45923
45475
45655
45519
45519
44416
44416
44505
45187
45176
45204
45022
44796
44802
48789
49323
49294
48595
49391
50087
49828
49564
49939
49491
49720
50114
46023
46072
45630
45630
46033
45602
46227
45923
45187
45176
45194
45204
45045
44802
44802
44699
48899
48899
49313
49294
49294
49091
49091
49091
49254
48595
48595
50038
50589
50601
50499
50662
49903
46023
46227
46551
45501
45520
45519
45296
44417
44796
44699
48789
49323
49313
49130
49091
49254
49390
49591
49819
50499
50662
49401
50137
49772
49772
49794
49794
50072
45524
46036
46036
46551
46402
46402
45863
45870
45923
45474
45475
45475
44416
45187
45176
45207
45204
45022
44798
44798
44699
48899
48899
49130
49294
49254
50087
50087
49594
49939
49495
50499
50505
50137
49772
49720
46023
46072
45643
46227
46551
46402
46514
45870
45519
45541
45296
45204
45022
44798
45050
44802
44699
48899
48899
49323
49313
49313
49294
49294
49294
49091
49091
49052
48595
48595
50087
49828
49939
49401
50137
49772
50072
46023
45630
46033
46036
46514
45748
45502
45300
44505
45187
45176
44699
49294
49294
48595
48595
49390
49591
49828
49819
49819
49939
49491
49491
50589
49401
50137
49772
49794
50143
50072
45524
45643
45643
45630
46033
46227
46551
46402
45405
45393
45923
45655
45520
44505
44505
45176
45207
45204
45204
45022
45013
44798
44798
45050
44699
48595
50087
50087
49591
50038
49828
49939
50589
50499
50515
49772
49772
49794
50143
46023
45492
45643
45630
46227
46227
46414
46414
46499
46514
45748
45475
45475
45519
45519
45541
45300
44505
44505
45187
45207
48899
48899
48899
49323
49323
49313
48888
49302
49091
49091
49052
48595
49390
49595
50499
50505
49401
49401
50072
50072
46023
45643
45686
45686
46033
46514
45393
45729
45738
45738
45502
45502
45519
45300
44505
44505
45176
45207
45207
45204
45013
45013
44798
45050
45050
45050
45050
44700
44693
49112
49294
49294
49091
49594
50038
49744
49828
49495
50606
50499
49401
49401
50072
46023
45630
45630
46033
45311
46227
46551
46514
45475
45520
45541
45300
45187
44700
49254
49931
49495
50589
50589
49401
49776
49794
46023
45492
45643
46227
46414
45729
45655
45520
45519
44505
45204
45013
44700
44693
48873
49323
49313
48888
49112
49091
49091
49052
49594
49939
50589
50589
50515
50515
49401
50129
49772
50072
45541
45300
45492
45686
45311
46418
46514
45849
45729
45475
45655
44505
45187
45187
45207
45207
44971
45204
45050
45050
44700
49091
49052
49819
49495
50499
49401
49772
49772
50143
50072
45537
45515
45515
45492
45311
46227
46418
46414
46499
45393
45475
45999
45502
45541
45013
48873
49140
49140
48895
49302
49744
50091
50589
50499
50505
49401
49772
49776
49776
45686
45686
46033
46414
46414
46514
45405
45841
45729
50091
49828
49479
50606
50589
50589
50505
50515
50129
49542
50143
50075
45537
45492
45643
46033
45311
46418
46418
46418
46499
45405
45413
45849
45738
45655
50091
49800
49466
49495
50504
50504
50515
49401
49401
50129
49776
50075
45537
45515
45643
45686
45834
46227
45475
46001
49828
49800
50505
49923
49923
50075
45492
45643
45834
45311
46414
46499
46516
45729
45731
50606
50589
50589
50129
49776
50075
50075
45492
45643
46053
45818
46040
46033
45311
46425
46425
46499
46001
49821
49800
49466
49479
49479
49495
50589
50589
50589
50589
50504
49401
50129
49923
49542
50075
45834
46418
46418
46499
45841
50509
50514
50521
50129
49923
49776
45492
45818
46425
46414
46499
45413
46001
49821
49800
49466
50504
50129
49542
49542
50075
45489
46053
46040
45311
46449
46449
46499
46499
46516
46005
49479
50521
50521
49922
45492
45818
46040
46418
45715
49800
49800
49479
49999
50606
50606
50589
50589
50504
50509
50509
50129
49923
49776
49778
49542
49579
45489
45688
45818
45834
46040
45311
46432
46432
46424
46499
46499
46516
45375
45715
45731
49479
49474
50589
50521
49449
49449
45985
46418
49872
49965
49466
49999
50504
49449
49923
50075
46418
46457
46449
46449
46499
45909
45413
49882
49999
50504
50509
50514
49922
49542
45985
45489
45688
45818
45317
46040
46424
46449
45715
45782
49869
49880
49965
49999
50537
49449
49579
46040
46040
46432
46499
46516
45375
45782
45782
45787
45787
45650
49869
49882
49474
49474
49999
50606
50606
50537
50514
50521
49449
49922
49778
49780
45703
45818
45317
46462
46424
46457
46447
46516
45413
45494
49869
49880
49967
50589
50509
50509
50514
49449
49447
49542
46040
46432
46457
46457
45909
45375
45790
45787
45494
49999
49999
49999
50514
49449
50118
45703
45359
46424
46449
45413
45428
45782
45782
49966
49519
50509
50521
50521
50118
45703
46040
46424
46447
46740
49782
49966
49966
49519
49519
49474
50834
50830
50537
50537
50537
50526
49780
45818
45317
45359
46462
46457
46447
46447
46740
46740
45909
45790
46424
46424
46458
45428
45423
45792
45801
50537
50548
50526
49449
49447
49780
49782
49999
49518
50834
50830
50526
50118
50118
50118
45703
46027
45818
45317
45355
46462
46457
46447
45413
45428
45792
45796
46424
46457
46449
46447
46740
46523
50834
50537
50548
50521
49447
50118
50117
50117
49511
49474
49512
49512
49511
49519
50834
50514
49449
45435
45359
46740
45428
45423
46027
46462
46424
46424
46447
46447
46447
46740
46744
45423
45796
45796
50834
50830
50537
50537
50548
50526
50526
49449
49447
49407
50118
50117
50117
49518
49474
45435
45355
46458
46740
46529
45428
45420
45796
50830
50830
50537
50514
49447
49407
49523
50613
46444
46458
46744
46523
45430
45431
45333
50537
50548
50548
50526
49449
49447
50613
50834
45319
46458
46447
46729
46729
46744
50834
50830
50537
50548
49462
49436
49512
49512
49519
45319
46803
46803
46462
46744
46288
45333
50537
50894
50894
49462
49407
49512
50619
50613
50834
45435
46729
46729
46740
46740
46529
45431
50830
49460
49512
49512
49511
46444
46803
46803
46458
46458
46458
46529
45431
45431
50815
50830
50537
50537
50548
50548
50526
50526
50894
50889
50613
50834
45433
46799
46462
46744
46744
46288
46764
46764
49462
49460
50854
49511
49519
50834
45369
45369
45370
46729
46729
46727
46523
46529
46288
50817
50548
49462
49460
49439
50815
46803
46462
46458
46458
46729
46744
46764
46437
45369
45370
46799
46444
46444
50834
50830
50554
50526
50894
50894
50889
49460
50378
50834
46727
46742
46742
46530
46764
46764
46799
50815
50537
50558
50894
49460
49459
50378
50619
50613
46801
46803
46462
46468
46458
46458
46288
46437
45369
50613
50815
50819
50819
49462
50889
49459
50854
50620
46454
46727
46742
45369
45370
46799
46444
50817
50548
50554
50558
50891
50889
49460
50854
50854
50838
50838
46799
46729
46729
46288
46288
46288
46437
50819
50558
50891
49460
49459
46444
46801
46468
46468
46454
46454
46454
46729
46531
46764
50815
50817
50817
50819
50891
50889
50889
49459
50854
50854
50620
50838
46454
46727
46727
46530
46288
46437
50817
50817
50558
50891
50889
50838
46468
46729
46531
46763
46437
50815
50554
50554
50558
50891
50854
50620
50838
46442
46799
46468
46729
46727
46742
46530
46763
50819
50530
50853
50622
50838
46799
46445
46801
46468
46727
46763
46763
46437
50815
50815
50819
50819
50558
50535
46729
46531
46530
46535
50838
50558
50891
50535
50532
50530
49459
50867
50854
50622
50620
50838
46445
46801
46468
46468
46729
46727
46763
46763
50817
50817
50530
50853
50622
50622
46442
46468
46454
46454
46455
46713
46727
46742
46531
46437
46543
46543
50554
46454
46742
46530
46763
46544
46546
46546
50815
50817
50819
50535
50853
50620
50838
50815
46445
46729
46530
46535
46546
46442
50819
50554
50558
50558
50558
50535
50633
50622
50622
50622
46801
46801
46465
46454
46530
46544
46543
46546
46442
50815
50817
50817
50819
50535
50532
50530
50867
50867
50620
50838
46468
46729
46727
46713
46531
46535
46763
46546
50545
50558
50555
50891
50535
46442
46445
46460
46455
46713
46521
46544
46544
46442
50817
50532
50530
50867
50867
50853
50622
50620
50838
50815
46455
46713
46710
46710
46252
46252
46521
46543
46442
46442
50615
50815
50545
50550
50555
50535
50391
50633
50622
46445
46468
46535
46543
50485
50485
50550
50558
50633
50867
50622
50620
46801
46465
46460
46713
46252
46442
46442
46442
50485
50545
50555
50391
50533
50530
46301
46455
46713
46713
46763
46762
46544
46543
46441
50615
50615
50550
50824
50633
50611
50341
50838
50838
46734
46465
46713
46710
46252
46521
46543
46441
46442
50485
50545
50555
50555
50391
50867
46442
46460
46713
46710
46252
50545
50391
50533
50609
50622
50611
50341
50615
46301
46734
46460
46455
46455
46713
46521
46762
46762
46544
46441
46441
46443
50615
50545
50550
50550
50533
50531
50633
50528
50868
50839
46734
46465
46460
46455
46455
46251
46251
46762
50615
50485
50555
50824
50824
50867
50609
50609
50341
46710
46438
46443
50615
50485
50545
50611
46734
46460
46455
46713
46710
46252
46438
46443
46443
50615
50485
50531
50528
50528
50611
50341
50839
46301
46455
46713
46710
46251
46291
46441
46443
50545
50545
50555
50824
50824
50824
50391
50611
46443
46734
46710
46762
46291
46443
50615
50545
50550
50555
50533
50609
50609
50611
50341
50341
46734
46465
46460
46460
46455
46455
46252
46240
46438
46443
46301
50839
50615
50485
50545
50555
50824
50391
50391
50531
50528
50868
50611
46465
46245
46762
46441
50839
50615
50485
50824
50391
46734
46713
46710
46282
46291
46438
50545
50533
50531
50528
50611
46443
46734
46465
46455
46396
46710
46240
46760
46291
46438
50374
50839
50545
50555
50824
50824
50528
50609
50341
46734
46460
46461
46443
50616
50615
50487
50546
50560
50824
50391
50533
50609
50611
46301
46734
46465
46465
46460
46396
46397
46282
46282
46240
46291
46291
46441
50374
50616
50615
50485
50555
50531
50349
50868
50868
50868
50341
46252
46240
50545
50546
50531
50330
46460
46396
46240
46438
46259
50374
50560
50531
50609
50374
46301
46721
46397
46397
46240
46760
50487
50487
50487
50560
50811
50391
50850
50609
50609
50330
46466
46460
46282
46282
46240
46245
46255
46255
46438
46259
50551
50560
50811
50870
50868
50609
50334
50330
46261
46465
46461
46396
46396
46396
46397
46259
46441
50616
50546
50546
50546
50560
50391
50812
50531
50349
50850
46263
46721
46466
46760
50374
50616
50551
50811
50811
50609
50334
50330
46721
46397
46282
46240
46760
46255
46257
46261
50487
50487
50487
50811
50347
50850
46263
46461
46461
46397
46282
46245
46259
46261
50374
50487
50546
50551
50551
50870
50334
50374
46721
46466
46396
46282
46241
46245
46257
46261
50560
50560
50812
50351
50349
50349
46466
46396
46397
46397
46255
46261
50616
50560
50812
50347
50870
50850
50850
50334
50330
50374
46263
46397
46241
46240
46245
46760
46760
46257
46259
50812
50870
50374
46263
46461
46396
46282
46241
46760
46259
50546
50546
50811
50811
50349
50850
50330
50330
46396
46250
46245
46257
46261
50374
50487
50487
50487
50546
50560
50351
50347
50870
50330
50374
46261
46263
46396
46691
46245
46255
46257
50560
50811
50811
50811
50812
50349
50347
50870
50850
50334
50334
50374
46775
46466
46466
46466
46397
46241
46259
46259
46261
50778
50349
50330
46691
46396
46527
46527
46241
46760
46257
46261
50374
50560
50351
50870
46775
46396
46240
46760
46257
46257
46261
50617
50546
50546
50560
50812
50812
50349
50334
50330
50374
46263
46342
46466
46461
46691
46691
46527
46241
46760
46257
46261
46261
50778
50617
50781
50422
50560
50811
50812
50349
50347
50870
50340
46775
46691
46760
46257
46257
50617
50432
50560
50811
50870
50374
46263
46775
46527
46250
46250
46776
46261
46261
50811
50350
50350
50348
50870
50324
50324
50334
50775
50775
46691
46527
46687
46754
46239
46259
50781
50422
50432
50560
50349
50347
50340
46775
46342
46687
46760
46257
46256
46259
46261
50775
50617
50865
50352
50334
50334
50340
46262
46775
46342
46332
46691
46527
46250
46250
46759
46239
46258
46261
50775
50778
50617
50781
50422
50865
50346
50871
50870
50870
46262
46342
46691
46527
46776
46256
46260
50778
50617
50432
50350
50348
50775
46775
46332
46691
46256
46260
50781
50432
50865
50865
50352
50346
50866
50340
46342
46527
46687
46250
46776
46239
46258
46260
50865
50324
50775
46775
46342
46332
46527
46687
46754
46776
46260
50775
50778
50617
50350
50348
50871
50324
46262
46332
46332
46691
46527
46250
46776
46258
46262
50778
50617
50781
50422
50352
50348
50871
50866
50340
46691
46256
46258
46258
46260
46260
50775
50617
50865
50352
50350
50871
50775
46775
46342
46691
46527
46687
46250
46754
46759
46239
50775
50781
50432
50350
50348
50324
50340
50775
46775
46687
46754
46256
46258
50778
50865
50346
50871
50324
46260
46775
46775
46250
46776
46256
46260
50778
50432
50352
50348
50871
50324
50866
50340
46775
46775
46342
46332
46332
46324
46691
46527
46687
46250
46273
46273
50775
50617
50617
50781
50422
50432
50352
50352
50348
50324
50340
46527
46272
46351
46269
46256
46260
50453
50414
50865
50865
50324
50775
46342
46332
46527
46687
46258
46260
50453
50781
50433
50350
50346
50871
50324
46343
46342
46332
46262
50453
50617
50422
50432
50348
50441
50340
46343
46324
46351
46269
46256
46256
46260
50453
50414
50432
50865
50871
50324
50340
46342
46324
46363
46273
46302
46262
50453
50464
50433
50352
50348
50380
50346
50441
50775
46342
46273
46269
46271
46302
46304
46294
50453
50453
50464
50865
50871
50453
46324
46374
46374
46272
46304
50453
50414
50428
50428
50433
50352
50394
50441
50340
50453
46343
46343
46343
46324
46374
46374
46272
46351
46351
46256
46302
50464
50464
50414
50433
50433
50441
46343
46324
46273
46302
46302
46294
50433
50433
50394
50380
50359
50441
50453
50453
46294
46338
46324
46324
46363
46271
46304
50453
50464
50464
50433
50384
50394
50348
50361
50441
46374
46363
46269
46290
46302
50423
50361
50441
50363
46294
46324
46374
46272
46271
46302
50464
50428
50433
50433
50361
50453
46294
46343
46338
46324
46324
46272
46304
46304
50453
50464
50384
50392
50441
50363
50363
46324
46324
46374
46374
46272
46351
46271
50453
50464
50464
50414
50414
50414
50433
50433
50394
50359
50441
50453
46338
46357
46269
46271
46304
46294
50428
50433
50394
50380
46294
46343
46363
46272
46272
46272
46290
46302
46304
50453
50423
50428
50433
50359
50453
46338
46363
46302
50453
50464
50394
50380
50363
50453
46294
46338
46324
46324
46324
46324
46374
46682
46271
46294
50423
50423
50428
50433
50384
50394
50359
50441
50363
46294
46343
46343
46651
46361
46357
46357
46351
46269
46271
46304
50453
50428
50428
50392
50380
50441
46324
46374
46682
46269
46302
46294
50453
50741
50423
50384
50384
50441
50363
50453
46324
46302
46294
50464
50414
50423
50428
50433
50380
46361
46313
46836
46318
46318
46294
50464
50428
50428
50384
50392
50926
50380
50451
50772
46343
46343
46334
46334
46334
46374
46651
46682
46682
50464
50437
50411
50441
50451
46347
46338
46349
46318
50741
50414
50411
50926
50403
50359
46682
46361
46357
46357
46349
46836
46294
46294
50464
50423
50359
50741
46347
46343
46343
46334
46651
46651
46313
46318
46318
50424
50428
50437
50408
50447
50363
50451
50772
46682
46836
46318
46347
46347
50464
50464
50411
50926
46347
46334
46334
46329
46329
46651
46357
46318
50741
50741
50464
50423
50428
50428
50434
50411
50926
50403
50439
50451
50772
46344
46682
46361
46349
50434
50437
50411
50403
50451
46347
46334
46651
46357
46357
46357
46313
46347
50741
50416
50434
50408
50447
50447
50451
50772
46344
46344
46836
46318
46321
50464
50411
50408
50403
50439
50447
50447
46339
46334
46329
46682
46836
46321
50424
50429
50437
50437
46347
46347
46651
46682
46349
46313
46347
50741
50416
50429
50408
50403
50451
50772
46347
46329
46329
46357
46357
46349
46318
46321
50772
50411
50411
50408
50403
50403
50772
46347
46344
46339
46651
46682
46357
46349
46318
46321
50464
50437
50411
50439
50451
46347
46344
46334
46329
46682
46313
46318
46347
50464
50416
50416
50434
50434
50447
50451
46347
46339
46329
46357
46318
46347
50772
50455
50464
50429
50437
50411
50411
50408
50403
50772
46334
46313
46347
50459
50437
50926
50439
50447
46344
46682
46353
46357
46836
46321
50464
50416
50416
50429
50437
50411
50411
50403
50403
50451
46344
46339
46375
46681
46681
46315
46836
46318
46307
46347
46347
50459
50426
50429
50434
50926
50439
50451
46339
46329
50416
50429
50397
50403
50443
50772
50772
46344
46651
46357
46836
46316
46347
50455
50459
50416
50437
50408
50405
50443
50443
50451
46339
46339
46334
46331
46681
46316
46307
50429
50436
50437
50408
50403
46347
46331
46375
46681
46353
46353
46315
46347
50459
50465
50406
50405
50443
46307
46344
46339
46331
46681
46315
46836
46316
46307
46307
50459
50426
50426
50426
50397
50406
50443
46375
46353
46315
46307
50465
50420
50436
50436
50451
50455
46330
46331
46681
46353
46316
46307
50459
50459
50397
50397
50397
50406
50443
50443
50451
46307
46344
46339
46681
46353
46307
46307
50455
50465
50431
50436
50406
50405
50405
50443
50455
46346
46330
46375
46353
46315
46316
46320
46307
50465
50431
50397
50397
50443
50451
46346
46330
46375
46681
46681
46315
50455
50465
50397
50455
50455
46346
46331
46331
46375
46307
50431
50410
50405
50443
46341
46353
46315
46307
50455
50459
50465
50420
50426
50397
50397
50406
50405
50443
50455
46307
46346
46330
46681
46320
46307
50459
50465
50436
50436
50397
50443
50455
46346
46346
46681
46353
46315
46315
46320
46307
46307
50465
50397
50397
50406
50405
50451
50455
46307
46331
46681
46681
46315
46316
50481
50431
50436
50410
50405
50455
46330
46681
46353
46315
46307
50459
50480
50481
50481
50426
50436
50397
50397
50397
50443
50443
50766
46307
46346
46341
46330
46375
46375
46388
46307
50431
50436
50406
50405
50451
46307
46341
46681
46353
46316
46825
50459
50481
50481
50397
50880
46825
46346
46825
50480
50400
50397
50406
50476
50451
46310
46381
46381
46391
46389
46389
46388
46353
46315
46825
50436
50924
50406
50479
46310
46382
46341
46341
46825
50481
50436
50400
50924
50880
50766
50479
46310
46382
46391
46676
46674
46790
46825
50481
50481
50470
50431
50473
50400
50924
50476
50476
46391
46389
46388
46386
46790
46825
50479
50481
50924
50880
50766
50478
46825
46391
46790
46825
50473
50400
50400
50880
50476
50476
50478
46310
46382
46391
46388
46676
46790
46834
50481
50470
50472
50400
46310
46382
46665
46381
46388
46386
46790
50480
50480
50480
50470
50473
50915
50924
50880
50476
50479
46389
46676
46386
46790
46834
46825
50479
50472
50473
50924
50880
50766
50478
46825
46310
46382
46665
46388
46834
50480
50924
50880
50476
50479
46381
46391
46389
50480
50472
50400
50400
50924
50924
50248
50766
50478
46825
46310
46384
46665
46389
46676
46676
46674
46834
46834
50470
50470
50915
50924
50924
50478
46825
46384
46384
46382
46391
46389
46834
50753
50753
50473
50924
50278
50479
46825
46310
46391
46676
46386
46790
46834
46825
50470
50473
50400
50400
50880
50248
50476
50766
50479
50479
50924
50762
50278
50479
50262
50400
46384
46384
46382
46665
46391
46389
46676
46676
46790
46825
50921
50762
50248
50248
50278
50254
50283
50283
50753
50262
50400
50915
46825
46310
46172
46386
46790
46790
50265
50400
46825
46384
46381
46391
46187
46163
46158
50248
50278
50254
50254
50753
50915
46182
46792
50278
50254
50259
50262
50265
50265
50265
50921
46192
46172
46172
46166
46187
46163
46386
46158
50248
50278
50254
50283
50753
50262
46817
46175
46172
46187
50762
50278
50753
50262
50265
50907
50907
46175
46175
46187
46163
46158
50248
50278
50254
50259
46182
46175
46172
46169
46169
46158
46792
50762
50762
50283
50753
50753
50262
50907
46172
46166
46187
46187
46115
46158
50248
50278
50254
50283
50262
50265
50907
46817
46817
46182
46175
46169
46187
46163
46792
50762
50248
50278
50193
50259
50236
50918
50282
46129
46175
46169
46169
46169
46187
46115
46158
50248
50254
50262
50907
46817
46166
46187
46163
46792
50195
50238
50236
50262
50907
50907
46182
46086
46169
46164
46115
46158
50195
50193
50265
50918
46192
46192
46129
46169
46792
50885
50248
50885
50710
46141
46141
46169
46166
46095
46620
46163
46115
50885
50195
50193
50193
50710
50238
50180
50262
50265
50221
50221
50282
46182
46086
46141
46093
46164
46158
46207
50236
50229
46129
46086
46141
46090
46164
46163
46195
50195
50885
50193
50956
50180
50180
50221
50221
50221
46129
46129
46086
46141
46093
46095
46620
46207
50885
50195
50195
50710
50218
46129
46090
46090
46093
46158
50885
50724
50193
50956
50229
50176
50218
46086
46141
46093
46095
46620
46643
46634
46195
46207
46192
50885
50193
50956
50956
50944
50221
46129
46643
50710
50948
50176
50221
50216
46126
46086
46141
46090
46863
46863
46872
46207
46207
50195
50728
50728
50724
50293
50293
50948
50944
50988
50301
46211
46126
46086
46090
46643
46195
46195
46207
50293
50712
50966
50229
50176
50216
46863
46872
46095
46207
46207
46211
50728
50928
50712
50948
50948
50948
50966
50969
50988
50301
46126
46086
46854
46876
46878
46912
46643
46207
46211
46211
50302
50728
50724
50724
50966
50944
50944
50986
50221
50221
46902
46896
46876
46878
46634
46207
50928
50293
50944
50992
50931
46902
46878
46863
46912
46634
46207
46207
46211
46902
46896
46878
46863
47079
46095
46195
46207
46841
50724
50948
50948
50951
50969
50944
50986
50988
50931
50728
50724
50724
50293
50712
50969
50944
50944
50988
50992
46126
46854
46876
46879
46872
46912
46207
50928
50964
50967
50988
50931
46902
46854
46878
47138
46879
46095
46643
46634
46840
46840
47190
47190
50302
50972
50975
50948
50951
50967
50989
50988
50931
46841
46896
46854
46985
46879
46643
46886
46840
50728
50977
50981
50981
50969
51124
51077
50944
50986
50992
46985
47116
46872
46872
46912
46912
46838
46838
46840
51277
50964
51228
50967
51077
51259
46841
47190
46902
47023
46985
47138
47079
46872
46886
46840
50972
50975
50977
51277
50951
51124
51111
50988
50988
46840
47022
47023
46985
46985
47116
46840
50972
50977
50964
51172
50989
51259
50931
46841
47011
47011
47116
46879
47079
46912
46912
46886
50975
51277
50951
51228
51172
51111
50989
51001
47190
46902
46879
47079
47079
46872
46868
46886
46840
46840
50972
51254
51077
50989
51001
47022
47023
47023
47011
47137
47079
46912
46868
50977
51277
51168
50951
51228
51124
51124
51172
51172
51111
51001
51001
47191
46982
46926
47138
46872
46886
46840
46840
50972
51168
51207
51172
51077
51111
50989
51001
46841
46985
46879
47079
46840
50972
51179
50975
50964
51207
51172
51071
51111
51001
50999
47191
47022
47023
47023
46982
47011
46926
46930
47079
47078
46912
46886
46882
51277
51254
51103
51100
50989
51001
51001
47022
47011
46926
46917
47137
47079
47079
46887
46868
46882
50972
51179
50975
51188
51228
51228
51007
51207
51172
51071
51111
51001
50999
47157
47191
47160
46982
47025
47118
47078
46912
46882
51227
51010
51332
51103
51077
51071
50989
51001
47022
47008
46982
47028
48199
46926
46917
47137
47137
46887
46886
51179
51291
51168
51254
51254
51018
51100
51110
51250
47118
47079
47078
46882
47157
46909
47160
47022
47022
47008
46982
47025
51270
51179
51188
51168
51254
52289
51071
51071
51110
51248
51248
47028
47216
46930
47137
47078
46890
46885
46882
46909
51291
51168
51227
51752
51752
51103
51103
51100
51071
51110
51107
51107
51248
48199
48199
47216
46917
47078
46885
46882
51291
51168
51254
51018
52017
51007
51992
51990
47150
46999
47011
52289
52352
51752
51329
51329
51100
51250
51248
47028
47028
47079
46887
46882
46999
51992
51990
51683
51990
51752
51329
51110
51247
47028
47238
48199
48212
47216
47570
47570
47877
46917
46917
46916
47222
47137
47137
47126
47078
46890
46887
47092
46882
47157
51270
51270
51179
51188
46909
47160
46982
47025
47025
51019
51019
52273
51683
51329
51329
51103
51118
51110
51250
51296
51248
51248
47028
47238
48212
48212
47877
46916
46929
47079
47099
46887
46882
51174
47570
47570
52017
51609
51609
52026
51979
51974
52352
51329
51118
51100
51091
51092
51250
46999
47001
47027
47028
47570
47526
47877
47877
47323
47121
47099
47098
47098
51270
51177
51185
51188
51216
47150
47002
47002
47001
47028
47028
47238
47633
51174
51287
51192
51287
51168
51221
51216
52017
52080
51329
51327
51117
51110
51250
51296
51248
47895
47570
47877
47929
46916
47222
47121
47079
47126
47099
46887
47092
47092
47154
46909
47150
47150
46999
46991
51092
51092
51092
51247
47027
47027
47643
48212
48021
48021
47526
47877
47123
47086
47157
51177
51192
52017
52017
52273
51628
52026
52026
51679
51679
51979
51329
51329
51100
51117
51071
51174
51185
51312
52017
51416
51967
46999
51293
51296
51248
47238
48271
48021
47528
48473
46916
47222
47123
47121
47126
47126
47098
52537
51902
52364
51327
51118
51100
47150
51293
51248
46969
47822
47807
47528
48415
48415
47974
47326
47326
47323
47323
47927
47927
47122
47099
47093
47092
47086
47154
51035
51352
51396
51628
51945
51574
52026
51679
51679
51902
52364
52080
52080
51177
51216
51216
46969
47238
47722
48271
47822
47807
46944
47123
47155
47155
47149
47148
47002
47047
47047
47045
51094
51106
51293
51293
51293
51312
52017
52263
51416
51396
51574
51679
52537
52537
51902
52364
52343
51329
51327
51118
51174
51194
51194
51192
51211
51945
52529
52529
51902
51902
52364
51924
51329
51293
47027
47822
47326
48473
47323
47222
47123
47099
47102
47104
47093
47092
47086
47154
51174
51163
51160
51232
47045
51027
51355
52263
51442
51442
51396
51945
52529
52529
52537
51924
52343
51329
51118
51135
51248
51248
47027
47238
48202
47822
47822
48354
48471
47262
47222
46944
47123
47122
47122
47126
47103
47149
47148
47047
47057
46969
47238
52171
52529
51902
52343
51327
51327
51137
51293
51235
47835
47815
48090
47949
47306
47123
47108
51129
47047
51309
51472
51427
52171
51933
52537
52364
51924
51812
51135
51294
51235
46961
46966
47815
47815
46944
46978
46976
47102
47104
47073
51041
51799
52171
51593
47054
47041
47057
47067
51904
51282
47690
47835
47818
47694
48090
48471
48116
51442
51427
52348
47046
51781
51812
40694
40694
42554
42656
44236
44000
32522
32522
33117
37934
10429
10425
1216
48548
51071
47570
51211
39149
28417
32242
27695
23356
5846
29053
33622
33622
32265
33678
34157
32260
33548
4609
4609
36592
36855
36592
36592
19713
15307
19713
3713
6249
36814
36375
35733
36375
36053
1787
24587
24587
1627
1595
1634
1634
24592
36647
24682
24742
34778
35115
25481
2921
2289
2289
2289
34820
2289
1611
2921
24787
2289
34819
2335
26308
26308
26301
26287
26141
26180
24727
24727
1657
24356
1657
24356
2335
25379
24634
24634
24632
34666
35299
35299
34666
35448
2679
2656
546
48855
48733
44720
49035
49366
48548
48530
48609
48530
48530
48581
44941
44466
44460
44460
44462
44462
49980
49984
49633
49987
45275
45889
45888
45275
45275
45275
44511
44511
45888
45275
48953
44439
45003
48514
48514
45023
45591
45369
45370
46442
46799
46441
46443
46129
46129
51329
51992
47028
47028
46916
52273
51017
51974
51979
52364
42095
42095
42824
42656
43373
42505
42656
41702
42095
44000
41471
44236
44000
43654
43654
42370
39526
31575
32012
31693
34204
34204
34204
32792
29693
16419
16337
14648
16419
14763
8639
6182
7351
6200
23137
23147
23147
23147
18813
23147
16335
23948
16335
14763
14763
23147
14732
12964
8631
18813
14763
8660
12305
8631
23147
14763
4524
8631
4524
4524
23141
14763
14732
14732
14763
4520
23147
14763
14763
14763
12305
10427
9939
9805
9805
10439
5023
9583
9874
5023
9583
5023
16416
20291
20287
20607
19603
19590
19854
14611
14611
16416
16405
19854
20451
20287
19854
14611
14611
20451
14695
16138
14620
6030
16433
6243
6243
16433
16433
6249
6249
16433
16145
6249
16433
6033
6030
6030
6030
16433
6030
6030
16433
6249
16433
16145
6249
16433
6030
16433
16145
6249
6249
6249
16433
16145
2456
4496
6027
4412
2547
2519
14714
16410
3371
3375
2519
2272
2306
35758
35357
34611
2310
2242
2275
34619
34620
34619
3707
14702
14685
14621
3571
3791
2976
2547
14702
2519
3011
4489
6036
14696
14695
2900
2519
34607
34619
2308
34607
34620
3260
2542
36173
36173
36330
36382
36340
36212
36456
36456
36173
36456
36159
1677
1553
2083
2004
24897
24897
44519
48530
48721
48721
48858
48858
48569
49035
49035
48577
48548
48600
48955
48955
48547
44439
50065
49634
46834
46825
46129
46182
46126
46211
46211
46792
46792
46834
46192
46825
46179
46825
46179
47054
46991
47722
47835
47740
48415
48090
47843
47726
47709
46840
47066
47060
48116
47041
46982
47030
46966
47057
47071
47155
47157
47039
46944
47709
46974
46978
46978
47230
47030
46961
46991
46994
47030
47057
46975
47060
46994
46974
46961
46968
46974
48212
47216
47570
47822
47643
50221
50221
50218
50762
50302
50302
50301
50931
50931
51131
51157
51152
51640
51924
51086
51094
51088
51155
51137
50999
51282
51211
51117
51799
51144
51161
51247
51247
50302
50221
50921
50762
50282
50282
51160
51221
51759
51064
51282
51232
51131
51152
51147
51084
51147
51235
51232
51041
51033
51211
51131
51192
51135
51135
51095
51041
51027
51147
51247
51054
51133
51118
51235
51235
51247
51247
51133
51247
51157
51147
51117
51830
51064
51083
51066
51027
51137
51132
51193
51066
51054
52263
45065
44699
48789
49875
49875
50091
49782
50118
49780
49577
50072
50114
49616
49399
48597
48792
44701
44435
44470
44470
44498
45524
45492
45489
45316
45319
45319
46005
45479
45519
44883
49138
44813
44811
46009
45999
45650
46018
46018
44498
49027
50156
49294
48888
44699
45080
49302
49828
49793
50114
46018
46027
46027
45492
45997
44453
49106
44449
45502
45650
45796
45528
45537
48952
49744
50100
49744
49599
49591
48789
48785
49877
49596
50087
48597
45489
46014
45495
45995
45988
45050
48785
44701
48683
44498
44700
44962
45539
45520
45989
45999
45801
45515
48895
49027
50114
49390
49891
48888
48780
48788
48788
48789
48873
48789
49138
48873
49302
50087
49793
50072
48595
49382
44447
45524
45289
45508
44782
45289
44593
44811
44448
45527
45291
49106
50087
49594
49595
49582
49582
49595
48780
48780
44691
48785
48614
49601
49604
50075
50114
49597
49052
49052
48591
44685
45515
45998
45541
44502
45291
45502
45207
45997
44962
44505
44505
44691
44784
45303
45537
45515
48683
44693
49118
48560
50113
49585
49302
49582
49616
49400
44448
44442
45541
44861
44446
44447
44693
44588
45650
49392
49605
49983
50156
50081
49604
50163
49602
49138
49052
49599
45537
45514
48791
44448
44444
44695
45050
44971
44971
44501
565
50114
50075
50075
49052
48591
50087
48524
48531
48952
44587
45304
44811
44861
45304
45511
49390
48524
49602
49398
49399
48538
48870
45650
44971
45013
44700
48531
44883
44446
44676
49027
48591
49602
48973
50081
45269
48763
44446
45529
45514
44590
49400
49619
49628
50081
49627
49584
48597
48973
48531
44673
45269
44446
44493
44525
45300
45304
48774
48561
48524
49399
50156
49400
48591
49398
49392
48591
48785
48873
49399
49052
49027
48678
44471
45290
44962
44782
44861
48536
48544
48952
49616
49596
49118
49360
49599
49398
44671
45306
45300
45300
44587
44446
44883
49380
48952
45541
48785
49382
49605
49615
45187
48782
44445
44495
45291
46001
46009
48895
49302
48952
48539
44701
45539
44448
44453
49106
49027
48785
48774
48531
49083
45048
48763
44442
44685
45309
45529
45309
49302
48544
48541
44693
44493
44695
45269
49027
49360
48531
48541
48531
48873
49064
45048
44861
44813
48597
49083
48775
48875
49628
44507
48875
49106
48531
48615
45048
49302
48531
44507
45048
50156
48763
44782
48873
49360
45293
49064
48870
9964
5099
9729
44691
1143
1143
271
270
271
