6094
6633
5997
5978
6029
6632
5447
4721
3970
5924
2395
5783
5915
5822
5820
2749
2252
284
3816
3662
304
3073
37
4037
149
3978
3662
2658
2708
2726
5929
5897
2684
2658
737
2749
415
415
248
413
413
3763
415
250
250
250
413
3760
3762
3763
414
250
3675
3690
3689
3763
414
249
3760
3760
3689
3689
250
250
163
249
3675
3690
3787
3787
275
177
177
163
164
445
3760
3690
178
163
445
445
3761
3689
414
275
177
163
164
3784
249
3761
3675
3689
3787
414
275
275
171
3164
3678
3678
3683
3689
3787
255
275
177
3761
3761
3684
3784
3787
386
177
3164
3676
3784
386
177
171
172
163
164
3164
3676
3676
252
164
259
3683
3684
3784
273
172
166
3164
3771
3678
3684
3787
3765
273
166
166
165
3164
3645
3784
255
272
171
171
170
259
3771
3645
3676
3676
3784
3764
3765
386
255
252
171
3771
3683
3785
165
133
3164
3645
3677
3684
3696
3764
385
273
272
171
259
3771
3646
3676
3785
171
170
159
136
3677
3671
3683
3684
385
385
255
252
165
133
3164
3772
3645
3646
3671
3680
3785
385
170
259
260
336
3677
3677
3696
3764
3766
255
252
252
271
3772
3645
3684
3766
159
3671
3681
3785
184
170
260
3647
3646
3677
3671
3782
3696
3696
385
271
271
169
170
3648
3681
3696
3764
3766
385
169
162
136
133
336
3671
3680
255
134
3513
3514
3680
385
270
167
137
134
260
3647
3782
3695
3767
183
184
271
135
336
336
3772
3513
3671
3682
3694
3766
3766
253
260
336
336
3647
3648
3674
3672
3681
3696
253
271
3647
3514
3782
3694
254
183
184
180
270
167
1
233
337
3647
3513
3673
3672
3682
3695
385
385
183
197
4
233
3519
3673
3681
3782
3694
3691
3767
183
180
1
2
3514
3673
3710
3682
3783
3695
3766
3766
180
3514
3674
3783
3767
270
161
337
3746
3514
3519
3709
183
274
376
3
3746
3707
3691
180
270
233
3745
3710
3783
253
179
161
137
4
2
3747
3515
3519
3709
3783
3692
3889
3766
458
392
183
197
2
3710
3709
3691
3691
3767
458
183
274
196
8
235
233
3520
3773
3709
3695
458
182
195
3706
3880
3881
3693
3692
391
274
376
195
8
8
3
3745
3517
3519
5234
3889
183
183
179
1767
375
6
3166
3517
3894
375
376
235
234
3773
388
199
1776
381
194
353
189
3748
3747
3517
3520
3706
3879
5241
5234
3693
3891
3894
3894
458
369
375
381
6
339
3880
3692
3889
392
1767
3712
3889
458
391
391
182
182
369
369
375
381
194
6
339
411
3621
3517
3668
3773
3880
5241
3712
3692
3898
458
199
369
1779
378
12
353
3748
3702
3882
3879
381
194
359
106
339
234
234
3638
3754
3522
5233
3889
3894
401
388
1765
353
126
129
3855
3948
6242
3754
3668
3884
3879
3711
3891
3890
447
391
2806
126
129
409
3850
6264
3754
3754
3879
5233
3711
3898
3894
401
182
200
1765
380
378
378
156
359
2790
348
3855
3882
3885
5233
401
401
1765
156
12
2807
2807
346
409
3854
3948
6264
6242
3885
3884
3892
3891
3890
396
2798
2806
349
409
3855
3643
6261
6261
3777
3523
3876
3876
3902
396
389
389
380
378
156
111
2807
232
348
409
3854
3643
3633
3522
3940
3892
3897
3898
3901
447
390
3897
401
399
387
1766
481
481
474
451
379
2807
410
3643
3633
3629
3895
3941
4050
451
379
393
115
344
232
351
349
3643
3633
3633
3777
3524
3939
3941
4050
4044
3898
3901
396
389
390
553
487
552
474
158
10
2798
344
3858
3861
3669
3941
4050
4050
4044
3898
3902
397
390
553
1773
379
408
410
3846
3521
3977
3899
401
552
449
449
394
393
115
351
351
329
329
3858
3858
3861
3862
3777
3669
3895
3895
4071
4037
3978
3977
3768
447
185
552
548
1773
1773
393
10
263
344
408
3550
3846
3939
4006
4071
4037
3978
3899
3897
3768
3903
399
396
398
552
552
548
449
394
394
344
22
22
37
329
329
3550
3861
3777
4006
188
548
3491
449
393
10
263
340
340
31
39
3550
3540
3858
3521
3524
3758
3896
4071
3898
3903
447
447
256
550
550
516
518
394
393
37
3540
3862
3524
3909
3896
4006
4071
4037
3768
398
489
550
537
548
516
516
394
18
31
39
3550
3540
3844
4002
4005
3899
3733
3733
3698
397
529
512
512
516
518
340
3749
4006
4002
4037
4037
3768
3903
518
407
31
3551
3540
3775
3524
3758
3909
3995
447
185
529
537
512
512
518
407
406
266
265
25
37
31
31
332
3542
3775
3909
3886
3973
3973
4002
3733
3698
3698
446
495
518
18
31
40
3537
3537
3758
4008
3733
446
423
221
14
42
319
322
3542
3825
3749
3973
4008
3734
3698
3918
221
495
534
532
486
407
16
32
333
3525
3909
4009
4009
4009
3733
188
221
383
383
268
25
319
3537
3779
3886
3904
4010
4009
4010
4009
3734
3734
3733
3698
3918
446
534
532
14
26
321
322
3526
3886
3918
256
522
383
382
240
42
26
36
322
333
3825
3780
3780
3904
3734
3714
3699
3739
256
523
382
82
26
321
322
333
3790
3790
3554
3554
3528
3887
3887
4010
4010
3734
423
186
522
268
16
14
36
320
333
3825
3825
3757
4010
3865
221
269
269
277
277
277
320
320
3790
3790
3757
3526
3781
3887
3888
3865
3714
3714
3699
3739
464
305
187
268
14
3073
3781
3870
3887
3713
3713
3714
3816
186
269
269
16
14
245
240
277
3073
3790
3554
3870
3713
3714
3700
3816
155
82
3073
3073
3757
3650
3781
3781
3870
3888
3714
3739
227
187
148
150
146
140
3950
3790
3562
3526
3660
3685
3714
3717
227
187
186
201
201
384
174
155
244
460
3869
3685
3715
226
203
201
150
146
146
245
3049
3950
3610
3562
3650
3667
3781
3660
3685
3715
464
186
150
150
139
460
3610
3781
3661
3685
3685
3713
3714
3700
3700
305
201
202
174
155
3650
3661
3718
3717
3816
304
305
187
187
186
174
150
150
146
155
52
244
74
460
3653
3661
3685
3685
3716
3718
3816
3816
305
226
186
203
202
203
150
140
52
3950
3607
3564
3567
3654
3657
3660
3661
3685
3718
3718
205
205
202
174
149
149
141
141
460
1906
3657
3658
3685
3718
3717
3816
304
305
305
226
149
139
90
460
1906
3607
3602
3564
3653
3658
3661
3686
3716
3718
3717
226
226
226
205
205
206
149
145
52
52
3607
3567
3658
3686
3716
3718
3718
3717
3816
3816
304
304
305
226
226
226
202
202
173
173
149
149
142
90
60
281
281
5367
3602
3564
3653
3658
3716
3736
3717
3738
3816
305
226
226
149
90
281
3607
3686
3736
3717
3816
226
226
206
173
149
141
281
3654
3653
3659
3658
3662
3662
3687
3686
3718
3718
3717
3816
305
226
205
224
202
173
149
145
141
57
59
60
5367
3613
3736
3717
226
3816
202
224
300
173
61
3052
3052
3613
3656
3654
3659
3658
3687
3719
3736
3718
3717
3738
3738
3738
3814
149
149
3656
3659
3662
3687
3738
306
302
300
142
57
3569
3656
3659
3808
3688
3687
3687
3719
3737
3737
3814
302
301
300
300
173
296
145
142
144
3052
3573
3808
3687
3687
3737
3813
3769
3919
306
3687
3687
3725
3725
3769
258
301
225
300
176
145
62
3574
3659
3808
296
57
59
417
3655
3656
3687
3719
3720
3769
3920
3920
258
300
3808
3688
3687
3723
3726
3726
300
176
149
144
3569
3656
3656
3656
417
3574
3687
3687
3688
3719
3726
214
207
176
297
144
144
103
3655
3656
175
297
3573
3656
3809
3809
3687
3811
3770
213
210
207
3817
3811
3721
3723
3920
3920
258
299
104
62
417
3615
143
154
143
3573
3655
3663
3723
3165
258
210
3664
3731
3721
3723
3770
3920
3165
3165
3165
258
213
213
214
299
307
104
103
103
3162
3795
175
297
104
6494
3819
3663
3810
3920
3165
3945
3945
425
257
208
208
3809
3665
3731
3732
3735
3921
3921
3920
3945
425
425
212
211
214
154
151
310
104
104
103
3162
6494
6493
3820
3797
3663
3664
3664
3732
3735
4314
3945
427
212
426
211
298
309
103
3731
3732
3921
3945
3945
211
209
298
286
309
104
103
3795
3162
6494
6493
4793
4793
4313
4314
3922
3922
830
427
427
426
211
151
3059
3059
3820
4794
4794
4313
3945
427
426
223
298
298
298
154
309
309
3840
3797
3728
3810
4793
4793
4313
4314
830
426
223
223
223
220
208
286
309
334
3840
3665
3665
4794
4794
4313
3922
830
219
151
309
334
334
3728
3666
3936
3944
442
3797
3728
4762
4794
427
223
223
1313
220
208
441
335
3665
4763
4306
4794
4793
4793
4314
4315
219
298
4762
4306
4306
4794
4306
4794
4313
4314
830
827
807
807
825
825
220
219
219
298
298
215
3729
3666
4763
3936
218
3051
3727
4309
4306
4306
4306
4292
4315
830
1313
1313
1313
219
1281
219
442
3051
3729
4763
4306
4292
4302
4313
828
805
219
1281
453
572
335
3727
4800
4309
4306
4306
4292
805
1314
453
441
216
3051
3729
4763
4309
4309
4292
4292
1314
1281
820
820
820
1281
453
453
4306
4302
814
818
820
820
1280
216
3727
3729
4309
4306
4292
4295
6432
4300
3471
820
1280
216
4062
4800
4310
4308
4308
4308
4308
6432
1810
1810
1810
745
745
818
820
1321
3069
4061
4800
4310
4295
4301
813
1818
743
820
820
820
822
822
574
4308
4308
4308
6432
815
2881
4295
5271
4300
3471
1812
744
744
745
820
820
820
1308
4062
4310
4310
4310
4308
744
822
572
4788
4233
5271
6432
4704
1819
1812
2880
821
820
820
822
822
1308
572
574
3069
4789
4075
4301
4704
1221
812
1303
2880
2880
5271
4787
783
607
607
822
5280
4237
3013
1302
2881
2889
587
587
588
1308
4059
4075
4721
4231
4233
5273
6339
4236
4704
3013
2890
782
587
703
1309
574
4060
4059
4074
4075
4076
4721
587
4721
4721
4098
4098
4231
4787
3013
1303
748
1245
2890
2890
782
587
588
4060
4191
4075
4076
4076
4721
4721
4237
748
1818
2888
1245
2890
2890
1825
588
588
703
703
4060
4059
4076
4098
4098
5280
4784
1238
1310
4191
4074
4076
4721
4098
5272
1307
1245
4721
4095
6339
4236
1302
1303
2888
1816
1825
1850
586
586
3062
4790
4074
4076
588
4790
4076
4236
5281
4785
1245
2890
1825
1825
712
1238
586
586
4272
1306
1306
2887
2888
2892
1825
1825
585
588
6498
4190
4190
4076
4076
1850
586
585
702
1428
3062
3062
3169
6498
4076
4097
5275
6347
6341
1219
1815
1824
1825
1850
1823
1823
4096
6347
1816
1822
1823
1882
1823
1239
784
712
1238
586
1299
585
585
585
1428
4790
4190
4073
4096
6338
1305
1823
1239
1240
784
610
1298
1298
1299
1299
585
3062
3169
4901
1863
1239
1863
711
1298
1298
1299
1300
3169
4901
4073
4076
5311
5284
6349
5275
6341
6341
5281
4785
734
1814
1882
4780
5311
1306
1219
1243
2893
1882
711
1298
1300
1301
1301
3062
3169
4782
4073
4780
4780
4096
4272
4727
5276
5276
6341
2883
1813
2892
1882
1882
1863
1240
711
610
1298
1298
1299
1299
1301
6497
4783
4783
4781
4780
4780
1319
1298
1299
3170
6497
4780
4078
4096
4199
4722
5283
5286
5284
4727
4728
5275
6337
1305
734
708
1863
1536
1299
1299
1300
1301
4783
4781
4781
4078
4078
4096
4200
4199
6346
6345
6338
6338
2879
2883
1243
2893
3012
3011
1319
610
592
3170
6497
4078
4096
4200
4722
5276
2879
1219
1814
2894
3011
1862
1319
589
1299
3172
6503
4783
4188
4188
4078
4078
4200
6345
3012
1242
1242
592
592
589
700
701
3172
4189
5007
5326
6351
4729
5274
6345
2879
2886
734
2892
1830
1864
1536
589
589
3172
4078
4078
4200
4798
6351
5276
4220
4699
1218
734
735
707
1888
1833
3011
1865
1241
592
592
589
589
701
2873
6334
4783
4189
4080
4078
4722
5326
1219
708
1891
1888
1854
1830
1830
1864
1241
1536
589
6334
4188
4187
4077
4078
5007
5007
4200
6350
4729
5277
6345
6337
1833
1833
1865
1536
592
589
589
589
700
2873
4783
4079
4078
4078
4078
5323
6353
6350
5295
2878
2886
734
1830
1830
1536
591
701
4079
4797
4798
5323
5323
5343
6353
6352
6350
4220
4220
4699
2878
735
1830
637
1864
591
591
591
589
700
3079
4186
5007
5007
6471
5287
4219
6345
4699
2878
2886
731
1853
1832
1832
1830
1831
3010
1873
1894
1317
591
4080
4077
4079
5270
4797
4724
5325
6470
6471
5348
2878
2886
735
707
2949
1854
3010
1536
591
591
591
590
699
5007
4797
6470
5292
6352
5348
5277
5277
2878
1218
1216
709
1830
1830
3010
591
4186
4187
4079
4797
4797
6470
6471
5313
4221
1216
1891
1832
1830
1900
591
590
590
2813
4079
5324
5291
5313
5313
5295
6429
3472
1217
735
1873
1809
591
591
591
4079
5270
4799
5335
4125
5291
6429
6429
4222
4702
3472
2970
731
735
2949
591
590
4187
4079
5270
5007
4799
5291
5292
5313
5287
896
735
2949
1851
1876
637
638
1900
593
4797
4125
5291
5295
4196
4383
2885
1855
1831
1831
636
638
591
591
593
590
6274
4186
4079
4079
4079
4079
5291
5291
5295
4222
6344
1217
1892
1851
1831
636
1295
593
696
699
4799
4799
5324
5294
5312
5312
5315
4196
2885
2970
736
3000
1876
1898
1900
593
593
4079
5270
5270
4124
4197
6344
1756
1217
2885
2968
2950
1876
1876
1875
593
593
3075
6275
4185
4081
5361
5294
5294
5312
4196
6429
6429
2970
1856
1831
636
638
1898
593
593
696
5270
5356
5294
5293
5289
4383
6344
896
1884
1875
638
1295
2813
4185
5356
5334
4124
4124
4126
5315
4224
1756
1215
896
2970
3000
1855
1443
1861
593
593
699
5356
5294
5337
5289
4196
4224
2885
2950
1884
1875
635
1297
593
4081
4778
5361
5293
4197
4197
4382
6344
4698
1756
1214
2967
2968
1443
635
1293
696
3075
4156
4081
5294
5336
5293
5344
5315
5318
6428
1756
2969
2968
4081
4778
4124
4126
5344
6464
6426
4224
1215
728
2969
2941
2945
635
1297
667
667
4081
4775
5334
5294
5336
5344
6428
4698
1214
2969
2968
1890
1441
1884
1443
1509
605
1297
4155
4778
4778
5305
4126
4126
5344
6398
6426
2967
1401
1297
667
3067
5359
4983
4126
5337
6425
6430
4218
4698
728
2945
1441
1444
1509
1844
667
4156
4155
4776
5318
727
2967
1890
1442
1443
667
667
695
3067
4417
4123
4126
4919
5337
5344
6406
6464
4215
1214
897
2969
2942
1511
624
1297
596
4417
4156
4113
6398
6427
2967
2941
1890
1509
1511
4183
4981
4919
5345
6425
6430
4698
728
897
2972
1859
2997
1443
1875
1401
651
624
3497
4873
4919
5345
6464
6397
729
2936
2990
605
596
4086
4919
4919
5337
3483
730
728
897
2969
2942
1358
1443
1444
1509
1844
4113
4775
5305
4123
4919
5337
4914
6462
6397
6427
6430
4215
728
1848
1442
625
596
695
5337
5350
6462
6403
4382
727
897
2967
1343
1344
624
4114
4773
4093
4983
4981
4913
6397
6427
6430
3030
897
2972
2942
1838
2991
1442
1446
1343
1344
651
652
597
4140
4876
4873
4873
4916
6462
6399
6394
6431
4217
4215
729
2972
2935
1442
1444
1405
640
640
625
932
4915
4915
3483
729
2972
2937
1838
2991
1442
1446
595
3497
4114
4130
4819
4819
4874
4919
4919
4915
6403
6397
730
2951
1848
1358
2991
1446
1445
1343
649
6314
4084
5351
6431
6466
3030
730
3007
3007
2935
775
2995
1341
640
642
4086
6320
4138
4138
4140
4918
4919
4916
6451
4217
2972
2972
1840
1408
1408
1342
3484
3066
4982
4913
4913
6394
6394
2988
1446
1506
1404
640
649
652
595
2856
2856
4084
6880
4130
4876
4832
6451
5300
6397
3029
2951
2972
2937
1840
1847
1847
2995
1341
1404
2859
597
4083
4083
4982
4918
4918
5351
6397
3029
3007
3007
1357
2986
2986
1442
1342
1342
704
3066
4162
4918
4917
4832
4833
5308
6397
6431
6458
6410
3029
2951
2935
1507
1341
642
649
2860
595
2855
6320
4130
4876
4874
4917
5300
3029
2951
3007
714
775
1506
1402
1871
673
6500
6320
6880
6321
4128
4128
4818
4874
4917
4913
5300
6395
6394
3029
2998
2999
2971
2935
2937
714
2995
1446
1408
1342
1341
1402
704
2860
3484
6316
4083
5333
4874
4832
4833
5307
5307
5307
5300
6410
6410
3008
2999
1840
777
2897
2862
642
2857
2853
6316
6318
4162
4820
4819
4918
6458
3028
3007
1839
2904
777
2982
1506
1408
1341
1341
1417
1871
3484
3499
4877
4818
4820
4874
4917
4833
5298
2964
1408
1200
1402
673
2863
6317
6880
4128
4192
4877
5333
4874
4917
6393
2999
2971
2904
2904
1903
2975
1200
1871
1347
2863
2855
6324
4874
4918
6355
4833
4833
4204
5301
5298
5297
6395
1839
2983
2823
1507
1506
1408
1417
673
2863
3036
2854
4827
4828
4828
4193
4162
4164
5332
4818
4818
4880
4874
4978
4978
6355
6443
4264
6410
3028
3008
3008
2999
2999
2999
1839
1880
1880
1903
2897
1409
2820
1429
773
1539
1871
1347
2859
3033
1257
3499
3499
3499
6316
6485
6321
4192
4193
4889
4820
4881
4978
6445
6453
5301
2998
1836
1839
1880
2975
2982
1408
1409
773
1348
1347
2857
2854
6318
6324
6324
4164
5332
4818
4817
4979
4204
4204
5298
6393
3028
2999
2938
2964
2906
1274
1904
2977
2822
1544
773
1348
3033
4823
4161
5010
4889
4979
6392
6392
6477
3008
2932
1506
1538
1348
2862
2863
3040
1257
3076
3499
6480
6484
4161
4259
4889
4889
4880
4979
6445
4264
4908
5297
5296
2933
1835
1904
1543
2823
2823
1537
1537
1348
1418
2864
2864
3037
6481
4193
4823
4891
4685
5010
4817
6355
5341
5341
4909
3028
3027
2932
1839
1274
1904
2902
1408
1429
4980
4889
4879
4881
4979
4978
4978
6355
4909
5296
6392
3509
3027
2938
2906
1904
2899
2899
1409
1429
1417
1287
3032
1257
3499
4739
4827
4828
6487
6331
6325
4193
4161
4161
4980
4881
4979
6445
6443
6453
3027
1273
1904
2899
1543
2822
1287
1760
2867
2869
3036
3033
1352
3076
6504
6480
5229
4903
4903
4902
4902
4881
4978
4264
6363
6392
2932
2933
2933
2961
1870
2900
1543
2823
1406
2820
1257
4740
4828
6484
6487
4193
4824
4685
5008
5229
4980
4879
4882
4881
6453
6363
6363
6477
2933
1436
754
754
1870
2902
2823
1407
2820
1419
1760
2865
2869
3032
3034
1258
3499
4828
5008
4902
4979
4978
6356
6442
5365
6421
6392
3509
753
3027
1835
1253
1438
1870
2900
1407
1406
781
2867
2866
1258
6504
4740
6330
6330
6325
4193
6328
4891
5008
4903
6283
4978
6441
5329
5329
4736
6477
3509
2933
754
1870
1262
2822
1411
1760
1352
1257
3064
3499
4739
6483
4102
4824
5228
4903
4879
6283
4978
6356
6434
4205
4719
3509
1236
1237
1253
2961
2959
1407
1407
1411
2868
612
3035
1257
3499
4829
4767
4882
4882
4205
5329
4908
4719
6477
3509
1253
2959
788
2823
2823
2822
1420
2868
3038
3031
3034
3064
3499
6478
6482
6330
6326
6327
5227
4767
6419
4909
4238
750
750
2961
2959
788
1261
1259
628
742
1761
612
3040
3507
4826
6326
5227
4903
4882
6283
6442
6441
1262
1379
1407
1407
1406
629
1420
1761
2866
3038
1257
3064
3499
4741
5228
4882
6283
6284
6441
4720
4239
752
751
1437
2959
4736
3015
752
761
788
788
2900
1379
2822
790
1411
1420
1198
1255
4739
4829
6483
6483
4102
6330
6327
5227
4903
6282
4879
4882
6356
4910
4736
4719
4240
4240
1254
1436
761
788
1380
1761
3031
3031
4741
4826
6486
6330
6326
6328
6328
4903
6284
6442
6438
6361
4904
788
1261
1261
1542
1379
1316
790
1764
611
612
3035
3043
1350
6329
6328
6327
5227
4885
1237
761
4910
4238
4238
4239
760
1260
1261
1312
742
3042
4738
6490
6486
6329
5227
4892
4229
4903
4879
4792
4882
6283
5011
6438
4904
4720
4719
751
1254
763
1414
1379
1380
629
2955
645
1423
1423
611
2871
3507
3507
4826
6490
6483
4102
4099
6329
6328
4885
4886
4278
6283
5012
6359
6361
1414
1260
1542
1380
1311
790
629
1198
1422
3045
3045
1256
3507
4741
6329
6328
6412
4892
6281
6282
4792
4792
6283
5012
4737
752
1254
762
1259
1379
1312
790
628
2955
614
3043
944
3507
4741
6329
6328
4792
4792
6283
6283
6359
6438
6361
4907
4720
4240
3015
893
1437
763
4910
4241
4240
751
751
2957
2957
793
793
1542
1380
1380
1316
1423
1198
1198
3043
944
1255
2871
4429
6488
4099
5231
4897
6281
6360
4720
4240
3506
1437
2957
1379
1315
629
629
645
1197
3507
4429
6489
6492
6491
4101
4099
6412
4883
4792
4795
4851
793
1415
1415
1542
1312
1410
1197
1422
1422
3042
4738
4741
4174
4100
6329
5231
6412
4134
4883
6281
6282
4795
5011
4907
4241
4240
3015
724
762
1260
1389
1394
1395
1311
627
628
1197
1198
614
3043
3043
943
2871
3077
4738
4430
5231
4884
6281
4792
4792
4795
4851
5012
4743
4253
6368
4381
4241
752
1237
893
762
764
1415
789
627
1397
1410
1381
1423
1197
1196
685
2871
3077
4174
6488
4897
4892
6281
6282
6282
4118
4795
4743
4274
4241
751
893
764
4381
893
893
764
764
1415
1311
1397
643
645
1197
1197
1198
1196
3043
685
4738
4430
4087
4100
6329
5231
4897
4132
4884
4883
6281
4278
4795
4795
6359
4742
4743
4252
4250
6476
752
765
764
1398
1423
1197
1422
3043
685
685
3077
6333
4738
4157
4899
4132
4134
4226
4883
4117
4118
5011
794
1415
1392
1395
1315
789
628
628
1398
1197
1197
1196
1196
1426
670
599
600
685
4174
4100
6329
4226
6281
4796
4851
5366
4380
4380
6311
6311
6312
4240
3506
2909
1415
1315
1315
1311
627
643
1424
1197
1197
692
2871
2871
3077
6333
4738
4173
4895
4100
4683
4684
4684
4884
4117
4791
4851
4742
4745
4744
3026
2850
794
1390
1378
1311
1311
789
1397
648
646
646
1197
1196
1421
670
687
685
685
692
2871
6333
4173
4683
4134
4278
4277
4791
4852
5011
4282
894
724
723
794
1415
1389
627
1398
1424
1196
600
600
685
3077
4180
4174
4175
4090
4087
4157
4895
4683
4683
4117
4118
4850
6476
1394
1378
1680
1311
1717
789
789
643
1757
1424
1421
599
692
692
692
4180
4173
4157
4118
4791
4796
4850
5366
4742
4226
4378
3506
3026
2851
1393
1393
1378
789
630
1397
4380
4257
1196
1196
2872
3077
4684
4131
4872
4872
4872
5011
4742
4745
646
4132
4380
6311
892
725
791
1386
1389
1378
1315
627
1191
672
686
692
692
2872
2872
6332
4173
4176
4175
4175
4087
4157
4898
4683
4683
4681
4684
4896
4896
4791
4796
5366
4745
4887
1234
1234
1234
1378
1717
789
1397
4131
4226
6311
3506
2850
723
648
1195
670
686
692
692
2872
3078
6332
4180
4684
4896
4896
4872
4118
4277
4791
4796
4852
4866
4887
4131
4211
4379
894
723
1757
1680
630
1196
1191
1191
1191
1421
601
653
3078
3078
4089
4089
4087
4895
4898
4682
4682
4684
4896
4871
4871
4796
4850
4863
4745
1386
1390
1679
646
1757
1757
1195
4116
4115
4277
4277
4796
5152
4852
4279
1191
1191
653
686
692
692
4180
4176
4176
4682
4681
4684
4896
4132
4131
4226
4211
4378
3026
1213
648
1757
1194
1195
1191
1191
601
692
1349
1349
4158
4894
4682
4135
4754
4226
4211
4379
892
796
723
1271
1386
1233
630
4872
4872
4115
4791
5149
4745
4745
1234
1391
1681
1717
1717
1679
1396
1399
4872
4115
4277
4866
4863
4745
647
1194
1191
1191
1191
1191
672
672
601
653
693
4181
4089
4088
4159
4158
4682
4681
4681
4135
4131
4754
768
723
1271
1386
1233
1711
1683
1680
1717
1679
630
1399
648
647
941
1192
672
686
693
3078
4089
4158
4682
4681
4896
4135
4754
4871
4872
4116
5149
5149
5150
4866
4867
4864
4745
4754
4213
4213
4696
6312
1213
2844
723
726
725
941
1235
1393
1717
1677
4871
4872
4116
5146
4853
4718
4279
1194
1191
1191
654
654
1349
1349
3078
4158
4677
4678
5224
4135
4136
4754
4283
1213
895
796
723
726
726
726
1271
1235
1715
630
1399
4866
4867
4864
1269
622
647
1194
1194
1191
1192
690
653
930
693
693
4825
4142
4088
4680
4677
4678
4135
4754
4754
4212
4213
1213
1213
2844
2844
796
726
1235
1715
1683
1681
1640
1680
1708
1717
1399
5146
5146
5186
5149
5150
4867
4718
726
1269
648
941
1192
690
653
930
3078
4089
4678
4427
4427
5224
4108
4136
4283
4283
4379
6305
6306
1213
1213
796
723
723
726
1719
1712
1708
1717
1399
1269
648
622
619
1194
1193
654
930
3080
3078
4825
4179
4680
4135
4871
4869
5149
5152
4717
4136
4754
4212
4256
768
1213
726
1235
1715
1710
1712
1708
1678
1399
1399
5150
5152
4866
4863
4864
1194
691
690
661
693
1349
3080
4181
4141
4179
4177
4680
4679
4110
4108
4108
4752
4212
4284
1213
2844
895
796
723
726
1269
1387
1235
1681
1678
1674
1675
1738
4856
5186
5186
5149
4865
4867
4860
622
1193
691
930
1349
4181
4177
5226
4752
4284
6304
4283
6305
6306
768
1213
2845
895
796
723
726
726
1269
1387
1708
1678
1677
1738
4856
4856
5149
5149
5152
4853
4868
4864
693
4679
4108
4108
4212
4284
4283
6305
6306
768
1213
2844
2845
1269
4869
5146
5150
4868
4862
4717
4717
4716
4858
1758
662
4825
4141
5226
4109
4284
4256
768
1213
2844
726
726
1678
1735
1738
1385
1670
1719
1682
1640
1385
1708
1678
1675
5207
4870
5148
5146
5149
5150
4862
942
928
3080
5224
4108
6304
6305
6305
4695
1212
2844
2845
796
796
795
1385
1716
1712
1643
1674
5144
5177
4853
4864
942
942
1759
660
1330
4181
5226
4284
6305
6306
769
1212
1495
1213
796
795
1270
621
619
5207
5218
5177
5150
5152
4865
4868
4858
1759
662
928
4825
4428
4109
4753
6303
6304
6305
6305
2845
2845
796
621
1708
1678
1735
1385
1385
1670
1670
1715
1740
1682
1385
1716
1709
1750
1639
1639
1735
5207
4870
5149
4715
1201
4110
6305
6306
769
1212
1495
2845
4858
5107
5110
4862
4862
4858
1495
2843
2843
1270
621
1759
928
1201
4689
4148
4110
4109
6302
4968
4969
4695
1678
1735
1673
1673
1385
1669
1716
1643
5204
5144
5182
4861
4150
4109
4753
769
769
769
1212
1212
1495
2843
942
1750
1648
1639
1736
1673
1672
1670
1682
1641
5204
5146
5177
5177
5182
5179
4716
1759
1758
4689
4103
6313
4969
4695
1212
2843
621
620
1709
1750
1639
1735
1735
1673
1720
1716
1741
1642
4858
5147
5109
5151
5184
5189
4716
4715
1212
1496
2826
2852
660
1201
1330
4414
4110
4109
6303
6287
1750
1750
1736
1673
1672
1668
1718
1699
2828
1495
2842
2852
2841
1759
929
928
1201
4414
4148
5226
4428
6302
4968
4858
5204
5151
4861
4715
1636
1639
1736
1673
1673
1721
1716
1714
1740
1653
1496
942
1330
4689
6343
6302
6287
4695
4858
5143
5148
5109
5110
5151
5182
5179
4861
5142
1639
1736
1673
1718
1741
1642
2828
4688
4689
4110
6302
4749
4966
5142
5204
5178
5109
5151
5151
5181
5189
4861
5139
5140
5142
1665
1736
1736
1635
1721
1620
2852
2852
615
1758
928
1201
4428
6302
5204
5143
5107
5119
5109
5109
5180
5189
5189
1651
1665
1648
1736
1706
1494
942
615
660
2847
1202
1330
6301
6313
4749
6287
4968
4968
5143
5120
5151
5190
1653
1665
1636
1736
1736
1736
1635
1668
1671
1699
1741
1655
1497
2826
2826
1268
2841
2840
2848
1330
6308
4103
6302
5106
5147
5112
5111
5151
5180
5190
5140
5142
1652
1635
1718
1707
1706
1697
1667
5204
5107
5218
5119
5151
5189
5190
5140
5142
616
1202
1201
1330
1331
6308
4748
2828
1497
2840
1636
1668
1656
1655
5112
5210
5181
5190
615
929
1202
4688
4428
4961
4748
1665
1636
1634
1632
1671
1704
5204
5204
5105
5167
5189
5142
1203
1331
1331
4688
4900
4104
6343
4749
6286
1268
1265
1265
1651
1648
1634
1671
1620
1655
5205
5135
5119
5123
5111
5181
5181
5180
5189
5189
5141
618
1331
4688
4687
4961
4966
2827
1494
2825
1651
1665
1636
1634
1707
1697
1667
1656
5205
5116
5135
5119
5124
5189
5141
5141
5102
2848
615
1331
4105
4960
6301
4967
4966
2840
2848
1614
1664
1665
1634
1635
1671
5141
5120
5124
5210
5187
1202
3512
1331
1331
4688
4748
4749
2828
1632
1707
1667
1667
5141
5205
5123
5188
615
616
2847
4413
4105
6298
2848
1664
1666
1685
1747
1622
1621
1617
1617
5105
5122
5121
5121
5126
5124
5089
5175
5188
5138
5137
5102
616
1203
6310
6879
6301
4961
4748
4734
1267
1265
1491
1614
1567
1685
1704
5154
5125
5125
5089
5090
5168
5137
1331
4687
6291
4751
6286
6286
4967
4734
1250
2835
1267
1617
1566
1746
1747
1748
1707
1707
1621
5135
5134
5133
5121
5121
5126
5175
5188
5187
5103
2848
2847
1202
4688
4413
4956
6879
4748
1251
2840
1647
1685
1732
1619
1619
1619
5154
5168
5103
5103
617
3512
6310
4412
4413
4960
4750
1566
3014
1748
1659
1617
5164
5083
5125
5137
1484
3512
3512
4412
4105
4962
4751
6286
6286
4967
6298
4734
2836
1265
1566
1726
3014
1661
1911
1621
1739
5154
5118
5122
5133
5084
5089
5090
5175
5176
5138
5137
1487
618
926
2847
3512
6310
4956
6291
4963
4732
1250
1491
2848
1617
1696
1664
3014
1732
1732
1901
1901
1619
1617
5115
5118
5083
5088
5088
5168
5166
5188
5138
5137
5103
927
3512
6293
4750
4750
6298
4734
2829
1745
1745
1566
1726
1659
1621
1619
5115
5134
3512
4408
4751
3021
1267
1265
1491
1487
1745
1631
1732
1732
5134
5086
5084
5174
5173
5137
1487
1484
927
1329
3512
4963
4962
1251
2836
2825
1615
1565
1567
1663
1732
1659
1661
1661
1700
1739
1577
1616
5118
5213
5086
5208
5172
5172
5371
5166
5215
5104
2831
1329
6310
4957
6290
4750
6295
2835
1490
1575
1745
1733
1901
5153
5214
5165
5086
5215
922
3512
4413
6293
4963
4965
4676
4676
6297
6297
4733
3021
2834
1267
1266
1565
1724
1631
1700
1753
5214
5213
5086
5088
5174
5104
1326
4956
4965
1574
1565
1565
1631
1901
1616
5195
5195
5085
5371
5129
5173
5215
1329
1329
4408
4964
4965
1252
2834
2836
1724
1663
1663
1733
1659
5037
5213
5088
5087
5172
5172
5201
6472
1484
1484
1326
1326
6293
4963
4805
4675
1490
1487
1616
1565
1645
1644
1577
1578
1616
5153
5213
5165
5085
5174
5202
1484
4411
4409
6293
4957
4965
4676
6297
6295
1489
1916
1916
1576
1575
1568
1725
1631
1663
1644
1700
1702
6472
5037
5378
5086
5087
5362
5201
5201
2831
3478
1326
4807
4965
6474
1249
2837
2829
1565
1628
1645
1645
1700
1577
1616
5195
5213
5085
5208
5172
5372
5129
5362
5202
1327
4959
6290
4964
4964
4733
3021
798
1266
1487
1725
1631
1645
1645
1644
1753
6472
5036
5037
5378
5213
5377
5085
5087
5171
4805
4675
6296
6295
1489
2830
1916
1565
1645
1702
1578
5044
5045
5087
5171
1485
2831
6292
4958
4805
4965
4288
6296
6474
1490
1915
1576
1575
1568
1725
1628
1645
1645
1700
1578
1915
5098
5044
5377
5087
5222
5171
5372
5362
5203
1487
1485
923
1328
6292
4804
4210
6546
3503
2834
799
2830
1609
1725
1725
1631
1628
1645
1703
1702
1913
5193
5378
5045
5376
5222
5129
5127
922
1328
1327
4807
6294
4805
4287
6296
6295
3020
1252
2834
1916
1628
1645
1645
1645
1624
1577
1578
1915
5097
5077
5077
5044
5045
5377
5376
5376
5171
5171
5113
5203
5203
3479
6877
4288
1249
890
1915
1608
1631
1703
1702
1577
1578
5098
5193
5378
5045
5222
5171
5171
5127
5131
1328
4411
6877
6292
6294
4804
4120
4287
6296
1493
1324
1576
1576
1609
1609
1725
1629
1629
1629
1627
1627
1624
1912
1578
5376
5171
5114
5097
5131
2832
2832
4411
4959
4288
4377
3020
798
799
1493
1609
1608
1725
1627
5035
5043
5376
5046
5171
5114
2833
3478
923
4805
4210
4286
6546
6475
1249
890
1324
1743
1609
1725
1630
1630
1629
1629
1703
1703
1913
1569
1915
5098
5035
5077
5045
5067
5038
5047
5113
5113
4807
4146
4120
4210
6546
6474
799
1598
1573
1725
1629
1627
1627
1624
1624
1577
1569
5097
5194
5077
5045
5046
5047
5375
5171
5170
3479
3510
4807
6877
6292
4146
4119
4285
4377
3503
3125
797
1325
1608
1629
1629
1627
1703
1598
1598
5099
5194
5077
5043
5045
5171
5375
5114
5097
1482
4411
6285
6877
4119
4120
6474
3125
634
1597
1609
1630
1629
1626
1624
1912
1914
1598
5078
5067
5038
5039
5170
5170
5113
5113
5114
2824
4154
4145
4286
4376
3019
890
722
1493
1597
1611
1611
1629
1626
1625
1598
1598
5194
5194
5064
5212
5212
5067
5047
5097
6475
890
1486
1598
1594
1729
1608
1629
1626
1731
1731
1569
5099
5078
5064
5043
5067
5038
5039
5375
5375
5373
5094
5114
1482
2824
1334
4811
4143
4119
4121
4120
6546
891
634
631
1598
1573
1594
1729
1612
1629
1625
1914
1598
5194
5063
5038
5373
5113
5114
5097
5099
4822
4954
4376
6546
6474
2915
797
797
722
1611
1611
1626
1626
1604
1914
1572
5043
5067
5047
5114
5097
2833
1336
3505
3510
4809
4821
4154
4119
4286
4290
4376
656
1729
1611
1611
1626
1731
1598
5099
5043
5212
5067
5038
5375
5373
5093
5114
5099
1345
4209
4375
3023
3019
634
1598
1597
1594
1594
1611
1625
1731
1572
1598
5063
5067
5038
5039
5374
5096
5094
5094
1482
1334
4811
6285
4121
2915
3125
888
634
634
656
1580
1597
1729
1729
1610
1611
1612
1612
1918
1626
1914
1570
1570
5194
5078
5078
5212
5162
5067
5067
5038
5094
5094
5100
1482
665
4145
4145
4375
6388
6374
888
797
631
1580
1611
1611
1626
1914
1572
1598
5198
5162
5374
5374
5200
5096
5093
5100
5099
4153
4122
4209
6374
6374
2931
797
634
2833
1729
1612
5050
5041
5096
5096
5093
5094
5100
657
4809
4822
4143
4291
801
1692
1610
1918
1607
5078
5041
5038
5093
5100
664
3505
4165
4289
1596
1594
1594
1610
1918
1607
1604
1572
1572
1570
1599
5082
5198
5162
5041
5040
5040
5095
5081
658
1345
1346
3510
4821
4151
4151
4122
4289
4291
6390
6388
6373
889
677
1596
1595
1610
1613
1607
1607
1604
1601
1599
5078
5040
5071
4153
4144
6373
3023
801
632
1692
1613
5078
5066
5050
5162
5162
5041
5200
5073
5081
657
665
1333
1336
4810
4809
4143
4291
4290
5246
1783
803
1596
1595
1595
1730
2874
1607
1601
5066
5023
5040
5073
5095
5095
5379
5081
657
4143
4165
4289
4374
6390
6373
2931
1730
1610
1613
1613
1613
1604
1571
1571
1599
5079
5162
5068
5041
5095
658
664
1346
1333
3502
4809
4407
4144
4289
6373
1579
1595
1610
1610
1607
1607
1604
1602
1602
5198
5198
5068
5071
5072
6335
6335
658
1345
1768
4144
4165
4165
4165
4289
802
632
1693
1556
1553
1610
2874
1601
1571
1547
1547
5079
5162
5040
5073
5073
1333
4166
4317
4332
4374
6389
5246
1783
887
802
655
1579
1579
1553
1553
1610
2874
1607
1604
1601
5198
5040
6335
939
663
4406
4144
4166
4166
4165
6389
803
801
801
677
677
1730
1730
1730
1562
1613
2874
1607
1547
1551
5023
5028
5020
5076
5074
5081
658
663
5235
4166
4165
4317
4317
4332
4331
6389
5245
5246
1780
803
1562
5080
5023
5161
5020
5016
5017
5072
5074
6335
658
706
1768
4809
4407
4144
4166
4317
4331
4374
3022
2929
655
1607
1606
1606
1686
1550
1550
1547
1693
5079
5023
5016
5017
5074
5080
658
4407
4151
4425
4166
4166
4317
4374
6390
6390
3022
832
677
677
831
678
1553
1553
1562
1563
1723
5079
5196
5020
5070
5070
5076
5074
939
706
706
666
666
920
917
4333
4318
4317
4332
6377
4374
6389
5245
887
832
677
831
1556
1553
1562
1723
1603
1548
5023
5020
5076
6335
6335
939
666
5235
4151
4425
4425
4318
4317
4317
6390
1780
887
831
1558
1558
1553
1562
1723
1606
1550
1550
1548
1551
5198
5022
5022
5020
5018
5017
5076
5074
678
658
3502
4318
4318
6378
6390
6545
1785
2929
846
845
832
677
831
1555
1562
1686
1601
1600
1551
5161
5020
5017
5070
5076
5032
939
706
3502
5235
4404
4404
4426
4333
4333
6390
6545
5248
1782
2929
887
831
1558
1588
1563
1723
1605
1603
1548
5022
5029
5021
5018
5075
5075
921
918
3502
4333
6375
5248
5247
3022
2919
845
2917
831
1553
1563
1606
1605
1600
1603
1548
5032
5028
5018
5069
5069
5072
6335
2920
940
706
3502
4168
4151
4194
6375
3123
2912
831
1555
1561
1686
1549
5196
5029
5019
5018
5075
847
706
680
680
680
862
859
4813
4426
6379
6378
6372
5247
1782
2911
2917
2917
1694
1727
1727
1561
1564
1722
1552
5196
5024
5026
5021
5019
5075
679
918
3501
4813
4407
4167
6379
1784
1781
3123
2919
2919
831
1555
1564
1722
1592
1549
5032
5024
5021
5019
5018
5069
5075
5192
5032
1337
3501
3501
4405
5255
6378
6372
2912
1793
2917
2917
2916
847
1559
1588
1561
1689
1689
1687
1949
1552
5196
5196
5025
5021
5021
5155
5075
5031
2920
1450
3501
4404
4168
4922
4426
6379
6379
6376
6525
6372
6372
6544
5248
5247
1784
2911
2919
2917
2916
1555
1553
1727
1561
1722
1591
1592
5030
5196
5019
5018
5156
5075
680
4168
6379
6375
6525
3123
2912
3101
2917
2916
2920
1555
1564
1564
1722
5026
5026
5408
5019
5061
5155
5192
940
1450
679
680
3501
3501
1769
4345
4345
4343
4426
6379
1784
2910
1793
2920
1694
1557
1559
1588
1728
1722
1949
5030
5025
5027
5069
5191
5031
940
679
1338
4167
6376
5255
5255
6525
1781
1793
2916
2916
1588
1555
1728
1584
1564
1592
1949
1694
5031
5027
5163
5061
5061
5155
1796
2925
859
1769
4342
6379
5258
6369
6544
3123
2910
1788
3101
1585
1592
1949
5025
5024
5408
5019
5062
5156
5191
5030
2925
921
4405
4923
6525
6370
5248
5249
2910
3102
3101
1793
1791
1794
2920
1694
1958
1554
1728
1728
1584
1688
1687
5025
5026
5408
5408
5155
5156
5191
5031
2928
1338
4346
4168
6376
5254
6369
1557
1584
1690
1742
5055
5196
5163
5408
5062
5191
5055
1796
1796
2925
2925
2928
857
862
4346
6386
6386
6379
5258
6525
1786
3101
1791
1557
1589
1584
1584
1585
1585
1591
1694
5163
5060
5062
5156
5191
858
858
1770
4343
6384
6384
6379
6376
6525
6370
5249
1786
3098
3124
2910
1788
1958
1554
1690
1687
1592
1592
1694
5163
5408
5158
5157
5191
5055
1797
2925
2922
1338
5254
5252
6525
2910
1789
1952
1751
1585
1585
1977
5055
5220
5415
5416
5163
5163
5408
5060
5160
2925
1204
4347
4342
6387
6379
6526
6543
6543
3124
1788
1789
1791
1791
1794
1953
1954
1690
1742
1948
5416
5419
5211
5160
3155
861
4348
6384
6384
5257
6369
2910
3102
1788
1589
1583
1977
1966
1948
5415
5060
5062
5158
3155
3158
2922
1204
4344
6387
6386
5256
5253
6538
3098
3115
1953
1589
1751
1586
5415
5419
5410
5211
5433
5060
5160
5160
3155
2927
4690
6384
6384
5260
5257
6526
1788
1789
1792
1948
1952
1956
1954
1583
1691
1981
1967
1966
1948
5055
5416
5413
5060
5158
5160
5055
4348
4690
4690
4343
5252
5252
5253
6543
6543
6524
3122
3115
3102
1795
1951
1751
1586
1586
1981
5055
5415
5413
5410
5059
5157
5160
1797
3158
857
2923
5257
5256
6526
3099
3115
3115
1954
1954
1751
1967
1948
5433
5060
5160
3155
2927
861
4348
4690
6387
6571
5257
5256
6524
6523
3100
816
1792
1792
1953
1957
1956
1691
1691
1977
1981
1948
5055
5220
5415
5412
5412
6336
5410
5409
5059
5442
5157
5054
3155
6380
5257
5250
5253
6538
3114
3112
1787
1792
1797
1948
1954
1751
1583
1586
1586
1981
1967
1966
1948
5220
5418
5442
5157
5160
5054
5054
3155
2927
857
2926
6380
6573
5260
5257
6526
1790
1951
1691
1972
1948
5415
5417
5393
6336
5428
5159
1798
4348
5257
5251
6526
3115
1919
1751
1586
1586
1586
1691
1981
1922
1919
5052
5220
6336
6336
5442
5438
5159
5160
3158
2921
6382
6573
6571
6571
5259
5257
4305
5251
6536
4329
4330
3102
816
1919
1926
1932
1967
5426
5426
5417
5433
5428
5427
5442
3155
2926
2924
6387
5259
6534
6537
3159
816
1792
1795
1795
1950
1932
1955
1965
1974
1586
1691
1969
1919
5220
5392
5392
6336
6336
5380
5052
1798
1798
2926
2923
6383
6383
6381
6380
4305
6537
6537
843
3113
1787
817
1924
1586
1964
1972
1919
5052
5396
5418
5380
5440
5438
5159
5053
3157
3157
2921
4304
6536
4330
1926
1978
1978
1978
5426
5417
5380
5381
5433
5427
938
1798
2923
6383
6380
5262
6573
6571
5259
5251
4329
842
3114
1787
817
1924
1957
1932
1933
1955
1965
1974
1975
1922
5420
5393
5386
5381
5440
5159
938
868
868
1799
3152
3156
2924
3508
6382
6567
6380
6573
5259
5251
5250
6534
6536
4330
3112
3112
1790
809
1797
1950
1932
1974
1974
1975
1978
1964
1922
1920
1920
5426
5418
5386
5440
5439
5053
5052
3152
3156
2924
4424
4424
4304
6537
3114
1790
817
1933
1965
1979
5426
5381
5422
5440
3151
3161
6381
4424
4305
4305
5251
4327
3159
3113
816
1932
1959
1974
1943
1978
1969
1922
1920
1920
5383
5428
5427
5436
5052
1799
3157
6569
5262
5259
4304
4305
6537
6537
3091
1790
1790
1924
1950
1965
1964
1921
1920
5437
5420
5418
5392
5386
5439
3152
5262
5262
4356
4328
844
3114
3114
3111
3091
1926
1930
1932
1934
1933
1959
1973
1973
1973
1968
1923
5388
5383
5382
5427
5429
5440
5439
5436
868
868
3154
6572
6568
6567
4424
6534
6536
4327
3485
3485
809
1920
1973
1968
1923
5386
5383
5422
5429
5440
1802
3151
3161
5265
4424
6511
6535
809
809
1934
1959
1973
1943
1920
5396
5391
5388
5383
5436
1802
4299
4305
6515
6533
6530
4328
4328
841
808
1928
1928
1930
1934
1973
1976
1968
1921
5396
5389
5388
5382
5424
5439
5437
1802
6568
4424
4305
6533
841
3107
3108
3108
3111
3087
1920
1928
1940
1940
5420
5420
5391
5385
5384
5439
5435
6568
5262
4424
4296
4296
6533
4327
3485
844
1937
1921
1923
5395
5385
5422
5402
5435
5435
809
823
867
869
3154
3154
6569
4356
4299
6511
6515
6533
3485
3107
3087
808
1928
1921
1923
5385
5384
5424
5435
6568
5262
4424
4327
4327
844
3091
1930
1934
1934
1976
1963
2231
5395
5395
5384
5431
5407
5401
5402
868
5263
4424
6515
3485
3116
809
809
2231
1927
1935
1937
1976
1940
1940
1945
2245
1971
1971
5385
5384
5384
5432
867
867
1451
1803
5269
6568
4355
4356
4299
4296
6535
3121
1248
3110
3110
3109
3109
808
1928
1928
1930
1934
1976
1942
2231
5421
5572
5385
5384
5706
5402
5434
867
1451
5266
5264
4424
6535
6531
3092
3087
809
1935
1937
1938
2231
2231
5421
5564
5572
5571
5385
5385
5432
5403
5435
5434
823
867
1804
1806
5269
5267
4356
6509
6516
6535
6533
4328
4328
1248
811
1927
2243
1937
1938
1942
1945
2231
5384
5431
5403
5399
5435
867
4356
4299
4299
6533
3109
824
2287
1938
1942
2245
2280
2231
5399
5421
5571
5574
5432
5431
5706
867
867
1800
5267
4355
4356
4296
6509
3121
3121
1248
1247
3110
3110
3109
3087
810
810
824
2074
2110
2103
2244
2287
2287
1938
2245
5400
5421
5571
5407
5404
4356
4312
4312
4424
4299
6532
6532
6531
6531
4731
4730
1248
3087
2074
2110
2112
2287
1938
1938
1944
1971
2235
2230
2230
2073
5572
5481
5574
5432
5407
823
869
5267
5263
4355
4296
4730
4730
3092
811
2112
2244
1939
1939
1942
2245
5421
5564
5574
5706
5406
5403
5399
824
823
933
1806
4352
5264
4312
4299
6541
1248
2018
2287
1942
1944
5400
5535
5432
5406
5399
5266
5267
4356
4299
6509
6516
6516
6539
6532
4730
3121
3110
3109
3116
3116
2287
1939
1939
1980
1946
2072
5421
5572
5703
5404
5399
933
870
4351
4353
4353
4312
4312
4296
6509
4731
6540
3120
3118
3117
3109
3086
811
810
824
2072
2112
2103
2105
1939
1980
2280
2230
5399
5564
5534
5535
5535
5696
5703
5406
5399
5399
1451
1205
1804
4691
4924
4353
4312
4312
4297
6541
4730
3121
3119
3119
3109
3086
3086
2022
2105
2228
5397
5564
5561
5706
5406
5399
5399
824
1512
1451
4352
5266
6532
6541
3109
2018
1936
1939
1980
2235
2072
5610
5533
5533
5691
5405
5441
5398
913
4299
6532
6541
6542
4730
3120
3121
3121
3117
3117
3138
3137
811
810
2016
2106
1946
1946
2280
2227
5564
5561
5696
5703
5670
5669
5441
5398
933
870
865
4691
4353
4311
6509
6516
6559
3120
3137
1448
2070
2022
2093
2105
1936
1980
2228
2071
5397
5551
5561
5726
5533
5691
5691
5670
5441
5441
933
1451
913
4311
6560
6540
6540
3121
3119
3117
1447
2071
2022
2016
2148
2148
1980
2207
2280
2071
5726
5531
5645
5405
5441
1514
4691
4354
4353
4353
4298
6509
6541
3117
1455
824
2266
2060
2148
2208
2183
2228
2070
5478
5531
5645
5441
933
1512
4352
4924
4924
5263
4297
6559
6541
6541
6542
3120
3120
3118
3118
3085
2093
2102
2109
2107
2280
2071
2070
5610
5485
5531
5689
5645
5441
5398
916
4691
4691
4311
4297
6509
6560
6540
6542
3120
3119
2025
2070
1986
2060
2109
2208
2186
2183
2232
5610
5485
5671
5669
5568
5397
913
865
4693
4298
6510
6558
6559
6561
3120
3119
3117
3139
1986
2093
2027
2208
2211
2232
2025
2025
5478
5478
5485
5689
5568
5441
5398
824
933
933
913
4693
4984
3120
3118
3139
3137
3137
1448
824
824
1988
2014
2060
2208
2186
2232
2252
2253
5487
5447
5485
5647
5647
5568
5609
933
1513
4349
4399
4354
4353
4311
4921
4921
6510
6559
6562
3117
2252
2027
2061
2108
2108
2211
2252
2253
2253
5551
5551
5555
5486
5693
5689
5646
5671
5668
5569
3511
4984
4311
6541
6562
3120
3120
3119
3104
1447
1988
2032
2208
2186
2252
2252
2254
5555
5486
5486
5646
5570
5570
1514
913
4693
4399
4400
4311
4297
6528
6541
6562
3142
3142
3142
3140
3117
3095
2095
2095
2014
2061
2067
2208
2222
2225
2225
5487
5552
5486
5685
5646
5570
5569
3129
913
4349
4298
6558
6558
6529
3142
1455
2254
2237
2096
2093
2066
2067
2202
2211
2222
2087
2087
2708
5551
5552
5727
5447
5486
5685
5685
5646
5665
5665
5551
1514
1207
4354
4353
4419
6510
6561
3142
3142
3141
3140
3105
3106
3094
3095
1448
1447
2703
1991
1985
2027
2032
2202
2226
2226
2254
6173
5552
5445
5451
5576
5532
5447
5532
5665
1455
3129
3129
1514
913
913
4311
4311
4921
6559
6528
6542
3141
3105
3139
3094
1447
2708
2703
2702
1991
1982
2035
2066
2067
2211
2708
5444
5446
6216
6173
5547
5532
5532
5532
5685
5673
5663
5570
5495
5495
3511
4399
4400
4400
4984
4354
4419
4920
3142
3142
3141
3140
3106
2734
2734
2701
1983
2239
2122
2285
2066
2197
2222
2226
2086
5549
5583
5583
5552
5468
5451
6216
6216
6196
6194
6170
6160
5532
5687
5687
5665
3129
915
913
4349
4399
4311
4921
4921
6510
6510
6529
6529
1447
2726
2744
2285
2035
2066
2086
2718
2718
5446
5446
6216
6170
6170
5673
5673
5663
5495
5495
1514
1513
4399
4400
4984
6519
6529
6561
6562
6562
3142
3142
3142
3141
3093
3094
1455
2722
2734
2701
1982
2239
2035
2202
2086
2718
5700
5467
6216
6202
6201
6210
5473
5473
5663
5665
5527
3129
914
914
1498
1340
4350
4349
4984
6550
4928
4920
6518
6527
6528
3142
3131
1455
2730
2744
1983
1982
2122
2285
2196
2213
1997
2714
2727
5549
5455
6210
6210
6221
5683
5663
5497
4399
4401
4985
4921
6528
6529
4369
883
883
3140
3081
2722
1993
2007
2152
2196
2211
1996
2715
5583
5583
5537
5455
5580
6201
6221
5473
5473
5683
5683
5658
5657
5497
3129
3129
3134
3476
1481
1498
4986
4928
4921
4920
6519
6527
6529
4369
3482
3482
3482
3105
1447
1447
2749
2716
2239
2257
2037
2171
2727
5700
5504
6226
6207
6207
6213
6176
5675
5658
5527
3129
3134
3134
914
1277
4815
4402
4401
4985
6519
4369
3482
883
3105
3096
2749
2752
2745
2716
2042
2081
2081
2196
2004
2213
2151
2715
2749
2749
5583
6227
6207
6228
6176
5612
5459
5674
5657
4970
4401
4928
4928
6518
6519
6529
883
883
3140
3105
3096
1322
2749
1993
2007
2257
2196
1996
2727
5537
5580
6227
6228
6213
6220
5612
5675
5658
5701
3129
1480
4399
4986
6550
4921
6518
6519
6527
6528
4372
4369
3103
3089
3131
2752
2752
2745
2762
1996
2715
2749
5701
5537
5507
5580
6225
6226
6226
6207
6228
6228
6228
6213
6220
6176
5459
5674
5658
5658
3476
1340
6564
4815
4760
4985
6550
4928
4921
4920
6518
6518
4372
3482
883
886
3084
3130
2752
2042
2152
2193
2193
2171
2004
2120
2166
6240
5507
6228
6228
6213
6213
6220
5722
5462
5674
5654
5719
5701
6555
4928
4928
6517
6519
6520
4369
3103
883
3097
3081
2767
2762
2762
2045
2079
2775
1998
2259
6240
5510
5507
5580
6228
6223
5597
5459
5633
1323
3134
3476
3476
1277
4401
6550
4928
6512
4370
3103
3103
884
3096
1322
1455
2761
2045
2048
2053
2079
2145
2177
2172
2120
2166
6223
6220
5462
5633
5654
1478
1277
4402
4928
4921
6552
6518
6517
6520
6514
3103
886
884
3093
2164
2145
2004
1998
2259
5720
6220
5723
5465
5654
1322
1277
4401
6874
6550
6518
4372
4372
4372
4370
886
884
3089
3131
2164
2055
2177
2172
2172
2166
5515
5510
5604
5604
5627
6220
6220
5722
5462
5654
5605
1478
3476
914
1277
4970
4402
4402
6550
4802
6552
6520
4370
4370
3103
3103
3097
2164
2140
2079
2775
2005
2259
5539
5627
5720
5586
5595
5462
5634
5539
3129
1481
1276
3147
6564
4760
4952
6874
4802
4928
4921
6518
6514
4370
3103
3103
886
886
3090
3081
3130
2775
2144
2145
2172
2004
2215
2136
2126
5622
5627
5586
6220
5465
5605
1323
1480
6563
4760
4760
4402
6555
6551
6517
6517
6512
1541
885
3130
2048
2172
2005
2125
2130
2130
2082
2082
2065
2062
2002
5649
5501
5501
5586
5585
5465
5634
5638
6236
1322
3480
3135
1276
1276
6552
6552
6508
6513
6514
4370
886
885
3130
5585
5723
5723
5660
5634
5638
1322
3480
1276
3143
3143
4760
6555
4802
4802
6551
6505
6512
4371
4323
4370
1541
1541
885
885
3088
1322
2166
2272
2055
2773
2773
2062
2187
2187
2772
2082
2065
2062
2169
2125
6234
5737
5649
5501
5595
5638
5638
5543
1323
1481
1480
1276
6566
6563
4953
4802
6551
6505
6508
4371
1541
1264
1264
3130
3130
5515
5519
5604
5622
5649
5501
5501
5585
5832
6234
6563
4760
4759
4952
6874
4803
6552
6505
6508
6514
1541
1541
1541
886
837
885
3130
1229
2272
2057
2773
2082
2002
2215
5622
5619
5500
5637
5524
5524
1323
1478
1517
882
1208
6508
4323
4323
4323
1541
886
3090
1264
2187
2130
2381
2772
2064
2176
2176
2175
2175
2002
6234
6234
6233
5490
5500
5502
5660
5635
5524
5543
1517
4759
4759
4759
4952
4803
4803
4802
6513
1541
3090
3088
2772
2064
2199
2169
5737
5502
5629
5660
5524
5525
1478
1478
3480
882
4759
6556
4951
6551
6505
6513
4371
4371
1541
1541
1541
837
837
3088
3082
3082
1263
1264
1264
2030
2083
2063
2176
2199
2270
2205
6233
5833
5619
5735
5832
5637
5525
5525
1322
1323
1479
1478
3135
882
6566
4366
4366
4759
4803
4802
6551
6512
3090
3088
2381
2057
2698
2083
2064
2169
2205
5502
5862
5635
5525
3480
881
882
6566
4366
4951
6505
6512
6513
4323
4323
1541
837
3088
2157
2157
2083
2175
2294
2199
2041
5832
5862
5660
5526
5525
5545
6233
6233
5594
5822
5619
5490
5735
1229
1517
1208
4759
4759
4953
6874
6508
4371
4371
4323
838
3090
1264
1264
2030
2490
2608
2063
2194
2270
2068
2040
6070
5490
5826
5637
5526
5545
1323
1478
881
6566
4366
6556
4803
4713
6551
6551
4320
4326
1540
1540
840
885
3082
1264
1229
2233
2157
2607
2194
2368
2041
5594
5519
5745
5745
5972
5972
5614
5545
1161
881
4988
4803
4802
6505
6505
6505
4319
840
1263
1264
2157
2388
2608
2608
2194
2194
2291
2038
2273
6057
5833
5822
5743
5745
5826
5828
5862
5655
6057
1479
1478
1501
1517
881
4694
4366
4988
6556
4973
4951
4803
4326
4324
4324
3090
836
833
1264
2157
2373
2698
2698
2194
2294
2390
2170
2068
2273
4988
6878
4951
4713
4747
6506
4320
4320
1540
1540
1540
840
835
833
1263
1264
1479
1162
1162
881
4694
5519
5934
5764
5794
5794
5846
2698
2194
2593
2291
2270
4988
4649
4802
4746
4326
4324
839
838
836
1264
1479
1453
3150
3150
4694
1209
5768
5744
5826
6075
6057
2233
2359
2388
2582
2608
2607
2612
2291
2500
2216
2296
2296
2332
4988
4803
4803
4713
4746
4746
6506
4324
1540
839
1229
1229
1479
1453
4367
6070
5794
5768
5744
5846
5614
6075
6057
2400
2373
2618
2270
2390
2368
5653
5934
5743
5757
5828
5828
5845
5972
5614
6075
6075
1453
4367
4988
4803
4713
4319
4319
4320
4324
4357
1365
1363
872
840
839
836
836
1263
1263
1264
1264
1229
2400
2584
2612
2612
2368
2216
2332
2332
4367
4988
4951
4746
4747
4326
872
945
1230
1162
1453
1453
1453
4367
6070
6070
6042
5822
5770
5770
5744
5938
6060
2324
2359
2582
2602
2618
2593
2390
2390
1453
1209
1209
4648
4648
6878
4713
4746
4746
4321
4325
4324
4357
833
1263
1230
1502
1161
1162
1162
1453
5934
5743
5861
5764
5828
5935
5972
6073
6063
2386
2362
2301
1453
4367
4368
4646
4973
6878
4713
4713
4747
4322
4322
1365
1363
839
836
1230
1501
1160
1163
5810
5863
5935
5938
6060
6063
2378
2584
2602
2589
2390
2301
4368
4367
4325
4325
4357
4838
1516
871
839
1229
851
1479
1479
3133
880
879
6077
6043
6042
5861
5810
5863
5858
5938
6112
6073
6063
2331
2365
2567
2488
2582
2632
2591
2362
2324
2324
4368
4648
4973
4712
4712
4713
4322
4837
872
839
835
1263
851
1479
1502
1162
1163
3133
880
879
5861
5810
5810
5770
5863
5863
5974
5935
6112
6063
6063
2346
2365
2551
2627
2632
2591
2589
2500
2500
2386
2301
2301
2331
5861
5861
5810
5810
5863
5863
6043
6026
5865
5858
6112
6082
6082
1230
880
1167
4648
4950
4950
4712
4746
4747
4747
4321
4325
4325
4357
4837
1362
836
835
834
854
854
855
945
945
2488
2634
2591
2591
2591
2366
2351
5915
5783
5884
5863
6131
5820
5820
5982
6106
6094
1160
1160
1499
6553
6878
4713
4746
4325
4627
4987
1362
2405
2366
2351
2423
2317
2317
2319
2319
4971
4926
4926
6553
4647
4646
4973
4974
4950
4950
4335
4713
4746
4747
4325
4627
1535
1138
1362
1362
872
871
871
835
945
1229
848
1502
3132
1499
5901
5901
5796
5783
5884
5874
6094
5915
5974
2627
2642
2634
2635
2589
2386
2397
2353
2350
2350
2442
2423
1535
1139
1231
855
945
945
1479
1226
1499
1224
6026
5915
5901
5783
5982
5982
6106
6082
6557
4950
4357
4627
4624
4706
2634
2635
2514
2353
2350
2423
2341
1138
871
835
854
851
3133
1499
1224
3128
1223
5901
5899
5796
5783
5891
5884
5884
6026
5982
4973
4746
4339
4747
4358
4420
4627
4624
6548
2405
2551
2514
2409
2338
2337
2337
2341
5897
5783
5884
6026
5982
5982
4647
4950
4334
4713
4322
4322
4325
4625
848
1479
873
1502
3132
1223
1139
1139
1362
2549
2567
2567
2514
2353
2338
2337
2341
2545
5899
5897
5895
4708
6553
4647
4974
4334
4335
4431
4431
4747
4714
4321
4358
4358
4420
4627
6548
4706
876
1502
877
1160
1141
1139
1139
1362
901
1231
835
855
945
2415
2422
2341
5917
5899
5899
5897
5783
5892
5891
4974
4712
4335
4714
4358
4420
4625
4949
1479
1226
1227
1224
901
871
1231
855
851
2503
2545
2519
2435
2353
2422
5899
5897
5891
5885
6557
4335
4431
4339
4339
4714
4385
4626
1502
1227
1140
1139
901
871
1231
855
855
945
2503
2435
2457
2422
2418
2418
2464
2418
2436
2436
2580
5897
5897
5892
5910
4973
4974
4360
4950
4339
4714
4385
4420
4625
4949
848
848
873
876
1275
3128
901
1231
854
945
5902
5897
5897
4647
4647
4950
4334
4335
4431
4431
4627
4625
1226
901
901
1231
898
854
855
903
2672
2580
2418
2418
2418
2464
2418
2418
2418
2418
2436
2436
5925
5925
5897
5892
5910
5997
4711
4711
4972
4974
4360
4340
4714
4385
4385
4949
4949
848
873
1160
1275
1227
1476
3128
1140
901
934
901
855
5900
5897
5897
5892
5892
5892
4364
4339
4339
4714
4714
4420
4627
4949
4708
851
873
877
877
1500
1226
854
2418
5900
5892
5924
5925
4949
4758
4973
4364
4974
4334
4335
4335
4340
4340
4714
4626
4949
849
876
1225
1476
1140
934
1231
854
903
903
2430
2430
2431
2431
2430
5900
5900
5897
5897
5897
5924
4364
4360
4431
4431
4339
4339
4340
4714
4714
4385
4385
4835
849
873
876
1225
1228
1140
901
855
855
2465
5897
5906
5924
5924
4972
4364
4364
4360
4339
4420
4836
4835
4949
873
873
877
1361
934
898
903
2431
2431
5929
5924
5924
4708
4363
4364
4335
4335
4384
4384
873
875
1228
850
2430
2446
2430
6041
5924
5924
4364
4334
4431
4390
4339
4340
4384
4385
4420
4421
4709
876
1275
1140
934
901
898
853
2430
2446
2431
2431
5924
4708
4708
4360
4335
4339
4421
1225
909
1228
1361
1140
898
853
852
2446
2446
5924
5923
4758
4364
4360
4360
4335
4341
4385
4835
4709
876
875
1275
901
901
898
852
850
2446
2431
2431
2430
5924
4334
4335
4336
4390
4339
4384
4836
4836
850
849
934
934
898
853
852
903
903
903
2430
2431
2431
5923
6040
4334
4336
4386
4422
4421
934
2430
4840
4363
4363
4362
4334
4390
4339
4338
4341
4341
4341
4384
4385
4709
4708
849
849
1500
1228
1360
1360
937
4396
4396
4360
4336
4390
4836
4709
4709
874
878
1275
1225
909
1360
901
853
852
903
4390
4384
4384
4836
1367
937
935
898
898
899
4840
4364
4336
4384
4836
909
935
901
853
4362
4361
4360
4338
4422
4451
4395
1275
4360
4336
4336
4390
4390
4341
4341
4384
4384
4927
850
849
849
874
875
878
964
1360
853
852
852
903
850
4361
4337
4338
4341
4386
4423
4927
4836
4451
875
912
909
936
899
853
4396
4840
4363
4337
4449
4395
849
875
911
964
1454
900
852
4337
4336
4390
4390
4449
4341
4387
4387
4386
874
875
878
900
900
902
904
850
4396
4337
4338
4338
4341
1367
936
935
963
4395
4362
4361
4361
4361
4359
4359
4359
4337
4336
4390
4389
4386
4451
4395
849
874
909
910
964
965
899
902
904
4336
4390
4927
4450
4398
874
911
1454
935
935
899
904
904
4396
4337
4336
4388
4387
4386
4423
4422
4927
906
875
875
878
910
965
906
4839
4361
4389
4388
4449
4449
4449
4387
4423
4927
4450
906
849
875
1367
912
900
1459
963
4361
4361
4337
4336
4391
4389
849
874
874
910
936
963
902
904
4362
4362
4387
4386
4927
875
1366
911
965
1454
1454
935
1460
904
906
4839
4359
4359
4337
4391
4391
4389
4389
4423
875
878
911
910
963
902
906
4362
4393
4361
4359
4449
4449
4933
4450
4398
958
908
910
1459
899
902
902
4839
4362
4389
4388
4934
4929
4450
4398
849
874
965
935
4397
4839
4362
4393
4392
4392
4391
4933
4934
4423
4455
4927
874
958
910
910
935
1460
963
902
971
972
4391
4391
4389
4388
4386
4455
4450
4450
1366
1457
936
906
4394
4393
4444
4444
4391
4388
4936
4933
4933
4929
905
875
1366
1143
910
965
1457
968
1460
902
4397
4393
4392
4389
4388
4455
958
908
908
967
967
971
4839
4839
4839
4392
4389
4454
4436
4450
905
910
1460
971
972
4391
4458
4936
4934
4934
4437
908
910
953
967
968
1459
972
906
4362
4393
4444
950
968
1462
1462
906
4393
4458
4459
4459
4936
4933
4934
4455
4930
4436
4450
905
1366
1368
953
950
1457
967
971
4397
4393
4444
4436
953
1457
967
1459
971
4394
4394
4392
4460
4460
4935
4932
4454
906
1460
971
4629
4444
4459
4931
4455
4929
907
908
947
1457
967
969
1459
974
4841
4458
4436
4437
905
961
907
1366
1143
950
1456
969
1463
4444
4392
4460
4935
4931
961
907
1143
953
953
970
4393
4444
4458
4459
4459
4934
4452
4436
974
905
907
1366
1457
966
969
969
1463
970
973
972
4437
4629
4435
4394
4432
4459
4933
4437
1463
1462
4448
4460
4458
4930
947
1142
1458
973
4444
4457
4459
4932
4452
4436
4436
974
905
961
947
1366
952
951
951
1456
969
1458
1461
1463
4841
4447
4448
4460
4460
4459
4453
4437
974
905
960
952
4935
4935
4931
4453
1369
951
969
1461
1461
970
970
970
4629
4435
4435
4460
4459
4932
4932
4452
961
946
947
973
4437
4841
4841
4432
4432
4447
4460
4460
4460
4930
4930
4438
974
961
947
951
1456
966
969
4444
4460
4457
4456
4935
4932
4453
947
952
966
4447
4448
4457
4932
4453
4452
4439
960
946
946
951
951
966
1458
973
974
4629
4435
4435
4460
4456
4932
4931
4453
1369
1142
970
4435
4461
4460
4460
4932
4438
960
962
951
1456
966
1458
1461
1461
987
4628
4432
4447
4932
4452
4930
4439
988
973
4432
4447
4447
4461
4457
4932
4475
4453
4438
962
951
993
988
985
985
4628
4841
4460
4457
4456
4472
4931
4453
4481
4439
4439
962
946
948
1369
1369
952
966
994
994
983
4628
4435
4438
947
4432
4447
4461
4461
4475
4452
4989
981
946
949
951
951
1519
973
4842
4435
4447
4447
4457
4471
4472
4480
4628
959
962
1369
952
951
1519
991
985
985
983
4457
4474
4932
4475
949
1142
993
993
994
988
987
985
4445
4461
4471
4440
4440
959
962
948
1369
954
993
988
983
4434
4461
4480
4481
4438
959
959
949
949
948
957
957
993
994
4628
4842
4434
4447
4446
4446
4468
4471
4472
4472
4475
4480
962
1369
957
954
1519
993
991
988
983
975
4434
4434
4461
4461
4471
4440
954
994
985
975
4434
4445
4471
4471
4480
4989
4441
4631
962
948
1188
957
1519
991
984
959
4842
4445
4472
4474
4476
4478
4440
948
948
1369
957
993
988
981
4842
4842
4433
4446
4461
4468
962
954
1519
1519
1519
993
994
990
988
4467
4461
4468
4471
4472
4474
4441
4441
977
957
957
985
984
4471
4472
4476
981
977
978
949
1188
1145
957
993
994
990
984
4446
4446
4440
4441
954
986
4842
4434
4446
4471
4479
4479
4478
4989
4631
3126
1188
1145
990
982
4434
4434
4433
4433
4433
4446
4445
4445
4467
4467
4468
4474
4441
4441
977
977
978
1188
957
993
984
4472
4479
4631
977
1188
957
993
993
995
990
989
984
981
4671
4672
4446
4446
4467
4472
4476
4990
1188
1519
989
986
984
4433
4433
4465
4470
4472
4477
4990
4443
4631
977
977
978
3126
955
995
980
4672
6547
4445
4468
4470
4479
3126
3126
1188
1145
956
995
984
4672
6547
4464
4467
4470
4478
4442
4441
978
1185
992
989
982
4671
4672
4470
4473
4479
4671
977
977
978
1187
955
984
4464
4476
4443
955
990
1025
984
6547
4477
4478
4990
979
1464
1188
956
1518
992
1170
4671
4672
6547
4465
4465
4465
4467
4479
4442
4630
980
977
977
3126
1145
955
992
990
1170
986
4467
4470
4477
4990
4443
978
956
956
982
4674
4671
4465
4467
4476
4443
4442
978
1187
955
992
1024
982
4673
6547
4464
4464
4465
4469
4470
4513
4512
4478
4674
1187
1187
1518
995
6547
4464
4469
4473
4477
4479
4442
4442
976
977
1464
1187
956
956
1518
1027
1170
1171
4672
4465
4465
4467
4470
4513
4515
1464
1464
1186
956
1520
1520
1170
1171
1025
1024
980
6547
6547
4467
4466
4470
4515
4442
4442
1187
956
1029
1026
4630
4672
4463
4462
4469
4470
4470
4657
4513
4442
980
979
1464
1186
956
995
4673
4937
4466
4656
979
1187
1170
1171
1036
982
1023
4674
4672
4462
4466
4657
4657
976
976
1464
1187
1186
1144
1028
1029
1029
1027
1170
4673
4466
4470
4657
4512
4991
4515
4514
1464
1187
1186
1518
1520
4463
4511
4510
4655
4657
4630
1520
1027
1027
4462
4462
4508
4466
4655
4526
4991
4515
4514
1032
1146
1026
1025
4674
4673
4510
4656
4525
976
1174
1144
1028
1029
1520
1040
1039
1037
1023
4937
4509
4512
4515
976
979
1464
1187
1029
1520
1025
1024
4673
4937
4463
4508
4523
4526
4512
4514
4630
1023
1022
1464
1028
1039
4673
4673
4518
4991
4514
1032
1040
1041
1036
1035
4674
4673
4511
4511
4510
4510
4514
1022
1186
1146
1028
1028
1028
1036
1024
4659
4673
1022
1187
1029
1521
1037
4517
4508
4508
4525
1022
1032
1187
1146
1028
1520
1040
1038
1035
4673
4518
4509
4510
4524
4526
4526
4527
4992
4514
1022
1464
1174
1039
1039
4937
4518
4462
4508
4521
4523
4528
4528
4632
1174
1148
1042
1036
1036
4673
4518
4509
4508
4527
4992
1022
1033
1174
1175
1036
4660
4517
4523
4525
4525
4514
1022
1148
1042
1043
1040
998
1038
1035
1035
4659
4525
4528
4529
1034
1031
1521
1521
1040
1036
4659
4517
4508
4521
4522
4522
4523
4524
4632
1031
1033
1174
1175
1172
1042
1043
1002
4518
4508
4508
4508
4484
4993
4992
4528
4529
4633
4659
1168
1168
1022
1033
1001
1036
4518
4509
4509
4525
4527
1034
1174
1148
1521
1035
4660
4518
4518
4508
4523
4489
4528
4632
1031
1033
1174
1148
1042
997
1001
1002
1007
1004
4659
4521
4522
4489
4529
4529
1168
1174
1175
1042
1043
1001
4660
4517
4522
4489
4503
4529
4633
1031
1172
1014
1043
1522
1007
1004
4661
4660
4517
4520
4521
4521
4522
4489
4484
4993
4992
1168
1174
1174
1004
4517
4509
4654
4522
4491
4529
1010
1174
1522
998
1004
4517
4516
4518
4521
4503
1168
1030
997
1004
4660
4519
4654
4522
4522
4491
4484
4485
4529
4529
1031
1030
1172
1172
1014
1002
1004
1035
4518
1030
1014
996
1002
4661
4517
4520
4521
4503
4500
1010
1031
1031
1147
1015
1015
1001
1006
4519
4497
4490
4492
4491
4634
1010
1031
1031
999
1002
1006
4661
4516
4654
4521
4490
4488
4488
4484
4484
4993
4500
4500
1173
1014
1015
997
4516
4519
4654
4521
4490
1047
1047
1030
1173
1018
1014
1008
4661
4516
4519
4497
4485
4503
4658
1031
1018
996
1000
1008
1008
4661
4519
4498
4498
4488
4634
1010
1012
1031
1173
1014
1015
1016
1006
1006
4658
4661
4495
4486
4484
4500
1008
1173
1147
1003
1003
4504
4505
4516
4497
4495
4492
4486
4484
4994
4500
4634
1012
1046
1030
1021
1173
1018
1018
1018
1017
996
1003
1008
1008
1009
4516
4516
4495
4495
4492
4492
4500
4634
1008
1523
4505
4516
4516
4519
4495
4495
4500
1046
1047
1018
1147
996
999
1051
1008
1008
4498
4495
4495
4994
4994
4502
4500
4634
4504
1012
1046
1018
1016
1006
4505
4495
4492
4500
1009
1011
1045
1021
1021
1147
1017
1523
1005
1005
4498
4492
4492
4487
4483
1013
1047
1021
1147
1063
1051
1050
4516
4531
4532
4532
4494
4493
4994
4500
4500
4634
4504
4504
1047
1021
1017
1016
1523
1523
1005
1005
4505
4531
4532
4495
4486
4994
4502
4501
4634
4634
4504
1047
1018
1018
1051
1050
4505
4531
4494
4492
4487
4486
4483
1011
1012
1046
1047
1021
1523
1009
4532
4532
4498
4495
4492
4487
1044
1021
1018
1147
1017
1017
1016
1523
1063
1050
4531
4496
4493
4486
4483
4501
4501
4504
1013
1013
1045
1047
1021
1021
1147
1017
1523
1063
4531
4532
4498
4494
4538
4486
4995
4502
4501
4634
4505
1046
1047
1020
1017
1009
4505
4531
4531
4531
4532
4493
4994
1045
1044
1052
1009
4494
4549
4550
4501
4501
4635
4507
4507
4504
4504
1044
1044
1020
1019
1147
1063
1063
1050
1009
4531
4531
4531
4530
4530
4532
4532
4533
4533
4496
4494
4994
1045
1045
1044
1020
1149
1017
1016
1060
1523
1051
1052
1070
1009
1009
4506
4496
4494
4538
4507
4507
1009
1045
1044
1020
1051
4531
4530
4494
4502
4501
4635
4507
1054
1013
1019
1059
1524
1070
4530
4533
4499
4496
4494
4494
4494
4537
4549
4501
4635
4507
1053
1045
1044
1020
1019
1149
1016
1060
1524
1051
4530
4530
4533
4494
4536
4536
4550
4995
4501
4501
4635
4507
4506
1053
1044
1044
1020
1149
1052
1070
4506
4530
4530
4533
4499
4496
4494
4555
4537
4550
4501
4507
4506
1053
1056
1044
1019
1060
1060
1062
1054
4506
4537
4544
4544
4545
4507
4507
4506
1045
1044
1060
1070
1070
4506
4506
4499
4496
4538
4536
1054
1056
1044
1044
1044
1044
1049
1150
1150
1060
1051
1065
4506
4506
4499
4496
4540
4539
4555
4555
4538
4995
4545
4635
4636
4507
4507
4506
1055
1370
1059
1060
1060
1062
1052
4530
4536
4536
4549
4545
1055
1056
1020
1370
1150
1059
1060
1064
4506
4555
4537
4548
4550
4545
4507
4506
1055
1048
1150
1070
1070
1054
1054
4530
4534
4542
4542
4541
4843
4535
1053
1055
1059
1064
1064
4534
4540
4539
4538
4544
4507
4507
1056
1048
1048
1370
1059
1059
1060
1062
1051
1067
1070
1069
4534
4540
4555
4537
4545
4636
4636
4843
1053
1055
1048
1150
1059
4535
4539
4555
4537
4550
4544
4545
1056
1049
1059
1058
1064
1066
1065
4535
4530
4541
4540
4548
4548
4545
4843
1053
1055
1048
1370
1059
1060
1061
1064
1067
1069
1054
4535
4542
4542
4540
4556
4555
4537
4548
4636
4535
1053
3475
1056
3473
1059
1060
1067
4554
4544
4535
1071
3475
3474
1370
1370
1151
1150
1057
1525
1064
1066
1065
4535
4534
4534
6873
4556
4556
4553
4553
4548
4843
3475
1065
1069
4535
4542
4547
4996
4546
4546
4545
4843
1068
1071
3473
3473
1151
1150
1058
1057
1061
1069
4541
4557
4554
4551
4547
3474
1371
1057
1057
1525
1067
4551
4548
4637
1074
1151
1081
6871
6873
6873
4557
4554
4553
4666
4552
4543
1071
3475
3474
1525
1061
1181
1067
1068
6872
4557
4554
4999
1074
3474
1151
1058
1058
1057
1057
1069
6872
4541
4554
4546
1086
1071
3474
1371
1058
1081
1067
1067
4637
6871
6873
4557
4554
4552
4548
4999
4637
1074
1179
3474
1057
1180
1085
4844
6871
4559
4557
4553
4667
4666
4546
4546
1074
1057
6873
4570
4568
4547
4543
4637
1071
1074
3474
1371
1371
1151
1151
1058
1081
1183
1068
4844
4571
4571
4568
1074
1074
1074
1151
1057
1082
1081
1183
6871
4557
4557
4553
4568
4546
1074
1179
1371
1058
1058
1183
1181
4844
4543
4546
1074
1179
1058
1057
1082
1180
4844
4844
4557
4557
4568
4637
4637
1073
1151
1527
1082
1085
4665
6873
4559
4570
4571
4567
4566
4546
1086
1073
1179
1179
1371
1058
1057
1527
1082
1082
1183
1181
1085
4637
4571
4667
4667
4666
4567
4566
4546
4637
1073
1179
1151
1151
1080
1180
4664
4844
4665
4560
4570
4568
4565
1086
1073
1074
1072
1080
1079
1082
1180
4637
4665
4566
1073
1151
1080
1057
1183
1180
4665
4570
4571
4667
4669
4567
4566
1073
1179
1527
1082
1081
1180
1180
4664
4664
4558
4571
4566
1073
1082
4560
4570
4568
4565
1176
1177
1079
1079
1527
4665
4570
4571
4670
1073
1073
1073
1072
1177
1153
1528
1091
1180
4662
4558
4570
4943
4943
4999
4566
4566
4566
1072
1153
1080
1079
1527
1091
1085
4640
4664
4662
4943
4943
4669
4669
4568
1073
1073
1072
1176
1526
1082
1469
1469
1084
4640
4664
4665
4560
4570
4570
4571
4577
4567
4565
1083
1176
1177
1153
1153
1082
1094
1184
1180
4560
4577
4999
4998
4566
1073
1177
1153
1080
1083
4640
4640
4662
4560
4570
4571
4571
1072
1528
1184
4664
4662
4585
4943
4668
4578
1073
1073
1073
1153
1527
1469
4571
4577
4578
4565
1099
1153
1526
1094
1184
1469
4639
4585
4585
4585
4943
4997
4565
1099
1178
1526
1084
4589
4560
4570
4943
4669
4577
4578
4998
1073
1176
1154
1154
1094
1184
1083
4638
4570
4569
4572
4669
4668
4577
1083
1178
1528
1091
1184
4572
4943
4668
4578
4998
4997
1102
1099
1152
1526
1526
1094
1469
4638
4663
4586
4943
4578
4639
1178
1178
1091
4638
4638
4589
4589
4569
4669
4639
4639
1083
1102
1102
1099
1103
1178
1154
1154
1091
1182
1469
1097
1097
1083
4663
4569
4997
1103
1178
1152
1528
1182
1184
4943
4669
4577
4577
4577
1083
1102
1099
1152
1526
1526
1182
4585
4569
4572
4943
4668
4579
4639
1102
1526
1094
1182
1184
4638
4589
4589
4585
4586
4569
4943
4639
1102
1099
1178
1154
1091
1083
4638
4663
4569
4569
4669
4998
4998
4997
1152
1154
1093
1468
1469
4569
4938
4639
4639
1099
1178
1152
1152
1088
1529
1470
1097
4845
4589
4585
4585
4585
4998
1102
1099
1094
4663
4572
4943
4938
4580
4579
4997
1103
1088
1089
1091
1182
1182
1468
4938
4577
4998
4997
1098
1101
1104
1178
1152
1529
1097
4663
4585
4586
4586
4940
4579
4997
4576
1099
1088
1465
1470
4590
4582
4940
4938
1101
1100
1104
1152
1156
1093
1465
4845
4590
4585
4582
4583
4583
1104
1372
1088
1092
1470
1470
1097
4585
4586
4942
4575
4575
1098
1098
1101
1156
1089
1089
1092
4642
4583
4583
4940
4579
5000
4576
4642
1100
1372
1088
1093
1097
4590
4587
4582
4582
4580
4642
1100
1104
1372
1529
1093
1092
1465
1465
1470
1097
1097
4642
4583
4942
4938
4938
4580
4579
4576
1100
1466
1097
4642
4642
4845
4845
4590
4587
4582
4583
4942
5000
4575
4575
1156
1088
1088
1088
1089
1092
1465
1097
4590
4587
4582
4583
4942
4938
4579
1098
1101
1101
1372
1372
1093
1465
1470
1097
4642
4845
4588
4588
4583
4940
4580
1372
1156
1156
1088
1089
1092
1097
4583
4942
5000
4575
4576
4576
1101
1101
1100
1075
1075
1156
1088
1088
1089
1529
1465
1097
4845
4590
4590
4588
4582
4583
4942
4938
4580
4576
1097
1101
1156
1156
1088
1529
1466
1470
4576
4642
4845
4583
5000
4576
4576
4576
1078
1156
1089
1109
1466
1096
4642
4590
4582
4942
4938
5000
1101
1100
1156
1156
1088
1089
1529
1109
4590
4588
4587
4582
4582
4583
4583
4947
4940
4938
4580
4579
4579
1095
1372
1372
1087
1112
1466
4590
4588
4942
4580
1078
1474
4846
4590
4583
4595
4574
4576
4573
1471
1471
1075
1372
1372
1156
1156
1087
1087
1531
1474
1096
4641
4944
4582
4939
5001
4573
1095
1471
1109
1467
1466
4590
4562
4587
4584
4583
4947
4595
1075
1155
1372
1156
1090
1466
4642
4562
4581
4947
4939
4941
4579
5001
4574
1078
1075
1531
1109
1109
1467
1466
4590
4590
4562
4582
4584
5001
4576
1087
1090
1531
1112
1096
1095
4641
4641
4581
4939
4595
1095
1471
1155
1155
1087
1090
1467
1466
1474
1474
4562
4944
5001
4573
4573
1075
1155
1155
1087
1112
1474
4846
4562
4581
4941
4596
1095
1095
1471
1531
1466
4561
4562
4584
4584
4939
4595
5001
1471
1471
1471
1155
1531
1112
1474
4641
4947
4939
4939
4595
4596
4574
4573
4573
1078
1075
1155
1155
1087
1087
1090
1112
1096
4641
4562
4944
4944
4584
4595
4596
1471
1078
1155
1087
1112
1110
1474
1474
4562
4574
4573
1075
1373
1373
1155
1155
1466
4561
4562
4581
4581
4584
4941
4596
4641
1096
1075
1087
1112
1466
1096
4561
4581
4581
4584
4939
4595
4596
4574
1471
1155
1531
1467
1095
4641
4561
4562
4581
4948
4945
4595
4596
4573
4641
1471
1155
1087
1087
1531
1466
1475
1475
4641
4846
4581
4595
4596
5001
4574
4573
1095
1471
1471
1078
1155
1111
1096
4561
4604
4581
4584
4584
5002
1095
1373
1373
1087
1087
1110
1466
4561
4944
4581
4581
4948
4945
4573
1471
1078
1075
1076
1373
1155
1155
1475
4561
4561
4584
4939
4598
4574
1471
1471
1077
1108
1110
1115
4643
4561
4581
4581
4584
4945
4598
4573
4641
1076
1076
1111
1111
1472
1472
1116
4643
4563
4563
4593
1107
1107
1107
1530
1110
1475
1475
4643
4846
4564
4562
4604
4581
4601
1471
1108
1475
4563
4562
4600
4601
5002
4592
4573
1116
1116
1076
1107
1107
1472
1115
4643
4604
4604
4600
4601
4946
4945
4597
4592
4593
1076
1158
1111
1473
4564
4604
4581
4948
4946
4945
4598
4598
1119
1077
1374
1107
1111
1110
1472
1115
4847
4563
4563
4600
4601
4597
4592
4592
4592
4593
4593
1119
1119
1158
1107
1108
1475
4643
4601
4946
1116
1158
1108
1530
1472
4564
4600
4601
4592
4593
4593
1119
1110
1110
1475
1115
4643
4604
4604
4600
4601
4945
4598
4597
4592
1076
1158
1107
1108
1530
1473
4847
4564
4604
1077
1374
1158
1107
1530
1127
1472
4643
4847
4564
4604
4600
4597
4597
4593
1119
1127
1473
1473
1475
4564
4564
4604
4601
4946
4598
4597
1119
1120
1127
1475
1114
4604
4601
4601
4946
4597
4593
1119
1076
1376
1107
1108
1530
1115
4594
4564
4600
4601
1116
1158
1105
1530
4564
4600
4601
4616
4616
4598
4597
4614
4593
4591
1118
1077
1127
1132
1475
1113
4644
4600
4601
4620
4946
4616
1118
1374
1473
1114
4564
4603
4605
4602
4613
4614
1118
1376
1106
1114
1113
4605
4599
4599
5003
1113
1157
1532
1532
1126
1132
1132
1113
4847
4620
4620
4594
1118
1076
1376
1106
1106
1105
1127
4605
4616
4616
4614
5003
1120
1376
1376
1126
1114
4644
4608
4591
4644
1118
1376
1157
1105
4564
4603
4599
4599
4602
4615
4616
4616
4594
1118
1117
1376
1376
1157
1132
1129
1135
1114
1113
4644
4608
4608
4605
4599
5003
1113
1117
1117
1120
1376
1157
1106
1106
1532
1532
1132
1129
4644
4608
4605
4602
4615
4591
1376
4608
4599
4599
4602
4614
1118
1120
1376
1157
1157
1106
1105
1532
1129
1114
4608
4599
4616
4594
4644
1118
1118
1118
1120
1376
1105
1127
1132
1132
1129
1114
1113
4644
4848
4602
4591
4594
1376
1376
1157
1105
1126
4848
4848
4608
4599
4620
4615
4615
4616
5003
4591
1117
1157
1135
4603
4603
4605
4599
4602
4620
4614
4594
1120
1376
1532
1532
1132
1129
1114
4848
4602
4615
5003
4644
1113
1118
1118
1118
1120
1127
1113
4605
4605
4599
4599
4602
4615
4616
4612
1117
1120
1375
1376
1124
1533
1533
1532
1131
1131
4608
4603
4599
5003
1118
1120
1126
1129
1133
1113
4848
4605
4599
4602
4594
4644
1120
1130
1133
4848
4603
4623
4605
4602
4615
4615
4612
5003
1118
1117
1375
1375
1124
1131
1113
4607
4603
4619
4615
4617
4610
1137
1124
1533
1130
1133
4611
4609
1375
1125
1128
1131
4599
4621
4617
4612
5004
4610
1122
1121
1159
1124
1124
1130
4645
4607
4606
4623
4619
4621
4617
4610
1137
1137
1124
1136
4607
4605
5004
4609
1137
1122
1375
1124
1123
1123
1125
1131
1130
1134
1133
4606
4603
4622
4621
1137
1122
1128
1130
4606
4623
4619
4621
4618
4612
4612
4610
4645
1137
1159
1124
1128
1134
1133
1133
4607
4619
4621
4617
4610
1122
1125
1130
1134
1136
4623
4622
4611
4611
1121
1375
1159
1124
1136
4645
4849
4606
4622
4621
4617
4612
4610
4609
1137
1159
1125
1125
1125
4623
4623
4622
4619
4610
3321
3176
3198
3181
1133
4849
4849
4607
4621
4621
4610
4609
1136
1137
3190
1134
4609
4623
4622
4619
4612
5004
1159
3176
3198
1125
1130
4849
4607
4619
4618
6579
1137
3176
1125
3180
3181
1133
4622
6580
4609
1137
3321
3198
3181
3181
4607
4623
4622
4621
6584
4618
6579
5004
3188
3193
3193
3175
3176
1125
3181
1134
4606
4619
6580
5004
6578
4609
1137
3190
3322
3322
3198
3181
3185
4849
6720
4606
4622
4622
4619
6578
4609
1137
3190
3193
3176
3180
3181
3188
3188
4849
4623
4621
6584
6580
3188
3321
3176
3181
4606
6590
4623
4622
4619
6584
6581
6579
6597
3190
3322
3321
3175
3198
3180
3179
3187
6590
6588
6579
6575
3188
3190
3176
3176
3181
3182
3185
6720
6720
6720
6588
6585
6581
6580
6593
3190
3322
3321
3198
3179
3188
6590
6588
6584
6584
6575
3190
3198
3179
3185
3188
6722
6590
6584
6579
6580
3190
3180
3187
6720
6584
6579
6578
6575
3322
3179
3188
6722
6590
6588
6588
6589
6579
6578
3190
3190
3321
3321
3175
3184
3181
3183
3187
3188
6720
6592
6592
6588
6585
6579
6575
3177
3198
3198
6720
6722
6590
6585
3190
3190
3190
3191
3192
3180
3180
3187
3187
6722
6588
6588
6589
6596
6593
3320
3321
3177
3198
3189
6720
6590
6588
6588
6582
6576
3190
3175
3184
3183
3189
3189
6722
6588
6583
6584
6579
3190
3191
3320
3177
3177
3196
3184
3187
6720
6592
6586
6589
6596
6575
6575
3190
3190
3195
3183
6592
6590
6590
6588
6582
6596
3324
3320
3194
3196
3195
3184
3186
6592
6590
6588
6606
6582
3191
3196
3186
3189
6722
6592
6596
6577
3197
3197
3197
3195
3184
3184
3189
6592
6590
6590
6586
6606
6598
6577
6576
3191
3191
3323
3194
3196
3183
6576
6594
6591
6586
6596
3323
3178
3196
3196
3195
3184
3186
3189
6724
6590
6595
6598
3191
3191
3324
3320
3194
3183
3186
6723
6587
6587
6583
6576
6576
3178
3177
3202
3195
3184
3184
3189
6724
6591
6583
6582
3191
3191
3191
3323
3202
3183
3186
6594
6591
6587
6598
6577
6576
3191
3324
3320
3210
3204
3184
6594
6721
6724
6723
6591
6606
6603
6595
6596
6596
3191
3320
3178
3177
3202
3201
3205
6721
6724
6586
6601
6598
6576
6594
3191
3320
3210
3211
3202
3183
3189
6591
6598
3208
3324
3325
3320
3200
3177
3206
3205
6594
6724
6723
6723
6591
6587
6586
6606
6576
6600
6594
3324
3325
3320
3320
3202
3201
3204
6721
6724
6724
6723
6591
6591
6587
6582
6601
6601
6602
6576
3209
3325
3320
3201
3205
3205
3209
6594
6726
6602
6600
6600
6594
3209
3210
3200
3211
3202
3204
6610
6725
6723
6608
6606
6603
6599
6600
3327
3325
3325
3210
3211
3204
6726
6591
6587
6586
6586
6601
6600
6594
3209
3326
3210
3200
3199
3199
3201
3201
6610
6726
6608
6603
6604
6601
6601
6600
6610
3199
3202
3205
3328
6725
6725
6726
6609
6609
6591
6603
6602
6602
6600
6600
3208
3326
3210
3210
3435
3332
3203
3330
6610
6725
6605
6601
6599
6599
6600
3470
3325
3200
3436
3332
3205
6610
6610
6735
6736
6608
6605
6605
6604
6601
6602
6600
6600
3327
3336
3326
3325
3433
3435
3436
3203
3331
3205
6610
6726
6608
6611
6599
6600
3328
3334
3435
3436
3332
3332
3332
6610
6609
6609
6609
6608
6605
6601
6602
6611
6611
6600
3470
3210
3433
3436
3332
3328
6610
6733
6609
6608
6731
6604
6731
6610
3328
3334
3433
3435
3436
3436
3331
3330
3329
3329
6725
6736
6608
6605
6730
6602
6837
6599
6600
6600
6610
3328
3335
3333
3333
3435
3437
3332
3331
3329
6735
6735
6736
6736
6609
6608
6608
6729
3336
3336
3335
3334
3433
3434
3436
3436
6734
6736
6608
6729
6730
6837
3328
3334
3433
3435
3436
3332
3331
3330
3330
3329
3329
6833
6733
6609
6609
6608
6729
6728
6731
6731
6836
6836
6834
6833
6833
3470
3401
3335
3333
3433
3435
3331
3330
3329
6833
6733
6735
6736
6608
6729
6730
6730
6731
6837
6837
6833
3336
3400
3333
3435
3437
3332
6833
6801
6736
6736
6870
6608
6729
6729
6836
6836
6833
6833
6833
3401
3402
3334
3436
3329
3336
6801
6801
6736
6729
6729
6731
6794
6837
6834
3400
3333
3433
3416
3434
3417
3437
3436
3332
3392
3329
3329
3328
6734
6802
6766
6800
6729
6729
6728
6836
6837
6833
6833
6833
3401
3401
3402
3433
3394
3393
3391
3329
3329
3381
6800
6870
6729
6728
6728
6728
6732
6732
6833
6818
3366
3333
3417
3394
3391
3329
3380
6802
6802
6766
6767
6870
6732
6732
6732
6837
6833
3400
3365
3402
3419
3418
3393
3393
3392
3381
3371
6766
6800
6800
6729
6729
6728
6732
6732
6793
6731
6794
6837
6818
3365
3402
3419
3416
3396
3394
3391
3382
3329
6819
6765
6870
6729
6732
6837
6834
6819
3371
3366
3339
3418
3393
3393
3393
3380
6766
6767
6800
6728
6728
6793
6794
6794
6816
6816
6816
6818
6819
3339
3402
3391
3381
3381
3381
3381
6819
6802
6800
6800
6780
6781
6781
6782
6791
6793
6819
3402
3419
3418
3418
3415
3396
3394
3392
3381
6765
6765
6766
6767
6767
6781
6781
6782
6795
6818
3367
3366
3342
3365
3365
3419
3416
3396
3394
3393
3393
3381
3380
3380
3371
3367
6819
6819
6800
6800
6780
6781
6791
6793
6794
6818
6819
3339
3410
3396
3384
3381
3381
3380
6765
6765
6766
6791
6793
6794
6795
6816
6818
6818
6819
6803
3342
3365
3405
3405
3416
3394
3394
3388
3393
3381
6780
6781
6782
6793
6816
6818
6819
6806
3342
3410
3410
3415
6780
6780
6793
6794
6795
6817
6813
6811
6803
6739
6767
6800
3338
3337
3340
3403
3395
3388
3388
3384
3376
3375
3372
6781
6791
6786
6795
6817
6813
6813
6818
3344
3338
3340
3398
3405
3410
3412
3415
3387
3388
3381
3380
3372
6780
6780
6779
6793
6794
6794
6817
6806
6806
6738
6739
6741
6741
6768
6768
6771
6771
3368
3337
3405
3415
3395
3376
6745
6771
6780
6780
6782
6786
6796
6813
6811
6739
3341
3292
3293
3403
3403
3405
3410
3395
3387
3388
3384
3384
3372
3368
6737
6739
6768
6771
6774
6794
6795
6813
6811
6803
6798
6738
3304
3337
3340
3398
3415
3383
3377
3375
6740
6742
6768
6768
6769
6772
6780
6786
6796
6814
6811
6811
6804
6737
3292
3292
3293
3403
3405
3405
3410
3412
3415
3293
3337
3399
3403
3406
3397
3378
3377
3375
3372
3369
3369
3345
3343
3304
3293
6740
6745
6745
6776
6786
6796
6796
6799
6738
6737
6744
6769
6772
6780
6776
6787
6796
6814
6813
6811
6804
6737
3346
3232
3233
3293
3337
3406
3411
3415
3390
3387
3387
3378
3377
6740
6740
6745
6768
6772
6780
6778
6776
6786
6796
6796
6814
6811
6804
6752
6738
6737
3345
3304
3304
3233
3293
3340
3340
3398
3403
3411
3397
3374
3373
3369
6693
6742
6747
6747
6772
6778
6789
6796
6814
6799
6737
3248
3232
3235
3234
3293
3351
3351
3413
3387
3387
3387
3379
3378
3374
3369
6742
6748
6770
6773
6775
6779
6787
6789
6796
6814
6810
6805
6805
6808
6752
6632
3305
3304
3304
3232
3235
3234
3237
3293
3340
3399
3404
3408
3411
3411
3413
3390
3383
3373
3369
3345
6815
6810
6804
6695
6692
3406
3397
3387
3387
3386
3370
3345
3248
3235
3217
3234
3404
3408
6649
6632
6693
6647
6704
6744
6719
6747
6773
6775
6778
6776
6786
6787
6789
6789
6797
6633
6632
6649
6649
6744
6770
6770
6778
6777
6787
6789
6797
6814
6832
6831
6799
6751
6635
3305
3257
3250
3243
3236
3293
3399
3408
3409
3409
3431
3429
3386
3379
3374
3373
3370
3370
3348
3347
3345
3221
6633
6649
6642
6647
6704
6705
6705
6719
6748
6748
6749
6749
6749
6778
6778
6777
6777
6784
6797
6815
6805
6808
6695
6634
3280
3256
3256
3257
3219
3219
3293
3351
3352
3404
3408
3411
3413
3397
3378
3370
3347
3345
3280
3351
3399
3404
3408
3408
3430
3429
3428
3378
3422
3373
3370
3347
3319
3319
3280
3270
3228
3247
3249
3243
3221
3216
3219
3219
3236
3237
6651
6648
6647
6656
6656
6715
6719
6719
6748
6748
6749
6770
6821
6773
6778
6786
6783
6788
6815
6815
6809
6808
6807
6635
6634
6694
6832
6832
6845
6807
6752
6752
6695
6694
6616
6616
6620
6700
6615
6628
6628
6715
6668
6711
6719
6719
6748
6749
6822
6778
6777
6789
6797
3227
3285
3285
3307
3212
3222
3222
3221
3216
3216
3219
3237
3295
3351
3352
3432
3462
3461
3425
3424
3423
3422
3370
3348
3348
3347
3319
3316
3351
3399
3445
3445
3450
3432
3429
3462
3459
3426
3378
3349
3347
3270
3228
3212
3222
3221
3221
3221
3216
3219
3219
6808
6636
6694
6696
6700
6615
6615
6715
6668
6750
6749
6749
6770
6770
6822
6777
6783
6797
6751
6639
6696
6620
6700
6706
6628
6628
6668
6711
6681
6716
6763
6749
6770
6820
6821
6778
6825
6784
6783
6797
6830
6850
3432
3430
3462
3424
3454
3373
3290
3270
3265
3307
3307
3212
3222
3221
3252
3216
3216
3239
3353
3352
3316
6809
6754
6753
6698
6636
6694
6694
6696
6661
6631
3230
3265
3307
3307
3212
3222
3222
3221
3216
3216
3296
3219
3240
3237
3295
3438
3438
6715
6668
6682
6681
6763
6758
6750
6749
6770
6821
6822
6846
6778
6788
6788
6828
3449
3449
3432
3461
3460
3426
3423
3446
3442
3441
3358
3316
3290
3227
3227
3265
3216
3296
3298
3353
3354
3448
3462
3464
3458
6698
6706
6631
6631
6676
6668
6758
6841
6824
6826
6828
3227
3289
3279
3265
3306
3212
3255
3222
3216
3296
3457
3463
6640
6652
6661
6676
6712
6681
6717
6757
6841
6822
6853
6824
6825
6827
6826
6826
6620
6620
2446
2465
2549
2636
2454
2403
6228
6227
6225
6207
2703
726
586
586
3815
410
410
553
4008
4010
333
3055
523
523
3815
1281
805
1825
1825
586
1299
586
4780
1882
4252
726
5020
1988
2252
2252
6194
6194
2722
5720
6223
5655
5794
1453
1162
2332
6060
2403
6094
5901
5915
2503
5796
5892
2409
5897
2457
5897
2580
5929
2430
6040
2446
6651
6616
6749
3238
2430
2395
2454
2442
6228
2254
3910
5877
2465
2362
5885
2464
5924
2446
2636
1271
2749
2748
5922
6041
2365
2403
2366
2454
2443
2350
2443
2457
5897
2685
2685
2488
2761
2126
2040
2182
2166
2761
2748
5917
5922
5874
5876
5925
5899
5901
5885
5874
6041
6029
6368
6419
6419
1250
2827
769
769
769
769
768
4254
3174
4735
4255
769
768
3017
3018
767
3025
3021
3174
6299
766
6289
4732
4256
4256
2827
766
4695
178
3760
3763
412
413
248
178
415
248
250
3760
413
415
251
251
250
6340
5273
5311
5285
6471
5291
6471
5343
5343
5283
