6156
6086
6067
6097
6419
5084
3557
2970
3767
5501
978
1081
110
1081
1081
110
107
107
107
1086
1086
110
110
4298
107
1081
1081
1086
110
4298
1187
4303
4303
102
1084
1086
3266
1187
1187
4298
4275
102
1058
1081
1088
3266
4301
1187
1187
6397
4275
1084
1084
1088
3266
1183
6397
6397
6397
1058
1058
1061
1088
3266
3266
4301
4278
4278
1084
3273
1183
6397
4275
4273
1088
3269
6397
6397
4278
4273
102
1058
1070
3273
3273
1183
1183
6403
4278
4275
1057
1061
1065
1070
1074
3273
3266
6399
4291
4290
1055
3269
4290
3269
6399
6400
6403
4291
4273
98
1055
1065
1074
1076
1076
3273
3268
3269
1183
6403
4278
4272
4273
1057
1183
6399
6400
1057
1074
3268
3268
3269
6403
4291
4282
4273
98
1062
1065
1070
1076
3269
3269
4279
3327
93
1072
1074
3269
4285
4272
1010
1071
1076
3268
3268
1183
6400
6400
4296
4285
1055
1055
1062
3268
1183
6400
4266
1062
6399
6328
6400
4296
4279
4231
1013
1071
1072
3271
3268
3198
1178
4282
93
93
1064
3198
1178
6328
6328
4281
1010
1013
1014
1062
1072
1072
1049
3271
3268
6403
4296
6328
6400
6400
4231
4230
3327
1010
1062
1064
1064
1049
6328
4266
4259
4237
4232
1014
3271
3271
3205
3268
3198
1178
93
1009
1042
1047
6328
6400
4281
4231
1064
1049
3198
1178
6335
6335
4264
4237
91
1009
1014
1178
6328
6332
4232
4230
4226
1046
3205
3205
3198
1178
6335
4263
4264
4259
4233
1009
1011
1015
1021
1040
3271
3271
1178
6335
6332
1020
6328
6319
6332
4238
89
1009
1020
1044
3271
3205
6335
6332
4258
4233
1021
1040
3203
3206
3205
1178
6336
4255
4164
947
1046
3205
3198
4238
4228
4228
1011
1012
1017
1040
1044
3203
3206
3198
1178
6319
6336
4222
3206
6336
4261
4255
4216
89
947
1032
3205
6336
4261
4222
4164
1008
1039
1044
3203
6320
6320
4256
4221
948
948
1017
3205
3198
3197
1177
6319
6319
6336
4249
4220
4216
4216
4213
1012
1007
1045
4255
4225
4222
4220
4216
1007
1045
6319
6336
4249
4166
947
999
1003
1004
1008
3206
3190
6325
4262
4221
4215
999
1007
1032
3207
3194
3194
3197
6331
6331
4246
4249
4256
4225
4220
4165
4213
87
948
948
948
3194
3197
6320
6324
6331
4246
4256
948
999
1007
1022
1032
3207
1177
6319
6319
6320
4252
4246
4225
4224
4218
4220
4215
948
998
1045
3187
6319
4246
4247
4220
4213
998
1000
1000
1030
1039
3190
3197
4239
4215
4214
1004
1022
3186
3193
3194
3197
6325
4245
4246
4249
4239
4218
4215
4215
997
998
1006
1022
1032
3207
6326
6316
4246
4244
4224
4217
4214
86
1027
1032
1032
1032
3196
6319
6324
6331
4252
4211
4246
4244
4245
4239
4182
997
997
998
1000
1030
1029
1027
3177
3187
6305
6314
4239
4215
4215
86
998
998
1000
1002
1030
1029
1029
3180
3186
3187
1177
6307
6316
4210
4211
4246
4247
4211
4244
4243
4243
4189
4219
4217
4215
4214
998
1006
3180
3196
3177
6305
6316
4217
4183
4183
4183
4214
4182
4182
998
998
1022
1026
1027
1027
1034
3186
3187
1174
6326
6316
4250
86
997
1006
3180
3196
6326
6316
4250
4181
4182
4182
946
964
966
1000
1000
3196
3174
3187
1174
6305
6311
4210
4250
1033
4217
4183
85
997
966
1000
1002
1025
1030
3180
1174
6307
6326
6312
4211
4244
4243
4242
1033
4189
4183
4181
946
964
1022
991
3179
3180
3180
3174
6316
4243
4208
4188
4183
4181
85
945
1027
1027
1033
1034
3180
3180
3181
6315
6301
6311
6309
6308
4250
4211
4208
4189
4180
4162
85
964
964
961
1025
3174
3173
6312
4242
4185
4183
946
961
963
967
3179
3179
3180
3180
3178
6310
6310
6309
4211
4242
4162
4160
1025
1025
991
3178
3181
3196
3174
1174
4209
4212
6309
4209
6309
4202
4179
4162
963
970
991
3180
3180
6303
6315
4201
4188
4185
4160
945
945
3178
984
3180
3173
6308
4212
4209
6309
4208
4190
4180
4179
3180
3180
3178
3180
3185
6301
6308
6309
4204
6309
4204
4184
4180
964
961
969
1025
984
3178
3178
3173
6303
6315
4204
4208
4204
4209
4203
4160
967
3180
3185
3174
6297
6298
4203
4209
4173
4169
4179
4162
4161
941
985
985
3180
3180
3179
3179
6298
6308
4201
4203
4205
4202
941
961
961
968
3180
984
984
1167
4204
4204
4204
4202
4202
4184
4180
82
81
968
969
985
977
3180
3180
984
3179
3170
3164
6303
6303
6315
6298
6300
4203
4207
4194
4190
4172
4161
81
941
3178
3167
6308
6308
4200
4196
4169
4178
4159
4159
942
967
960
6297
4203
4207
4207
4203
4207
4207
4190
4173
4161
941
952
955
969
977
977
3180
984
984
979
3171
4200
4203
4194
4169
4159
4159
81
82
941
954
977
977
3179
3170
3164
6293
6298
6300
3180
4177
4172
4169
941
961
954
977
3170
3170
3171
3167
6291
4203
978
4192
4167
4167
81
81
942
977
977
979
3171
1167
6293
6298
6299
4200
4203
4198
4195
4207
4207
4158
952
955
960
977
977
978
979
984
3161
4196
4203
4203
4207
4194
4173
4170
4157
79
80
941
961
953
978
979
984
6293
6292
6292
4194
4192
4171
79
80
939
940
967
978
3167
1167
6293
4195
4198
4177
4168
4169
4167
4156
940
950
956
975
975
978
3171
3166
6291
6292
6299
4198
4199
4195
4192
79
939
953
978
978
3170
6293
6292
4199
4192
4171
4156
4156
78
939
952
978
978
979
3167
3161
6291
4119
4103
4170
4099
818
3163
3166
3161
1165
6291
6293
6299
4192
78
78
950
953
953
975
975
1164
6229
4198
4125
4199
4175
4168
882
952
978
979
3170
3166
3166
6230
4103
4170
956
1164
1164
6228
6229
6230
4197
4119
4175
4096
4156
818
975
979
3160
3160
4125
4119
4103
4103
4099
63
63
63
879
951
953
959
978
3160
1164
1164
978
982
3169
6230
4198
4125
4102
4197
4175
4098
818
951
983
3169
3163
3160
6228
4094
63
882
879
982
1163
6222
4103
4096
4099
63
62
818
978
982
983
1163
6226
6226
4124
4124
4123
4116
4117
4103
4099
4094
62
958
983
6213
6213
4096
62
882
951
959
903
3163
3163
3160
6222
4117
4103
4094
62
62
877
978
1163
4124
4124
4116
4098
4096
62
879
881
6213
4104
4101
4094
4093
958
902
3160
3160
6215
6214
4123
4117
4097
4099
4093
876
882
881
884
903
909
980
980
3163
6215
6214
4124
4113
4123
4104
902
903
1162
1162
6222
4114
4095
878
909
980
3160
4101
4097
4093
881
884
3100
3098
6214
4113
4113
4114
4108
4097
60
876
881
884
3083
4108
4104
4095
60
878
904
980
6211
4104
4093
876
876
904
6215
6220
4114
4108
4097
60
884
900
904
908
3083
1162
4104
4104
4092
876
864
874
3100
3098
6215
4115
4106
4091
4095
4079
3097
3100
6211
6212
6220
4109
4107
4105
72
876
878
908
3096
1159
4109
4109
4092
4079
863
874
900
907
3083
6217
4115
72
878
904
3097
3084
1159
6221
4084
4079
862
863
3085
4315
4109
4107
4088
4089
4080
3090
863
874
899
904
3084
4109
4088
4092
4084
4080
73
72
874
874
907
896
898
3087
1155
6212
6221
4110
4053
3086
1156
1150
6218
4088
4083
4089
4084
4080
73
863
874
874
3087
3091
6217
4071
4053
4049
865
863
893
6161
6223
6219
4082
867
906
3103
3086
4071
4071
4055
4053
4036
4089
4082
75
898
1155
6160
6161
6219
4049
75
906
893
3103
3093
3029
6223
6233
6219
6231
4049
4089
75
75
865
867
867
875
891
897
3104
3103
3033
3032
4054
4036
4083
4082
895
898
3102
6233
4073
4073
4073
4048
891
897
3103
3093
3033
3032
6160
6181
6234
4089
872
75
867
6234
4051
875
889
893
895
854
3094
3048
6175
6224
6181
6233
6232
6234
4073
4068
4050
4083
77
77
872
869
835
893
3102
3106
3102
3094
3048
3027
6160
4044
4048
67
872
872
889
854
3104
6224
6180
4073
854
3102
6179
6232
6236
6180
4073
4068
67
868
870
835
3056
3094
3032
3027
6179
4073
4051
4044
3941
4042
67
870
836
855
3056
3106
6175
6164
6178
6180
6180
4048
64
832
3065
3052
3047
3047
3048
3032
6160
6183
4068
4044
854
3050
3052
6182
6236
69
835
3048
3034
3027
1158
6175
6178
4067
4061
4068
4059
837
3050
3057
3057
3065
3065
3052
3047
6180
4077
4038
823
824
832
837
852
860
3057
3047
3046
6164
6182
6184
6236
6186
4067
3941
4038
3052
3052
3034
6178
6182
3942
831
829
3077
1157
1157
6166
6183
6187
4077
4067
4038
823
824
826
829
3080
6176
6184
6187
4075
828
852
852
860
861
3059
3077
3046
3035
6173
6187
4078
3956
3956
4059
4045
860
3060
3061
6166
6183
6187
6187
4078
3938
823
724
861
3061
3080
3080
3077
3044
3034
3039
6176
6174
6182
6184
6209
4075
4075
822
829
844
861
922
3035
6194
4139
4139
4136
4045
3062
3080
3044
3040
3035
1157
6173
6183
4074
4075
3959
3955
3944
3935
844
844
3060
3061
3062
6166
6170
4065
58
829
858
861
922
3077
3040
6209
6209
6183
6194
6191
4139
4135
828
922
922
3060
3080
3039
6174
4141
4074
4065
721
847
850
922
922
923
923
3068
3035
1148
5644
6173
6170
6209
6191
4141
4135
4130
4065
3935
3935
3936
720
3060
3060
3110
3112
3062
3070
6209
6194
6241
4139
4141
3959
3947
58
828
841
858
924
923
3070
3068
3041
3040
6174
6194
4065
919
924
923
6166
6209
6209
4138
4135
3940
847
849
3122
3062
3070
3068
3041
2516
3035
3035
6170
6174
6205
6194
6239
4135
4065
3931
849
923
3040
2516
6170
6174
6239
4141
4130
3959
3959
3936
841
924
924
923
3114
3122
3070
3068
5644
6200
6205
6193
6241
6241
6239
4138
4138
3940
55
720
726
857
3107
3112
3112
3063
3069
3041
1148
4141
4065
3933
847
846
849
849
3070
2512
6172
6172
6193
4138
4142
4128
4128
3931
841
3114
3114
3118
3063
3069
2512
5642
5649
6205
4128
55
857
921
3126
2519
3040
3040
5649
6200
6193
6193
6237
4135
3958
3957
3957
3933
55
720
921
921
3114
3114
3118
3063
1148
5642
6172
6172
6204
6239
6239
4128
713
722
847
857
3114
3118
3063
6245
4138
4142
4131
3978
3933
848
848
913
3115
3115
3042
2512
6200
6248
6239
6237
4144
4128
3126
3042
2519
2516
5648
6172
6206
6245
4131
3957
3946
738
846
913
921
3116
3126
3127
3072
3069
2517
1147
5648
6172
6204
6239
3946
716
730
736
848
920
3042
5642
6197
6206
6256
6248
6237
4150
3978
3958
3325
713
846
3117
3119
3119
2512
5648
6172
6197
4144
4131
713
913
913
920
927
927
2520
2516
6204
6203
6256
6245
4131
4129
3978
3325
715
730
3116
3117
3128
3127
3072
2510
4144
3975
3949
3895
848
914
3119
3072
2530
1147
5647
5648
6204
6247
4144
4129
3895
54
736
911
3116
3127
3072
2517
2516
2503
5642
6172
6172
6197
6203
6206
6256
6250
6248
6247
6245
4150
4150
4134
4134
712
742
911
920
927
3116
3152
3152
3128
2530
2510
3978
911
911
914
927
3119
6206
6249
6249
6279
4144
4144
736
742
927
2530
2517
2504
5642
5650
5650
5660
6206
6258
6250
3975
3949
3325
54
54
911
914
927
3130
3124
2531
2531
2520
2503
5647
6172
6203
4144
6278
4150
4134
4132
3894
3889
712
715
736
761
926
3119
3119
3133
3130
2532
2510
5650
5660
6250
4134
3975
932
3152
1147
5642
6258
6278
3978
915
3156
3124
2529
5650
5641
5660
6203
6258
6263
6285
6279
4132
3976
3962
3894
54
675
691
742
915
915
934
927
3151
3155
2531
2504
2478
6203
5661
6258
6249
4151
3978
3962
49
733
761
915
3152
3133
3124
2508
5647
6278
4133
3889
669
715
761
915
916
932
934
3130
2532
2509
2504
5634
5647
5650
5660
6285
6281
4133
3986
3894
733
3150
3155
3130
3124
2529
1145
6281
6280
3976
3894
915
2535
2508
2504
2478
5634
5650
5641
5659
6260
6258
6263
6273
6285
3909
677
915
916
916
3151
3156
3143
2532
2504
5639
6280
4133
3976
3889
49
49
675
759
932
934
934
3136
3071
2535
2529
2509
5659
5661
6254
6260
6262
6280
4151
4133
3986
3986
3962
3894
3889
669
759
3155
3157
5634
5639
6263
6286
6281
6280
3911
691
691
733
772
931
3150
3151
3156
3157
2535
2523
2506
2504
1145
5639
5641
5659
6265
6273
3909
733
759
769
3071
2535
2505
5634
5639
6254
6286
3966
3911
672
756
931
3134
3150
3154
3143
2511
5659
5661
6260
6287
6265
6273
6283
4154
4146
3986
3977
49
677
768
3125
5634
5641
6287
6273
6283
4154
3986
3962
3889
756
769
3154
3154
3142
3136
3136
3157
2506
2504
2475
2475
5608
5639
6254
6265
4146
4147
3965
3857
3857
672
694
772
3150
2523
5636
6201
6287
6283
6283
6270
3977
669
749
931
3134
3142
3125
2535
2523
2511
2505
5634
5664
3986
3912
3912
768
3136
5641
6201
6255
6259
6265
6266
6283
4146
3985
3965
3965
3909
3853
677
692
745
768
772
3136
3157
2522
2504
2475
5608
5636
6287
6273
6275
6270
4154
4147
3973
3910
3857
48
669
745
749
756
768
772
3140
3144
3157
3157
3129
2533
2505
5636
5651
5651
6287
6283
749
772
935
3153
3145
3142
3125
2533
2521
2511
5641
5664
6255
6287
6265
3985
692
751
768
3144
2505
5607
6259
6266
6272
6343
4153
3973
3909
3855
3853
677
693
772
935
3140
3153
3144
3144
3141
2522
2479
2474
5635
5651
6287
6287
3987
3987
3905
3905
3909
48
669
693
704
751
772
3142
2479
5600
5664
5666
6261
6288
6343
3971
3973
3918
48
636
751
772
3138
3145
3131
2522
2474
5607
5624
5651
6274
6274
6268
4153
3987
3985
3856
3855
3853
681
746
751
751
3139
3147
3158
3131
3129
2536
2480
2479
5600
5651
6255
6259
6287
6275
6343
3987
3971
47
640
692
751
3137
3138
3139
3147
2533
2495
2521
1144
5635
5651
5664
5725
6261
6288
6272
6269
3918
3897
3856
752
755
772
3145
3145
3141
2536
2481
2479
6288
6288
6340
4153
3997
3987
3971
3968
3855
3850
704
701
701
751
751
772
784
3144
2589
5607
5610
5624
5656
5725
6276
3973
3973
3850
684
751
777
3214
3214
2595
2476
5656
5725
5725
6344
6340
6268
3968
3918
3905
3856
681
693
704
751
734
752
3212
3131
1144
5652
5719
5725
6288
6274
6340
6269
4155
3973
3918
701
751
3158
3158
2533
2495
2492
2469
2468
5599
5652
6288
6340
3997
3982
636
640
684
3137
3212
3212
3158
2596
5600
5719
5725
5724
5725
6274
3979
3968
3902
3902
3897
3856
3848
704
752
762
784
3147
3147
2596
2589
2501
2480
2469
5610
6288
6271
6276
6340
6269
4001
3850
633
679
693
701
735
735
752
779
777
3214
3214
3147
2481
2476
2468
5624
5656
5656
5724
5725
6344
6344
3979
3918
3848
46
679
703
735
710
762
779
3212
2596
2595
2495
2492
3982
3979
3906
634
689
784
784
3212
3212
3214
3214
2596
2596
2468
1143
5600
5719
5724
5724
6271
6345
6340
6340
2589
2501
2468
5610
5604
5622
5626
5719
5724
5706
5724
6340
3988
3979
3900
3856
3845
693
703
710
752
779
3147
3158
2596
2486
2469
5626
5630
6345
6346
4267
5689
3906
3902
3896
3848
3844
3850
679
654
703
708
753
779
779
3209
3212
3147
4267
4001
4001
46
631
687
784
3147
2623
2596
2592
2592
2470
2471
5599
5600
5604
5751
6271
6339
6339
3982
3979
5689
3970
687
710
1050
3209
3147
2501
2467
5610
5724
5706
5706
6271
6345
6346
6340
2587
2501
2486
2467
1143
6345
6339
3982
3970
3900
3896
3848
631
679
654
687
702
753
753
710
3214
2623
2626
5707
5714
5756
6339
4002
3982
3856
3845
3844
46
631
687
708
710
734
734
762
1050
3209
3209
2623
2594
2594
2587
2468
5604
5622
5626
5626
5628
2486
2471
5599
5598
5706
5751
5756
3979
3926
3900
3844
627
631
735
735
785
3211
3216
3215
2626
2623
5714
6341
6341
3993
3995
3970
3902
3871
3856
652
687
702
711
711
779
3220
3147
2501
2470
2468
5598
5630
5630
5706
6339
4002
3982
3849
3844
702
735
779
2623
5618
5707
5748
6345
6345
6341
4269
3971
3926
3866
3865
3846
649
654
2548
711
734
774
785
3216
2594
2594
2587
2587
1141
1141
5604
5622
5684
5705
5748
6349
3971
3900
3849
44
46
628
631
663
702
774
3209
3216
3215
2626
2621
2594
2487
2435
2467
2467
5599
5598
5618
5705
2501
2436
5630
5628
5707
5707
5707
5748
6341
6341
6341
5713
3902
3846
652
663
696
696
2548
734
789
785
3220
3220
3216
2618
6345
4002
3995
3971
627
627
641
702
2559
2556
3220
3217
2489
1141
5602
5630
5748
6341
6349
5713
3914
3871
3846
651
696
706
2568
3211
2626
2594
2575
2575
2486
2470
5705
4269
4269
3993
3862
3846
3817
650
663
2547
774
3217
2618
2499
2487
2436
2435
5599
5601
5618
5618
5629
5684
5748
6347
5707
6345
6345
6349
5690
5691
3879
3849
3815
44
628
665
2559
2559
2568
789
3220
3220
3211
3222
2575
2552
2458
5598
5705
5703
6347
6349
5713
3914
3862
3858
3846
632
641
696
668
2568
774
792
3220
3222
3217
2618
2465
1141
5558
5630
5693
5715
5748
6354
6349
4269
4009
5691
3817
651
651
665
668
2559
783
783
3220
2626
2489
2435
5602
5618
5682
5684
6347
6347
6354
6349
4000
5690
5685
3879
3879
3862
3858
3849
663
706
2568
3220
3224
2575
2458
2435
5615
5629
5707
5752
4000
5713
3883
3849
632
651
658
2547
2568
3220
3220
2618
2586
2552
2458
2458
2436
5566
5566
5601
5621
5693
5704
5707
5787
6354
3914
3817
3817
598
643
651
662
668
792
3224
3222
3217
2624
2551
2575
2499
2487
2465
5566
5615
5693
5707
5715
5752
5782
6351
6354
6354
5727
3883
3870
3849
3847
3846
3817
3815
41
632
653
668
2547
2556
2549
2558
3217
2565
2435
5601
5589
5693
5703
6355
3990
5727
3914
3847
651
662
2569
2568
783
792
3220
3220
3220
3224
3217
2586
2491
1140
5682
5682
5676
5787
6355
6356
4009
3860
3858
601
651
658
665
2558
2597
2597
803
3217
2618
2586
2551
2457
2487
2458
2434
2428
2435
5558
5567
5589
5621
5676
5693
6357
6355
6356
4020
4000
4000
5727
5702
653
658
2538
2570
3224
3217
2624
2483
2434
5566
5601
5615
5621
5669
5734
5782
5816
6355
5702
3870
3859
3817
643
655
668
2538
2569
793
3226
3225
3224
2551
2483
2432
2465
5566
5589
5620
5669
5676
5752
5787
5787
6360
3992
3914
3847
3815
653
668
782
3225
3217
2586
2550
2491
2435
2427
5589
5668
5667
6355
6355
6364
5727
5727
3847
3816
41
600
644
658
2567
2570
2597
793
792
3226
3224
2624
2617
2458
1140
5560
5567
5567
5621
5620
6355
4020
3992
5727
5667
3860
3816
655
665
2572
2597
2597
803
3224
2656
2585
2550
2457
2428
5558
5576
5710
5749
5752
5788
5816
4003
3992
5667
3878
3878
3864
3859
41
601
643
668
782
803
2483
2459
2431
2431
2432
2427
1140
5567
5569
5589
5592
5669
5668
5710
5734
6359
5730
2444
2459
2459
5588
5588
5620
5667
3874
3818
655
661
2463
2538
2542
3231
3226
3225
3227
2653
2585
6362
4003
5731
2459
2434
2428
2428
5558
5559
5560
5667
3878
3825
3817
607
609
655
655
2617
2585
5744
5788
5815
5768
5784
6360
6362
3992
5761
5668
5668
3860
41
600
659
2448
2567
2570
803
802
803
3229
3229
2625
5784
6359
6364
5731
2444
2432
2428
2428
1140
5561
5569
5585
5588
5592
5576
5668
3878
3818
3816
3815
41
661
2440
2542
2631
793
2656
2607
2585
4026
4024
5730
5731
2444
5620
5582
3884
3864
599
601
2463
2543
2597
782
3231
3227
2585
5733
6360
5733
5744
5768
5784
5789
6362
6370
4024
2448
2431
2430
1140
5559
5562
5585
5584
5592
3814
609
646
655
2574
2572
2597
3226
3232
3229
2656
2585
5815
6375
6375
4024
4008
5731
2631
793
807
802
3231
3884
3876
3874
3861
3825
3818
601
2444
2459
1140
1140
5569
5582
5668
5784
4005
5761
2572
3234
3229
2652
2573
3811
3813
41
597
599
2448
2448
2444
2455
2455
2454
2398
5560
5584
3884
5746
6359
6359
5731
2601
2600
802
3227
3229
2638
2607
3813
608
655
659
2440
2448
2424
2454
2430
5580
6375
6375
5761
2574
788
807
3234
2580
3876
3825
3811
3811
2448
2448
2424
1139
5529
5580
5733
5785
5789
6366
5736
6359
6375
6369
6370
4008
5739
5732
2574
809
2658
3876
605
622
659
2440
2400
2428
1139
5561
5562
5584
5573
5582
5582
3884
5746
5815
6367
6368
6369
4021
2572
2630
788
808
3234
3232
3237
2654
2607
2580
3864
597
605
622
659
2444
2399
2398
5559
5531
5574
5580
3884
5767
5767
5789
5812
6370
4021
5760
787
3234
3230
2658
2580
3839
601
610
659
2426
2424
5585
5736
5785
6367
6369
5857
4005
5732
2601
2600
800
3240
3233
3237
2638
2574
3876
3824
588
592
2440
2448
2430
2396
5523
5561
5556
5556
3843
6368
6370
5739
5735
809
2658
2574
3834
3839
3824
3811
3808
39
605
2419
2455
2424
1139
5529
5530
5534
5573
5580
3843
5767
5785
6369
6371
4008
5732
2574
2601
2630
788
3240
3240
3233
3236
3230
2616
3825
3811
3814
3813
614
620
617
617
2440
2420
2448
2401
2400
5585
5574
3843
3843
5812
6367
4018
5739
2600
800
3237
2605
3826
3826
601
2424
2424
2391
2391
5530
5531
5531
5574
6368
6368
4007
5760
3233
2685
2659
2606
2605
3824
597
659
2419
2419
2424
2400
2399
1137
5556
5573
5580
2605
2601
2630
787
790
808
2685
2616
2605
3805
39
588
604
2409
2426
2396
5534
5556
5556
5573
3842
3843
4023
4018
5735
5767
5785
5819
6369
6371
5742
5798
5785
5821
6369
6369
6371
6374
5857
4016
2605
2608
2630
808
2727
2638
3834
3837
3805
592
592
604
610
2409
2401
5530
5523
5531
3842
3834
2609
2632
799
801
808
3233
3236
3236
3238
3238
2606
2606
2605
3839
3811
3808
620
617
617
2419
2424
2391
5523
5531
5534
5573
3842
4007
4007
5760
5735
5736
790
806
808
3826
604
614
614
2420
2416
2417
2423
2391
2399
1137
5525
5573
5545
6371
4023
4007
5757
5819
6368
2609
790
801
2659
2651
2606
3834
3819
3805
618
2424
2400
2396
4314
5556
3842
3842
3834
5764
5819
2611
2609
799
801
808
2727
3245
2690
2682
2639
3837
3811
592
604
603
620
2424
2394
5523
5553
5548
5545
5545
3842
6380
5858
4018
5763
5742
5778
5798
5811
5821
6379
806
2727
2727
3236
3811
3805
3808
589
589
618
2409
2417
2391
2396
5523
5532
5548
6380
4023
6377
2612
2632
790
808
2727
2659
2651
2611
3827
38
604
614
2409
2409
2417
2424
2391
2391
1137
4314
6380
4034
4011
6379
6379
5742
5764
5798
5798
5811
5813
5819
6380
5763
5757
5742
2628
790
801
2682
2639
2634
2611
3805
3808
595
603
614
2416
2423
2392
1134
5520
5532
5532
5548
3842
3842
2628
794
795
2727
3238
3837
3822
3819
603
618
2423
2387
2394
1133
5525
5553
5545
3834
6380
5763
5776
5811
6377
6378
2633
806
3245
2639
2649
3834
3806
590
614
618
2391
1134
5520
5537
5548
5544
5545
3842
6373
4023
5774
5778
5821
6380
795
813
813
817
2611
3834
3811
3807
589
2408
2423
2394
1134
1133
4314
5532
5553
5545
6385
4012
5766
5780
5811
5821
2640
2726
2691
2682
2682
2649
2634
3837
3827
3822
3807
3808
3806
566
603
612
618
2412
2412
2405
2394
2392
5523
3842
6381
4034
5770
5742
5811
5813
5813
6381
2629
797
813
813
817
2726
2727
2649
2612
568
612
2376
2395
5525
5532
6381
6380
6373
4012
4012
5763
5776
5863
6381
2664
795
797
2691
2639
2634
3835
3820
3821
590
568
611
2412
2387
2389
2389
5526
5537
5537
5544
3842
5774
5770
2636
796
813
3239
2649
3837
3829
3830
3820
3810
3810
40
612
587
2394
2394
1134
1133
5520
5544
5539
6380
6380
4034
5766
5811
5818
6381
6381
2629
2643
817
3239
2691
2612
3806
3806
589
611
2408
2387
1133
5491
5524
5494
5544
5543
5539
5776
5797
6378
6381
2636
795
813
2726
2682
3821
3810
3807
566
2412
2412
2405
2387
2395
2394
2394
2392
1133
5544
5539
6386
5772
5772
5780
5811
5818
6382
2664
813
2739
2682
2681
2649
2634
3835
611
618
2408
5489
6388
6385
5794
5773
5817
5817
5866
2642
796
816
3244
2691
2649
3830
3810
560
612
2412
2360
2358
2389
1134
1133
5526
5494
5539
3835
6386
5868
4012
5773
5800
6381
2663
797
3244
3239
2682
2681
2636
3820
3820
3821
40
590
566
579
579
587
2376
2376
2389
5524
5494
5552
5552
5511
5511
5543
5539
5539
5868
5794
5777
5797
5797
5800
2645
2641
2643
2673
797
813
813
2739
2739
3239
2691
2689
3835
3829
3806
3777
3806
590
611
2407
2355
1136
5489
5520
5494
5544
6388
6394
5870
5777
5818
5866
6378
2641
3239
2681
2668
3829
3810
3779
564
2411
2411
2387
2362
2362
5492
5494
5539
5772
5796
6382
2636
798
815
3243
3246
2684
2668
2648
35
564
583
583
587
2376
2357
2360
1136
5489
5494
5552
5544
5539
6385
6386
5868
5860
5866
2646
2673
797
2739
2739
2681
3781
3821
3806
579
587
2376
2358
5520
5492
5494
5552
5511
3835
6394
5870
4014
5790
5817
5866
6388
816
3246
2689
2668
3829
3820
3782
3782
560
580
2407
2411
2374
2357
2360
2359
1136
1136
5494
5508
5511
6385
5870
5868
5773
5800
5845
6382
2646
2663
816
3248
3248
2684
2668
2648
3800
3796
565
565
566
579
2407
2383
2355
2360
5524
5493
5539
5539
4013
5790
5777
5796
5796
2647
2641
798
815
2739
3830
3781
3781
3777
563
583
2355
1136
5489
5490
5519
5519
5535
5535
5511
5511
5899
4014
5777
5807
5860
5860
6394
2666
798
2741
3243
2684
2683
2668
3804
3779
35
564
564
579
2374
2358
5488
6394
6394
6394
4029
5790
5777
5807
5860
5860
5873
798
815
3246
2650
3781
40
560
580
2407
2374
2360
5489
5519
5519
5511
5513
3804
5844
5845
6389
2647
2673
798
2721
2741
3246
2684
3797
3782
3777
3777
3777
565
580
583
587
2407
2383
2374
2357
2356
2359
2359
5492
5519
5513
5898
5898
4033
4013
5790
5860
6389
6394
3248
2684
2683
3804
3796
3779
563
579
2355
5490
5488
5517
5508
6394
4015
5777
5791
2666
798
811
2741
2771
2667
2677
3800
3800
3781
3782
563
564
583
587
2356
2318
1132
5492
5486
5493
5519
5899
4029
5803
5807
5807
2663
2673
814
2741
3243
3248
3781
560
580
2372
2383
2367
2385
1131
5489
5490
5449
5493
5519
5511
5513
5513
5905
4033
5844
5859
5861
5873
2677
798
2721
3251
3248
2684
2683
2680
2665
3779
3777
35
555
580
2382
2407
2383
2367
2356
2352
2354
5488
5517
6387
5898
4015
4015
5792
5862
5862
6389
2677
2663
2675
811
814
3250
2734
2688
2683
2667
3801
3797
555
559
570
583
2374
2356
5506
5513
5513
3801
6393
6387
5898
5793
5793
5791
5791
5807
814
2771
2771
2667
3792
3796
3781
3781
3782
3779
3777
555
563
563
570
580
580
587
2318
2352
1131
5485
5493
5488
5506
5508
4029
5803
5791
5861
2666
811
2720
2721
2768
3252
3248
2667
34
555
2378
1132
1132
5513
6393
5905
5898
4031
4031
5846
5846
5862
5873
6390
6389
2679
798
814
3250
2683
2680
3801
3788
584
584
2385
2351
2359
5483
5492
5493
5488
5517
5803
5861
2669
2714
811
814
2741
2771
3251
2734
2688
2683
3801
3781
3777
571
575
2382
2372
2367
2385
1131
5485
5486
5449
5516
5508
5499
5513
5871
4027
5793
6393
2675
811
2768
2771
3252
2688
2680
3797
3787
3781
3782
3779
3777
555
557
570
570
584
2367
2367
2319
2356
2354
5506
5513
6387
4027
4015
5804
5792
5861
5862
6393
6393
2679
2708
2720
2720
2768
3251
2687
3781
34
559
584
2378
1132
5517
5499
5513
6387
5900
5898
5809
6390
6393
2708
814
2680
3792
3788
3771
555
2365
2319
2356
2318
2353
2354
1131
5488
5488
5516
5469
5509
5801
5841
5855
5855
6390
2669
2714
2693
2770
3255
2680
3801
3801
3787
3781
34
557
557
559
570
571
575
2378
2371
2371
2367
2351
5485
5483
5484
5508
6391
5900
5871
5792
6390
6390
6393
2718
2768
2770
3258
2736
2730
2687
555
575
2385
2351
5485
5516
5499
5509
5871
5851
5804
5841
6393
2679
2720
2750
2768
2736
3788
3787
3776
3774
3771
34
559
570
2365
2385
2319
5484
5493
5516
5469
5499
5900
5793
5809
6390
6390
6391
2715
2714
2716
2718
3255
3259
5509
3801
3794
3789
3771
3771
34
555
573
2378
2319
1130
5449
5516
5900
5903
5804
5806
5855
6390
6393
2770
3255
2737
2730
2729
3788
3771
554
555
557
571
2378
2365
2353
5445
5484
5450
5517
5469
5469
5499
5509
6392
6392
4027
4028
4027
6390
6390
2716
2693
2718
2749
2752
2770
3258
2730
2729
559
570
574
573
2371
2365
2353
5485
5467
6391
5903
5801
5801
5872
5913
2715
2708
2752
2752
3259
5501
3776
557
575
2370
2371
2365
2385
5447
5509
5851
5840
5913
2715
2716
2710
2737
2736
2730
3787
3774
3771
3771
3771
556
524
544
2365
2319
2316
2313
1130
5444
5447
5516
5480
5478
5469
5509
5900
5903
5903
4028
4027
5801
5847
5853
6391
2697
2750
2775
3258
3259
2730
3794
3789
3787
3774
33
552
555
569
2378
2350
2350
2315
5445
5450
5469
5467
6391
4028
5847
6393
2693
2718
2760
2773
2775
3259
2729
3789
3769
554
556
544
574
2336
2319
2353
2313
2313
5485
5516
5501
5840
5872
5913
6391
2715
2716
2695
2709
2752
2752
2736
2732
2730
3774
3771
556
524
544
551
2370
2338
2316
5447
5480
5478
5464
6391
5903
5805
5801
5806
5840
5872
5911
5911
6393
6393
6391
2749
3255
2729
3760
3776
553
569
571
574
2336
2350
5446
5450
5516
5467
6395
5907
5880
4028
2716
2710
2710
2751
2775
2743
2729
3794
3787
3770
551
2370
2338
2350
2346
2315
5445
5447
5464
6395
5939
5904
5880
5850
4027
5806
5872
6393
2760
3254
3259
2743
2730
2730
3789
3739
3769
574
2338
2316
5443
5480
5478
5466
5907
5911
6393
5902
5902
2725
2710
2695
2774
2773
3257
3787
3739
556
524
544
2370
2336
2338
2319
2316
2305
5447
5478
5464
5466
4028
5806
5843
6395
2716
2710
2758
2775
3257
2743
2732
2730
2725
3773
3769
552
553
551
2313
5446
5444
5447
5480
5480
5466
5466
5501
6395
5848
5824
5824
5842
5853
2725
2699
2808
3739
3773
3770
3770
553
521
569
2316
2311
5470
5476
5478
5501
5882
5850
5842
5842
5872
5913
2713
2709
2751
2773
3254
3254
2743
2743
2731
3766
3789
3760
3786
3770
33
548
574
2370
2336
2338
2348
5446
5464
5466
5939
5806
5911
5902
5902
5902
2742
2758
2760
2760
556
2348
2345
2305
2311
5444
5470
5476
5480
5464
5944
5849
5843
5911
2747
2774
2808
2777
2731
2725
3770
552
521
523
569
551
2336
2338
2348
2350
2346
2345
2312
1129
5478
5904
5882
5824
5914
6395
2725
2751
3254
3263
2746
2731
3767
3765
3758
3758
3786
3739
3773
3769
33
548
551
2336
2336
2305
5446
5443
5439
5470
5480
5466
5501
5944
5848
5839
5822
5884
5916
2742
2713
2699
2809
3261
2731
3739
3773
3770
520
553
2348
2306
5477
5466
5843
5843
5908
5943
2742
2713
2704
2759
2791
3261
3263
3766
3770
517
521
569
548
548
2312
5437
5476
5476
5479
5464
5944
5944
5948
5888
5849
5908
5902
5943
2747
2809
2777
3265
2746
2746
2731
3770
517
521
523
551
2332
2344
2344
2307
1129
5465
5466
5884
5914
5916
2723
2756
2759
2759
2809
3265
3261
3263
2746
2731
3765
3740
3773
532
2330
2330
2348
2328
2345
2305
5443
5437
5477
5477
5459
5465
5943
5942
5890
5830
5852
5908
5943
2731
2759
2746
2731
3758
3738
515
520
523
548
548
547
2332
2336
2345
1129
5470
5471
5466
5466
5888
5849
5827
5839
5822
5916
5943
2754
2791
3260
3766
3763
3762
3740
3738
3773
3736
520
521
532
2332
5435
5439
5943
5948
5881
5822
5830
5884
5893
5908
5909
5914
2704
2704
2759
2791
2814
2746
2746
3734
517
521
534
2344
2345
2305
2307
5439
5476
5465
5466
3767
5942
5943
2754
2754
2724
2756
2755
2759
2731
3773
3736
3734
534
2330
2328
2344
2310
2307
5441
5470
5459
5455
5939
5908
5943
5943
2761
2809
3265
3260
2746
3737
515
523
532
548
547
547
2330
2328
2340
2307
5443
5471
5471
5459
5459
5465
5466
5877
5909
5916
2754
2704
2789
2793
2811
2746
2746
3762
3740
3738
3738
517
520
547
2332
2332
2323
2328
2328
2344
2307
5435
5439
3767
5947
5888
5827
5828
5883
5854
5914
2810
2814
2776
3263
2781
2745
3750
3740
517
515
520
2323
5470
5457
5455
5455
5455
3767
5890
5854
5910
5943
2745
2724
2755
2789
2810
2745
3763
3763
3737
3736
3734
525
525
523
532
2307
5438
5471
3757
5948
5827
5893
5915
5945
2793
3260
2772
3738
520
525
532
546
2321
2330
2328
2341
2310
2310
2305
1127
5441
5470
5475
5459
5455
5947
5954
5828
2778
2761
2755
2787
2811
2781
3762
3750
3737
3736
515
534
540
2329
2327
2340
2340
5439
5441
5457
3757
5890
5831
5828
5883
5914
5915
5945
2745
2754
2794
2756
2793
2793
2814
2776
2776
3763
3755
3738
3738
3734
517
517
525
546
546
540
2323
2329
2342
1113
5471
5471
5457
5455
5951
5919
5877
5834
5910
5945
5945
2778
2766
2789
2813
2772
2781
2745
2745
3749
514
515
2341
2310
2309
5438
5470
5459
5457
5951
5885
5831
5896
5910
5910
5956
5947
2787
2793
2810
2745
3757
3757
3749
3737
3736
29
515
1127
5435
5344
5471
5452
3757
5954
5951
5923
5834
2745
2761
2755
2793
2810
2816
2817
3755
3762
3736
29
515
526
526
532
538
2321
2342
5435
5345
5361
5362
5475
5452
5948
5885
5835
5915
2816
2776
2772
2783
3750
3733
3735
514
514
520
525
526
534
2327
2327
2342
2310
2230
2309
1113
4309
5438
5438
5344
5361
5471
5364
5457
5457
5833
5954
2782
2779
2761
2792
2813
3755
3762
3750
3749
515
538
540
2321
2302
2236
1113
4309
5458
5452
5953
5833
5891
5956
5964
2794
2790
2793
2772
2783
3755
3749
3730
3736
514
515
516
2321
2236
2342
2213
1113
5344
5345
5361
5362
5458
5457
5452
5948
5832
5896
5956
5965
2766
2788
2787
2790
2812
2812
2816
2815
2785
3731
525
525
526
2327
2230
1112
4313
5919
5885
2779
2826
2790
2817
2813
3750
3750
514
514
515
530
530
531
538
538
536
2327
2212
5344
5345
5362
5458
5452
5452
3754
3754
5954
5953
5832
5835
5891
5963
2782
2792
2815
2782
3752
3749
3735
515
516
525
2236
2232
5361
5364
5458
5433
5452
3754
5950
5950
5885
5891
5896
5956
5964
5968
5965
2766
2803
2792
2812
2815
3755
3749
3733
3735
3730
514
2320
2302
2240
2236
2232
2230
2217
5440
5953
5922
5917
5891
2784
2784
2788
2821
2822
2817
2785
3754
514
525
531
2217
5343
5440
5359
5364
5364
5370
5433
5453
5920
5957
5957
2826
2817
2784
3755
3730
28
514
515
518
516
527
538
2321
2240
2232
2230
2230
2214
2212
1110
4313
5343
5363
5364
5367
5370
5832
5963
5994
2832
2803
2790
2790
2790
2792
3755
3752
3750
3744
3749
3742
3735
3730
3730
3731
28
530
536
2320
2302
2240
2236
2212
5994
5949
5917
5886
5832
5835
5926
5994
2795
2806
2821
2815
2784
514
525
531
2299
2236
2217
2265
5367
5370
5433
5453
3754
5953
5930
5891
5957
5968
2832
2826
2801
2790
2800
2822
2817
2834
3754
3735
3730
518
525
527
494
2320
2320
2321
2240
2240
2232
2230
2230
2214
5348
5359
5363
5433
5433
5453
5955
5992
5926
5957
5957
5967
5955
2827
2821
2822
2822
2832
2784
3710
3744
3742
3731
527
530
531
538
2299
2216
5395
5396
5363
5367
5433
5886
2795
2790
2800
2834
3755
3742
516
530
2240
2234
2229
2229
2264
4313
5453
3713
5920
5917
5887
5894
5968
6013
6013
2832
2832
2801
2799
2822
3710
3744
3728
3323
3731
513
525
527
494
2320
2299
2301
2229
2265
2264
5395
5348
5367
5432
5433
5429
5994
5949
5922
5886
5894
5894
5926
5957
5967
5968
5955
2826
2806
2801
2822
3711
518
486
531
494
2299
2299
2301
2216
5346
5363
5432
5920
5957
5995
2832
2827
2841
2832
5429
3711
3744
3728
3728
28
518
511
527
487
494
495
2240
2229
2229
2229
2219
2264
5360
5360
5957
2806
2799
2800
2823
2823
2835
2834
3713
3710
3746
3746
3742
28
530
2301
2234
5396
5365
5432
5430
5433
5429
5886
5887
5966
5968
2795
2830
2835
2834
3711
3710
3746
3744
3728
474
474
527
2297
2297
2297
2301
2234
2254
5395
5347
5350
5365
5993
5970
5929
5995
2833
2829
2841
2841
2865
2835
2837
3744
3742
3728
3323
3323
3323
530
486
487
487
2234
2225
2229
2222
2219
5429
5994
5970
5920
5924
5928
5958
6013
6013
2827
2839
2835
2837
5427
3746
26
511
495
2297
2301
2219
2264
5395
5396
5346
5347
5349
5360
5432
5427
5993
5990
5990
5932
5925
5966
5995
2828
2801
2840
2823
2825
2825
3710
3746
474
527
487
487
2297
2300
2225
2216
2254
5350
5357
5430
5430
5929
5924
5995
2833
2829
2830
2835
5429
5427
3746
3690
3728
3728
25
511
486
488
2301
2225
2225
2222
2219
2264
5350
5432
5993
5929
5932
5932
5966
5995
5995
2829
2807
2841
2839
2865
3711
3746
3701
26
491
510
2297
2300
2262
5430
5999
5990
5969
5924
5925
5928
5958
6013
6013
2840
2838
2837
3707
3746
3728
3323
3323
25
460
460
511
474
473
527
486
491
491
2222
2262
2254
2251
5384
5360
5357
5425
5929
6013
2837
2830
2807
2801
2835
2837
3711
486
2295
2300
2294
2294
2225
2218
4312
5385
5393
5347
5432
5425
5430
5426
5990
5932
5924
5966
6013
5993
2828
2846
2807
2801
2825
2838
3707
3701
3728
527
488
488
491
510
2222
2262
1123
4312
5385
5393
5353
5353
5432
5421
5929
5924
6005
2838
2836
2840
2865
2825
3711
3707
3746
3746
3701
3690
3728
460
473
491
491
2294
2225
2218
2262
2252
1123
5349
5431
5431
6014
6014
2838
2807
2841
3711
3702
23
486
2295
2292
2222
2252
5384
5394
5425
5431
5421
5991
5969
5929
5932
5960
6005
6012
6014
5993
2836
2828
2807
2845
2825
2825
3707
3701
3690
3690
3676
3676
3323
459
473
488
2295
2292
2294
2294
4312
5357
5425
5431
5991
5936
5936
6010
5999
2830
2841
2863
3708
3701
25
22
484
486
488
492
510
2295
2225
2207
2220
2220
2262
5357
5357
5421
5999
5931
5935
6010
6000
2846
2844
2841
2862
2865
2836
2838
3709
3702
3689
492
2223
1123
5394
5357
5431
5421
5936
5960
6000
2836
2830
2873
2865
3709
3689
3690
3690
3676
3676
25
458
459
473
473
486
488
2280
2211
2220
2260
2253
2253
2252
2252
5380
5384
5420
5975
5971
6012
6019
2875
2873
2844
2841
2845
2862
2883
3708
3707
3702
22
484
486
488
510
2292
2223
2207
2207
1123
5384
5391
5391
5394
5353
5431
5431
5420
5996
5996
5991
5935
5935
6010
6000
2875
2836
3689
3690
3676
3677
23
473
468
492
492
508
2295
2223
1123
1120
5357
5354
6001
5971
5936
6005
6000
2873
2841
2863
2836
3689
459
473
492
2292
2292
2220
5380
5394
5357
5354
5971
6019
2846
2841
2845
2863
3702
3689
3687
3676
3677
485
485
508
2280
2260
2253
5391
5394
5339
5420
5978
5936
6010
6000
2875
2875
2873
2844
2844
2841
2845
2863
2883
3725
3706
3687
3681
22
458
473
470
473
492
2223
2207
2211
2211
2260
5354
5420
5998
5975
5971
5976
2846
2841
3706
3689
3677
481
492
2292
2211
2202
2220
2252
2252
2249
1120
5384
5977
5971
6003
6005
6017
6001
2873
2883
3709
3694
3689
3687
3687
3677
468
485
481
508
2285
2223
2204
2220
2260
2248
5380
5394
5335
5354
5354
5420
5998
5975
5974
6003
2845
2884
3687
3686
3677
3681
458
458
458
470
468
492
2280
2253
5391
5394
5339
5341
5354
5420
5996
5971
6010
6017
6019
2875
2881
2858
2842
2841
2880
3709
3694
22
470
468
481
482
508
2280
2223
2204
5378
5977
5971
6001
2880
2874
2858
2845
2863
2880
3725
3709
3687
3686
3681
3681
458
458
466
481
508
2279
2211
2202
2261
2260
2247
2249
4311
5386
5392
5420
5978
5973
5974
5976
6004
6004
6011
6015
6001
6001
2863
2884
3698
3694
3685
3689
462
464
470
485
481
482
2285
2260
2248
4311
5380
5392
5341
5354
5416
5977
5973
5972
5972
5971
6017
2881
2842
2843
2845
2845
2861
2863
2870
3709
3687
3681
462
466
485
2281
2281
2202
2248
2248
5379
5386
5339
5335
5341
5354
5420
5997
5996
5979
2874
2858
2884
2875
3689
3687
3686
468
478
481
482
507
507
2285
2223
2202
2202
2260
5386
5392
5341
5420
5980
5973
5972
6015
6001
6002
2881
2874
2860
2887
3709
464
466
470
2279
2204
2247
5386
5416
5988
5976
6004
6011
6011
2874
2858
2842
2843
2875
3698
3694
3687
3686
3681
3681
462
466
468
478
481
2285
2273
2281
2281
1118
5335
5341
5418
5354
5419
5419
3725
3725
5979
5979
5973
6016
6002
2881
2881
2858
2842
2843
2861
2860
2869
2887
2887
3699
3695
464
468
457
2281
2204
2247
5378
5379
5386
5392
5341
5997
5997
5980
5979
5972
5988
6015
2889
2887
2887
3699
3685
3687
3686
3681
2279
2202
2202
2261
2146
2246
1118
5378
5392
5335
5416
5979
5982
5972
5972
5983
6015
6088
6002
2887
2842
2842
2843
2847
2869
2889
3687
19
462
464
466
476
478
2273
2202
2247
4311
5377
5386
5392
5418
5416
3725
6004
6004
6011
6015
6002
2887
2885
2877
2843
3699
3695
3685
3685
3687
3680
3680
461
470
478
456
457
507
507
2273
2281
2202
2260
5374
5392
5390
5418
5418
5419
6063
5984
5979
5983
6088
6088
2876
2876
2853
2847
2868
2889
2889
3673
19
465
465
481
457
2273
2204
2204
2147
2246
5386
5390
5335
5335
5416
6065
5980
5979
5972
5989
6004
6015
6090
2857
2843
2848
2869
19
465
478
456
2279
2202
2261
1118
5378
5390
5416
5419
6063
5982
5989
6089
2885
2876
2848
2889
2889
2958
2886
3699
3699
3685
3693
3678
3678
461
507
507
2273
2273
2202
5387
5390
5335
5418
3721
6065
5985
5982
5983
5989
5988
6004
6004
6015
6090
6065
2877
2878
2852
2857
2849
2847
2866
2868
3695
3680
463
456
457
2281
2204
2146
2146
2246
2247
1117
1116
1116
5392
5390
5418
5413
5419
3721
6067
6063
6045
6043
5984
6047
2886
2853
2857
2848
2889
2886
3673
3685
3658
461
465
454
2273
2281
2201
2147
2147
2246
2247
5377
3721
5982
5989
5989
6090
2885
2919
2847
2848
2866
2868
2958
2886
3722
3680
3678
19
476
451
457
2200
2147
5374
5377
5386
5335
5335
5417
5418
6063
6045
5981
6047
5985
6009
2852
2886
3722
3673
463
504
2198
2201
1117
5418
5413
3721
5981
6043
5983
5989
6009
6009
6009
6090
6091
2879
2878
2878
2847
2849
2848
2866
2889
2958
2958
2886
3685
3693
19
19
465
451
454
504
504
2198
2200
2246
5387
5390
5418
3718
3722
6063
6043
6047
6047
5983
5986
6006
2888
2886
2876
3673
3658
3678
19
19
440
457
2269
2269
2186
2200
2147
2146
2246
2244
5377
5387
5390
5331
5417
5419
5981
5989
6009
2868
2919
2856
2854
2849
2848
2866
3722
3668
3656
463
463
454
504
2200
2242
1117
1117
1115
5417
5413
6064
6046
6047
5985
6006
2868
2888
2879
2855
2850
3722
3670
3668
19
465
440
497
504
2198
2246
5377
5268
5332
5332
5417
5418
5401
3722
5981
5981
6043
6040
6047
5985
5986
5989
6009
6009
6094
6046
5986
6009
2888
2879
2879
2856
2849
3693
2186
2200
2201
2201
2147
2147
2146
2246
1115
5386
5417
5402
5401
6044
6040
6047
6048
6006
6009
6009
6095
2850
2867
2958
2960
2946
2919
2856
2913
2854
2849
2849
3722
3658
16
437
451
451
454
2269
2269
2147
2244
5377
5386
5387
5387
5331
3718
6064
6046
5981
6048
6048
6009
2958
2872
2878
2849
2849
3670
3668
440
497
499
499
504
2200
5372
5331
5401
2867
2960
2960
2879
2849
2850
3656
17
437
2198
2198
2200
2242
2241
5275
5386
5328
5402
3718
6043
6040
6047
6047
6076
6044
6043
2872
2946
2919
2919
2855
2912
2849
3722
3722
3670
3668
3693
3658
16
437
454
2269
2186
2198
2200
2200
2147
1115
1115
5372
5332
5331
5331
5402
5402
6048
6048
6006
6070
6044
6043
6040
6041
6041
6047
2915
2872
2872
2960
2944
2944
2944
2855
2910
440
440
445
445
504
2269
2148
2145
2145
2145
2146
2245
2242
5268
5386
5387
5417
5402
3648
3718
6047
6049
6009
6094
6041
6021
2872
2964
2913
2912
2849
3722
3667
3322
19
497
2180
2200
2241
5372
5268
5268
5253
5332
5401
6044
6040
6076
6021
2965
2947
2947
2946
2944
2910
2851
2915
2915
2915
2915
2959
3718
3667
3322
437
499
504
2198
2245
1115
5279
3648
6042
6047
6076
6095
6095
6044
6041
6020
6070
6048
6077
2915
2964
2918
2912
2912
3664
3664
16
17
454
499
2186
2198
2200
2122
2148
2245
2242
1115
5275
5253
5252
5328
5417
6095
6098
6093
6042
6041
6048
6076
2965
2945
2944
2917
2912
2851
2851
2959
2960
3658
434
454
2269
2122
2145
2145
2144
2146
5279
5279
5399
6095
6098
6071
6071
2947
2944
2919
2913
2915
2915
2960
3664
3650
431
2180
2186
2198
2245
1108
5268
5253
5402
3648
3714
6053
6075
6094
6023
6041
6020
2918
2910
2912
2851
2964
3714
3662
12
497
499
2198
2136
2242
2134
1108
5264
5267
5268
5330
5328
3718
6098
6052
6021
2910
2914
2915
2961
2961
2964
2965
2947
2945
3664
442
431
499
2122
2144
5267
5275
5279
5253
5252
5315
5315
5399
6087
6053
6047
6052
6052
6041
6023
2947
2945
2921
2917
2913
2911
2912
2933
2959
438
445
446
431
2198
2199
2148
2145
2134
5279
5399
3648
3648
6098
6075
6131
6056
6101
6053
6052
6022
2961
2944
2921
2918
2891
2911
2911
2912
2914
2851
2937
3664
3664
3662
3667
3650
446
499
2180
2186
2122
2122
2148
2144
2146
2141
2242
2134
1108
1108
1108
5264
5264
5267
5330
5330
5315
6052
6020
2910
2914
2961
2961
2944
2921
6084
6084
6129
6041
6023
6040
3714
446
431
2196
2122
1108
5279
3642
3714
6024
6050
6059
6025
2961
2963
2965
2965
2947
2921
2891
2911
2911
2912
2914
2851
2933
3650
3321
15
2180
2148
2145
2136
1108
5249
5315
6087
6097
6052
6052
2965
2945
2890
2910
6050
2910
2911
2912
2851
2933
2933
2962
3714
3661
3659
438
446
421
2180
2148
2136
2134
5313
3648
3648
6155
6131
6131
6052
6027
2963
2952
2891
6024
6057
6080
6097
2910
3664
12
433
442
443
2178
2178
2178
2180
2196
2199
2139
2133
2134
1107
1108
5259
5264
5264
5267
5273
3642
3648
6156
6156
6131
6122
6052
6028
2963
2965
2947
2952
2945
2921
2920
2891
2891
6101
6027
6022
6022
6056
2912
2910
2933
2962
3645
3645
3664
3664
382
446
2193
2144
2142
2136
1107
5250
5250
5249
5248
5248
5313
5315
5315
3648
2967
2937
6103
6078
2911
2911
2911
2945
2921
2890
2910
2910
2935
3648
3650
443
2199
2199
2119
2142
2141
2129
2133
1107
5259
5273
5250
3648
2937
2945
2945
2893
6022
6078
6078
2922
3645
12
15
433
2178
2143
1107
5259
5267
5326
5313
5315
2910
2923
2912
2969
6103
6032
6027
6058
6078
2920
2893
2891
2910
2912
2914
2914
2914
2935
3664
3659
3659
446
2175
2180
2193
2193
2119
2143
2142
2139
2141
1107
5270
5313
3638
2967
2967
2968
2969
6128
2911
2923
2950
2893
2891
2890
2910
2911
2914
2935
3320
442
443
2178
2178
2196
2142
2133
2133
1105
1107
5259
3642
6153
2963
2969
6028
6058
6122
2922
2922
2945
2945
2920
2893
2962
3645
12
383
443
446
2178
2178
2180
2199
2129
2129
5259
5273
5250
5247
5315
3642
2967
3025
2914
2914
2935
2950
2950
2920
2892
6103
6028
6060
6141
6062
6134
6151
2922
2926
3659
382
421
421
2178
2193
2193
2114
2142
2142
2129
5254
5248
5313
3638
3645
2921
6114
6032
6141
2922
2922
2922
2890
2911
3645
3664
3616
3661
3606
12
397
401
2175
2196
2129
1105
5326
5313
3025
3025
6028
6028
6115
6134
2926
2945
2920
2929
2892
2911
3650
383
421
2192
2199
2143
2133
1105
1105
1105
5270
5270
5250
5247
5248
3642
3638
2922
2922
2967
3025
2954
2951
2951
2920
2929
6030
6030
6060
6104
6144
2897
2897
2890
3638
3645
3664
3615
3597
380
2178
2178
2178
2175
2196
2199
2142
2139
2139
2129
1105
5254
5254
5259
5270
5241
5313
3642
3638
3025
2962
2951
2951
6060
6115
6115
6144
2922
2923
2922
3645
3645
3659
3650
2193
2114
5326
3025
2951
2950
2950
2929
2929
6035
6030
6030
6028
2897
2971
2897
2895
2922
3606
401
421
421
2142
2142
2133
2124
1105
5214
5270
5247
5248
5313
6145
6141
6135
6145
6142
2967
3025
2962
2920
6139
2896
2922
2925
2898
3616
12
383
397
421
421
2175
2175
2192
2192
2193
2114
2143
2143
1105
5254
5247
5302
3642
3638
3025
3022
2954
2954
2951
2928
6029
6060
6034
2973
2928
2898
2895
3597
397
2193
2138
2124
2133
1102
5214
5269
5241
5248
5323
5313
5313
5302
6142
6140
6145
2956
2951
2948
2929
2928
6029
2896
2925
2902
3606
3606
3606
421
2192
2193
2112
2139
2127
2127
1102
5269
5247
5323
5313
3642
3638
6149
6140
6142
6142
2894
2954
2950
6035
6035
6034
2902
2970
2970
2971
2898
2950
3609
3609
3616
3616
3615
11
383
401
2175
2175
2143
2124
1102
1102
5214
5245
5313
3638
6142
6142
6141
6035
2971
2902
2896
2955
2949
2950
5269
5247
5243
5243
3615
380
396
421
421
423
423
2124
6149
6141
6034
2953
2902
2970
2924
2931
3606
3615
10
397
2193
2193
2193
2099
2127
1102
5254
5302
3638
6141
6142
2953
2932
2902
2970
2930
2898
2931
2930
3616
3606
3597
397
397
421
421
2192
2112
2110
2107
1102
1101
1101
5214
5245
5323
5323
5323
5302
2970
2930
2899
2931
2930
2955
2949
3015
5214
5228
5269
5300
5313
3638
3616
3615
377
396
2160
2175
2192
2138
2138
2138
2127
2124
1101
2932
2899
2900
2973
3004
2931
2930
3005
1101
5210
5243
3638
3609
3609
3606
423
2160
2160
2192
2112
2110
2973
2899
2973
2931
3012
2949
2932
2932
3008
3007
3596
11
377
394
419
423
2192
2112
2112
2079
1101
5243
5243
5313
3638
3007
3004
3009
2930
5245
5245
5300
5313
5302
5302
5302
3638
3609
3606
3615
394
423
2099
2097
1101
3007
3007
2973
2899
2899
2972
2904
3012
5210
5214
5228
5245
5243
5323
3609
3580
3580
3606
3596
377
377
396
362
423
2192
2112
2097
2107
2107
3008
3007
2932
2899
2900
2949
2974
2930
5212
5210
5228
5242
5307
377
2160
2112
2099
2110
2097
2079
1101
5206
2903
2985
3004
2949
2930
5210
5245
5300
5300
5307
5302
3632
3609
3580
3594
394
423
423
2160
2192
2192
2126
5206
3008
3007
3007
2899
3009
3011
3005
5206
5226
5242
5245
5307
5302
3630
3606
3596
3596
377
396
394
2192
2112
2138
2079
1100
5206
3004
2903
2904
3010
2974
2930
2904
5212
5210
5226
5226
5242
5307
5307
5302
3609
3580
3566
3567
3594
419
419
2160
2102
2097
2097
2126
2107
1101
5206
2904
2904
2906
2903
2972
3005
5206
5226
5242
5242
5300
5302
5302
5302
3632
378
362
2155
2160
2160
2166
2099
2097
2097
2126
2079
2905
2975
3009
2905
3010
5210
5210
5226
5226
5242
5300
3630
3580
3606
3596
8
419
2098
2079
2077
1100
5206
3007
3004
3004
2976
2904
2904
2906
3005
3009
3019
5206
5212
5226
5226
5242
5307
5307
5307
5302
3632
3630
3609
3566
396
364
419
423
2102
2096
2097
2082
1100
5206
3010
3009
2905
2905
2905
2905
2984
5206
5212
5210
5226
5297
3632
3567
378
2157
2160
2160
2097
2097
2082
2079
2079
2077
1100
5206
3006
3009
3019
5206
5212
5226
5226
5234
5242
5302
3624
3632
3630
3566
8
364
2155
2166
2192
2102
2096
2082
2079
2077
5206
3013
3006
2985
2908
2986
5212
5226
5242
5300
5302
5282
3571
3585
364
2155
2155
2096
2082
2082
2077
5206
3006
2984
2905
2984
3010
5206
5206
5212
5219
5226
5234
5234
3571
3580
3567
365
378
2160
2166
2102
2098
2098
2096
2082
2079
2077
2077
5206
3006
3005
2984
2984
2907
5206
5219
5234
5234
5297
5282
3624
3632
3630
361
364
419
2166
2082
2077
5206
2984
2909
2908
5212
5219
5285
5307
5282
3624
5
365
361
364
408
2155
2157
2160
2166
2094
2098
2096
2082
2082
2080
2079
2077
3006
3005
3019
2909
2909
2908
3019
5212
5219
5234
5300
5282
5282
3624
3624
361
2098
2096
2077
2077
5206
2049
2986
5212
5219
5226
5285
3624
3630
3630
3571
3568
3566
3567
3585
361
361
2155
2166
2102
2098
2098
2096
2096
2080
2077
2077
5206
2909
5234
5297
5297
3624
3630
3571
3568
5
365
2155
2157
2080
5206
2049
2909
2909
2909
2909
5212
5212
5219
5234
5297
3566
408
2155
2157
2102
2092
2098
2096
2096
2080
2080
2069
2077
5206
2049
2909
2909
5212
5212
5212
5219
5234
5234
5297
5285
5285
5282
5157
3624
3624
3571
3568
3567
3563
365
363
405
408
2155
2157
2166
2166
2094
2098
2077
2077
5206
5212
5219
5224
5284
3624
3630
3571
3587
405
408
2102
2092
2088
2088
2080
2069
2909
2909
3571
3571
3568
3554
3563
3586
2025
2166
2092
2080
2080
2069
5206
5206
5212
5212
5234
5297
5297
5285
3624
5218
5219
5224
5224
5234
5297
5157
3624
3546
365
368
361
408
2025
2025
2157
2094
2094
2094
2092
2080
2069
3546
361
405
2161
2092
2069
5206
5218
5219
5297
5285
3624
5218
5220
5297
5297
5284
5282
5157
3624
3571
3571
3571
3568
3568
3554
3587
3558
365
359
359
405
408
408
2088
2088
2069
2067
3571
3554
3554
3557
359
357
407
2025
2157
2161
2094
2094
2092
5212
5224
5224
5297
5284
5220
5224
5284
5157
3571
7
2025
2157
2161
2070
2080
2069
2067
352
357
405
408
2025
2157
2161
2092
2070
5218
5220
5284
3552
3546
3546
3517
3587
3558
3557
5218
3552
3546
3568
5175
1
2049
353
353
352
357
357
405
408
2025
2030
2094
2092
2088
2065
5212
2049
353
2025
2157
2161
2088
2069
2067
5212
5218
5219
5293
5293
5157
3552
3546
3571
3517
3511
3554
3554
1
5189
5224
5284
3559
5175
5175
1
357
405
407
2094
2094
2092
2067
353
352
352
357
330
2025
2161
2070
2070
5212
5220
5224
5284
3552
3546
3546
3517
3559
5084
5218
5220
5293
5157
3552
3517
3511
3554
3559
5175
5175
353
357
2017
2161
2092
2086
2065
5088
353
299
405
407
2025
2017
2030
2086
2065
2067
5218
5220
5293
5284
5159
5155
3546
3498
5180
5175
2049
5218
5216
5220
5220
5222
3517
3517
3517
3511
3498
2049
5088
1947
352
299
407
2025
2030
2094
2035
2086
2070
2070
2065
5222
5168
3552
3546
3546
5180
5180
5180
353
352
352
299
2017
2161
2070
2065
2065
1967
2067
2067
5220
5222
5159
3552
3498
5180
5084
299
2090
2090
2086
2086
2067
3546
3511
5180
5088
293
330
2030
2161
2090
2070
2065
2065
1967
2067
2067
5168
5284
5159
5155
293
299
2017
2025
2017
2035
2035
2035
2086
2086
2070
2070
2070
2065
5216
5220
5222
5168
5155
3552
5180
2049
5218
5222
5168
5159
3538
3546
3508
3517
3517
3511
3498
5084
2049
5088
5088
5088
287
293
293
330
407
407
2090
2090
2086
1967
1950
1950
1945
5216
5216
5222
5168
5159
3542
3511
5180
299
299
2017
2040
2040
2035
2086
2070
1967
5111
5222
5159
5155
5155
5180
5084
299
2035
2090
2086
5168
3552
3538
3511
3498
3498
5180
2049
293
299
330
325
407
407
407
2035
1976
2086
2070
5216
5168
5159
5155
3538
3508
3517
3517
5087
2049
287
293
299
325
2022
2022
2040
1967
1950
5216
5109
5222
3542
3508
3511
5086
2049
299
291
330
325
2017
2017
1963
1963
1961
1945
5216
5222
5164
5159
5153
5155
3542
3538
5087
290
293
407
2040
2035
2035
2090
1976
1972
1950
3538
3503
2049
325
1961
1961
1967
5107
5109
5167
5159
3538
3508
3517
3500
3503
3503
5086
5087
2049
287
299
291
325
2040
1978
1976
1950
5111
5109
5153
5155
3542
3532
3508
3498
5086
290
290
291
316
2017
2040
2040
2034
2086
1972
5164
3542
3508
3500
3503
2049
280
287
290
325
325
2017
2022
1978
1976
5216
5167
5153
5153
5086
280
299
291
2022
2022
2034
1978
1963
1963
1950
1950
5107
5107
5109
5164
5164
5155
3542
3542
3508
3500
3500
2019
1961
5102
5167
3532
3508
3508
3503
3503
5078
5087
2049
287
290
290
291
291
316
316
325
325
325
2017
2015
2022
2034
1972
1963
1961
1950
1950
5107
5164
5167
5153
5155
5147
3532
5086
287
2022
2022
1978
1978
1950
5109
5109
3542
287
291
325
2015
2015
2022
1973
1963
5102
5107
5107
5109
5164
5167
5153
3542
3532
3508
3508
3491
5086
287
290
275
325
325
2019
1963
1961
1961
1950
3492
3500
3500
3503
5087
287
291
2015
2019
2034
2034
1977
1972
1968
1961
1961
5102
5107
5109
5109
5164
5167
5153
5153
3532
3532
3492
5086
5079
291
316
2015
2015
2022
1977
1963
1961
5107
5109
5147
3542
3532
3508
3491
5078
5087
5046
285
290
275
316
2019
2019
2019
1950
5102
5107
5164
5163
5167
5153
5147
5147
3500
3500
318
1977
1961
5102
5163
5145
3542
3532
3492
3500
5078
5046
285
287
291
291
2015
2015
2022
2010
1968
1950
5107
5109
5145
3532
3500
5079
5087
273
275
318
318
2015
2015
1974
1968
1950
1943
5102
5109
5106
5163
5167
5147
3532
3492
3500
5046
285
315
2019
2010
1973
1968
1961
1950
1943
5107
5163
5132
5147
5126
3532
3492
3492
3494
3500
3491
5054
1947
5046
273
275
315
2015
2009
2010
2010
1974
1977
1977
1968
1950
5100
5109
5106
5163
5145
5145
5147
5126
5054
5079
275
275
315
2015
2001
2001
1974
1973
1968
1914
5100
5163
5132
5147
3525
3492
3494
3491
5054
5043
5043
5043
274
285
318
318
2001
1977
1968
1968
1914
1950
5145
3525
3491
5042
285
275
315
2009
1968
1950
1950
1943
5108
5163
5163
5126
5126
3492
3492
3494
3494
3494
5054
261
275
315
2015
2010
2008
1977
1977
1973
5100
5108
5106
5145
5145
5132
5120
5126
3525
274
273
318
2015
1914
1914
1943
5108
5108
5163
5145
5132
5132
5042
5043
315
2001
1974
1939
1931
1950
5100
5139
5145
5120
3492
3483
3494
5054
5043
274
275
315
311
1993
2009
2010
1974
1939
1912
5132
5126
3494
3491
3476
5043
261
273
268
315
306
311
2015
2008
2008
1940
1914
5108
5144
3525
3525
3492
3476
5054
5054
5042
5042
5041
274
1989
1993
2010
1940
1939
1912
5099
5073
5073
5073
5144
5042
318
1993
2008
2011
1914
1910
1909
1909
5069
5100
5070
5108
5139
5144
5132
5120
5120
3527
3481
261
1993
2009
2011
1939
1939
1914
1910
5108
5073
5144
5132
5120
3525
3525
3525
3483
3481
3494
5049
5060
274
261
261
268
315
306
311
1989
2008
2008
2011
1931
1909
5071
5123
3527
3476
5042
5060
1989
1993
1993
2009
2009
1931
1909
5070
5108
5073
5120
3483
3481
5042
5041
268
268
311
2008
2008
1940
1939
1912
5069
5139
5139
5144
5144
3527
3521
3476
5049
259
259
268
306
1987
2011
2011
1910
1910
1909
1909
5073
5118
5120
3525
3521
3476
3476
5049
5041
261
261
1987
1993
2005
2008
2011
1931
1910
1909
5070
5139
5123
5123
3527
3483
3483
3481
5049
5050
5041
259
261
268
268
306
306
311
311
1993
2005
2005
2008
2006
2011
1939
1935
1928
1910
1909
5073
5118
3521
3483
259
261
2005
2008
1927
5070
5071
5139
5144
5144
5118
3527
3521
3483
3481
3449
5049
5050
259
311
1936
1910
1909
1918
5069
5071
5073
5134
5134
5123
3527
3521
268
306
306
311
1987
1987
1993
1936
1931
1928
1910
5070
5067
5014
3483
3476
4942
5050
259
268
268
2005
2008
1909
5070
5070
5134
5036
5123
5123
5118
3527
3521
3521
3521
3447
3483
3481
5041
5041
259
236
268
2008
2003
2006
1925
1910
1910
1919
5071
5067
5134
5118
5118
5014
3481
3449
4942
259
259
236
311
1993
1993
1992
2005
1936
1935
1910
5070
5020
3527
3447
3481
3449
4942
5055
1811
306
255
1880
1987
1987
2003
1935
5061
5070
5067
5134
5036
5020
5118
5014
3521
258
236
1880
1992
2003
1927
1910
1919
5061
5138
5036
5020
3521
3481
3449
4944
5041
1811
236
237
237
237
268
1992
1992
1936
1925
1910
1919
5134
5013
3521
3447
3447
3451
3451
4942
258
258
255
1884
1936
1935
1935
1925
1921
5070
5067
5020
4942
4942
4944
258
1880
1987
2003
1902
1813
5033
5138
5134
5036
5014
3471
3521
5055
236
237
237
1987
1884
1992
2003
1902
1921
1919
1919
5061
5070
5063
5063
5033
5036
5020
5014
3471
3447
3451
3449
236
255
1880
1992
1992
1936
1935
1824
1925
5031
5020
5013
3471
3471
3447
3440
4942
4939
5055
5055
258
224
237
1880
1987
1992
2003
2003
1903
1827
1925
1813
5058
5031
5013
3451
4944
224
236
237
255
1880
1884
1905
1902
1921
1813
1803
4958
5067
5002
3471
3471
3447
3451
4944
1811
258
237
255
1880
1884
1992
1905
2003
1902
1827
5061
5033
5031
5013
5013
5014
3471
3449
4937
1803
257
1884
1884
1936
1921
1803
1803
1811
5056
4953
5063
5031
5010
3471
3447
3443
3445
3445
3440
3440
4939
224
229
252
255
1884
1992
1822
5010
5002
3471
4944
4937
4943
258
229
255
257
1884
1886
1903
1811
4958
5067
5034
5031
5031
5013
5002
3471
3440
4939
224
257
1884
1884
2003
1894
1902
1822
1925
1804
1813
5058
5063
5033
5035
5010
5010
5013
3471
3445
3445
4943
224
252
1884
1824
1803
5056
4953
5002
3443
3440
4931
1803
227
229
252
252
257
1884
1886
1904
1819
1813
1813
5031
5010
5004
3471
3471
3471
3443
3443
3445
4937
4937
257
1902
1897
1820
1812
4948
4958
5031
3445
3440
4943
4943
1803
223
229
229
257
1872
1904
1824
1813
1803
5056
5058
4951
5024
5013
5002
3443
3445
4939
4931
227
227
229
229
252
1884
1886
1894
1894
1822
1812
1803
1803
4948
4958
4953
5027
5024
5031
5035
5010
5004
3467
4906
252
257
257
257
1872
1897
1804
3467
4937
4943
223
223
1872
1904
1894
1804
1813
5010
5004
4948
5024
5004
5000
3467
3461
3445
3445
3440
4931
229
252
257
1876
1894
1897
1820
1804
227
227
1872
1876
1876
1820
1820
1819
1817
1813
1781
1781
3461
3440
4906
4931
4947
4958
4951
5027
5035
5004
229
246
1868
1876
1897
1803
3461
4937
4937
4948
5023
5035
227
219
1868
1872
1876
1899
1904
1820
1819
1816
1781
223
5000
3467
3434
4948
4948
4952
4951
5024
5024
5010
5023
5023
5004
5000
3434
4937
4947
219
246
1872
1891
1820
1817
223
246
246
1876
1897
1897
1804
3467
3461
3461
3434
4904
4906
4931
4911
4947
4948
5024
1774
220
246
1868
1868
1872
1820
1804
1781
5000
3466
4906
4911
4949
4952
4951
4985
5010
5030
5004
246
1877
1891
1854
1820
1816
1782
5000
5027
5023
5023
5004
1774
219
1868
1872
1876
1877
1899
1796
1796
1781
3466
3461
4906
4911
4947
4949
5023
219
246
1872
1899
1854
1799
3461
3459
3433
4931
4947
4947
5027
4985
5023
1774
220
219
246
1835
1868
1863
1895
1817
1777
1781
5000
4904
4904
4907
4949
4952
4951
5027
1774
1870
1876
1899
1891
1796
1816
1782
1781
4911
4947
4949
4949
4951
5023
5023
5030
5030
5006
220
218
1835
1868
1877
1877
1854
3466
3466
4985
5006
219
1835
1899
1895
1798
1795
1782
1777
1781
1774
4969
3459
4911
4925
4951
4985
5023
5030
5006
220
218
242
1899
1863
1854
1799
1796
1777
3466
3466
3459
3433
3433
4904
4947
4925
4949
4952
4930
5006
1768
218
1835
1835
1870
1877
1841
4969
3466
4907
4985
4985
4994
4992
4971
218
242
1870
1899
1863
1854
1782
1777
1774
1774
3466
3433
4904
4925
4949
4930
4973
1768
1835
1835
1870
1877
1861
1777
1777
5006
3458
3459
4908
4909
4930
4994
4971
1769
218
1895
1855
1796
1798
1795
1782
5006
4908
4909
4930
4985
4994
4992
1768
1877
1841
1841
1863
1855
3459
4899
4930
4930
4994
218
212
1831
1831
1832
1832
1798
1792
1766
1766
5006
3458
3466
3431
4898
4898
4908
4909
4925
4992
4973
4971
213
1832
1861
1856
1798
1792
3459
4898
4899
4909
4909
4926
4949
4930
4930
4985
4989
4971
1768
1769
1831
1877
1863
1768
3458
4908
4930
4985
4989
4994
4992
1769
218
213
212
1832
1852
1855
1795
1766
4840
4899
4908
4930
4930
4989
4971
1768
213
1831
1831
1829
1841
1863
1855
1798
1792
1766
4960
4840
3431
4899
4909
4909
4926
4978
4991
4973
1768
1861
1855
1790
3458
3431
4908
4926
4989
4990
1769
1769
1769
1769
212
1831
1852
1856
1789
1795
1766
1766
4898
4899
4909
4927
4921
4978
4989
4971
1709
1829
1829
1861
1861
1790
1789
1792
4971
4840
3431
4898
4899
4926
4921
4921
4987
4991
213
212
210
1709
1860
1856
1855
1787
1795
4960
4840
4840
4840
3431
4898
4896
4914
4927
4990
4990
4971
1769
1605
1855
1612
1771
4908
4926
4978
4987
4990
1771
1769
1605
210
1709
1709
1829
1829
1711
1860
1852
1855
1790
1792
1766
3431
4737
4899
4896
4989
212
1861
1855
1855
1789
1612
1771
4971
4914
4989
4991
4995
1829
1864
1860
1852
1787
1771
4840
4840
4840
4737
4896
4914
4914
4926
4921
4986
4977
4989
4991
1771
1613
1613
1605
1709
1829
1852
1787
1612
3427
3427
4737
4896
4917
4978
4978
4842
212
210
1852
1846
1855
1790
1787
4842
4840
4896
4870
4990
4990
210
1711
1711
1864
1860
1612
1612
1612
4842
4754
4921
1613
1613
1829
1789
1771
4840
4832
4737
4914
4989
4870
4991
4981
4995
1771
1613
1709
1860
1850
1846
1790
1787
1612
4842
4738
4914
4914
4978
4978
4870
4874
1701
210
210
1709
1864
1853
1787
1771
4842
4839
3427
3427
4833
4737
4917
4921
4977
4981
1602
1607
1711
1860
1850
1843
1844
1787
1612
3427
4921
4974
4977
4981
4995
1701
1709
1850
1853
4832
4738
4733
4754
4757
4974
4981
4981
1602
1701
1711
1711
1711
1860
1853
1784
1602
4874
4839
4754
4974
4997
1607
1626
1622
4874
4738
4982
4982
4870
1607
1701
1702
1702
1702
1743
1864
1850
1850
1850
1843
1626
1624
1609
1602
4842
4839
4839
4833
4833
4832
4738
4754
4754
4757
4874
1699
1699
1711
1846
1844
4733
4754
4974
4977
4977
4981
1602
1701
1708
1699
1853
1622
1609
4874
4874
4830
4833
4757
4975
4975
4974
4870
1701
1753
1737
1843
1626
1622
4839
4738
4748
4977
4982
4886
4997
1607
1607
1701
1702
1743
1743
1850
1622
4837
4833
4734
4733
4754
4752
4981
4886
1601
1603
1699
1743
1850
1732
1731
1626
1624
4874
4830
4819
4748
4975
1697
1699
1738
1626
1609
4837
4833
4833
4819
4748
4862
4977
4874
1699
1743
1743
1743
1737
1732
1734
1622
4873
4830
4734
4732
4748
4757
4757
4859
4869
1609
1603
1697
1706
1754
1738
1737
1609
4837
4886
4886
4883
1609
1688
1699
1699
1626
4830
4837
4828
4734
4748
4851
4863
4869
1601
1603
1688
1697
1699
1743
1754
1738
1738
1719
1609
4873
4837
4824
4862
1603
1732
1734
1622
4779
4819
4732
4749
4862
4869
4883
1693
1699
1743
1743
1738
1725
1725
1731
1622
4837
4828
4749
4851
4851
4873
1699
1732
1734
1719
1618
1609
4873
4779
4779
4824
4734
4821
4745
4745
4748
4851
4862
4886
4883
1601
1691
1603
1741
1754
1738
1730
4837
4826
4732
4863
4886
4883
4883
4873
1694
1698
1699
1699
1741
1725
1725
4779
4779
4824
4749
4749
4862
4859
4886
1601
1603
1741
1754
1738
1715
1719
1614
1601
4823
4851
4886
4883
4883
1741
1725
1731
1730
1719
4732
4745
4745
4863
4873
1603
1691
1647
1741
1754
1754
1751
1734
1618
4779
4779
4824
4821
4749
4846
4863
4886
1599
1691
1691
1698
1699
1679
1745
1725
1719
4871
4745
4749
4851
4859
4882
4882
4886
1691
1694
1647
1725
1719
1614
4779
4826
4822
4823
4845
4849
4883
1694
1679
1741
1745
1721
1721
1715
1616
4779
4821
1691
1725
1614
1614
4747
4846
4882
4886
4886
4876
4876
1614
1599
1599
1694
1647
1679
1745
1686
1726
1715
1614
4799
4779
4769
4823
4821
4821
4725
4745
4747
4845
4857
4856
1691
1647
1745
1745
1751
1726
1721
1715
1658
4779
4769
4857
4879
4883
4876
4871
1691
1679
1679
1745
1721
1715
1616
4799
4769
4725
4745
4845
4845
4846
4849
4856
4882
4876
4871
1594
1594
1632
1715
1715
4871
4747
4846
4879
1647
1745
1745
1684
1726
1726
1616
4769
4882
4882
4876
4871
1594
1642
1632
1694
1679
1679
1745
1751
1686
1727
1715
1658
1616
4799
4769
4822
4822
4771
4821
4725
4747
4845
4845
4879
4879
1647
1679
1657
1594
4871
4799
4799
4856
4879
4879
1632
1632
1679
1745
1658
4769
4769
4771
4725
4845
4846
4848
4856
4879
4871
1642
1679
1745
1686
1616
4876
1594
1638
1638
1745
1684
1751
1723
1715
1715
4799
4799
4799
4774
4771
4725
4747
4857
4856
4814
4809
1632
1646
1646
1727
1657
1655
1616
4795
4799
4769
4769
4747
4788
4846
4817
4879
4814
4809
1642
1632
1646
1646
1679
1677
1684
1723
1657
1715
1616
4769
4747
4815
1592
1679
1677
1657
1655
1616
4799
4765
4771
4845
4817
4815
4814
4809
1646
1677
1677
1677
1684
1686
1686
1723
1655
4774
4771
4725
4727
4845
4848
4848
4814
4795
1592
1642
1632
1632
1679
1679
1684
1727
1657
1656
1591
4774
4771
4725
4848
4815
4814
1592
1632
1664
1677
1686
1686
1655
4799
4765
4765
4761
4892
4809
1632
1646
1727
4795
4799
4791
4785
4727
4845
4788
4817
4817
4814
4809
1642
1638
1664
1684
1727
1657
1657
1655
1591
4795
4765
4771
4725
1592
1632
1632
1646
1664
1677
1684
1684
1723
1656
1591
4795
4795
4764
4727
4727
4848
4892
4815
4809
1628
1638
1664
1677
1686
1762
1655
4795
4791
4765
4765
4848
4815
4814
1628
1632
1664
1756
1656
1655
1591
4791
4765
4761
4727
4788
4817
4815
4809
4809
1632
1634
1660
1660
1664
1684
1764
1762
1656
1591
1592
4795
4791
4761
4785
4727
4783
4817
4815
4814
4809
1628
1629
1634
1677
1677
1684
4795
4765
4764
4785
4727
4727
4788
4890
4892
1664
1674
1684
1762
1727
1551
4765
4764
4815
4809
4809
1684
1762
1655
1591
4791
4890
4892
4805
1592
1628
1629
1629
1634
1660
1664
1762
1760
1551
4795
4791
4791
4764
4761
4785
4785
4817
4805
4809
4795
1592
1660
1670
1676
1677
1764
1764
1656
1591
4795
4764
4761
4727
4783
4788
4890
4805
4807
4809
4795
1629
1660
1664
1674
1764
1756
1657
1650
1551
4765
4727
4788
4817
4806
1628
1525
1629
1629
1634
1634
1670
1664
1670
1676
1677
1650
1551
1591
4793
4791
4765
4764
4764
4677
4781
4890
4888
4817
4805
4807
4807
4807
1628
1516
1660
1674
1760
1650
1591
1590
4793
4764
4727
4727
4783
4805
1660
1677
1590
4806
4793
4791
4658
4657
4761
4785
4805
1628
1670
1674
1674
1760
4791
4727
1592
1527
1634
1670
1676
1676
1674
1585
1586
1756
1650
1650
4658
4677
4720
4781
4888
4806
1546
1546
1558
1660
1670
1670
1764
1590
1590
4793
4793
4658
4765
4677
4720
4781
4683
4683
4890
4890
4888
4895
4805
4807
4806
1525
1525
1516
1516
1634
1558
1676
1674
1674
1551
4720
4781
4807
4793
1546
1670
1676
1585
1756
1590
4793
4690
4658
4655
4677
4807
4707
4806
1525
1516
1670
1557
1674
1763
1760
1581
1650
1551
1590
4657
4657
4655
4805
4807
1546
1527
1527
1670
1676
1676
1674
1585
4658
4677
4781
4683
4890
4895
4805
4793
1525
1585
1586
1590
4688
4690
4690
4658
4658
4651
4655
4720
4781
4717
4888
4895
4705
1525
1527
1558
1756
1650
1551
1541
4655
4667
4720
4683
4707
1546
1546
1516
1670
1670
1676
1674
1546
4793
4690
4690
4781
4679
4807
4807
4705
1525
1670
1576
1676
1571
1763
1550
1548
4657
4667
4720
4681
4717
4895
4702
1558
1571
1763
1586
1581
1551
4658
4655
4720
4717
4895
4707
4688
1536
1525
1525
1527
1557
1557
1763
1586
1541
1546
4651
4655
4667
4702
4702
1546
1525
1527
1554
1576
1576
1571
1581
1548
4690
4658
4672
4679
4681
4714
4707
1533
1516
1558
1554
1576
1585
1550
1548
1548
4688
4649
4681
4702
4707
4707
4705
1554
1557
1571
1763
1541
4688
4655
4667
4679
4717
4707
1525
1520
1576
1585
1586
4651
4649
4667
4667
4667
4672
4720
4717
4714
4716
4702
4705
1536
1517
1516
1516
1527
1554
1557
1576
1763
1581
1550
1550
1548
1548
1548
4688
4688
4685
4649
4679
4702
4707
4705
1533
1554
1571
1581
4685
4651
4714
1576
1571
1581
4705
4685
4651
4649
4646
4667
4679
4681
4716
4707
1536
1554
1576
1576
1763
1585
1548
1548
1536
4688
4681
4717
4717
4702
4702
4707
1536
1557
1557
1571
1763
1763
1585
1550
4685
4646
4667
4667
4672
4679
4681
4681
4707
4705
4688
1536
1533
1517
1520
1520
1554
1554
1582
1581
1548
1541
4688
4651
4649
4646
4705
1567
1544
1550
4685
4651
4667
4672
4705
1533
1517
1554
1554
1567
1580
1548
1541
1541
4688
4688
4649
4717
4711
4716
1536
1520
1562
1581
1548
4685
4651
4667
4672
4707
4707
4705
1533
1508
1567
1567
1763
1563
1563
1582
1548
4645
4649
4646
4681
4681
4717
4702
4702
1541
1533
1454
1520
1520
1508
1567
1571
1544
1538
1541
4688
4639
4685
4651
4649
4646
4605
4613
4681
4705
1474
1454
1554
1554
1567
1580
1544
4667
4672
4711
4716
4693
4698
1491
1508
1567
1538
4672
4645
1474
1533
1554
1580
1544
1548
4621
4587
4585
4605
4663
4613
4711
4711
4693
4693
4693
4698
4645
1541
1456
1567
1567
1562
1562
1563
1563
1482
4639
4621
4649
4605
4663
4613
4675
4675
4693
4645
1475
1454
1508
1563
1544
1548
4639
4639
4621
4651
4663
4694
4645
1454
1491
1508
1562
1582
1482
1538
1479
4584
4663
4711
4698
1474
1491
1582
1538
4585
4613
4711
4693
4698
1454
1456
1491
1482
1538
1479
1474
4639
4621
4587
4605
4675
4694
4693
4693
4645
1474
1491
1491
1508
1567
1473
1544
1544
4621
4585
4605
4663
4675
4698
1475
1454
1567
1562
1562
1511
1473
1482
4584
4663
4613
4711
4693
4698
1508
1538
4639
4621
4587
4585
4605
4675
4694
4693
4645
1474
1454
1473
4585
4694
4639
1474
1454
1456
1487
1491
1567
1506
1511
1482
1482
1538
1538
1479
4587
4585
4602
4693
4698
4645
1475
1454
1508
1497
1497
1506
1473
1538
4621
4621
4621
4663
4613
4675
4711
4693
1512
1506
1473
1473
1471
1538
1474
4639
4587
4584
4584
4594
4605
4602
4694
4640
4643
4639
1454
1491
4584
4588
4663
4613
4602
4645
4645
1454
1454
1497
1466
1538
1474
4617
4588
4663
1474
1463
1454
1449
1491
1497
1512
1506
1473
1471
1484
1538
1460
4618
4617
4587
4629
1463
1487
1460
4580
4588
4602
4602
4634
4634
4642
4640
4643
1454
1497
1506
1511
1473
1466
4584
4594
4602
4640
4618
1474
1450
1466
1462
1460
4617
4617
4588
4591
4602
4634
4618
1458
1463
1497
1512
1506
1511
1484
4618
4588
4591
4642
4643
4629
4629
1463
1450
1450
1487
1512
1471
1466
4580
4597
4640
1512
1512
1511
1466
1460
4617
4580
4591
4597
4602
4643
4618
1458
1463
1450
1449
1487
1497
1511
4618
4618
4617
4619
4588
4588
4634
4629
4629
1512
1506
1473
1462
1462
1460
4597
4602
4600
4642
4640
4629
1497
1497
1512
1512
1484
4594
4591
4643
1463
1450
1449
1449
1512
1466
1460
4617
4617
4619
4580
4602
4600
4642
4642
4629
1487
1487
1497
1447
1469
1462
1458
4619
4594
4588
4602
4643
4573
1450
1512
1506
1448
1448
1466
1458
4618
4619
4619
4594
4591
4596
4596
4642
4643
4629
1463
1484
1466
1410
4591
4632
1450
1487
1497
1501
1447
1499
1448
4617
4619
4588
4546
4598
4600
4632
4632
4618
1407
1463
1449
1449
1487
1501
1411
1410
1458
4554
4619
4580
4594
4596
4598
4642
4573
4618
1388
1448
1410
4571
4594
4543
4632
1405
1420
1449
1440
1501
1447
1448
1469
1410
4554
4594
4538
4546
4632
4573
4571
1407
1388
1449
1423
1501
4554
4594
4546
4600
4632
1440
1412
1410
4594
4546
4546
4596
4632
1405
1388
1420
1420
1420
1440
1440
1501
1501
1447
1412
1412
1410
4554
4553
4580
4594
4538
4630
4632
4573
1405
1499
1411
1407
4554
4546
4596
4535
4535
4632
4571
1501
1447
1499
1469
4571
4553
4596
4543
4630
4573
4571
1405
1405
1388
1499
4546
4596
1420
1423
1440
1501
1501
1447
1410
1410
1407
4554
4519
4536
4536
4538
4596
4543
4573
1388
1420
1423
1404
1412
4553
4553
4535
4630
4632
4632
1407
1405
1405
1420
1445
1469
1413
1412
1407
4553
4546
4535
4573
4571
1420
1423
1440
1501
1412
4519
4536
4546
4632
1405
1388
1423
1440
1445
1499
1403
1410
1400
4550
4550
4538
4533
4543
4534
4632
4632
4573
4571
1420
1423
1423
1440
1445
1447
1404
4571
4519
4536
4538
4630
4630
4632
1407
1391
1392
1440
1445
1445
1413
4550
4553
4572
1388
1412
1400
4571
4551
4522
4533
4572
1391
1417
1423
1428
1440
1396
1402
4550
4550
4553
4532
4533
4533
4534
4535
1391
1392
1417
1428
1445
1413
1400
4523
4522
4522
4533
4533
4567
4567
4569
1392
1416
1445
1436
1443
1397
1400
4559
4550
4544
4567
4567
4569
1417
1413
1402
4551
4551
4532
4533
4534
4535
4567
4572
1391
1392
1417
1428
1445
4550
4567
4567
1392
1417
1416
1428
1413
1400
4523
4522
4522
4533
4544
4534
4569
4559
1400
1417
1445
1381
1436
1402
1400
4559
4503
4533
4544
4544
1428
1397
1396
1396
4559
4523
4452
4452
4567
4567
4569
1392
1387
1387
1417
1416
1445
1445
4551
4551
4533
4528
4567
4505
4559
1400
1417
1373
1373
1436
1395
1325
4503
4551
4450
4456
4567
4567
1319
1325
4559
4430
4533
4528
4564
4567
4567
4504
1299
1387
1353
1428
1374
1381
1395
1325
4503
4548
4452
4533
4565
4504
1321
1374
1374
1379
1397
1397
1396
4505
4452
4533
4528
4530
4512
4565
4565
1299
1347
1354
1373
1373
1379
1395
1325
4559
4503
4548
4450
4452
4456
1299
1347
1353
1395
1325
4503
4431
4533
4528
4564
4512
1321
1299
1347
1353
1374
1397
1325
4504
4503
4548
4430
4452
4533
4528
4530
4512
4565
1321
1354
1373
1374
1374
1381
1379
4548
4431
4456
4528
4565
1299
1347
1313
4504
4450
4456
4444
4530
4512
1321
1347
1354
1353
1353
1373
1379
1395
1313
4482
4427
4452
4452
4512
4565
4505
4505
1352
1374
1313
1321
4456
4443
4443
4530
4564
4565
4504
1321
1296
1348
1373
1378
1375
4505
4514
4503
4548
4548
4528
4565
1311
1317
1316
1347
1349
1352
1374
1376
4548
4450
4448
4456
4528
4530
4512
4506
4505
1384
1375
1311
1311
4431
4447
4530
4506
1349
1348
1348
1351
1315
4515
4482
4427
4448
4448
4443
4507
4506
4509
1296
1296
1352
1352
1378
1313
1311
1311
4481
4481
4449
4444
4444
4507
4509
4515
1296
1296
1349
1348
1352
1378
1376
1376
1311
4482
4482
4427
4448
4449
4443
4506
1296
1375
1315
1313
4482
4480
4447
4448
4448
4457
4515
1349
1348
1384
1375
1313
1306
1318
4498
4448
4507
4507
4515
4515
1296
1349
1336
1351
1339
1378
1306
4482
4481
4448
4444
4507
4506
1296
1351
1375
1306
4480
4447
4433
4449
4443
4507
1349
1339
1339
1384
1378
1376
1310
1312
1318
4470
4480
4428
4443
4457
4457
4487
4506
4509
4515
1349
1333
1336
1384
1376
1306
4470
4469
4443
4498
1296
1339
1370
1370
1358
1318
4469
4437
4457
4501
4502
1198
1333
1346
1339
1358
1376
1356
1310
1306
4470
4469
4465
4461
4448
4442
4502
4502
4498
4498
1336
1346
1339
1370
1312
1312
1306
1306
4470
4461
4428
4433
4442
4445
4487
4487
4489
4501
1198
1198
1297
1349
1333
1336
1346
1339
1384
1358
4470
4433
4433
4437
4442
4442
4489
4502
4498
1333
1331
1339
1339
1364
4470
4469
4465
4465
4428
4428
4433
4437
4489
4502
1336
1342
1345
1368
1356
1356
1214
1306
1306
1306
4473
4433
4433
4487
4489
4498
1198
1297
1297
1333
1331
1342
1358
1312
4470
4459
4428
4433
4445
4501
4498
4498
4498
1342
1273
1355
1308
4465
4428
4433
4437
4439
4445
4489
4501
1297
1328
1328
1331
1331
1345
1278
1368
1273
1355
4474
4370
4473
4466
4437
4442
4445
4400
4404
4404
1209
1294
1333
1341
1342
1342
1339
1357
1214
1308
1306
4466
4428
4425
4437
4445
4489
4496
4498
1209
1297
208
1364
1357
4494
4328
4425
4435
4439
4490
4496
4496
1210
1196
1331
1345
1273
1308
1308
3425
3424
4459
4459
4425
4488
1210
1196
168
208
1341
1341
1278
1364
1273
1273
1357
1214
1308
4472
3425
4459
4437
4435
4439
4439
4440
4400
4404
1294
168
1239
1345
1345
1355
4474
4472
3424
3424
4459
4400
4404
4490
4496
4496
4494
1209
1294
1328
1341
1278
1279
1308
4496
4494
4494
4370
4320
4328
4425
4435
4439
4488
1209
168
168
168
1341
1345
1278
1364
1355
1214
1210
3424
3379
4435
4439
4440
4404
1210
168
177
1239
1279
1274
1308
4496
4496
4494
4376
4370
4370
4472
3386
3383
4328
4425
4340
4439
4439
4440
4404
4404
1209
1189
1196
1196
165
170
170
1345
1278
1279
1274
1268
1308
3424
4340
4439
4399
4402
1210
1208
1189
153
158
1237
1245
1275
1355
1270
1213
4496
4496
4494
4376
4370
3394
3426
3375
3379
4322
4425
4439
4439
4399
4402
4404
1208
1294
153
155
1245
1270
1213
1213
4368
3392
3379
4339
4340
4341
4439
4344
4402
4404
1191
168
159
177
175
1237
1245
1275
1274
1266
1270
4410
4375
4370
3375
3375
3383
3383
4320
4439
4402
154
155
1289
1245
1275
1279
1272
1268
4410
4372
3426
3375
4425
4439
4344
1202
1208
1207
1189
1189
1191
165
154
174
203
1286
1286
1213
3416
3374
3379
4322
4341
4439
4402
4395
4368
1202
1208
153
125
125
159
1289
1245
1272
1213
4375
4372
4368
3420
3391
3388
3372
3371
3383
4320
4339
4333
4399
4399
4399
124
159
159
174
201
203
203
1241
1277
1264
1270
1281
1213
1213
153
3391
3371
3379
3380
4322
4320
4341
4333
4372
4372
4421
3414
3408
1207
1194
1189
165
3276
3312
3277
3277
146
146
174
201
196
203
203
1288
1286
1286
1241
1275
1277
1266
1281
3403
3363
3363
3388
3388
3388
3388
3341
3374
4341
4343
4344
4399
4399
4405
4410
4408
4373
4421
3414
201
200
196
196
1276
1213
1202
1191
153
115
124
3422
3363
3363
6407
3340
3368
3380
4338
4339
4333
4399
4395
4408
3414
3403
1200
1207
1194
1189
1191
1191
165
115
115
3311
3307
3307
179
203
1288
1286
1286
1286
1259
1264
1281
1213
3388
3332
3368
3383
4321
4320
4331
4343
4343
4395
4405
4408
4372
4372
4421
3414
3414
3408
3407
3403
1200
115
3276
3311
3307
3302
3302
3301
3301
186
200
203
198
1241
1276
1277
1261
1264
1206
6437
6437
6440
6406
3332
4338
4335
4395
4372
4372
3414
3422
4373
3414
3422
3405
3405
6419
153
3293
3307
3304
3302
179
179
190
196
1288
1284
1284
1259
1266
1281
1281
1206
1206
6438
6437
6437
6441
3332
4321
4338
4399
4399
4397
3405
3407
6419
1200
1200
1236
136
128
115
3279
3308
3308
200
196
188
194
1241
1261
6441
6406
3334
3331
3368
3380
3380
4352
4352
4331
4335
4343
4343
4395
4408
4365
4372
4418
3414
1200
1194
3291
3287
3285
189
1283
1283
1241
1259
1259
1261
1261
1256
1256
3411
3406
3406
6413
6413
6411
6427
6429
6406
3332
3380
4331
4343
4412
4412
4388
4408
4416
4416
3405
6441
6428
3333
3377
4349
115
3279
3307
3302
3296
3290
3285
189
187
188
1283
1285
1257
1257
1206
1206
4353
4330
4335
4335
4362
4372
4418
3414
3405
3404
1200
1221
6413
6405
6438
6429
3336
3333
3356
136
128
3297
3275
3291
3289
3283
3285
3285
190
1284
1284
1259
1261
4352
4335
4388
4362
3411
6415
6415
1220
114
3293
3290
187
188
194
1283
1241
1231
1259
6413
6411
3380
4353
4412
4372
4416
4418
4418
3412
3412
3405
3404
1199
1220
6414
6405
6406
3336
3344
3377
127
116
3279
3274
3294
3297
3296
187
1252
1252
1254
1203
4387
4388
3405
6411
6405
1200
1200
3299
3318
3754
6040
2891
2962
2961
1947
1803
4220
4244
4203
4207
4207
4203
4203
5676
5735
5733
5691
5675
5688
5675
5688
5703
5704
5689
5703
5691
5674
5704
5675
5731
5706
5675
5675
5708
5707
5688
5710
5710
5698
5690
1112
6007
2851
6096
5981
6052
6052
6048
6021
6043
6028
6048
6023
6080
6058
2890
2973
1101
2077
1101
5212
5206
2067
2067
5212
5206
5206
5206
5206
5206
1102
5206
4505
1306
1198
168
6336
6333
6333
6332
4292
6403
6333
4305
110
4301
4303
4303
110
4303
110
6403
6403
3180
3178
3178
3179
4202
4210
4205
4205
4207
4207
4194
978
4197
4204
4204
4204
4204
4204
4136
4077
2448
2550
2567
2542
2594
2550
2565
2543
2594
2594
2557
2550
2594
2448
2448
2575
2567
2549
6094
6077
6086
6089
6089
6142
6145
6152
6153
6093
6080
6056
6056
6114
6056
6034
6114
6059
6046
6046
6059
6064
6035
6080
6064
6070
2897
2910
2910
2923
2914
6142
3010
2909
2985
2984
2984
2930
2961
2959
3025
2966
2937
2952
2966
2962
3013
3013
3007
3006
3013
3010
3005
3008
2956
2967
3022
2967
2914
2920
2932
2932
2928
3005
2985
2963
2967
2964
3004
2931
2949
3004
2961
2950
352
338
1
348
352
5069
5060
280
1918
259
5099
5099
5111
1943
5046
1923
1945
5056
5057
1945
1811
5069
1945
1923
1947
5041
5057
1950
5102
1945
1923
5069
5046
1950
5046
1199
1225
1218
192
143
3318
3282
3284
188
3295
192
184
1252
1225
1201
1253
144
1203
1253
1283
119
116
1284
135
1226
1248
1224
1285
194
1222
127
127
3274
187
183
1228
3295
134
149
187
159
201
186
186
146
3301
3307
3277
4403
4411
4411
3414
3408
3408
3410
4415
4364
3363
3403
6449
6437
6431
6411
6412
6428
6405
3346
4367
4352
4358
4387
6425
6405
6411
3406
3404
3416
3403
6407
6419
6411
4385
4355
6431
3408
4403
6405
3397
3354
4362
4332
4359
3396
4411
4411
4415
3360
3354
4393
4395
4348
3359
4388
3365
4381
3409
6410
3409
4397
3359
3410
6410
3348
3398
4356
3401
4336
4391
4392
4389
4356
3725
3725
3725
3721
3766
3757
4141
